75 4
0
0
1 12 156 12
2 21 99 615
3 37 54 -71
4 39 141 -243
5 65 200 465
6 69 109 723
7 70 25 170
8 77 169 77
9 89 124 1081
10 103 43 189
11 108 66 636
12 108 120 828
13 119 141 -163
14 121 190 501
15 129 134 397
16 132 178 -224
17 137 129 653
18 141 25 291
19 146 83 478
20 155 158 -161
21 156 119 870
22 160 59 632
23 172 15 142
24 174 3 198
25 177 85 517
26 179 83 677
27 179 61 301
28 182 161 826
29 183 198 975
30 207 138 483
31 211 81 211
32 224 154 840
33 236 21 278
34 238 29 238
35 238 150 538
36 239 19 315
37 240 109 676
38 251 125 1001
39 259 69 259
40 266 113 266
41 273 79 273
42 277 33 211
43 326 60 446
44 327 190 1087
45 331 140 891
46 353 92 169
47 397 89 753
48 410 117 410
49 420 15 510
50 423 52 423
51 436 141 718
52 459 76 1067
53 488 162 164
54 489 181 851
55 513 22 557
56 535 11 557
57 539 42 707
58 541 104 541
59 563 138 839
60 568 23 522
61 588 144 876
62 595 125 345
63 595 179 953
64 608 26 556
65 621 184 621
66 621 94 809
67 624 40 704
68 634 7 620
69 646 30 586
70 649 96 1417
71 658 186 1774
72 674 177 1736
73 683 44 771
74 722 165 392
75 744 74 744
134 147 124 179 6 176 198 125 143 41 120 25 75 158 130 135 65 72 193 44 141 66 148 126 43 23 127 182 9 48 33 101 197 71 91 16 19 25 161 9 182 98 156 14 151 193 176 10 121 60 77 25 122 133 23 116 6 80 173 190 62 160 121 161 83 78 45 85 179 187 187 168 174 148 76 
70 138 105 190 114 52 119 55 96 29 81 35 193 132 59 144 155 102 3 166 61 14 167 68 171 33 42 91 172 180 79 155 86 25 13 83 91 69 134 7 145 195 22 181 93 182 124 158 38 99 151 22 187 162 140 97 76 45 190 163 160 53 138 128 73 149 53 64 41 80 53 40 9 104 51 
78 91 82 133 26 72 48 84 104 100 188 121 73 56 181 5 189 155 105 119 26 157 6 114 135 76 51 121 3 108 123 82 138 62 131 51 102 7 170 46 120 126 88 182 89 49 95 184 132 32 89 175 121 193 160 101 150 100 82 107 121 199 177 136 41 8 56 56 90 179 152 177 37 192 174 
168 54 97 50 164 50 114 58 187 27 34 128 94 46 136 195 22 61 96 95 187 20 112 157 105 179 35 90 33 33 153 55 82 19 138 164 153 185 72 166 149 35 190 153 163 130 33 162 33 32 89 102 166 163 154 34 144 122 79 91 120 113 37 182 54 183 168 28 38 64 77 165 117 170 146 
43 2 152 111 178 69 63 113 21 3 7 103 176 126 28 187 189 59 87 63 111 1 46 72 186 104 158 172 183 151 106 70 136 78 163 170 163 192 193 117 32 59 188 176 79 27 130 124 23 30 190 7 156 117 77 134 173 97 140 107 69 5 50 157 69 129 191 84 102 43 151 21 43 60 172 
167 6 125 53 140 109 193 112 186 197 157 49 195 65 79 104 6 15 133 20 85 146 65 91 141 61 38 36 189 185 150 39 1 109 38 55 138 110 54 141 177 133 114 102 6 135 148 147 147 60 104 146 178 171 121 55 68 140 157 64 109 174 100 17 198 160 121 167 53 173 45 190 148 196 37 
110 190 124 89 132 112 161 144 23 124 90 119 48 76 200 41 84 54 87 57 20 127 19 161 119 193 100 200 10 156 193 117 33 42 76 164 165 49 88 25 182 33 10 120 196 138 135 84 187 142 89 18 162 169 61 142 57 76 198 146 54 48 55 105 104 34 68 22 150 73 3 41 190 190 102 
102 138 1 169 179 32 191 64 118 35 16 31 148 49 108 26 18 155 154 78 62 34 51 124 110 175 135 145 113 69 145 165 148 120 52 149 126 50 1 65 141 151 161 179 71 78 25 128 95 132 102 144 183 122 8 172 52 112 185 43 108 6 47 155 37 199 67 1 184 104 3 65 88 123 163 
14 61 2 23 130 49 22 126 138 112 62 126 162 132 125 75 42 142 161 53 43 189 197 177 39 163 94 128 188 81 125 167 102 131 39 62 128 97 99 11 104 126 61 111 160 168 53 11 146 158 43 197 181 152 38 13 141 84 59 176 43 118 77 111 198 194 80 37 165 76 57 119 186 111 67 
70 64 7 118 89 65 69 56 63 189 127 56 32 42 83 172 107 35 170 68 147 176 71 73 78 26 84 118 166 197 118 89 176 44 34 37 150 153 66 195 188 103 44 100 51 87 120 175 166 87 163 90 145 152 51 191 131 200 198 57 103 21 184 103 188 10 72 31 59 36 74 150 113 8 151 
70 48 189 61 33 168 188 34 132 144 83 83 121 9 79 186 174 94 73 27 189 155 169 138 2 117 48 23 184 84 63 10 191 112 7 192 97 34 160 128 156 99 183 182 65 24 138 171 18 98 56 77 47 41 123 143 118 4 27 123 140 176 195 170 107 59 62 45 77 87 148 128 34 119 192 
188 23 158 37 193 90 27 6 21 178 35 152 150 27 137 124 73 143 1 43 92 6 83 184 137 43 46 197 166 23 154 14 158 98 181 124 10 197 171 112 192 90 38 14 139 159 135 77 27 16 52 105 65 109 87 99 38 59 105 93 191 115 101 188 196 119 146 146 66 151 192 21 118 119 57 
157 102 12 104 65 191 144 116 138 103 157 87 119 187 4 15 59 79 161 185 120 198 46 104 167 24 157 159 146 18 105 58 140 122 40 150 70 166 145 166 157 156 115 144 49 29 113 18 104 116 49 182 104 165 143 122 4 42 169 32 103 188 142 173 8 132 134 111 48 66 72 64 97 152 177 
161 71 160 35 63 71 141 143 176 114 166 156 102 128 17 76 7 177 189 18 37 85 48 23 42 89 94 118 85 162 22 97 44 37 194 165 54 193 137 75 10 19 189 62 39 130 193 174 95 167 165 147 76 33 35 114 112 3 36 175 63 182 184 58 18 110 147 145 133 80 199 187 107 74 129 
9 155 76 17 32 119 132 100 163 88 52 130 35 72 80 181 128 57 81 108 166 83 142 84 54 105 35 143 111 155 110 17 34 182 129 159 46 69 13 103 195 112 193 83 74 174 51 54 29 49 110 135 118 99 163 178 162 189 49 123 4 142 180 30 64 125 159 165 116 85 31 62 56 41 87 
139 78 142 43 21 73 174 151 180 72 126 44 124 28 97 180 107 67 194 162 37 103 80 67 69 127 66 39 116 116 167 111 24 4 153 167 11 74 63 33 22 37 7 103 85 134 21 37 116 198 30 167 107 109 14 111 196 15 99 150 83 71 3 1 4 110 35 107 192 141 151 92 177 39 94 
8 25 176 170 51 39 34 39 157 139 148 60 6 7 31 27 142 115 139 127 140 37 19 126 169 34 89 50 196 60 94 111 120 145 26 72 39 163 193 147 71 114 100 63 13 19 16 109 180 76 178 72 179 13 108 134 115 44 158 77 76 108 37 197 70 118 185 118 135 19 115 125 29 155 123 
106 67 130 64 109 124 100 147 6 169 122 114 154 188 57 83 83 96 194 180 11 168 182 80 38 94 125 197 30 132 177 47 73 180 141 9 179 200 67 65 79 188 97 59 153 145 171 22 120 22 57 1 192 137 159 186 184 124 128 33 5 136 61 161 171 18 50 30 15 53 14 139 46 46 56 
191 69 174 161 9 73 96 95 42 86 38 134 78 55 86 132 161 68 87 125 30 182 162 191 128 68 82 132 190 74 151 163 144 18 42 81 3 166 15 149 131 42 2 193 164 191 175 68 17 56 72 25 154 105 80 35 1 116 99 3 111 7 139 76 102 152 131 1 34 121 114 93 137 10 87 
124 60 186 117 19 121 63 130 45 27 30 78 66 93 81 186 123 172 28 64 142 189 199 135 3 120 127 7 26 156 41 6 143 139 145 80 154 43 162 129 63 5 21 154 144 179 78 29 142 85 64 170 64 133 7 47 12 200 85 148 17 50 190 22 37 8 50 83 5 119 75 162 162 194 73 
92 60 37 133 8 31 46 9 130 166 43 173 37 49 177 127 12 112 65 59 106 189 195 124 54 180 72 179 192 10 96 57 114 99 165 38 182 155 142 56 35 28 61 55 81 141 7 101 108 83 75 171 91 15 13 84 30 38 189 150 131 124 165 29 169 147 87 49 174 199 96 182 157 105 129 
153 96 81 37 28 14 136 42 9 57 136 13 117 95 75 138 39 111 175 84 180 22 112 168 190 171 10 34 119 154 93 23 188 100 200 160 138 193 106 144 107 123 148 180 177 133 102 77 2 122 84 64 14 174 178 71 130 120 57 24 114 66 154 37 108 132 129 143 143 9 65 71 111 77 103 
164 19 159 90 108 34 157 136 146 2 54 105 65 134 49 162 48 2 183 5 165 81 118 46 44 144 101 25 18 183 141 145 107 184 84 48 54 41 127 197 79 48 172 13 101 142 166 142 162 55 123 6 9 111 138 42 69 135 146 150 86 36 21 160 123 138 188 85 74 52 37 80 82 68 62 
163 184 138 36 34 20 156 158 126 78 19 125 46 136 167 89 151 170 113 148 105 26 158 62 193 80 2 124 60 75 102 5 1 198 78 141 126 136 112 195 194 4 156 142 65 107 124 45 197 79 98 10 43 75 57 24 134 148 29 119 23 86 38 27 161 159 35 151 66 41 48 194 142 190 109 
96 26 89 96 92 67 135 26 159 48 119 24 74 63 131 14 184 199 150 69 63 153 115 156 184 20 105 76 106 83 134 148 106 103 181 134 35 186 89 182 162 74 196 20 125 104 44 37 13 168 113 140 159 33 65 72 185 126 198 29 45 191 27 155 173 59 21 116 138 151 9 132 163 78 67 
53 86 180 78 113 100 190 66 196 33 74 151 181 14 154 101 145 99 117 33 122 96 27 156 19 130 6 130 100 55 47 93 73 190 70 167 59 172 178 168 152 107 193 6 19 97 154 163 148 181 46 155 68 36 53 57 173 164 46 169 73 42 12 10 152 64 81 47 96 49 144 196 12 168 134 
93 45 136 48 102 134 49 3 87 109 45 87 155 33 141 117 106 18 141 81 66 180 144 130 35 62 106 49 139 18 94 86 33 160 158 7 140 14 45 190 187 164 11 9 49 9 30 58 140 6 141 171 31 128 95 11 147 189 25 156 131 80 133 45 182 193 190 148 88 111 176 134 135 159 15 
101 179 27 127 147 39 61 103 110 194 112 66 39 171 55 150 68 25 194 175 138 25 140 108 189 112 81 188 32 138 86 24 35 115 108 50 61 42 82 45 158 86 198 43 189 193 117 86 175 179 123 178 8 116 124 155 99 162 152 183 23 101 195 149 79 3 132 48 131 165 152 49 62 35 149 
8 40 194 38 91 148 91 111 19 43 15 15 164 24 174 76 36 33 18 53 33 106 102 112 98 134 6 68 144 79 95 46 86 78 99 5 128 34 29 164 158 77 13 81 42 163 179 34 11 129 163 110 189 69 67 52 106 196 40 41 19 127 8 35 18 4 125 200 39 157 93 147 14 99 3 
74 124 80 88 75 62 110 8 123 99 154 166 124 196 13 110 148 153 134 190 160 167 117 34 63 69 77 92 22 29 91 32 196 3 71 18 42 185 87 182 200 78 87 35 57 62 5 29 136 13 118 28 47 191 98 101 38 173 69 56 190 160 184 36 98 9 13 64 18 79 94 139 94 81 185 
5 79 197 169 24 133 73 81 158 192 54 163 131 192 42 86 57 46 50 138 97 158 31 168 192 107 71 21 16 41 87 85 95 83 25 90 55 172 111 190 200 28 130 27 141 54 91 145 49 99 24 167 102 15 12 161 190 124 101 196 77 155 132 164 196 62 34 130 34 62 131 162 14 6 74 
172 160 139 16 54 48 99 129 143 68 58 150 139 33 159 134 41 126 14 118 33 186 157 142 184 182 49 41 175 200 29 125 80 5 105 170 15 172 185 74 34 33 60 69 149 25 180 46 58 143 108 35 56 58 118 15 53 21 147 182 73 180 85 114 65 105 84 139 68 62 171 92 92 120 11 
50 21 198 103 95 144 53 40 40 110 189 133 4 31 62 168 162 32 59 18 73 56 126 33 105 8 104 191 37 165 159 108 171 169 23 1 153 174 67 197 81 166 61 129 46 60 156 134 43 24 88 161 163 16 44 13 177 176 146 38 146 139 30 33 177 152 37 17 36 17 82 105 73 5 140 
119 185 99 119 56 104 169 182 45 38 3 182 4 98 103 172 55 130 126 158 91 67 100 111 56 128 37 113 56 18 192 140 115 156 162 33 47 61 134 5 50 30 187 58 131 101 82 157 161 10 41 40 65 176 164 119 172 47 82 110 136 110 167 155 95 165 51 186 21 146 110 82 165 7 33 
172 12 89 50 101 147 198 89 126 29 79 150 75 129 110 192 126 68 69 77 125 180 97 62 96 196 158 136 138 65 104 105 14 117 189 122 199 158 119 166 115 126 50 144 147 192 37 21 30 43 193 176 66 37 192 183 182 113 103 90 9 182 69 141 64 14 197 198 21 62 161 73 185 159 108 
153 141 22 21 62 112 3 136 32 104 115 48 93 115 167 138 119 170 8 156 71 109 151 25 126 30 4 189 160 55 116 169 193 70 91 87 172 60 50 103 122 158 48 196 41 74 63 97 183 28 93 133 200 165 97 191 63 187 125 190 127 164 20 148 45 14 21 35 2 122 197 162 175 8 143 
107 107 198 137 30 7 140 85 119 85 108 27 77 134 150 56 19 51 32 196 101 94 15 149 150 71 101 26 90 142 79 31 67 195 131 10 170 134 87 56 136 122 106 138 99 104 130 133 155 195 70 39 29 160 124 59 19 8 172 63 91 2 22 31 106 200 140 138 101 154 117 1 95 89 155 
87 22 6 55 84 95 82 41 69 64 74 192 26 97 133 57 170 148 40 123 196 119 146 47 199 44 98 130 37 127 98 89 26 193 184 159 156 24 122 28 15 18 195 94 66 67 173 121 187 96 153 147 47 71 18 23 118 42 196 47 29 149 157 26 103 25 23 168 125 180 168 127 78 168 180 
171 64 81 47 41 49 18 86 66 143 71 38 96 71 168 48 193 58 42 108 5 170 197 139 147 185 68 130 68 41 131 9 177 43 133 177 87 57 53 41 21 151 199 48 198 136 17 160 54 67 85 49 150 173 110 128 80 25 200 176 60 144 162 160 51 48 178 195 129 56 41 75 125 101 133 
187 28 112 147 5 128 75 124 102 103 106 165 196 175 61 129 63 155 111 194 104 99 41 137 120 51 171 9 186 195 143 65 172 155 96 63 17 80 177 36 43 82 159 8 83 107 177 164 23 100 182 128 96 190 67 51 27 87 192 130 166 138 182 185 52 117 94 137 123 5 191 58 25 198 51 
134 180 109 17 97 37 75 62 161 27 74 20 72 15 177 119 53 157 21 18 24 105 75 7 89 136 113 116 89 67 4 106 139 142 166 90 120 12 26 134 127 145 23 76 75 45 44 111 63 27 117 80 160 152 17 190 39 183 41 145 105 62 140 199 196 138 61 84 94 158 31 82 58 10 121 
178 127 143 85 61 195 38 150 181 110 136 123 144 191 3 109 159 136 69 147 73 14 164 73 41 104 167 150 20 103 68 139 108 199 129 108 39 48 182 77 188 68 48 188 35 120 196 147 176 153 126 53 142 188 10 46 78 192 12 81 17 150 91 85 109 162 146 121 111 18 15 52 128 191 51 
112 3 18 78 27 199 186 40 167 33 143 173 100 55 69 128 48 140 149 31 2 91 94 28 179 154 163 171 162 79 15 76 67 93 89 29 62 198 196 27 76 155 124 172 52 95 30 143 91 9 123 31 14 180 137 128 89 44 71 44 167 1 12 82 118 150 52 155 197 176 99 70 150 200 188 
198 47 164 32 38 14 116 79 147 114 57 149 142 84 92 173 176 114 39 50 159 99 144 135 29 2 138 3 101 6 148 95 30 174 155 34 63 122 67 73 152 167 82 194 125 157 40 138 153 129 20 53 142 71 69 108 62 22 120 116 94 186 2 57 63 170 172 5 17 195 54 166 51 193 54 
45 161 90 118 116 121 157 46 87 166 170 42 47 198 124 75 13 162 147 21 49 125 128 63 51 91 122 150 157 24 11 84 37 90 104 20 84 73 70 200 21 158 57 36 8 185 109 199 165 180 103 64 83 140 134 113 80 164 121 14 7 75 168 128 160 184 55 77 12 121 138 110 75 36 68 
175 83 152 85 38 4 118 117 127 157 18 167 11 26 7 47 28 154 158 88 13 77 131 116 50 16 48 59 61 49 83 174 13 144 189 110 4 123 13 69 100 152 47 128 133 71 140 200 41 101 179 49 45 66 25 119 12 22 54 93 7 59 184 128 178 127 100 18 66 183 197 133 147 25 109 
114 126 89 58 45 17 148 47 184 11 96 191 194 105 111 30 164 99 92 45 195 56 144 68 48 199 79 14 9 69 110 178 131 146 72 44 200 72 47 146 85 74 153 111 101 121 88 57 5 28 170 146 114 152 179 167 136 36 134 111 16 122 123 186 63 1 184 188 47 115 5 169 80 175 33 
178 170 65 66 93 5 26 17 49 7 145 125 31 116 13 150 118 18 85 66 107 88 47 116 86 78 182 129 110 161 148 181 83 49 44 138 119 185 56 80 114 7 127 119 165 35 38 199 37 4 156 149 104 144 31 189 192 50 138 184 148 102 40 123 31 62 155 161 154 62 178 156 128 196 188 
55 96 139 17 2 21 68 99 55 177 193 82 24 196 36 24 144 12 91 2 16 37 103 114 151 57 119 23 85 106 55 108 100 46 88 177 152 13 117 150 197 44 134 131 86 138 78 110 99 152 118 77 143 84 111 197 82 51 82 64 84 126 78 158 13 164 112 115 159 87 199 45 20 48 6 
89 94 99 187 32 87 65 123 182 44 107 159 63 92 150 124 21 142 99 21 11 72 88 67 182 55 34 51 32 194 102 120 95 62 109 20 15 94 173 54 189 48 143 26 79 174 146 154 26 119 42 159 83 68 154 121 95 14 100 117 120 158 37 171 137 95 148 190 172 120 123 108 8 90 149 
200 145 151 14 164 23 73 129 95 20 174 56 67 66 72 37 159 157 58 71 9 4 63 106 110 78 130 56 180 113 121 183 97 36 107 23 6 188 81 94 75 100 21 200 200 27 55 94 192 91 44 61 55 177 158 175 175 186 163 161 179 128 5 68 179 100 84 47 147 115 161 107 148 51 60 
197 14 198 11 82 83 1 76 125 110 40 26 108 174 116 146 36 170 179 161 159 34 101 114 192 138 32 130 66 34 14 180 133 176 121 181 29 92 104 152 113 3 134 54 24 175 107 100 106 47 122 157 168 38 104 108 97 34 12 81 126 160 138 92 152 157 21 69 181 130 171 121 158 180 35 
182 74 48 138 7 106 46 2 101 86 178 128 4 24 86 41 98 4 107 56 42 167 14 64 76 28 95 164 41 169 38 5 184 112 192 117 4 138 139 107 86 125 54 65 182 187 66 192 191 160 66 121 85 119 49 149 77 186 44 68 168 37 146 34 7 45 153 132 193 46 46 30 154 45 104 
1 61 34 66 183 58 47 47 56 145 166 6 10 45 100 182 103 42 130 111 121 56 154 117 46 129 56 63 89 65 110 99 118 160 159 7 120 183 83 163 65 124 42 20 126 147 76 36 82 175 87 3 150 172 46 115 186 177 119 124 152 54 14 69 183 172 84 136 43 33 170 165 14 83 146 
175 137 99 106 165 13 98 90 113 98 157 6 44 70 91 198 64 195 133 16 90 141 121 67 21 166 185 27 106 21 91 82 179 48 195 6 93 129 152 38 51 149 46 38 7 16 68 132 67 135 55 169 190 11 186 84 67 193 33 108 57 161 118 160 78 172 78 164 199 64 74 93 79 100 160 
111 191 44 29 192 66 197 2 129 163 72 12 186 79 142 32 19 8 25 18 199 22 154 197 13 11 56 96 48 117 109 113 174 8 130 79 124 174 173 123 82 176 167 188 17 21 183 115 196 31 97 105 64 181 16 22 161 34 14 27 85 14 97 9 130 85 66 185 101 193 81 93 88 70 35 
145 25 36 143 184 132 4 121 52 124 36 24 183 96 41 160 94 4 99 126 139 86 59 194 171 125 149 143 151 135 79 104 35 13 154 16 26 91 179 176 25 54 86 121 175 49 144 83 34 164 86 113 73 159 170 59 17 84 155 21 172 137 88 153 59 176 180 168 20 169 96 80 17 96 144 
163 3 40 46 46 99 132 178 42 76 36 182 71 16 50 12 176 126 137 181 40 128 87 122 117 178 38 42 186 173 125 91 99 155 187 148 114 64 76 97 35 86 108 172 114 66 195 70 147 33 104 134 35 142 95 50 199 199 79 118 92 84 18 65 184 114 183 129 168 53 29 125 15 30 145 
24 134 19 53 170 94 179 183 22 169 185 75 200 58 83 167 6 165 137 199 71 4 135 194 13 187 145 186 68 73 17 39 138 125 173 52 187 167 73 168 9 30 153 8 179 146 143 89 97 111 75 39 136 9 165 39 170 18 7 91 184 50 199 144 91 54 38 128 129 41 164 187 30 69 136 
97 142 27 73 135 149 43 1 172 141 147 88 82 36 128 171 67 81 47 24 109 60 160 177 108 102 16 114 68 20 43 80 159 39 18 56 94 72 94 157 123 116 51 16 129 132 34 91 54 115 5 15 159 35 78 195 62 4 113 179 3 118 200 133 49 35 123 189 174 67 16 55 175 172 76 
178 54 16 67 134 103 39 198 142 73 64 111 24 189 190 151 165 1 44 51 173 14 125 125 36 16 17 155 42 64 109 30 60 104 82 168 2 183 45 136 173 186 152 143 5 26 71 192 104 175 116 109 146 122 199 192 55 37 82 80 97 161 78 31 185 114 168 177 56 193 47 91 64 68 74 
191 108 135 149 185 163 2 126 59 108 17 14 80 27 95 175 171 55 52 124 137 100 4 13 103 58 50 33 155 119 128 118 188 81 118 135 7 53 131 155 173 69 150 107 1 37 57 117 102 119 43 62 155 26 163 95 33 121 45 3 40 60 121 142 109 185 113 56 126 166 7 11 54 91 172 
21 114 154 94 104 30 158 101 77 83 137 128 59 177 145 58 183 21 17 102 51 136 101 97 33 161 9 149 22 19 51 169 76 85 115 58 131 161 184 118 93 153 168 177 44 172 122 2 57 174 74 35 162 118 178 43 50 134 52 67 156 164 190 23 199 101 136 82 46 29 8 35 65 100 178 
75 102 56 38 49 59 120 95 151 105 54 123 123 97 84 143 104 191 27 130 146 82 60 180 35 86 119 106 118 32 28 167 132 115 147 160 36 120 83 198 83 77 114 50 90 96 150 7 100 70 37 143 152 134 115 53 191 33 67 179 113 63 8 166 130 189 198 115 87 149 169 146 113 192 170 
52 145 73 58 2 161 159 108 137 160 9 140 137 187 44 58 173 135 33 199 27 34 1 196 16 55 163 57 186 30 73 43 62 124 165 25 147 17 197 13 13 168 192 51 172 105 166 173 154 24 81 188 114 115 70 79 57 92 188 57 129 192 181 73 191 142 69 135 17 154 2 100 112 102 10 
94 44 184 177 134 69 169 72 175 145 125 129 45 187 30 182 151 35 76 133 40 155 107 4 161 126 12 115 188 65 54 92 152 152 190 165 30 90 63 75 35 120 136 111 36 99 185 151 178 197 4 66 144 60 102 11 71 17 197 91 1 119 155 140 44 185 111 7 142 125 21 163 170 29 154 
48 84 133 137 77 24 147 58 56 47 192 103 24 175 10 11 84 75 51 82 66 18 156 167 56 116 149 179 190 117 42 93 195 113 40 55 183 130 145 163 70 179 165 75 9 119 67 150 64 163 6 143 197 120 77 58 149 91 15 163 1 76 47 51 34 161 33 92 91 16 101 23 23 115 8 
144 173 160 29 174 154 52 6 92 18 66 132 112 105 192 107 26 153 143 187 143 43 117 13 127 188 18 35 155 150 115 152 92 12 94 164 118 139 61 31 11 167 126 61 13 123 118 52 6 16 73 13 105 132 132 142 154 23 24 66 107 89 49 114 83 86 167 200 137 170 140 111 200 65 192 
159 114 175 158 88 7 166 118 153 17 50 5 191 48 50 50 133 92 7 180 189 38 67 37 58 75 25 98 88 34 177 104 175 188 179 150 168 151 10 166 197 187 64 84 106 9 114 31 2 79 106 55 46 48 135 98 64 170 105 124 150 86 10 133 8 50 138 80 75 74 46 56 122 152 5 
48 186 39 38 158 8 183 194 148 57 101 176 141 36 82 45 11 13 6 61 145 134 99 93 76 59 165 90 131 163 143 111 74 20 51 57 160 68 26 175 10 154 143 7 182 39 66 91 78 161 146 117 171 128 117 19 130 61 133 3 155 137 192 185 56 79 178 10 197 138 32 152 7 32 128 
136 102 70 144 168 30 51 56 120 148 149 186 60 74 118 146 195 73 101 74 171 185 10 116 61 68 45 109 79 111 51 114 198 107 160 82 130 15 151 122 116 19 65 131 99 156 53 22 171 73 166 96 7 59 12 84 160 22 171 178 72 54 36 189 49 152 132 108 74 185 199 94 60 148 150 
30 37 149 51 182 150 120 68 114 30 109 159 188 156 10 142 134 24 150 107 14 35 142 195 57 108 90 98 103 199 25 19 165 197 58 82 120 62 129 105 79 90 103 78 148 30 125 57 148 158 18 98 11 28 191 121 109 62 74 131 111 157 173 2 187 1 178 31 164 197 116 79 148 6 105 
178 55 180 2 186 136 23 5 27 39 27 34 138 187 91 123 96 77 36 65 140 14 180 161 101 59 121 140 26 64 179 105 43 194 133 65 156 131 135 190 32 135 123 193 112 91 4 18 13 195 195 129 37 152 12 128 175 20 77 190 58 62 175 148 88 55 70 79 138 90 112 82 21 9 76 
186 162 80 2 64 101 40 100 182 135 54 171 131 93 106 150 114 6 115 52 83 90 138 113 167 160 94 140 65 14 79 32 142 127 140 11 49 147 133 127 178 45 181 152 87 184 110 75 73 151 172 13 47 21 200 8 111 16 18 158 144 193 7 129 24 122 128 10 20 19 188 147 189 109 196 
87 147 50 26 55 139 178 33 91 123 13 92 58 16 183 21 124 88 142 172 194 171 130 91 80 193 66 14 91 49 120 107 197 144 114 4 13 184 70 110 79 17 42 16 161 68 120 117 173 141 154 75 127 184 152 84 173 111 71 51 109 94 96 128 131 99 165 47 107 177 88 128 12 55 75 
31 179 174 56 43 4 39 95 157 82 171 138 119 163 55 111 166 163 174 17 93 59 69 25 97 57 120 96 66 88 30 44 74 37 121 65 176 177 38 124 114 163 200 191 4 68 26 84 30 171 133 130 66 140 101 178 185 172 7 12 36 198 121 109 199 87 144 145 168 18 137 6 171 92 28 
