100 2
0
0
1 48 139 1160
2 107 62 231
3 114 56 226
4 122 29 354
5 137 64 137
6 147 141 429
7 167 59 403
8 176 107 818
9 177 67 579
10 199 82 35
11 275 147 1157
12 301 59 183
13 337 131 1123
14 354 87 354
15 388 154 696
16 398 145 1558
17 405 27 567
18 455 70 455
19 489 181 127
20 500 102 500
21 511 147 217
22 512 148 1400
23 545 144 833
24 549 186 921
25 552 134 820
26 580 184 580
27 582 196 582
28 609 158 925
29 621 23 805
30 633 99 831
31 641 70 921
32 648 91 1376
33 668 53 986
34 687 115 1147
35 689 180 1049
36 710 27 926
37 725 43 725
38 728 181 366
39 742 110 1622
40 744 111 744
41 757 101 757
42 762 93 948
43 767 162 1739
44 769 185 399
45 776 117 1478
46 820 109 1474
47 868 108 1732
48 871 152 567
49 875 184 1979
50 902 59 902
51 957 175 957
52 979 119 1693
53 981 92 981
54 986 138 2090
55 998 12 974
56 1062 12 1110
57 1068 146 1068
58 1070 193 1456
59 1116 164 1116
60 1123 30 1063
61 1137 72 993
62 1143 94 1519
63 1156 63 1030
64 1173 180 1173
65 1188 17 1290
66 1199 134 1199
67 1205 1 1213
68 1209 74 1653
69 1278 15 1308
70 1280 187 1654
71 1285 142 1569
72 1287 96 1863
73 1295 99 1691
74 1320 54 1320
75 1344 105 1134
76 1360 118 2304
77 1375 110 2255
78 1387 123 2371
79 1470 101 1874
80 1526 12 1574
81 1556 141 2684
82 1582 64 1710
83 1594 90 1414
84 1599 47 1975
85 1603 154 2835
86 1607 124 2351
87 1652 37 1652
88 1675 129 2449
89 1709 80 2349
90 1779 128 2035
91 1796 175 3196
92 1839 200 2639
93 1849 170 2189
94 1857 158 1541
95 1866 169 3218
96 1922 134 2994
97 1943 160 1623
98 1961 34 2097
99 1975 167 1641
100 1981 23 2073
135 59 24 108 104 42 156 173 45 122 15 47 37 169 77 103 162 126 68 40 139 180 26 84 161 99 67 150 12 119 43 192 121 105 82 90 17 138 51 16 193 77 139 55 172 95 60 4 37 53 133 109 58 88 31 172 16 194 67 181 142 94 179 16 119 112 171 16 108 113 162 10 111 177 71 46 153 106 138 107 26 113 175 11 17 58 127 50 107 100 54 193 119 18 109 53 129 93 135 53 
30 130 46 116 182 42 132 179 188 35 36 149 85 124 113 46 10 33 77 161 27 115 130 129 76 125 78 193 90 30 137 200 117 129 29 131 110 143 172 113 75 137 19 99 167 73 32 135 138 18 164 117 144 126 99 66 65 137 66 148 191 114 23 93 62 196 13 99 164 192 60 183 139 191 115 195 3 151 11 112 61 65 2 191 78 41 191 45 144 161 164 154 51 63 8 158 67 49 158 66 
94 46 17 189 177 138 75 5 185 69 146 22 148 41 148 87 194 88 119 8 130 153 40 200 148 55 148 108 88 70 92 118 44 110 167 14 171 52 55 159 84 60 99 40 21 62 63 160 166 157 193 192 132 95 147 76 168 88 36 62 7 190 120 106 189 172 155 165 162 100 187 134 199 38 48 75 169 57 19 21 32 1 45 166 41 187 181 129 115 51 1 184 131 6 187 135 145 67 151 122 
145 93 51 139 126 161 64 49 17 109 47 110 2 190 145 79 45 156 125 191 64 92 28 8 173 11 68 114 7 164 139 108 163 165 123 154 6 133 63 48 47 183 54 133 140 38 155 185 57 13 73 44 54 91 21 191 1 146 176 62 161 113 18 81 47 110 66 76 38 123 163 5 54 120 70 127 75 109 95 82 101 59 80 175 46 154 97 5 23 25 172 76 56 142 30 50 30 67 74 91 
3 3 168 101 46 4 178 68 123 91 143 66 183 130 98 153 183 36 48 105 196 35 47 98 163 130 156 36 57 169 31 108 73 125 155 45 100 162 73 157 139 50 10 92 12 92 43 69 173 130 168 124 34 132 86 179 75 149 133 144 142 193 200 191 166 32 27 17 104 164 75 184 51 72 41 12 178 68 40 23 167 200 112 86 166 80 101 75 153 199 135 166 167 74 173 165 79 59 50 93 
75 83 179 1 175 199 152 109 153 74 163 7 145 29 174 19 79 159 126 118 134 141 19 101 107 118 164 59 188 187 132 187 97 8 29 24 167 197 181 89 142 166 79 172 94 58 15 130 189 17 12 122 130 7 73 196 106 114 83 59 92 22 117 153 47 171 174 162 100 162 68 17 6 13 25 172 84 190 130 12 108 1 142 101 140 9 141 26 62 50 162 11 151 60 92 115 68 134 154 50 
16 72 2 118 92 61 4 8 104 135 90 114 110 95 126 167 164 62 190 115 83 24 156 115 96 70 174 155 200 159 14 75 96 2 127 40 133 18 133 146 154 143 31 161 78 60 73 142 90 127 66 50 163 140 117 60 42 15 90 99 11 131 144 30 142 76 180 111 122 142 196 21 121 175 41 88 70 56 73 118 169 78 46 63 72 149 56 35 30 95 27 38 106 43 66 62 44 189 69 158 
48 80 103 51 50 140 103 85 186 112 99 49 105 99 109 101 45 59 199 15 4 173 119 180 18 92 150 179 57 162 20 16 114 70 199 103 151 61 17 41 136 196 83 190 74 184 53 170 54 124 124 198 55 107 16 27 11 31 188 65 113 148 86 192 136 98 164 145 148 135 113 98 110 65 109 137 126 14 13 40 135 124 186 91 163 161 47 73 14 145 87 142 46 86 81 59 96 6 181 70 
32 190 85 90 97 80 105 94 8 151 161 6 191 160 34 52 23 21 1 140 82 113 108 127 140 62 131 162 186 106 126 6 190 27 114 143 132 118 154 136 97 96 192 118 59 115 157 117 80 191 121 27 108 174 198 14 73 87 200 170 178 90 149 69 160 184 111 115 76 51 100 57 41 133 148 82 94 68 116 35 186 157 165 122 82 181 190 43 119 49 194 131 175 127 98 40 192 139 37 138 
46 158 194 178 143 99 184 50 129 106 153 29 88 109 70 49 60 184 69 77 32 35 43 45 131 26 70 146 11 78 163 45 25 117 125 67 146 119 22 140 138 2 95 29 157 104 114 136 53 72 187 11 101 148 48 76 187 38 132 75 53 24 189 48 177 152 52 100 158 28 4 78 160 61 74 120 122 194 5 37 96 71 82 34 179 85 75 20 79 47 63 67 193 38 176 190 154 88 85 78 
186 21 98 11 150 117 46 10 23 94 39 92 43 36 80 87 192 183 4 150 90 80 154 46 102 104 172 137 23 134 42 162 16 183 55 200 130 105 13 69 168 50 46 144 36 78 14 69 13 75 190 142 35 33 147 146 81 116 127 42 59 110 138 178 165 170 77 171 200 59 162 120 87 60 186 72 90 55 2 83 31 71 14 126 148 135 193 12 99 88 63 112 174 135 194 191 71 13 154 11 
190 196 137 37 108 11 9 130 176 25 9 109 162 83 8 65 178 61 75 55 118 187 55 15 59 54 58 137 37 2 45 157 98 110 158 195 1 17 2 194 178 91 165 20 186 65 32 93 158 155 198 144 13 179 49 82 126 123 176 156 189 182 42 23 157 81 106 41 158 173 187 114 93 130 184 87 86 163 96 94 148 104 142 2 69 121 65 118 72 70 153 114 37 160 32 76 59 63 125 3 
6 16 37 18 169 116 106 132 83 101 93 105 86 41 199 18 140 158 146 66 47 27 36 49 97 172 16 148 200 165 161 52 96 118 92 99 151 116 156 79 69 32 63 147 157 131 93 103 53 83 41 1 131 14 13 120 5 14 58 190 173 156 168 135 52 154 190 126 61 24 177 98 32 88 160 130 137 8 17 29 118 192 126 18 83 172 177 191 193 29 83 93 82 128 91 130 199 9 199 111 
118 98 106 117 200 20 52 24 150 170 75 141 45 65 56 29 173 161 108 39 101 74 77 163 11 151 137 196 198 111 87 60 12 126 77 178 36 109 138 197 163 172 106 107 19 142 31 51 80 63 91 35 195 71 1 158 75 113 140 38 190 12 91 90 64 190 193 139 169 62 13 171 56 191 179 115 23 77 40 151 120 115 24 47 66 182 120 128 27 46 175 187 159 175 100 167 139 81 137 90 
175 25 20 147 59 44 101 157 134 135 133 69 14 69 37 198 53 70 19 162 184 79 174 189 190 163 32 100 11 140 69 195 168 100 185 21 125 87 23 77 165 10 191 161 127 136 156 99 185 61 110 77 38 137 95 132 20 56 173 55 73 51 177 120 115 138 99 21 122 89 101 155 145 67 132 14 6 132 199 90 191 181 16 92 168 158 120 58 11 199 124 120 68 174 167 174 47 92 54 80 
187 149 39 32 67 103 137 57 12 91 176 165 85 48 33 131 109 66 18 167 108 35 116 197 53 7 1 146 9 161 194 109 79 63 56 104 143 89 34 70 96 148 114 123 154 108 35 19 133 158 32 12 43 153 115 62 46 99 162 119 19 135 178 63 193 143 183 19 158 157 1 4 63 51 140 176 135 184 57 29 112 163 174 21 181 124 155 16 140 97 100 8 81 40 191 68 96 97 12 120 
37 115 10 40 186 199 167 95 3 86 68 73 134 96 166 75 69 129 188 177 162 36 119 75 83 131 193 121 200 8 34 5 193 16 38 12 199 156 160 179 151 58 13 150 157 10 128 53 187 112 69 141 44 74 163 33 59 81 140 77 42 55 126 154 144 115 58 45 160 177 186 55 183 132 74 121 64 27 107 35 40 102 152 158 155 143 168 151 84 114 162 160 1 198 40 143 16 27 124 173 
109 22 107 185 3 138 12 173 59 99 184 177 87 121 140 23 98 73 124 83 140 94 71 43 59 22 30 194 84 37 150 150 140 18 111 127 124 149 63 65 185 196 5 49 35 42 12 163 184 176 140 168 159 97 141 33 143 120 181 75 113 187 39 147 57 138 165 133 186 62 121 127 6 125 38 199 129 188 160 67 78 51 183 175 53 35 123 45 66 17 183 44 66 159 95 63 159 91 58 48 
84 144 57 126 44 166 7 75 187 121 171 40 159 94 196 19 98 119 23 188 6 124 35 25 45 96 108 90 157 5 88 192 105 71 133 93 190 196 131 143 10 121 126 144 9 153 88 2 28 61 129 130 14 35 136 160 140 48 155 35 131 96 27 186 129 160 118 132 118 122 135 18 148 121 49 136 27 178 161 189 140 81 81 33 77 121 153 169 41 129 22 126 2 42 65 15 128 98 199 57 
88 31 148 137 131 182 186 25 2 53 100 48 39 113 181 10 1 200 19 192 141 52 124 175 50 164 38 80 87 75 176 104 195 181 68 104 24 15 67 25 117 124 152 83 155 8 61 32 78 62 122 189 40 87 12 94 155 12 200 160 115 31 12 165 90 111 45 187 146 59 9 63 140 143 53 166 63 11 87 1 169 170 91 14 30 105 3 96 62 31 46 200 68 167 141 157 194 7 70 26 
196 46 43 102 119 74 17 52 184 155 85 82 25 73 172 31 100 5 45 52 177 199 65 144 170 57 5 161 22 155 40 180 84 72 84 90 105 2 17 8 142 139 7 43 190 90 121 16 191 171 65 181 11 5 30 55 8 5 33 117 46 96 76 169 199 9 13 171 189 119 171 196 115 14 18 134 81 42 62 137 46 114 165 123 189 133 169 88 52 31 49 121 40 96 143 181 88 197 79 84 
179 5 66 38 111 48 134 196 100 46 119 65 1 148 14 160 174 66 96 102 64 132 57 17 109 159 199 95 108 81 9 72 34 183 56 25 18 81 33 107 172 111 109 21 115 122 161 104 39 94 179 153 121 152 105 69 39 52 114 40 31 181 5 5 134 200 26 189 165 127 169 46 10 124 120 54 138 184 20 181 166 161 53 22 79 114 55 16 97 53 56 176 193 75 30 72 195 189 191 152 
152 166 113 130 186 96 86 20 35 34 87 75 170 82 146 49 101 77 114 172 67 47 16 25 90 147 30 117 172 64 62 82 18 90 48 183 166 51 131 124 101 163 168 161 16 67 160 4 135 12 200 152 73 146 96 195 189 111 109 189 1 103 148 105 48 20 142 177 130 120 38 87 19 130 126 33 140 111 175 72 38 137 78 187 157 148 145 111 79 44 157 99 77 131 168 47 85 140 67 61 
25 64 163 90 176 133 31 48 177 171 109 125 106 166 96 84 134 24 47 138 143 86 185 119 174 57 187 92 189 191 104 27 140 180 172 11 82 2 195 49 68 92 130 172 157 175 33 138 177 185 55 44 172 157 127 91 89 2 141 147 127 78 82 27 17 39 33 195 180 68 46 137 165 83 153 130 6 163 65 61 23 4 132 25 23 186 177 46 169 193 16 137 161 154 34 45 49 120 128 190 
85 132 186 175 53 176 50 64 140 196 63 198 138 181 101 87 5 62 61 89 71 1 89 83 187 131 190 55 36 18 122 143 41 14 3 72 148 99 58 10 166 168 31 55 191 117 184 198 162 189 99 188 125 121 91 103 192 179 73 194 142 93 199 20 47 31 46 187 155 168 112 57 127 130 199 100 186 171 16 57 178 105 64 187 173 75 98 173 47 43 114 136 91 151 128 193 72 72 87 109 
79 170 61 50 60 8 22 84 13 15 166 22 82 117 85 89 100 20 59 56 160 107 17 78 36 144 44 22 164 102 116 2 161 110 159 122 116 127 197 58 15 126 86 13 110 55 141 83 195 82 91 23 8 189 119 141 45 63 172 193 149 93 152 184 181 40 180 199 9 183 189 119 179 51 114 169 76 108 45 2 88 103 192 128 72 144 166 179 29 17 2 24 197 78 45 150 197 193 102 154 
2 87 89 5 84 143 141 81 72 125 100 170 75 89 88 88 182 143 50 71 162 53 139 132 76 5 52 163 4 9 154 7 112 34 42 13 87 15 169 152 41 81 140 198 21 177 107 183 99 139 125 31 176 139 186 143 69 147 19 191 3 164 80 17 20 196 48 120 125 158 194 13 53 188 123 68 58 16 168 25 13 62 200 83 99 142 98 171 147 199 103 133 143 80 149 152 42 46 30 162 
36 189 84 99 61 132 166 85 81 77 200 74 15 4 92 109 33 89 132 120 19 35 153 74 195 29 118 57 180 88 157 144 11 150 114 124 3 36 136 146 3 147 21 96 195 56 41 120 101 142 2 164 56 187 147 174 163 165 5 39 33 35 61 109 120 35 111 80 117 70 121 53 144 115 116 169 180 36 139 170 123 176 156 133 10 81 51 126 92 34 77 71 12 128 197 144 149 114 188 52 
74 65 88 68 200 172 33 74 65 36 182 175 117 197 63 5 123 62 127 172 12 29 46 114 27 41 6 56 100 107 59 161 108 182 129 167 16 27 62 77 16 181 6 134 198 186 144 157 138 130 194 3 109 41 135 151 187 160 35 114 58 55 36 76 143 107 40 63 63 21 5 75 89 95 139 23 110 49 98 105 78 123 173 39 121 164 77 41 100 65 62 198 60 138 175 169 136 22 24 24 
45 69 192 114 28 42 178 132 54 64 175 85 58 161 170 51 18 189 20 175 80 18 191 90 191 79 15 176 75 197 30 190 112 91 39 109 149 198 196 80 9 83 180 69 104 62 1 122 50 131 37 59 30 95 165 62 170 53 23 75 61 66 169 134 47 169 108 172 149 49 35 70 176 57 36 24 73 88 9 116 171 89 103 32 3 150 45 170 92 137 85 64 73 153 119 129 18 167 135 88 
10 120 61 99 125 49 47 113 147 68 153 77 131 4 34 89 157 36 144 150 60 80 72 44 114 121 99 109 153 160 142 195 90 57 87 149 2 176 26 43 57 126 79 23 195 31 83 155 191 1 63 91 35 59 115 157 9 195 52 119 99 6 157 95 118 152 77 146 2 131 191 116 160 71 79 8 127 78 121 52 160 99 14 177 102 51 108 91 154 36 149 149 154 108 190 197 86 186 110 111 
186 66 14 145 25 100 98 173 55 180 114 41 80 68 66 78 74 125 92 1 181 154 88 138 123 182 139 54 12 3 198 148 124 195 93 181 89 61 195 184 94 173 93 1 72 162 28 42 65 40 69 64 186 49 30 82 188 109 2 55 166 175 2 69 68 86 100 142 136 60 56 114 21 193 160 17 106 194 3 51 141 120 164 154 10 193 173 188 79 128 76 39 133 119 13 167 59 174 42 109 
150 191 163 75 138 166 28 14 61 81 76 16 128 122 110 159 185 111 83 190 160 190 109 50 28 80 132 128 20 198 175 120 160 18 111 128 2 172 76 194 187 176 145 12 79 22 173 199 123 62 120 32 165 23 35 72 48 43 142 175 107 109 143 129 30 166 188 123 29 2 54 10 147 134 182 169 190 12 81 124 181 96 139 61 37 160 9 181 103 114 25 38 90 76 182 31 173 138 126 162 
124 126 140 128 92 8 65 103 41 15 41 124 35 125 27 178 17 47 173 183 94 101 21 27 89 174 5 92 149 51 119 58 53 90 55 122 50 70 134 33 47 159 38 130 15 62 39 35 147 49 89 11 134 23 108 194 66 134 30 196 187 51 23 22 151 178 162 82 123 132 52 81 200 84 153 168 172 152 186 195 24 69 125 188 6 140 49 91 97 32 120 45 79 127 51 156 13 25 101 157 
170 55 71 163 61 105 154 136 104 7 85 132 173 77 65 125 105 115 56 147 18 194 67 156 78 31 76 67 119 188 176 134 192 21 102 98 123 84 75 191 123 105 5 39 69 168 97 151 154 172 28 36 49 199 163 58 61 46 81 12 82 71 132 169 131 41 29 90 85 39 27 190 110 46 149 96 194 117 74 52 130 184 32 194 157 63 186 12 110 187 73 8 16 5 56 84 26 92 145 4 
196 108 42 3 89 144 194 147 102 112 17 76 51 82 169 35 130 50 14 93 39 67 35 100 54 123 77 192 133 120 76 12 172 141 152 120 120 150 50 85 134 81 1 51 48 190 65 132 156 57 59 168 195 188 101 156 136 90 188 106 145 188 154 7 190 98 73 6 1 56 185 6 127 177 17 74 63 12 121 79 100 189 135 72 116 150 45 124 108 188 160 158 176 50 150 10 133 54 151 127 
185 93 94 36 118 191 183 51 173 5 23 126 130 2 133 24 3 116 15 156 140 59 143 155 120 41 16 31 104 184 56 37 153 163 34 42 47 131 107 125 120 30 53 123 89 155 3 98 35 170 133 3 34 122 23 107 35 2 85 200 134 130 90 59 131 148 96 116 49 118 56 86 200 65 78 169 82 63 25 32 100 199 178 118 146 94 191 98 137 190 60 48 152 112 128 87 94 111 15 2 
99 130 193 72 43 179 3 83 4 58 184 34 71 47 153 1 154 92 127 116 167 151 5 118 194 89 119 50 120 82 110 109 138 46 49 157 165 148 134 110 17 145 20 91 116 171 112 52 102 17 90 115 90 93 191 38 15 174 186 131 123 38 46 41 22 117 102 33 114 6 129 97 33 163 166 63 29 196 86 159 67 82 92 26 95 27 41 30 53 39 55 22 145 126 10 191 39 121 74 195 
121 81 191 48 154 49 151 200 87 81 51 130 149 135 43 47 151 132 114 102 112 128 136 163 160 182 166 148 37 135 175 182 37 158 164 169 90 182 55 115 195 155 154 167 186 27 123 50 44 146 94 65 12 18 30 29 11 150 173 120 26 167 20 73 144 71 111 53 37 53 92 99 120 83 145 26 75 101 119 163 167 165 15 35 96 160 196 136 35 135 96 85 10 170 165 25 152 140 112 77 
114 14 153 114 40 179 105 102 198 58 177 88 31 83 40 108 135 72 194 3 12 132 15 56 182 34 176 156 138 61 8 49 98 197 126 6 105 29 164 44 165 55 167 186 167 175 152 158 181 121 21 157 6 159 22 187 73 137 121 20 34 73 61 194 150 50 51 193 179 87 196 105 134 133 72 197 44 144 149 14 106 157 159 161 1 194 177 102 68 176 155 127 162 104 21 126 175 97 113 192 
115 49 30 53 86 47 22 140 144 160 117 146 5 161 146 8 87 20 138 5 76 136 52 3 71 136 152 62 58 153 30 57 154 178 60 54 92 122 107 142 160 14 110 172 144 13 166 22 154 27 4 188 151 61 104 47 30 119 194 67 45 106 165 167 17 156 116 152 81 98 192 38 159 152 163 36 142 52 33 180 138 178 184 92 10 94 179 80 184 8 186 57 195 103 68 46 116 5 11 187 
182 89 115 116 167 14 145 53 75 183 150 70 51 59 177 144 3 33 16 30 122 120 67 43 92 145 69 85 145 11 69 106 134 79 75 186 159 179 187 95 45 2 199 145 76 160 177 61 89 170 68 74 155 194 54 181 141 54 18 6 111 5 154 101 20 123 32 183 177 42 107 168 143 82 138 36 70 59 138 105 138 13 2 60 32 187 110 97 167 174 112 192 116 186 188 147 42 139 137 118 
13 175 79 135 90 79 47 168 187 196 101 200 115 26 182 143 2 168 69 77 75 52 89 1 23 173 113 15 84 162 158 121 14 107 199 96 64 15 72 73 91 19 138 21 15 45 125 37 68 173 34 45 28 35 108 54 9 91 6 113 194 179 195 114 3 88 12 155 174 144 151 105 169 54 166 132 39 122 125 116 141 107 125 191 4 134 19 68 156 51 124 196 4 13 93 73 110 119 125 162 
162 1 110 107 107 68 100 49 175 102 59 37 121 44 88 33 40 62 189 171 50 46 145 71 55 100 23 57 55 174 16 93 88 65 135 18 168 180 163 180 182 91 102 3 189 192 3 121 195 156 125 85 32 92 51 137 88 45 11 56 121 73 114 1 83 143 38 180 23 86 158 160 156 144 58 137 190 116 90 42 111 190 186 149 126 75 117 49 10 143 90 57 98 135 97 63 65 193 32 138 
156 4 179 150 189 101 11 5 164 83 106 183 80 55 136 25 59 136 60 130 53 12 180 18 75 160 128 102 56 66 101 191 119 56 121 143 112 169 136 193 132 37 139 61 98 2 193 111 32 107 14 102 87 57 96 4 112 130 111 31 191 186 167 117 169 100 127 170 88 167 190 88 72 184 30 199 55 52 164 172 135 30 71 124 114 143 93 76 27 145 193 139 151 90 139 23 13 129 172 105 
74 48 153 49 11 47 181 161 193 148 174 51 89 166 198 2 85 16 39 19 49 161 54 41 165 119 42 77 188 69 120 76 150 110 7 94 136 89 63 76 179 151 135 174 60 184 15 73 56 119 175 135 31 149 31 55 194 162 75 107 167 128 59 32 78 155 85 47 111 141 189 6 188 81 112 125 161 39 128 71 141 151 123 158 40 110 84 10 53 130 22 172 8 112 117 83 145 96 166 182 
86 59 112 115 77 63 110 18 160 74 155 139 27 59 91 170 8 180 89 119 156 95 45 108 18 183 146 98 175 157 34 96 43 26 41 142 35 16 129 115 87 86 175 117 44 22 12 179 2 91 68 48 63 58 184 36 199 71 24 149 119 68 163 81 185 58 7 105 16 34 132 139 45 191 185 102 4 185 200 118 176 29 186 176 48 192 79 141 31 144 27 97 102 16 43 155 198 181 102 39 
96 70 108 144 188 7 125 200 161 128 168 186 160 70 82 54 65 56 172 5 25 30 71 101 45 182 35 23 3 9 37 55 176 110 46 198 122 186 162 154 154 141 162 124 116 108 148 7 27 149 178 92 31 61 146 167 142 38 88 86 73 112 50 100 116 102 49 1 89 33 109 145 10 21 76 157 55 142 116 62 60 115 52 81 159 69 128 115 83 174 44 109 2 104 140 151 120 177 111 199 
55 34 15 169 57 178 38 188 90 125 173 106 81 163 159 166 32 195 183 160 17 87 94 129 22 169 95 27 90 77 32 117 102 86 71 36 25 63 164 105 156 78 118 138 30 54 129 122 110 60 33 32 91 184 154 80 99 89 24 200 193 146 99 67 97 23 192 148 15 51 160 18 78 67 152 135 13 150 35 50 96 167 57 72 133 9 127 194 137 23 142 64 25 113 58 191 14 60 40 167 
165 173 17 138 54 59 187 46 77 148 105 142 159 24 194 90 160 72 114 63 128 112 117 186 74 25 136 181 119 32 68 66 139 92 103 24 183 41 71 6 92 192 175 69 62 80 25 142 14 8 134 144 35 184 72 191 21 153 181 198 177 163 148 103 178 41 145 176 103 101 6 52 85 120 60 91 140 68 17 109 127 155 159 37 127 181 125 100 68 34 163 61 74 67 104 140 6 9 25 157 
139 124 88 98 161 133 110 17 33 60 116 56 190 19 98 121 98 56 185 54 65 113 184 98 29 200 42 99 195 62 136 125 29 151 177 143 200 135 12 144 85 85 195 54 2 101 115 188 88 30 86 66 156 17 24 32 180 7 119 4 62 122 193 39 104 130 62 39 46 22 174 94 89 110 93 198 193 33 140 88 179 33 182 101 115 126 60 20 90 156 161 58 189 170 128 116 67 65 31 148 
97 160 27 92 133 78 137 170 105 97 179 138 32 32 199 93 146 150 22 138 18 135 37 68 181 150 5 165 185 66 35 40 58 150 112 181 96 139 77 145 76 32 146 122 132 160 88 153 44 117 158 146 149 95 52 142 90 192 70 153 164 21 191 93 140 49 77 52 12 157 27 68 153 190 121 186 196 57 146 125 82 54 147 38 66 146 6 194 107 141 32 19 180 21 165 115 177 157 128 196 
200 180 178 14 38 140 138 58 158 105 102 124 166 95 77 138 83 181 70 113 163 141 56 135 76 83 173 158 20 192 142 80 65 43 10 73 111 137 48 76 106 131 191 168 151 127 34 130 82 2 42 96 133 113 142 106 21 66 181 17 6 163 117 20 28 141 81 46 38 198 11 77 120 196 117 148 150 184 170 50 92 35 34 140 159 113 163 24 123 39 81 114 182 120 2 31 18 197 126 181 
10 42 119 65 108 10 171 186 150 147 24 67 166 40 75 73 106 163 52 158 51 86 13 110 50 85 157 69 88 41 91 113 49 100 136 157 158 173 200 51 171 75 105 21 80 167 70 161 75 96 70 28 16 95 141 193 154 171 74 7 95 80 91 84 23 81 19 156 51 165 62 22 115 127 99 90 171 138 162 95 101 188 86 164 69 132 146 46 137 166 138 150 51 196 105 181 112 169 148 84 
178 59 150 197 196 189 140 194 177 153 73 150 134 172 75 59 129 34 109 52 134 46 18 2 167 137 38 6 42 69 51 100 103 61 133 19 183 70 121 161 71 14 103 114 194 49 92 149 95 120 8 176 78 47 180 115 172 18 178 155 63 16 84 173 2 97 196 94 29 111 36 188 51 34 34 157 100 99 137 166 139 186 113 137 8 61 84 135 111 107 102 160 18 30 164 116 40 45 18 128 
91 24 132 164 41 188 28 140 81 170 157 192 196 136 72 140 111 9 156 116 36 80 199 53 160 100 153 30 173 76 42 191 94 147 117 9 195 101 198 128 103 177 94 154 171 102 159 190 38 102 108 186 123 122 200 93 64 182 32 129 24 51 154 85 92 23 172 194 182 168 14 199 199 3 124 147 138 63 37 129 61 168 23 10 79 160 141 19 40 34 36 65 120 147 114 198 105 159 150 68 
140 16 42 119 31 133 85 174 200 25 66 83 138 133 4 199 85 175 115 60 115 76 84 49 195 76 131 167 8 137 167 196 127 123 199 134 70 155 183 129 39 34 76 185 117 132 184 162 20 90 19 125 129 178 171 165 120 49 130 21 26 46 187 136 6 181 195 5 84 30 92 177 186 37 26 13 24 138 173 133 79 95 107 107 162 126 84 8 193 106 55 76 138 199 47 63 174 165 11 153 
60 109 134 119 175 163 116 111 136 198 77 52 98 63 58 121 87 97 144 192 192 133 156 154 39 97 77 146 97 135 89 154 130 79 167 114 89 26 11 178 174 192 92 197 165 148 21 195 74 48 104 46 58 59 148 27 151 147 35 6 111 122 177 159 57 127 100 12 143 87 56 111 122 170 39 196 67 47 123 68 99 198 11 135 133 55 135 190 117 112 47 190 153 200 73 122 44 121 165 196 
108 160 24 69 108 146 41 8 112 40 69 164 31 93 137 167 164 89 42 54 106 36 58 180 110 157 191 125 66 56 129 145 155 42 172 140 11 123 92 177 127 144 71 137 153 66 46 86 142 200 170 53 120 177 17 101 71 18 6 107 32 131 75 99 180 58 138 77 64 92 187 155 178 82 98 9 42 25 54 24 16 131 193 153 55 47 60 129 83 93 184 191 193 195 70 85 131 62 41 138 
1 161 85 146 118 168 128 87 194 121 154 52 81 60 143 68 6 143 113 41 59 49 60 194 54 118 96 194 186 168 99 106 141 64 183 150 55 137 148 61 7 113 175 123 124 185 28 191 112 18 25 49 151 34 198 1 110 25 116 196 118 21 84 76 147 172 28 1 110 76 74 21 93 128 132 7 6 19 18 130 17 162 47 72 129 94 83 129 4 142 109 142 179 46 175 6 120 118 157 199 
175 111 28 175 119 121 156 44 172 177 68 24 122 48 24 177 112 118 38 187 87 22 27 68 169 190 164 65 68 149 86 134 76 102 40 24 59 168 63 71 50 73 150 135 102 126 194 139 97 9 154 146 134 135 8 98 12 183 115 80 154 98 115 176 106 79 135 168 35 148 137 112 162 159 88 186 42 2 28 81 125 163 147 13 16 10 105 9 112 177 13 73 104 126 97 106 31 31 119 83 
27 190 59 115 123 198 169 96 69 131 34 135 98 145 185 12 16 176 111 114 62 169 14 167 83 157 135 94 60 76 57 23 169 94 90 14 104 196 189 168 87 185 78 42 35 61 158 197 179 64 142 71 102 35 71 23 112 178 107 191 95 161 149 22 166 200 175 176 103 168 27 107 96 46 72 91 21 181 134 26 60 58 32 172 101 60 162 161 64 9 199 103 200 5 142 29 80 114 99 110 
149 88 147 25 181 160 172 200 189 148 131 31 146 80 81 58 41 44 69 86 95 109 14 118 174 21 175 78 115 65 171 24 8 72 120 171 165 130 197 174 73 62 109 2 150 81 66 112 18 52 126 111 107 74 154 163 194 99 71 123 144 115 47 96 70 56 104 178 63 31 95 146 198 28 130 169 88 10 21 123 110 64 152 25 180 187 60 149 17 191 115 27 4 18 164 74 128 164 199 123 
34 61 104 57 179 110 111 31 109 80 57 131 144 40 124 113 171 24 170 187 81 147 82 173 135 56 146 136 113 80 1 61 78 163 95 73 161 21 104 19 122 67 32 18 174 84 170 163 48 15 120 47 92 167 123 39 74 81 65 50 170 56 185 42 160 11 110 95 161 2 58 51 142 139 137 165 36 66 79 41 117 108 73 103 192 145 71 108 56 128 69 101 63 136 148 31 142 98 173 3 
199 72 19 42 137 85 46 18 48 101 77 175 34 140 72 45 133 167 147 98 33 23 28 170 144 102 140 69 124 15 113 168 177 124 194 94 23 7 17 34 66 127 195 69 133 137 132 77 65 83 116 152 200 111 23 133 93 167 161 16 46 116 91 73 103 5 181 190 132 141 54 99 114 183 36 51 49 73 111 122 189 161 141 185 136 146 113 78 144 89 188 26 152 144 197 47 175 118 152 84 
59 196 43 111 9 145 96 40 121 105 69 104 130 94 62 92 111 20 198 136 187 21 115 151 62 47 88 123 153 95 28 128 193 66 161 54 128 34 97 174 193 174 186 130 196 72 38 49 72 69 43 19 66 93 175 39 199 44 121 99 177 33 81 195 146 38 47 42 150 83 109 25 64 53 187 110 81 75 120 120 63 115 132 122 119 45 98 190 17 71 86 15 198 184 186 27 135 112 77 102 
93 67 170 126 197 143 138 58 141 147 124 178 51 78 118 106 36 139 42 154 82 37 165 50 170 194 79 140 75 167 164 53 57 170 17 152 24 15 21 45 92 1 177 129 3 101 44 32 12 189 197 77 155 6 52 62 199 194 106 142 198 153 182 103 144 116 16 64 167 137 87 95 170 135 6 76 2 130 185 63 196 190 158 47 44 113 153 95 118 10 196 107 164 158 5 126 75 170 55 34 
122 15 108 147 158 121 141 130 157 42 27 158 121 116 1 163 175 18 26 136 24 90 62 1 25 189 101 112 36 46 51 81 163 53 158 46 115 143 133 92 29 8 63 114 46 193 68 28 108 41 18 31 113 50 122 34 25 26 85 98 164 153 10 116 78 3 119 100 138 130 45 158 22 96 30 66 1 170 146 68 153 51 135 112 186 149 97 59 30 149 17 163 131 41 87 71 8 184 146 187 
175 105 122 117 38 89 146 107 24 185 150 20 140 6 102 140 164 135 172 62 99 63 129 194 188 51 68 90 110 183 58 157 105 104 32 100 72 125 189 171 82 165 196 134 153 73 88 121 116 176 8 105 188 56 112 53 200 184 76 135 110 55 109 144 193 60 163 101 109 189 192 199 183 78 99 86 52 193 43 21 101 19 120 80 170 175 107 128 155 12 199 70 85 113 172 139 196 33 154 17 
73 114 92 27 28 191 161 159 54 98 27 105 186 125 53 198 44 5 173 108 30 196 46 73 52 40 191 47 187 75 175 169 183 58 111 86 92 166 90 94 48 53 89 173 173 185 141 167 69 123 184 160 179 55 69 165 61 106 10 169 3 82 181 93 4 7 82 134 158 144 45 117 128 43 155 191 141 69 176 38 153 35 66 172 5 190 159 72 167 194 30 23 41 18 177 172 154 117 144 147 
172 84 191 152 75 156 68 114 116 99 55 178 91 28 89 171 9 67 109 19 127 78 24 184 106 137 167 126 24 70 134 103 191 37 17 159 6 42 69 47 69 54 162 151 28 155 186 110 200 127 96 131 59 148 25 179 105 171 126 140 31 85 45 121 134 16 39 77 169 112 21 159 177 105 66 129 84 50 91 58 103 5 165 107 149 144 5 186 11 25 105 183 191 72 122 105 184 159 151 140 
40 9 5 37 154 103 53 138 139 171 138 15 182 3 56 22 185 29 71 188 181 174 18 149 49 99 129 5 151 43 116 190 171 103 101 135 161 36 95 90 71 17 27 11 170 97 46 34 123 184 176 118 34 105 13 16 56 145 75 87 159 102 168 103 138 101 98 46 34 119 106 146 183 46 20 22 145 125 3 82 89 114 73 93 142 5 108 89 99 164 4 153 102 99 101 160 126 32 166 99 
26 107 67 176 37 36 111 149 18 84 127 112 125 86 126 45 63 173 80 44 101 160 75 112 86 40 173 172 90 136 197 171 113 142 102 181 50 36 97 89 169 52 177 92 144 45 200 142 144 199 159 200 39 174 10 42 7 22 8 124 149 151 111 146 133 64 100 56 15 40 94 145 113 68 159 58 120 177 11 44 120 14 185 47 42 131 124 151 116 108 64 144 126 48 192 70 65 167 173 103 
70 96 128 39 51 27 57 66 99 175 150 11 93 196 46 161 88 140 129 135 150 169 132 149 65 81 164 21 163 53 38 52 54 13 13 143 45 184 81 9 197 59 141 35 164 72 66 101 174 54 186 26 153 51 151 157 33 55 194 48 180 127 25 152 164 31 193 104 81 11 78 178 15 42 89 27 146 171 150 174 115 64 47 149 122 63 27 78 17 30 15 64 12 29 29 4 46 200 50 28 
118 74 156 130 176 123 18 79 44 147 93 38 39 133 141 23 148 17 160 174 60 167 18 47 45 1 178 97 197 155 174 126 148 193 86 156 179 50 133 15 130 25 9 83 61 135 85 185 86 107 9 199 49 158 107 101 117 155 165 128 83 78 75 170 189 113 178 147 43 191 85 200 115 185 131 44 12 67 10 139 132 21 20 92 97 136 111 124 35 109 87 170 36 146 21 37 19 176 140 8 
195 200 86 110 3 60 180 83 80 91 189 93 167 48 134 137 97 16 11 92 193 132 119 49 95 86 157 196 67 152 126 41 168 100 84 185 11 71 148 116 1 80 197 60 83 195 6 29 176 163 152 136 76 105 200 58 90 111 40 74 162 29 86 137 15 71 141 125 106 19 94 72 29 171 6 10 23 148 185 43 175 52 152 145 153 29 82 6 5 114 39 71 137 24 79 153 56 107 178 50 
160 8 93 186 102 33 36 4 143 142 162 141 160 62 173 44 86 165 78 52 72 125 181 63 89 74 184 103 138 23 154 152 170 105 165 3 33 102 130 109 42 184 158 89 110 16 101 180 97 58 63 157 1 91 9 2 31 139 23 110 158 171 48 171 50 51 165 177 180 153 190 34 15 16 89 8 92 27 103 151 60 79 164 75 152 146 44 152 179 125 19 88 91 80 80 23 148 121 110 47 
78 87 50 171 48 168 153 48 79 141 144 81 200 143 171 62 192 152 111 44 63 173 198 28 10 96 180 77 154 169 99 119 113 116 60 166 58 180 200 28 130 181 63 186 13 60 47 48 144 176 19 134 122 119 60 167 136 76 146 169 198 157 52 162 67 135 66 115 142 144 46 32 136 166 132 94 66 102 7 175 89 111 131 31 69 66 123 184 187 1 18 21 53 71 42 129 6 134 135 107 
186 113 123 87 91 56 37 142 134 116 122 1 167 141 122 141 70 55 20 101 31 110 77 165 177 56 46 64 3 57 189 55 90 146 57 24 57 72 191 127 158 32 169 187 54 109 130 34 111 129 64 178 87 74 12 200 154 101 53 74 78 153 152 109 83 98 142 57 112 143 124 45 40 23 173 155 48 59 55 92 129 42 180 12 94 114 170 81 11 61 100 64 94 138 97 33 40 103 117 19 
96 19 78 75 192 181 158 156 48 113 197 189 21 140 66 33 46 182 77 85 58 137 177 48 68 66 181 132 6 104 84 76 118 103 43 16 22 76 81 188 109 107 112 42 115 33 46 19 140 126 53 144 171 172 162 23 76 108 167 72 17 11 42 107 144 106 149 4 189 37 23 126 11 80 51 176 194 176 186 31 73 139 100 39 61 100 52 56 4 93 4 27 184 50 15 87 76 83 146 158 
96 42 62 11 174 6 182 47 70 123 52 161 26 130 18 22 110 195 24 144 23 129 113 158 150 80 64 37 66 18 47 46 27 153 63 77 60 105 134 131 66 185 33 5 194 139 126 86 107 178 161 61 167 110 28 180 188 163 120 125 94 74 188 192 161 44 64 32 41 165 72 180 159 161 131 62 190 84 99 46 82 18 167 73 148 144 16 198 89 104 133 131 41 187 173 158 146 198 153 84 
170 139 188 8 6 89 16 126 6 54 94 14 144 10 90 10 3 169 41 172 199 174 19 191 187 110 77 59 95 82 154 53 131 73 154 168 193 132 137 60 5 103 95 36 131 73 86 81 63 132 97 123 60 181 185 136 160 118 57 53 177 135 78 141 43 148 70 54 187 89 24 159 10 114 184 56 106 111 176 176 125 146 4 132 95 190 170 118 127 171 162 156 20 9 60 37 178 47 58 76 
109 120 65 161 117 128 164 58 79 2 69 138 70 112 129 127 76 119 51 186 65 57 21 106 154 161 62 93 183 56 92 150 130 4 21 169 75 17 55 192 9 12 2 194 188 28 2 169 111 103 132 169 106 114 8 175 43 163 168 122 176 48 104 77 26 22 60 134 76 85 78 99 120 105 100 113 173 31 63 170 108 170 3 2 63 37 146 26 121 26 137 139 43 84 109 197 9 33 166 164 
178 89 29 164 184 83 126 33 185 148 80 90 161 170 69 53 39 130 55 12 132 123 176 95 169 200 126 5 12 98 26 50 148 29 116 131 106 54 90 147 50 119 60 125 165 156 117 187 104 80 127 138 196 107 41 125 13 196 193 147 81 51 142 74 37 115 125 89 151 118 9 92 170 111 59 54 185 63 97 21 125 70 169 129 118 180 118 65 103 13 39 140 168 76 167 192 190 71 91 9 
42 196 197 59 91 132 68 143 143 46 57 116 77 35 148 36 27 38 155 136 26 177 97 147 159 54 2 51 19 20 147 73 59 168 41 47 58 25 17 93 170 40 27 127 83 12 162 167 196 112 57 96 118 2 56 14 89 101 149 42 191 2 84 92 175 55 90 29 149 14 20 174 93 99 29 85 151 65 62 176 120 74 50 103 113 31 196 147 66 167 101 86 6 18 119 110 38 6 73 54 
152 39 9 179 134 143 27 33 4 28 181 169 172 53 134 10 134 108 120 167 50 156 4 187 127 191 90 167 97 87 5 67 132 4 184 131 55 161 122 58 84 196 59 125 13 62 99 187 13 149 22 25 143 108 120 174 1 102 69 141 154 45 61 174 178 73 152 39 155 188 179 184 187 65 134 99 122 149 175 134 188 115 93 123 11 1 74 28 54 180 194 86 95 179 4 196 83 47 186 14 
118 92 199 131 90 131 59 36 159 181 155 178 5 79 172 51 26 15 77 37 100 56 70 136 151 33 102 104 125 61 190 69 16 31 165 91 17 18 129 35 141 150 186 80 39 12 93 178 129 178 16 119 170 5 26 70 46 145 21 63 174 177 94 173 162 199 95 127 173 177 120 198 115 172 109 114 72 169 59 94 174 162 131 170 84 178 152 3 109 178 159 155 164 162 125 121 160 116 145 162 
17 107 44 18 25 86 181 41 27 159 112 90 187 120 91 161 84 26 15 88 166 169 158 57 47 86 129 17 88 82 175 147 12 128 83 9 139 112 191 95 112 175 116 123 96 81 165 127 84 13 74 97 148 121 77 93 50 124 139 41 121 147 122 102 116 71 84 149 169 111 147 150 173 34 29 124 54 83 129 134 49 24 11 95 102 34 143 99 30 184 46 52 163 124 45 121 9 153 55 24 
38 45 121 160 198 123 131 190 138 72 13 133 54 109 150 19 68 83 126 83 120 171 40 86 161 96 144 94 58 89 60 143 100 66 37 66 91 142 176 138 67 187 177 11 188 70 172 121 191 104 200 181 141 47 88 143 131 77 125 178 55 176 147 40 99 94 53 45 72 107 77 23 150 124 72 100 56 60 136 156 72 84 191 89 111 189 28 54 42 79 199 177 56 81 41 59 66 180 39 80 
82 20 87 21 45 99 66 40 69 67 48 2 170 124 145 32 115 30 67 96 134 14 47 102 197 125 38 60 100 27 82 21 74 167 144 115 59 47 2 5 158 61 12 86 57 168 19 107 125 120 198 179 114 97 18 47 7 132 69 179 155 166 177 9 49 78 45 127 4 193 105 91 144 48 4 104 85 117 81 152 110 95 137 138 126 73 189 189 111 40 149 5 160 77 56 173 120 167 138 27 
180 123 146 187 191 41 36 74 12 115 25 7 121 98 90 179 161 110 31 186 27 141 16 85 157 29 137 17 78 89 153 122 77 171 122 95 2 39 1 16 13 91 87 159 11 51 90 90 66 113 38 97 90 44 39 101 48 156 159 179 99 134 24 70 126 123 31 60 3 120 61 184 66 174 162 28 171 15 186 14 38 82 192 113 99 140 149 78 164 128 181 114 195 58 114 192 155 36 117 73 
135 160 87 57 178 182 124 184 148 90 50 116 76 157 103 152 9 120 177 88 147 120 1 188 117 11 165 103 38 21 103 125 100 46 97 81 114 86 193 182 30 64 23 4 135 168 135 48 179 140 36 77 184 78 186 85 40 135 146 5 51 162 195 107 14 73 27 89 195 99 160 89 143 72 131 69 120 63 9 132 139 70 70 2 102 12 156 37 95 179 116 123 53 174 180 120 176 192 86 63 
192 59 184 118 51 150 73 56 141 166 93 1 41 90 139 180 14 133 52 140 32 70 109 46 175 131 191 150 126 175 94 184 127 151 160 36 60 49 168 82 186 198 160 188 57 64 103 56 24 133 136 196 72 45 154 45 139 42 179 49 33 29 16 68 153 85 93 102 91 58 169 7 10 13 99 93 173 80 137 104 24 15 168 123 4 5 37 38 171 21 162 161 188 177 132 97 86 20 87 181 
181 8 141 188 47 5 72 163 146 2 160 79 145 171 13 180 185 8 27 188 59 130 152 100 117 33 172 100 1 63 132 111 68 140 156 172 200 190 176 3 136 92 31 40 62 78 131 4 72 13 52 80 67 79 150 157 69 23 62 86 64 148 120 135 40 185 171 55 61 193 196 34 24 108 104 187 147 57 146 178 75 106 45 145 80 43 132 107 142 174 59 58 75 122 188 171 191 146 169 55 
179 17 24 169 199 86 94 76 8 178 32 198 129 170 60 184 7 29 132 145 32 136 84 56 139 159 183 35 53 144 150 114 37 183 11 195 3 167 121 21 74 156 106 53 84 81 114 119 157 143 38 126 162 145 91 195 130 12 38 144 151 32 38 184 123 190 182 193 59 188 84 48 155 110 66 32 175 127 3 176 42 53 152 194 47 87 105 126 117 113 128 150 103 135 65 155 128 58 135 2 
144 169 195 122 69 50 105 67 112 16 175 123 23 147 109 102 193 162 182 36 2 23 35 182 55 139 94 15 180 29 58 47 148 19 177 70 175 152 99 26 85 33 108 102 142 127 161 24 19 62 37 126 174 6 27 12 72 73 163 195 162 124 108 107 105 146 187 111 101 29 168 192 197 70 127 132 186 20 47 12 150 194 13 140 191 97 174 74 35 54 46 60 115 69 146 30 164 119 177 101 
108 57 172 12 16 87 153 198 95 73 131 91 74 196 192 47 29 133 159 119 73 115 104 23 155 142 129 44 71 27 44 85 3 161 195 157 141 91 99 10 148 95 62 152 80 174 80 81 79 96 155 10 197 21 52 140 101 71 125 1 47 149 89 179 162 143 124 128 23 140 192 164 23 153 200 90 95 45 40 144 134 200 18 106 106 63 74 123 109 51 103 81 102 47 115 35 17 172 171 119 
92 94 138 181 35 168 28 101 57 134 109 88 176 108 21 4 17 30 145 84 148 35 187 134 182 108 80 200 47 67 9 18 182 180 58 128 195 24 65 51 59 194 56 96 193 184 192 133 40 130 149 140 195 40 116 108 66 198 196 197 45 136 14 83 4 194 136 165 13 105 72 94 122 20 178 111 91 147 84 199 4 114 136 32 49 168 28 127 154 31 90 78 159 79 117 1 86 191 29 84 
155 22 68 157 91 3 197 20 139 141 122 117 165 89 198 91 134 119 10 151 179 25 37 7 181 123 64 46 142 12 194 90 191 66 180 112 50 17 154 171 64 160 76 54 96 71 194 191 115 87 84 16 86 70 88 151 69 9 141 198 115 102 197 148 73 96 95 7 69 30 91 6 188 41 176 20 60 147 199 137 192 146 17 190 72 153 59 18 179 53 75 87 90 139 19 163 14 57 50 67 
181 167 16 80 65 28 85 22 197 95 175 125 9 16 177 95 183 51 179 104 138 99 3 61 186 36 73 56 165 45 63 132 3 47 70 70 113 130 40 31 149 88 17 121 93 154 119 40 55 77 200 189 128 36 158 21 153 42 118 64 177 120 49 73 66 159 26 69 3 49 147 109 117 143 5 3 89 130 168 147 175 129 105 39 57 119 27 102 165 160 155 112 38 120 165 133 83 120 100 110 
195 84 50 61 146 184 83 93 138 33 38 162 12 129 87 70 37 53 129 3 26 123 101 86 168 49 105 95 41 16 165 191 39 143 132 181 192 149 12 82 126 125 69 67 193 165 173 94 145 48 72 139 47 28 194 151 145 29 37 62 55 48 6 85 30 49 49 4 89 50 38 108 3 57 122 63 80 81 60 52 88 16 133 41 186 144 190 6 133 97 60 193 69 189 149 187 38 99 133 151 
