100 6
0
0
1 9 183 -357
2 10 148 -286
3 28 164 1012
4 29 86 29
5 35 25 185
6 54 115 744
7 67 83 67
8 83 39 83
9 95 10 75
10 98 126 854
11 107 21 275
12 113 177 113
13 113 56 225
14 115 142 399
15 125 13 203
16 146 198 146
17 157 34 225
18 158 6 194
19 173 70 733
20 185 129 -73
21 199 123 445
22 201 103 201
23 205 39 517
24 214 117 682
25 215 1 213
26 219 48 507
27 221 34 221
28 230 137 230
29 231 124 479
30 239 180 599
31 266 58 150
32 278 114 506
33 279 107 1135
34 280 51 688
35 281 157 1537
36 286 26 234
37 286 48 478
38 293 131 817
39 308 179 1382
40 312 180 1752
41 317 113 995
42 325 103 531
43 333 32 461
44 338 11 360
45 338 58 802
46 349 128 861
47 350 162 26
48 372 171 30
49 373 141 1219
50 387 70 387
51 389 64 901
52 398 140 1238
53 409 194 1961
54 410 40 490
55 426 6 438
56 426 163 1078
57 437 66 701
58 437 185 67
59 438 119 200
60 443 136 987
61 444 60 324
62 449 194 1613
63 458 30 458
64 463 181 101
65 463 175 813
66 464 121 1432
67 472 95 282
68 474 99 474
69 478 120 958
70 497 57 725
71 517 84 1021
72 535 79 1009
73 536 167 870
74 543 13 621
75 549 34 753
76 559 39 871
77 559 200 1359
78 561 71 561
79 567 152 1783
80 567 121 567
81 570 99 372
82 579 187 953
83 584 149 286
84 585 80 1225
85 592 160 912
86 594 67 1130
87 597 34 801
88 598 109 380
89 604 52 500
90 605 1 603
91 605 103 605
92 606 123 1590
93 611 45 791
94 625 53 943
95 632 99 830
96 644 74 1088
97 644 154 644
98 650 47 1026
99 651 75 501
100 662 32 918
2 147 200 157 161 59 89 159 153 193 135 195 117 30 100 200 45 31 2 22 64 17 29 37 160 35 172 143 20 75 190 85 20 124 75 23 14 16 2 161 168 45 171 11 191 175 163 82 27 11 30 30 25 97 164 199 189 186 181 15 79 146 9 134 165 7 144 100 16 125 109 67 198 174 57 97 155 200 23 21 183 170 128 95 151 114 7 31 17 33 73 130 12 170 155 65 81 162 147 95 
164 110 103 53 192 170 73 70 126 84 60 181 169 133 62 200 68 175 199 117 106 122 99 94 119 24 88 151 88 4 174 131 92 182 47 113 33 53 37 88 47 108 31 175 134 154 76 21 21 33 193 70 182 1 176 84 176 42 61 170 157 20 59 109 46 89 157 127 8 29 5 116 123 11 136 81 24 111 41 106 128 170 89 16 37 31 76 95 81 43 170 10 27 194 195 23 2 84 169 40 
184 22 123 154 62 120 169 91 29 49 96 184 190 186 113 72 54 190 62 150 38 21 162 105 11 195 107 76 117 180 187 56 63 9 15 79 15 22 76 154 75 37 187 161 35 178 131 156 140 192 76 26 119 77 149 106 1 133 82 186 174 70 107 73 49 159 26 71 44 59 169 170 152 126 138 79 127 113 167 184 181 194 136 89 190 193 117 10 62 108 20 171 55 67 56 31 110 24 158 137 
154 59 95 175 144 133 69 29 160 53 147 45 150 110 35 66 170 11 196 48 152 39 57 79 126 195 187 181 97 75 120 3 75 197 137 137 174 33 124 73 20 178 87 73 68 172 115 72 85 63 150 117 38 69 141 14 91 38 182 42 159 196 96 60 198 166 173 110 55 38 43 153 110 26 143 162 62 143 154 41 190 131 197 156 53 157 70 72 95 137 21 190 102 62 111 9 174 177 93 76 
60 130 186 200 180 62 96 87 16 119 144 91 174 104 188 183 125 63 138 168 121 135 19 146 36 105 177 182 174 56 182 5 90 36 61 96 155 123 105 149 153 81 106 188 96 57 79 166 178 127 143 76 105 71 183 29 12 156 126 142 136 196 167 163 168 158 18 169 172 123 100 52 156 85 69 15 30 198 116 75 173 153 16 71 179 70 152 23 46 150 153 184 69 130 40 87 123 199 62 92 
145 113 51 189 50 191 125 157 112 46 29 88 52 39 143 175 14 193 89 173 8 93 99 181 91 1 197 105 181 125 49 1 43 92 28 138 97 84 19 126 119 3 19 46 186 189 128 8 14 23 150 128 93 180 21 95 192 5 53 144 7 13 175 157 144 135 146 81 68 110 90 89 32 86 166 33 196 77 13 157 115 9 72 32 185 92 130 131 4 51 129 187 59 51 65 124 118 130 200 132 
103 27 37 93 50 94 145 75 76 143 30 11 140 97 197 191 88 151 84 51 160 41 148 194 23 60 33 16 118 194 31 11 163 138 170 71 116 92 80 143 66 19 133 22 82 85 86 131 81 36 39 7 51 76 37 114 18 36 133 193 118 142 14 186 170 124 77 44 6 88 173 56 59 115 80 171 12 86 125 197 92 2 35 181 151 124 52 176 37 98 147 31 9 75 11 21 66 44 107 120 
194 109 114 186 37 90 29 88 62 128 26 134 166 81 99 40 60 169 130 158 180 72 189 72 48 49 103 40 67 164 183 175 21 131 27 80 28 15 31 162 128 128 148 69 72 100 28 53 173 186 30 190 23 101 108 13 156 126 43 18 103 103 161 33 122 148 49 104 29 120 124 116 175 43 183 174 42 84 49 159 168 150 162 167 56 108 68 32 92 128 174 47 133 178 146 177 122 163 9 25 
155 32 172 3 18 10 136 31 139 20 64 124 143 138 180 170 46 173 7 168 51 99 200 65 138 159 153 16 124 128 176 118 37 90 100 115 192 71 55 32 62 39 40 45 22 143 179 141 156 159 24 71 65 161 147 188 77 49 88 113 112 63 157 4 165 146 56 165 118 14 179 165 37 186 161 93 105 95 150 34 136 123 195 190 69 164 43 137 200 158 160 130 180 144 48 182 156 53 145 77 
122 141 43 80 158 115 35 42 178 11 7 82 170 51 86 97 148 3 196 118 75 35 71 10 4 92 86 112 170 12 50 151 130 103 139 27 153 91 186 159 6 192 30 151 181 196 188 198 116 83 123 14 25 76 170 132 140 141 162 112 192 114 10 106 137 181 61 86 146 101 141 83 66 189 36 169 92 173 38 110 139 173 20 8 88 115 174 194 72 42 192 18 118 173 118 3 51 83 20 161 
89 165 90 36 101 65 2 36 14 109 186 18 126 144 15 19 137 176 183 99 183 181 191 15 26 122 141 76 41 126 133 171 97 76 97 43 16 28 31 36 111 143 114 111 58 113 165 102 186 191 85 104 171 80 107 36 17 135 112 179 2 6 34 193 106 200 1 101 131 153 192 194 168 4 53 77 121 3 105 3 56 63 2 118 143 67 167 192 39 46 22 130 172 148 36 126 99 11 20 66 
71 44 142 70 62 55 160 125 196 45 81 76 189 15 140 35 141 149 103 178 108 139 95 102 75 25 71 29 78 42 146 198 59 15 184 184 58 2 129 151 92 31 181 30 69 185 108 66 187 65 31 4 82 56 122 112 25 137 172 192 56 130 123 32 28 82 2 5 73 43 76 41 131 152 128 148 189 18 152 58 105 132 80 1 4 76 91 160 123 123 42 179 1 123 19 65 87 179 55 17 
87 175 2 119 145 71 193 167 87 110 1 198 177 177 165 43 106 54 170 87 81 14 99 46 166 18 199 59 65 136 115 135 21 94 96 184 7 50 52 43 49 2 182 60 4 43 32 101 40 113 145 58 63 69 176 139 112 69 77 31 26 106 32 61 128 44 104 39 141 133 93 56 56 74 93 53 144 105 46 171 131 147 80 182 30 158 76 87 83 188 130 179 155 178 75 136 67 68 70 3 
78 181 5 191 124 35 154 188 183 141 102 175 33 77 77 176 140 62 140 127 147 100 94 127 167 154 82 61 58 147 23 162 118 72 4 57 31 44 100 87 79 165 174 195 93 29 109 41 29 125 42 110 91 22 142 131 73 130 70 88 21 88 41 129 129 13 119 70 11 91 84 183 150 62 48 107 181 127 117 105 65 67 158 89 1 16 169 89 159 27 42 61 79 8 58 189 183 114 26 102 
34 84 129 142 45 93 104 132 106 199 19 37 153 155 41 177 26 139 197 37 128 46 39 71 172 134 156 97 165 34 65 174 48 178 174 175 67 179 120 196 24 123 58 70 184 55 195 40 181 164 162 47 22 119 117 1 39 105 190 114 168 32 72 91 2 152 47 89 74 158 6 137 93 23 6 14 84 104 178 141 189 92 54 190 40 15 53 13 41 78 116 81 20 105 133 66 199 194 166 111 
115 66 113 69 48 98 171 77 47 61 94 12 47 69 102 35 89 124 114 178 15 91 199 159 196 37 82 160 165 11 158 33 158 10 133 23 65 3 49 55 113 193 74 32 5 178 136 6 74 150 156 174 77 176 68 38 70 168 58 136 75 96 52 27 120 193 188 93 161 118 51 32 1 151 160 157 114 120 30 131 32 173 14 186 158 47 76 26 28 101 3 140 137 61 182 45 51 99 156 20 
112 18 123 136 2 10 85 37 142 65 111 171 49 55 178 49 159 86 122 99 184 179 52 92 96 32 189 25 32 18 116 71 146 34 83 193 25 27 18 10 48 118 79 88 37 167 145 177 113 52 89 163 93 80 23 62 109 103 189 188 159 122 72 71 49 14 38 192 111 98 62 27 44 177 181 103 104 7 72 164 45 3 180 65 14 125 190 108 196 16 40 119 63 146 116 43 113 47 79 108 
98 177 97 147 154 10 71 34 26 194 106 24 199 194 98 79 171 119 31 79 4 200 119 55 73 142 22 30 95 160 85 174 187 126 66 148 75 175 85 136 76 121 31 36 43 105 103 115 63 122 40 116 33 134 156 17 125 110 67 90 127 89 58 116 35 41 95 68 136 46 175 157 2 80 126 125 161 67 6 163 139 23 127 109 78 87 14 187 71 13 46 61 165 140 133 76 159 25 57 153 
69 132 176 105 154 17 79 15 66 125 138 58 111 80 36 131 30 124 151 70 106 133 59 97 83 50 52 177 42 6 99 125 25 10 133 144 175 105 136 31 6 85 178 145 162 117 16 21 14 125 62 144 50 89 21 105 150 133 65 136 92 173 48 36 178 43 145 115 17 149 154 11 119 138 50 94 165 155 84 67 120 124 35 7 153 177 98 171 147 75 87 88 100 183 181 134 112 140 155 59 
85 105 170 188 77 30 168 99 6 179 194 67 178 112 3 52 57 98 121 57 98 28 101 15 14 59 81 25 136 54 28 118 47 39 142 187 33 116 187 27 158 180 177 198 174 104 116 4 109 169 119 22 98 156 110 147 64 43 183 124 125 97 73 167 43 115 180 125 4 4 26 197 81 183 133 176 177 110 166 53 117 122 121 199 42 91 155 106 176 151 70 168 115 50 13 52 31 84 32 37 
104 53 114 180 60 34 37 83 98 45 100 66 33 1 57 4 198 86 178 85 43 83 25 129 76 83 81 159 127 123 62 200 158 161 151 100 72 10 102 50 51 151 180 48 161 154 165 56 29 75 57 195 32 176 20 81 53 193 111 80 174 79 121 175 61 181 114 117 136 59 185 189 64 141 100 170 155 38 121 103 96 4 99 109 134 110 56 30 27 194 123 90 24 108 51 136 95 134 4 36 
73 100 143 35 98 6 36 8 77 142 168 116 43 189 36 101 186 142 149 61 86 116 71 182 172 162 166 75 156 161 7 28 106 95 36 121 186 15 6 29 54 122 69 173 155 167 159 121 162 116 25 99 65 19 86 96 17 40 164 198 83 187 21 44 132 61 179 34 62 86 83 143 117 195 81 52 139 24 164 140 34 191 112 34 5 2 135 6 175 53 183 150 28 152 114 44 37 33 44 28 
151 38 34 83 165 40 66 62 81 3 156 76 92 32 66 119 134 58 63 191 62 75 141 60 34 69 15 40 155 66 108 16 108 52 66 90 125 189 169 86 40 160 19 174 39 67 30 14 173 117 178 55 119 112 180 67 140 38 111 11 160 46 88 9 185 181 185 78 94 4 141 75 60 174 95 22 38 4 121 162 10 181 127 169 166 180 87 97 195 193 135 63 102 84 3 178 100 69 91 12 
41 88 117 129 54 129 114 109 125 106 169 101 157 178 118 125 22 98 196 104 197 79 73 200 174 170 41 168 25 44 59 93 196 85 144 59 22 185 3 53 10 64 172 74 174 167 2 149 93 200 41 200 24 7 25 70 165 80 52 135 198 194 159 196 196 180 64 183 142 102 18 131 140 123 132 181 140 141 71 105 149 149 135 94 34 167 141 55 150 76 170 168 16 152 107 102 99 1 172 162 
55 80 14 88 198 55 38 172 85 75 10 194 191 168 178 2 152 175 187 149 66 111 133 142 191 149 35 151 171 38 72 127 122 104 146 35 149 50 140 114 197 136 103 153 194 196 86 43 155 93 142 101 13 49 6 111 182 190 124 178 170 5 55 81 170 73 121 11 45 97 27 171 117 40 43 108 74 179 93 143 186 43 50 36 42 171 75 61 200 62 141 1 57 175 77 192 168 25 121 107 
49 117 192 137 112 109 178 55 76 163 23 80 106 103 103 35 167 165 143 157 16 84 9 28 76 162 189 134 51 41 64 153 165 31 163 116 16 178 185 26 29 146 122 65 143 75 186 126 88 172 183 167 68 142 15 25 109 83 33 193 53 11 193 47 31 123 110 186 185 60 26 56 121 98 152 34 108 117 94 173 167 113 33 73 111 156 189 123 113 28 130 125 157 189 127 166 28 189 138 97 
54 174 141 60 55 45 150 37 183 5 177 90 32 194 139 140 67 54 40 75 156 8 52 185 193 130 122 135 189 62 190 177 61 172 29 77 94 88 111 19 73 190 40 61 196 97 33 27 138 5 12 77 12 114 156 43 12 88 118 88 21 123 100 98 80 126 35 110 151 138 60 82 7 13 169 160 125 80 155 199 89 117 144 152 112 93 4 155 179 58 67 180 17 116 37 148 122 164 31 130 
62 29 168 34 182 2 134 70 199 90 194 117 56 48 99 172 48 158 200 179 133 41 92 22 116 109 113 35 191 193 177 89 9 64 144 40 82 12 118 157 87 169 41 71 36 51 80 138 37 123 137 26 59 90 94 90 132 137 57 145 46 94 62 20 177 169 161 178 48 73 70 80 24 127 102 107 132 126 48 80 197 161 37 173 89 162 2 30 94 30 97 136 68 187 85 27 164 59 142 108 
17 104 152 147 158 64 72 169 53 34 177 144 103 18 198 64 182 67 138 7 92 17 13 90 92 145 79 112 67 188 129 11 127 76 184 83 137 181 66 44 52 73 139 177 90 44 160 82 66 75 56 181 151 198 64 100 125 31 10 145 77 102 79 170 16 59 52 172 154 108 194 152 115 57 198 186 62 101 102 63 28 142 70 172 62 67 72 146 119 25 83 154 14 38 86 9 114 146 30 9 
150 158 21 88 49 33 163 116 72 153 4 5 177 27 113 35 96 103 197 126 149 175 159 101 24 140 76 123 176 113 24 128 135 75 58 77 3 159 107 10 29 131 87 76 131 185 108 162 157 122 30 73 180 74 45 162 68 159 111 77 155 84 130 44 104 131 33 4 73 125 108 74 97 197 132 170 152 167 96 35 80 163 67 110 197 198 200 78 61 71 132 107 45 150 138 31 11 41 33 63 
139 147 23 113 45 144 120 149 173 113 161 69 191 133 52 80 116 75 177 127 135 36 167 60 154 64 200 143 5 73 150 33 156 62 133 63 189 56 149 56 161 156 114 106 155 23 96 55 157 151 118 174 170 98 58 149 103 7 93 68 131 154 83 36 14 47 75 153 68 6 37 89 136 67 77 67 26 87 50 100 176 32 13 195 177 153 21 38 156 141 178 146 184 96 100 92 182 109 199 135 
28 117 58 57 146 155 1 17 200 126 27 88 152 85 141 197 113 22 13 66 95 48 23 58 94 133 195 69 132 78 44 43 22 143 80 96 19 186 116 143 136 8 48 144 99 162 188 88 194 17 7 77 20 157 21 146 101 190 12 35 110 121 8 114 114 26 30 159 58 200 80 82 60 187 9 187 145 107 165 169 72 180 85 168 142 154 143 83 129 62 38 69 91 94 11 179 137 12 123 12 
68 184 94 74 170 64 76 144 100 180 154 71 141 197 63 154 103 65 176 63 179 59 26 78 178 14 62 40 187 177 120 184 110 181 5 116 124 94 180 147 142 94 189 182 129 145 184 59 71 124 123 114 86 7 102 57 172 16 121 188 194 133 130 24 6 59 104 124 175 9 1 73 69 157 196 106 42 1 67 9 14 68 65 102 9 18 3 123 146 164 63 170 51 10 104 134 47 122 198 165 
91 42 154 37 78 138 156 71 2 66 56 28 197 117 141 114 143 186 97 183 61 140 190 73 131 44 34 118 21 157 139 15 70 60 190 78 27 100 137 25 197 190 151 81 155 147 48 99 174 148 113 136 179 55 139 121 38 143 181 146 58 85 137 14 2 28 78 20 196 1 73 139 38 97 123 33 122 140 117 1 191 20 198 45 53 1 148 175 99 73 125 143 193 142 186 179 25 5 71 78 
33 186 155 180 157 178 182 81 56 165 54 65 132 149 100 69 172 24 168 21 144 80 149 28 15 5 77 64 27 123 199 129 86 89 10 162 150 182 101 12 107 5 82 193 37 30 63 137 133 98 141 88 137 198 127 9 46 23 66 159 118 129 69 95 29 173 65 186 51 35 27 93 43 114 108 12 128 6 126 18 25 179 139 8 186 159 91 82 14 153 23 170 137 187 172 114 3 59 50 39 
92 165 171 122 93 86 22 34 179 72 30 188 121 119 51 70 42 156 69 116 47 157 144 23 147 76 148 108 134 36 71 78 136 141 57 26 167 176 159 185 7 191 190 126 109 186 35 8 53 151 28 15 111 50 188 166 60 145 81 177 13 51 192 47 52 39 15 126 116 66 175 129 97 117 145 5 93 114 119 124 156 182 151 156 197 183 20 80 172 19 16 73 32 170 67 150 128 188 175 19 
38 191 86 90 18 155 112 23 151 68 91 67 90 149 58 133 1 101 100 47 49 128 108 77 60 81 121 143 170 103 41 58 110 19 38 67 71 69 18 100 28 60 55 99 6 181 187 200 24 100 98 43 7 199 163 154 110 101 133 192 71 141 16 1 161 52 190 17 71 28 26 169 58 59 137 88 147 1 177 105 32 180 178 135 171 77 129 23 44 35 48 110 198 95 177 98 121 43 71 24 
124 121 15 175 60 150 14 84 108 22 92 43 44 108 148 136 89 185 134 113 150 184 130 41 100 118 53 153 19 178 143 38 66 82 44 20 57 8 41 42 195 10 191 73 9 100 86 69 87 70 165 197 77 101 169 174 74 76 50 126 107 8 91 1 137 45 181 144 120 195 184 122 195 12 37 173 134 189 9 78 83 86 25 152 124 138 168 116 91 44 14 57 40 162 181 90 194 2 72 49 
63 195 136 80 3 5 148 112 182 198 130 14 109 180 185 13 27 43 19 34 157 97 131 193 57 162 39 34 6 97 183 179 85 50 144 33 30 22 45 2 87 61 109 45 171 74 14 154 111 94 40 179 37 7 66 27 72 20 48 107 158 192 175 13 131 79 37 127 138 132 21 140 126 60 153 116 61 150 178 44 17 186 109 173 20 74 132 109 68 51 132 183 44 181 168 181 85 135 104 139 
138 177 141 53 93 49 170 135 33 24 100 57 2 19 175 104 73 60 99 175 34 32 88 25 112 111 56 27 90 115 196 196 120 43 117 169 135 37 155 78 43 157 14 160 116 1 21 157 49 105 32 69 167 135 142 74 150 78 36 147 172 156 139 26 37 110 81 64 169 11 104 80 51 20 46 176 37 59 61 115 171 92 44 59 122 194 94 33 71 98 91 98 158 188 29 60 72 26 14 68 
107 91 139 173 14 132 18 71 200 22 199 166 153 137 175 152 106 31 106 120 166 115 158 173 79 177 129 159 33 100 79 33 31 131 115 28 133 93 37 167 122 113 42 107 90 136 76 130 175 68 85 2 11 56 97 126 72 50 6 170 43 45 16 3 16 62 67 185 64 14 60 171 94 109 113 93 186 151 89 182 128 129 133 54 32 8 110 151 145 43 90 84 49 132 147 95 144 56 93 22 
92 165 182 76 16 56 2 93 90 200 93 173 148 63 148 107 48 94 24 64 136 160 155 18 195 197 53 178 98 199 175 95 135 101 12 50 28 155 80 112 101 22 80 80 175 49 118 64 177 197 30 58 23 154 177 56 184 46 172 190 135 197 132 106 192 197 31 137 175 53 43 135 163 107 173 195 138 198 155 35 147 142 193 22 111 198 143 88 74 87 96 41 185 190 168 15 75 127 127 55 
194 9 49 133 165 83 44 162 36 89 127 179 81 117 82 10 163 151 94 124 118 148 186 40 160 176 188 176 136 97 151 6 101 79 93 92 131 95 157 139 152 6 200 47 173 153 192 27 47 2 65 135 29 122 6 81 102 4 186 156 130 129 150 176 55 131 62 158 197 31 126 154 30 108 188 91 138 59 6 69 75 123 199 199 143 68 83 155 174 176 45 45 83 62 43 141 31 75 61 56 
123 136 83 112 102 141 113 19 114 27 43 121 142 143 148 149 125 137 26 165 194 142 24 119 181 79 30 26 109 187 168 100 47 22 197 72 182 79 143 106 98 77 156 113 184 55 99 168 136 93 179 12 170 142 124 79 103 104 27 141 165 65 183 68 46 187 154 51 11 34 141 152 145 18 59 114 193 128 87 110 12 167 164 148 181 28 61 48 144 34 135 161 175 115 138 13 20 144 126 71 
77 185 153 151 161 97 48 65 123 76 33 65 113 58 92 169 158 53 187 191 85 106 56 23 66 80 21 40 120 114 193 52 6 174 72 31 65 194 106 95 12 8 114 12 188 39 42 75 20 5 3 25 30 106 41 88 200 159 41 194 136 189 106 155 56 16 147 47 20 97 68 188 141 107 96 195 125 169 2 43 148 25 12 73 13 20 146 74 3 111 24 126 190 44 162 40 118 55 60 168 
84 49 95 36 153 182 158 156 60 178 70 4 3 146 166 37 5 39 38 181 195 162 134 108 91 70 54 99 124 160 183 129 109 124 37 1 79 141 184 86 57 63 112 104 156 134 182 65 28 156 80 53 182 68 159 102 187 132 159 132 79 103 38 21 195 136 12 102 6 195 171 120 143 130 190 173 156 58 142 179 175 14 174 156 21 186 95 51 22 175 129 194 144 105 90 129 93 23 189 165 
59 53 175 30 6 117 135 140 139 77 6 181 154 68 125 106 118 40 199 43 193 180 54 27 77 4 36 137 183 66 176 133 185 179 145 121 112 147 106 163 82 74 70 132 188 10 60 149 90 199 158 29 192 177 102 31 79 36 138 128 88 75 180 78 160 31 42 41 81 5 133 2 105 192 141 97 143 110 102 74 5 57 196 34 198 4 139 197 113 69 91 137 19 47 52 56 142 66 127 125 
62 97 33 86 44 8 21 30 114 184 94 90 79 88 33 86 168 49 176 22 99 47 167 93 93 29 189 186 68 79 161 10 36 129 15 53 104 5 137 19 112 107 153 192 92 49 197 132 39 56 104 16 15 195 74 16 170 196 14 116 58 193 156 52 77 32 102 100 76 162 56 160 8 64 102 105 70 192 85 157 88 97 85 114 36 39 131 200 81 181 174 6 141 80 169 114 82 138 181 114 
45 44 176 64 34 132 39 68 45 73 184 133 183 148 157 24 165 2 51 102 49 2 14 86 197 124 27 151 86 34 67 21 158 133 159 27 102 136 56 76 65 169 2 47 74 159 68 12 15 180 117 153 104 195 155 30 103 118 118 49 183 33 75 85 162 104 30 8 161 101 168 81 182 60 181 153 96 6 129 129 116 61 102 24 68 9 145 128 68 10 125 131 200 3 11 38 69 42 192 72 
160 125 158 23 189 69 89 133 189 101 21 25 15 153 95 8 134 68 67 161 22 129 156 37 112 133 62 21 69 9 148 124 139 23 153 78 47 104 148 141 158 42 175 189 17 8 118 165 97 156 166 73 48 74 35 96 88 113 158 117 35 156 101 153 143 185 11 53 198 40 82 114 97 192 96 104 132 8 129 99 168 107 87 75 138 60 174 21 96 8 36 188 182 15 37 42 105 13 1 89 
14 160 165 60 183 149 189 191 26 134 16 173 84 115 131 37 149 33 97 184 155 75 197 158 182 173 39 192 113 195 166 109 163 1 107 84 179 3 43 69 84 8 137 192 10 73 191 102 96 54 10 196 99 190 41 160 129 29 50 38 80 147 47 8 16 76 62 27 135 154 81 184 182 132 116 157 55 189 195 137 170 149 166 147 169 38 1 123 160 85 153 39 26 19 140 175 115 146 21 84 
165 112 114 191 47 68 143 102 197 9 180 57 75 182 141 136 199 146 137 172 64 193 9 23 54 64 155 113 123 181 172 66 1 4 120 4 145 146 62 16 19 124 11 140 168 56 166 104 130 167 18 110 144 187 70 84 116 2 145 66 44 140 15 189 144 150 200 191 26 118 56 75 9 115 64 4 138 38 80 28 163 62 58 20 45 150 191 10 40 166 76 157 158 125 54 147 158 113 12 67 
128 182 19 125 82 46 35 13 127 36 193 188 30 122 52 112 166 60 92 105 176 151 71 195 90 105 101 165 174 14 133 79 35 151 114 90 64 19 166 50 105 94 194 43 170 35 171 72 101 27 88 31 174 75 95 65 133 191 35 122 132 20 165 39 47 101 184 15 170 43 4 19 114 143 59 151 187 62 175 14 58 28 102 129 128 2 178 140 181 113 140 82 72 190 12 42 143 95 158 41 
187 184 110 151 162 161 15 181 125 84 160 165 9 142 69 153 56 194 32 190 77 39 45 118 197 66 42 35 130 85 183 182 2 119 93 123 6 130 159 115 124 15 117 151 167 84 62 173 175 155 67 156 102 162 186 111 155 195 105 69 171 95 90 103 38 79 109 89 116 50 40 61 41 27 69 86 4 196 192 178 75 21 141 138 105 136 37 143 40 190 112 107 108 135 79 187 30 189 188 5 
136 167 154 3 198 154 125 46 196 70 153 32 15 14 41 55 30 81 122 34 93 13 155 181 86 94 138 57 151 183 49 74 186 122 159 80 36 21 177 198 124 179 18 62 74 65 196 99 183 193 136 30 183 118 196 30 164 196 9 41 188 181 96 133 108 32 200 124 28 184 139 109 49 71 160 161 174 33 33 12 168 97 114 118 25 16 3 17 92 177 149 183 63 167 131 26 147 103 144 167 
153 190 152 162 127 14 192 177 186 78 72 21 101 185 34 151 17 91 196 60 96 116 127 19 28 10 140 38 122 136 14 80 121 25 17 102 99 72 86 178 74 184 66 136 74 64 32 9 95 10 181 171 151 38 3 84 175 188 13 13 92 156 64 57 105 47 53 28 150 198 190 188 130 31 50 86 121 162 169 102 181 65 136 173 37 132 20 196 181 76 186 175 33 194 109 178 32 185 131 76 
76 115 166 157 137 62 178 176 177 14 197 61 136 43 32 58 54 116 119 130 42 123 93 159 199 169 186 141 47 100 114 26 182 118 11 62 58 22 82 36 11 141 131 196 147 131 111 62 143 148 112 118 109 20 101 37 36 155 109 19 18 8 192 10 191 192 158 119 146 30 20 80 28 19 133 5 160 145 91 101 141 2 191 29 72 35 180 25 99 18 184 198 34 62 136 19 105 44 36 157 
26 132 91 104 155 13 105 192 152 195 186 72 143 63 88 149 112 6 150 56 36 165 144 24 19 147 64 123 18 102 131 31 47 58 114 179 167 126 194 57 26 28 15 31 196 125 51 61 141 169 131 116 69 5 7 5 89 138 161 57 80 108 162 182 197 15 25 90 63 90 112 187 36 87 10 163 100 116 32 40 160 25 67 148 152 22 1 163 80 145 42 98 196 178 20 198 71 134 60 176 
128 188 191 121 139 67 126 68 176 163 195 198 196 52 130 60 58 1 51 14 93 152 65 181 123 124 153 65 149 33 42 135 182 174 155 178 165 83 153 36 87 116 31 105 58 60 198 180 193 55 56 95 162 141 172 94 145 75 22 145 108 22 198 180 146 45 144 199 87 141 160 8 89 197 56 146 42 131 141 61 17 79 105 22 93 97 65 115 7 139 89 34 47 153 38 176 50 40 21 92 
105 98 111 109 189 82 143 29 187 145 101 57 141 164 64 140 147 193 122 195 162 151 139 37 103 172 124 14 200 99 75 97 39 66 138 56 13 57 60 200 95 137 74 44 192 43 25 50 132 198 112 18 93 80 120 68 175 108 90 167 108 90 174 180 116 174 146 105 32 104 13 23 40 27 197 23 24 107 169 1 30 187 84 189 110 197 76 157 98 159 82 147 39 112 169 129 179 129 52 25 
112 45 200 102 50 55 41 124 23 36 111 121 152 188 38 41 145 26 134 148 178 58 182 180 170 78 2 39 108 18 47 194 143 155 71 103 146 170 87 60 89 50 51 115 88 130 187 149 101 160 171 2 93 51 60 180 14 176 154 69 113 53 137 185 77 99 200 96 112 62 47 198 79 108 134 196 151 115 137 200 97 181 109 47 143 16 195 127 146 187 67 129 44 120 19 94 118 66 33 108 
2 48 99 159 64 168 95 57 55 186 32 134 12 160 147 182 137 78 7 192 72 172 63 145 2 77 188 97 129 16 129 134 97 15 141 199 79 57 182 111 159 83 119 110 152 119 24 161 150 60 11 83 1 79 32 101 55 189 111 59 137 141 139 156 136 144 200 50 107 194 191 73 48 169 140 76 33 18 164 71 105 48 129 176 175 19 176 90 107 77 146 171 44 80 81 45 44 46 171 45 
99 162 84 59 25 56 59 64 110 102 90 132 132 189 103 82 13 140 123 56 1 121 182 8 18 142 33 190 134 29 168 28 132 27 186 61 181 23 105 9 23 131 188 118 55 66 1 198 126 93 112 141 36 99 36 197 138 69 82 36 2 198 88 160 142 22 148 136 92 36 133 83 154 115 180 139 59 51 99 109 34 51 152 195 150 186 176 67 69 116 82 154 108 77 181 170 197 26 15 146 
23 90 174 137 183 183 52 40 69 32 110 198 10 173 26 189 145 172 166 172 54 107 169 70 66 23 39 2 11 50 40 92 12 80 109 187 60 4 102 115 158 146 50 39 121 60 180 41 50 153 185 132 151 87 22 131 152 122 107 193 111 191 168 28 114 51 23 185 144 30 27 132 118 151 5 123 63 96 98 3 38 109 158 136 138 105 102 52 39 114 147 50 25 172 9 21 86 37 78 101 
1 156 175 37 124 102 55 154 58 88 137 8 9 48 73 159 162 143 145 132 84 153 62 93 49 73 33 88 184 108 174 66 171 97 25 193 71 74 6 166 19 145 112 35 15 176 11 106 185 168 9 11 46 174 111 177 60 2 36 4 46 25 90 180 161 96 38 158 16 17 195 112 47 111 7 175 84 113 53 80 146 58 79 188 133 156 65 59 42 161 69 199 199 96 182 21 195 18 18 33 
9 113 69 56 89 114 80 145 113 96 103 166 139 59 182 49 38 110 65 129 103 182 78 66 29 56 194 97 161 188 103 49 6 200 93 25 146 1 5 9 85 180 20 133 149 36 154 49 175 53 83 46 134 182 149 17 158 171 40 146 5 176 13 91 97 105 120 194 95 17 117 97 82 186 83 21 181 25 73 78 171 31 6 104 12 99 20 139 110 119 73 75 120 164 64 77 49 19 112 126 
167 75 116 40 103 110 59 83 70 102 16 64 18 59 18 7 97 65 13 108 109 89 44 40 16 64 35 186 111 149 110 144 193 158 6 150 73 89 109 5 18 7 176 127 8 195 109 7 42 71 88 12 170 19 144 189 155 143 100 56 36 139 5 129 12 5 47 192 81 76 103 132 27 140 170 55 93 174 30 68 32 67 32 104 42 198 82 88 25 55 194 90 7 48 161 160 86 91 130 110 
45 136 82 112 36 148 83 28 149 19 145 95 153 129 30 21 31 97 83 14 189 57 145 84 62 156 106 88 109 195 62 23 53 7 107 127 57 30 83 144 24 184 188 33 189 137 24 154 98 1 129 29 56 111 191 3 163 33 67 16 59 184 96 77 98 51 187 139 20 129 196 136 108 119 56 114 164 121 159 54 125 47 41 75 149 167 10 97 195 35 151 153 173 163 189 195 121 166 63 43 
91 10 163 133 192 2 189 155 36 62 183 182 198 132 143 175 80 104 184 31 33 167 98 19 180 136 101 160 52 90 98 178 76 15 25 11 67 99 50 86 84 120 167 163 22 40 180 55 32 114 18 77 13 115 63 154 110 109 157 118 17 7 53 10 30 174 55 9 37 67 102 132 47 163 109 79 145 8 110 110 170 151 45 158 97 73 169 27 129 163 188 196 140 183 97 103 147 12 128 101 
135 21 179 159 31 198 140 34 11 100 103 77 77 174 156 121 18 105 190 134 29 70 31 168 49 33 200 122 100 160 68 162 83 96 124 196 157 126 30 25 145 152 101 29 100 107 129 24 27 38 197 21 52 86 80 160 117 56 84 117 50 75 120 21 174 91 3 68 27 86 35 19 140 12 77 51 86 74 135 171 185 50 44 113 35 66 28 36 85 49 132 43 158 198 3 110 119 65 187 5 
119 32 123 172 122 30 29 66 89 22 24 93 120 188 189 33 181 161 56 55 19 55 38 164 161 67 157 192 156 95 145 149 8 51 115 89 117 188 55 64 52 14 194 176 65 46 119 22 164 92 35 82 63 61 113 12 68 72 157 127 14 137 137 173 180 119 142 157 120 14 93 113 88 69 153 29 164 79 1 33 99 96 36 33 198 45 67 95 37 72 140 197 197 30 36 88 169 169 135 157 
20 12 69 158 98 197 18 156 121 121 171 184 81 154 51 163 121 115 133 11 148 127 64 80 98 66 181 127 77 24 36 189 169 145 28 142 75 55 115 9 108 186 8 167 131 29 36 139 184 65 74 154 43 124 42 191 137 90 76 149 198 191 36 11 160 183 1 42 80 23 101 180 73 155 21 49 113 128 158 75 1 57 70 75 6 104 15 48 33 13 24 154 45 39 96 29 45 193 52 125 
138 168 173 170 104 88 200 67 40 50 14 27 127 76 126 17 143 107 166 168 153 146 50 178 106 191 70 44 47 98 77 196 146 144 200 64 199 11 139 66 128 61 13 158 125 56 171 129 94 56 86 43 161 145 168 103 104 167 45 48 32 54 142 16 8 87 134 191 68 150 82 73 182 58 129 192 200 59 196 79 162 109 54 189 42 141 73 99 153 159 25 156 148 182 88 127 11 97 57 174 
135 190 103 51 128 40 171 59 184 123 158 90 173 162 74 64 125 63 21 74 187 6 56 167 65 11 70 37 158 192 18 148 30 108 79 138 60 122 146 65 63 1 200 13 149 198 40 23 148 186 24 131 26 98 44 170 180 116 160 17 109 78 172 169 4 34 197 140 126 41 10 100 54 145 158 91 123 28 116 122 119 72 172 135 22 194 144 166 193 166 71 67 118 119 14 144 112 135 61 32 
156 144 58 108 13 46 166 152 182 95 136 63 9 135 141 104 56 123 81 148 153 52 64 2 155 75 195 163 57 137 124 13 79 174 76 8 160 110 180 151 41 3 170 136 41 170 113 93 115 10 135 118 21 72 93 164 4 2 184 52 112 103 59 8 125 108 147 70 7 137 109 26 126 27 40 126 165 125 180 135 44 101 59 119 37 64 39 100 78 153 188 161 103 137 121 108 6 89 102 68 
147 8 26 87 181 37 2 65 48 101 143 50 131 188 174 38 25 51 30 46 138 119 196 139 120 88 118 27 11 39 154 14 112 7 6 146 172 20 1 25 114 84 121 26 78 193 94 72 84 69 32 97 120 65 147 135 142 43 172 86 13 170 87 106 114 105 49 142 58 32 164 80 70 126 126 162 165 161 11 130 137 13 15 176 145 119 83 165 10 32 167 172 60 188 140 126 152 135 17 158 
131 72 100 148 13 48 187 147 70 134 185 49 181 18 101 115 131 26 21 48 51 147 80 134 83 132 164 40 33 78 53 91 13 24 109 122 63 149 125 132 129 44 194 55 116 158 178 190 55 195 105 19 55 61 132 74 107 151 163 60 144 165 149 146 156 108 199 78 28 179 127 102 68 9 93 70 88 100 17 161 171 115 147 22 68 102 83 6 28 162 48 73 108 41 143 157 200 5 43 100 
99 74 82 125 125 77 66 128 5 27 76 160 102 117 144 147 17 67 143 136 118 124 60 145 57 123 141 73 9 185 153 130 177 114 135 185 107 115 157 56 169 59 158 84 88 22 63 186 118 128 152 82 105 180 131 109 168 116 66 184 29 72 36 158 154 9 101 186 90 120 49 20 22 98 140 85 190 52 46 109 62 83 158 18 71 43 180 16 152 157 160 110 143 148 161 189 55 126 133 145 
153 104 117 110 30 141 150 177 194 87 66 144 149 28 103 76 68 79 61 119 150 152 169 60 150 4 178 32 107 107 86 173 101 81 140 157 126 168 171 117 74 125 90 34 114 59 11 1 144 77 150 63 198 20 115 125 94 163 112 199 102 50 120 80 135 50 7 12 183 164 97 34 8 153 193 148 119 66 83 16 144 158 200 95 123 88 41 4 3 137 160 58 146 159 56 128 178 151 100 66 
70 92 111 16 60 19 17 191 91 124 135 134 22 23 164 94 39 140 159 186 14 142 197 55 193 47 35 179 57 37 147 146 86 121 192 44 103 162 128 176 107 10 23 34 150 128 75 101 194 133 142 65 41 186 37 68 187 33 96 149 157 27 87 174 53 132 138 21 37 162 140 80 176 134 115 2 193 46 83 10 159 120 49 83 144 74 51 75 156 81 111 10 48 155 127 88 22 157 15 103 
12 39 19 27 41 22 130 104 62 60 145 22 69 181 180 176 48 57 35 120 188 106 147 34 129 172 145 73 25 33 42 56 2 59 89 22 141 185 67 194 51 113 45 20 181 7 13 59 146 158 21 43 46 29 17 47 73 43 95 74 166 81 63 193 14 98 155 140 198 114 136 194 71 186 167 191 38 157 46 123 28 162 140 91 80 9 14 150 173 131 125 129 111 200 182 28 181 117 185 133 
165 58 142 74 105 24 196 37 172 70 15 198 90 177 66 128 167 50 71 109 148 198 23 122 169 176 135 34 168 81 91 115 155 81 10 18 41 27 9 176 41 200 180 129 183 147 52 145 123 123 44 90 174 159 39 14 123 36 44 50 15 129 82 4 84 89 14 43 25 27 147 47 31 6 106 60 183 119 70 133 122 187 17 15 64 88 50 112 96 67 163 38 120 99 2 3 116 118 84 34 
143 16 172 21 79 185 115 177 149 123 30 38 56 43 92 3 178 171 127 123 108 99 181 45 180 77 105 194 100 122 177 61 88 155 157 92 82 62 116 150 44 171 9 154 52 101 14 15 18 167 110 166 156 136 154 68 78 157 175 168 65 52 90 120 107 6 97 20 44 113 81 43 118 49 29 67 120 119 145 2 145 147 18 5 77 77 57 10 86 106 21 115 74 81 70 157 37 95 51 141 
112 70 95 30 66 10 80 112 111 132 138 77 185 97 20 172 105 142 190 70 53 76 36 34 1 137 27 49 57 116 186 146 39 14 16 41 57 64 11 11 115 154 114 10 119 180 116 80 146 111 71 97 111 159 27 35 7 34 168 14 69 163 5 87 152 190 164 60 77 23 1 4 109 134 172 120 168 71 14 39 43 159 51 174 33 64 100 188 66 7 193 109 141 185 6 167 106 136 124 34 
67 79 179 120 160 90 75 133 118 37 103 25 145 4 109 158 82 175 103 135 109 151 115 8 29 161 34 169 81 3 5 166 128 32 197 142 84 14 16 130 158 165 189 163 160 12 98 25 129 111 9 90 9 77 19 14 124 135 16 13 61 160 194 126 96 198 112 66 49 187 53 104 7 110 169 110 164 172 134 71 63 29 7 93 41 187 88 4 117 40 60 188 122 66 111 119 126 170 151 108 
126 181 82 20 164 158 111 84 188 131 37 62 121 50 135 46 129 33 10 80 104 95 181 48 23 191 12 61 92 155 97 63 50 117 158 92 145 109 111 164 86 150 98 156 89 59 28 39 199 162 54 31 45 139 85 114 160 57 180 29 13 34 57 98 84 95 24 84 188 64 158 33 61 144 83 45 53 38 37 35 176 146 62 174 47 107 42 90 28 152 44 27 44 103 85 27 16 179 179 51 
104 184 164 42 76 162 108 57 40 23 50 141 45 43 131 130 141 64 56 184 146 166 56 158 46 170 151 153 140 113 110 189 32 133 145 59 87 164 66 182 7 192 51 30 106 34 129 183 100 7 78 132 111 2 144 87 123 63 84 130 20 52 128 58 47 104 168 96 149 33 13 197 133 179 26 76 65 136 71 68 8 65 113 77 38 157 118 25 63 71 2 41 151 2 141 152 120 113 102 133 
21 198 193 182 95 4 71 54 56 121 5 76 106 31 199 11 62 54 44 135 8 160 55 5 89 146 68 50 171 119 192 197 47 150 194 36 133 134 14 142 190 69 154 121 100 34 79 39 198 33 31 44 154 123 145 70 178 129 38 50 135 54 196 92 93 129 110 26 124 30 42 45 150 44 128 84 119 8 65 176 86 5 128 175 119 39 56 98 47 55 49 120 83 127 116 59 186 27 122 191 
184 117 27 144 83 6 90 19 116 9 57 77 157 107 164 167 124 59 164 86 68 142 14 124 138 167 88 184 65 130 94 200 162 87 192 155 93 65 154 130 164 65 193 77 166 78 124 52 38 13 150 81 124 160 65 152 32 124 39 26 14 162 60 119 163 164 97 177 24 74 13 30 150 148 97 14 66 9 116 42 198 99 32 169 34 135 186 127 77 34 6 196 65 129 49 26 40 160 189 9 
103 149 99 78 168 43 191 36 116 123 115 16 13 88 151 107 61 10 74 139 75 77 178 43 106 100 172 59 106 6 60 5 15 171 2 14 13 143 120 25 116 61 49 170 163 63 122 178 5 102 170 13 196 173 175 39 136 168 41 170 43 125 23 134 76 68 1 44 110 22 16 28 38 37 20 110 159 191 156 111 145 19 62 177 95 142 69 112 4 199 104 21 172 74 106 33 113 119 7 105 
101 167 109 192 155 164 199 49 82 110 43 117 73 62 4 79 4 10 129 127 14 75 110 83 113 94 196 72 64 99 16 149 69 62 158 101 192 194 150 10 108 40 162 143 189 78 182 43 165 103 192 44 118 61 97 190 93 131 191 36 182 174 169 22 31 27 8 53 155 141 53 53 69 154 88 176 128 90 16 32 119 35 88 12 111 128 82 82 152 11 120 10 64 162 5 169 108 39 175 149 
36 106 93 165 11 76 14 37 114 176 184 127 70 40 35 25 156 39 160 85 147 156 69 128 163 173 41 77 109 54 194 35 164 97 96 167 153 90 114 53 116 45 51 17 71 193 83 26 116 33 188 2 62 159 171 137 37 143 111 95 149 118 15 71 147 68 23 4 154 49 108 187 142 49 62 115 200 23 61 118 143 104 192 31 151 87 41 68 28 146 36 184 22 170 141 115 122 37 95 157 
99 165 106 180 182 163 32 153 102 47 11 176 83 137 8 17 170 42 153 192 80 70 7 42 148 131 100 45 151 62 63 28 131 134 196 179 73 68 191 42 73 129 77 167 11 149 110 159 87 190 23 96 49 82 157 88 99 9 124 9 32 109 156 139 33 98 49 18 197 172 18 179 91 123 9 174 15 46 44 199 32 16 135 46 198 62 176 128 46 116 95 28 178 144 116 79 150 134 42 46 
196 59 127 27 157 100 115 58 197 200 38 5 120 169 139 168 93 198 184 4 25 122 193 45 145 34 16 169 176 138 157 106 193 44 59 141 47 19 57 106 58 3 114 30 6 59 32 98 88 182 159 14 148 151 80 189 116 192 173 122 46 134 132 58 105 144 140 7 97 22 101 187 104 140 79 77 29 53 120 129 147 19 183 177 107 122 147 124 79 187 86 36 26 196 192 26 126 143 58 75 
198 179 1 112 199 57 133 176 69 138 129 145 153 54 117 11 167 25 197 140 15 3 84 56 8 175 56 36 126 96 146 51 58 76 16 185 151 53 199 82 99 21 119 15 76 93 2 77 19 27 29 98 124 170 51 168 154 14 15 16 174 109 45 163 92 61 187 171 171 51 51 44 73 54 122 26 183 46 22 19 167 100 185 107 151 132 18 9 182 3 127 21 96 2 26 134 159 50 33 24 
137 150 26 69 115 82 198 189 78 92 140 79 177 163 141 110 163 59 198 189 1 192 15 24 83 4 2 29 135 131 52 183 93 59 27 32 185 39 28 40 148 178 192 82 80 21 55 152 130 117 10 158 152 7 101 200 61 53 93 200 34 104 30 178 74 38 171 11 77 13 27 64 188 63 173 117 177 41 151 50 11 187 123 168 55 63 170 151 200 176 79 161 67 189 134 186 180 135 168 31 
133 131 142 190 186 190 174 134 48 179 171 133 76 194 17 189 158 37 196 191 178 159 143 196 179 139 140 60 27 112 25 45 184 47 28 5 52 111 106 199 185 78 79 106 173 61 75 53 127 21 7 158 28 41 173 87 61 182 52 25 71 112 114 72 142 37 131 21 74 120 33 166 141 21 151 183 57 189 39 124 132 189 166 164 44 48 41 196 124 188 83 163 152 116 123 57 128 125 134 115 
67 21 162 79 20 51 53 85 3 1 116 51 65 28 110 152 76 18 133 94 187 90 178 160 180 153 59 23 58 51 178 6 146 191 152 34 118 27 82 6 164 3 21 128 115 187 154 93 66 106 171 30 70 94 148 39 133 133 126 147 50 115 81 70 3 127 182 10 109 178 169 195 135 71 68 57 97 4 164 31 93 153 87 75 21 9 97 15 17 188 89 140 11 136 191 84 108 175 68 96 
183 184 6 39 142 132 117 119 135 117 174 4 129 109 22 74 17 106 133 110 90 143 190 9 17 32 88 180 38 190 78 37 182 45 128 137 35 37 37 164 107 133 37 43 79 59 59 31 100 28 25 18 190 149 76 67 45 108 20 157 96 95 32 176 175 76 57 58 116 196 20 99 200 104 9 52 18 135 170 75 8 40 135 105 167 79 6 91 122 65 47 70 120 121 187 193 34 199 166 33 
17 92 67 69 107 29 14 50 151 133 70 41 108 158 33 35 136 135 23 180 121 23 73 99 52 149 130 22 139 164 31 157 24 157 147 75 138 10 31 96 108 65 119 172 62 18 49 77 188 66 114 84 176 130 80 136 3 32 169 70 42 3 87 45 27 17 193 188 96 156 188 176 51 140 187 138 177 48 42 93 184 52 9 54 73 181 141 105 181 144 92 134 143 160 51 26 27 113 133 45 
109 91 101 10 66 143 6 18 127 167 145 94 108 75 176 147 122 102 55 98 107 148 185 71 186 162 114 136 192 195 114 4 26 123 2 146 85 167 100 113 22 53 84 32 20 124 168 153 67 154 70 151 27 116 143 167 29 78 52 200 180 145 112 38 113 168 102 33 20 17 107 55 9 83 146 113 23 91 68 98 153 39 74 71 182 22 138 30 90 82 25 55 175 83 191 1 91 58 168 170 
