150 2
0
0
1 15 62 139
2 36 92 404
3 40 98 -156
4 48 37 -26
5 50 181 50
6 81 116 1009
7 132 81 456
8 141 167 141
9 151 111 595
10 181 140 181
11 185 51 593
12 200 98 396
13 243 90 783
14 279 170 619
15 302 107 88
16 318 86 834
17 325 98 913
18 335 56 223
19 350 109 568
20 353 109 1225
21 362 26 518
22 376 133 376
23 389 84 893
24 394 54 718
25 410 24 506
26 432 122 920
27 453 132 189
28 470 188 470
29 498 52 810
30 502 160 502
31 525 117 759
32 530 144 530
33 531 26 479
34 535 140 255
35 606 35 536
36 631 39 787
37 633 121 633
38 658 108 1306
39 671 30 791
40 714 53 926
41 714 58 1062
42 722 95 1102
43 756 73 1340
44 780 143 1924
45 780 187 1902
46 783 162 1755
47 790 62 666
48 817 200 2417
49 817 146 817
50 820 8 852
51 822 155 1752
52 849 170 1529
53 860 122 860
54 876 118 1820
55 883 59 1237
56 912 9 894
57 917 90 1457
58 919 182 555
59 943 66 1339
60 961 151 1565
61 970 71 1396
62 989 56 877
63 1000 88 824
64 1017 147 1311
65 1045 39 967
66 1051 75 901
67 1060 109 842
68 1085 144 1949
69 1092 94 1844
70 1129 24 1225
71 1136 32 1392
72 1161 127 1415
73 1174 157 2116
74 1205 33 1205
75 1288 59 1288
76 1311 14 1311
77 1330 182 2786
78 1350 105 1560
79 1355 141 1637
80 1358 20 1318
81 1368 137 1642
82 1411 106 1835
83 1435 172 2123
84 1443 24 1539
85 1457 60 1817
86 1467 53 1573
87 1518 63 1896
88 1534 177 1888
89 1563 70 2123
90 1584 18 1548
91 1599 89 2133
92 1614 173 1614
93 1645 79 2277
94 1693 16 1757
95 1699 74 1847
96 1709 14 1793
97 1719 168 1383
98 1738 61 1738
99 1765 163 2091
100 1821 179 2895
101 1827 48 1731
102 1854 112 1854
103 1857 129 2115
104 1857 150 3057
105 1869 109 2087
106 1877 144 3029
107 1969 186 1597
108 2028 164 2684
109 2030 69 2306
110 2030 181 2030
111 2037 28 2037
112 2076 42 2076
113 2175 155 2795
114 2178 195 1788
115 2205 35 2135
116 2207 24 2399
117 2239 59 2239
118 2276 125 2526
119 2292 34 2224
120 2338 110 2998
121 2356 54 2788
122 2419 56 2755
123 2433 23 2433
124 2446 101 2850
125 2472 76 2928
126 2480 3 2492
127 2514 86 3202
128 2534 5 2574
129 2571 169 2571
130 2602 38 2906
131 2611 94 3175
132 2628 132 3420
133 2630 116 3094
134 2644 12 2692
135 2661 179 3735
136 2699 103 2699
137 2752 24 2800
138 2753 66 3017
139 2754 65 2624
140 2773 166 3437
141 2818 146 3986
142 2839 135 3109
143 2917 51 3121
144 2928 80 2928
145 2938 22 3070
146 2946 131 3732
147 2988 122 3964
148 2994 44 3170
149 2997 55 3437
150 2998 161 3964
88 110 51 108 146 151 23 37 20 178 95 124 162 150 114 96 20 200 105 86 197 138 141 39 164 96 193 170 32 154 141 52 168 4 145 80 37 131 71 42 173 62 8 163 160 139 34 184 31 96 48 145 102 12 16 68 48 102 142 113 41 7 147 194 54 172 6 47 87 71 146 197 34 76 195 132 89 44 11 15 51 174 54 126 86 187 142 164 2 25 12 24 122 65 27 13 28 119 121 153 52 79 9 63 160 101 171 13 104 25 157 141 51 121 145 116 41 127 186 170 27 139 67 145 64 136 113 87 107 167 14 175 8 19 10 85 170 157 58 81 55 82 5 181 103 186 140 65 71 34 
2 155 93 17 59 38 41 77 26 149 25 100 170 99 21 111 46 196 139 48 40 11 5 101 133 193 194 154 186 168 19 152 30 38 62 12 21 174 186 3 36 104 83 200 194 35 95 127 42 8 81 143 4 176 189 46 82 151 200 183 64 15 63 182 89 78 148 105 130 174 79 70 187 56 10 183 125 22 10 4 45 36 32 197 7 139 144 26 145 156 34 200 72 184 3 58 177 51 118 69 176 71 69 182 20 189 122 16 86 73 42 6 94 106 67 12 157 58 119 189 86 137 38 52 111 40 86 180 5 87 43 177 114 104 181 119 121 22 199 183 167 92 155 164 167 104 190 66 115 68 
3 112 84 152 16 147 79 43 7 99 122 162 102 100 137 110 27 193 43 66 52 71 156 194 170 192 133 84 45 1 41 114 157 100 63 7 51 170 29 189 178 168 159 173 101 113 136 22 5 75 93 52 108 117 123 194 164 50 180 198 193 109 96 142 19 56 193 57 128 127 163 141 24 15 158 51 177 25 191 8 106 97 160 64 37 35 60 14 34 12 124 183 20 192 39 79 24 30 132 81 77 161 6 116 155 11 164 48 21 99 33 31 88 154 104 106 15 141 81 15 52 49 100 85 131 31 167 23 60 167 26 38 160 90 152 134 47 124 4 114 22 132 158 143 38 123 16 164 130 113 
53 91 135 167 77 31 180 10 78 43 136 64 59 138 63 49 163 17 11 27 177 79 78 183 186 88 199 29 69 146 143 2 128 92 26 154 176 167 175 27 26 171 52 3 133 99 47 24 167 16 135 126 17 19 83 135 75 67 110 141 134 110 6 176 22 39 53 50 51 146 198 18 197 3 86 200 119 75 198 88 99 8 62 81 182 51 129 138 9 75 99 36 175 177 147 40 18 175 76 75 38 58 158 160 104 147 157 124 85 134 188 54 94 119 39 82 68 141 138 169 25 39 161 163 197 72 140 193 190 187 126 130 17 177 115 168 185 123 5 175 158 185 76 18 196 26 91 77 155 116 
26 153 112 101 168 196 70 52 79 108 193 68 124 21 155 45 110 31 182 74 94 164 119 72 120 23 121 38 89 137 155 82 1 45 195 35 165 112 76 184 80 47 152 196 8 194 15 198 20 82 69 190 200 195 19 199 149 99 41 66 130 95 144 143 45 189 78 39 54 142 16 188 103 39 97 188 36 155 156 133 117 151 42 97 165 1 117 181 102 174 69 153 78 97 115 35 113 81 78 105 181 93 168 65 80 127 55 107 159 163 99 1 17 27 195 67 166 153 112 144 36 118 35 113 67 147 150 143 182 120 22 39 46 150 165 101 119 29 72 158 189 109 5 200 84 36 87 131 32 171 
180 183 11 137 125 25 52 188 164 53 169 164 161 156 37 36 5 102 178 145 57 184 72 90 34 31 182 31 168 88 104 80 119 136 23 34 65 97 47 130 122 193 158 198 24 163 63 22 188 108 111 129 10 98 138 32 142 76 53 103 11 97 129 127 17 77 13 155 166 123 41 135 105 20 161 103 54 55 79 48 120 94 48 164 174 127 24 104 191 163 147 63 137 194 168 9 7 183 89 181 13 140 146 101 119 175 26 125 177 157 179 60 26 140 66 167 56 166 62 78 177 131 130 111 156 30 191 95 119 163 105 15 5 80 116 98 91 136 136 146 45 94 114 58 51 16 77 141 65 149 
198 7 36 95 132 76 37 51 16 161 168 132 90 12 182 52 112 33 33 140 153 28 29 80 55 92 179 55 173 181 104 188 15 165 58 6 67 80 1 1 197 31 26 180 128 39 6 172 102 175 151 189 152 189 95 157 63 111 42 92 191 68 45 171 82 18 113 152 40 48 31 138 40 76 12 199 165 150 177 160 47 133 45 49 24 45 116 171 34 199 38 188 90 54 158 184 67 94 167 148 83 88 79 43 46 159 97 88 9 101 13 115 43 57 42 104 98 67 195 64 10 130 71 142 149 76 13 172 123 104 131 104 80 3 55 150 90 117 51 158 88 199 175 159 71 49 164 126 95 157 
60 148 20 181 110 170 129 173 44 44 116 81 104 95 187 120 191 51 65 4 128 52 71 158 140 34 125 41 192 25 89 13 101 103 195 174 131 146 71 24 37 27 170 41 85 148 146 43 118 127 106 103 27 121 58 73 98 88 172 138 180 64 104 59 125 188 68 93 141 48 33 156 198 52 87 95 191 48 58 134 55 145 72 51 66 43 143 182 11 6 136 46 105 145 141 18 173 3 37 75 154 15 3 31 60 174 72 78 134 40 70 92 114 117 117 127 138 134 157 57 186 179 190 67 47 84 162 70 153 184 95 154 104 111 182 159 64 89 57 173 102 21 16 8 35 40 80 5 102 52 
73 38 18 110 56 168 93 102 32 173 75 200 13 121 6 36 43 49 95 85 199 39 176 127 127 113 80 133 30 9 138 120 9 18 1 30 5 100 163 130 171 116 136 78 56 134 173 86 112 56 11 158 63 2 116 21 132 120 76 179 30 182 103 42 113 197 129 40 110 163 145 102 48 23 46 179 42 159 61 111 105 40 25 181 42 169 168 151 98 68 134 173 117 168 90 157 56 68 119 70 17 51 144 74 41 4 55 146 42 119 42 41 129 20 181 41 66 49 36 95 110 46 137 104 91 115 140 7 57 156 192 193 142 10 117 53 160 75 44 179 95 172 143 188 154 138 177 145 174 194 
131 129 136 136 51 170 87 139 36 191 6 80 97 142 96 147 138 100 24 58 18 155 33 3 116 112 195 43 4 19 150 8 88 102 199 156 57 34 52 2 152 156 195 193 159 157 10 81 93 40 102 81 189 3 29 126 111 20 144 62 81 24 123 51 121 34 137 186 173 99 88 146 93 162 30 142 139 138 14 57 11 154 10 184 167 77 110 6 186 117 103 34 29 86 125 117 179 84 38 8 138 102 116 133 53 12 173 33 122 88 171 151 160 39 55 177 72 155 39 95 85 187 146 60 130 200 65 24 26 137 175 151 20 173 132 32 95 86 20 167 99 97 165 69 85 129 12 26 158 68 
132 111 67 136 173 145 64 190 130 20 188 14 148 153 101 82 149 98 103 23 43 172 198 159 143 122 184 192 108 92 195 196 116 37 95 67 179 49 85 194 76 37 136 118 116 27 134 24 85 189 109 192 35 117 148 58 19 194 180 119 144 155 3 50 57 107 195 45 5 75 61 65 49 92 184 125 24 8 109 185 59 148 54 64 49 126 127 23 113 130 149 147 140 60 113 4 48 169 17 38 70 140 173 33 37 194 111 19 72 93 29 186 84 152 15 82 29 65 161 96 27 6 103 57 17 197 117 68 102 13 46 85 183 124 155 33 62 7 51 128 90 98 97 17 79 157 28 109 121 26 
77 103 52 119 20 117 157 181 29 98 2 44 29 130 197 150 125 197 47 52 4 19 60 12 33 41 153 177 115 84 37 141 30 97 81 188 143 44 130 34 21 35 83 195 89 101 102 74 30 132 40 186 71 198 197 66 187 35 50 67 163 121 42 169 188 112 164 182 193 44 53 49 13 42 41 2 97 134 46 79 199 102 24 126 74 68 106 94 143 48 109 92 87 175 183 44 76 16 135 40 190 117 182 58 126 29 152 33 54 60 74 169 185 74 162 113 115 88 108 138 52 129 90 192 42 63 184 74 144 123 149 118 71 86 144 52 143 142 176 78 14 73 37 117 84 34 69 19 30 27 
118 167 23 111 116 157 199 191 147 76 33 87 24 17 126 168 97 15 15 48 51 181 161 149 46 160 111 63 100 91 165 171 163 194 100 37 126 196 47 11 37 172 135 180 167 75 139 71 127 195 108 43 28 8 59 54 194 14 82 43 42 108 197 123 155 29 54 32 182 116 181 144 150 21 180 17 186 47 104 119 117 29 35 49 2 192 5 9 57 124 81 59 88 20 76 118 115 177 49 64 143 162 138 150 14 6 75 73 65 159 129 193 119 156 45 21 126 43 85 144 146 59 6 144 97 165 148 50 65 19 79 6 124 141 24 42 178 91 188 177 5 125 108 183 2 89 127 55 46 7 
100 179 109 85 46 57 148 146 9 109 192 138 164 54 102 162 12 64 183 102 36 26 74 73 108 34 2 85 2 42 193 158 26 65 34 2 95 137 27 175 70 74 136 90 191 4 71 190 114 78 161 141 153 134 106 166 172 37 10 9 135 99 90 122 53 29 164 19 149 146 161 174 28 123 200 195 178 74 125 194 87 61 159 134 128 37 126 39 123 118 74 18 169 64 192 111 179 154 193 21 196 55 98 38 153 181 155 190 182 171 101 25 135 137 44 128 191 122 166 17 163 101 116 121 189 123 63 74 74 126 44 17 105 4 139 47 180 17 145 192 105 119 157 122 19 148 194 51 195 70 
136 189 173 34 145 83 134 158 134 14 153 14 160 92 56 99 151 114 114 97 61 7 192 147 192 7 80 28 180 1 89 162 172 83 174 62 151 44 84 146 177 28 12 31 89 94 142 10 190 106 54 9 40 90 22 148 164 124 132 200 140 190 199 154 107 179 26 44 96 178 94 134 54 24 37 185 41 183 141 140 7 96 120 119 10 80 89 190 72 158 21 145 13 82 106 84 141 130 178 100 160 88 123 165 30 44 24 75 78 39 42 193 109 74 4 160 103 113 29 15 63 46 31 70 63 23 13 158 27 137 37 163 137 192 61 39 180 159 80 175 145 84 96 198 77 14 147 68 96 34 
159 104 44 111 3 34 35 7 25 5 64 1 105 78 114 187 71 13 40 192 118 181 174 184 26 136 34 199 165 116 158 188 171 97 138 60 96 42 100 32 1 18 109 31 90 74 99 73 116 118 199 162 103 66 131 24 155 125 14 170 2 94 147 11 139 171 43 137 166 37 55 87 4 175 86 23 10 85 57 24 129 29 58 63 109 105 25 172 179 86 6 169 26 157 29 80 113 41 37 78 20 89 100 18 175 89 191 30 197 86 111 38 107 40 178 42 143 84 17 82 155 41 19 35 157 89 24 64 152 173 170 33 28 9 26 103 100 91 100 95 182 65 182 106 9 188 88 7 184 29 
65 53 7 1 152 60 98 21 140 181 144 175 48 42 18 42 50 104 33 45 133 40 73 102 173 54 117 10 85 91 51 111 71 97 198 133 175 29 99 11 5 165 167 71 117 195 57 144 19 70 23 140 142 179 142 104 12 33 86 183 17 89 21 138 165 46 84 168 154 86 182 137 14 68 87 176 88 18 34 153 13 170 41 86 104 86 200 43 111 94 70 23 169 34 67 136 29 198 28 90 128 37 105 67 155 161 177 56 99 43 97 177 152 51 38 96 158 199 121 25 107 148 199 101 69 138 186 177 186 64 51 173 31 182 100 11 61 124 53 74 188 159 87 23 17 171 96 14 72 130 
163 18 47 69 81 196 55 181 176 111 72 38 93 57 41 175 59 178 92 109 151 113 17 45 195 151 98 158 79 70 68 183 122 37 36 113 177 58 73 83 147 75 115 157 103 155 154 111 43 199 99 84 101 144 11 67 8 142 152 135 195 52 69 124 15 57 91 148 70 15 143 198 117 80 200 200 167 73 56 94 107 152 78 162 72 181 12 26 153 128 171 143 56 123 32 132 8 109 29 184 81 57 159 56 191 171 106 145 183 162 168 154 12 129 20 20 168 46 158 75 5 54 196 66 66 152 5 123 47 166 194 175 16 188 156 189 60 138 43 21 108 52 51 99 127 108 132 39 23 73 
38 181 122 87 9 141 62 15 176 62 18 71 62 109 85 164 152 54 120 190 82 189 5 140 162 44 104 193 61 61 131 107 176 66 193 92 159 38 169 54 27 129 133 97 84 156 57 11 71 158 95 115 47 124 88 31 97 153 98 10 24 115 112 146 80 22 107 155 182 95 20 128 72 25 23 177 15 13 88 179 166 135 34 135 44 168 195 94 183 163 23 89 18 32 84 63 68 172 20 126 79 108 150 61 151 47 108 63 161 152 93 85 175 74 99 77 17 117 99 75 128 84 48 198 75 85 188 199 117 97 76 15 55 100 36 72 181 58 143 87 33 178 142 26 128 113 33 192 75 117 
47 111 74 62 178 74 142 22 123 30 131 162 100 121 169 197 168 181 3 94 186 112 116 197 167 11 149 178 68 165 125 32 98 15 136 161 29 3 147 145 192 7 51 87 192 135 114 159 40 71 37 187 46 91 10 75 18 129 196 177 12 146 118 149 107 139 37 1 32 19 67 69 47 137 124 10 148 154 85 17 16 132 52 145 113 122 170 74 11 170 188 37 94 52 178 136 91 67 196 69 75 50 31 11 13 27 5 156 12 162 170 31 56 153 182 41 76 20 145 199 33 176 53 39 156 167 3 147 16 31 10 117 68 46 29 104 150 137 63 190 121 167 189 155 40 87 123 163 195 28 
170 106 131 50 73 170 93 137 11 136 112 160 141 125 29 166 21 83 83 146 22 159 95 54 78 107 11 150 50 13 158 91 54 157 183 135 74 58 62 12 166 148 114 14 110 62 79 138 176 108 75 79 107 112 105 85 181 7 173 100 24 178 111 187 101 183 43 152 73 74 49 42 131 126 137 91 48 126 119 33 87 122 157 16 143 56 136 46 58 38 82 138 182 79 75 149 96 175 49 164 98 57 112 84 140 154 115 175 152 38 164 120 156 108 177 114 197 191 102 11 16 35 87 82 177 166 7 62 38 24 29 44 89 57 140 15 71 188 98 142 175 2 27 95 92 8 194 120 94 88 
42 163 165 36 70 145 14 182 164 189 101 125 78 128 42 97 189 158 89 142 23 121 150 99 169 168 3 43 3 48 194 92 145 168 93 163 42 73 37 95 132 115 37 100 155 109 127 51 187 86 72 82 125 38 33 13 24 67 162 13 26 14 47 45 42 135 75 64 156 46 115 138 81 73 77 170 86 163 110 81 122 12 41 67 136 192 29 94 33 192 165 134 93 62 160 83 118 37 166 152 28 14 13 115 104 95 59 194 155 30 102 190 95 136 29 196 126 95 74 5 182 141 166 142 36 28 46 133 149 143 35 38 104 160 45 38 193 191 65 110 156 97 42 41 112 93 36 74 66 44 
29 186 9 84 31 111 132 148 99 171 26 118 69 88 29 100 104 145 165 40 145 190 84 114 51 5 60 170 180 122 184 10 140 186 63 126 9 74 54 95 169 176 21 40 61 45 159 132 15 106 130 113 162 76 155 147 67 68 62 103 110 187 124 3 112 87 60 14 145 80 76 119 54 98 14 131 122 98 103 91 157 154 52 142 133 188 81 56 104 105 161 54 44 71 169 99 154 53 189 110 151 25 82 42 34 27 190 66 27 101 172 12 114 50 198 123 164 152 75 57 42 138 110 4 14 81 108 96 184 103 122 12 71 29 68 180 95 115 172 136 162 101 136 76 60 21 26 112 161 24 
179 97 153 94 111 20 43 44 129 160 146 187 174 160 193 20 182 98 115 192 197 67 64 27 94 166 177 43 168 31 198 181 172 74 105 177 93 63 168 157 90 36 74 71 87 19 38 139 83 142 120 79 178 155 77 133 111 7 107 22 27 77 133 85 160 31 182 197 78 120 187 22 88 82 67 11 75 20 18 154 11 109 152 130 8 182 134 129 27 74 161 79 12 9 94 94 161 193 180 102 116 120 66 192 79 34 148 51 133 162 200 141 45 14 188 188 8 134 77 125 55 39 119 139 81 158 194 131 177 142 30 184 70 23 78 101 152 106 9 95 141 198 146 152 138 68 132 197 44 171 
65 32 29 91 45 104 26 154 79 51 164 44 146 78 46 63 35 159 72 89 149 169 3 128 87 120 2 117 118 1 200 92 123 82 62 164 111 120 180 138 78 63 162 111 149 198 47 113 137 115 123 10 92 41 97 68 31 111 110 94 58 23 86 121 189 172 184 73 8 165 186 190 167 173 78 7 131 101 19 67 61 158 127 105 148 34 37 119 144 186 48 76 158 79 40 81 158 117 189 26 100 192 131 196 153 187 59 182 176 46 111 24 9 92 84 40 144 199 197 13 5 56 187 116 132 177 98 18 71 130 28 57 94 189 134 32 150 103 115 194 36 27 28 143 187 112 40 129 200 4 
187 138 136 92 5 164 140 17 147 28 113 157 158 157 16 119 63 177 122 77 38 30 156 43 169 21 137 189 111 106 112 16 123 46 111 131 185 75 7 26 41 78 190 33 134 9 68 120 163 131 48 133 34 77 132 104 137 144 170 156 111 61 43 87 66 196 50 46 184 105 176 26 126 138 68 91 177 111 86 179 26 166 70 27 148 91 137 47 84 39 117 163 107 65 126 180 68 65 4 68 81 73 184 157 101 23 38 119 70 80 57 116 62 108 140 69 184 131 83 1 147 179 166 126 25 108 189 191 178 34 129 169 89 158 27 26 175 86 7 10 156 23 27 35 19 135 48 181 3 136 
7 126 174 53 150 150 39 149 198 12 178 19 128 31 25 74 69 199 130 13 183 128 125 164 173 52 103 145 129 15 37 55 46 25 184 124 1 106 66 164 87 160 183 5 198 38 170 183 85 70 25 57 131 123 178 49 31 107 54 150 69 179 117 4 83 139 86 42 38 65 150 105 69 104 107 44 8 199 40 114 96 172 130 46 98 45 40 178 55 26 36 150 49 161 195 78 60 113 39 20 55 140 18 105 80 14 142 118 99 64 142 108 135 164 20 27 104 96 69 25 110 169 100 12 120 60 136 180 108 180 90 160 110 70 200 112 169 200 179 194 187 161 121 73 96 126 58 89 66 155 
101 90 138 199 101 71 90 126 116 146 173 191 160 178 177 177 18 150 147 132 83 25 91 186 170 196 144 48 139 157 1 117 53 117 103 6 102 82 106 142 141 82 102 41 93 119 2 171 148 5 28 91 126 6 25 163 20 72 63 57 103 58 27 113 89 10 41 65 103 158 163 193 194 89 34 152 19 39 173 132 52 45 140 118 145 17 51 88 91 119 190 71 73 164 124 41 92 80 92 154 150 155 120 141 77 152 193 144 194 171 152 85 155 81 139 141 156 198 120 68 67 97 133 104 114 43 34 126 40 114 176 101 24 30 26 72 67 133 88 145 134 59 135 87 17 47 175 86 156 81 
89 129 92 118 69 122 139 187 51 78 33 111 159 32 36 19 53 61 122 8 90 187 168 140 85 57 184 26 95 120 12 168 61 87 188 43 23 13 175 108 165 155 21 46 1 153 45 130 40 134 160 87 50 137 144 197 11 43 112 67 133 90 64 175 187 67 171 148 10 137 121 113 183 66 103 195 142 164 159 123 40 93 26 73 156 60 153 186 192 31 61 184 57 136 51 67 199 127 47 131 185 52 104 46 29 42 124 188 195 81 190 69 146 98 147 167 38 136 91 187 77 71 38 1 67 80 53 113 16 138 161 178 147 163 169 108 9 47 123 77 104 70 120 41 178 112 13 192 3 88 
198 192 38 29 199 73 137 56 65 89 171 19 72 88 89 51 176 150 14 29 151 167 63 83 49 164 13 150 161 178 128 137 95 147 192 167 123 177 169 115 10 48 52 59 36 91 30 34 49 189 131 93 57 159 20 77 74 12 175 162 105 192 161 2 31 118 136 158 67 169 97 34 38 123 100 161 58 5 51 92 102 72 28 29 187 94 59 146 145 115 191 146 177 119 31 46 22 139 134 145 30 129 14 56 190 33 146 163 166 110 117 100 88 72 196 147 1 122 31 81 152 151 82 107 128 120 43 62 166 27 49 69 11 74 110 189 106 169 114 123 152 66 123 112 8 17 136 4 85 125 
18 196 84 35 117 178 177 192 170 103 200 115 166 32 145 36 166 147 60 160 145 37 8 32 49 26 77 189 100 131 104 75 184 85 28 141 157 167 144 129 172 127 16 145 59 84 191 182 102 159 29 186 174 165 118 48 90 56 7 58 35 47 84 169 192 117 127 162 186 16 76 110 39 10 82 88 39 76 20 154 126 11 131 4 1 195 2 88 120 186 32 138 17 99 19 145 122 39 135 18 52 134 37 16 37 119 85 123 15 78 85 119 124 176 116 78 6 91 51 199 119 53 180 107 96 55 74 118 62 8 123 196 187 125 29 171 34 154 105 26 200 94 135 197 166 115 154 153 25 114 
154 78 17 199 179 57 16 60 98 39 51 85 102 121 69 24 200 40 152 26 43 23 30 87 50 39 20 182 66 29 33 27 47 186 160 100 96 47 159 39 84 36 38 45 119 75 83 92 64 189 117 54 12 73 173 74 115 78 55 110 102 124 119 92 2 10 32 138 95 64 163 6 122 54 138 64 87 92 65 44 107 34 194 40 33 69 149 108 170 3 176 112 88 190 130 41 22 169 181 69 159 182 57 11 98 94 55 145 36 36 45 1 37 188 93 107 100 24 46 124 16 175 173 138 166 52 158 127 54 166 31 157 77 43 44 200 93 28 57 10 159 78 66 28 191 108 168 112 68 166 
198 18 138 95 147 146 92 130 194 157 118 19 96 93 48 199 125 119 9 26 170 74 6 195 185 181 36 200 8 66 194 200 35 2 27 77 100 47 195 37 34 82 163 124 69 34 102 103 93 102 23 19 14 170 192 154 95 76 121 90 160 194 97 8 15 133 18 163 12 76 182 193 184 87 131 16 66 101 161 152 182 161 63 84 65 114 194 128 75 92 23 103 35 159 185 173 186 171 183 48 95 163 134 77 83 189 133 105 185 89 105 194 5 125 29 194 194 186 155 7 2 48 60 164 125 79 46 20 110 101 146 45 85 71 184 169 45 197 51 136 52 32 5 23 96 58 87 148 142 132 
40 186 57 122 41 198 195 186 93 8 90 10 29 18 124 131 41 29 64 57 167 200 18 196 93 43 127 175 120 121 139 117 199 154 111 70 186 4 198 19 43 181 37 76 31 193 187 50 36 49 194 174 9 119 164 73 17 199 79 146 47 95 93 137 177 24 83 140 152 4 139 19 154 115 121 176 1 192 189 53 32 146 38 150 166 122 200 141 195 141 119 22 104 33 30 141 116 34 151 115 177 177 51 8 21 120 104 6 183 173 156 51 65 164 151 100 120 146 162 92 26 44 74 144 151 95 127 76 87 10 120 50 23 173 131 114 72 111 46 157 78 40 168 140 55 89 40 41 112 20 
68 10 122 72 162 101 8 36 47 194 122 196 111 193 139 34 188 30 171 200 122 155 169 10 200 156 102 197 101 124 188 200 105 118 121 185 199 142 156 17 74 182 53 134 105 130 16 141 155 62 183 138 99 28 5 139 169 135 101 113 95 103 9 132 200 29 121 27 97 11 85 163 75 104 41 74 166 199 147 168 66 109 21 184 68 82 15 79 68 143 66 38 37 185 183 92 71 113 56 152 107 117 116 139 31 14 176 106 35 200 171 174 176 5 52 24 157 22 138 26 129 54 67 86 146 56 199 71 198 115 53 37 55 137 158 77 2 46 169 168 102 125 90 170 41 40 46 142 123 45 
167 6 57 2 4 2 80 117 69 113 63 65 80 103 155 70 128 111 178 80 95 171 22 71 41 45 4 139 9 9 92 31 166 19 151 100 122 141 178 112 132 182 67 27 48 84 113 56 154 112 171 77 56 154 77 129 194 92 153 117 125 125 163 98 74 176 7 146 130 133 54 107 125 72 29 65 13 148 38 195 80 103 164 177 120 152 86 78 8 136 188 19 158 31 115 163 55 13 199 58 79 193 49 99 176 144 144 169 85 21 55 54 196 96 164 100 149 85 22 173 89 3 8 117 63 76 156 146 124 102 10 101 107 107 31 197 10 83 178 77 117 17 74 76 8 125 78 151 22 107 
177 152 63 133 6 152 57 126 80 17 45 85 95 38 197 169 35 88 167 196 36 82 33 28 137 9 158 13 36 101 101 197 10 7 98 15 195 98 47 68 18 194 71 187 171 90 59 8 11 198 96 7 56 25 126 60 80 103 195 1 27 22 184 85 26 32 11 185 91 108 136 159 173 40 181 39 128 93 167 195 70 168 115 164 118 5 151 116 141 73 193 54 62 83 116 101 180 31 24 115 65 1 80 131 159 13 185 12 42 163 73 23 72 181 40 60 64 86 76 25 119 195 52 145 172 149 103 9 177 180 148 102 52 191 10 177 62 38 132 116 180 15 129 175 178 8 97 134 66 18 
140 141 22 64 162 26 40 167 137 140 46 99 160 52 39 119 83 145 133 1 119 196 54 25 77 37 32 68 176 144 136 72 25 87 158 121 108 105 158 192 45 84 4 157 17 81 33 187 90 186 89 128 191 127 151 56 127 58 102 62 92 160 111 69 105 52 191 116 37 51 97 143 22 150 53 22 8 164 22 12 164 35 23 80 148 53 121 184 79 57 153 4 44 21 36 76 121 179 4 2 185 94 165 91 83 199 51 169 52 28 127 91 97 173 40 174 110 40 53 137 188 40 18 100 25 163 33 79 185 92 28 131 92 128 52 150 50 91 174 180 200 86 185 152 120 21 74 87 149 198 
51 116 127 44 15 151 152 102 39 174 93 153 9 50 58 60 174 71 21 153 65 8 46 179 64 97 145 156 3 48 126 120 200 10 31 191 180 23 148 46 155 187 92 135 191 16 10 23 20 18 198 15 40 158 180 124 146 151 38 197 166 125 96 173 64 46 169 74 48 33 173 67 27 146 148 170 100 158 51 17 5 131 153 180 190 103 170 43 57 155 90 1 179 130 26 154 134 68 167 30 89 163 90 21 75 26 154 155 83 70 106 112 84 139 100 96 102 135 126 39 200 102 100 98 34 190 137 19 93 24 83 106 200 25 53 125 46 43 3 94 20 161 163 113 92 29 111 198 62 133 
198 117 64 70 91 67 113 67 138 86 198 54 108 66 109 8 117 29 63 199 7 45 16 157 72 52 65 47 179 178 53 80 19 150 140 102 106 15 4 5 114 49 73 1 89 76 170 37 112 88 193 47 42 183 103 199 16 60 163 72 141 76 58 13 185 128 118 15 77 145 55 133 187 40 159 137 57 75 114 162 5 147 51 156 25 18 21 61 73 111 54 120 18 34 48 124 177 48 83 37 7 136 135 55 137 33 184 100 196 166 180 6 11 74 79 81 132 110 42 124 124 72 144 1 199 193 66 187 138 170 181 134 165 79 107 163 139 53 67 39 49 144 187 185 163 105 44 60 82 72 
154 87 18 5 9 170 131 112 54 44 187 185 192 25 51 182 170 103 126 186 190 183 161 180 74 141 45 62 74 27 27 117 87 25 23 42 117 104 124 26 24 116 161 68 140 25 41 77 178 157 16 101 8 73 135 50 16 133 155 53 60 29 35 192 103 66 42 189 175 92 80 186 68 49 157 66 57 144 156 75 133 73 51 146 176 90 200 51 120 87 167 119 63 89 91 106 152 134 125 94 86 184 51 101 184 48 199 125 38 155 156 189 28 83 17 129 157 14 81 158 25 77 132 162 92 193 69 57 109 103 135 3 121 106 5 184 45 19 134 155 138 84 118 17 76 105 16 80 198 134 
97 4 89 146 51 127 115 12 122 66 86 35 180 64 94 92 12 131 155 46 172 135 71 96 173 169 106 108 149 26 178 166 157 38 119 114 10 122 157 30 75 125 12 46 145 68 49 151 122 136 149 19 51 185 69 192 33 147 96 71 57 128 174 29 121 190 147 2 61 171 83 151 120 196 75 126 113 161 44 28 9 58 134 42 20 17 111 24 177 49 114 145 40 34 187 184 90 189 139 158 50 85 73 150 144 142 115 55 118 40 41 72 111 156 193 126 162 105 178 22 121 157 2 171 194 121 104 158 152 75 70 6 124 25 3 128 168 66 132 181 158 80 82 87 107 31 133 77 157 34 
25 81 161 35 38 103 177 44 159 173 42 191 173 66 17 82 119 81 177 42 108 105 104 31 30 76 192 161 109 172 10 50 184 182 40 62 65 155 149 7 18 162 80 72 14 86 35 73 22 53 137 34 63 34 84 58 75 174 182 129 118 15 138 151 140 177 88 13 66 48 24 67 119 166 171 156 185 191 41 165 40 132 134 52 140 161 94 118 43 24 146 62 37 165 100 172 181 53 197 144 113 146 197 63 166 88 97 169 22 107 177 142 56 132 100 74 15 45 117 159 177 43 173 63 171 176 92 2 168 33 59 17 18 120 6 22 185 139 193 66 20 182 8 150 21 29 56 164 6 48 
79 45 183 126 160 133 147 70 76 113 120 90 139 102 125 116 31 138 43 194 47 105 63 117 60 148 164 167 109 35 65 13 148 103 174 153 53 18 7 10 174 200 130 187 177 197 147 171 118 20 179 26 50 192 31 131 72 159 73 82 138 30 124 31 83 66 113 96 41 155 113 175 23 54 1 17 110 66 166 26 43 44 177 138 97 139 12 189 172 152 127 57 116 78 174 70 96 194 66 10 131 78 89 168 152 55 102 171 103 156 102 49 10 159 40 114 130 140 157 37 6 165 16 108 130 188 128 28 50 17 107 186 17 173 188 137 13 62 85 2 55 135 74 96 24 72 48 146 36 123 
144 150 164 199 127 86 113 129 79 170 115 17 3 78 37 53 149 116 99 177 126 130 181 128 173 54 147 174 188 16 146 159 119 8 7 109 46 27 82 1 147 186 153 31 124 5 133 96 189 103 44 171 125 182 59 165 167 26 182 44 141 8 31 185 76 103 139 38 143 77 181 53 29 68 140 83 38 67 200 53 15 122 153 112 80 106 170 49 126 35 182 10 62 116 141 176 34 108 160 77 64 117 182 6 141 186 62 181 26 40 30 46 5 87 16 45 138 129 13 180 161 139 170 76 56 7 162 88 179 133 185 51 78 196 68 22 19 155 120 130 135 107 61 195 156 88 5 12 74 33 
23 190 127 134 103 46 92 156 149 192 117 158 83 172 110 193 138 98 142 10 103 73 163 171 150 194 142 47 197 90 35 63 93 57 62 71 190 33 79 95 134 94 53 14 88 153 157 14 198 51 174 139 188 68 28 64 74 107 108 109 135 75 133 135 189 46 14 171 20 135 69 184 79 78 107 100 35 1 55 152 93 90 113 191 150 45 130 79 136 178 130 112 73 74 24 48 55 39 62 16 71 31 140 29 17 112 122 142 36 78 40 143 42 197 47 163 115 47 78 192 168 69 101 25 178 165 20 199 102 116 125 163 168 7 6 60 35 117 142 112 21 71 113 27 82 110 122 7 68 62 
141 155 194 150 10 116 26 62 195 49 126 130 122 47 95 121 15 194 70 56 57 1 138 149 68 32 10 84 132 29 44 194 138 173 27 106 189 120 14 164 7 111 20 46 42 133 7 28 90 65 89 147 199 113 19 35 158 166 80 55 10 87 47 152 131 155 78 160 166 172 103 11 21 36 89 146 118 49 56 46 74 122 10 125 164 111 180 170 155 95 88 134 26 131 77 190 10 130 44 131 127 53 97 104 89 19 91 175 40 117 138 56 42 191 61 99 183 197 60 119 24 167 199 130 130 30 116 157 112 65 172 63 132 53 50 101 158 76 137 127 15 2 139 94 157 59 74 15 43 195 
15 200 196 75 11 181 130 191 49 16 107 122 149 199 85 181 168 177 99 149 188 46 92 11 144 91 112 96 144 40 73 161 85 38 3 81 74 20 151 78 112 121 18 137 146 198 167 23 18 25 108 14 114 104 1 170 104 39 67 65 83 95 166 71 50 10 48 135 164 58 54 165 172 78 189 137 87 185 73 115 26 43 123 160 179 16 73 151 176 142 12 39 33 169 98 165 23 91 193 40 36 150 2 53 78 161 89 60 153 131 21 152 21 144 96 169 196 11 64 145 190 51 155 24 38 45 93 35 18 18 37 19 138 98 76 42 167 30 26 102 176 68 155 171 81 60 113 175 130 191 
171 143 197 93 94 114 50 124 23 65 174 92 163 23 60 136 144 114 30 125 9 42 90 47 62 134 80 159 61 135 65 63 21 15 76 176 80 23 169 7 106 110 108 159 159 146 29 57 177 27 1 121 61 182 64 28 4 67 45 186 88 114 131 187 43 114 142 68 167 45 143 73 5 190 29 133 180 133 22 184 146 136 61 92 171 174 65 49 12 159 122 61 17 180 132 119 71 184 92 39 153 142 178 62 123 176 104 71 111 180 56 157 141 150 108 184 129 119 153 84 159 40 103 53 75 98 38 21 112 160 57 163 192 83 59 151 182 6 59 164 50 1 198 16 184 20 26 175 52 185 
40 155 67 108 11 174 20 74 62 23 22 135 128 149 127 32 196 27 132 107 151 32 51 177 105 179 29 108 97 79 146 137 60 39 12 171 143 116 111 39 95 87 114 197 153 64 113 31 129 190 84 25 140 164 33 109 39 111 24 121 101 59 48 198 162 128 142 37 122 108 116 23 5 46 78 59 54 83 42 12 162 141 72 161 143 11 96 115 34 38 196 24 75 94 126 16 174 142 104 182 124 130 194 129 153 133 43 182 64 91 114 105 161 172 142 113 109 190 124 89 59 85 137 172 171 41 97 160 86 185 156 13 9 177 84 96 83 42 90 41 39 154 12 172 148 65 88 152 136 173 
148 2 55 24 177 69 48 150 32 197 92 34 1 19 193 160 56 70 163 11 97 146 67 13 70 105 39 72 126 18 200 13 163 4 115 121 95 138 85 100 109 175 198 149 185 163 169 188 21 102 104 78 82 102 99 19 118 154 1 16 63 104 57 159 185 110 53 42 100 159 177 37 131 42 32 158 60 126 12 175 28 40 56 84 128 56 73 112 200 114 74 109 179 12 90 77 128 106 140 195 60 86 164 162 160 104 177 43 19 170 91 33 105 197 58 42 190 180 145 7 157 26 163 175 67 178 78 168 18 6 20 107 157 137 90 70 33 74 171 70 82 62 60 79 58 178 163 95 142 1 
138 177 89 167 37 38 25 139 175 177 84 159 55 98 178 132 13 171 147 31 169 187 132 109 39 43 12 88 56 114 161 83 25 97 2 164 160 32 64 65 29 102 133 180 158 21 120 90 156 140 43 7 180 70 62 103 167 43 101 190 190 200 166 149 200 122 76 119 198 151 181 94 183 157 134 85 95 130 199 184 47 152 109 5 13 195 74 34 9 184 199 22 4 49 26 54 174 186 187 165 133 194 102 7 84 152 157 142 9 150 13 122 2 10 84 114 119 136 65 37 160 143 165 45 156 31 25 58 182 2 89 77 23 59 125 146 47 174 81 133 87 7 22 33 177 188 187 107 4 99 
57 20 79 140 152 70 111 118 99 98 124 161 60 146 39 72 113 169 3 97 92 102 196 10 182 4 166 101 58 74 189 38 197 52 37 50 23 46 173 175 69 165 15 14 179 66 184 145 83 144 142 70 84 62 92 43 143 170 10 126 162 9 84 103 137 93 23 191 116 104 20 171 177 24 98 1 27 71 31 32 19 92 164 28 51 73 69 98 55 11 165 198 101 153 167 18 83 4 45 167 162 164 97 184 73 187 77 59 130 27 22 29 8 150 181 159 24 8 138 124 103 1 132 71 159 83 143 107 31 189 93 153 199 139 109 89 176 132 198 13 78 147 87 71 22 28 86 71 136 1 
74 82 10 74 192 17 56 102 121 134 62 86 79 117 199 107 148 51 52 14 17 9 180 198 83 189 193 99 23 46 157 30 56 3 52 59 39 125 9 19 88 184 144 87 19 28 32 154 110 148 3 92 111 34 195 99 45 189 157 138 167 95 154 63 151 29 129 33 161 40 137 16 22 174 148 85 149 59 131 178 101 26 136 70 97 183 41 143 24 34 27 152 98 163 75 5 179 19 172 74 134 69 154 132 162 112 197 128 128 75 61 174 104 147 81 189 81 48 17 107 27 71 26 143 86 75 158 93 39 118 26 116 2 80 120 39 86 51 24 190 199 145 119 67 29 187 124 35 138 13 
126 200 187 84 158 67 3 86 118 50 169 136 129 125 175 165 105 130 158 76 137 103 180 191 26 185 109 143 71 167 68 141 80 68 142 165 15 15 105 74 95 114 76 133 93 147 119 86 38 70 74 68 102 191 137 126 162 149 20 83 164 122 23 124 181 103 130 73 90 76 31 156 31 200 151 168 150 198 77 3 83 3 78 92 170 73 167 185 58 185 157 115 182 52 47 163 43 87 90 187 158 135 53 18 103 42 84 49 71 139 37 152 155 149 82 1 72 41 161 21 89 86 74 164 117 42 47 116 160 163 93 23 167 107 179 120 173 75 182 140 86 14 111 149 32 83 134 118 165 42 
20 104 100 125 168 105 16 138 171 26 89 30 160 71 10 101 149 118 171 186 8 24 82 182 171 92 191 11 94 131 130 155 68 96 110 83 35 22 185 167 99 26 86 134 151 100 125 101 128 49 8 169 140 193 47 77 14 153 26 74 77 98 67 75 10 128 127 196 1 90 169 197 140 170 178 132 29 102 79 192 31 107 180 167 184 110 44 178 69 162 126 29 84 47 83 168 138 98 54 145 74 92 157 57 31 132 2 80 185 194 102 162 174 30 50 52 88 113 187 92 99 51 8 9 123 72 96 103 46 138 55 175 153 128 15 25 3 22 166 18 116 146 103 14 160 28 85 32 196 108 
192 14 172 145 175 108 28 73 64 157 35 42 177 92 99 65 167 161 74 143 187 5 137 189 182 196 117 173 100 166 45 44 32 87 158 26 173 128 181 132 175 39 109 35 121 101 41 128 51 93 16 144 84 110 172 84 74 101 13 102 134 76 100 93 25 65 15 32 154 198 152 29 126 115 189 144 175 171 166 107 154 61 190 97 85 168 26 188 63 12 99 48 68 117 16 62 185 31 170 93 107 87 97 183 131 27 141 131 57 5 198 32 148 3 16 83 112 187 154 12 94 7 188 152 116 129 55 152 76 164 152 186 80 28 41 168 52 172 26 193 91 198 39 128 59 108 136 138 162 144 
151 57 29 95 7 82 142 135 164 109 154 145 44 111 17 48 191 100 170 87 153 33 110 60 126 187 68 20 159 120 77 10 38 98 106 106 37 37 176 48 44 80 65 85 55 131 4 198 99 46 80 9 63 136 70 131 55 187 78 199 84 64 8 19 189 134 72 45 2 195 25 168 47 149 84 81 172 59 198 133 113 35 55 158 193 101 77 48 41 11 49 94 91 100 82 58 5 72 109 150 192 63 195 156 66 51 100 45 183 83 13 13 179 54 180 176 189 190 143 163 106 125 149 116 125 108 81 184 87 79 45 20 81 11 50 141 163 151 84 86 57 140 43 36 98 44 70 140 99 113 
24 85 27 153 101 17 141 124 189 150 71 21 173 163 123 62 96 38 37 65 46 130 55 161 162 35 131 106 190 24 110 65 152 130 36 20 92 152 89 50 47 158 68 160 47 170 112 11 180 125 104 1 173 17 53 33 137 187 42 58 44 162 126 87 50 129 120 12 77 10 21 57 48 175 147 102 36 43 147 12 101 46 165 47 73 175 14 53 139 73 96 71 168 101 13 14 136 2 194 112 168 26 119 130 142 97 127 89 171 74 16 73 62 33 23 95 11 56 37 31 185 92 93 32 164 43 37 20 143 102 13 8 8 173 192 63 90 121 131 92 150 186 50 40 168 10 85 51 133 97 
172 90 32 194 46 162 84 144 200 85 165 140 54 124 147 43 78 77 173 56 172 46 54 59 170 67 68 192 184 76 4 138 141 82 75 157 48 112 170 73 114 200 29 119 7 47 11 180 165 132 142 191 123 137 167 187 198 127 14 180 177 103 38 165 66 92 55 15 192 40 132 181 62 117 185 151 171 66 78 50 165 158 20 126 18 52 90 69 149 114 98 120 79 114 69 110 112 43 154 95 168 59 38 198 156 83 172 106 59 4 102 196 69 138 123 171 98 6 181 147 131 181 29 126 56 1 172 172 24 162 68 163 118 45 158 138 161 18 90 68 93 126 125 160 146 172 122 52 128 129 
177 119 87 3 53 168 52 80 131 121 135 182 83 18 63 132 143 109 152 130 142 183 140 118 185 157 154 162 30 109 156 77 68 42 74 60 26 65 32 113 10 147 68 61 127 2 134 199 96 37 63 125 147 104 158 59 46 11 68 22 70 58 109 150 5 88 157 61 23 44 171 39 93 169 157 157 131 16 162 166 181 4 140 48 80 196 49 116 32 60 187 193 153 190 16 156 91 52 18 17 7 113 144 10 33 39 90 68 10 94 87 65 8 123 55 125 200 99 108 161 59 9 73 65 74 99 113 60 18 152 25 26 78 196 172 112 45 94 88 146 149 59 105 69 47 132 121 93 103 174 
197 8 142 150 126 120 152 125 138 16 8 59 169 170 123 67 45 189 59 121 64 110 102 147 21 53 124 98 160 194 155 148 60 140 183 117 27 147 41 66 192 36 129 162 3 44 24 41 67 72 160 4 38 18 58 12 138 6 155 41 170 4 11 50 59 12 133 113 166 107 60 7 28 74 86 4 67 25 114 60 145 39 10 76 77 36 189 186 28 45 2 186 117 51 84 91 29 135 32 16 40 146 190 163 179 96 10 142 194 111 120 17 86 118 182 40 126 91 190 162 82 113 167 52 52 78 160 21 185 63 104 162 19 11 54 70 40 10 5 103 63 181 189 189 159 52 99 195 131 84 
62 95 112 138 99 182 63 176 56 83 35 94 169 16 7 166 111 19 150 19 26 121 20 124 40 79 145 185 49 194 144 108 32 179 169 39 71 88 142 125 40 20 89 48 87 163 65 144 25 53 95 33 130 153 20 13 174 96 2 166 73 133 36 167 49 44 156 147 199 12 162 118 130 56 159 87 25 78 200 135 33 12 89 87 167 32 127 77 169 108 184 189 177 184 12 189 200 23 162 169 144 91 180 57 42 36 90 31 29 42 56 61 193 64 87 173 111 80 30 61 107 194 73 51 128 23 46 120 110 98 127 131 198 71 21 82 151 145 19 185 104 24 78 115 98 143 188 148 166 137 
40 121 62 164 133 114 39 61 78 89 159 157 74 102 130 173 53 42 148 116 57 111 15 145 72 145 18 96 74 61 14 52 185 43 80 156 82 141 180 28 185 69 16 190 119 57 193 4 9 120 120 192 78 154 92 28 87 71 114 195 122 173 88 58 144 32 200 160 196 33 180 101 150 95 45 110 8 52 34 160 33 87 141 11 2 10 2 143 110 79 147 129 52 77 92 135 83 20 164 76 27 163 128 88 129 128 112 162 81 24 176 5 107 156 84 166 159 151 15 102 57 121 127 56 154 56 74 4 161 160 132 121 197 50 19 129 173 125 1 80 114 200 166 36 28 20 6 41 154 87 
157 82 44 197 73 196 80 86 45 117 120 78 142 42 154 115 9 154 162 134 142 50 194 93 124 33 70 82 130 30 198 105 58 79 119 138 200 7 183 57 16 20 188 93 115 118 83 144 153 189 66 152 69 49 186 5 142 53 195 165 84 196 46 84 19 10 157 60 174 115 87 46 55 59 77 183 93 182 47 183 190 136 84 19 124 5 135 137 166 185 171 174 33 14 23 166 48 151 151 59 31 173 145 97 71 67 50 181 29 80 51 27 91 84 81 126 181 16 125 125 72 165 161 178 100 94 141 78 121 109 89 76 11 173 19 114 123 154 60 168 196 86 128 20 119 169 106 134 72 138 
38 41 56 58 143 170 48 142 40 133 184 86 72 87 195 192 157 10 111 3 21 183 186 106 80 198 149 23 123 86 58 121 28 192 135 128 189 7 153 77 140 2 89 126 158 94 46 6 56 163 35 196 86 172 197 178 186 146 64 9 80 135 63 14 137 35 106 178 105 133 182 58 135 46 174 47 77 142 25 141 84 164 32 27 88 116 113 104 81 69 48 181 182 149 160 105 92 165 48 93 50 91 119 101 195 185 154 158 4 115 69 116 137 55 136 133 180 167 64 195 172 128 20 133 136 77 104 92 24 4 151 78 66 195 81 70 5 13 162 72 131 160 24 93 24 4 133 59 23 153 
42 40 109 138 82 185 199 139 63 100 77 82 56 114 33 185 23 74 3 84 125 174 24 118 158 1 125 131 182 87 78 177 145 192 184 191 8 153 62 58 157 71 134 82 155 89 182 104 76 113 167 51 164 38 184 140 41 197 22 96 127 74 134 184 175 60 198 38 13 172 147 161 36 155 47 107 1 135 116 124 23 142 160 61 55 184 182 103 107 149 91 3 189 176 124 103 169 48 111 157 150 15 141 199 69 75 138 67 186 75 7 197 189 99 5 53 52 155 68 12 102 60 197 22 8 163 135 156 150 84 66 171 4 41 186 162 192 155 67 56 129 50 74 89 164 65 106 58 12 129 
179 11 55 66 90 86 141 123 40 37 190 182 53 93 130 162 26 59 163 77 23 194 139 62 100 4 173 109 86 42 172 29 47 195 119 67 103 20 192 105 59 167 85 81 61 33 49 97 96 2 187 41 92 46 27 58 129 16 89 74 45 165 45 106 153 135 152 52 38 105 197 139 132 9 176 19 190 169 35 103 70 24 93 84 68 11 70 176 82 34 153 4 46 115 166 66 10 86 174 8 122 150 186 88 157 112 44 139 77 5 51 168 13 179 126 64 152 184 107 82 112 148 183 39 26 61 189 105 147 97 3 94 22 156 179 133 198 167 105 80 159 122 89 2 139 2 26 123 34 169 
119 135 140 71 13 157 70 188 74 44 105 168 161 59 77 133 54 179 196 22 90 108 53 28 1 54 198 34 197 127 103 29 142 14 87 165 29 50 64 77 128 110 136 80 186 87 52 21 108 178 95 97 133 106 110 97 171 150 120 145 104 80 93 11 142 187 11 146 134 63 163 163 27 185 183 70 82 51 180 162 164 66 91 116 119 169 174 168 195 150 167 56 173 101 118 20 47 76 25 49 133 36 22 53 24 147 57 127 189 162 56 1 88 47 56 45 127 158 183 76 43 165 164 41 165 180 37 185 172 55 113 30 88 19 96 26 52 44 48 161 107 106 78 23 38 152 91 85 47 3 
107 98 138 191 66 178 144 130 55 149 88 195 182 88 61 8 107 105 169 144 66 147 29 58 143 179 174 127 198 152 189 125 104 167 115 156 89 114 115 144 27 113 139 127 58 176 34 178 37 5 102 186 42 92 26 152 42 133 148 148 8 162 1 175 180 196 184 15 115 179 169 146 3 163 70 116 9 8 138 33 90 3 168 98 37 183 40 81 131 29 160 164 46 121 100 103 43 86 57 11 81 30 110 78 156 87 76 9 159 36 5 114 53 8 66 105 132 196 74 183 10 195 23 102 12 28 86 2 74 10 127 176 97 105 54 36 32 186 12 120 152 140 164 25 159 9 181 16 146 163 
23 110 64 85 28 23 62 2 131 166 70 5 187 192 3 98 154 178 178 96 87 75 191 176 58 47 104 191 149 177 15 39 44 14 11 120 14 33 81 191 194 158 7 196 83 159 132 27 174 178 186 125 116 125 87 72 122 71 144 176 195 14 29 165 157 97 95 41 83 137 108 49 58 82 174 58 11 71 59 24 35 137 89 51 112 85 27 120 58 36 178 105 3 200 138 106 125 90 126 134 15 187 42 59 9 57 93 25 108 72 121 181 116 198 198 8 194 127 70 6 57 158 29 150 85 110 56 24 96 95 123 112 74 16 155 108 143 23 173 67 177 100 135 155 137 30 188 45 12 96 
137 164 131 106 175 39 85 125 72 53 108 54 148 12 59 119 164 109 132 116 95 179 57 40 185 25 56 170 144 199 47 5 21 152 110 170 57 183 181 199 17 36 83 196 120 45 16 144 41 72 159 105 66 174 84 123 187 188 175 191 100 95 168 25 177 84 157 51 64 138 77 78 196 110 38 180 84 145 134 174 108 59 193 21 169 15 21 96 12 190 35 130 46 159 71 142 200 171 138 159 165 120 169 25 115 160 145 124 79 90 191 91 173 93 32 60 194 128 143 68 157 87 73 96 145 69 133 10 106 116 93 193 16 157 159 18 148 38 111 64 69 161 175 115 112 181 6 160 192 16 
1 165 78 5 32 177 88 64 50 95 85 74 139 87 173 25 27 40 114 4 49 62 10 37 95 169 169 159 98 60 38 40 140 165 179 51 177 25 157 53 88 1 56 29 89 122 38 182 37 70 38 147 196 132 164 77 70 32 25 161 172 135 162 45 115 152 165 184 154 176 9 75 3 127 22 37 176 44 120 42 15 17 178 62 50 124 155 181 126 116 49 74 91 92 49 18 101 10 168 196 122 23 62 118 6 48 137 98 143 35 182 65 42 200 176 64 31 8 198 188 50 131 198 92 8 130 108 142 16 148 8 148 70 105 72 82 47 86 110 115 143 158 127 88 44 166 137 193 133 28 
139 157 200 117 28 24 86 25 113 7 65 12 32 195 155 125 99 46 20 123 90 187 61 146 34 108 123 129 25 198 104 190 200 195 147 12 50 188 101 5 19 168 93 128 106 136 161 55 8 108 186 157 35 174 43 98 6 108 181 82 193 69 152 97 65 164 190 44 148 161 15 14 74 5 195 86 72 38 171 31 191 30 107 29 28 139 41 121 77 31 72 102 123 56 57 115 33 43 99 172 52 150 125 197 54 42 49 160 100 159 58 148 196 23 43 86 21 5 98 128 15 69 107 59 31 55 66 181 164 119 160 163 12 120 175 101 107 141 73 57 21 108 99 95 32 1 174 139 195 63 
5 107 46 51 191 194 188 52 147 107 80 34 97 104 98 124 156 104 186 86 159 30 104 149 197 58 8 49 48 22 158 151 72 91 129 155 5 136 37 148 53 29 60 157 153 65 117 150 8 109 62 161 100 143 85 141 61 142 186 90 151 157 126 185 75 38 68 15 144 50 191 46 197 130 49 73 18 101 57 30 126 86 156 70 102 71 175 183 91 73 171 197 178 137 172 115 109 120 31 31 99 91 16 136 81 83 122 35 25 24 5 167 135 17 152 173 1 86 73 129 148 143 118 199 39 24 60 122 191 16 164 45 130 12 182 76 75 196 70 117 190 155 38 128 56 157 117 151 196 100 
139 65 170 109 108 101 57 7 180 158 200 6 117 199 7 87 120 182 37 61 144 44 98 34 187 60 105 188 58 129 114 149 136 42 159 101 4 61 108 159 117 40 35 188 54 171 193 73 43 127 187 160 88 168 123 85 151 164 86 139 181 151 116 192 79 94 122 39 166 35 149 40 132 195 20 74 108 177 54 69 128 47 154 41 112 142 135 164 112 118 78 4 95 126 19 8 160 6 140 60 181 34 173 102 141 56 67 43 82 64 197 52 165 115 103 165 127 50 107 124 28 71 21 175 123 47 74 42 194 22 119 153 107 114 168 82 9 103 2 31 26 71 21 21 135 31 120 132 165 94 
127 121 29 147 120 164 46 14 95 44 48 98 199 61 158 168 142 154 116 85 18 35 20 142 45 121 71 90 94 151 178 114 155 155 166 159 136 176 72 143 52 8 42 11 108 194 52 191 120 90 68 14 173 195 166 105 34 48 181 92 163 81 176 121 48 149 94 103 88 57 185 171 69 88 171 75 10 20 9 156 61 121 66 26 183 80 34 96 150 10 2 144 7 122 85 143 182 179 119 7 140 57 40 163 56 90 64 125 162 124 1 26 158 114 57 56 50 29 77 100 24 183 87 24 103 6 44 58 30 106 133 137 7 51 120 13 51 2 93 143 83 20 111 53 17 137 188 11 187 16 
48 108 161 70 163 146 163 11 87 164 124 140 91 184 156 25 16 160 33 35 92 114 162 158 179 128 152 10 63 161 66 128 158 65 154 29 24 94 83 107 114 182 160 156 136 12 187 85 97 49 97 23 48 3 137 38 162 73 84 51 172 16 103 123 171 128 162 61 81 121 40 194 124 23 115 64 35 128 157 154 76 15 87 145 63 173 153 102 180 41 76 107 103 76 29 60 104 122 54 68 117 88 136 124 118 189 98 85 96 14 90 7 200 144 179 53 47 92 112 24 109 99 97 39 86 16 192 166 65 104 82 121 110 94 120 74 112 149 63 82 10 149 104 132 175 171 4 73 86 67 
93 153 64 3 80 141 54 53 137 183 33 75 145 64 152 116 181 75 124 91 94 103 50 198 22 112 77 108 35 173 193 136 34 157 61 115 53 83 23 190 56 196 6 40 99 136 127 46 122 91 135 182 46 92 177 188 104 79 164 83 182 194 126 45 13 77 113 186 162 145 12 22 45 193 124 40 164 108 72 118 190 38 186 121 23 23 104 99 61 65 141 117 9 23 72 29 79 166 84 20 194 101 171 119 31 186 86 33 168 122 78 35 40 172 47 151 164 125 52 102 13 30 105 116 114 165 97 44 17 128 101 103 90 145 12 156 193 36 138 122 122 99 77 162 53 136 59 78 185 188 
86 4 2 112 192 120 69 89 59 111 198 107 90 108 143 179 150 58 90 27 51 53 179 140 81 21 116 111 53 86 116 155 35 80 87 113 173 147 82 193 17 172 71 144 183 33 59 42 36 95 114 146 91 191 125 171 82 133 95 78 194 121 49 124 102 15 26 159 75 92 20 167 158 150 141 37 199 167 70 182 165 57 8 96 167 108 4 129 145 21 172 61 103 1 10 46 82 14 60 127 80 107 92 145 18 35 34 53 66 105 6 140 70 164 200 107 184 192 30 151 144 185 11 60 65 99 124 87 76 115 127 189 41 35 133 165 2 29 80 7 109 34 88 39 120 76 73 17 101 150 
116 104 35 115 146 4 95 37 189 58 120 45 187 9 45 83 38 192 180 25 103 177 58 165 108 176 145 117 170 174 94 125 45 44 164 192 108 176 88 11 34 46 72 16 179 101 90 60 43 171 58 85 113 192 96 88 171 188 28 44 193 23 179 163 131 199 12 59 36 110 143 153 157 41 147 61 198 105 129 185 115 194 124 60 194 58 128 150 87 53 90 28 22 163 144 13 182 173 144 111 139 152 83 76 70 179 170 72 56 28 48 183 94 127 151 39 38 20 19 1 154 117 78 61 43 77 51 153 27 198 96 10 184 34 131 121 59 131 96 136 32 15 109 10 11 75 17 88 116 31 
90 77 65 69 123 30 76 12 67 66 67 180 150 197 93 17 32 168 81 42 49 79 185 137 147 47 126 152 188 180 156 176 147 147 196 153 28 106 142 36 194 34 171 39 109 157 84 117 158 142 193 47 188 4 40 117 104 101 49 188 174 45 23 159 79 18 137 113 60 9 101 43 23 4 17 85 33 87 120 124 107 64 113 91 98 130 52 141 195 39 111 55 133 7 88 88 87 100 20 7 162 185 168 152 95 31 191 55 119 188 167 192 77 138 72 139 74 166 192 30 58 8 32 2 144 86 34 74 15 28 115 15 25 52 134 165 128 63 44 45 51 20 178 74 152 44 178 51 95 128 
166 165 152 158 153 109 91 32 67 88 47 141 100 100 34 103 157 113 107 59 40 24 161 167 93 102 189 177 179 52 183 14 66 35 178 120 6 94 105 63 3 10 20 166 3 124 184 179 58 11 11 137 40 125 174 56 90 186 10 198 126 7 196 2 191 136 57 135 166 67 142 91 49 138 86 55 198 163 145 187 6 127 91 67 13 139 100 94 118 152 43 77 4 178 92 197 165 177 191 60 135 169 45 75 124 186 51 161 65 87 78 147 13 157 96 116 29 78 46 44 185 46 161 117 17 118 65 95 108 105 30 127 166 164 50 83 179 122 19 131 48 77 151 26 200 29 99 104 93 167 
127 172 194 190 148 192 117 157 47 88 105 102 198 90 110 17 39 139 120 200 126 25 44 69 152 38 155 31 139 85 46 158 81 29 33 33 139 128 124 144 185 45 77 34 125 82 69 118 27 31 64 149 78 160 104 74 95 199 64 74 61 4 60 2 123 162 159 24 141 33 12 53 2 100 164 166 197 8 32 46 133 160 192 199 134 84 3 38 91 162 190 180 109 180 53 62 80 78 101 55 165 166 166 175 95 89 171 136 52 45 13 137 128 115 117 14 162 99 185 97 46 73 63 129 159 131 26 97 36 200 42 191 137 56 51 125 3 99 130 127 152 22 127 163 107 48 153 109 124 48 
95 118 152 76 41 163 184 180 34 30 183 137 15 188 52 194 55 109 100 54 2 129 137 124 25 57 166 16 5 98 161 53 72 18 126 87 8 107 181 31 100 75 184 164 135 197 191 139 119 104 90 60 111 137 188 106 17 144 21 39 112 64 51 157 189 88 84 115 36 45 40 145 127 131 114 90 162 17 106 32 101 144 40 66 15 99 108 125 100 162 109 61 98 77 122 191 59 113 24 136 8 8 139 168 73 14 99 103 170 47 136 88 83 115 71 111 156 88 128 150 68 39 44 33 192 32 112 29 96 76 146 26 150 11 131 183 72 166 136 72 109 196 26 116 87 87 112 163 36 130 
81 111 66 35 178 186 31 180 134 86 109 92 178 78 13 149 148 189 4 191 36 75 154 177 21 70 69 164 102 38 82 148 97 18 72 124 200 96 35 8 149 162 161 180 74 130 186 200 1 54 70 130 1 88 9 117 58 173 193 113 52 93 83 12 117 127 36 169 75 20 52 34 137 147 157 35 189 148 69 75 8 11 87 182 157 67 106 78 197 199 62 124 41 96 35 36 157 156 42 200 36 28 180 100 60 152 79 147 188 56 127 64 68 72 53 200 199 144 133 143 75 200 188 142 94 123 185 76 107 166 194 138 12 188 183 110 187 149 115 180 24 142 26 37 39 78 127 91 55 24 
136 26 140 109 182 33 134 156 95 59 193 75 150 107 78 17 126 139 49 86 33 66 4 154 89 172 99 8 21 194 26 112 197 60 4 84 131 151 103 102 146 121 9 41 101 83 200 95 186 104 184 109 34 90 156 109 169 92 14 107 147 45 152 168 71 104 135 5 137 29 188 49 200 90 170 71 109 74 32 118 140 84 19 31 99 70 160 126 28 29 148 144 181 16 57 174 173 160 123 100 90 77 147 1 41 92 184 113 17 162 151 110 129 50 63 24 100 47 164 191 39 77 77 103 22 151 97 53 35 70 45 92 48 147 10 186 90 157 14 2 33 177 125 48 178 191 9 21 191 69 
115 90 41 50 92 36 165 70 40 35 4 66 132 132 99 28 108 148 121 50 112 44 1 123 52 27 90 193 7 110 45 138 84 6 13 84 121 70 40 165 56 117 160 24 135 88 121 121 37 50 107 195 125 87 175 68 121 114 166 140 5 199 8 68 97 132 80 97 28 177 168 143 126 161 64 197 152 200 92 179 139 22 112 119 19 45 12 187 63 76 143 77 30 17 168 92 61 176 91 145 42 196 190 68 10 24 85 174 73 164 172 127 155 192 92 144 39 198 164 69 152 83 7 91 173 30 60 44 55 70 161 187 105 160 18 100 39 165 145 41 199 123 98 154 111 127 137 69 42 99 
91 149 199 9 78 93 197 42 50 118 93 102 111 184 148 177 71 52 188 144 9 1 84 50 95 57 132 143 168 50 54 148 15 82 41 120 188 5 71 139 105 77 168 141 8 132 8 13 21 137 75 87 39 36 148 103 81 196 69 80 168 97 106 88 3 116 164 23 45 106 14 117 195 63 192 51 7 158 50 151 113 52 133 15 84 104 1 9 13 23 119 151 43 110 128 189 64 94 66 159 65 39 162 84 75 110 1 99 93 46 33 49 55 55 13 82 86 71 57 143 103 117 100 88 147 72 166 30 38 156 166 93 194 13 144 71 32 125 157 123 133 188 148 151 197 42 120 105 130 161 
112 41 106 159 60 43 181 49 94 158 41 124 33 83 27 61 18 150 90 192 50 117 154 102 195 66 134 42 86 50 53 32 81 152 107 36 89 154 64 80 200 3 25 111 112 150 142 104 25 118 33 146 28 102 73 39 44 140 173 36 175 41 56 91 35 190 1 112 158 111 106 90 62 15 187 16 91 169 199 96 135 28 73 193 79 120 29 10 192 61 151 42 131 8 70 181 154 190 140 196 33 66 185 22 103 69 84 41 160 162 42 41 112 11 190 7 154 40 66 64 113 7 90 165 52 122 147 159 109 162 144 1 98 182 94 26 192 161 178 169 35 33 38 33 26 20 93 51 60 35 
185 34 82 34 14 15 152 98 93 102 52 93 83 121 75 100 77 100 61 121 87 3 170 37 117 179 153 7 143 24 52 45 199 112 157 81 86 143 153 122 172 6 8 15 31 137 183 142 194 28 185 87 138 130 185 101 147 157 25 59 4 148 51 11 165 43 31 38 129 48 38 77 105 124 45 198 105 164 101 180 193 9 58 62 163 85 83 82 136 52 19 95 46 126 2 6 48 120 47 199 10 160 35 153 12 56 154 13 31 137 96 161 193 119 35 23 191 121 117 199 16 71 93 136 152 30 167 103 45 138 26 40 43 145 124 28 113 3 180 2 62 124 149 8 58 8 55 188 179 19 
195 118 47 24 123 187 116 74 141 107 147 36 183 48 193 158 171 187 49 22 126 131 200 184 160 171 172 106 199 53 154 145 65 92 174 160 66 84 132 30 157 174 84 154 71 127 24 149 190 76 45 200 39 119 127 23 141 58 111 78 41 164 175 137 186 72 142 88 12 171 46 176 66 78 15 134 158 178 102 162 95 45 18 75 64 159 3 38 132 62 155 13 45 144 86 70 101 92 67 67 81 103 63 156 152 138 3 18 75 103 95 46 180 199 138 157 108 6 104 23 14 114 96 78 199 63 12 7 113 172 114 166 163 146 105 24 106 19 68 152 49 76 120 156 154 156 83 163 50 158 
31 69 19 139 186 100 49 133 116 48 191 146 89 14 55 171 66 31 135 72 21 10 194 32 109 190 187 192 74 12 19 37 86 106 58 179 82 166 94 188 80 96 162 70 34 14 78 200 161 20 130 28 107 26 51 68 186 7 35 84 145 87 132 29 52 152 151 37 179 186 170 110 103 115 22 14 178 164 161 61 25 13 73 185 165 66 110 109 124 150 21 146 179 22 53 156 4 1 34 118 61 16 13 31 99 4 123 77 74 68 65 19 64 28 84 74 129 13 96 191 4 20 159 193 56 85 159 133 179 135 52 44 129 9 162 118 53 75 181 71 117 46 79 35 154 81 188 37 40 54 
128 85 172 41 3 186 90 27 109 179 176 60 197 38 75 149 169 32 164 38 121 30 175 156 105 11 41 184 40 87 159 54 29 80 153 19 10 150 94 55 130 32 67 76 120 127 92 144 161 39 26 35 113 153 35 65 43 8 196 177 196 62 108 102 33 93 168 9 21 198 2 185 84 88 96 129 96 16 181 61 154 88 164 187 73 57 152 50 34 81 170 100 79 187 121 184 102 117 172 4 137 148 114 83 81 186 191 64 70 72 179 82 5 110 66 3 196 145 6 27 186 79 42 67 112 162 72 66 114 156 120 114 125 27 188 139 181 24 6 171 18 181 171 174 174 49 149 151 37 129 
80 118 190 122 63 197 90 147 9 145 198 33 60 118 195 16 109 115 8 121 89 155 61 112 195 120 180 176 26 89 56 87 4 91 67 187 156 5 127 38 7 59 70 88 148 44 45 138 142 152 70 88 3 103 187 15 167 188 194 62 116 174 84 78 73 127 26 158 177 138 45 19 144 200 115 186 36 146 69 150 177 175 98 195 64 147 34 29 96 64 148 193 40 131 4 164 76 76 125 49 23 101 83 176 161 78 185 34 195 192 56 5 192 95 152 135 156 85 180 6 31 44 6 195 105 95 138 113 29 69 75 186 3 149 58 57 5 15 149 42 36 16 193 140 33 109 44 191 147 173 
73 200 104 137 55 140 6 71 100 89 35 130 46 115 136 22 74 12 160 102 38 178 15 157 113 154 187 193 41 9 147 84 11 24 49 50 3 77 167 185 58 186 127 51 10 79 157 130 56 96 119 171 40 187 87 163 94 129 6 76 177 124 166 184 61 179 77 12 101 170 176 76 130 135 168 139 159 139 95 162 198 12 187 73 96 27 161 167 156 86 96 91 160 105 58 103 165 158 190 156 42 153 56 72 39 142 163 23 9 7 114 93 126 167 114 121 25 128 160 138 43 133 74 126 84 191 80 196 90 81 165 173 85 100 65 155 68 21 155 196 79 108 3 12 173 35 96 59 38 33 
182 100 136 100 196 36 72 154 180 148 194 37 99 79 46 63 18 135 59 92 117 54 65 177 37 170 37 2 119 200 93 70 15 181 60 94 56 186 126 190 95 171 98 137 179 78 149 197 184 113 166 38 111 135 166 131 115 129 141 172 107 122 4 34 155 162 73 12 35 198 65 75 150 86 110 120 94 102 112 130 56 197 53 95 107 35 10 129 86 9 25 55 161 45 75 10 81 181 199 49 183 169 4 177 89 188 63 153 117 43 49 8 122 80 182 4 24 21 3 141 29 93 183 144 123 143 121 178 63 183 136 46 48 48 42 198 48 28 141 165 21 64 173 189 108 24 120 193 188 80 
123 102 165 9 27 102 86 46 77 73 145 6 25 62 55 91 28 105 132 59 43 37 47 8 71 172 130 188 167 93 129 13 39 161 143 110 166 1 115 28 25 44 44 166 165 30 91 50 143 97 184 41 59 179 199 29 198 74 19 65 15 83 34 103 8 66 86 84 27 175 108 73 166 140 191 25 1 8 143 186 74 197 188 123 95 196 44 56 17 142 112 44 130 138 198 130 30 101 172 174 131 121 102 200 17 101 93 3 147 167 86 133 117 155 111 168 158 200 95 2 124 125 150 91 130 81 178 143 174 80 99 123 138 161 15 198 121 33 53 154 50 41 38 137 14 161 34 147 9 175 
61 151 71 120 177 87 126 159 26 179 45 102 183 40 169 100 151 161 105 59 14 176 199 58 24 51 58 122 126 54 199 176 62 188 198 1 11 148 186 117 42 75 46 178 101 62 6 56 164 44 85 11 17 142 26 6 19 192 195 21 112 142 111 105 17 41 135 134 50 95 135 11 43 82 15 133 183 22 105 45 150 168 19 90 126 34 3 46 176 199 24 43 198 133 140 107 9 191 102 129 116 16 68 116 150 123 173 13 155 96 84 2 185 118 75 127 106 30 165 23 161 143 2 126 50 112 81 185 86 94 115 185 180 77 101 158 43 115 154 121 1 157 56 49 7 5 176 24 64 129 
14 89 179 154 191 198 145 5 115 115 64 3 6 99 122 150 187 64 110 108 142 119 79 155 57 57 84 79 132 70 96 169 197 56 193 61 47 167 134 86 168 39 54 172 43 120 84 117 160 44 186 69 105 76 68 68 73 156 146 38 78 121 118 23 104 81 159 1 124 183 172 110 159 22 44 11 40 126 144 161 14 198 22 97 131 195 43 78 162 152 192 146 56 160 42 72 104 103 116 65 110 43 149 200 74 165 140 10 66 71 40 63 191 52 144 134 58 13 76 184 1 114 143 63 156 144 57 22 53 163 156 2 100 154 63 64 24 69 53 194 137 52 53 160 180 64 60 177 152 197 
147 6 6 99 73 197 131 162 166 118 136 66 114 192 74 120 28 142 113 137 160 55 175 13 114 170 153 170 140 9 21 119 2 125 123 111 118 129 146 151 80 197 65 124 5 5 151 63 134 142 168 13 21 35 86 196 116 119 124 90 156 194 188 174 82 67 46 108 65 74 58 36 142 188 118 80 191 120 169 69 74 134 172 144 105 184 113 81 157 52 45 134 103 170 142 112 11 154 125 134 36 62 79 176 139 187 46 25 167 10 95 98 42 18 158 161 86 163 45 39 38 94 152 160 27 9 55 51 100 154 192 177 47 55 171 180 139 31 145 18 170 141 29 35 42 105 119 46 9 164 
144 44 52 117 28 62 81 9 99 49 192 118 43 189 125 49 119 5 16 8 19 61 45 109 162 14 99 59 181 198 70 179 146 47 57 130 19 89 159 83 3 116 109 198 12 33 7 16 29 47 56 3 183 46 163 98 99 14 195 93 28 35 119 22 39 174 74 57 109 185 48 82 20 110 79 32 45 4 8 197 195 135 73 33 135 38 136 150 86 40 193 190 84 28 60 167 43 122 182 5 141 1 56 20 15 116 111 55 167 181 93 131 147 150 194 29 152 127 151 112 2 15 139 136 191 52 10 39 138 75 99 8 80 87 134 150 158 131 93 81 165 143 126 193 188 69 102 120 65 89 
68 40 113 56 168 70 128 199 82 37 80 179 192 81 35 9 140 42 76 120 123 106 96 143 136 72 147 198 20 100 46 92 152 153 81 98 139 14 125 87 78 90 134 141 128 169 15 23 36 40 33 10 179 104 193 151 200 10 90 120 27 39 135 7 36 71 92 106 161 137 177 36 152 13 117 184 159 178 169 160 105 95 129 5 113 137 131 181 155 46 65 185 149 94 82 38 113 85 22 128 9 13 146 182 133 39 146 35 35 96 183 7 122 170 60 106 185 93 36 104 198 18 7 26 173 135 134 140 63 108 29 132 107 184 196 11 183 194 17 94 114 43 34 200 20 10 18 198 86 145 
167 52 186 106 61 76 2 60 119 103 66 160 35 189 17 45 59 177 83 186 120 2 96 5 20 40 90 124 195 68 136 161 168 126 17 107 149 198 1 36 173 196 83 186 191 122 126 49 166 160 117 17 1 59 39 145 5 171 39 47 4 129 170 194 67 5 90 103 163 28 89 55 138 49 71 137 186 135 132 11 95 24 170 86 92 174 198 33 11 167 132 111 97 82 2 71 128 44 85 44 164 80 50 11 76 41 101 64 103 177 32 145 69 166 194 103 53 172 8 83 20 154 144 6 115 175 24 168 43 139 114 182 115 143 145 144 63 197 176 45 103 116 141 113 60 147 176 8 36 115 
26 156 121 52 107 74 79 77 115 18 80 18 82 200 8 114 189 37 177 59 159 99 53 17 127 163 106 163 52 175 186 107 79 60 200 140 191 154 12 166 20 149 17 64 6 150 88 69 97 8 170 196 57 194 130 121 149 34 53 196 166 96 109 174 184 129 190 148 176 197 112 179 157 81 4 123 169 84 39 87 98 80 192 96 160 159 31 152 80 49 156 161 136 138 126 159 107 84 56 197 3 156 58 196 157 175 10 135 63 136 141 42 130 20 10 44 156 123 41 20 80 135 195 87 96 101 85 141 34 70 182 73 9 168 108 68 166 73 147 12 168 106 129 60 153 103 55 69 199 146 
189 28 20 106 95 11 183 20 61 5 20 113 48 104 147 131 102 62 163 107 53 19 179 99 83 128 18 134 4 30 146 2 32 185 79 67 134 175 149 58 80 152 163 27 168 10 176 77 131 71 48 136 104 65 89 71 3 132 111 192 83 17 158 119 97 84 191 85 38 126 77 199 16 108 64 14 21 63 34 96 73 152 18 121 76 138 65 74 81 161 187 74 39 29 175 9 87 188 72 21 21 133 65 155 59 131 86 138 36 66 161 84 122 58 169 188 28 72 136 179 149 53 111 142 153 159 34 112 78 105 7 95 139 80 69 190 79 18 8 43 148 82 6 85 109 45 60 126 19 194 
21 100 103 15 162 79 135 1 98 44 33 129 112 35 172 98 38 78 177 155 62 190 100 171 149 103 24 124 66 16 66 53 88 140 97 51 152 53 176 110 168 143 136 156 33 4 5 20 45 105 48 53 60 1 22 175 50 105 167 57 48 199 13 8 110 103 95 189 112 181 160 189 86 83 81 78 164 116 141 96 107 102 96 67 14 155 2 187 16 4 50 185 95 117 111 55 108 79 166 74 36 83 123 78 21 136 10 13 52 104 162 130 165 192 115 128 122 23 34 197 56 114 153 72 14 81 95 160 142 40 16 173 184 78 143 92 179 68 65 138 32 2 56 51 101 86 73 63 155 199 
191 194 80 146 174 50 18 22 131 109 138 118 27 68 78 163 99 33 180 144 19 190 85 40 164 4 79 144 74 145 117 54 150 196 60 200 16 172 57 151 22 109 104 93 20 147 122 76 157 127 76 135 144 139 21 176 186 135 109 187 103 23 101 20 196 75 104 29 44 56 199 101 4 128 5 41 81 175 51 172 189 161 148 5 182 30 168 11 34 32 45 12 199 106 71 115 178 22 150 113 48 84 94 121 143 99 175 54 158 68 2 75 100 169 42 5 7 59 71 81 150 146 157 131 48 114 68 157 133 55 55 136 105 154 87 193 155 107 187 6 8 104 55 110 171 151 18 82 30 122 
176 64 159 193 68 18 187 78 92 28 52 75 156 176 23 138 160 93 199 110 56 20 132 87 87 77 22 78 114 125 118 40 4 79 105 4 138 54 4 7 50 180 189 31 199 184 198 83 73 46 51 178 103 50 13 82 4 183 70 61 80 32 126 128 93 108 11 119 104 195 24 16 110 152 92 151 72 111 49 133 63 25 43 129 85 59 141 179 55 118 167 125 6 126 44 147 18 70 107 130 85 197 78 171 75 135 77 8 4 116 17 4 178 19 96 115 184 43 127 93 40 153 76 43 109 161 106 112 22 167 94 193 45 123 87 53 24 142 197 29 169 120 55 187 191 6 89 136 34 155 
44 15 154 175 199 103 36 185 119 178 135 148 78 42 107 182 196 60 47 88 189 113 16 125 41 151 44 107 194 189 183 179 197 86 101 148 27 114 20 178 160 52 167 124 4 131 163 85 63 160 189 89 15 112 55 164 9 3 130 36 116 169 140 69 15 154 19 135 16 160 75 55 36 66 94 84 117 178 12 50 80 52 154 98 187 197 172 2 20 190 65 8 86 67 179 104 190 40 177 102 107 32 77 30 69 172 197 175 35 77 155 18 10 71 170 35 153 157 40 9 65 69 181 178 165 130 200 197 52 80 147 200 129 60 85 193 97 186 156 70 129 196 152 60 171 4 36 42 5 112 
158 171 95 176 79 53 136 48 39 33 108 29 128 81 48 123 138 164 151 52 69 174 59 51 18 163 60 89 35 146 170 8 68 110 192 135 43 58 2 146 3 75 145 66 118 57 161 92 151 111 86 8 87 144 46 186 23 78 125 15 48 150 196 105 65 185 71 73 175 92 199 162 72 108 199 55 53 179 124 6 55 180 4 184 188 153 82 143 43 97 3 3 197 2 186 182 127 63 189 33 16 50 186 149 63 111 103 70 12 107 59 3 57 104 37 86 98 132 44 108 181 50 127 198 98 102 126 76 3 106 48 103 54 74 124 164 184 57 97 68 91 58 11 81 105 175 12 124 186 156 
23 110 15 60 157 190 149 150 72 6 40 86 150 102 181 168 125 197 187 111 70 17 51 169 164 26 71 194 122 45 200 66 197 72 132 104 176 197 109 25 199 53 95 76 40 18 47 110 105 116 133 61 197 109 27 105 55 64 32 65 32 160 32 18 7 83 193 22 145 171 44 105 173 48 23 189 25 13 181 22 102 151 64 3 195 181 174 6 174 7 3 160 145 10 180 6 133 175 166 128 194 34 193 134 92 28 19 115 17 110 161 163 32 183 198 77 151 82 107 111 71 137 48 154 123 37 77 31 14 58 127 190 175 132 120 196 107 103 73 9 190 183 154 67 37 39 143 117 46 127 
92 90 13 182 198 5 46 58 20 129 95 134 52 103 86 98 104 143 28 92 106 177 109 52 151 123 184 41 132 77 21 79 52 100 125 102 167 12 173 103 197 14 158 142 94 179 122 44 112 75 171 48 72 17 9 88 91 4 187 50 181 32 49 26 47 164 45 76 154 80 42 175 136 121 176 66 21 37 183 100 186 130 42 45 105 130 155 106 163 83 107 30 31 156 10 117 21 155 20 129 174 25 5 76 56 107 96 141 140 85 158 151 5 99 158 133 68 7 114 144 114 190 101 76 139 109 66 16 8 171 47 168 96 73 163 72 128 64 120 10 188 184 18 62 117 145 159 90 161 46 
30 38 118 119 131 178 78 82 15 135 66 115 18 150 173 65 29 135 87 152 40 46 186 163 78 26 76 46 74 34 98 110 61 181 70 45 107 97 66 49 100 154 18 178 23 42 115 35 65 100 140 159 80 150 189 124 128 65 40 83 135 168 88 100 75 53 108 191 91 62 40 159 92 146 8 163 60 39 190 133 154 45 140 47 20 142 8 13 178 65 166 129 116 134 109 138 199 34 156 76 126 169 8 170 6 160 165 31 3 84 11 121 19 193 65 148 161 4 6 20 26 88 38 125 71 86 80 19 148 149 132 118 153 109 137 1 136 136 73 141 80 188 150 134 65 177 32 6 33 137 
72 102 171 72 100 93 195 129 135 112 35 175 152 43 127 91 107 138 138 113 30 141 134 130 51 180 188 155 6 169 163 41 124 10 21 155 26 13 136 87 19 109 110 116 77 62 64 45 171 139 40 173 38 141 197 140 170 65 176 176 137 16 160 71 119 134 165 33 167 141 99 57 54 40 58 81 2 76 43 60 177 121 103 164 130 91 44 58 123 83 193 123 155 82 28 29 111 123 107 45 147 108 90 145 48 107 10 113 77 81 22 32 50 141 150 90 195 195 63 167 130 89 13 42 134 12 118 141 159 57 142 62 192 16 113 99 88 171 69 196 15 71 45 11 93 40 182 157 98 134 
81 6 170 44 164 16 125 106 182 56 171 21 13 185 42 93 130 66 15 45 85 107 177 62 4 81 40 89 81 155 178 30 24 173 83 198 138 131 112 47 118 64 79 121 2 130 4 171 23 6 67 24 200 35 49 188 133 100 78 192 138 126 49 57 176 54 22 117 184 60 145 6 2 124 146 154 114 116 41 46 43 66 74 81 43 101 122 42 148 25 69 17 135 67 160 59 60 1 65 12 66 23 16 126 181 99 56 72 166 131 185 119 191 117 177 96 187 191 172 170 93 77 9 68 69 44 89 152 93 48 175 96 98 139 57 162 105 28 53 54 172 65 63 164 10 67 135 34 29 167 
21 22 42 78 129 103 95 121 24 91 91 73 36 193 188 94 192 60 119 149 102 2 153 96 28 55 41 119 80 153 31 193 148 16 114 191 34 171 72 72 146 153 178 169 97 31 180 135 29 139 184 31 53 18 200 127 187 46 99 172 134 114 125 120 83 172 20 122 22 43 169 75 84 8 48 16 183 146 187 58 67 29 101 111 181 32 113 101 182 48 170 188 96 58 15 94 99 15 145 182 100 188 55 13 72 70 32 4 50 8 124 67 42 14 116 85 41 189 153 92 157 141 76 41 45 171 101 6 98 25 175 13 177 152 33 141 26 156 160 116 161 178 194 70 52 80 17 152 74 79 
18 57 195 102 100 150 172 134 174 185 178 155 98 86 178 23 77 85 68 120 54 38 76 118 28 183 47 114 135 180 111 137 189 62 74 171 148 112 186 193 29 127 11 100 152 14 81 148 127 128 3 20 71 51 134 29 90 14 43 146 176 138 2 122 120 165 108 164 32 102 65 35 198 139 198 27 37 26 194 36 135 111 90 86 8 110 194 90 55 40 142 160 72 140 98 123 24 62 75 135 138 147 61 191 98 179 133 193 155 168 16 30 171 28 3 23 18 181 154 32 164 138 64 121 44 6 12 82 1 28 112 33 171 185 197 62 100 131 18 156 45 161 61 166 106 105 67 166 147 15 
89 101 62 8 194 24 182 145 84 64 47 143 143 133 129 100 108 90 63 146 98 165 171 85 139 142 125 176 68 64 195 27 138 11 121 163 83 15 71 13 73 8 55 17 156 157 41 27 44 26 200 161 164 53 193 143 22 84 62 47 15 72 101 187 2 149 123 60 138 68 133 162 164 30 151 170 96 92 97 175 182 55 188 127 189 120 188 101 76 162 107 192 124 27 80 156 138 151 184 84 127 96 67 73 108 107 74 20 6 70 23 90 180 33 115 115 76 180 12 145 126 120 144 106 149 130 184 50 105 107 111 141 10 96 13 185 103 102 58 59 168 87 71 134 180 80 104 127 118 154 
63 148 37 63 27 97 67 77 174 13 133 60 199 182 74 25 2 135 113 192 192 165 159 168 194 150 53 90 35 76 37 142 37 144 5 91 59 158 151 39 194 176 165 161 58 138 125 70 57 199 129 146 2 140 56 136 24 20 24 118 150 9 16 55 2 182 89 162 71 80 50 183 127 4 153 167 131 173 33 124 2 171 18 3 72 163 128 195 200 199 93 150 91 42 38 175 120 134 108 81 166 105 155 154 36 156 176 165 82 157 182 190 167 63 172 186 28 46 188 127 37 13 36 86 63 200 42 102 128 137 139 86 184 50 56 30 39 125 28 71 19 184 65 157 59 45 110 115 42 77 
156 149 96 198 4 120 109 72 63 180 128 96 179 77 128 123 78 184 31 144 131 19 188 36 41 59 45 89 80 43 31 168 29 55 126 122 163 99 11 42 85 66 110 58 128 100 86 169 191 122 10 79 34 151 141 89 57 56 4 54 153 167 8 171 34 153 107 35 54 41 103 145 179 10 42 177 145 44 7 177 142 77 158 10 195 164 126 47 38 152 109 17 181 89 135 90 103 3 184 197 53 126 132 162 2 88 82 115 38 174 195 27 112 7 161 121 118 187 149 57 167 137 61 196 114 35 9 62 193 51 46 47 138 34 28 105 20 156 175 200 36 140 100 17 2 177 160 22 156 177 
45 30 192 18 16 139 67 180 7 96 179 31 19 58 177 160 190 133 29 117 147 190 57 172 104 71 172 161 79 47 34 107 31 87 152 193 42 157 126 1 129 160 51 99 118 97 121 23 116 69 128 142 184 81 54 187 137 158 1 149 128 100 142 150 117 107 149 144 14 105 88 100 167 112 3 177 36 77 130 53 12 162 25 14 153 74 149 133 165 142 105 18 171 17 134 14 73 22 116 117 115 67 35 81 95 110 182 121 132 79 155 161 161 194 158 41 64 6 123 167 164 177 102 113 143 95 43 23 179 36 196 162 168 3 179 46 2 2 6 57 178 175 157 151 45 130 53 48 132 105 
162 1 108 11 97 58 197 187 42 89 42 6 43 176 42 163 8 93 126 27 167 79 197 184 45 45 70 152 52 79 121 113 55 78 44 139 28 53 168 142 138 158 33 98 96 6 84 55 105 24 29 181 120 28 195 19 4 107 55 23 24 21 59 39 96 18 22 96 30 183 17 50 190 6 165 177 95 27 191 175 139 175 128 143 108 165 166 99 108 121 111 88 180 176 88 152 153 169 140 84 199 183 130 171 85 189 199 145 37 157 153 139 198 85 37 29 135 126 80 19 156 24 73 22 176 5 7 135 124 81 150 170 19 53 68 153 43 137 56 79 121 195 106 180 121 71 174 19 94 3 
60 130 7 135 185 47 94 91 125 24 196 11 86 39 114 84 110 93 172 52 84 3 17 102 171 52 199 165 93 132 66 182 32 36 191 113 66 54 164 44 55 161 6 62 159 100 176 121 50 81 137 72 77 60 197 138 189 165 198 194 160 135 190 83 95 62 161 149 55 85 51 8 41 128 127 11 108 115 105 123 108 199 171 50 30 92 58 77 135 139 88 60 34 109 191 22 21 169 159 65 39 59 142 70 141 141 147 129 8 125 103 182 48 41 116 21 198 161 152 75 85 171 163 51 41 40 170 161 157 97 134 195 149 61 59 106 76 76 37 181 166 177 182 155 106 125 105 198 42 19 
118 180 68 63 196 13 102 192 186 46 169 85 128 67 137 181 189 11 134 184 189 51 77 64 85 61 147 110 60 34 159 191 86 200 13 182 62 32 26 115 106 69 21 198 4 45 79 181 151 121 118 189 100 164 192 47 72 98 52 96 72 136 195 68 129 74 159 200 46 179 71 182 185 177 59 199 194 7 53 147 48 6 192 22 191 127 30 13 58 70 108 74 15 11 196 89 77 2 125 100 32 22 81 144 106 163 86 172 68 17 14 103 62 44 163 199 95 41 39 76 187 15 199 152 128 176 188 31 160 8 178 152 170 154 180 1 36 60 165 192 120 17 114 79 21 61 194 31 172 2 
7 139 55 111 171 90 99 98 140 123 135 38 118 200 6 93 12 152 33 163 156 35 11 166 133 146 149 174 42 112 98 27 192 176 94 118 149 96 192 150 8 194 129 160 110 136 66 81 82 37 157 129 36 19 73 1 163 90 186 151 141 104 7 39 121 9 9 66 94 7 21 76 38 64 8 87 164 69 87 197 189 53 158 164 173 3 155 84 74 80 130 197 14 163 13 180 122 28 17 119 56 70 136 196 99 197 4 51 177 115 192 20 97 34 80 115 163 71 34 178 16 56 174 11 13 32 105 5 96 109 157 27 122 9 162 21 25 142 91 191 109 144 66 85 185 38 109 153 100 34 
166 79 89 128 134 175 53 66 84 84 121 170 151 17 151 119 173 12 33 124 181 192 39 81 172 173 23 32 104 153 172 161 158 49 113 158 155 3 141 22 153 40 107 47 64 131 117 61 79 29 154 126 130 140 144 188 184 157 129 25 22 2 174 164 22 130 110 169 13 188 18 178 23 106 119 200 32 134 159 125 144 194 150 190 116 190 162 170 4 121 163 89 80 191 173 141 72 6 10 140 46 99 67 171 2 150 87 55 39 96 36 63 29 39 124 94 157 19 26 23 69 196 157 23 90 182 6 66 61 96 36 67 78 33 69 183 16 1 144 42 101 133 79 44 131 14 78 18 75 150 
86 24 125 102 139 28 12 1 177 111 10 27 148 82 68 87 188 156 91 198 133 33 129 56 131 88 5 128 55 35 178 169 58 87 130 166 200 178 151 115 187 122 100 22 162 134 33 8 4 80 167 66 35 136 139 199 182 176 163 198 158 135 190 170 40 115 56 73 57 197 107 159 69 20 147 178 48 41 32 162 75 51 102 81 144 199 100 58 102 47 184 166 70 29 161 12 70 34 114 163 136 180 138 23 51 127 141 157 73 158 180 62 133 39 190 23 152 142 182 59 118 62 111 114 151 13 69 159 49 28 137 167 8 89 17 7 80 112 62 8 163 46 188 152 174 160 166 46 103 118 
18 17 86 8 143 14 46 92 7 36 107 138 197 71 176 89 26 183 94 30 21 8 124 135 69 126 131 16 113 99 135 103 68 46 107 95 161 90 113 163 111 142 64 6 114 171 158 85 44 3 51 161 101 199 167 20 150 61 105 116 178 87 52 28 144 34 83 192 107 24 114 89 88 192 41 124 114 176 10 190 50 118 11 172 8 72 147 71 107 115 52 20 17 178 118 96 79 90 177 115 198 160 78 188 75 136 190 177 117 161 119 83 143 173 77 107 50 97 39 23 129 55 8 169 24 162 100 129 47 155 161 152 37 153 198 145 44 191 152 120 26 180 128 110 200 181 9 49 116 179 
19 2 72 108 189 170 189 22 37 13 107 86 151 85 123 61 180 165 148 162 170 81 113 148 150 113 184 175 42 105 127 174 137 134 105 120 72 117 33 138 150 198 172 48 28 39 41 111 46 119 69 23 27 190 112 64 175 3 169 24 98 30 153 93 121 191 120 34 1 191 25 72 152 81 53 156 69 34 80 128 52 189 151 182 131 66 22 152 169 50 144 58 23 164 138 112 64 77 24 160 98 85 20 177 163 5 7 76 150 120 42 27 101 41 94 63 28 93 46 187 132 184 159 142 5 142 186 99 52 25 175 7 111 13 184 124 24 17 89 87 90 3 198 173 63 46 50 94 173 50 
50 119 71 173 115 64 96 115 17 134 102 31 131 102 178 175 177 152 76 58 124 101 35 114 1 5 34 61 102 120 113 182 143 60 49 46 5 179 181 29 5 169 184 41 149 117 58 90 80 47 177 191 169 12 88 183 111 13 66 71 24 187 25 117 37 64 160 50 3 93 164 124 34 94 6 64 50 186 8 155 1 51 83 145 7 177 192 67 10 172 158 34 141 82 105 73 20 69 129 80 37 32 9 161 86 119 14 76 174 121 45 1 72 195 45 146 22 60 5 119 73 138 94 177 89 99 85 118 99 39 109 79 151 70 109 170 2 51 166 154 43 8 180 154 165 70 19 34 145 13 
89 185 155 87 117 198 126 128 103 81 115 52 71 132 39 192 28 143 94 163 59 154 95 76 162 197 136 25 149 51 180 120 90 175 4 177 81 71 108 81 162 54 132 34 137 140 160 117 74 169 172 189 40 43 120 55 45 111 14 165 111 11 167 24 105 194 106 49 94 199 169 137 164 13 196 131 25 23 187 57 142 126 140 200 105 71 60 1 80 20 195 155 101 27 85 60 73 130 137 67 131 99 83 156 19 143 12 65 61 54 159 124 156 182 144 160 184 133 111 95 103 65 20 8 92 86 6 47 63 95 99 188 2 11 74 83 65 123 122 78 199 185 63 150 75 106 52 104 174 186 
172 13 134 116 74 166 35 30 132 115 124 53 42 29 157 11 25 121 16 66 89 29 119 66 93 177 182 76 142 165 5 128 14 174 114 16 192 147 101 179 112 117 35 184 98 126 25 19 47 131 99 188 81 163 183 156 44 72 109 33 140 83 87 154 84 86 77 101 129 71 18 103 93 138 116 66 184 162 126 59 80 28 98 29 22 67 72 45 141 34 101 187 167 40 92 119 72 79 88 73 50 140 159 61 59 85 106 126 170 32 142 96 39 106 155 15 158 14 130 65 7 186 93 139 100 55 82 61 80 3 24 29 115 16 123 41 179 200 39 7 191 8 109 185 56 121 112 169 143 190 
97 121 123 152 82 89 121 170 83 74 115 147 163 100 80 53 19 113 36 118 97 174 131 115 36 36 76 67 110 74 2 97 85 48 34 110 6 139 118 159 146 115 175 171 138 71 100 91 189 19 200 42 84 184 112 78 94 158 71 174 6 47 174 26 23 175 153 52 29 51 140 105 52 149 195 164 180 75 52 122 19 5 109 168 25 123 178 142 45 85 191 153 188 31 53 192 86 20 39 154 160 4 179 172 67 118 10 16 143 152 124 197 95 36 95 30 5 119 181 49 122 119 142 123 123 95 138 184 120 68 60 8 130 181 12 158 156 105 21 3 55 36 111 154 199 130 4 24 47 187 
29 20 179 55 48 141 150 107 133 139 21 146 128 69 50 39 200 69 97 137 146 49 101 96 131 131 168 31 84 58 196 200 7 181 53 183 12 47 9 39 118 139 42 180 4 96 159 73 148 78 40 111 132 29 190 160 158 19 80 9 5 53 8 131 65 128 97 18 95 60 114 4 104 190 141 133 107 12 109 185 186 103 181 181 117 62 81 39 38 80 20 94 90 50 111 23 53 37 27 50 99 151 176 2 48 43 4 32 116 183 29 77 78 142 61 128 40 2 51 80 75 190 108 68 193 170 20 185 188 153 131 181 1 134 85 134 149 41 41 106 120 154 170 1 56 151 194 7 165 167 
144 132 82 160 150 167 130 148 31 177 79 199 135 168 36 156 178 56 6 157 151 30 186 131 114 127 88 128 141 88 112 121 161 67 134 24 68 44 95 198 159 112 110 80 194 182 53 155 142 100 199 164 9 148 49 199 101 87 48 116 59 63 116 120 68 120 101 63 111 190 9 33 176 96 124 188 14 100 18 86 83 151 78 1 185 75 42 82 143 173 197 49 8 161 200 198 193 53 122 87 177 141 28 40 198 55 187 99 74 184 190 74 71 169 53 53 193 82 134 145 147 164 195 43 13 165 186 123 200 45 89 16 29 74 107 176 72 67 17 113 154 68 137 2 169 72 187 82 90 70 
9 30 91 11 118 15 98 7 90 9 60 52 32 132 158 171 19 62 146 44 120 27 111 131 82 78 86 16 60 38 55 51 36 148 20 188 179 119 157 141 50 68 187 112 119 195 85 51 200 165 164 163 85 81 155 134 144 118 144 58 170 121 119 18 105 196 171 22 100 184 112 29 157 130 153 183 40 57 16 159 173 4 109 82 124 3 96 17 110 47 109 81 13 94 178 66 63 159 167 101 151 5 150 170 60 140 57 37 139 164 197 157 25 97 112 62 198 1 174 192 128 179 15 64 123 33 90 93 112 197 127 40 14 164 32 172 193 82 28 120 64 138 46 78 98 125 123 51 26 53 
17 181 157 54 62 33 40 63 109 13 147 57 151 99 153 66 153 32 25 174 25 4 34 90 92 84 159 172 157 194 130 148 12 34 107 5 170 79 80 78 185 150 38 122 156 81 169 51 200 88 161 107 170 186 80 26 123 8 23 125 2 77 127 5 197 194 136 107 115 90 51 150 11 101 134 118 92 137 45 92 50 8 39 25 109 97 173 63 88 97 97 15 164 113 179 100 169 139 128 28 7 153 2 190 28 57 183 117 136 64 72 153 14 171 154 106 199 100 36 200 29 55 11 63 146 176 2 111 187 161 82 193 50 122 196 162 51 4 108 156 87 190 163 5 179 35 28 164 21 67 
79 187 151 141 13 165 13 162 140 196 167 129 175 54 166 198 8 173 146 38 17 131 31 101 183 158 178 153 68 111 7 183 162 97 116 10 64 38 166 75 56 167 178 14 101 62 145 167 7 41 54 53 199 176 159 8 76 113 9 159 176 197 55 134 38 124 86 133 121 98 20 95 181 3 102 102 183 57 154 46 14 85 144 129 33 29 13 107 66 101 127 199 9 79 38 18 193 193 108 95 37 197 59 67 28 65 47 4 130 54 86 148 196 63 102 135 24 164 42 172 44 8 162 188 131 140 10 4 55 106 43 77 125 127 86 150 59 13 178 111 141 14 133 32 180 153 24 148 48 70 
156 129 15 53 83 96 18 57 113 22 161 151 71 18 72 13 7 183 33 198 69 173 186 190 55 25 80 21 149 66 171 12 152 66 27 94 144 24 130 139 182 165 63 138 17 152 102 160 95 182 171 129 151 83 150 152 87 166 134 6 200 33 123 59 171 150 6 151 108 73 158 111 49 5 195 132 6 182 65 134 61 66 78 21 30 187 123 23 85 154 16 130 133 96 162 200 181 154 164 95 110 19 12 151 107 52 189 130 87 170 148 62 192 96 35 120 96 160 146 162 108 179 41 109 92 154 81 134 11 195 189 80 79 158 131 53 178 31 5 76 53 144 132 118 184 2 96 101 158 71 
84 149 145 40 81 149 9 27 49 163 168 109 64 175 31 114 13 182 169 30 74 112 177 49 39 141 15 14 178 132 171 39 66 115 20 135 151 178 37 140 109 2 195 53 137 180 66 152 160 103 78 46 118 157 99 92 47 101 63 167 60 1 86 13 86 159 98 69 134 174 151 114 54 105 192 155 55 87 151 58 21 85 32 44 113 130 181 41 92 157 65 97 108 43 143 38 161 189 82 42 70 174 146 54 107 6 199 166 11 141 20 194 124 150 80 189 143 174 86 40 80 199 139 55 37 153 76 106 147 190 64 84 6 14 124 78 32 105 179 76 32 29 157 168 54 115 52 103 121 66 
160 114 79 69 37 124 61 149 43 2 124 13 137 95 182 1 152 75 149 104 112 55 192 146 183 80 87 16 13 28 103 118 196 75 186 10 117 145 146 174 170 139 110 149 29 39 142 117 45 93 108 80 174 172 130 163 184 159 45 14 152 139 90 112 56 157 27 154 148 43 34 35 151 130 126 166 139 118 70 120 149 189 32 157 16 51 51 182 193 51 92 153 64 94 109 143 110 161 102 111 157 157 26 125 91 45 48 69 147 143 150 10 131 28 199 50 80 137 189 20 107 24 116 21 133 194 144 176 25 181 179 153 9 40 167 159 128 51 169 83 117 63 19 179 196 65 111 39 181 58 
112 192 16 102 57 113 120 30 193 170 43 183 56 23 169 160 185 142 163 96 26 1 186 183 87 139 48 58 61 156 129 24 66 83 138 102 26 29 60 67 33 61 183 115 166 104 122 46 152 41 176 24 53 14 94 185 161 166 181 138 167 178 199 186 19 21 6 94 128 145 88 84 199 176 19 81 135 26 192 143 112 3 47 91 101 177 117 47 72 115 107 13 84 64 177 13 101 105 17 77 197 78 6 190 2 108 7 53 83 160 10 196 146 182 81 47 55 63 62 99 91 176 115 199 184 139 91 6 27 27 169 161 139 3 25 187 28 99 101 28 42 32 94 121 186 132 170 32 181 74 
43 98 53 18 91 196 96 79 39 190 104 3 194 74 157 102 50 88 93 190 15 162 30 154 12 169 109 128 172 22 200 49 63 39 160 149 155 14 83 29 166 38 91 42 67 84 69 27 35 189 15 55 84 17 66 99 151 131 37 6 31 165 123 111 137 109 86 81 135 135 142 72 10 53 6 124 70 158 134 178 135 199 121 54 105 181 49 74 40 31 171 58 54 57 159 150 191 166 72 75 47 74 199 181 102 157 126 168 59 30 65 31 65 46 23 51 97 197 92 80 53 110 16 81 80 184 157 147 74 173 30 65 38 110 114 26 27 24 96 55 173 22 77 13 192 149 53 168 172 102 
180 167 37 35 153 28 14 181 41 152 170 165 77 167 36 185 49 75 155 42 61 185 82 139 32 136 135 158 18 55 129 19 177 48 148 195 35 133 164 190 176 22 2 179 77 97 149 131 55 79 134 73 130 183 159 173 187 109 166 115 108 163 56 157 73 131 65 173 181 4 4 5 126 189 136 4 21 178 193 84 181 97 58 40 74 184 3 73 124 200 195 169 99 194 119 25 19 8 66 70 176 183 150 35 168 148 69 27 42 93 73 87 70 157 48 128 159 170 11 55 181 60 56 67 19 109 19 38 99 25 141 70 41 146 192 159 26 30 166 179 25 43 104 138 75 103 121 81 29 104 
61 109 152 33 116 90 93 161 154 30 174 1 198 163 196 143 97 69 90 191 194 30 59 45 4 76 74 78 159 64 123 145 132 166 132 79 115 179 168 182 58 11 98 96 87 58 86 134 83 51 123 120 95 112 171 163 98 112 86 89 198 34 119 14 133 28 79 142 131 47 112 102 156 82 143 48 93 114 22 16 71 33 5 42 111 153 34 98 184 44 89 199 21 64 2 80 200 157 86 120 186 5 28 143 83 142 180 40 113 129 145 152 53 102 197 65 91 183 93 34 84 24 32 143 35 75 170 87 55 154 33 85 117 192 153 8 81 97 186 176 174 84 41 44 34 36 99 115 73 77 
160 120 14 80 185 110 32 6 127 37 113 41 42 55 74 180 71 157 70 125 68 97 9 118 6 34 113 84 21 130 178 118 61 158 144 168 109 157 132 78 60 187 17 64 63 124 193 95 45 135 164 76 12 30 192 46 74 34 19 50 187 131 181 123 134 45 94 34 51 129 73 150 122 154 71 68 76 35 179 126 133 26 65 81 194 77 11 59 170 68 23 75 136 134 109 100 184 151 62 21 150 132 57 52 143 57 131 168 139 68 71 6 50 121 182 104 100 122 142 136 196 101 4 47 37 70 2 153 19 43 81 177 3 166 84 110 11 25 77 6 85 169 144 184 131 51 136 134 163 152 
72 27 38 127 74 56 154 26 35 31 188 191 160 49 159 46 61 189 66 170 131 28 179 84 165 109 95 130 200 118 60 58 126 35 135 129 6 119 64 88 33 190 18 121 51 84 191 136 164 155 78 139 99 154 5 31 87 65 44 184 180 192 146 28 17 47 185 96 183 136 78 128 166 151 129 74 72 123 197 161 151 197 36 182 174 179 164 117 62 163 99 170 43 17 56 178 35 68 103 17 150 144 140 183 185 25 121 7 173 32 145 100 58 152 3 75 108 69 153 142 103 28 185 200 88 167 181 93 108 82 75 108 146 13 177 160 71 56 145 123 49 198 77 5 30 126 49 181 8 178 
130 7 57 7 71 128 61 19 50 112 30 95 170 53 111 123 127 118 18 59 147 41 194 97 2 104 85 141 37 32 147 128 78 101 68 155 63 187 103 137 39 49 147 142 104 74 94 150 151 102 183 116 84 53 81 40 115 75 33 98 18 149 49 15 26 28 133 124 88 65 111 109 5 175 61 69 103 152 36 74 123 183 139 55 26 107 79 83 167 74 184 122 151 51 175 59 79 57 115 79 82 169 32 54 68 71 70 137 109 157 148 192 119 150 48 190 17 95 104 53 108 85 170 92 187 121 65 191 137 200 191 171 58 160 74 62 75 109 75 42 5 96 25 50 101 108 13 126 190 71 
196 29 54 8 75 89 105 151 189 152 33 54 169 7 51 9 24 159 140 109 126 30 141 65 157 60 177 133 163 169 91 88 107 57 34 149 117 105 101 94 156 40 135 131 73 24 80 97 1 135 88 118 192 194 99 83 67 162 99 104 45 194 181 164 144 171 153 47 58 34 107 172 86 153 24 108 5 120 94 138 157 1 45 175 177 197 22 22 55 117 176 181 107 142 89 126 177 79 4 136 95 23 46 118 138 166 70 59 81 5 167 20 184 22 64 104 102 50 68 54 40 135 36 89 107 83 153 122 18 102 72 75 197 61 113 40 139 27 161 54 39 147 111 127 24 187 33 40 183 13 
180 88 21 160 54 154 148 51 152 185 52 130 123 181 154 156 148 81 108 169 51 17 187 13 38 25 127 4 55 81 8 55 143 102 18 93 152 164 22 33 5 30 116 84 58 177 41 135 65 126 70 77 170 91 6 139 74 87 12 65 35 89 111 30 176 199 165 127 11 197 191 193 133 73 36 148 61 6 109 153 96 122 100 198 148 31 81 58 173 41 117 37 42 85 175 94 117 183 143 19 145 71 24 4 63 10 35 196 110 81 37 173 172 52 20 77 141 72 159 95 47 108 89 134 186 59 50 6 98 199 11 135 21 200 76 72 161 196 32 25 43 91 55 121 137 41 24 177 7 18 
