75 4
0
0
1 5 67 -129
2 6 9 60
3 15 64 15
4 22 45 112
5 40 29 40
6 43 119 -195
7 62 150 1262
8 63 148 951
9 75 24 219
10 81 193 81
11 89 73 -57
12 93 198 1677
13 93 60 333
14 103 167 1105
15 130 24 130
16 141 152 1357
17 150 196 1718
18 159 116 855
19 162 76 770
20 192 67 58
21 202 193 1360
22 218 115 908
23 232 56 456
24 234 82 890
25 263 169 -75
26 270 137 -4
27 270 126 1026
28 277 178 277
29 279 146 571
30 287 198 1871
31 289 15 259
32 313 152 313
33 334 7 348
34 344 97 926
35 344 15 404
36 370 72 514
37 374 82 538
38 380 186 752
39 391 27 499
40 396 74 396
41 425 167 425
42 426 178 1138
43 443 148 1331
44 446 9 428
45 453 15 453
46 458 12 554
47 500 174 1196
48 501 10 561
49 508 147 802
50 518 71 802
51 538 193 924
52 539 174 1235
53 543 166 543
54 555 12 531
55 561 62 561
56 563 17 631
57 576 128 832
58 578 128 1090
59 586 4 586
60 588 61 466
61 591 64 847
62 597 29 829
63 598 124 350
64 635 18 635
65 648 56 760
66 653 27 869
67 666 71 950
68 670 49 670
69 673 36 745
70 674 96 866
71 678 174 330
72 710 138 986
73 725 25 825
74 726 190 346
75 746 110 1406
42 68 114 133 3 95 191 64 128 1 21 43 50 98 121 78 104 81 61 111 170 188 148 145 27 98 70 108 70 97 47 136 114 102 121 50 169 10 6 116 99 49 177 20 77 147 112 55 107 138 132 155 86 143 126 111 32 132 200 156 169 34 36 61 149 133 167 15 165 16 9 172 155 132 24 
10 114 43 17 109 54 5 121 2 19 34 63 35 100 173 81 74 56 16 155 8 192 135 8 116 124 161 135 65 177 72 18 42 91 2 42 137 57 6 110 173 116 100 72 155 128 193 146 115 160 91 111 188 108 170 12 39 48 193 29 179 9 175 30 17 152 41 108 47 111 109 46 89 148 148 
108 39 78 54 29 129 17 76 26 101 49 158 197 41 116 136 127 121 17 37 100 196 140 105 143 97 163 8 151 94 86 198 69 7 180 85 168 17 32 135 40 164 168 116 133 92 160 140 132 184 39 20 117 176 183 19 159 47 34 139 25 151 114 170 32 57 135 87 178 144 163 195 67 138 37 
86 6 104 35 5 44 63 105 200 4 148 91 80 181 70 111 81 161 62 98 114 33 117 61 13 190 103 16 169 15 126 118 104 5 53 124 185 48 91 198 148 80 154 161 85 99 108 153 64 15 152 38 157 21 188 114 129 37 179 18 118 79 109 70 70 70 40 53 32 177 152 112 161 8 121 
137 61 35 41 183 65 14 16 135 32 153 32 188 79 24 83 128 49 98 103 60 161 180 117 97 84 181 125 57 69 94 7 88 147 72 109 97 60 64 156 133 189 60 32 157 30 2 107 113 138 25 128 129 156 4 17 34 47 79 12 107 137 8 12 20 158 193 52 51 56 199 162 63 190 39 
154 171 50 76 49 12 173 19 17 167 49 51 118 154 167 95 32 138 77 11 191 10 1 39 133 174 70 160 54 5 44 170 59 13 49 121 67 3 87 2 17 191 53 31 154 41 141 195 82 183 168 66 6 34 117 35 15 43 69 144 129 91 108 131 88 10 71 160 114 158 41 188 22 70 44 
179 137 72 52 91 162 174 6 31 95 153 80 59 9 91 165 56 187 147 120 167 93 185 99 118 21 58 61 47 75 107 55 29 5 179 86 71 138 152 66 54 64 178 80 5 17 30 12 147 103 112 167 189 30 108 104 78 133 93 149 97 178 132 86 158 42 21 114 157 155 71 68 90 104 131 
162 10 1 74 145 16 87 21 42 36 58 68 84 173 78 109 66 187 117 151 176 196 32 15 47 23 83 92 128 172 109 49 122 72 104 70 143 140 139 20 63 174 113 171 57 198 164 123 69 195 89 23 45 14 54 91 89 112 177 183 40 143 69 134 109 128 83 109 11 84 158 134 185 61 101 
181 50 8 162 169 50 145 124 107 74 71 108 119 163 107 159 52 121 30 164 198 164 17 71 167 28 168 51 194 73 112 99 48 64 2 89 151 76 156 103 64 138 128 12 196 133 14 50 6 142 14 19 151 69 123 110 166 10 106 37 56 114 105 59 119 123 99 157 71 14 52 167 171 180 74 
149 197 178 178 191 156 144 66 46 79 144 130 41 186 110 191 140 98 29 66 165 148 164 4 9 26 27 101 193 141 155 41 133 76 32 43 177 169 107 65 86 72 198 80 71 152 144 16 21 10 41 143 122 181 144 140 47 104 130 122 31 192 46 123 37 137 175 12 190 64 169 93 45 96 80 
50 65 89 16 93 66 169 165 29 125 54 82 110 67 4 151 34 58 187 172 73 193 122 61 185 10 109 144 152 85 8 41 80 113 166 196 195 148 191 182 40 121 66 178 112 138 188 89 167 131 103 93 56 22 80 175 140 193 135 161 97 189 164 54 193 64 68 99 39 124 54 35 135 78 14 
151 162 162 35 29 91 38 53 120 31 157 46 96 191 89 53 50 81 170 128 181 182 199 170 56 167 158 12 27 41 130 2 117 18 173 97 43 64 118 81 109 197 56 189 86 142 24 164 75 190 15 104 170 120 33 172 199 165 142 180 13 182 169 37 29 131 165 16 111 10 102 183 196 26 142 
105 33 192 52 123 166 142 68 102 129 119 45 123 92 117 6 143 191 42 190 174 14 94 115 40 81 31 161 88 16 112 52 8 175 129 107 45 166 134 187 22 4 155 151 99 40 27 18 43 169 112 197 174 118 194 156 94 13 136 63 178 14 90 125 75 17 123 38 2 115 132 185 47 66 58 
24 160 107 140 46 105 183 198 24 111 35 70 10 95 25 136 181 22 173 86 174 118 199 194 109 35 173 44 102 103 195 24 144 157 41 175 22 82 43 199 35 163 94 79 111 43 82 150 116 29 46 146 108 156 36 26 105 92 2 151 32 88 177 150 108 187 63 74 166 74 68 25 59 28 67 
189 53 113 11 41 111 99 80 145 21 164 94 50 188 117 191 65 164 183 189 24 156 147 193 144 159 160 35 88 190 85 92 63 94 114 100 65 192 86 6 197 116 5 71 64 26 81 66 77 63 196 51 113 196 179 129 179 63 11 80 101 68 114 54 53 35 23 6 143 57 157 189 32 95 80 
71 182 55 42 63 166 95 77 75 12 126 78 37 68 143 19 34 180 139 71 127 12 36 163 148 28 164 150 14 53 41 108 119 156 154 130 76 116 108 188 39 166 97 119 96 107 10 195 26 100 46 6 150 130 68 82 26 131 193 132 31 59 146 182 188 59 173 54 192 25 150 100 93 78 198 
161 22 152 170 98 158 92 101 126 1 178 125 103 103 68 51 103 29 74 160 99 120 121 98 66 103 59 41 198 82 55 186 1 149 16 107 135 111 102 138 76 76 108 28 180 77 104 128 147 71 33 176 112 41 25 154 157 71 163 162 161 148 76 14 104 164 24 82 145 198 39 162 83 142 56 
109 11 192 46 39 38 197 27 82 194 30 87 10 98 142 158 129 61 92 56 45 22 96 86 125 157 23 168 147 170 47 137 138 72 129 169 182 96 88 18 65 147 84 24 146 28 127 141 136 178 18 58 59 5 182 29 59 11 192 134 175 183 109 27 28 115 153 146 175 9 6 82 82 49 81 
81 111 180 146 121 92 10 75 192 144 175 55 53 68 116 6 50 105 3 160 101 109 90 9 50 27 130 155 117 121 93 123 146 77 143 105 117 190 107 16 178 185 98 180 123 173 180 144 172 135 72 193 57 69 185 121 163 165 114 174 186 157 4 19 150 70 3 163 128 77 103 192 58 37 181 
100 71 182 168 9 73 33 108 55 120 49 178 14 74 57 47 158 199 182 132 128 12 78 43 61 155 155 54 147 112 65 186 48 98 86 36 125 16 39 121 141 16 142 104 91 42 16 178 138 110 56 111 191 13 193 189 82 67 87 53 183 114 79 125 119 114 133 141 141 97 16 8 182 33 188 
6 67 49 131 183 72 83 147 195 198 129 41 194 185 51 66 77 164 192 30 15 54 122 82 62 28 35 146 42 78 178 158 15 104 86 15 64 101 87 53 161 73 52 144 73 106 162 6 157 168 15 35 10 72 49 195 123 34 141 133 188 111 69 21 162 34 134 8 159 107 172 182 108 55 111 
21 195 129 96 94 187 197 157 61 86 100 116 31 156 75 63 170 44 7 196 97 58 189 154 16 39 61 163 53 3 18 9 153 108 143 101 157 98 175 38 29 153 50 75 38 79 183 82 80 31 169 141 82 115 156 108 118 177 68 140 184 191 73 194 124 110 107 101 182 90 25 162 102 47 3 
174 51 41 91 173 183 114 69 88 1 165 6 168 61 83 42 200 142 192 147 53 12 182 167 54 144 24 114 112 107 25 118 60 103 176 51 176 118 157 12 149 153 30 94 24 86 166 13 180 38 73 119 175 142 82 98 93 15 18 149 115 125 86 176 180 140 158 114 72 84 189 126 43 98 78 
24 15 179 110 91 131 62 174 19 144 43 171 124 109 110 93 24 130 139 157 89 176 142 200 114 176 102 144 162 108 131 80 41 152 74 22 20 20 198 100 136 145 143 174 18 103 161 197 81 43 175 85 71 145 58 25 182 139 184 167 85 172 152 1 179 38 199 116 71 109 198 180 75 87 7 
135 15 12 33 163 50 89 200 146 104 73 87 161 105 177 200 33 108 28 126 164 138 58 169 33 67 117 58 48 95 36 164 189 106 175 36 23 92 35 185 178 175 118 59 169 154 23 146 181 194 141 82 134 15 48 114 48 116 117 1 80 160 11 175 55 121 200 19 3 115 68 103 175 161 5 
171 111 129 41 179 80 97 139 32 26 136 81 184 132 158 99 189 4 59 128 182 196 87 15 52 133 37 180 194 5 135 113 76 81 42 11 68 103 153 99 70 113 162 162 84 53 127 152 167 145 179 115 125 21 109 146 82 39 147 15 24 157 153 27 65 118 182 101 191 132 102 78 78 94 134 
45 103 3 83 193 56 165 139 142 127 131 199 4 42 26 117 50 177 169 67 183 104 156 2 143 171 104 48 138 45 164 32 120 90 147 34 199 71 196 141 83 4 100 127 147 49 173 135 74 188 112 38 158 17 17 180 98 165 193 180 126 64 29 119 57 62 3 178 50 161 197 170 30 66 87 
78 181 118 182 53 124 5 4 110 52 166 77 94 198 156 5 70 4 70 113 51 66 15 90 160 184 155 126 187 193 140 41 38 106 183 79 8 114 87 98 60 76 69 179 78 3 72 33 51 31 75 85 76 59 113 88 30 137 183 54 22 114 163 156 30 31 20 9 8 199 62 99 177 133 43 
179 126 61 130 88 192 31 62 117 194 147 183 156 170 198 122 118 1 195 102 132 162 48 98 95 181 32 171 73 66 122 170 200 156 21 83 55 22 16 176 78 122 49 132 115 23 178 33 42 125 111 138 39 185 62 102 168 89 163 41 157 50 61 9 42 180 182 152 10 31 156 152 70 200 61 
32 102 82 192 46 152 44 71 119 193 111 82 164 6 109 123 56 82 167 62 118 155 122 172 85 91 95 134 31 155 73 134 5 139 128 95 21 35 5 180 169 82 22 83 116 144 164 161 157 97 8 5 97 187 187 78 131 133 115 30 1 44 53 188 154 102 60 100 24 172 169 171 163 195 90 
150 69 132 101 86 177 30 184 4 170 20 187 134 102 168 45 151 92 61 45 183 172 12 178 19 108 18 30 156 185 31 79 58 60 23 47 130 94 92 101 114 196 45 93 106 27 183 132 198 105 127 181 100 198 174 69 86 188 91 183 109 99 134 103 191 77 179 11 33 51 15 118 184 182 19 
25 6 38 112 161 33 126 54 126 152 81 63 181 49 162 69 106 186 180 27 59 22 19 55 41 107 59 160 55 13 135 123 176 114 118 47 79 168 71 193 110 89 4 114 2 159 22 56 12 45 61 194 18 136 25 169 118 62 196 29 191 96 25 41 200 151 84 24 2 142 68 10 42 160 61 
52 91 39 144 89 96 153 136 65 153 194 7 91 186 46 118 107 62 38 158 169 187 153 65 47 194 116 62 15 77 193 48 123 194 82 131 73 17 103 136 17 125 132 128 62 142 150 160 125 94 152 194 23 64 66 149 61 16 47 103 66 98 61 35 77 183 82 90 82 178 105 36 40 13 195 
10 192 113 156 7 175 114 156 30 139 20 176 28 31 112 138 36 145 93 87 155 14 20 146 160 134 114 73 177 63 37 87 1 157 125 128 170 65 52 2 183 40 107 97 190 158 36 168 177 2 86 90 46 110 23 119 161 6 42 111 55 91 178 97 180 192 116 146 198 108 188 177 23 2 12 
29 54 5 48 192 189 103 85 82 97 107 18 188 17 154 27 64 63 105 30 30 40 130 161 135 171 153 199 31 13 51 17 135 79 104 10 47 33 93 1 197 121 82 88 42 94 192 28 95 144 74 44 117 61 83 188 151 119 153 157 153 112 143 170 20 148 101 154 61 27 42 25 140 109 175 
23 162 39 179 133 70 71 47 194 160 68 111 142 32 182 132 9 16 25 142 83 101 140 187 196 80 85 134 74 151 49 110 90 35 171 132 159 56 91 58 169 28 2 58 71 74 3 109 48 55 52 80 147 192 119 59 130 175 158 91 4 190 126 98 82 37 1 4 28 186 6 119 59 131 191 
183 51 153 14 189 130 115 26 74 16 11 145 93 12 169 36 51 193 17 1 26 165 170 37 83 79 188 165 5 97 89 15 89 35 186 165 184 116 171 17 126 141 173 82 91 56 66 157 161 123 167 178 69 90 125 190 175 83 72 129 102 115 194 158 180 153 35 66 6 132 27 185 2 19 65 
182 69 18 175 142 68 38 122 144 26 197 88 31 131 128 98 112 160 108 5 113 79 2 85 63 117 145 125 52 165 73 157 66 59 62 9 74 151 121 150 47 48 39 68 34 39 37 107 25 52 15 143 91 14 145 81 55 10 197 121 53 50 30 159 90 8 103 126 21 43 156 182 118 52 59 
171 196 189 159 46 40 88 182 185 141 114 155 122 155 26 5 142 87 167 127 42 23 172 116 197 54 171 168 128 57 49 148 44 155 163 26 167 196 41 115 5 108 58 22 80 91 129 82 126 109 110 104 51 171 179 196 174 10 198 28 179 199 191 149 33 88 102 110 49 66 115 120 108 152 43 
144 174 46 161 33 76 168 38 81 89 148 180 13 169 190 60 81 175 83 92 68 1 199 141 2 134 42 178 176 172 162 188 130 19 124 98 90 38 95 36 67 140 133 178 165 134 189 125 193 169 124 95 133 166 22 64 9 20 115 42 26 168 29 197 189 56 87 131 95 50 113 79 161 99 61 
144 200 13 94 54 95 57 199 69 135 176 121 117 112 160 40 148 168 84 137 126 97 27 145 172 22 87 70 101 100 126 9 84 87 109 101 131 127 115 96 114 39 2 191 158 108 166 55 82 117 23 184 137 33 34 25 151 165 70 179 182 124 124 89 34 125 67 107 100 181 163 59 54 32 131 
19 192 153 178 11 149 178 71 159 119 15 104 101 27 28 41 103 74 140 170 52 43 29 151 50 171 146 17 125 144 156 154 147 90 172 118 4 46 194 150 200 39 34 12 128 195 148 152 134 9 161 171 107 140 165 191 86 14 82 200 160 65 134 92 3 190 178 67 171 69 28 67 101 67 18 
19 35 178 165 87 17 147 51 181 44 51 197 101 44 162 76 51 99 176 156 125 175 106 33 125 7 180 10 46 92 98 103 91 108 103 107 152 52 33 73 45 108 11 162 106 92 112 137 21 174 38 161 170 109 92 108 91 99 94 109 165 77 19 69 73 113 61 111 166 161 43 68 39 78 120 
83 121 34 109 140 125 175 50 140 99 106 73 12 94 190 139 61 109 167 52 50 84 45 110 68 169 171 117 120 24 153 186 125 118 189 171 58 23 34 195 92 110 51 57 166 149 48 140 199 151 73 75 23 25 45 113 36 127 33 163 78 136 165 158 66 163 9 161 54 68 136 42 128 103 168 
30 24 71 1 92 198 120 174 84 121 6 53 42 177 119 47 66 168 32 124 90 68 102 55 23 130 116 126 145 62 142 55 134 48 151 158 194 23 80 112 6 118 102 6 159 89 22 103 68 134 36 57 151 130 187 155 3 95 64 195 51 1 39 56 9 136 5 145 183 194 193 2 25 7 40 
40 142 46 104 75 128 195 31 61 33 83 3 25 128 61 135 53 185 132 152 93 14 57 148 54 150 34 55 52 98 179 151 67 59 113 155 15 102 147 53 76 19 163 30 151 13 51 34 75 131 103 90 83 181 45 52 52 109 128 30 197 20 11 109 40 94 32 164 164 171 23 167 84 192 183 
30 173 32 76 53 165 192 4 61 173 69 193 168 160 146 72 45 141 63 174 54 50 63 23 160 156 138 131 130 62 174 112 155 18 54 177 35 183 18 32 145 2 103 108 179 191 16 41 169 64 140 54 121 99 11 73 139 143 103 21 69 134 197 77 192 123 175 47 185 38 157 94 109 71 24 
52 156 67 1 169 152 18 118 169 25 82 171 157 121 101 48 28 165 91 184 75 22 66 17 32 182 36 31 8 133 188 61 155 19 138 13 136 2 91 74 99 97 141 73 86 4 197 42 178 171 31 25 24 41 188 162 29 168 158 171 97 10 87 113 3 199 100 67 98 55 100 188 95 194 43 
133 69 128 7 172 37 32 74 182 36 40 32 119 197 52 142 60 190 44 86 17 162 106 195 36 110 109 104 195 103 179 54 21 166 192 134 92 26 168 185 50 58 156 49 158 79 90 127 13 140 196 129 126 73 175 150 37 166 7 99 37 20 17 142 78 152 127 142 96 163 173 92 135 134 30 
2 115 81 107 178 69 115 139 118 30 84 98 35 193 6 154 76 91 9 30 143 138 123 90 22 186 168 180 200 91 158 99 147 73 124 162 76 97 176 43 81 47 136 85 113 100 118 102 67 30 20 27 181 130 131 143 14 79 162 14 176 134 130 165 136 152 170 91 43 54 187 39 50 55 155 
29 42 142 158 46 19 40 136 7 89 34 84 151 195 149 122 98 1 184 146 109 127 7 97 37 36 46 149 20 68 118 23 117 143 121 86 26 49 29 182 184 68 71 147 66 144 59 146 160 90 111 111 193 77 102 109 131 144 173 153 163 7 166 138 74 82 71 80 19 35 68 37 92 175 82 
82 130 13 149 14 115 79 24 49 68 103 194 41 22 149 124 20 191 33 67 49 138 6 156 161 137 127 119 73 140 73 192 29 162 144 161 78 32 161 102 38 119 64 152 12 27 182 99 87 15 130 56 13 154 59 123 11 192 73 108 7 173 56 101 197 13 4 175 77 164 162 30 137 22 142 
185 168 105 138 145 17 164 121 116 86 108 110 95 4 116 83 150 184 31 78 131 96 195 11 133 41 13 102 12 6 68 20 197 106 107 130 140 147 132 101 7 79 96 99 34 60 123 190 181 158 173 53 110 159 156 36 90 124 98 120 29 157 75 33 143 199 176 50 110 102 125 5 91 44 103 
147 23 107 58 24 113 84 80 100 40 108 14 183 45 102 166 77 13 144 1 96 30 24 12 39 62 77 12 181 59 119 98 147 171 170 158 62 103 155 160 1 62 177 177 154 157 59 96 139 55 79 118 195 11 78 146 190 200 185 162 81 107 166 110 159 81 59 68 109 129 105 17 183 175 34 
175 18 91 197 199 161 1 148 172 112 32 29 22 133 87 145 84 132 154 51 37 53 12 61 39 59 148 23 86 171 197 166 54 5 41 161 65 145 182 63 30 176 73 155 168 62 37 16 129 75 34 162 65 45 124 162 181 38 6 182 18 110 59 175 36 12 99 176 59 76 171 150 125 21 166 
24 13 172 84 92 194 11 86 111 7 167 53 131 139 171 138 113 36 116 88 112 83 10 92 39 129 170 169 88 127 32 22 71 190 31 52 111 48 64 168 82 42 137 157 99 134 97 161 121 59 79 183 117 64 2 141 62 61 159 13 171 66 34 29 12 144 7 105 179 80 33 67 189 142 194 
174 136 56 96 108 188 92 197 126 24 34 86 170 35 135 1 156 13 30 162 143 109 178 151 144 82 116 21 46 88 60 109 61 84 136 53 62 102 79 164 15 193 150 153 115 87 68 93 39 190 168 30 84 81 19 144 77 54 141 181 61 52 127 171 76 76 55 63 152 39 193 1 175 27 167 
133 19 6 51 135 72 118 122 173 190 166 21 59 18 165 138 3 105 121 15 93 22 100 155 91 135 197 145 122 58 153 151 154 178 177 117 162 50 68 19 42 154 16 130 27 180 83 74 13 177 193 123 96 136 79 91 65 192 161 44 71 88 51 176 130 79 95 19 164 63 189 130 195 61 5 
97 71 86 51 141 123 199 17 4 98 73 65 167 85 174 17 132 56 61 18 138 78 80 81 144 69 199 149 148 132 127 83 76 37 117 4 52 168 170 110 15 123 163 98 153 155 156 28 40 159 187 197 34 187 163 21 22 198 137 189 112 199 59 55 14 39 176 4 104 195 49 87 196 158 30 
125 9 177 62 24 25 32 85 14 130 108 159 25 1 135 105 81 70 169 21 148 188 182 179 19 52 70 43 180 145 80 105 21 138 41 53 126 50 196 81 32 80 79 4 31 9 60 81 152 166 94 37 49 50 157 185 91 36 109 113 144 64 82 132 91 78 99 171 38 147 195 106 200 113 81 
78 195 12 111 189 5 186 113 4 155 159 102 114 149 46 164 72 93 193 64 166 81 46 91 58 145 177 170 57 185 104 79 108 155 11 102 59 21 179 140 157 34 2 192 181 74 56 23 182 58 108 16 155 4 60 162 157 167 196 62 29 38 104 31 17 61 100 133 106 136 122 57 132 177 79 
88 77 167 46 113 41 184 86 129 20 51 11 35 100 94 87 118 148 138 9 71 152 187 168 53 33 15 146 65 51 142 99 126 190 80 138 68 158 150 86 136 167 97 180 17 26 37 37 186 121 72 7 113 137 130 18 7 43 119 57 182 29 65 156 127 172 115 102 167 68 144 59 64 180 15 
120 109 176 140 108 28 194 30 69 68 2 58 92 38 72 191 41 181 90 160 96 158 186 153 156 17 189 13 119 187 118 197 172 6 114 36 92 94 45 169 83 181 83 39 39 82 129 90 5 139 180 174 60 152 153 8 132 35 60 13 78 196 102 58 189 101 126 148 37 198 193 118 77 108 91 
137 59 92 176 85 18 124 98 70 174 73 128 35 36 15 42 12 49 52 146 58 103 152 110 62 111 172 190 56 145 167 138 152 140 123 156 29 85 39 144 197 66 195 156 41 138 114 64 194 155 4 64 29 164 187 78 11 67 127 181 142 140 19 180 40 47 177 92 118 48 145 4 197 179 113 
109 48 189 106 16 127 86 195 42 67 114 112 72 199 52 25 4 139 37 88 145 60 151 118 113 106 165 183 96 70 42 106 124 196 187 192 34 162 84 26 150 69 134 171 196 122 40 179 99 141 100 200 183 127 48 117 125 170 78 94 109 13 113 52 46 179 186 183 69 129 165 130 29 149 20 
146 139 164 142 4 54 110 184 32 13 24 78 157 90 67 50 70 187 29 94 176 166 133 142 135 170 124 73 106 24 194 140 56 81 134 85 120 166 162 35 31 109 175 28 64 80 36 28 120 112 118 56 127 170 68 155 171 187 38 130 4 138 13 163 70 30 92 91 100 5 9 23 167 174 82 
114 148 102 128 164 44 147 115 15 23 138 199 159 121 130 99 62 60 118 171 33 169 73 119 98 129 170 169 46 78 57 22 84 191 121 96 179 58 168 32 182 39 53 197 62 56 151 37 73 46 130 83 150 5 188 177 108 52 135 48 70 159 56 169 92 133 5 182 132 117 121 94 172 34 132 
102 140 191 115 165 1 90 168 27 198 173 41 139 112 186 195 150 52 124 6 7 138 7 11 78 102 72 146 198 2 103 40 86 79 158 137 80 41 59 163 33 199 165 123 35 46 34 167 73 13 82 157 42 111 181 81 1 45 76 193 21 181 25 154 80 165 150 165 111 135 2 87 15 69 142 
95 192 9 168 23 140 167 26 93 133 158 44 136 89 71 96 193 21 147 154 101 109 178 8 168 51 112 151 17 165 4 177 136 140 87 145 158 165 95 146 22 174 177 141 122 78 11 47 122 185 36 140 5 105 109 18 52 150 88 119 60 105 29 108 148 44 102 115 171 167 178 110 148 146 141 
56 150 159 153 184 26 96 59 174 63 153 128 42 177 173 128 124 90 52 48 146 56 35 110 17 162 86 159 192 171 25 7 85 195 191 195 147 15 145 52 166 109 129 64 57 88 170 120 131 160 34 164 33 194 89 93 186 150 150 190 127 79 160 148 181 49 160 4 191 38 98 63 70 89 21 
89 63 72 171 19 16 125 33 16 25 161 98 34 193 106 28 53 123 86 73 57 17 15 75 67 128 49 55 101 49 86 25 96 19 120 24 147 199 4 21 4 51 42 154 51 170 29 36 151 15 20 143 83 158 108 1 77 35 78 132 133 142 183 171 113 20 2 184 174 83 179 4 192 100 66 
118 46 62 109 45 78 94 154 27 33 68 58 146 109 111 75 162 63 119 43 95 110 159 53 104 34 46 165 3 121 86 80 34 108 189 186 30 105 167 7 19 122 73 86 109 14 90 54 191 105 132 119 176 194 24 168 46 3 199 194 94 168 39 137 12 152 129 111 77 174 133 189 114 184 41 
103 91 82 170 141 66 161 123 97 143 45 155 119 37 200 72 57 13 70 67 139 139 3 103 169 95 114 46 156 97 179 127 174 138 9 49 162 152 164 137 82 83 8 21 148 63 14 171 1 95 15 143 170 109 162 16 112 175 97 47 58 67 144 84 69 62 119 131 132 165 164 80 118 79 179 
26 82 128 40 117 80 189 178 58 65 19 10 182 134 158 196 188 106 131 26 52 185 173 180 190 164 40 155 154 15 23 105 73 106 25 32 11 40 137 48 35 10 197 35 196 75 43 116 173 197 34 120 196 186 78 96 19 183 30 124 21 122 41 19 98 47 55 49 82 77 98 196 124 172 58 
162 144 10 151 165 3 59 137 104 14 144 19 20 189 131 24 19 8 12 141 162 126 62 198 151 26 175 88 12 69 149 119 178 193 120 166 170 196 134 1 53 108 113 6 172 23 5 152 22 171 74 65 146 185 12 48 133 77 8 61 178 70 128 65 113 59 112 192 191 191 127 60 33 134 173 
12 32 176 176 7 95 141 122 139 190 181 181 76 6 116 10 144 16 25 7 99 186 26 119 58 116 153 4 158 133 106 135 123 117 48 50 111 48 82 35 84 21 147 53 20 6 149 184 13 154 165 31 26 56 43 58 198 121 128 127 82 42 1 27 140 139 196 17 165 185 16 16 164 132 118 
