125 2
0
0
1 37 22 213
2 41 13 93
3 82 38 82
4 84 113 -142
5 93 88 -83
6 120 138 -156
7 120 184 120
8 129 164 457
9 132 106 -80
10 134 127 896
11 139 145 429
12 179 27 233
13 205 137 753
14 229 173 229
15 238 43 410
16 265 34 537
17 295 108 511
18 296 137 1392
19 297 80 617
20 319 30 259
21 326 48 614
22 346 21 388
23 424 160 424
24 451 75 601
25 462 129 978
26 478 145 1348
27 479 155 1719
28 601 90 961
29 605 63 605
30 615 132 1671
31 636 22 680
32 643 168 643
33 657 38 581
34 681 110 681
35 683 124 1675
36 738 38 966
37 748 80 588
38 754 129 1528
39 804 173 458
40 806 10 886
41 819 14 875
42 833 178 1901
43 870 23 1054
44 880 191 2408
45 883 73 883
46 976 199 2170
47 988 129 1762
48 996 127 1758
49 1002 146 710
50 1041 34 1109
51 1046 9 1028
52 1131 96 1515
53 1160 18 1196
54 1162 160 2442
55 1163 124 1411
56 1208 27 1262
57 1232 114 1916
58 1242 29 1242
59 1256 32 1512
60 1267 150 1267
61 1352 174 2048
62 1364 185 994
63 1390 62 1886
64 1397 48 1301
65 1421 183 1421
66 1435 68 1299
67 1441 67 1307
68 1461 199 1461
69 1477 113 2155
70 1478 193 2636
71 1485 35 1765
72 1494 138 2598
73 1511 62 1511
74 1530 157 1530
75 1540 11 1540
76 1583 82 2239
77 1585 1 1587
78 1601 187 1601
79 1622 94 1810
80 1660 3 1678
81 1706 147 2588
82 1767 28 1935
83 1782 154 2398
84 1804 109 2022
85 1828 196 1436
86 1834 153 2752
87 1863 7 1919
88 1869 184 2605
89 1877 68 1877
90 1889 190 3409
91 1930 163 2256
92 1972 161 2616
93 1989 143 3133
94 1994 71 2278
95 2018 12 2090
96 2028 118 2500
97 2072 20 2192
98 2125 51 2533
99 2131 6 2167
100 2133 2 2137
101 2134 99 2926
102 2171 3 2177
103 2197 174 2893
104 2206 80 2206
105 2218 22 2350
106 2223 163 2875
107 2224 48 2320
108 2240 198 2240
109 2295 139 2573
110 2308 1 2312
111 2310 153 2310
112 2312 195 2702
113 2314 32 2314
114 2325 9 2325
115 2330 153 2330
116 2345 168 3353
117 2364 131 2888
118 2387 142 2671
119 2388 129 2904
120 2395 147 3571
121 2416 56 2864
122 2418 99 2814
123 2438 141 3002
124 2445 47 2727
125 2453 72 2885
156 168 89 58 84 198 102 160 104 154 13 170 121 25 101 70 64 162 164 96 45 158 67 40 65 83 164 104 160 4 66 94 52 96 3 86 152 191 91 29 114 11 181 71 152 108 175 96 127 103 140 183 117 24 11 50 92 148 164 185 43 100 140 150 71 45 115 200 121 167 40 54 128 102 121 151 22 78 171 173 16 105 117 45 138 37 27 18 2 57 195 20 121 140 102 75 60 120 58 67 109 120 196 73 129 179 55 39 151 42 2 173 152 117 101 153 87 24 32 157 62 176 79 186 153 
120 82 43 148 40 144 172 195 148 90 124 74 129 122 35 19 137 129 23 79 24 43 13 35 161 29 9 174 7 18 28 159 78 144 194 60 165 191 79 55 107 119 19 184 157 136 68 22 84 110 138 184 11 20 57 96 43 37 142 194 11 73 117 95 85 3 61 34 16 188 134 69 36 140 174 91 116 37 191 108 171 165 22 66 129 53 4 156 63 136 42 109 194 196 118 163 51 141 51 94 21 76 130 11 134 94 120 18 180 50 188 54 91 107 126 135 16 105 40 98 58 160 171 30 144 
150 191 196 163 20 42 171 157 159 84 115 67 87 179 71 120 47 186 197 183 12 144 192 161 161 133 36 149 153 192 126 78 142 108 15 190 29 71 114 4 177 26 37 13 93 12 101 26 173 42 178 51 65 163 38 45 2 93 165 19 197 24 125 97 97 162 69 200 165 7 21 176 183 26 176 59 54 111 91 146 8 122 78 81 26 160 149 49 22 7 199 90 51 197 50 33 102 63 52 46 59 182 17 167 71 36 191 26 58 3 114 132 175 162 153 86 149 155 101 65 44 66 139 160 59 
145 165 75 169 191 43 56 165 93 139 168 1 197 138 81 166 39 13 108 76 167 174 61 183 44 197 59 8 57 59 72 51 122 62 61 42 77 21 23 10 54 5 139 63 100 155 105 26 42 83 67 115 171 24 134 124 136 77 192 89 23 93 178 143 111 33 43 1 124 62 141 70 4 17 147 120 162 190 83 128 164 192 152 119 44 37 32 157 140 74 29 126 17 191 130 16 31 44 7 102 123 100 85 124 2 154 142 93 101 52 176 86 73 28 80 32 120 112 126 91 179 154 3 33 60 
177 129 189 82 16 81 193 138 66 11 92 121 69 148 1 92 153 86 134 177 96 76 16 129 12 158 153 62 71 72 17 15 110 50 186 98 95 160 185 34 101 71 2 37 111 126 61 36 160 35 75 179 181 135 49 37 58 179 79 154 198 69 83 185 164 35 63 39 44 120 16 50 133 187 45 55 32 168 178 192 128 57 35 43 145 15 133 187 101 55 131 158 53 200 84 27 26 47 82 176 197 200 145 143 195 38 173 57 128 107 86 69 193 19 35 72 68 79 20 126 54 8 10 51 82 
32 121 88 186 188 181 31 108 75 96 67 20 28 40 25 177 30 15 14 76 34 193 71 112 191 1 23 188 85 98 73 79 30 65 159 54 74 157 170 172 123 29 164 92 55 58 142 106 42 33 102 129 58 154 68 149 183 151 85 49 4 148 144 146 70 64 38 193 112 196 53 16 86 28 172 69 156 158 191 124 74 194 31 151 91 199 5 141 12 199 55 166 47 12 127 160 26 185 86 103 60 179 13 159 136 59 59 89 1 172 85 171 91 25 123 67 12 33 100 25 62 100 61 24 121 
16 28 30 71 151 100 118 160 171 23 162 91 152 115 131 145 62 21 177 98 7 24 106 8 119 108 144 131 200 159 183 105 55 46 11 147 86 6 107 93 168 185 107 162 157 191 92 109 108 91 156 71 87 196 174 99 61 63 107 94 32 75 18 181 37 184 35 156 14 50 154 84 190 131 87 58 97 52 81 199 95 35 48 191 87 159 122 17 82 46 188 193 127 89 165 120 144 49 18 133 151 142 93 196 148 135 179 141 38 149 86 186 49 64 134 128 197 14 31 164 92 127 90 84 96 
36 88 3 60 151 65 102 63 24 181 50 120 169 73 158 173 117 10 104 188 21 176 59 126 14 119 178 134 174 15 116 79 77 10 53 4 168 98 146 108 80 31 110 78 122 110 12 171 177 61 147 42 145 44 84 134 179 151 123 89 176 152 170 160 21 128 29 192 19 70 159 68 5 58 181 56 137 130 117 121 79 52 182 156 117 192 116 116 151 64 37 59 135 183 170 42 128 143 94 2 133 113 101 58 165 150 97 16 78 123 129 42 39 190 101 14 149 36 16 196 80 153 70 135 12 
89 196 69 30 182 33 48 120 50 78 150 82 82 185 190 74 186 165 169 163 193 48 192 31 100 15 123 162 47 48 31 134 72 151 11 37 10 156 19 190 110 171 123 177 75 94 157 36 128 148 6 32 121 53 120 79 87 131 49 148 19 55 47 156 130 162 29 159 83 160 52 3 116 150 184 138 194 88 77 198 159 20 16 84 98 125 18 32 68 156 34 168 176 10 143 34 187 60 52 103 168 140 163 38 194 183 87 67 13 123 97 28 138 137 99 50 20 86 139 157 1 64 123 103 42 
200 25 128 106 84 29 138 164 97 52 125 89 84 83 89 168 165 193 77 189 79 178 189 130 144 177 86 101 118 57 35 40 74 59 75 34 60 90 38 68 164 31 162 127 156 147 36 163 56 43 158 118 178 182 172 19 138 117 193 198 77 199 78 182 88 92 159 3 166 169 3 183 14 86 168 38 79 89 72 158 111 46 131 14 78 19 46 12 48 51 154 193 4 196 29 54 187 102 45 135 2 154 164 119 47 2 186 5 181 166 24 69 137 47 193 139 149 95 156 138 93 118 76 129 53 
33 52 62 124 53 137 175 11 52 170 50 199 155 155 145 195 59 113 59 28 158 134 140 56 197 77 179 73 43 77 65 71 79 169 131 79 9 31 105 177 46 10 161 62 168 95 50 58 140 167 194 188 108 127 75 178 95 45 189 142 45 60 128 196 116 33 58 127 139 38 61 182 181 116 137 61 161 140 14 164 160 114 174 123 175 126 185 179 8 53 123 151 20 12 138 199 79 192 194 25 182 32 27 25 22 1 59 84 32 183 112 112 101 75 42 104 47 176 33 31 151 145 138 28 127 
15 48 46 32 116 45 19 38 38 167 138 84 166 194 146 130 145 172 136 87 130 110 172 171 12 80 133 39 50 145 109 40 65 185 180 136 33 124 147 99 150 95 42 106 51 146 162 40 21 163 113 198 138 105 119 190 185 178 137 163 198 132 140 163 62 29 147 102 164 181 177 102 91 179 78 54 113 153 196 178 142 169 94 154 179 44 199 60 68 128 64 168 184 189 48 107 158 82 148 6 79 173 172 8 83 76 146 164 55 147 196 195 158 52 72 71 58 120 184 155 52 190 19 195 152 
75 128 180 198 2 23 101 80 142 87 104 81 155 113 177 105 61 77 10 108 16 120 124 185 156 119 129 152 11 71 41 92 200 194 79 7 141 98 89 199 118 109 143 142 100 145 127 17 120 76 185 66 66 38 128 143 156 133 156 32 190 28 132 38 34 190 20 159 77 6 116 138 126 165 74 101 123 147 46 53 11 172 24 108 186 46 4 151 29 119 25 119 21 173 86 185 139 153 181 150 26 93 107 152 143 182 153 142 16 52 169 186 154 196 89 38 1 102 90 4 143 188 11 133 168 
75 60 23 67 175 93 109 40 83 40 2 111 81 85 189 128 57 102 141 56 26 112 81 36 64 118 126 197 21 61 110 38 150 63 30 55 174 79 59 84 188 83 44 127 111 142 181 4 146 40 110 192 166 171 186 65 56 174 150 133 1 34 179 189 123 21 16 100 186 129 114 38 5 185 15 42 46 161 149 200 199 160 156 199 183 37 49 58 84 118 168 150 49 47 63 141 53 30 22 25 72 96 25 24 26 13 127 39 108 41 72 24 180 174 7 190 116 25 54 114 176 100 90 103 112 
86 54 67 197 198 112 97 182 88 9 154 148 161 154 140 16 9 189 10 85 65 54 142 136 21 142 88 45 40 134 80 193 17 10 76 157 91 74 143 96 199 65 108 180 123 83 102 2 124 17 176 86 39 140 84 52 186 168 24 170 196 114 107 74 200 135 27 65 126 179 124 178 37 196 90 42 17 182 52 46 159 149 5 196 156 62 24 114 172 149 139 12 133 97 61 56 17 180 102 141 174 2 127 44 118 143 117 70 141 75 42 24 71 97 198 103 146 118 184 193 36 147 112 170 101 
114 88 195 160 160 17 118 153 98 158 103 25 133 96 133 2 91 3 64 89 80 66 95 91 189 134 40 107 78 7 19 199 155 50 139 191 179 164 69 53 41 62 104 77 138 121 186 161 54 147 9 197 157 176 78 59 97 168 149 23 126 3 141 89 26 58 109 171 87 62 87 15 160 24 163 14 157 35 11 127 65 163 64 38 97 10 129 171 109 82 145 88 120 167 152 119 65 79 49 155 197 6 52 124 45 158 199 98 17 45 95 46 95 67 130 21 113 9 115 74 124 154 68 47 70 
133 52 143 58 20 102 2 47 76 179 68 137 44 23 198 189 148 199 126 134 78 112 122 8 46 124 164 60 176 32 53 36 190 142 136 156 35 144 7 179 175 97 187 14 113 159 145 1 112 102 137 44 37 195 39 193 84 3 39 128 63 84 17 6 113 123 126 141 189 15 76 105 193 16 199 42 59 74 48 177 198 175 3 106 130 79 149 28 116 71 118 155 146 166 132 33 23 80 90 140 57 175 80 24 136 3 72 56 53 91 85 151 187 49 155 166 98 35 129 138 27 128 114 184 68 
137 73 175 150 19 121 108 159 162 9 105 132 186 182 184 39 111 125 12 188 53 184 147 163 103 109 94 177 164 92 86 169 198 42 119 47 52 102 65 90 140 96 99 114 71 114 174 127 156 44 183 145 62 56 114 112 184 194 43 120 152 139 109 152 41 162 187 86 152 195 58 132 191 85 104 185 122 159 103 187 172 116 104 18 46 183 96 156 199 87 96 174 69 15 54 14 26 172 164 163 81 116 122 154 63 152 166 62 48 19 139 82 160 147 71 40 27 4 72 84 127 200 16 34 146 
23 8 131 119 139 121 127 26 168 151 147 125 111 127 187 68 41 18 162 65 20 196 40 177 161 161 181 154 118 200 117 26 162 127 173 82 19 32 37 136 152 129 16 14 199 156 132 188 177 125 66 42 63 185 63 94 120 53 111 138 106 199 89 50 25 43 136 80 40 67 173 166 37 42 171 153 190 92 31 131 47 58 149 168 132 134 176 188 178 167 133 181 140 65 62 190 17 178 109 32 98 111 187 113 56 162 96 60 55 136 42 57 8 113 42 62 55 91 169 65 126 138 194 147 24 
82 198 37 105 51 140 183 32 161 148 87 49 156 185 101 1 105 163 199 118 182 50 77 32 108 24 160 131 176 93 106 148 191 148 35 111 158 45 3 182 95 67 39 6 97 46 185 179 104 154 37 10 12 188 30 38 5 107 102 84 20 116 139 45 21 95 16 113 169 61 75 59 139 114 110 67 149 146 31 189 182 167 144 164 183 137 16 59 37 147 129 95 45 82 69 151 195 196 58 28 165 145 189 22 174 27 39 20 79 144 132 60 75 43 87 142 26 10 198 118 47 43 70 109 60 
137 46 158 132 183 56 29 151 186 173 49 46 180 161 129 167 120 84 76 165 172 101 7 166 49 18 51 200 40 37 166 94 99 75 17 62 181 7 9 45 102 125 81 61 48 156 110 181 102 5 3 153 21 168 8 21 80 67 56 196 103 100 158 89 38 132 197 95 107 107 111 83 97 185 85 96 123 193 73 191 153 43 67 37 106 1 168 156 78 24 130 99 129 108 50 181 189 178 87 64 151 109 2 51 177 171 79 176 92 197 151 16 177 170 175 158 170 63 187 77 135 33 131 108 42 
131 41 133 145 128 81 9 35 153 126 132 163 78 174 104 100 32 139 158 154 109 127 74 164 173 190 61 93 55 145 20 112 41 186 133 15 88 200 52 6 44 195 28 89 78 122 70 62 94 108 31 25 14 69 74 84 12 126 169 127 169 59 121 24 35 41 130 53 23 5 114 45 73 60 32 82 73 61 70 137 39 26 47 171 1 178 82 184 23 9 21 104 138 24 88 144 129 133 185 40 61 173 73 3 42 5 100 179 137 44 175 138 121 13 74 100 80 84 144 145 7 154 35 53 87 
92 79 183 181 48 163 199 34 2 195 123 104 48 84 42 193 138 8 95 173 122 17 108 148 42 79 9 152 142 130 87 52 187 45 31 120 193 63 80 191 176 191 24 125 122 92 100 104 147 125 35 82 73 136 96 132 121 136 58 91 79 133 23 141 5 92 17 21 189 198 129 46 91 77 192 67 26 138 42 104 106 23 25 13 40 82 49 111 128 77 69 109 81 166 48 88 183 126 162 74 2 48 148 97 12 188 187 150 107 124 20 74 131 34 71 184 142 166 161 84 82 156 67 71 59 
35 159 68 29 45 81 183 113 80 160 112 155 102 185 193 196 19 103 27 111 80 44 118 40 187 104 178 33 185 11 38 166 172 11 187 67 26 133 64 183 48 156 8 117 95 22 120 74 186 155 71 42 149 101 125 34 159 70 10 182 39 143 176 157 62 63 15 50 63 13 188 79 112 170 190 58 40 90 108 86 185 188 71 193 198 22 40 163 80 80 173 108 9 10 199 140 198 129 141 15 123 26 171 197 96 75 26 113 69 160 52 178 103 73 55 75 112 10 116 106 185 103 111 19 110 
106 57 193 160 165 102 4 127 193 113 73 83 166 103 159 49 186 167 120 173 119 149 192 12 17 40 77 119 175 13 133 113 27 26 154 29 198 132 98 60 88 164 109 105 140 25 135 185 29 153 188 71 177 108 18 29 49 96 16 84 144 142 38 117 61 37 137 133 44 134 178 110 172 58 198 4 72 133 47 98 95 84 1 129 159 174 53 188 29 2 28 42 16 79 175 161 124 14 38 53 123 5 127 134 32 159 79 171 88 171 151 55 15 93 46 137 198 36 115 67 75 118 158 46 167 
166 134 62 189 72 139 179 100 34 110 171 46 186 152 27 71 67 11 27 158 2 65 53 148 93 32 96 31 119 104 124 192 36 108 100 138 53 43 56 69 77 73 148 100 100 84 4 68 143 57 177 19 57 172 22 85 19 41 51 17 132 48 18 175 152 198 73 97 54 6 114 69 7 9 36 175 104 171 194 187 15 94 76 149 84 79 173 153 198 14 29 80 12 125 2 130 23 163 104 107 27 148 136 60 85 147 186 23 139 191 47 61 27 13 200 30 21 189 48 79 100 44 35 64 34 
76 35 61 138 164 112 34 194 65 80 166 59 57 81 76 62 54 155 200 127 97 113 54 67 177 169 17 67 50 58 167 18 191 18 71 153 17 27 12 126 40 59 6 90 3 189 17 46 140 58 10 111 188 22 102 153 35 171 35 190 81 113 141 34 153 21 60 141 6 15 188 46 12 73 137 177 36 115 102 92 166 23 128 172 161 9 179 146 106 74 55 121 58 99 72 31 126 58 22 29 74 45 187 66 80 156 94 177 140 58 56 134 135 55 128 36 26 77 177 60 150 192 134 103 146 
22 97 126 155 139 185 185 41 97 155 175 60 122 32 161 37 193 122 22 183 31 112 58 111 18 7 114 25 89 110 91 106 167 160 89 91 106 107 75 178 8 118 27 101 6 182 124 192 45 45 157 184 192 99 97 56 140 24 170 57 199 175 154 112 53 119 141 165 7 134 161 132 6 76 19 132 157 18 181 84 23 122 167 48 8 159 183 38 26 181 11 180 76 130 7 14 73 86 142 174 66 27 140 151 110 134 115 147 142 88 176 150 38 136 102 179 51 152 195 156 137 139 135 76 171 
189 92 169 129 74 54 113 158 97 195 33 58 60 125 180 148 197 129 111 43 2 175 1 158 170 178 132 69 182 53 193 95 186 69 14 30 61 116 56 65 153 66 179 101 138 26 172 123 118 98 142 39 50 50 86 71 87 42 155 133 26 190 27 196 103 154 50 136 26 145 20 67 188 69 187 200 101 133 30 195 43 189 31 138 44 108 177 181 141 63 130 29 143 186 140 2 19 172 188 54 147 194 182 13 126 157 170 33 167 27 65 184 119 152 132 106 57 44 20 196 92 152 146 27 147 
109 144 38 68 126 100 4 192 48 138 186 77 90 168 119 40 100 172 88 44 113 132 147 22 26 77 53 121 69 123 53 83 139 23 62 88 1 93 178 55 97 68 54 154 192 20 78 110 65 177 111 32 44 142 140 146 196 94 200 122 199 153 198 153 131 91 164 87 182 56 85 54 52 112 150 65 107 163 47 106 50 60 158 89 150 97 118 3 134 127 159 131 180 147 85 196 157 159 157 197 112 20 4 45 83 125 130 70 60 164 6 191 124 74 179 179 176 32 132 44 186 167 63 181 30 
28 186 199 151 158 186 141 175 16 106 67 179 158 200 153 47 20 191 45 182 14 131 171 49 107 6 96 17 124 145 81 22 169 184 192 128 27 130 28 64 12 41 122 5 5 122 97 12 5 196 60 46 72 91 123 43 30 97 175 111 153 187 67 131 121 18 61 37 95 105 178 184 27 191 83 7 164 85 19 3 141 84 9 111 187 63 110 176 106 79 140 138 98 4 57 97 144 84 73 131 47 33 156 115 128 40 124 40 8 183 6 196 48 71 175 174 26 52 82 18 64 10 156 41 70 
79 57 78 32 182 82 31 59 111 126 4 37 14 68 115 199 16 9 81 106 20 30 37 51 188 36 175 95 33 31 179 135 21 107 15 170 144 34 85 107 64 187 56 70 103 114 17 15 29 181 154 96 138 48 199 42 54 75 195 60 126 10 77 75 164 55 196 86 105 169 34 124 10 164 151 72 102 128 85 10 126 106 11 159 177 32 32 192 81 191 112 195 104 187 139 200 1 50 79 123 24 91 131 20 39 197 81 15 106 180 2 165 122 197 89 160 34 61 161 42 33 36 174 5 138 
4 96 9 173 45 8 40 59 5 153 92 35 104 166 176 181 57 6 64 61 1 104 182 100 163 16 41 109 86 155 193 97 110 54 48 197 14 130 40 16 196 9 120 177 180 57 10 80 13 186 29 33 30 12 93 124 60 26 54 150 117 39 40 97 40 32 1 171 154 126 147 151 177 197 58 129 171 50 60 106 180 32 62 59 167 46 187 113 126 12 196 17 98 140 37 144 177 153 121 192 10 8 165 138 138 20 156 171 48 111 43 42 135 116 51 79 156 179 122 62 153 4 143 62 69 
81 176 181 7 180 46 71 116 183 6 178 168 184 47 185 5 191 19 193 190 17 15 30 110 95 72 40 181 77 182 7 172 26 29 15 6 108 188 193 63 106 144 48 104 48 80 136 67 143 168 175 44 32 26 21 90 84 104 81 187 179 189 164 105 162 94 152 185 107 195 3 30 1 68 126 23 146 4 125 154 170 62 57 111 117 195 148 26 139 123 136 150 17 109 100 108 172 155 115 68 5 55 30 158 57 30 88 159 107 70 63 37 20 196 79 192 127 192 7 43 17 108 23 118 182 
101 10 77 144 73 135 123 171 175 67 7 105 193 64 130 40 37 65 67 169 192 162 79 37 140 25 49 178 106 18 16 60 21 122 15 17 20 166 49 40 116 84 50 137 123 29 84 121 15 79 91 31 130 176 130 194 109 2 113 183 121 180 24 176 101 134 158 44 89 83 125 108 68 114 148 174 28 8 115 104 65 4 23 12 108 16 86 175 30 50 30 82 185 6 178 157 120 90 106 138 1 89 8 62 170 131 142 186 97 126 89 134 117 118 48 129 161 103 135 109 81 113 158 126 26 
59 110 49 53 142 15 137 16 25 47 79 41 109 182 35 83 31 134 200 10 45 33 198 15 63 163 192 153 151 150 74 154 38 70 39 157 57 54 13 62 141 125 122 152 47 64 46 24 89 94 173 84 124 183 27 194 52 2 23 31 70 51 124 25 86 40 121 172 19 164 86 72 197 82 111 162 163 151 66 147 32 155 21 133 184 19 133 152 39 131 193 26 35 110 117 49 39 36 160 170 172 58 17 173 136 131 52 152 46 141 39 171 114 171 141 45 136 116 124 131 28 53 54 20 138 
147 184 83 76 140 57 86 150 84 28 57 18 8 60 73 98 180 102 63 167 93 105 64 102 2 47 140 159 92 182 183 39 20 85 94 104 17 40 45 48 55 166 49 35 129 152 102 190 59 84 114 26 15 112 45 8 46 3 159 184 68 17 197 40 192 23 33 163 152 33 85 77 109 133 77 137 67 177 118 17 152 69 81 42 132 38 77 5 35 160 71 149 40 68 61 57 102 22 189 126 29 38 158 40 176 81 130 72 27 70 42 120 183 130 200 175 31 44 33 44 52 114 96 67 186 
50 62 15 28 129 134 2 150 92 168 53 66 18 85 156 17 198 165 89 37 180 121 166 25 73 192 107 158 48 116 182 91 106 84 165 113 53 144 98 118 92 109 59 134 119 131 145 190 102 82 195 44 169 179 175 170 24 109 93 12 121 178 166 194 137 93 99 162 191 158 106 142 133 123 186 136 4 124 97 128 2 134 49 25 134 132 157 110 82 146 136 137 78 187 164 67 137 59 19 34 137 56 140 2 141 180 41 29 70 25 21 1 193 59 32 57 116 197 75 116 11 196 179 128 66 
131 125 90 140 103 77 14 168 188 183 149 190 112 17 17 30 80 193 66 21 44 146 127 139 85 123 138 123 105 81 121 107 9 178 127 27 185 156 37 136 64 62 59 189 198 5 193 170 154 48 55 85 183 90 45 50 45 93 12 187 4 193 52 134 19 95 73 97 94 132 80 94 14 46 45 115 16 38 10 14 120 99 47 33 194 33 57 158 164 182 141 6 12 2 95 190 136 13 168 10 65 66 49 98 39 19 27 74 67 135 55 29 151 138 94 64 149 28 123 72 130 96 44 60 173 
69 80 29 38 19 166 3 121 25 178 8 84 84 53 117 37 169 66 124 88 61 12 35 95 164 136 91 176 123 169 101 104 21 153 25 18 80 36 116 3 138 52 72 85 23 110 81 197 157 55 54 44 9 35 23 168 174 51 156 159 41 6 189 181 6 193 183 70 198 54 196 145 83 77 150 33 126 144 190 30 16 200 198 197 9 55 40 173 69 102 34 80 12 9 189 92 194 37 56 88 28 22 161 146 50 7 62 40 69 196 142 169 111 139 178 52 120 97 90 51 166 1 180 180 20 
94 44 3 190 49 87 198 155 47 103 136 127 137 44 153 12 53 118 23 125 128 171 188 195 133 107 66 151 170 3 104 12 148 96 167 26 117 38 91 42 121 148 48 132 143 129 101 19 64 144 20 34 111 135 189 136 14 94 178 7 168 65 42 51 199 9 69 35 63 114 151 172 143 62 12 46 199 188 22 174 124 33 132 193 44 125 2 102 5 133 128 32 142 191 50 112 170 180 150 19 148 19 55 132 71 189 20 127 134 51 152 54 101 120 58 129 103 148 129 196 112 101 176 111 194 
67 74 186 142 141 85 64 8 7 171 121 149 111 189 197 147 42 151 67 183 161 111 130 139 103 73 185 171 5 120 143 148 64 19 29 9 158 80 26 120 169 121 153 150 118 46 62 197 38 59 81 162 115 171 44 20 98 120 17 96 117 58 62 145 172 33 31 92 18 97 91 55 148 159 8 124 19 52 38 3 135 191 180 24 5 107 156 16 140 144 73 86 82 15 117 165 139 166 53 106 143 150 82 98 91 91 150 39 125 84 156 27 76 153 74 180 99 87 22 64 91 55 115 176 200 
100 31 32 195 171 178 130 27 149 101 38 86 63 83 164 9 196 200 161 14 156 169 40 113 141 8 193 91 78 152 33 144 32 192 150 13 127 100 117 94 164 114 66 122 38 123 63 95 188 10 140 16 158 152 64 94 144 58 165 139 66 161 177 76 57 151 65 90 19 113 46 43 17 25 190 113 192 87 135 113 47 54 20 151 120 142 44 182 182 117 156 89 32 13 155 195 158 158 46 199 176 137 105 117 50 104 79 31 30 17 134 167 44 89 28 61 99 72 159 11 109 24 178 121 126 
33 198 139 114 87 174 199 127 183 183 6 61 181 54 90 184 26 107 56 62 44 44 121 105 144 83 198 111 21 42 52 104 85 44 132 47 54 40 196 160 13 199 161 83 114 160 120 5 147 134 190 73 38 182 68 11 56 158 183 126 171 131 181 117 97 175 67 42 132 93 50 68 37 93 102 152 49 169 84 64 72 88 72 137 157 120 1 26 170 31 6 136 161 193 189 190 160 194 52 160 15 9 88 150 82 196 77 100 106 96 190 77 54 153 98 193 163 28 10 52 100 88 85 78 49 
125 58 106 13 108 184 136 64 8 124 183 52 15 96 20 89 198 116 141 64 106 109 175 22 30 65 18 154 121 20 169 136 142 12 2 138 198 184 12 161 16 30 122 173 144 52 62 195 76 39 83 172 167 49 2 124 116 66 83 128 4 149 132 145 117 87 8 163 146 98 97 97 82 68 17 120 165 106 149 107 24 78 42 121 54 187 68 193 171 34 169 7 18 123 147 104 2 143 170 140 46 97 8 57 144 165 88 114 92 170 172 31 16 37 135 187 80 129 57 112 184 5 78 192 92 
25 15 92 155 65 87 163 102 113 58 175 80 30 106 65 174 156 104 120 195 161 58 165 54 69 29 90 97 130 6 100 21 180 72 123 191 88 82 181 130 84 182 158 42 22 128 53 168 40 142 79 16 31 76 22 147 191 185 99 162 38 184 118 163 127 152 18 130 157 121 107 172 77 29 153 117 171 18 10 164 33 54 156 111 119 169 93 77 2 133 195 168 182 118 164 44 66 68 81 80 43 152 45 64 167 152 116 20 10 130 39 115 130 138 89 27 97 168 90 42 155 75 73 38 130 
77 147 169 155 27 131 41 133 33 19 149 78 59 188 84 85 42 88 91 88 57 117 106 36 149 61 67 200 99 188 84 66 55 41 110 89 171 26 199 178 60 145 95 105 30 38 129 32 198 25 111 178 118 3 55 138 6 187 100 52 140 77 24 133 110 148 59 138 176 144 98 44 128 164 81 136 29 57 48 194 55 30 15 195 36 173 45 31 98 156 82 164 2 164 156 62 170 150 40 8 144 20 22 118 19 149 182 93 139 3 125 89 62 124 53 161 131 30 157 113 168 138 74 174 55 
10 76 103 36 121 127 98 18 140 77 10 24 150 57 46 33 116 106 138 21 19 72 14 26 188 37 52 44 108 131 21 198 44 139 158 108 113 132 1 142 69 26 141 170 39 131 107 137 38 58 56 23 189 70 138 115 118 152 168 183 47 163 71 158 10 149 141 24 34 15 15 192 107 150 83 20 145 96 164 136 103 118 21 182 112 133 140 163 8 36 24 147 198 74 168 3 94 118 6 124 42 44 116 2 133 27 20 119 69 56 38 32 147 151 132 110 176 160 179 137 143 127 166 42 4 
68 68 32 19 12 158 182 136 180 4 101 175 53 35 145 36 8 131 187 92 113 152 115 100 164 9 22 67 72 180 43 116 188 170 167 44 9 181 162 43 121 142 64 56 121 137 119 101 133 24 113 27 153 123 149 169 60 133 25 11 8 145 41 19 161 194 45 64 96 75 131 11 137 29 74 56 56 130 89 166 27 139 155 84 32 129 26 126 41 128 1 82 100 125 121 1 75 79 94 120 8 122 1 183 29 42 199 25 129 80 178 133 23 106 88 77 119 22 20 55 188 85 6 118 25 
31 114 179 104 130 3 25 66 4 153 137 143 105 102 110 16 130 142 175 12 85 187 46 1 148 135 57 68 161 61 40 105 103 105 147 54 117 74 173 120 50 59 125 48 62 7 180 38 124 114 150 47 49 179 72 23 150 176 129 33 38 96 1 24 126 177 4 40 96 192 47 57 161 91 166 48 50 30 190 78 82 136 76 27 1 17 119 84 181 86 127 143 64 77 186 172 94 17 68 168 141 112 101 82 45 50 54 110 56 143 169 144 181 148 198 102 160 54 93 98 149 119 98 186 145 
138 123 135 178 166 10 2 123 106 187 35 157 5 185 47 98 3 11 130 30 116 177 12 152 77 1 44 91 70 125 130 160 194 103 82 138 104 25 53 44 107 197 107 185 30 95 102 78 60 63 22 144 167 52 168 82 29 94 142 69 189 157 199 136 182 171 141 139 92 85 180 141 77 88 101 72 10 129 98 135 171 48 182 47 100 73 23 176 189 114 96 137 97 181 80 16 199 105 133 178 183 80 148 157 197 106 20 16 62 175 32 132 192 21 64 110 173 103 49 9 141 97 64 123 128 
46 161 196 122 51 66 34 190 64 14 164 47 32 98 140 135 148 169 5 169 141 135 101 73 147 50 132 73 1 116 50 120 188 21 199 135 160 98 43 62 104 72 69 72 7 57 77 144 171 48 50 146 144 64 35 51 186 117 119 121 95 127 128 129 155 36 174 182 128 132 71 131 128 71 2 138 25 12 31 127 187 152 107 80 40 16 60 10 31 108 153 159 8 20 130 157 144 189 195 94 41 83 93 2 22 170 139 142 142 89 50 7 176 84 4 31 87 48 181 60 163 102 121 11 104 
98 120 41 134 12 81 93 77 5 131 68 44 47 92 163 185 24 188 199 195 153 174 41 191 119 173 145 18 41 20 149 127 24 85 64 87 168 193 36 114 138 155 188 199 173 176 199 141 41 34 3 169 112 179 58 44 35 141 129 30 191 175 107 86 181 179 165 155 70 64 66 112 153 124 30 74 95 41 33 84 141 82 78 40 136 117 39 37 16 138 16 133 155 69 161 148 115 136 93 47 51 80 157 158 80 64 198 28 57 167 123 144 30 115 149 188 104 175 136 138 66 144 53 18 132 
140 176 169 30 104 38 192 46 30 148 168 177 12 157 88 133 14 19 37 70 133 162 179 5 6 46 193 138 62 3 118 175 167 108 172 28 111 45 57 107 78 155 123 158 86 41 43 3 5 1 123 46 111 116 10 17 52 3 154 63 92 70 142 46 50 29 142 64 147 111 41 152 4 195 17 124 164 196 186 198 1 110 80 36 108 85 63 101 120 198 4 166 86 192 109 112 186 183 30 88 120 53 77 168 170 170 108 135 10 143 122 114 161 19 79 138 107 168 82 22 82 144 27 1 91 
182 40 117 157 18 6 134 150 21 168 10 51 75 79 24 102 171 1 8 13 193 178 85 192 160 107 128 15 97 50 36 171 156 121 30 150 190 113 94 118 22 49 34 65 104 11 116 17 125 178 109 186 116 188 45 29 117 79 127 132 172 152 1 89 7 12 64 13 45 23 88 116 177 82 119 12 63 42 62 189 133 32 106 20 6 148 95 50 184 41 135 20 68 139 133 194 115 11 151 25 72 108 134 159 75 144 78 91 162 6 25 72 172 74 22 189 7 6 51 174 1 162 170 77 142 
197 185 112 73 173 169 87 45 8 51 177 104 145 122 160 23 142 53 15 67 39 61 127 92 16 54 164 152 86 23 142 70 85 118 32 178 155 51 109 121 40 44 194 115 79 132 98 3 123 52 42 101 9 179 13 97 157 194 123 69 66 30 21 95 132 138 195 78 94 28 78 181 71 49 195 151 86 102 132 69 4 80 185 21 78 46 20 171 67 39 77 177 161 114 184 22 90 136 21 72 187 179 180 139 68 70 129 53 126 64 130 122 168 77 178 64 197 130 186 90 85 114 40 156 39 
24 193 20 173 186 89 37 165 84 155 49 111 26 140 24 146 186 182 130 18 101 143 6 174 147 52 56 171 33 135 194 80 134 112 154 126 163 81 145 114 59 13 23 83 163 102 22 27 154 119 125 116 93 174 56 59 89 20 96 198 17 124 82 88 101 198 2 27 133 54 110 170 47 111 54 62 3 116 9 179 137 140 25 195 11 89 159 165 13 22 198 23 23 12 64 80 13 195 183 94 103 30 142 145 99 10 151 77 146 131 113 111 115 21 75 35 187 13 93 62 165 186 199 30 61 
134 104 57 177 194 109 163 8 22 147 151 156 33 94 175 104 85 52 89 194 45 114 100 69 197 132 143 185 157 58 82 90 10 13 179 165 176 21 196 143 9 87 122 30 1 48 142 196 63 93 75 14 1 191 70 22 84 179 197 92 200 41 144 49 1 142 89 149 9 127 194 78 182 22 199 2 69 105 177 173 152 136 194 6 72 16 65 90 135 96 2 79 15 140 131 94 113 57 183 54 73 190 183 153 143 46 175 75 184 186 38 195 78 69 6 97 8 162 91 160 6 121 44 179 96 
156 169 54 107 16 44 67 41 122 13 23 29 127 38 64 162 73 52 38 180 166 31 147 162 177 113 65 135 111 189 185 9 160 177 43 27 102 86 34 59 131 65 181 92 72 168 134 116 71 124 17 182 166 150 102 58 86 51 75 169 43 197 19 76 185 104 124 70 82 92 50 47 149 192 172 90 137 97 70 147 15 137 175 182 80 88 138 88 6 66 75 148 117 187 151 144 32 89 97 103 67 150 192 189 65 126 185 6 39 162 182 188 7 13 51 34 90 40 137 101 15 184 123 169 145 
5 58 50 39 99 39 89 57 142 177 96 107 67 178 74 100 191 165 58 45 120 41 44 134 67 149 24 71 174 49 167 67 174 110 21 136 66 192 125 39 1 66 195 29 153 136 154 156 115 117 64 13 26 133 56 30 74 86 137 77 129 20 196 67 10 64 73 109 114 110 153 100 171 168 72 72 8 180 169 114 175 124 80 134 47 70 4 78 89 199 177 145 56 69 133 79 20 127 86 3 138 128 34 33 61 9 133 163 7 149 65 150 25 85 82 94 120 129 144 37 116 48 130 92 180 
158 109 88 58 121 86 175 79 115 31 50 148 88 7 80 9 86 45 197 56 178 120 145 157 43 164 98 49 115 48 149 9 189 187 61 26 66 72 34 41 152 195 192 139 112 6 4 138 47 155 12 182 152 38 140 140 117 159 23 117 9 195 72 185 138 133 113 93 116 178 67 118 96 31 189 40 43 195 69 17 70 80 76 109 73 1 18 120 189 186 172 9 128 162 183 44 168 150 22 25 147 17 16 190 150 140 123 159 152 49 41 77 132 134 96 12 10 40 50 105 141 66 16 109 35 
104 156 76 106 29 61 41 180 10 42 136 115 62 199 184 5 82 56 34 165 119 87 189 155 71 16 120 171 135 109 62 22 39 8 69 62 184 157 166 151 149 80 79 145 74 63 98 199 133 35 34 84 146 190 17 44 146 111 77 164 106 156 187 29 164 76 86 1 200 199 142 145 178 85 151 171 111 42 177 185 124 164 86 52 45 88 159 3 121 116 67 193 118 52 172 165 81 30 21 73 12 131 27 94 102 25 99 136 83 62 76 64 85 176 191 186 96 175 108 93 69 149 165 183 108 
184 129 85 83 182 198 184 179 172 168 125 116 100 14 97 39 38 85 54 66 9 144 186 120 4 44 189 153 93 56 11 165 173 92 139 173 144 175 75 154 67 106 6 51 38 51 93 187 94 99 60 25 140 84 155 134 28 192 48 66 86 91 175 21 160 110 115 82 92 132 50 91 61 39 134 79 112 32 188 57 123 122 53 178 142 122 26 184 87 75 45 57 144 124 64 20 175 16 54 168 140 61 89 72 142 146 90 4 140 169 47 110 168 60 142 110 102 150 131 88 133 146 69 87 74 
8 171 136 150 90 66 7 178 199 34 4 94 180 199 15 21 124 108 135 200 73 86 122 44 49 52 169 66 23 24 145 91 2 188 75 114 114 51 199 178 65 8 175 23 32 115 81 41 37 122 70 197 14 161 42 46 143 2 3 126 195 178 150 59 179 178 162 164 129 138 145 40 164 19 83 171 136 170 2 190 177 112 72 162 163 94 40 5 191 122 163 179 185 196 84 22 10 180 193 67 123 120 141 184 116 33 86 73 131 151 33 9 90 54 29 168 124 119 5 70 75 115 148 106 157 
160 15 61 155 20 68 122 168 37 17 42 141 80 190 116 83 183 156 28 80 178 146 77 141 50 112 87 40 117 69 159 156 13 97 110 78 130 2 46 158 173 45 177 10 146 64 27 161 99 118 126 191 38 188 62 55 178 72 161 125 28 149 14 187 23 127 11 179 195 21 58 83 114 47 176 193 57 29 166 48 92 9 130 68 55 45 27 18 135 27 129 20 154 131 26 175 181 24 159 102 122 30 32 120 172 181 98 199 26 97 94 176 2 94 174 147 172 43 109 134 38 76 34 86 74 
172 145 45 68 46 36 12 66 98 40 109 118 11 153 123 101 95 92 75 59 45 10 93 104 117 117 104 155 104 32 175 30 153 120 133 77 145 156 172 164 43 53 18 61 70 194 109 77 98 2 59 129 164 171 145 198 102 87 96 145 85 148 42 19 18 82 33 33 32 45 5 132 130 11 33 174 128 117 148 79 39 193 92 120 133 123 96 17 165 1 95 186 19 171 6 156 144 79 192 172 198 101 14 180 177 43 15 41 171 72 171 35 142 46 127 145 33 186 133 149 94 30 195 148 178 
4 151 91 115 28 62 154 83 70 95 173 73 27 77 80 24 121 33 125 136 189 172 15 129 93 92 143 157 185 14 173 173 113 33 65 116 62 179 145 159 30 193 155 158 43 79 36 135 28 15 73 121 142 32 114 4 140 200 63 150 89 41 45 48 131 43 83 14 170 107 93 72 162 93 124 40 156 25 6 1 83 72 122 117 153 62 197 136 90 69 175 38 145 167 41 99 108 111 40 80 79 19 143 14 80 191 169 151 96 142 26 18 87 199 96 16 179 113 77 150 131 122 144 194 80 
152 27 121 135 99 85 70 39 158 68 134 38 12 44 117 42 136 70 79 105 147 20 169 26 117 175 168 28 122 44 23 41 133 80 135 140 56 72 198 14 128 46 114 152 140 148 2 14 158 164 100 89 1 55 14 33 38 107 64 136 29 162 136 71 77 58 9 137 72 73 163 159 20 79 145 126 180 75 190 159 37 188 59 41 53 107 38 32 76 106 49 192 120 29 43 35 60 24 59 14 127 190 171 43 154 27 139 59 23 82 176 120 50 138 34 15 96 62 179 95 15 130 121 30 98 
140 22 10 151 132 186 122 103 101 150 140 196 157 63 168 129 54 199 47 98 86 34 53 194 171 190 176 9 107 187 60 91 48 26 199 112 186 188 128 22 67 95 198 176 87 113 181 107 151 165 46 62 112 110 123 57 15 200 102 86 134 142 156 87 29 148 148 185 131 70 29 138 62 138 95 147 76 112 172 137 81 186 65 75 31 149 88 154 22 56 154 139 169 95 40 61 50 2 122 94 58 56 141 25 157 137 3 144 154 104 139 196 180 46 187 172 86 68 21 159 101 125 13 167 159 
83 19 116 156 141 114 139 91 190 127 183 173 180 24 90 90 191 126 183 42 175 200 119 154 59 79 129 65 163 42 165 20 151 32 15 54 124 51 76 17 41 176 194 117 38 130 49 28 23 106 54 175 2 158 53 162 70 195 62 57 122 150 137 168 129 67 103 55 199 184 184 17 107 61 196 192 198 199 131 12 9 162 183 80 111 115 105 19 85 60 82 182 128 77 144 50 71 12 143 183 147 137 75 161 34 176 116 133 174 82 91 95 143 175 61 181 129 192 147 8 161 190 36 19 81 
170 42 8 147 55 32 194 166 116 183 118 86 104 175 124 113 139 191 39 147 127 71 59 70 62 34 15 150 165 16 42 14 176 186 125 42 79 197 181 158 65 45 127 98 63 144 133 128 21 83 6 8 157 92 28 54 191 72 83 195 20 52 184 45 62 3 42 3 118 1 36 109 115 72 78 174 13 182 165 199 64 50 191 119 46 65 47 124 16 184 116 50 70 165 176 131 53 104 64 104 77 47 4 99 90 72 133 44 131 190 118 120 144 127 197 50 158 151 195 39 97 109 8 86 55 
129 8 41 164 159 74 70 68 194 144 33 190 4 198 189 42 19 185 123 178 29 1 33 182 151 100 68 169 183 157 20 94 58 184 113 170 172 58 185 161 23 71 102 103 188 200 183 107 132 185 51 199 58 22 36 8 191 186 64 179 92 97 56 75 158 146 122 149 152 78 157 3 186 69 193 64 56 132 12 155 147 53 69 53 131 79 71 92 88 143 24 59 161 194 98 161 1 76 101 64 144 2 48 85 23 173 187 48 71 54 83 146 108 51 45 113 145 195 85 151 200 110 161 77 38 
136 195 49 186 68 179 70 25 185 16 114 194 141 103 193 150 58 161 51 37 194 18 162 35 63 190 122 21 50 198 130 42 172 168 155 39 97 191 91 15 35 177 86 62 142 9 50 127 74 85 16 95 8 158 82 58 115 97 197 105 53 127 186 184 174 160 59 127 106 18 62 149 172 137 76 39 71 186 173 122 170 31 29 17 186 69 102 85 28 178 155 84 46 154 178 8 140 100 22 154 158 189 138 153 164 195 1 144 79 130 99 183 57 66 101 167 94 26 142 174 59 93 41 130 198 
53 79 110 31 6 86 25 105 8 144 147 133 77 92 22 98 110 79 74 13 182 104 170 31 122 11 113 58 192 32 154 127 63 153 92 170 52 13 90 181 163 155 120 10 39 182 167 114 127 36 87 121 24 195 24 77 20 50 107 162 100 107 78 61 175 185 25 133 104 189 140 135 89 104 98 52 127 76 184 182 37 9 65 56 13 73 76 70 54 131 64 125 163 57 132 46 191 163 5 20 52 45 81 91 126 124 120 126 55 36 118 33 198 133 155 189 102 200 197 30 48 144 132 116 149 
30 124 47 161 31 137 117 88 195 95 192 27 38 191 175 63 31 91 163 40 184 129 33 2 82 195 188 21 117 194 19 97 105 119 17 83 105 75 12 59 21 10 30 118 164 56 173 70 33 70 167 106 198 103 107 125 106 135 46 92 198 161 4 160 63 94 172 158 164 186 197 90 135 102 61 121 163 66 26 139 79 70 184 9 140 85 85 83 83 146 126 152 1 55 181 156 167 154 157 57 1 56 123 20 23 31 136 188 18 16 142 94 109 183 99 97 175 28 146 90 61 44 11 80 113 
48 77 74 50 121 17 187 173 142 119 93 174 42 63 125 7 64 30 193 164 43 153 178 100 81 63 197 98 160 106 93 26 25 16 146 196 9 128 173 64 50 76 172 167 16 80 53 175 4 185 122 117 123 157 4 186 176 86 157 199 35 117 12 107 36 86 33 69 129 89 127 198 147 82 199 87 40 116 50 41 193 186 85 107 35 74 139 31 58 93 4 189 143 149 147 137 58 78 65 75 175 167 124 82 54 160 121 8 183 151 74 136 76 18 15 122 2 118 72 169 173 79 154 53 126 
43 186 151 52 167 17 168 171 191 56 199 12 65 48 152 66 183 4 110 144 89 26 33 58 110 9 28 144 110 51 91 161 84 41 172 154 45 175 132 43 32 145 55 116 180 24 100 125 63 66 17 187 126 159 105 173 132 84 200 57 30 130 17 101 189 27 62 195 22 94 43 147 2 7 133 89 92 53 194 3 65 27 64 125 30 137 59 75 176 26 199 180 18 167 64 137 96 195 88 190 100 122 174 182 101 55 35 139 14 58 180 66 29 187 174 105 115 117 188 5 144 128 168 177 68 
190 23 127 74 173 112 133 139 85 18 66 97 87 18 93 152 182 175 81 106 123 5 46 4 61 74 47 3 165 145 182 72 176 53 182 54 182 185 8 189 101 18 102 113 52 10 146 76 39 16 32 186 169 196 113 66 163 106 46 73 103 151 104 48 143 60 77 82 171 36 43 88 176 23 114 55 175 178 87 145 140 177 165 171 45 105 81 154 39 132 153 42 169 30 9 187 183 105 135 136 85 147 198 94 179 180 161 23 24 163 136 145 196 69 20 147 161 108 85 105 127 191 96 63 111 
123 71 71 194 151 21 93 182 30 60 168 2 12 140 172 39 97 121 101 169 129 155 30 123 198 49 170 196 144 142 70 200 15 50 198 104 69 31 41 84 145 63 76 117 78 161 20 15 110 20 6 118 89 23 181 42 169 128 99 29 161 48 110 107 194 121 86 46 171 16 60 140 124 25 166 173 175 30 3 77 197 35 179 126 180 27 94 104 93 190 7 69 157 199 69 164 137 18 143 113 19 97 121 16 36 132 3 17 26 180 158 173 77 93 84 121 130 114 171 57 11 200 35 88 182 
107 4 73 200 58 163 128 72 180 118 160 32 168 36 158 198 61 63 154 97 23 143 142 196 22 86 143 10 57 168 21 111 194 15 150 113 120 24 16 154 141 172 106 165 57 167 53 60 103 61 66 150 23 133 137 150 132 181 166 55 120 141 20 57 67 162 133 104 15 4 26 157 102 10 49 46 116 118 170 187 14 37 128 196 154 76 126 195 179 22 77 112 194 112 165 21 54 193 12 173 107 105 67 158 101 114 195 146 23 60 43 106 178 99 94 80 47 140 128 112 111 28 51 95 137 
119 102 182 32 14 141 13 180 131 102 36 162 92 186 148 161 167 35 168 129 130 4 110 5 84 51 107 79 129 39 196 116 189 130 67 139 78 15 23 161 60 48 100 79 48 68 182 135 101 135 96 189 187 87 94 89 147 166 117 128 8 6 185 188 196 19 106 86 127 99 85 112 68 115 84 49 39 200 1 152 113 5 12 169 116 94 139 142 90 54 104 131 162 134 62 142 22 63 92 168 92 68 197 13 182 138 142 97 71 124 45 44 133 182 172 6 200 119 24 125 138 24 109 51 125 
89 84 195 152 125 186 6 43 2 10 161 38 103 94 45 110 1 116 66 108 28 145 100 66 189 70 107 15 49 4 182 90 15 57 98 30 71 172 140 51 14 182 110 24 4 20 157 103 126 156 8 6 175 100 113 200 38 75 150 135 50 98 178 101 73 199 113 183 161 39 171 36 92 148 70 174 132 45 164 18 39 153 78 81 134 52 72 185 26 86 119 156 8 7 43 98 147 126 151 125 103 66 197 42 46 110 177 79 120 162 8 129 158 4 39 166 32 45 58 165 82 121 158 98 89 
47 3 1 29 26 85 182 24 31 171 200 19 50 135 53 195 109 162 114 176 27 155 19 166 96 124 186 16 167 78 103 119 146 44 27 162 179 23 53 166 10 142 95 97 17 45 151 61 4 118 195 197 67 47 116 150 97 139 39 44 107 71 171 164 61 178 175 25 87 59 190 114 160 133 33 186 134 145 101 149 199 75 162 46 124 79 132 148 142 142 40 22 79 48 48 55 1 156 13 3 73 15 114 23 135 100 96 188 4 169 65 78 94 194 84 135 198 43 195 117 50 31 32 84 129 
93 69 22 177 169 133 88 100 178 173 112 60 42 32 199 61 166 54 134 129 169 145 113 26 199 178 45 184 186 10 45 176 80 188 15 167 188 164 100 187 152 166 139 174 97 162 158 171 110 163 29 128 8 106 22 176 63 146 155 122 83 185 76 90 54 170 54 1 61 52 67 130 112 175 64 121 127 174 23 184 28 130 142 84 147 54 85 180 76 9 176 77 71 32 189 51 188 89 135 120 73 189 126 40 25 103 131 25 153 25 164 163 78 85 170 144 171 8 180 56 185 60 10 111 138 
67 92 168 22 36 191 60 175 146 107 162 72 80 99 38 178 63 29 167 95 26 112 156 198 124 64 71 179 14 66 193 58 117 180 11 192 50 200 191 111 54 64 69 11 139 66 196 155 184 174 137 171 153 183 183 130 43 109 173 103 148 183 9 125 2 77 66 70 72 84 45 22 27 38 79 180 16 41 57 101 23 169 17 41 22 63 43 129 23 41 148 53 123 89 97 137 66 32 147 64 185 149 56 150 134 164 48 186 99 78 186 151 57 81 154 56 90 158 34 115 38 23 37 14 143 
182 56 151 176 138 17 25 163 24 168 106 129 180 106 114 189 118 131 150 57 157 96 10 195 191 31 12 4 185 193 2 74 168 78 24 100 20 41 54 51 57 179 114 183 81 186 145 31 108 130 36 181 154 57 129 189 72 163 5 26 25 127 82 80 13 105 169 123 28 179 156 15 47 3 139 133 146 86 88 169 93 35 178 11 60 121 101 119 43 83 189 16 129 17 106 190 152 200 146 107 81 175 13 80 33 189 96 21 178 181 157 19 199 96 155 17 101 3 191 11 150 89 1 117 41 
125 12 145 35 127 116 192 14 186 168 116 11 4 176 101 37 83 149 124 58 199 172 166 134 11 179 59 177 174 172 37 41 97 160 97 101 138 89 157 137 185 133 67 185 86 98 96 198 82 5 114 109 133 177 150 188 3 98 142 51 184 97 65 29 71 121 199 193 172 33 196 113 1 41 154 121 32 186 97 92 26 136 184 156 198 101 13 37 117 72 86 23 194 170 10 18 90 67 113 163 69 51 34 27 171 116 139 63 178 129 113 157 4 129 177 27 110 99 25 150 184 3 33 119 108 
85 140 18 24 87 47 7 149 142 111 160 197 99 112 32 83 137 78 189 41 195 32 124 171 176 120 45 1 118 92 92 90 71 91 20 191 13 190 191 16 156 48 116 62 111 184 21 46 189 48 25 108 73 132 117 54 128 190 160 86 40 6 33 152 7 197 47 5 125 15 105 141 13 148 106 71 68 187 105 37 99 134 42 121 124 53 191 133 173 130 63 142 58 106 87 43 159 31 178 93 147 16 31 67 143 7 155 22 53 178 85 69 90 69 181 139 100 184 66 157 41 113 117 118 146 
144 173 127 131 183 6 101 14 112 150 37 117 38 54 149 171 120 101 184 163 83 62 38 119 54 21 137 149 46 130 195 185 13 38 105 188 126 37 50 8 5 154 31 190 19 63 136 109 109 178 4 156 39 48 22 126 185 54 147 4 114 79 179 105 15 176 67 41 47 104 110 29 56 166 78 161 28 144 128 158 173 163 146 140 23 90 125 167 17 64 151 3 47 60 65 63 17 146 187 126 12 40 88 130 23 176 53 51 183 41 149 182 179 39 33 165 118 169 175 181 4 159 42 107 141 
184 126 46 1 63 191 115 129 128 91 74 88 144 102 90 91 81 140 128 70 30 124 87 106 28 122 3 128 152 41 101 68 118 181 65 171 10 158 55 170 82 107 71 187 166 112 77 63 176 105 44 27 79 53 136 115 94 196 134 68 130 57 112 50 178 67 126 57 172 61 110 20 121 146 152 123 72 46 5 183 48 47 123 53 28 182 60 13 100 9 59 81 176 137 37 7 64 14 53 144 4 96 102 200 28 199 69 67 71 111 167 185 129 189 40 184 148 167 13 138 163 146 124 121 165 
192 8 11 91 153 21 98 77 185 136 188 39 23 152 127 14 191 84 196 113 5 193 188 39 62 44 104 58 29 194 112 6 29 4 69 142 142 111 120 197 116 126 104 198 100 193 108 189 75 72 156 88 157 89 13 178 19 19 142 135 171 160 3 136 140 66 135 191 34 58 133 111 183 20 127 130 99 77 194 96 64 62 22 11 89 30 110 16 109 84 199 77 27 170 134 100 22 48 197 139 186 185 183 133 169 114 78 55 42 37 187 163 125 156 121 60 14 67 105 102 74 34 46 129 176 
25 135 193 175 20 154 194 178 25 83 179 8 182 1 59 177 151 47 164 200 143 74 44 181 45 114 138 101 78 12 91 48 53 120 60 77 106 4 158 28 8 197 78 123 193 156 60 53 5 91 110 18 180 88 184 192 51 60 74 3 125 167 61 42 27 143 148 51 52 194 136 35 117 62 82 59 179 64 8 116 102 160 127 114 47 88 148 125 103 139 23 101 91 90 158 154 4 95 10 77 187 51 168 150 2 66 91 50 189 18 157 154 21 23 72 120 54 180 12 42 6 179 3 95 64 
72 126 110 46 199 194 156 184 172 103 149 92 107 20 58 81 94 23 168 136 188 43 35 145 83 197 4 147 192 190 48 109 36 159 120 81 148 6 191 84 192 146 121 158 195 163 77 124 40 187 183 37 47 123 83 103 6 98 139 179 150 182 122 94 27 111 121 124 199 46 185 14 129 103 171 128 83 26 170 47 74 53 86 73 88 79 5 186 52 109 47 91 103 127 88 136 2 146 39 25 83 58 132 109 144 10 161 70 189 24 153 184 46 11 7 170 138 121 170 158 6 137 127 109 58 
14 102 62 2 72 167 8 118 45 55 62 94 148 90 125 97 175 116 187 186 192 4 65 91 51 71 188 198 103 165 198 158 124 172 178 28 70 186 89 114 141 134 116 189 103 135 48 88 83 136 196 181 126 118 159 67 78 125 110 169 145 28 107 98 3 167 116 11 168 80 158 128 139 128 127 119 159 121 131 118 13 134 135 121 192 157 57 88 145 101 111 90 47 113 43 48 176 31 27 58 54 76 171 141 3 135 46 48 54 187 154 77 41 137 197 30 180 148 94 12 23 46 9 59 88 
109 116 108 134 50 116 110 27 15 26 125 150 134 102 110 102 141 130 96 152 41 184 119 14 87 104 152 117 31 1 115 159 137 34 123 24 173 125 173 119 169 89 128 100 194 193 176 129 192 82 160 93 134 84 117 200 111 34 171 26 170 47 51 189 20 135 175 68 25 105 45 104 7 193 2 143 199 61 19 116 11 33 98 164 34 43 144 58 156 194 151 46 73 2 157 184 190 141 165 65 66 177 194 196 91 124 86 101 57 151 80 189 35 103 42 21 139 192 27 112 183 25 54 52 85 
115 168 64 129 158 73 193 179 126 117 127 103 29 153 80 137 96 100 39 24 159 99 8 71 13 113 95 156 125 33 109 76 183 175 126 63 2 37 70 129 53 59 43 77 100 83 61 160 42 191 167 107 182 136 2 122 22 110 184 120 67 124 141 92 90 148 132 157 110 32 40 18 40 115 178 154 155 85 61 113 48 49 157 27 1 64 5 148 78 91 94 105 139 51 182 53 26 190 59 161 193 39 150 68 38 161 125 4 69 50 184 172 140 180 194 118 56 31 24 13 140 114 65 28 146 
169 69 66 52 123 8 95 85 174 121 121 103 69 36 66 137 199 24 192 78 50 123 25 124 5 28 63 34 62 183 126 167 49 34 12 151 49 91 128 108 32 94 138 22 108 116 57 32 155 92 45 64 84 113 49 15 132 169 15 197 54 65 183 79 139 54 82 94 73 128 40 87 48 88 33 135 22 14 94 148 154 122 62 1 178 188 176 195 97 92 17 68 16 11 150 40 120 109 186 20 24 148 87 179 1 127 117 50 127 135 103 62 35 97 43 150 63 95 59 154 56 101 96 119 64 
32 43 15 7 75 109 102 98 113 176 77 113 87 186 143 52 129 194 45 150 144 112 136 87 26 183 48 38 147 169 119 2 44 180 77 70 17 8 96 149 45 186 84 126 122 2 64 197 151 57 143 186 21 196 167 106 55 152 160 181 58 180 194 174 26 7 108 90 116 28 128 180 82 195 92 89 98 185 108 188 92 169 1 96 50 145 180 144 155 90 169 96 7 158 27 175 14 185 12 18 146 179 137 94 50 23 174 28 22 13 77 55 128 155 161 132 180 160 41 103 141 43 96 152 21 
111 69 86 8 31 118 72 134 85 145 48 181 89 106 145 41 64 168 44 15 152 3 13 133 83 46 109 192 49 2 150 112 91 8 25 121 41 84 139 20 198 53 56 62 164 159 130 164 186 86 123 15 78 126 55 80 111 53 180 57 94 37 94 165 174 51 132 194 163 145 80 97 200 40 115 102 73 192 187 92 56 196 80 31 8 91 171 30 20 23 50 182 153 8 191 38 44 50 188 112 143 158 9 188 45 169 23 64 200 98 16 21 45 189 130 142 139 30 45 175 122 182 97 23 175 
95 77 56 23 58 136 64 30 129 60 189 179 76 107 87 10 81 112 161 98 149 171 114 40 104 161 189 32 121 18 105 121 200 6 63 121 100 180 150 198 153 88 76 83 66 22 94 24 117 153 36 174 69 114 12 8 149 163 142 93 194 196 130 137 99 193 60 166 152 145 28 125 141 101 199 29 59 102 186 5 150 176 70 1 191 156 136 36 75 154 49 41 84 96 161 87 139 42 54 72 190 81 32 200 11 35 140 162 88 167 37 175 4 41 81 170 151 101 16 1 171 15 168 59 133 
20 63 162 146 2 196 120 179 119 32 18 180 5 11 130 3 26 62 166 182 62 161 199 59 85 120 125 191 173 156 28 18 8 137 121 78 71 109 196 24 55 26 160 71 87 93 130 93 46 158 58 146 117 160 20 101 106 45 130 156 198 41 197 60 24 53 110 88 30 100 140 58 141 102 97 59 24 158 120 179 29 104 185 122 2 123 19 12 97 119 1 161 6 125 157 23 30 69 54 53 175 123 156 118 65 9 153 17 84 43 41 89 98 76 196 39 59 101 191 73 46 133 60 150 2 
35 36 190 193 172 12 49 108 184 175 73 2 118 97 30 136 114 27 9 70 57 122 182 123 84 27 137 12 6 60 33 30 120 52 68 162 50 71 76 147 180 196 166 33 48 119 43 173 21 144 53 63 114 90 100 152 176 54 167 33 131 119 141 9 197 133 44 167 109 172 73 111 32 12 126 55 135 136 82 172 145 81 176 158 90 166 160 84 197 196 120 134 51 87 54 97 152 27 45 32 156 64 9 114 57 4 89 137 195 14 136 27 157 6 169 48 137 198 188 45 28 136 80 95 110 
170 72 161 18 100 66 172 3 31 33 143 103 84 187 111 58 120 35 54 45 199 51 166 166 75 136 124 159 3 147 187 21 76 185 93 127 72 69 187 186 103 37 96 31 56 194 32 162 57 185 191 189 74 101 163 157 192 69 40 177 136 170 16 40 174 104 31 147 75 149 28 80 57 178 140 8 126 60 19 187 177 108 175 106 160 44 160 85 44 5 129 99 60 23 81 184 131 142 17 80 64 120 97 51 25 120 32 6 136 138 78 199 62 164 74 109 166 57 159 73 133 73 187 47 158 
183 94 126 5 120 104 150 58 13 7 152 157 130 53 8 29 151 86 21 68 103 76 92 166 85 27 48 12 195 7 74 81 44 197 68 74 75 41 107 47 115 99 68 186 96 120 110 15 148 58 94 152 23 195 107 60 100 166 141 131 37 30 143 63 151 11 168 177 133 194 197 172 181 83 138 37 171 139 158 71 164 14 41 30 29 78 97 71 184 12 31 132 60 66 74 152 163 60 185 170 66 79 52 36 96 48 111 129 4 61 9 173 183 35 192 49 175 39 18 10 152 5 150 107 84 
122 137 182 95 48 160 184 18 129 82 81 101 145 84 97 70 79 97 3 38 35 156 24 138 195 190 189 42 100 133 97 2 134 100 16 53 90 126 25 121 64 40 27 33 114 53 51 194 98 154 68 20 80 23 64 48 144 55 138 102 149 67 73 147 138 54 108 94 122 127 36 50 17 40 3 101 37 112 179 57 47 121 59 185 85 80 120 56 172 154 194 171 44 140 52 157 27 181 29 183 57 116 7 174 82 144 22 155 15 156 30 176 83 164 8 63 66 103 114 151 74 7 159 173 86 
56 105 195 4 174 43 83 177 142 3 109 137 173 66 105 61 105 131 81 35 123 101 138 155 65 58 4 99 55 4 27 9 133 95 83 196 31 118 180 178 96 129 44 123 181 148 102 73 128 176 188 189 23 31 105 40 88 126 141 96 167 71 77 3 41 121 101 30 178 78 103 38 53 105 40 81 145 109 78 161 45 84 129 36 37 30 173 83 96 123 191 82 114 71 80 4 58 147 29 87 67 168 7 132 179 10 28 185 46 49 190 27 157 15 168 198 88 126 127 14 92 146 91 48 143 
171 36 89 99 91 180 170 108 156 67 170 182 161 60 40 143 176 146 73 187 116 66 26 139 2 170 192 39 99 86 2 116 113 55 141 59 16 7 188 73 3 46 146 187 52 50 179 53 178 179 65 40 16 62 87 70 25 60 92 170 104 70 168 31 89 100 128 93 100 59 194 82 198 124 120 123 92 172 182 129 159 99 173 112 133 181 179 44 84 14 46 3 169 132 50 177 165 108 116 78 103 163 105 74 111 5 30 33 136 38 94 109 170 172 71 97 70 193 5 117 97 24 174 111 81 
93 136 144 105 6 120 166 27 200 118 186 84 45 165 80 194 171 15 35 193 186 146 179 74 137 183 82 32 107 83 148 160 172 125 176 101 38 139 114 81 15 82 12 103 6 124 76 132 68 180 191 9 41 145 65 131 108 118 142 30 62 20 30 76 76 33 118 146 192 106 149 193 131 78 31 55 10 98 79 184 70 5 187 72 8 4 4 34 188 144 86 106 156 146 80 194 170 196 96 99 71 24 129 174 143 161 34 83 104 178 200 123 150 147 49 60 180 148 64 46 115 59 18 82 95 
125 193 42 1 103 162 53 153 50 185 156 38 11 126 200 61 94 125 154 24 41 62 158 59 164 66 18 165 124 77 21 101 126 187 41 194 200 117 122 132 42 41 11 118 100 91 182 175 58 57 176 61 160 79 179 155 49 118 146 57 5 75 19 199 70 138 167 51 137 45 189 6 188 51 74 183 199 45 103 107 26 148 94 146 15 48 22 134 103 127 10 149 138 180 116 148 119 37 48 133 125 11 115 3 151 127 199 80 196 74 175 146 80 116 92 90 124 85 95 198 199 23 17 12 30 
191 96 120 55 50 127 139 142 141 131 117 16 102 37 28 171 178 197 112 49 166 134 60 35 133 30 102 126 74 143 63 66 8 66 29 52 168 2 179 1 33 26 199 21 107 85 7 11 114 157 81 49 57 167 76 136 48 54 35 163 21 186 179 115 120 62 164 25 38 196 27 95 91 53 121 188 41 148 61 36 82 76 137 8 63 154 46 129 167 173 152 124 131 3 20 179 12 104 109 33 126 103 177 125 175 145 63 171 8 66 104 178 62 10 38 10 143 168 189 55 200 179 130 105 79 
191 145 80 140 101 17 39 42 33 107 96 33 137 113 144 123 116 146 33 146 33 41 188 54 45 140 57 56 199 96 36 92 128 113 49 86 149 9 195 92 188 193 1 93 136 78 91 146 118 173 112 77 17 176 197 119 149 109 30 118 168 164 50 118 93 117 113 95 65 200 196 21 77 30 197 35 86 31 150 137 46 148 51 116 74 144 98 159 41 186 128 164 40 159 21 159 102 3 49 25 165 99 92 1 169 34 73 10 96 147 181 149 51 88 45 187 90 142 181 3 113 5 39 141 15 
25 125 17 126 121 4 147 143 86 109 168 188 189 73 166 195 109 141 2 119 78 187 165 176 143 88 111 155 66 103 35 103 69 188 66 139 12 97 50 109 41 16 42 172 13 160 184 192 145 43 145 96 149 112 12 110 185 118 128 60 109 57 193 170 124 182 87 27 15 166 44 101 63 71 166 43 196 125 69 183 37 192 45 174 183 11 21 130 117 151 62 101 122 164 178 127 143 7 5 158 141 158 131 83 150 44 50 132 12 163 137 164 24 7 112 55 11 44 136 141 187 138 181 111 20 
22 76 6 44 77 106 45 20 104 100 114 47 87 156 184 172 103 41 159 71 102 156 186 95 176 184 149 171 40 96 91 42 195 91 79 7 16 170 64 26 102 92 111 150 81 152 127 15 94 164 165 179 189 153 102 10 117 126 70 50 50 161 152 97 117 9 163 87 114 129 141 114 33 4 154 48 130 177 28 130 77 172 33 41 124 68 50 29 101 30 173 56 139 78 157 54 95 115 122 151 19 194 157 192 95 171 181 37 151 147 142 162 129 64 27 166 109 52 185 126 68 50 73 8 64 
104 88 12 105 192 97 166 195 33 66 120 191 56 159 192 192 116 89 132 79 121 157 60 91 179 67 103 158 159 27 193 84 186 52 40 191 3 12 195 38 136 183 27 195 97 25 82 174 141 63 142 87 16 119 50 152 144 112 28 121 23 153 162 154 181 158 180 125 187 69 18 140 85 151 119 166 72 83 182 145 194 185 49 127 173 161 33 1 186 178 35 111 66 141 102 128 110 73 20 62 16 132 92 158 24 28 57 103 93 148 48 112 150 20 192 153 195 103 179 65 59 131 89 160 44 
198 127 181 106 170 119 83 132 55 161 74 58 45 75 53 85 80 9 192 127 13 121 35 33 111 5 180 182 7 118 182 155 166 61 182 72 81 91 108 70 34 107 51 66 65 59 117 103 186 78 114 138 33 183 78 176 82 33 55 94 89 75 61 3 66 29 47 167 63 31 76 160 20 77 142 56 47 3 133 16 142 41 107 156 99 85 193 62 63 18 117 136 13 187 29 80 72 29 25 89 35 2 193 134 63 132 81 52 168 107 20 12 79 127 113 35 121 47 33 13 157 122 56 17 165 
122 30 48 47 6 3 157 55 182 30 71 159 168 88 81 28 94 182 80 72 129 71 133 83 87 197 110 192 77 169 74 84 67 182 165 144 39 87 19 198 78 63 190 162 8 21 39 175 7 46 94 116 16 2 5 64 64 152 143 163 146 94 67 75 53 8 148 117 18 71 193 16 165 110 175 15 5 142 147 29 195 151 9 116 181 39 29 22 45 191 129 188 112 1 108 31 164 117 125 115 124 102 142 181 42 142 178 69 145 114 39 95 127 76 118 118 116 178 54 87 171 112 178 157 44 
141 117 28 2 102 133 147 71 61 13 97 26 54 76 147 165 27 64 2 62 110 64 101 152 12 156 80 4 176 39 189 177 147 195 150 99 5 120 127 21 183 20 85 181 195 191 72 10 101 140 67 179 30 163 47 50 135 117 141 141 138 79 4 39 196 125 114 65 145 153 31 75 148 153 187 85 161 191 120 107 166 120 2 103 197 161 126 178 1 158 61 166 40 161 187 79 78 59 22 77 131 115 94 91 122 93 188 6 22 25 33 86 79 7 197 7 15 178 78 48 102 70 178 145 157 
136 69 117 108 32 139 42 64 14 108 54 37 37 3 156 114 75 198 52 17 166 146 86 119 23 181 151 88 184 35 43 9 120 51 92 162 4 145 10 180 68 42 149 123 90 177 182 49 64 143 199 189 4 72 172 37 200 144 63 130 182 180 110 142 181 83 184 74 125 172 162 163 16 72 166 150 168 116 145 154 20 156 135 24 5 26 108 73 194 114 147 49 81 88 50 49 88 4 27 185 59 192 9 11 27 37 129 13 94 188 113 103 175 78 175 172 36 39 181 49 140 72 187 38 33 
2 77 146 132 151 122 82 84 100 197 180 39 152 11 189 64 38 71 164 195 153 105 192 118 65 25 52 167 54 73 200 73 59 149 10 85 122 92 159 56 101 193 134 157 109 182 83 90 151 121 52 127 92 22 128 79 6 160 93 195 49 82 13 92 29 170 32 76 80 96 120 8 5 89 22 85 182 195 186 8 194 28 95 199 38 167 99 173 161 78 35 78 199 81 68 3 172 5 82 184 58 100 195 152 179 143 33 55 59 173 149 141 161 115 66 4 55 28 101 160 181 106 158 122 147 
65 154 76 75 44 84 156 49 141 63 131 77 118 183 105 148 57 141 163 55 147 12 95 197 199 59 49 23 179 106 20 126 105 17 179 125 9 149 159 189 61 48 60 174 104 80 137 65 104 178 139 68 116 110 85 3 184 187 106 32 3 108 32 26 116 189 130 116 4 53 137 188 180 128 73 151 107 117 189 181 197 8 44 64 153 35 189 41 194 141 11 147 121 10 76 104 194 188 98 6 45 178 131 155 91 72 194 114 30 122 109 169 2 25 61 71 169 23 73 98 173 200 195 102 122 
38 178 87 183 101 169 115 123 15 26 31 148 190 135 137 55 77 168 107 140 160 101 187 17 137 104 63 69 13 113 32 6 10 198 191 156 174 143 171 194 114 38 98 149 194 18 41 156 59 125 138 41 190 45 16 85 125 100 113 68 56 25 68 181 12 80 4 155 17 16 147 140 139 185 143 71 58 35 39 16 1 164 111 148 142 142 158 39 29 124 115 60 127 139 121 194 110 116 166 23 171 65 80 177 152 140 155 148 147 144 54 119 144 71 169 157 66 98 10 67 200 10 148 125 90 
184 24 107 190 129 110 82 6 88 24 125 119 19 165 177 82 194 118 47 122 5 160 59 145 129 118 15 91 53 102 91 16 13 160 41 180 168 154 173 112 14 170 158 116 50 10 8 161 136 88 47 78 123 179 126 87 186 14 136 129 154 99 61 50 148 145 132 11 185 19 78 108 183 125 129 147 48 48 132 108 10 110 110 53 48 16 104 188 173 117 55 152 154 149 169 193 71 58 7 26 114 144 16 128 52 143 18 53 172 71 155 139 182 182 85 48 138 57 72 43 62 180 89 53 146 
166 44 16 8 64 183 157 159 86 159 2 139 60 24 125 114 147 140 101 165 142 45 166 174 161 127 58 137 163 140 60 65 154 41 170 153 128 91 192 106 45 29 177 22 24 20 113 71 97 163 134 74 50 68 134 66 100 163 23 113 114 2 78 36 97 80 11 197 64 41 39 87 82 56 19 200 191 65 10 158 44 180 98 74 52 31 190 31 168 96 61 27 55 186 167 5 64 68 52 73 164 84 103 175 184 60 56 177 70 102 175 82 171 34 75 28 183 112 192 78 39 110 85 159 83 
183 182 162 132 76 165 50 28 176 138 176 148 169 137 25 52 67 55 69 83 118 72 140 3 40 159 127 184 198 200 28 165 181 160 182 132 94 55 53 18 190 28 89 176 41 103 54 8 197 99 54 144 110 64 119 155 196 117 90 174 112 158 57 120 173 37 154 199 189 71 34 174 183 74 21 151 70 167 145 118 164 32 99 13 48 164 72 116 96 163 130 98 1 119 147 116 74 174 100 98 40 127 91 158 11 82 47 43 141 163 23 119 185 186 125 176 2 154 96 19 47 13 50 92 66 
8 69 31 42 23 184 49 113 151 95 70 158 69 45 108 3 88 97 164 45 83 37 184 82 123 62 198 83 183 147 81 78 145 187 147 153 138 87 51 11 55 83 4 62 197 107 6 145 39 171 102 169 142 120 130 129 85 83 62 186 181 7 16 64 7 71 15 167 49 76 6 144 13 124 103 20 178 74 84 106 178 85 118 8 36 140 57 138 149 45 70 7 154 158 109 186 52 79 60 48 82 121 154 185 82 55 114 41 53 161 187 48 197 84 165 130 199 51 193 126 51 177 86 142 139 
55 16 180 2 47 51 170 145 87 103 158 134 159 79 143 89 94 165 72 188 15 102 35 137 17 128 75 52 124 36 12 151 93 88 53 51 93 135 4 9 10 36 97 18 160 94 35 10 146 70 15 72 116 176 80 89 150 144 104 190 175 171 181 138 30 134 194 134 2 34 1 138 166 5 47 169 168 123 101 145 56 21 75 29 157 188 6 104 47 200 51 10 182 43 160 32 129 119 121 146 186 3 120 179 17 90 111 90 45 44 63 199 33 116 123 154 125 64 115 132 179 76 67 16 77 
