75 4
0
0
1 8 40 168
2 26 17 128
3 32 52 32
4 33 12 81
5 58 78 682
6 68 6 116
7 71 154 379
8 81 74 673
9 86 45 356
10 95 165 -235
11 104 63 608
12 112 56 336
13 112 189 490
14 149 165 479
15 157 57 43
16 181 16 245
17 188 22 320
18 200 192 1736
19 211 25 211
20 240 64 112
21 250 97 56
22 261 26 313
23 262 15 382
24 279 43 451
25 280 140 1120
26 283 99 1075
27 288 18 288
28 303 78 459
29 307 168 -29
30 317 68 453
31 331 158 1279
32 332 190 1092
33 335 136 1151
34 346 68 890
35 350 118 114
36 352 143 924
37 357 71 215
38 370 166 1698
39 383 9 419
40 387 34 455
41 391 186 1507
42 392 168 728
43 394 70 534
44 397 130 917
45 398 143 398
46 407 162 83
47 428 74 576
48 433 130 1213
49 453 128 1477
50 460 172 1836
51 476 140 1316
52 480 107 1122
53 488 10 548
54 498 40 738
55 505 165 1165
56 505 42 421
57 507 80 987
58 528 43 872
59 531 147 531
60 536 184 904
61 541 113 1445
62 569 100 1369
63 587 177 941
64 587 76 435
65 597 94 597
66 652 81 490
67 677 153 677
68 685 141 403
69 685 37 759
70 704 87 1400
71 709 48 613
72 718 144 430
73 721 177 1783
74 736 134 468
75 747 139 1581
181 36 54 91 140 136 92 142 49 8 90 49 51 118 50 16 195 142 71 101 185 192 27 144 58 42 32 178 187 162 76 90 72 145 70 46 161 75 126 106 199 116 1 1 184 62 30 124 57 108 151 150 196 82 119 184 179 86 138 88 73 200 42 4 142 64 37 58 183 98 8 3 127 167 148 
191 166 154 42 95 87 81 109 128 197 156 98 1 136 139 161 22 136 194 8 7 124 9 26 167 199 108 178 184 98 79 122 186 32 53 61 198 192 147 152 21 92 136 116 33 155 199 98 79 95 42 125 64 86 111 103 61 69 99 137 77 146 171 66 2 26 55 192 81 119 174 89 106 22 27 
32 122 127 45 5 64 125 48 136 108 104 166 177 108 112 99 135 26 106 163 116 71 27 35 130 41 35 134 162 59 15 165 148 97 154 167 29 29 13 15 121 89 91 181 171 199 199 178 144 144 22 30 147 96 144 191 100 21 45 7 91 158 105 96 33 39 23 139 174 158 38 100 1 197 158 
19 162 76 116 58 38 117 67 50 122 40 56 3 23 98 31 115 124 146 61 158 84 110 162 21 118 130 57 104 195 51 84 22 46 9 147 56 83 84 177 194 62 5 12 29 181 72 37 182 166 21 13 188 172 141 45 179 185 131 136 190 67 1 41 102 55 8 144 119 107 52 66 57 16 27 
22 42 152 115 168 190 174 124 127 119 17 74 147 15 56 86 93 119 150 196 28 31 90 155 40 125 37 144 172 133 47 176 170 46 32 66 50 4 41 59 148 61 43 94 8 143 177 145 108 197 180 22 127 187 37 101 30 16 63 114 142 192 122 54 43 148 16 174 26 8 33 93 126 196 87 
143 111 183 162 37 81 103 180 37 34 77 180 84 13 117 117 184 116 200 125 10 108 1 167 60 133 194 132 189 101 187 60 120 22 46 47 141 79 159 111 126 198 122 69 130 12 172 117 39 128 38 22 111 192 97 40 87 163 133 178 182 79 36 122 200 35 177 86 65 167 106 134 197 144 131 
102 28 200 35 67 183 37 46 165 23 135 39 140 16 51 184 31 68 38 175 39 139 95 182 20 107 38 86 41 57 125 178 97 163 86 47 61 55 154 106 147 52 24 50 27 111 147 80 8 31 109 20 130 62 91 121 142 66 70 94 183 169 164 92 55 100 83 177 102 70 75 9 117 127 125 
10 157 133 32 131 65 95 99 99 38 98 41 79 114 56 103 66 24 36 190 1 97 82 197 36 151 143 140 115 7 192 155 151 59 73 84 59 86 30 187 189 56 73 156 172 137 116 156 194 45 111 2 143 192 15 81 57 175 56 189 185 110 99 187 32 52 53 51 8 147 104 190 3 14 123 
163 37 96 113 159 28 149 50 167 111 3 159 28 42 116 32 116 35 176 116 26 128 66 81 71 60 182 40 197 2 44 27 98 17 81 159 144 22 102 152 133 160 76 140 71 189 163 113 27 6 125 31 157 17 18 30 123 81 30 31 93 109 88 45 120 87 89 127 80 90 148 20 151 28 77 
168 27 142 57 166 190 152 4 121 117 162 199 38 161 54 111 63 92 100 13 91 183 13 98 32 153 50 104 165 180 83 41 127 135 43 50 193 14 96 76 72 184 48 1 9 42 152 53 190 194 199 79 172 102 130 146 190 170 43 61 165 181 127 148 180 181 87 124 97 161 131 80 157 187 57 
37 91 29 38 93 31 106 103 32 186 111 186 105 200 159 142 130 21 145 47 36 39 154 45 135 11 192 112 45 193 95 197 103 75 41 120 18 132 196 93 35 152 55 166 106 147 136 174 48 40 54 115 60 93 23 38 13 191 36 98 149 161 157 106 90 168 20 33 194 192 66 134 9 27 46 
95 174 6 1 180 189 4 62 82 110 141 54 22 69 97 141 11 126 91 153 116 88 84 139 142 134 31 59 110 25 96 3 122 85 26 20 32 25 181 124 14 98 7 133 189 191 113 146 49 163 96 189 197 102 34 181 39 151 20 93 198 76 93 120 51 35 59 87 34 83 143 165 108 1 106 
139 45 5 170 183 55 191 60 21 83 185 41 118 2 2 148 146 133 186 55 10 13 125 198 116 198 5 144 125 144 5 38 38 164 155 49 134 55 178 38 115 28 21 9 158 21 80 127 174 6 89 56 156 123 165 105 132 37 158 172 142 8 124 76 136 4 119 143 42 93 20 73 102 187 84 
117 30 184 89 22 180 170 186 76 52 67 190 38 118 35 8 114 111 137 14 90 24 158 131 102 34 61 127 119 200 107 75 137 136 169 118 64 130 199 41 164 199 175 118 50 110 32 110 152 80 33 144 140 52 131 192 89 130 138 177 1 99 56 199 150 121 163 121 47 9 132 153 3 123 111 
136 48 165 39 10 6 169 62 113 53 83 93 176 107 4 55 199 180 117 87 154 129 147 98 189 33 174 85 168 44 53 61 166 23 66 189 24 188 175 176 55 40 100 186 87 188 198 13 172 43 19 121 165 7 94 21 95 74 6 51 143 101 188 124 160 152 101 108 130 47 26 200 174 76 12 
191 164 57 107 187 46 9 12 160 114 162 171 107 115 103 115 137 69 55 96 22 195 157 196 96 164 22 82 65 101 178 21 82 25 139 123 133 44 118 99 83 166 196 17 178 1 94 29 170 42 105 127 54 119 94 43 152 48 148 89 106 123 160 93 73 90 93 165 40 68 3 148 138 41 159 
176 165 177 52 52 121 145 45 94 71 135 56 193 42 89 74 147 108 87 155 155 117 124 112 118 156 60 105 106 76 1 151 123 83 19 15 183 24 72 94 47 159 49 21 103 64 96 8 185 97 152 19 124 38 99 74 136 191 176 63 148 162 59 67 76 6 167 191 165 114 56 14 150 69 59 
43 62 179 107 43 129 2 173 5 181 93 39 3 83 154 197 117 108 190 96 164 19 38 27 3 101 51 104 183 85 195 56 170 137 117 141 159 56 90 74 71 92 54 193 161 117 12 199 164 14 87 95 94 92 42 9 87 5 200 19 154 87 8 112 139 193 38 4 91 179 43 41 173 9 12 
123 54 80 132 192 122 123 122 65 13 77 82 187 87 90 143 197 113 188 66 79 65 32 32 190 3 138 72 199 103 162 135 56 6 109 146 17 177 138 34 28 134 115 109 111 20 8 94 64 190 63 117 182 23 176 176 88 46 85 92 58 175 11 78 90 81 114 152 14 59 21 66 200 53 50 
24 88 193 39 60 133 3 93 88 112 31 23 16 32 7 162 100 56 114 2 193 37 35 190 194 167 9 94 129 72 148 70 140 136 199 40 1 12 78 47 73 68 175 33 149 147 162 148 22 29 82 114 19 130 8 11 100 137 41 137 120 91 103 109 116 141 168 49 164 32 61 72 56 72 107 
129 66 101 19 199 147 100 127 102 121 14 162 23 25 14 70 175 152 180 129 31 92 52 158 14 142 93 92 38 160 198 152 198 7 172 173 70 189 144 173 21 197 170 188 182 56 145 172 197 92 98 142 199 134 186 40 200 154 108 198 79 111 6 84 166 79 35 138 164 189 104 92 37 144 90 
104 133 185 18 133 114 118 52 174 75 92 51 84 53 96 6 191 186 31 5 184 46 65 164 192 154 178 3 149 115 197 157 180 26 92 176 25 32 189 173 113 187 29 161 194 196 137 8 28 169 119 63 49 6 117 128 130 72 66 103 166 192 77 47 173 163 93 110 27 72 152 144 131 76 96 
181 99 156 45 112 111 26 66 121 157 53 107 30 149 198 32 51 173 47 118 5 79 54 115 113 76 45 10 175 39 148 141 103 113 142 131 59 160 18 138 146 197 4 131 31 81 13 66 87 96 151 109 181 61 148 62 25 71 13 107 118 65 192 104 64 86 147 175 191 82 189 104 18 190 67 
57 21 36 129 59 181 31 35 149 20 197 66 129 79 113 65 88 191 195 33 106 43 114 115 180 155 105 166 58 104 193 137 95 67 158 108 90 184 83 66 79 110 127 35 127 119 117 88 175 13 72 22 47 18 68 168 36 1 183 167 55 172 197 2 26 196 80 30 50 47 113 16 114 77 123 
19 177 171 182 45 96 14 155 140 27 41 5 172 103 130 116 23 61 97 122 27 105 15 150 154 89 89 165 134 119 117 68 157 51 64 58 15 37 156 25 43 163 116 93 97 112 148 163 140 70 46 193 87 167 125 171 166 196 199 144 48 26 144 59 181 153 18 38 16 100 41 73 181 87 67 
8 71 26 173 23 171 147 166 189 191 117 148 188 119 161 184 53 196 5 80 187 91 84 86 148 18 63 199 131 145 177 174 69 98 123 59 110 190 108 63 33 151 175 19 50 148 171 81 140 196 154 56 10 106 195 147 133 35 172 100 131 186 65 144 3 42 124 77 104 129 189 17 61 54 96 
3 148 99 19 19 64 38 26 82 125 114 83 177 41 20 21 55 44 58 138 163 123 84 96 192 195 166 111 107 168 37 37 23 19 77 141 66 169 47 152 50 146 162 13 71 199 196 166 57 107 93 91 192 126 116 85 122 48 151 121 162 160 174 155 96 139 14 29 7 111 178 64 77 116 157 
130 37 139 33 60 30 196 50 78 19 96 139 158 127 70 65 22 106 151 78 159 140 12 54 107 140 71 133 84 192 189 32 16 135 87 195 113 199 34 35 167 155 20 131 175 89 25 129 140 1 145 118 133 52 73 139 154 84 78 177 77 192 56 49 90 95 130 139 200 39 149 49 101 86 43 
47 5 26 154 64 190 99 142 162 139 129 125 102 70 13 174 60 110 95 46 19 28 117 45 161 75 103 94 68 58 8 161 148 198 148 156 71 114 111 103 56 78 14 2 2 10 187 6 118 57 96 78 89 134 30 155 113 12 60 133 28 8 33 187 67 115 68 4 176 163 182 90 121 22 56 
165 185 82 175 22 13 25 48 80 103 102 118 56 178 166 54 33 9 114 21 138 134 120 131 16 197 170 68 115 114 106 48 60 4 68 198 88 7 172 200 169 23 82 26 177 67 4 38 97 179 80 173 136 11 136 5 129 80 153 62 103 72 134 85 42 151 52 109 177 187 144 73 22 154 140 
177 35 122 112 45 62 6 192 91 99 195 73 95 69 150 28 165 75 83 129 43 2 168 162 100 109 170 74 186 70 22 129 116 120 193 175 105 98 46 84 72 129 33 193 95 184 66 13 52 101 117 113 199 183 40 169 127 129 145 111 53 72 31 89 137 109 163 98 5 82 114 80 95 173 9 
141 158 102 99 85 6 10 15 46 130 23 153 23 34 126 146 75 113 57 17 9 72 137 45 113 62 137 51 26 123 192 17 28 96 195 61 140 134 157 65 43 174 80 77 125 42 95 46 125 179 161 174 120 179 68 75 187 103 133 139 87 160 14 119 49 173 5 125 179 105 93 134 147 97 78 
80 141 13 56 14 104 94 179 174 142 146 23 197 65 93 198 189 181 21 106 53 179 134 126 181 180 114 85 160 167 163 97 105 177 161 4 19 34 190 71 17 58 5 21 26 54 85 67 74 90 84 161 88 123 83 177 65 61 83 72 50 139 37 77 1 133 189 19 57 104 4 39 110 38 138 
191 173 18 197 5 18 193 189 168 65 1 121 200 150 165 94 133 178 176 152 183 15 180 181 48 41 194 90 30 183 131 96 24 136 70 181 124 36 172 33 60 60 58 184 148 111 164 182 16 86 20 45 120 173 20 156 43 169 164 72 176 130 124 79 131 53 88 131 107 48 121 12 65 141 162 
54 72 146 143 69 99 150 72 66 11 130 175 105 99 39 111 86 58 128 38 36 178 62 87 176 53 189 165 156 114 149 163 153 68 7 39 13 139 56 31 64 116 19 46 199 20 143 43 92 178 180 121 44 145 89 118 57 184 46 159 124 128 69 177 80 12 52 86 150 59 28 83 141 89 177 
186 168 19 153 72 19 84 85 20 124 157 62 107 7 38 157 131 197 165 14 3 31 83 199 62 140 116 11 37 179 98 83 185 181 73 118 42 130 52 128 39 39 156 99 119 26 173 179 10 168 160 15 139 143 190 67 168 12 151 106 157 35 35 128 24 163 7 173 15 58 141 42 172 24 189 
43 77 54 150 133 20 39 128 60 85 46 182 184 57 6 35 41 49 60 162 14 31 172 127 60 138 91 183 27 159 80 70 56 142 100 43 173 107 24 119 25 147 62 73 89 12 21 154 122 147 190 73 138 150 181 75 114 198 60 84 152 88 139 5 102 154 156 104 172 185 95 95 64 127 139 
125 135 89 121 191 178 111 38 191 173 180 28 144 182 55 146 105 147 57 60 102 87 100 15 61 49 19 137 50 8 53 55 158 164 200 44 44 167 169 172 111 17 8 64 122 93 5 104 24 77 143 196 87 96 8 6 6 37 106 147 72 145 166 12 87 102 26 80 85 4 6 51 165 141 135 
190 178 137 9 184 38 183 100 55 169 170 140 22 148 1 200 97 160 78 74 57 87 48 4 50 100 97 26 39 11 77 161 124 79 112 63 84 82 117 51 162 136 139 78 49 116 177 76 44 12 194 60 160 195 121 37 72 25 114 122 53 22 167 15 70 144 131 167 123 188 138 102 101 47 152 
185 2 90 42 150 29 33 83 87 189 122 134 80 54 10 44 38 91 105 138 20 161 30 99 150 117 39 92 120 48 127 175 112 194 94 30 149 42 46 60 185 126 28 118 3 17 82 161 33 152 62 126 8 143 161 176 100 36 15 90 194 15 106 154 81 5 48 164 50 81 89 102 186 113 167 
17 47 186 55 34 190 126 110 64 99 64 113 183 179 140 182 169 162 197 156 112 113 20 142 187 191 129 127 42 15 79 74 87 77 173 182 92 124 140 77 67 147 159 146 81 133 143 170 81 69 113 55 95 187 42 180 11 124 21 100 31 120 73 22 72 12 25 98 41 32 101 39 134 141 200 
177 189 109 188 137 99 88 117 125 9 36 97 44 127 179 89 15 62 38 166 43 174 12 117 92 164 59 145 186 58 90 70 57 85 83 180 55 79 42 183 66 188 71 21 173 39 160 137 70 20 174 200 135 139 27 37 32 117 20 101 92 59 95 168 87 172 24 141 182 48 150 111 3 7 194 
62 87 191 88 28 151 185 113 9 178 106 98 170 129 171 174 122 185 74 90 151 52 91 180 47 26 6 112 122 101 168 36 62 140 22 186 17 71 143 197 107 174 105 97 177 118 167 12 166 37 107 40 40 107 113 18 114 33 193 15 96 38 195 7 96 4 121 174 185 64 112 74 42 96 109 
29 112 118 51 200 138 168 199 29 80 200 144 61 163 126 112 10 2 50 71 159 4 24 21 191 194 87 44 121 60 80 197 103 51 73 173 15 193 142 86 27 147 160 63 67 184 106 143 92 84 31 71 91 144 109 150 130 1 49 37 106 78 93 45 188 145 98 69 54 160 108 166 103 150 185 
15 13 131 44 188 160 87 51 21 156 153 43 11 68 4 73 163 80 60 175 198 118 162 125 171 140 90 163 140 129 53 6 63 129 105 25 24 180 179 98 11 63 147 132 42 175 100 199 14 29 111 7 112 64 193 19 87 160 132 95 4 17 115 75 161 74 15 92 149 157 184 62 24 9 53 
29 161 68 55 92 111 113 186 148 122 180 179 6 119 126 96 168 1 172 186 163 95 92 123 23 154 18 54 5 2 182 184 160 64 4 182 117 48 163 110 160 139 47 200 34 5 138 96 162 89 27 28 188 172 28 16 196 6 137 108 165 108 97 17 187 68 83 119 100 119 40 84 199 20 197 
166 55 189 120 184 123 53 11 154 178 60 89 159 67 121 140 159 172 89 133 45 120 156 135 135 50 194 188 63 190 121 84 190 11 70 146 187 12 102 129 14 14 140 194 127 28 43 18 189 44 160 41 57 50 128 85 165 78 21 72 151 33 7 39 134 89 99 197 75 24 57 144 5 95 128 
41 43 15 33 138 28 7 100 40 133 189 188 36 173 124 126 114 115 155 122 47 93 160 143 187 128 4 23 192 139 30 1 31 143 43 109 53 148 128 168 171 22 200 29 12 47 195 172 131 186 139 152 179 16 185 173 174 151 177 99 112 86 3 37 196 103 183 88 101 129 97 152 123 140 5 
162 189 130 123 156 122 117 48 168 164 112 60 96 188 177 117 145 6 38 42 69 155 108 21 172 21 162 127 176 77 163 21 51 61 131 175 78 98 177 6 135 192 160 66 77 116 112 102 99 127 89 166 129 171 11 199 31 34 101 47 61 34 32 73 88 5 27 130 28 94 198 69 200 33 151 
156 170 170 190 66 111 52 176 139 54 36 178 186 128 100 89 4 62 77 3 47 43 102 48 51 143 145 54 139 180 57 30 164 22 158 5 160 9 75 24 169 54 43 116 24 175 106 108 78 33 194 62 123 97 110 111 23 111 60 9 75 4 7 183 157 131 83 7 54 169 104 96 17 53 29 
46 133 121 38 86 116 47 111 95 30 195 6 1 73 122 10 95 110 49 166 85 99 54 126 89 146 172 19 154 169 138 90 63 40 86 35 102 92 44 15 19 133 27 103 182 19 193 112 98 72 42 37 148 40 60 161 124 48 83 113 132 120 146 3 199 46 75 192 15 91 76 193 144 56 38 
33 36 185 101 131 121 180 44 144 145 146 124 124 25 164 177 136 199 45 116 166 191 73 24 103 111 88 77 48 116 198 90 78 98 62 68 55 11 30 88 34 169 134 136 148 182 53 20 118 151 97 147 9 184 69 28 126 191 70 117 130 115 178 72 90 181 3 118 72 109 2 177 172 59 132 
108 132 113 12 65 71 187 181 179 145 181 164 66 26 72 49 37 184 83 46 16 60 139 9 109 87 78 139 160 130 90 101 127 170 101 111 61 168 157 57 110 182 9 127 160 195 122 49 153 90 168 170 114 57 10 148 34 148 69 109 164 30 83 127 179 58 83 128 27 197 37 47 186 121 196 
109 19 118 40 81 28 163 111 18 102 154 166 156 85 72 66 4 14 113 192 133 47 194 118 151 142 156 133 4 153 163 143 80 194 5 131 80 146 49 89 145 74 65 25 116 12 174 170 27 198 53 47 36 123 149 117 200 76 92 111 180 19 31 21 87 18 171 119 196 32 126 46 14 188 111 
47 162 63 113 93 78 160 58 77 105 75 65 23 172 158 57 56 189 74 129 115 68 82 153 185 194 148 74 70 45 15 164 184 91 93 42 195 179 129 42 26 152 79 72 159 11 20 126 119 165 33 164 34 57 36 2 97 145 6 141 95 157 183 16 151 31 198 26 96 176 89 69 84 135 182 
40 1 173 25 52 74 82 89 94 184 49 16 100 132 32 5 124 3 115 7 185 157 179 57 70 130 119 30 184 29 164 161 188 198 78 54 42 57 46 52 195 78 151 9 44 56 123 154 83 88 88 198 152 118 193 51 10 134 35 180 37 181 153 167 184 142 104 17 71 113 193 124 143 65 152 
5 3 187 35 41 121 118 96 32 10 175 110 168 199 59 113 174 174 145 78 193 16 178 142 178 132 17 129 74 196 197 6 198 9 33 162 137 80 182 134 147 63 108 173 126 146 183 78 180 7 29 9 34 88 84 32 157 150 120 175 35 150 37 62 27 2 191 151 96 58 30 110 59 90 50 
28 195 148 145 107 160 45 91 159 52 30 191 63 111 63 10 150 68 121 63 28 67 134 140 175 106 23 110 41 46 67 34 176 27 31 161 32 83 154 49 171 32 151 22 94 46 187 37 131 155 157 81 148 133 142 81 159 1 99 167 151 157 94 86 50 44 9 81 110 103 168 79 192 134 45 
24 193 196 116 72 153 162 94 163 115 58 53 92 7 69 138 181 117 161 93 30 109 163 41 134 134 62 177 90 32 197 134 167 26 88 89 43 103 155 94 148 70 67 37 91 115 149 112 53 150 40 87 193 166 12 50 194 78 40 55 180 48 161 112 165 111 153 118 174 171 69 55 131 122 133 
38 147 81 111 92 126 126 19 23 86 82 8 121 61 188 76 118 45 68 153 1 47 131 104 15 18 24 78 12 80 175 91 159 53 96 132 91 107 186 147 196 134 71 127 140 117 114 53 107 24 110 161 126 108 178 75 77 31 174 27 132 14 179 130 83 133 108 172 1 174 146 106 178 152 121 
1 79 157 137 176 39 193 173 40 63 84 59 117 85 6 108 116 149 166 148 77 186 88 117 21 80 37 57 61 185 157 179 69 148 117 50 22 55 130 94 176 62 130 80 45 21 82 119 144 72 61 133 197 128 122 112 64 181 118 22 102 94 127 68 52 172 189 97 165 4 20 168 123 27 12 
50 122 149 132 187 181 13 92 138 187 171 5 87 193 55 181 57 65 111 107 114 182 49 68 97 58 49 90 86 197 4 107 127 196 118 177 28 58 61 113 108 185 76 12 188 155 153 29 156 19 39 159 116 65 114 64 68 65 54 93 165 40 124 158 64 114 20 38 156 58 196 38 191 74 160 
81 167 167 160 169 120 115 184 93 47 164 175 29 4 141 198 120 25 189 93 8 164 22 107 151 86 13 50 21 102 159 100 124 74 115 97 158 200 28 86 110 30 110 135 157 85 186 191 115 137 113 194 55 136 162 26 58 197 144 84 177 91 186 152 140 40 128 142 145 8 132 65 189 119 134 
134 14 33 123 55 101 97 174 90 82 22 68 13 44 195 31 76 173 103 48 180 9 34 24 185 200 153 6 95 17 109 41 192 161 140 125 70 74 71 11 193 15 101 105 1 26 177 154 159 63 61 175 34 32 122 3 50 60 5 40 81 55 142 171 41 21 10 8 62 52 140 100 39 55 36 
82 85 177 190 104 125 79 189 156 129 22 37 87 115 5 19 114 87 56 190 86 139 53 133 88 92 109 133 133 60 21 55 82 179 25 103 46 69 37 93 78 200 176 43 13 50 186 13 86 118 83 114 194 107 40 94 197 1 160 45 174 125 39 22 20 192 17 70 194 21 200 45 16 132 22 
182 161 4 83 11 11 132 50 181 33 48 152 63 122 15 50 156 162 178 89 31 85 36 83 136 172 82 127 182 180 166 21 181 100 10 37 68 116 135 105 184 61 107 137 153 108 57 32 124 134 177 103 133 174 61 131 46 123 123 54 129 192 130 104 79 189 5 136 174 20 81 74 24 180 148 
160 89 147 12 1 3 70 70 21 68 23 125 89 146 108 172 78 7 119 156 89 28 59 67 10 37 91 40 200 198 198 115 25 142 72 169 91 12 29 16 154 74 61 180 91 138 37 195 194 114 129 10 159 93 191 20 12 197 180 174 25 17 109 121 91 146 191 196 106 131 121 30 72 114 140 
14 108 35 33 64 181 92 112 101 51 118 79 146 184 36 106 77 148 91 104 180 36 67 109 185 191 181 82 133 8 18 107 163 84 140 106 75 178 33 151 50 27 60 158 193 50 137 197 35 59 154 193 191 189 173 192 23 51 173 13 183 106 32 105 155 183 42 9 133 137 98 28 23 10 150 
131 190 23 178 180 27 55 28 49 5 13 99 4 8 115 38 187 196 10 25 38 92 13 73 20 150 195 170 128 159 101 180 49 49 84 110 144 73 103 17 35 166 184 135 138 160 176 25 128 39 7 27 132 150 139 197 149 149 63 16 1 173 180 137 17 95 48 162 152 180 57 52 154 161 7 
142 74 67 98 24 134 181 174 19 11 151 104 121 128 191 109 47 183 179 67 65 40 21 181 176 199 103 30 145 7 98 95 136 39 42 191 26 123 21 83 111 75 37 90 118 109 45 143 107 121 162 51 185 95 143 32 68 175 152 26 73 35 168 46 185 141 135 21 35 134 57 96 110 179 200 
163 52 158 83 145 102 156 190 62 3 5 26 197 143 166 143 88 51 112 70 38 31 36 13 182 196 189 159 72 113 134 114 9 57 43 180 7 127 178 105 33 118 37 5 164 46 83 15 96 105 161 148 166 115 38 1 138 68 97 168 175 87 131 54 155 192 63 72 1 178 170 15 42 104 179 
146 144 72 149 170 16 17 154 134 28 19 56 79 198 4 193 102 115 62 118 29 160 12 21 177 128 72 104 76 105 128 150 42 31 24 102 153 66 142 100 183 140 141 78 88 77 78 174 18 86 180 78 96 188 179 152 18 190 175 109 185 34 67 141 166 157 67 46 166 46 138 49 183 141 191 
146 183 147 182 186 135 123 120 156 91 79 145 119 131 95 108 165 11 75 160 43 72 171 148 125 130 53 93 39 75 127 169 122 67 60 12 1 81 63 28 132 138 184 192 101 84 155 103 52 136 160 19 88 72 97 123 3 163 163 82 45 89 174 10 14 123 14 108 58 125 24 5 184 171 61 
114 73 120 14 20 44 18 1 127 52 172 108 9 146 59 105 164 102 130 97 76 62 94 31 168 153 188 185 159 135 160 171 128 197 121 17 134 176 129 178 184 185 175 26 193 170 197 145 134 16 168 47 45 68 3 35 69 157 38 183 23 142 147 147 66 17 63 63 21 70 191 35 93 95 189 
182 26 41 192 21 186 56 117 69 35 186 62 184 171 33 181 29 185 82 78 84 130 75 67 28 39 115 175 151 182 156 165 52 146 152 42 181 17 19 179 86 190 21 196 169 30 137 157 154 158 18 73 184 22 150 190 93 84 81 109 135 166 131 143 1 145 21 167 9 83 150 148 44 138 41 
145 72 95 72 32 55 124 71 25 160 74 41 33 95 188 103 52 98 20 9 88 10 151 26 34 168 45 184 187 125 146 27 107 49 74 107 41 56 66 15 190 197 164 167 127 84 112 182 61 88 79 174 61 8 192 144 189 6 70 175 64 136 198 194 20 54 91 67 174 164 18 38 187 115 109 
