50 6
0
0
1 1 66 1
2 3 47 285
3 6 95 -184
4 11 64 523
5 13 163 339
6 13 130 1053
7 16 178 -340
8 22 72 166
9 27 97 27
10 33 94 409
11 48 53 472
12 60 133 60
13 79 7 65
14 81 55 301
15 83 28 139
16 94 55 314
17 98 181 1546
18 103 119 817
19 103 136 919
20 106 155 726
21 119 155 -191
22 120 150 1320
23 130 160 130
24 150 122 638
25 153 92 521
26 160 38 84
27 179 146 1055
28 189 112 189
29 189 84 189
30 211 168 211
31 218 182 1674
32 222 45 312
33 223 120 463
34 224 20 384
35 240 62 364
36 243 80 403
37 247 64 247
38 248 115 708
39 251 94 439
40 255 134 -13
41 263 116 31
42 270 33 468
43 279 164 1591
44 284 159 920
45 296 39 452
46 304 34 236
47 315 44 579
48 316 141 880
49 328 146 36
50 331 179 -27
176 68 37 27 21 181 16 7 111 71 160 67 35 59 150 147 82 148 186 40 146 94 17 132 31 139 165 87 129 37 190 44 128 21 31 187 77 26 163 16 70 200 3 19 185 72 164 100 32 83 
154 55 165 142 157 112 169 34 48 9 75 189 63 53 194 124 146 60 122 73 105 100 177 105 188 164 69 22 92 59 86 5 188 48 108 173 118 146 123 158 151 31 174 164 183 140 23 164 130 32 
12 127 139 110 116 92 97 195 92 104 5 120 6 188 131 41 79 49 193 14 37 54 89 86 194 3 55 179 68 48 188 155 74 167 109 168 197 101 105 189 38 159 30 8 69 34 184 70 2 97 
40 61 2 97 71 25 147 199 174 121 18 112 148 117 165 166 37 79 76 106 94 102 16 1 83 30 98 28 193 150 92 188 148 49 5 37 100 97 52 7 146 22 157 100 166 99 26 58 49 132 
34 13 176 56 141 173 7 45 125 100 133 198 5 120 144 123 11 78 181 47 51 38 197 163 144 117 149 155 14 85 189 119 111 9 187 8 31 176 149 27 41 62 135 81 113 112 82 2 4 6 
100 130 31 149 67 139 76 72 35 155 22 36 131 53 138 23 147 198 27 154 33 162 123 190 191 178 188 57 200 120 26 56 141 129 34 109 25 149 149 96 18 179 81 120 153 173 24 116 52 175 
36 28 140 127 106 17 43 93 58 171 175 127 62 199 178 94 7 80 139 18 39 170 61 64 67 36 89 68 10 27 36 9 12 60 32 199 29 104 69 44 185 169 68 157 132 143 85 148 82 39 
138 147 80 36 24 165 37 110 153 71 166 139 16 145 139 71 171 12 158 87 189 68 162 80 36 145 107 64 163 104 53 19 191 122 107 162 117 57 73 180 152 125 123 171 152 88 81 53 150 63 
3 74 99 44 192 174 150 105 155 135 134 91 93 166 47 5 47 181 123 55 190 45 108 170 82 47 175 151 141 49 192 163 117 126 33 9 88 89 106 195 139 73 7 157 171 152 77 131 158 58 
43 197 49 63 54 139 184 179 117 196 132 136 21 88 44 17 133 90 8 37 121 18 102 194 161 4 158 161 38 194 21 48 122 3 109 177 184 145 4 177 99 123 46 47 128 158 83 163 51 22 
76 108 148 24 68 56 40 10 140 162 137 50 17 38 55 124 94 120 93 144 97 101 183 155 135 12 133 187 119 102 166 122 187 37 48 14 119 109 193 190 3 127 129 191 55 38 72 130 120 163 
81 131 15 107 129 151 16 68 173 99 7 158 145 78 145 74 82 89 91 16 38 67 132 45 104 165 188 67 186 30 121 55 29 174 167 71 162 116 112 147 124 48 192 92 89 187 177 107 177 145 
109 40 113 38 32 93 5 65 88 198 84 66 174 85 54 77 90 32 67 52 140 9 1 149 159 167 50 40 100 70 109 80 135 76 158 157 98 110 53 65 139 159 81 108 147 97 191 9 148 185 
44 5 148 69 177 48 21 157 115 62 117 120 48 109 58 76 91 166 28 123 19 137 75 28 178 122 31 71 82 23 141 195 79 103 49 164 200 79 188 96 91 172 163 84 40 81 17 151 3 31 
137 65 3 56 187 47 10 55 117 87 169 39 102 99 12 10 17 29 71 109 59 191 49 6 71 37 171 28 112 172 14 131 90 176 170 157 149 108 114 25 110 167 88 130 154 155 102 66 159 76 
56 196 36 119 91 38 195 81 89 97 156 31 61 69 156 65 169 5 113 102 29 48 5 114 18 180 167 110 79 101 32 7 25 176 53 105 29 188 11 200 185 122 128 30 167 8 42 195 53 154 
96 3 116 138 143 149 72 80 25 132 187 40 171 139 173 48 20 34 151 29 163 188 88 131 174 79 62 42 5 106 4 61 114 13 176 111 122 76 185 102 157 76 77 37 112 22 181 84 9 37 
141 167 16 142 191 83 7 185 159 144 39 70 112 160 92 60 25 40 146 126 89 189 148 24 13 143 101 41 162 198 49 48 17 142 108 152 198 64 14 88 104 16 28 88 23 147 175 37 115 80 
78 129 79 159 87 85 110 95 187 129 19 23 16 99 47 156 153 115 105 175 172 190 43 25 187 5 6 33 168 130 9 3 60 28 161 46 107 90 124 28 12 92 190 178 153 74 192 168 200 16 
153 190 14 95 134 66 138 146 24 145 189 118 100 37 32 160 2 186 118 134 175 103 188 123 126 152 71 178 95 151 30 48 109 29 197 137 46 91 9 169 200 170 46 184 178 100 14 124 109 101 
71 49 100 71 149 117 7 172 90 98 82 121 150 50 104 112 43 145 114 179 1 47 164 87 2 140 78 199 117 174 67 71 143 31 52 42 99 135 100 167 176 102 128 137 88 25 164 26 125 157 
158 187 186 83 37 91 104 11 43 180 51 176 70 152 194 87 195 98 151 138 152 47 167 124 121 4 193 178 145 103 126 71 128 50 102 123 123 1 55 125 79 157 187 183 135 170 193 67 38 127 
15 124 63 42 132 52 36 30 12 100 195 127 112 172 140 161 199 3 168 18 98 94 18 11 53 64 169 83 101 66 159 151 155 174 149 107 168 195 123 23 171 88 184 17 122 191 120 21 80 48 
10 137 196 58 134 154 163 179 183 71 106 135 173 2 36 112 72 149 19 50 186 61 31 177 91 81 16 160 172 92 78 91 37 12 57 100 64 21 40 37 40 57 29 73 8 192 91 132 199 34 
20 34 25 137 89 81 173 145 104 59 181 129 174 154 121 6 44 39 84 98 3 103 92 73 47 25 20 173 35 137 61 104 84 128 186 83 1 46 134 113 60 172 74 199 72 157 189 110 129 189 
200 37 123 13 151 40 24 114 98 61 100 65 27 17 115 103 47 105 11 6 183 94 98 48 43 168 125 111 152 186 31 87 188 67 170 25 129 194 120 47 143 193 36 130 56 121 27 119 177 78 
52 161 63 14 151 116 31 108 107 176 154 123 177 133 131 135 53 148 23 152 121 24 29 148 10 81 156 44 74 105 3 139 24 145 28 128 189 157 189 37 148 152 128 150 58 34 167 29 44 158 
154 129 129 195 4 9 149 106 180 35 64 183 153 132 143 70 134 61 105 95 177 47 98 199 159 62 189 99 129 127 61 115 90 93 129 17 66 18 168 156 76 92 76 50 60 29 99 177 51 135 
168 115 99 166 179 187 170 73 109 10 155 11 19 143 131 185 198 40 117 11 130 2 136 16 143 51 56 51 156 72 46 85 103 67 131 158 87 172 124 30 52 198 38 41 40 128 194 53 32 94 
83 64 4 147 105 53 55 128 101 130 112 47 11 28 56 12 28 69 64 57 82 113 156 181 7 158 105 152 125 156 84 28 34 176 39 121 185 129 59 49 90 90 200 161 54 128 141 133 8 8 
90 57 178 22 152 194 182 120 147 127 65 120 21 79 164 151 108 177 166 123 103 198 59 143 191 153 81 199 129 66 189 69 137 48 154 42 177 31 198 131 51 94 101 197 40 75 110 199 151 145 
137 196 75 93 111 105 175 6 104 16 148 157 157 35 155 154 122 12 172 21 179 101 183 131 174 67 193 1 64 27 144 173 102 133 6 191 76 184 38 97 96 62 135 78 132 3 54 73 48 108 
2 101 141 176 7 105 189 34 135 50 174 26 86 156 178 29 114 39 192 48 96 78 110 193 74 106 19 173 150 13 104 154 192 156 117 114 52 53 174 71 113 60 76 185 78 164 55 99 157 43 
156 99 89 111 61 95 119 112 166 120 69 8 121 162 47 16 87 26 59 108 17 197 177 36 186 62 142 50 175 37 68 12 120 134 4 10 34 1 43 192 96 79 128 148 96 56 31 153 161 118 
56 171 113 73 119 75 119 69 63 14 24 104 133 140 31 57 190 16 121 66 183 117 9 32 124 33 10 41 67 15 64 101 17 12 169 177 51 184 89 60 3 31 188 132 116 165 38 138 188 74 
83 19 193 116 43 59 25 158 168 96 43 86 184 148 115 108 100 82 42 4 193 118 30 55 18 22 23 53 136 51 198 94 63 33 156 37 45 36 5 11 85 190 2 109 191 21 29 163 188 173 
155 41 138 37 191 106 22 162 116 62 2 165 149 60 191 89 122 74 88 197 106 22 198 107 92 5 26 7 118 112 25 180 81 11 146 82 181 78 123 174 5 142 128 35 14 22 41 72 76 4 
19 73 196 137 147 78 187 35 109 80 154 10 108 179 113 14 60 191 130 161 96 15 120 83 147 86 120 199 137 32 134 15 69 43 9 154 100 78 19 10 119 101 116 178 138 142 174 142 112 18 
142 9 164 143 101 28 178 100 18 8 101 82 191 55 96 160 10 146 70 150 73 119 18 95 93 177 111 113 109 182 130 39 80 28 115 50 149 187 101 119 123 161 62 68 50 25 117 92 102 81 
1 182 72 1 98 63 36 18 4 195 125 198 21 47 59 40 142 166 50 142 53 61 101 11 133 85 104 115 136 112 199 63 145 174 93 85 90 38 29 1 158 169 150 39 100 158 147 17 185 168 
135 145 183 124 66 167 166 106 145 181 144 196 80 55 146 172 93 40 42 147 15 124 53 168 111 134 28 197 123 186 126 194 42 169 93 101 99 131 142 119 53 48 187 127 61 140 51 110 90 179 
144 183 163 152 57 6 185 40 61 113 94 44 12 167 6 126 39 126 16 159 178 58 15 45 44 163 171 181 161 154 53 132 92 37 142 195 163 8 91 40 149 72 195 55 69 129 84 145 50 67 
140 176 21 85 192 136 4 79 81 31 71 165 51 124 157 111 123 144 76 63 36 116 88 10 179 81 46 3 149 59 181 15 17 144 2 28 89 108 121 96 95 39 22 20 69 35 67 183 49 91 
158 13 194 173 12 126 105 182 152 82 38 11 144 60 176 43 162 108 179 124 113 74 156 83 199 128 154 150 130 159 134 190 38 72 67 185 57 81 66 2 97 50 144 159 4 60 41 54 43 181 
77 82 117 133 1 73 19 65 155 105 182 78 80 146 124 157 16 107 77 137 25 74 144 67 180 73 7 183 51 83 95 195 138 148 84 153 137 2 138 72 154 36 74 65 122 168 188 43 21 184 
7 96 115 102 7 181 45 168 21 174 145 64 46 193 178 63 75 176 135 165 115 57 175 195 33 41 35 115 194 112 109 159 163 124 103 190 44 83 45 154 125 105 146 24 132 88 161 93 131 153 
23 158 72 70 129 109 185 156 87 15 87 5 195 172 146 20 194 125 89 191 84 64 83 65 141 115 106 112 196 70 159 109 175 19 136 199 53 160 63 45 153 78 69 65 73 112 19 52 22 123 
162 161 94 4 112 194 61 196 1 133 126 108 139 184 114 141 83 50 85 185 82 152 168 141 59 87 87 82 66 76 140 154 22 12 116 24 26 137 30 92 66 78 153 33 87 56 56 57 46 153 
190 53 182 23 70 104 66 115 40 170 127 132 184 52 68 34 79 55 150 68 13 126 134 178 157 121 98 129 151 9 15 73 49 100 26 154 47 28 17 148 185 80 40 81 64 182 121 134 131 51 
21 148 159 48 108 90 5 106 131 71 143 41 6 156 163 104 151 55 116 178 40 143 177 122 178 44 102 196 104 167 74 200 125 186 35 175 77 4 19 68 49 36 10 148 2 86 30 196 42 48 
80 70 83 142 116 182 169 2 52 182 10 35 200 31 4 129 123 71 139 176 195 18 62 77 198 70 14 180 51 8 186 163 132 165 26 91 78 71 131 92 64 114 173 35 94 193 3 38 180 50 
