100 6
0
0
1 3 157 631
2 4 57 4
3 22 129 280
4 31 38 259
5 47 36 119
6 52 160 372
7 59 144 923
8 62 60 -58
9 70 10 50
10 75 4 83
11 78 8 110
12 83 122 815
13 86 11 108
14 94 181 1542
15 99 15 69
16 99 44 363
17 108 53 2
18 115 54 547
19 122 59 240
20 126 141 408
21 139 132 667
22 146 151 146
23 163 4 163
24 165 158 797
25 165 122 1141
26 175 112 847
27 176 177 884
28 190 12 214
29 198 192 198
30 204 74 648
31 205 38 205
32 206 44 382
33 215 175 215
34 220 72 364
35 243 11 331
36 268 58 732
37 272 36 560
38 308 184 308
39 324 45 234
40 332 154 640
41 343 11 431
42 352 60 592
43 352 52 768
44 354 91 354
45 357 163 1335
46 358 199 1552
47 365 164 1349
48 365 181 365
49 367 58 599
50 369 172 713
51 378 162 378
52 394 58 394
53 399 187 1895
54 401 76 553
55 403 36 475
56 411 50 311
57 416 77 262
58 418 58 534
59 420 9 474
60 420 120 180
61 426 81 588
62 430 23 522
63 436 45 436
64 439 135 709
65 445 13 523
66 448 3 448
67 449 79 607
68 449 180 449
69 467 18 431
70 498 71 356
71 510 72 510
72 512 32 768
73 522 193 908
74 523 174 871
75 523 162 523
76 524 170 1204
77 527 41 609
78 534 81 372
79 539 139 1651
80 554 51 860
81 559 140 559
82 568 131 1616
83 571 16 571
84 578 111 1244
85 588 119 1064
86 591 47 779
87 596 86 940
88 597 59 833
89 604 152 1212
90 609 59 491
91 611 119 849
92 629 154 1553
93 630 152 326
94 632 115 862
95 641 167 641
96 642 20 642
97 642 31 580
98 653 160 1933
99 655 118 1363
100 663 135 393
171 188 33 26 83 67 188 51 172 172 46 32 134 108 127 147 173 90 82 106 110 56 147 134 200 175 153 36 69 19 46 173 104 55 195 157 147 30 104 76 196 140 23 119 79 178 86 136 108 139 33 81 81 26 136 73 60 149 191 139 102 144 152 82 130 169 199 62 51 11 134 105 195 14 158 59 175 111 108 98 30 105 62 199 131 130 168 166 174 74 158 29 70 86 41 200 157 136 148 76 
73 40 129 151 191 197 186 143 81 73 17 114 140 139 115 95 63 22 159 66 183 154 98 15 45 121 167 64 163 80 35 82 184 169 152 50 53 64 54 92 140 183 130 63 92 152 36 145 88 161 156 12 11 119 84 101 8 124 108 76 45 128 48 161 27 2 117 41 151 104 79 115 41 55 125 141 191 33 34 52 33 160 13 129 189 41 81 25 107 164 149 53 23 39 194 57 143 19 80 130 
183 162 200 56 131 172 113 126 94 40 88 39 36 96 33 149 68 141 83 56 180 96 152 155 136 83 161 199 117 96 26 167 18 114 58 186 82 152 129 17 70 61 105 94 10 77 10 37 157 36 138 67 169 95 99 83 62 187 105 128 127 120 1 172 26 122 188 47 32 97 165 157 61 69 164 20 103 94 88 176 193 68 197 2 194 3 30 24 73 200 170 11 161 156 45 61 162 17 54 28 
105 183 150 110 134 103 36 77 34 96 142 8 177 162 88 72 105 164 67 171 12 101 200 151 10 158 97 109 155 184 78 86 56 130 120 138 82 4 82 61 119 59 51 65 129 138 183 189 113 13 96 42 60 37 143 50 2 68 191 199 67 135 111 171 35 77 127 126 113 38 109 154 81 180 146 40 174 167 81 147 193 196 118 199 41 137 125 44 123 102 48 79 62 88 63 138 155 3 69 68 
21 101 60 40 43 169 117 67 173 14 141 15 39 97 177 16 77 37 90 145 105 92 173 146 160 31 14 190 116 23 103 190 112 1 72 23 182 104 12 107 83 9 60 56 136 190 187 86 160 6 9 39 72 9 182 162 36 189 98 138 142 113 109 66 14 23 51 196 1 134 173 43 186 5 98 121 132 35 126 7 14 142 178 136 76 192 10 53 137 125 49 138 42 31 39 88 96 129 14 66 
12 183 62 74 11 152 138 92 90 110 87 73 103 93 188 125 194 14 128 87 68 160 112 2 24 153 54 148 124 193 193 37 148 171 74 110 156 4 147 174 102 59 152 192 34 11 5 88 81 181 62 163 157 139 198 43 50 154 200 146 185 50 58 16 93 9 8 87 123 117 8 164 194 105 188 103 6 33 40 5 70 154 176 122 91 64 97 130 79 149 194 197 131 4 162 182 58 175 46 112 
97 142 44 49 95 116 117 15 155 116 38 196 39 10 15 44 61 111 104 129 132 136 183 94 148 145 13 144 173 86 33 50 187 184 37 178 105 87 31 92 60 67 51 29 57 97 190 46 77 133 9 13 3 10 172 70 115 135 18 25 72 138 94 13 190 145 97 141 45 118 78 22 68 55 200 183 126 179 188 9 54 77 26 12 88 18 47 124 8 164 68 99 130 31 16 28 117 25 128 182 
165 91 89 194 176 129 52 15 13 171 51 111 50 87 109 171 91 149 56 156 81 120 76 80 61 122 6 41 157 67 20 135 65 152 84 64 166 64 172 68 9 86 173 140 157 53 75 34 195 85 85 33 153 21 182 77 26 192 108 117 20 188 96 180 103 167 184 43 27 25 3 45 185 172 158 113 60 21 153 122 40 17 62 177 65 20 6 135 12 106 68 117 190 85 62 102 43 169 49 188 
160 3 154 97 129 110 95 94 62 172 158 85 66 104 146 164 69 112 168 195 164 111 126 138 134 4 189 94 51 149 122 91 190 41 144 83 97 87 192 55 3 87 111 61 19 163 79 18 74 155 94 197 37 176 26 56 152 97 62 15 47 15 157 199 6 108 147 90 56 82 20 34 103 189 151 25 131 28 14 50 141 107 56 198 25 101 90 126 127 133 127 148 55 92 19 72 144 120 167 23 
147 66 143 145 157 80 117 170 74 144 19 39 132 113 4 161 192 64 62 7 193 117 27 168 73 193 172 188 60 151 156 190 74 157 98 120 61 113 128 143 12 43 48 116 36 170 147 35 67 186 113 10 75 145 51 121 195 176 28 187 124 127 173 198 18 25 43 122 10 9 23 40 193 163 153 26 173 147 194 71 200 93 97 63 94 159 72 168 149 122 46 76 159 182 77 77 21 73 114 67 
178 60 165 101 14 2 169 91 108 31 160 125 85 55 79 76 62 199 135 50 23 104 168 80 21 86 160 87 14 1 133 107 36 25 195 101 154 180 132 26 151 109 58 40 31 132 148 174 66 56 190 92 169 72 186 77 63 195 14 82 110 59 106 90 144 173 21 38 137 22 60 92 158 170 179 179 84 101 155 45 185 49 157 35 78 93 65 123 178 168 134 64 132 176 31 117 63 114 107 59 
100 54 34 138 31 95 54 50 51 95 134 46 42 79 133 83 166 77 107 197 113 157 139 10 75 118 36 195 164 32 93 120 116 128 162 25 114 127 60 73 99 184 51 193 118 189 3 171 97 188 131 69 137 171 70 43 8 49 90 94 80 108 43 144 147 38 25 131 158 150 200 161 43 151 65 96 89 153 52 157 3 91 156 107 115 43 111 157 139 86 187 140 179 32 1 165 151 3 147 167 
14 60 186 187 167 89 57 72 72 116 47 66 121 20 130 107 173 144 180 69 31 186 137 27 8 111 167 138 6 164 3 137 165 119 183 122 71 12 157 22 7 194 128 20 146 62 12 4 126 148 85 194 170 60 69 154 105 25 44 88 147 123 24 32 126 118 109 1 149 54 183 12 162 100 144 17 24 106 174 115 157 137 112 167 155 31 28 133 74 108 47 148 13 177 139 1 148 84 129 43 
3 132 174 37 8 139 68 11 165 9 82 89 50 37 43 72 92 62 131 18 184 30 69 7 82 8 194 167 86 29 85 190 4 79 196 25 136 101 101 54 173 198 26 10 128 101 154 191 120 160 97 121 107 163 200 135 95 147 46 130 57 130 79 95 78 200 79 94 179 5 10 86 94 83 98 163 115 60 173 8 161 50 109 162 106 107 134 134 182 181 179 23 40 35 39 119 135 186 72 24 
122 99 172 200 63 2 5 107 185 54 169 85 105 83 106 172 65 56 40 102 53 1 44 15 55 155 171 154 199 176 192 178 10 153 72 170 96 193 121 14 28 83 155 191 97 10 200 131 113 4 167 190 110 92 53 163 10 163 44 111 156 32 165 94 10 139 179 114 34 118 46 134 200 64 42 131 143 61 66 117 150 144 79 180 57 102 56 140 52 18 44 87 9 117 46 130 33 135 114 99 
13 36 155 163 44 89 3 195 120 46 166 103 87 51 77 52 6 40 139 160 67 158 173 21 115 59 87 63 167 132 169 44 17 177 85 79 106 77 124 40 137 189 105 14 45 46 72 174 110 144 33 64 65 105 37 178 12 129 167 83 1 50 42 128 88 120 111 22 154 74 81 71 70 168 135 70 170 98 6 169 43 162 172 136 98 80 119 109 62 39 164 127 60 17 66 74 181 187 156 135 
174 21 104 127 24 187 194 69 143 139 120 28 9 80 195 173 191 12 91 2 34 160 162 121 86 107 40 170 136 184 135 161 195 138 42 52 144 175 136 40 193 77 128 22 118 178 174 95 95 98 6 185 168 13 87 178 171 31 15 24 77 113 132 3 115 42 10 177 20 22 103 13 50 157 63 111 158 45 152 83 60 22 134 160 122 120 48 40 200 100 131 126 179 153 176 69 22 51 35 85 
182 53 90 147 125 137 1 9 73 58 173 196 39 141 11 70 119 180 138 9 168 59 89 82 107 53 119 172 90 172 56 154 12 23 194 175 16 10 155 146 109 178 191 163 102 22 157 69 199 97 56 199 113 86 154 99 84 9 7 186 18 51 173 40 120 111 25 41 191 192 83 131 200 165 180 63 72 153 20 148 90 173 192 126 10 69 134 6 150 132 60 172 150 167 117 75 96 199 100 50 
164 136 53 186 1 22 125 55 4 109 10 49 16 161 26 6 34 38 80 181 192 60 92 79 58 163 108 97 183 34 147 181 200 149 122 180 112 140 151 113 105 85 199 40 44 37 164 52 169 182 52 55 164 7 47 49 38 86 35 112 161 192 71 25 149 54 81 87 125 13 198 68 4 64 71 171 139 85 70 166 154 174 93 99 68 195 81 200 75 1 122 16 71 137 183 122 128 28 52 129 
87 112 103 171 78 70 51 89 137 67 40 138 90 169 119 95 153 33 172 22 123 197 171 24 106 85 99 111 109 195 114 79 136 178 147 51 59 121 92 145 188 16 5 101 125 174 153 76 21 162 100 74 41 95 110 172 190 68 198 90 104 87 35 60 131 115 187 142 167 136 58 39 4 137 146 111 158 49 92 16 98 6 54 88 24 33 104 105 129 125 153 20 102 98 129 82 122 21 168 75 
80 151 185 134 69 97 75 145 36 64 91 95 200 142 136 102 88 158 189 132 117 147 110 13 146 127 1 77 48 184 32 118 134 187 105 64 63 156 110 125 190 30 152 5 83 41 120 68 130 29 102 66 83 187 31 88 116 69 76 157 19 153 15 105 23 186 185 18 47 180 41 86 133 14 93 108 127 138 87 168 81 11 77 150 12 12 146 26 89 98 119 31 7 184 77 152 116 55 121 36 
1 22 45 37 150 200 43 126 35 160 181 89 93 21 57 46 82 93 172 14 138 15 10 97 91 121 8 1 111 117 33 195 195 123 26 104 72 194 200 15 107 88 14 181 43 24 131 19 108 188 175 91 75 81 44 160 176 153 152 141 78 133 159 111 188 40 171 174 136 140 80 27 108 28 167 155 23 106 118 11 33 96 117 50 114 54 183 155 79 81 81 16 50 6 169 150 198 30 10 94 
176 111 99 194 86 3 82 101 168 116 13 195 182 47 173 38 135 167 142 61 176 171 115 141 134 157 64 122 64 8 92 16 161 166 120 4 180 176 30 3 40 5 113 19 147 123 103 165 36 69 31 120 25 48 94 137 57 146 186 186 103 9 1 5 135 66 196 20 39 7 5 193 90 26 134 186 168 166 76 112 160 141 162 68 139 170 39 173 97 84 29 193 28 123 114 174 103 15 103 13 
57 84 6 67 123 5 146 143 59 17 123 79 176 37 28 107 102 172 9 4 168 100 186 116 144 25 183 55 87 85 59 23 107 196 23 123 176 158 42 132 63 190 175 156 43 125 73 137 78 94 79 101 139 106 148 59 65 83 5 138 184 14 66 59 47 184 72 151 128 117 198 99 8 76 137 82 17 88 145 105 116 129 74 86 132 164 26 10 10 137 112 159 96 107 71 145 157 192 24 21 
8 26 29 167 12 186 91 17 194 1 59 6 146 116 114 135 64 15 115 160 89 193 79 80 87 147 65 36 61 65 147 34 83 162 128 28 8 70 46 44 83 27 192 194 37 196 112 180 164 96 60 143 106 136 24 7 85 32 86 138 81 28 58 161 98 183 76 126 103 165 147 88 55 75 62 102 84 165 138 61 175 5 75 117 163 166 36 176 79 55 166 168 63 61 33 38 148 100 173 173 
86 51 135 68 46 37 58 78 64 152 47 167 154 121 106 91 102 104 59 129 190 136 147 157 187 66 175 127 91 185 5 179 89 165 161 106 129 71 78 91 152 145 128 167 46 167 119 10 40 143 103 178 196 96 88 171 85 151 193 63 4 113 165 181 116 62 177 54 192 7 145 52 192 175 93 158 101 192 32 187 80 3 18 18 54 88 14 37 67 132 170 159 139 6 142 182 149 190 31 35 
87 27 117 3 25 1 195 118 109 114 49 97 94 163 77 43 117 130 46 94 54 32 180 70 4 63 33 104 29 86 37 78 88 183 24 56 94 88 82 26 141 35 113 113 137 178 125 44 71 41 41 106 92 21 109 184 44 116 58 125 157 55 161 113 87 184 19 15 174 195 20 145 163 44 6 23 10 114 41 50 118 134 165 135 189 178 90 50 173 10 38 89 103 180 161 79 51 85 87 128 
63 117 183 144 65 70 147 68 56 9 88 36 95 40 102 146 18 41 143 143 59 72 60 62 62 114 173 199 82 185 111 7 166 60 30 134 192 139 13 39 172 187 32 127 44 164 47 101 93 83 58 9 5 104 191 67 180 87 116 191 37 63 150 183 158 59 185 137 56 35 109 121 183 175 22 84 138 108 46 74 16 88 106 51 16 20 188 108 47 72 120 33 95 154 25 16 117 183 176 188 
8 55 4 80 49 110 199 112 65 177 184 181 174 195 109 88 101 19 75 190 164 175 62 199 75 91 26 160 61 121 101 58 4 17 14 29 200 79 131 41 150 66 25 42 179 195 66 195 200 26 83 95 126 196 18 159 185 148 155 126 140 95 195 171 12 27 118 179 52 118 85 148 180 154 50 72 120 29 74 5 185 176 111 31 64 121 175 126 149 8 113 186 52 86 41 47 63 7 149 157 
73 100 78 39 101 185 162 27 65 25 171 99 11 122 82 12 134 35 50 112 101 3 172 73 174 76 179 42 128 90 103 52 144 176 31 48 136 128 105 121 103 198 156 30 92 45 12 82 58 60 187 166 52 23 89 105 155 103 8 66 83 115 87 57 150 54 200 8 180 85 152 120 120 46 8 190 140 136 115 152 77 185 150 127 141 78 159 124 71 147 94 146 116 120 78 158 10 157 134 121 
94 145 193 17 192 74 34 38 59 83 92 71 103 144 193 120 194 78 135 8 161 73 109 148 154 92 43 194 123 105 79 115 194 96 94 95 33 67 91 33 106 188 52 195 191 140 125 163 126 46 72 138 44 8 68 189 133 35 143 55 199 16 113 177 83 120 54 105 162 103 64 56 132 173 80 66 50 157 60 188 32 128 109 141 97 147 172 1 103 152 174 121 105 101 136 178 102 183 135 6 
158 156 139 62 160 58 147 73 130 88 101 32 29 82 101 87 92 170 65 94 172 164 38 112 159 109 128 59 62 200 150 187 34 54 74 163 182 33 97 137 47 165 138 104 29 100 95 13 90 89 107 195 180 151 130 44 138 196 164 128 80 73 37 111 23 39 164 66 73 113 143 83 58 26 129 85 14 68 125 149 117 151 63 59 87 90 162 35 11 94 79 177 91 126 30 40 127 164 182 133 
199 48 36 192 189 2 100 185 11 137 86 171 61 75 65 88 40 132 36 86 31 187 28 33 184 82 27 99 76 122 87 151 66 117 31 9 167 149 111 125 54 173 48 43 35 127 43 131 36 117 20 44 20 75 110 174 167 98 161 192 142 49 170 175 124 129 159 161 120 9 116 131 178 39 4 195 167 64 162 189 152 142 64 135 4 128 134 168 165 6 28 29 92 108 142 60 200 116 84 32 
50 168 111 151 107 64 154 108 100 163 128 200 102 110 112 25 37 198 146 69 115 184 123 134 12 6 128 138 184 48 12 42 48 183 119 184 170 54 154 122 68 177 74 15 142 80 175 32 124 65 29 142 130 144 55 9 189 137 141 21 36 39 44 68 167 28 184 147 136 179 90 70 92 61 186 109 187 79 140 58 10 2 87 87 39 148 172 60 194 190 90 105 35 34 1 57 118 92 170 69 
80 65 158 191 149 61 121 33 8 37 42 169 168 92 37 87 86 43 83 140 155 85 169 49 114 182 128 32 132 20 75 5 113 193 4 25 191 178 33 142 6 29 185 130 10 69 112 73 4 182 112 43 3 10 123 54 167 150 176 58 127 167 157 153 182 44 127 107 52 13 78 80 31 81 62 119 110 163 154 151 27 85 12 133 53 89 57 68 160 51 145 29 45 169 36 143 108 114 21 8 
85 24 164 15 160 189 159 90 148 46 18 113 31 15 59 112 114 55 132 187 147 39 157 66 87 45 167 20 182 53 122 31 70 142 8 63 191 4 45 87 116 160 125 145 28 111 188 143 79 94 81 153 170 85 37 36 78 164 59 48 188 9 45 107 129 20 80 152 94 43 92 81 50 97 105 135 41 111 123 121 166 29 52 188 111 29 169 193 175 18 187 160 183 83 181 171 152 94 25 84 
17 188 37 181 17 195 152 65 117 55 81 144 74 117 45 91 104 133 8 179 161 92 56 84 16 35 57 153 81 121 163 167 67 99 30 41 167 73 22 83 184 195 129 160 140 82 47 32 6 15 133 126 12 198 11 48 43 32 90 12 22 1 66 187 15 117 90 54 114 40 57 57 55 175 34 197 147 74 160 11 191 184 75 63 51 134 4 61 151 91 56 70 38 194 160 16 127 50 112 23 
83 108 108 81 72 78 174 90 50 22 69 200 82 42 66 155 144 100 122 29 169 196 94 19 102 73 181 94 194 32 26 66 83 122 60 178 53 66 188 154 191 170 103 34 104 160 82 40 146 139 14 57 109 124 34 179 59 9 104 153 17 56 91 154 127 133 97 152 38 193 133 80 82 96 51 105 93 48 142 87 106 101 43 143 157 184 200 180 168 119 72 79 5 88 185 163 26 8 72 47 
185 34 48 185 167 200 113 110 114 71 126 91 172 63 188 138 23 85 184 154 43 6 163 112 100 69 54 145 77 190 14 57 122 16 167 104 78 164 140 70 166 120 142 173 62 84 27 153 82 172 152 68 19 198 123 9 113 112 10 66 154 104 61 89 8 134 177 199 192 149 99 174 199 23 129 62 76 194 116 62 129 159 124 158 115 47 50 191 56 9 44 159 65 112 99 13 111 120 36 119 
138 53 111 199 112 56 55 24 28 194 84 77 169 110 103 138 25 33 40 1 24 175 59 108 141 181 135 9 77 19 120 181 11 156 45 38 112 49 152 7 6 22 182 97 189 136 53 157 76 192 118 155 138 158 14 58 23 3 157 75 34 171 8 130 82 135 151 140 39 10 16 117 29 197 107 137 63 144 51 198 109 101 161 178 59 73 200 134 36 199 116 123 15 119 83 179 89 122 81 168 
132 39 15 190 17 189 147 147 60 9 144 64 80 85 99 137 108 141 200 137 181 193 71 29 73 91 101 107 22 108 157 19 154 66 25 11 91 198 87 122 128 189 140 7 97 12 14 12 79 165 38 117 49 102 140 180 141 143 129 137 184 87 26 120 124 159 128 113 176 29 119 21 196 7 53 96 62 51 186 49 45 63 188 195 196 157 59 162 187 10 11 187 53 110 156 60 90 78 132 53 
34 44 44 171 70 22 103 151 55 73 99 73 108 94 54 153 37 85 73 25 140 11 166 42 42 48 155 54 196 16 160 22 113 164 180 84 182 14 27 62 104 96 24 53 170 89 161 22 60 51 26 148 52 45 91 90 114 160 117 171 19 96 19 2 48 181 101 171 165 41 197 167 198 154 63 32 21 42 16 159 95 183 154 199 56 15 64 167 19 177 142 125 123 47 116 190 25 62 155 110 
165 150 186 165 54 47 14 1 13 176 18 164 117 63 98 13 93 169 79 42 30 37 16 183 153 107 98 151 54 108 2 169 41 155 146 169 92 66 166 135 13 177 113 142 94 39 60 23 172 186 58 171 156 106 166 153 182 141 74 185 28 189 130 139 152 17 95 62 72 131 84 185 73 70 168 77 78 75 122 112 161 183 34 63 66 15 15 158 56 28 41 58 38 188 16 42 189 65 122 140 
124 130 79 122 11 191 178 97 179 175 28 184 26 42 128 39 22 16 109 61 172 16 21 186 149 68 33 59 171 25 82 187 103 16 28 123 159 67 126 84 101 38 100 59 71 50 8 68 32 166 144 130 184 164 23 52 72 34 42 119 119 168 78 177 112 141 109 152 17 119 145 82 9 28 49 164 40 78 194 89 168 33 98 120 93 91 100 128 29 101 182 93 143 200 138 155 113 28 182 37 
111 65 38 17 89 124 9 128 60 97 84 185 170 50 27 196 23 112 188 12 101 12 13 43 114 107 15 106 31 143 193 163 161 194 92 146 161 72 150 17 116 1 190 80 36 40 51 19 198 148 87 11 183 132 187 117 102 117 1 17 178 172 152 185 132 143 158 147 156 115 92 160 137 117 26 179 88 47 179 7 107 84 15 177 40 95 134 57 51 199 24 53 167 105 86 6 42 136 81 16 
143 85 14 89 171 105 8 32 64 59 123 87 164 131 182 108 90 88 118 143 44 96 157 33 144 154 13 2 104 7 200 22 133 166 51 39 138 64 69 21 138 145 32 178 82 91 189 75 67 46 134 30 197 112 13 45 179 16 159 59 59 31 93 65 164 115 149 49 56 71 10 7 44 57 174 142 194 45 51 148 93 102 41 151 103 95 119 8 137 127 177 83 104 130 184 172 56 41 3 105 
113 111 182 99 68 61 86 72 44 13 168 109 30 110 132 51 163 149 155 11 18 153 163 16 113 187 190 162 183 161 114 104 197 183 88 169 152 72 137 109 149 140 117 81 199 71 187 137 36 134 173 131 30 57 101 3 136 6 11 135 50 21 144 52 50 138 188 57 111 175 165 176 38 132 106 24 99 20 168 36 7 144 130 2 44 38 19 13 172 31 186 42 33 21 38 40 108 5 199 114 
83 26 157 193 125 150 129 141 117 133 184 187 160 183 161 16 179 190 97 28 114 2 66 13 193 4 186 53 103 133 142 195 98 147 29 3 86 190 100 114 16 109 143 168 132 135 31 33 120 186 173 123 42 3 111 155 163 110 180 43 145 173 8 148 78 45 90 181 103 68 190 169 178 66 72 57 128 71 93 194 199 76 59 84 111 82 139 157 43 194 68 13 50 91 68 157 53 158 10 45 
108 117 47 69 4 47 128 65 36 57 5 145 144 4 92 30 153 159 153 43 47 105 160 137 97 189 52 76 58 28 182 25 159 55 28 51 38 167 45 153 43 183 62 147 6 81 101 193 176 82 20 196 154 42 40 109 54 161 105 104 161 89 62 93 92 39 29 116 37 59 99 129 93 83 6 107 25 152 94 85 7 191 75 173 47 60 102 25 1 184 194 60 65 51 167 127 3 199 190 76 
32 15 90 165 194 182 6 139 13 172 11 103 111 194 8 191 4 58 65 97 24 106 176 89 188 94 91 145 34 155 12 159 189 67 30 93 196 46 51 107 63 59 160 22 155 176 38 107 162 18 54 56 117 58 95 152 195 2 190 158 56 187 145 194 192 26 150 30 112 197 92 178 162 162 198 146 127 110 153 31 136 131 95 8 199 15 90 66 155 124 150 175 81 139 172 193 167 126 53 20 
127 161 168 104 97 105 94 28 181 40 101 127 33 166 132 64 180 25 45 196 75 160 89 7 184 177 89 99 14 23 86 35 18 125 55 10 192 8 80 157 161 117 105 11 146 21 54 15 3 151 126 85 169 169 48 50 44 192 69 47 90 185 200 166 199 37 83 180 93 53 143 10 172 122 75 129 160 64 91 128 14 200 141 50 38 122 38 13 100 75 118 61 143 1 125 156 153 85 68 38 
200 43 2 36 176 168 29 143 167 196 162 73 117 132 108 147 192 125 124 155 190 18 174 139 70 29 193 84 136 157 140 28 65 115 80 5 78 149 174 199 91 28 141 100 49 130 43 150 36 86 55 10 185 62 12 10 152 86 146 154 127 40 178 198 158 68 129 97 183 68 95 60 139 15 15 40 151 130 122 172 73 78 136 33 6 177 41 193 90 25 171 199 159 33 43 109 166 29 168 64 
98 34 12 6 112 136 18 55 18 15 168 34 141 21 199 94 55 145 110 98 139 173 31 124 55 174 183 34 64 4 126 62 130 197 44 36 2 6 76 168 35 88 64 175 152 124 7 115 65 48 122 141 136 88 46 61 141 35 40 114 189 162 34 177 130 172 80 125 27 87 127 172 136 100 101 73 22 152 163 128 199 6 159 49 69 8 178 1 7 199 30 169 15 134 75 173 6 16 98 133 
123 163 31 175 20 152 38 116 97 98 4 111 158 3 61 106 173 54 91 137 115 8 196 121 169 77 176 111 157 49 85 168 181 154 176 196 22 148 104 180 45 183 147 60 166 9 10 137 29 35 71 67 129 60 137 20 55 85 14 153 60 99 176 54 44 82 10 184 154 167 132 97 80 35 51 40 55 123 101 190 37 82 111 192 120 96 74 151 89 10 23 71 166 54 52 99 127 103 61 102 
173 102 159 103 105 11 145 14 67 164 81 107 180 83 80 174 55 150 104 33 129 195 192 151 198 60 67 61 152 83 68 160 165 185 189 75 137 186 180 160 127 121 1 48 106 128 3 188 80 153 170 96 56 136 98 190 197 76 162 15 198 151 187 150 74 51 18 190 138 112 177 141 181 25 68 64 82 102 128 178 176 81 86 58 130 96 19 36 33 62 37 195 24 76 151 199 95 165 131 103 
83 129 46 46 121 197 120 10 37 17 7 166 194 15 91 192 152 156 113 71 144 167 194 151 194 184 157 159 200 189 113 51 107 82 77 41 54 30 51 150 5 43 130 102 20 159 51 15 23 166 122 69 137 58 193 59 191 105 172 35 131 160 56 108 12 107 136 72 175 164 83 105 191 128 172 188 102 152 138 145 131 178 96 123 23 36 96 17 21 1 158 88 88 128 25 36 151 98 174 61 
129 179 166 56 2 156 182 22 125 58 26 10 100 51 109 139 177 197 178 107 185 64 167 162 136 15 171 134 37 110 106 136 10 155 101 8 165 86 7 148 27 98 168 162 165 82 189 121 193 47 120 103 143 112 43 154 115 67 200 46 146 58 165 137 98 145 182 135 187 40 123 29 71 98 82 24 90 159 91 66 185 115 124 30 159 147 20 99 151 152 105 23 27 89 165 83 131 197 72 8 
26 147 21 95 14 88 71 64 1 103 160 83 22 129 89 15 44 39 18 199 34 114 71 158 9 91 200 90 60 191 80 51 101 63 122 12 50 137 45 85 37 65 118 170 5 12 190 193 186 153 168 22 90 114 120 197 9 20 154 59 158 190 51 85 2 153 177 153 28 156 97 72 144 186 185 106 10 17 41 113 51 161 169 83 59 131 14 194 15 110 132 97 184 68 156 198 43 80 187 199 
146 111 165 91 177 132 68 108 53 24 22 179 60 167 87 17 77 131 91 31 19 132 35 171 9 41 79 65 139 33 84 34 24 173 100 130 57 35 87 193 150 32 94 96 119 123 108 57 88 87 98 93 179 152 114 66 145 81 41 197 120 9 124 52 182 19 161 136 163 13 60 25 157 136 19 68 115 124 30 56 37 49 100 57 163 76 45 77 147 55 119 6 37 86 86 97 51 117 91 31 
113 86 200 12 26 117 159 121 83 22 36 74 187 115 58 195 95 16 147 85 51 168 116 136 151 47 103 194 105 156 7 50 138 87 41 171 109 140 166 154 121 71 24 16 177 30 119 106 125 17 130 123 14 33 195 158 131 152 195 68 9 7 128 18 96 198 177 23 125 82 82 71 171 134 178 26 118 106 78 10 141 142 60 167 123 12 60 190 108 43 48 70 173 101 158 142 131 86 130 191 
30 170 76 11 178 125 135 37 138 2 109 77 17 126 105 44 175 89 117 189 185 58 122 69 41 148 189 108 37 144 120 94 121 1 5 173 125 113 14 116 58 177 25 145 36 64 36 100 48 152 102 67 34 101 142 80 134 191 124 45 61 60 56 51 50 170 106 22 30 114 93 37 197 186 174 25 65 147 178 46 12 111 41 139 57 146 169 74 106 99 92 81 140 20 69 160 61 128 197 64 
163 5 134 158 191 140 124 144 118 37 123 151 67 59 200 123 120 138 62 55 42 160 57 74 189 177 136 44 136 49 128 127 78 17 17 29 166 172 131 103 99 99 12 51 196 71 172 62 22 80 113 4 130 95 76 47 177 192 67 122 154 108 65 127 127 77 173 38 7 196 56 152 81 127 161 14 98 144 200 133 102 148 60 46 43 172 162 19 123 72 86 109 26 141 6 13 147 97 130 149 
200 98 133 39 84 1 200 77 166 100 136 141 130 176 130 82 199 64 106 188 75 16 5 162 40 30 119 150 184 66 97 4 80 101 68 96 114 37 150 148 105 107 132 178 122 191 13 110 175 68 177 54 29 185 127 113 127 91 168 1 55 123 149 164 189 10 200 33 188 20 71 150 59 189 28 133 53 108 14 86 14 152 49 69 81 125 17 121 90 163 69 168 25 120 131 147 146 32 152 39 
98 173 114 51 44 113 21 89 140 158 111 89 168 28 27 62 61 57 83 130 134 132 152 133 163 121 175 2 190 170 104 198 129 139 178 162 84 167 103 31 200 89 170 19 173 32 18 98 181 150 138 86 117 35 166 98 121 40 140 27 164 82 194 53 66 84 134 135 144 197 107 161 42 112 33 148 27 105 32 118 170 168 89 29 43 58 181 56 11 174 87 45 142 49 50 191 116 189 135 183 
26 136 91 32 84 4 113 197 98 163 139 39 142 190 110 169 114 33 45 19 30 23 77 189 39 88 174 31 94 123 1 40 199 193 80 81 7 29 82 39 120 139 7 105 120 45 73 54 85 190 2 160 52 174 179 118 18 19 63 94 48 1 19 21 145 94 150 94 117 72 83 187 44 168 145 150 117 41 113 136 184 29 130 115 90 57 16 53 97 25 129 29 85 153 177 143 145 117 70 136 
22 5 142 86 111 165 73 184 107 160 34 43 182 76 52 15 57 104 198 89 128 11 5 121 91 91 74 162 161 104 2 129 188 144 173 118 95 78 34 29 79 83 49 43 116 24 86 67 4 38 111 112 89 195 94 167 66 118 76 117 74 55 105 103 197 182 147 65 28 165 103 39 161 88 120 121 31 94 90 19 109 26 117 75 126 94 80 127 66 103 97 58 96 138 170 20 12 119 138 121 
186 25 86 107 22 21 168 199 146 110 177 39 52 73 5 98 83 73 118 132 130 163 170 146 81 65 62 160 122 55 49 59 32 149 92 164 148 132 177 63 117 107 189 41 115 121 112 97 148 139 108 167 22 1 129 163 69 20 183 113 185 177 156 12 151 109 82 114 47 116 126 191 51 143 169 7 168 171 99 73 6 198 63 11 20 176 85 9 93 97 93 36 124 139 168 158 69 177 174 165 
170 38 169 101 80 10 179 131 109 70 72 18 21 130 155 30 122 24 133 60 30 88 53 63 79 170 130 8 85 146 15 186 109 130 183 172 67 45 10 189 200 181 64 185 87 183 80 41 116 187 105 46 180 181 156 127 104 19 149 40 93 116 161 144 56 193 100 20 29 123 79 30 6 158 62 11 88 26 167 127 189 122 8 95 79 129 51 33 111 181 61 92 66 148 37 27 46 159 137 91 
200 93 182 31 157 85 139 184 76 93 138 119 100 16 13 93 185 194 18 165 164 114 117 182 89 42 90 135 97 199 34 152 20 105 120 7 77 157 169 137 60 70 95 168 55 74 111 147 136 160 64 84 79 178 18 178 109 162 58 90 113 88 100 180 65 160 60 90 53 172 43 87 164 28 182 50 93 58 154 139 149 97 181 55 194 27 75 63 176 60 187 66 130 194 27 63 76 91 185 198 
26 29 158 122 43 36 133 180 127 188 47 162 51 169 197 160 67 38 31 104 83 47 73 144 150 67 81 146 138 23 188 116 111 76 68 114 57 10 143 146 28 140 177 42 3 63 179 172 124 118 104 130 92 117 199 54 1 20 49 123 110 195 65 115 105 115 159 132 65 13 142 2 89 104 194 8 71 79 61 145 17 176 29 67 6 30 104 43 45 82 59 35 11 178 64 91 53 120 64 107 
67 58 33 186 102 188 129 158 102 78 17 144 152 159 157 184 31 108 17 148 185 16 188 194 56 148 62 39 82 156 185 176 105 137 83 176 143 104 190 154 102 114 94 156 120 28 91 83 51 69 112 125 185 69 133 18 22 156 141 148 195 144 49 184 108 17 110 167 59 179 134 118 172 80 67 122 160 132 118 44 129 189 149 42 44 115 108 192 118 182 140 54 62 64 122 98 121 136 190 178 
191 78 174 176 83 30 125 35 140 136 22 11 148 67 168 163 65 138 55 97 98 157 119 169 3 153 157 70 39 54 130 9 180 158 94 34 126 174 142 147 197 145 99 110 162 148 107 173 169 134 151 57 65 162 22 189 36 172 72 148 130 24 122 24 194 57 21 186 68 162 80 157 160 127 104 177 161 185 172 56 13 134 170 105 78 87 169 184 68 67 177 62 54 30 2 65 13 174 15 71 
150 7 179 31 70 59 126 118 63 164 122 137 174 22 16 59 26 163 87 157 35 186 27 116 174 117 22 24 146 60 103 31 82 86 87 132 19 115 70 51 96 103 155 6 42 87 113 181 177 124 19 74 88 128 34 198 98 194 188 195 66 134 119 83 184 186 197 196 68 28 197 151 110 134 31 33 5 103 83 141 127 169 17 191 128 197 75 100 162 194 152 38 23 66 162 159 107 170 79 26 
91 110 7 155 132 92 157 200 78 176 12 51 58 49 108 140 74 76 108 50 148 88 62 11 42 74 68 21 56 159 14 35 170 185 1 173 179 124 143 121 198 155 13 9 129 122 39 187 178 163 152 32 92 178 109 70 94 174 146 102 197 4 28 184 40 92 39 115 94 24 3 126 43 23 6 23 7 150 74 79 144 129 79 188 91 143 64 116 157 105 121 45 145 198 93 165 198 33 155 31 
50 29 81 45 94 46 145 8 199 87 198 4 59 158 108 1 93 66 4 109 140 199 132 73 131 73 37 183 37 95 9 170 96 61 107 62 121 186 94 72 56 190 21 170 161 13 123 117 17 138 67 35 199 111 151 98 170 131 167 72 45 76 19 66 129 37 134 18 138 146 10 192 144 175 86 197 151 196 120 102 167 21 107 187 62 87 79 171 122 145 14 197 78 122 194 63 61 76 138 85 
115 62 189 1 131 79 63 42 86 37 147 150 49 56 43 141 71 96 14 96 135 45 54 16 178 130 173 40 176 126 189 25 10 100 181 99 152 24 128 57 112 41 116 21 166 54 190 67 170 115 1 161 76 194 15 131 152 89 103 180 53 90 163 141 196 42 72 169 57 164 108 62 12 198 79 189 5 139 47 95 154 47 61 72 74 57 188 137 113 116 126 72 97 112 99 107 81 87 56 181 
199 88 36 20 119 29 101 92 42 51 122 53 100 144 97 135 79 129 116 36 84 57 147 116 2 176 77 160 25 65 111 121 113 166 111 48 117 139 113 140 117 93 157 167 197 93 160 183 47 88 86 180 157 98 10 69 17 158 148 57 91 63 32 73 98 156 10 30 55 35 130 25 81 9 42 65 173 44 96 168 102 77 152 135 141 80 138 185 156 95 168 167 193 10 167 59 185 26 119 123 
110 167 122 65 89 28 21 163 141 52 162 173 98 129 54 108 3 72 108 10 158 24 107 144 119 197 119 121 123 172 46 72 81 197 142 131 125 92 187 144 182 42 173 190 100 81 104 185 99 38 80 7 194 22 47 91 198 79 7 76 187 167 97 166 69 147 162 163 147 133 191 40 5 185 162 1 79 136 43 33 90 192 143 101 76 74 150 72 67 199 22 112 7 6 49 1 32 78 160 167 
71 24 39 149 89 151 49 42 120 24 138 58 108 135 27 130 161 183 57 189 84 178 197 59 184 161 96 54 170 186 130 63 78 176 36 75 123 12 114 115 49 150 78 178 69 148 187 109 122 177 63 172 179 186 51 36 94 144 138 60 89 148 3 182 85 27 191 36 20 74 96 37 170 113 163 18 86 190 167 102 38 42 28 197 85 115 29 196 168 95 188 28 118 122 60 37 74 164 81 199 
15 164 44 64 200 163 75 193 99 99 93 117 84 40 25 86 20 112 109 29 121 135 110 60 166 179 53 30 60 84 92 29 107 86 41 195 116 32 195 147 123 151 145 175 48 42 5 39 174 179 131 19 25 132 6 130 115 62 27 25 21 117 164 17 156 175 179 177 37 67 103 56 167 157 94 138 97 152 104 171 175 84 111 187 3 92 94 187 124 80 198 49 59 135 110 136 82 101 121 171 
10 36 125 66 164 16 192 92 147 121 8 1 120 108 69 152 124 136 189 30 8 138 42 129 185 82 16 156 30 132 22 66 172 57 101 95 75 93 101 146 8 68 131 174 30 156 98 14 2 130 55 134 187 41 106 190 30 80 67 107 2 31 186 29 122 129 144 117 89 178 16 88 155 130 153 162 176 146 122 56 129 172 197 95 18 127 137 148 146 84 194 134 187 28 192 82 67 3 152 179 
139 108 56 38 153 76 20 192 161 200 114 22 31 50 129 119 139 139 123 116 196 178 99 19 149 153 30 20 132 8 152 39 166 126 147 57 108 154 132 45 63 163 158 60 70 153 153 21 62 38 127 177 63 36 129 165 192 168 61 30 76 191 19 128 52 21 33 147 34 28 33 16 137 10 15 104 171 166 54 172 143 189 91 200 15 13 193 55 106 157 152 197 175 77 64 6 118 53 60 66 
3 107 47 136 8 19 133 117 171 134 124 195 119 123 109 71 68 144 176 174 20 113 17 94 181 38 48 48 119 37 126 96 179 9 11 26 198 145 148 164 35 27 193 62 44 194 165 114 51 11 156 188 68 44 47 189 157 80 58 61 54 67 112 42 160 200 156 103 28 8 40 26 161 152 39 143 51 92 198 17 105 48 139 181 3 116 101 194 146 177 149 191 135 150 16 5 96 186 149 50 
7 112 26 7 104 27 57 111 76 16 125 110 189 198 39 155 106 33 165 71 106 61 70 62 90 11 80 16 33 124 94 200 117 157 145 101 118 72 151 137 55 78 163 120 153 12 111 190 135 191 101 101 9 1 79 84 42 67 170 27 10 90 14 157 67 187 65 23 190 55 81 190 52 80 118 76 157 90 176 9 51 12 140 106 22 39 20 111 87 26 127 116 54 181 174 115 57 49 65 48 
76 184 69 121 195 53 45 80 107 12 151 13 114 98 76 18 35 3 82 75 173 140 110 104 86 77 76 148 126 26 93 15 66 113 126 57 134 167 130 127 140 38 26 81 19 45 65 6 106 103 82 136 32 103 16 9 70 46 38 200 124 12 113 74 121 87 139 103 24 158 82 65 179 82 24 28 25 35 189 44 90 11 135 89 150 63 102 21 24 176 5 26 86 141 43 56 199 159 46 78 
169 114 104 104 51 126 97 108 35 28 150 77 89 197 8 99 135 82 158 122 123 34 175 96 109 39 185 53 192 78 174 140 35 54 130 64 72 57 194 164 15 118 10 175 163 168 188 159 134 39 123 110 199 87 184 75 41 14 158 154 27 78 80 91 152 92 195 169 196 175 40 79 96 70 152 116 173 55 98 103 113 189 68 64 34 100 130 105 158 200 187 108 78 67 106 12 103 108 136 179 
80 59 148 188 188 20 67 12 153 15 107 110 49 73 149 100 159 26 168 99 187 98 21 129 15 3 178 15 41 152 47 24 195 59 55 190 114 134 35 64 122 181 19 23 19 168 160 160 54 151 24 139 167 58 159 126 72 180 157 169 10 99 120 199 143 109 146 26 82 60 125 27 91 81 197 22 153 90 120 167 199 80 92 155 142 75 10 114 56 16 199 108 28 70 39 55 94 61 8 81 
179 174 79 196 146 132 131 199 106 94 42 112 132 194 127 123 13 134 148 52 159 136 185 142 167 11 184 25 56 84 88 132 150 109 68 133 111 49 122 99 34 93 59 73 71 75 5 28 131 89 159 97 46 163 160 98 189 140 56 148 34 136 68 127 106 66 64 13 34 130 100 14 90 192 100 197 50 54 100 198 100 100 200 88 25 113 70 50 158 88 56 144 197 124 8 46 191 152 106 15 
149 85 30 154 2 38 133 87 69 172 159 111 28 156 186 181 129 154 126 41 42 199 199 133 11 62 10 104 24 168 178 89 8 119 150 91 130 189 139 86 118 160 92 47 141 92 40 129 83 180 51 141 60 48 159 77 74 133 94 56 38 103 128 39 77 91 88 49 171 138 122 144 196 104 147 117 166 52 107 185 188 200 58 16 39 156 91 146 191 166 122 164 193 107 138 10 50 15 14 124 
187 177 136 110 118 180 60 150 100 39 70 74 180 97 110 141 147 135 185 144 193 33 19 150 175 121 182 19 113 157 132 168 26 188 194 97 34 169 35 15 97 54 163 188 72 38 124 4 120 48 1 95 105 193 153 98 126 188 196 153 72 118 108 154 34 46 169 61 9 148 115 160 14 25 28 95 183 130 64 67 54 84 165 194 128 175 152 26 112 74 53 4 157 96 134 167 135 187 64 27 
87 102 128 16 97 183 51 45 167 132 103 126 182 136 185 176 65 125 51 1 190 19 103 61 188 178 182 134 19 63 73 66 58 164 113 27 81 31 179 124 129 13 166 44 30 125 178 66 39 120 163 154 78 196 117 98 147 89 190 140 75 45 115 191 53 1 150 122 15 8 171 132 138 110 109 28 168 13 182 184 165 8 52 78 193 16 149 165 43 76 116 68 156 80 114 157 177 173 91 87 
65 146 53 35 4 45 126 171 118 98 187 21 125 58 200 26 4 114 169 102 91 129 57 109 130 43 182 28 93 8 200 165 35 193 92 178 194 51 83 134 9 193 112 92 194 127 16 141 44 78 6 88 62 174 156 19 64 192 12 6 44 24 24 192 76 129 22 188 37 39 112 47 167 4 35 8 124 136 184 91 6 25 53 60 153 50 97 154 138 98 48 97 18 193 156 55 187 20 102 28 
132 94 137 89 3 110 156 185 143 82 56 121 193 26 176 118 168 175 52 141 160 169 45 19 11 161 185 119 66 1 94 35 189 129 118 150 100 90 106 2 38 47 111 179 167 199 44 125 29 23 95 41 140 34 181 180 148 34 62 129 171 104 136 10 29 174 171 136 26 96 124 190 32 143 137 41 21 6 47 158 12 174 196 158 130 166 107 41 46 113 175 31 162 186 21 92 150 34 170 132 
38 138 191 107 85 113 122 132 35 19 18 14 8 95 62 55 144 129 169 34 163 79 150 182 147 177 13 104 134 190 158 151 17 176 58 78 141 153 113 192 139 93 38 113 11 81 132 90 47 130 121 6 185 72 39 28 76 56 147 1 13 160 57 92 1 80 143 107 61 156 119 77 178 18 128 97 4 181 184 131 117 126 63 138 126 160 151 2 33 40 55 94 131 40 58 108 184 23 139 181 
154 50 177 56 12 82 115 200 100 88 110 185 133 156 120 20 104 74 158 2 196 87 125 181 60 186 111 23 199 146 117 106 102 31 1 33 21 48 21 3 76 8 111 24 69 152 41 122 172 42 190 116 64 114 102 158 68 108 36 96 71 172 92 72 179 189 28 100 67 134 197 3 26 183 18 189 35 145 193 40 152 7 32 184 103 197 70 12 46 184 119 120 46 139 181 41 191 54 43 5 
114 129 61 35 103 55 119 11 80 109 168 113 29 107 52 191 170 21 39 3 26 182 43 184 39 183 125 89 6 4 64 60 84 7 176 81 165 170 146 167 6 155 154 159 41 44 31 190 49 180 20 136 197 166 121 27 12 161 84 92 119 31 159 200 191 180 156 25 108 65 29 174 36 137 159 114 38 116 20 14 83 23 145 46 158 117 17 22 77 70 104 103 82 44 83 152 142 192 139 6 
123 186 70 194 28 82 112 6 113 68 191 120 2 135 151 126 23 1 12 100 55 184 198 17 26 122 65 152 24 74 94 111 73 172 133 168 115 168 3 32 74 61 78 44 82 42 66 87 89 21 141 162 167 160 81 120 142 165 150 94 74 171 73 36 147 189 80 27 96 7 94 183 30 112 162 14 50 41 145 17 115 121 186 96 169 183 62 158 195 134 176 91 74 80 168 146 77 143 52 115 
174 132 151 54 126 59 113 118 179 87 49 44 176 115 80 67 1 129 70 25 142 124 168 37 176 152 153 193 107 54 40 171 108 2 20 18 73 184 175 163 167 157 141 36 143 26 152 151 55 51 3 20 20 127 42 130 107 32 83 165 20 153 73 14 144 58 174 2 72 84 73 96 115 78 98 113 134 191 93 80 53 151 172 187 68 102 18 199 79 148 160 108 179 29 90 182 141 183 25 12 
151 15 2 117 24 140 54 95 132 124 1 178 20 18 32 66 121 98 2 44 147 65 114 105 65 109 3 24 17 24 196 138 6 180 45 37 166 75 35 86 127 143 71 85 99 153 171 4 157 33 183 14 154 73 8 69 30 158 200 106 40 151 39 80 90 157 118 47 4 8 188 147 10 162 61 71 77 186 193 171 102 54 185 60 48 171 28 6 83 147 139 187 158 89 60 99 171 84 1 81 
142 20 99 10 110 38 149 143 39 9 175 11 60 26 176 101 40 58 31 100 70 131 91 110 21 74 75 56 192 72 127 96 3 198 112 69 158 186 48 142 66 74 5 80 53 188 151 146 138 18 131 27 140 9 130 134 31 98 61 177 142 149 46 194 99 123 190 92 71 93 193 65 124 200 171 116 88 79 54 200 89 14 15 57 32 170 95 167 192 98 149 198 75 62 154 182 198 98 8 10 
56 5 137 39 50 60 191 21 92 60 3 29 14 155 157 65 127 200 128 30 46 93 75 43 4 144 177 34 159 43 57 120 28 117 122 27 14 191 32 99 174 1 28 153 68 125 150 14 133 46 92 153 61 168 74 136 38 136 131 46 172 132 190 94 189 127 78 125 182 195 166 65 119 167 102 194 117 193 153 49 77 101 184 129 160 141 111 38 66 39 15 166 109 196 61 74 66 93 11 2 
