150 4
0
0
1 6 163 984
2 32 160 32
3 42 22 130
4 44 99 836
5 50 39 50
6 70 69 -68
7 75 23 121
8 78 183 1542
9 111 60 591
10 123 12 147
11 129 99 327
12 140 167 -194
13 148 67 684
14 150 145 1020
15 201 100 1001
16 203 189 203
17 206 120 -34
18 208 135 208
19 218 47 218
20 223 153 835
21 238 173 -108
22 248 13 274
23 271 42 271
24 286 158 286
25 289 177 643
26 314 72 170
27 316 37 538
28 321 172 321
29 325 149 325
30 345 4 377
31 353 86 525
32 369 198 1557
33 398 81 398
34 401 178 1825
35 417 69 555
36 424 7 480
37 430 123 1168
38 455 57 911
39 466 178 466
40 467 114 239
41 472 115 242
42 473 41 637
43 475 7 475
44 479 167 813
45 485 73 1069
46 500 105 500
47 510 31 572
48 514 159 196
49 520 28 576
50 526 171 1210
51 542 144 1118
52 543 133 277
53 616 77 1232
54 637 132 1693
55 641 28 585
56 655 191 2183
57 660 82 660
58 698 161 1986
59 703 24 895
60 710 170 1050
61 724 17 724
62 725 124 1717
63 740 159 1058
64 773 135 1313
65 777 134 1581
66 794 107 794
67 805 147 1099
68 810 24 906
69 837 196 1621
70 843 21 1011
71 845 26 1001
72 855 173 855
73 856 119 856
74 866 71 724
75 882 60 1242
76 887 96 1271
77 914 99 1508
78 920 196 528
79 928 173 2312
80 930 90 1290
81 930 66 798
82 940 85 1280
83 945 170 605
84 949 64 821
85 953 40 953
86 956 56 1180
87 982 76 1590
88 985 74 1281
89 987 34 1191
90 1007 131 1793
91 1015 58 1363
92 1017 124 769
93 1030 21 988
94 1037 6 1037
95 1038 146 1330
96 1043 55 1483
97 1047 158 1363
98 1056 116 1520
99 1065 13 1143
100 1075 141 1357
101 1075 3 1069
102 1076 15 1166
103 1085 85 1255
104 1086 78 1554
105 1089 168 2097
106 1100 123 2084
107 1105 166 2433
108 1114 94 1490
109 1140 182 1868
110 1147 103 1353
111 1150 21 1192
112 1157 83 1323
113 1187 121 2155
114 1203 170 2563
115 1203 42 1287
116 1205 46 1205
117 1210 35 1280
118 1210 82 1210
119 1220 148 924
120 1234 162 910
121 1238 144 1238
122 1244 15 1274
123 1256 49 1354
124 1257 133 2321
125 1258 50 1358
126 1282 154 974
127 1288 150 2188
128 1308 70 1448
129 1313 55 1753
130 1314 156 2562
131 1325 169 1325
132 1329 97 2105
133 1334 36 1262
134 1345 118 2053
135 1346 30 1286
136 1380 41 1708
137 1391 126 1139
138 1406 33 1670
139 1411 10 1471
140 1415 113 1415
141 1421 48 1613
142 1428 185 2168
143 1428 66 1296
144 1439 91 1985
145 1440 180 2880
146 1442 134 1442
147 1456 38 1760
148 1475 145 1765
149 1481 127 1481
150 1493 74 1345
149 68 5 91 197 101 71 125 130 55 67 103 81 32 53 136 19 84 161 71 199 97 155 196 9 143 35 199 23 32 143 92 6 161 115 140 112 136 24 39 155 109 24 180 175 18 192 113 22 108 48 65 159 132 19 68 55 19 199 18 179 151 33 16 91 90 128 15 41 13 190 140 27 194 25 97 20 155 96 139 129 144 46 145 93 38 52 190 172 144 97 92 99 179 103 163 82 114 82 114 96 144 64 57 18 60 72 96 38 65 45 184 60 135 151 76 16 83 195 166 33 104 109 123 154 159 17 185 197 147 143 13 119 151 55 37 166 90 37 147 119 165 184 163 178 176 180 144 154 70 
67 12 8 64 11 3 117 52 10 87 76 53 32 165 84 99 143 135 148 82 162 158 38 1 23 116 34 54 153 67 141 86 172 127 151 63 63 18 116 30 49 52 122 9 166 7 73 160 195 145 197 60 198 21 5 189 166 195 195 133 29 5 50 113 97 15 126 145 79 189 197 16 93 142 50 170 42 60 43 191 29 8 57 11 89 82 1 147 164 113 49 55 103 184 21 39 192 7 189 56 11 61 64 144 66 28 36 192 154 21 13 178 180 151 129 58 96 52 35 181 98 125 66 162 139 31 14 143 145 15 36 25 140 32 96 82 199 29 105 148 79 72 179 57 150 12 36 69 10 48 
113 73 179 40 143 50 84 93 49 18 177 86 186 25 39 149 148 59 50 178 174 41 55 117 77 22 147 140 54 3 154 140 129 187 10 178 176 4 83 59 36 160 83 195 193 26 59 138 76 71 100 12 187 163 10 20 98 85 120 159 56 155 110 181 79 36 34 60 69 87 43 110 150 165 17 105 185 94 132 149 168 146 186 26 38 56 77 108 142 1 130 198 95 8 100 120 97 154 47 146 169 196 3 49 113 34 118 88 70 150 53 79 42 48 103 146 71 10 14 7 45 67 38 1 169 5 138 39 53 77 57 100 36 114 183 126 47 110 42 76 89 153 118 129 195 117 22 71 63 142 
15 91 112 186 16 152 157 179 28 155 109 49 168 125 70 62 70 79 99 44 35 90 37 47 118 55 23 132 84 132 122 196 20 145 121 199 64 126 26 172 134 58 82 40 137 64 157 151 31 164 28 123 123 64 152 146 16 192 179 156 4 4 68 72 154 39 27 56 18 125 62 178 64 158 86 53 120 52 78 49 8 59 22 120 86 17 52 55 11 40 198 58 187 157 187 92 31 189 4 154 119 167 81 54 196 128 93 169 147 14 78 31 66 160 151 45 172 79 9 53 108 113 72 179 97 99 133 129 158 196 196 156 138 59 68 1 163 20 164 48 166 171 127 27 93 92 153 153 168 28 
198 108 187 138 143 160 159 163 64 15 73 57 91 34 119 183 118 161 149 56 108 98 87 69 58 116 32 110 144 104 16 51 128 24 98 105 37 151 90 119 29 188 12 26 23 75 61 76 182 158 46 157 58 45 185 93 106 5 9 19 110 107 187 48 135 142 78 56 122 10 100 196 57 97 71 104 166 118 166 175 50 60 100 67 28 121 200 51 104 150 48 53 101 72 99 144 196 198 178 2 36 112 53 15 132 158 143 87 74 104 161 160 127 125 103 195 144 162 177 194 24 157 166 172 152 189 170 155 13 124 198 144 151 119 144 6 181 56 57 26 164 142 194 106 112 117 18 31 105 62 
196 38 31 191 78 41 19 135 120 81 34 40 159 73 108 51 80 66 55 143 8 143 109 37 45 94 113 45 178 37 10 22 21 41 82 178 74 179 107 152 181 173 101 24 152 25 174 189 37 169 107 138 112 155 27 191 36 174 141 14 2 35 45 164 52 200 159 2 23 47 102 92 173 161 54 43 141 140 47 158 196 64 64 129 69 111 151 82 92 122 199 133 10 182 171 63 98 154 195 92 168 149 135 188 169 170 8 128 9 141 33 93 181 114 155 76 56 164 62 61 93 47 38 99 18 92 12 11 193 100 161 17 80 7 66 87 79 170 151 77 119 91 36 14 110 188 130 175 11 80 
111 148 158 118 91 153 38 185 193 72 73 113 179 19 172 30 200 182 142 24 82 92 120 72 106 9 65 40 85 68 31 178 151 66 152 191 6 36 137 118 85 92 149 28 152 186 173 176 46 35 174 81 49 34 53 35 62 34 106 124 57 187 157 172 150 52 67 96 133 154 64 99 118 105 155 71 50 17 133 113 176 179 84 5 139 8 116 48 79 2 114 200 13 50 52 109 20 189 1 148 120 97 111 36 41 158 75 60 180 133 165 146 37 145 146 130 157 130 47 169 188 168 10 136 128 40 42 131 124 47 138 184 185 106 123 186 193 24 185 45 185 27 6 95 103 189 188 186 160 118 
80 74 162 10 175 98 88 184 96 151 11 32 102 177 9 107 31 109 189 150 200 78 20 39 25 180 104 72 113 172 84 183 184 174 101 59 18 4 125 126 177 149 175 144 138 147 50 197 79 187 46 12 24 93 25 139 3 171 108 61 190 115 86 155 141 180 146 39 117 198 175 1 190 43 75 106 69 45 166 8 143 144 70 102 142 5 180 161 6 189 158 184 73 18 75 103 47 115 13 63 97 31 30 176 170 31 87 134 2 145 167 180 64 150 162 174 120 20 63 117 12 138 137 157 18 20 64 10 162 138 34 124 134 140 147 26 137 99 11 200 118 90 14 194 101 10 168 31 14 32 
157 58 73 6 153 38 19 12 24 28 88 97 121 184 138 148 72 16 30 127 27 27 97 180 81 153 174 178 140 183 89 3 99 84 77 25 133 165 124 102 25 34 192 133 138 80 27 8 140 23 161 121 149 82 70 58 33 7 133 199 3 157 197 92 179 40 174 121 176 87 71 20 200 168 68 47 46 55 13 13 61 164 31 132 98 158 55 72 151 128 50 96 74 156 16 36 177 149 109 167 159 25 60 1 33 71 172 92 13 172 54 43 101 157 59 117 51 27 199 177 179 64 135 168 44 92 151 138 90 135 183 145 126 173 93 48 178 75 62 115 107 146 191 178 61 87 168 68 102 191 
187 91 156 163 121 157 184 61 61 100 186 164 79 59 84 112 32 200 108 83 155 35 185 22 151 159 170 124 101 66 165 17 150 147 145 86 98 62 155 149 38 152 177 140 176 191 112 83 50 96 198 130 122 171 127 22 149 108 149 80 22 53 125 179 99 134 176 47 100 75 154 195 132 173 27 110 122 20 64 146 199 140 82 102 97 142 11 146 196 90 109 198 22 66 182 75 89 57 169 44 186 99 193 142 91 53 145 116 17 190 90 58 15 110 25 103 105 115 26 9 180 23 173 175 92 151 49 148 75 103 99 78 166 187 46 195 121 195 62 41 18 122 108 118 138 26 34 183 81 50 
19 71 113 23 124 117 22 130 36 60 132 76 91 179 161 82 82 134 78 10 111 45 141 22 111 164 23 163 193 135 18 191 189 144 51 23 84 8 94 63 96 118 155 151 184 131 121 108 117 114 59 140 152 149 8 85 7 25 153 89 158 6 6 79 101 15 149 163 44 199 143 130 31 79 123 64 177 136 110 57 146 108 83 49 185 34 71 38 186 170 119 149 16 14 167 114 92 144 49 43 52 69 117 108 184 141 169 184 146 193 91 158 51 123 50 91 28 39 72 57 113 38 178 130 10 30 178 127 143 190 140 159 10 48 2 15 42 165 14 45 175 96 183 40 129 91 110 52 12 24 
142 34 127 84 50 174 187 26 126 96 78 81 103 48 200 139 28 75 130 93 108 20 50 85 1 53 104 96 4 76 63 74 101 132 25 180 132 20 150 120 181 156 188 172 122 125 12 180 25 107 187 29 63 164 93 198 106 20 12 173 38 136 29 99 127 89 40 161 97 88 31 116 166 176 100 140 69 133 1 3 196 9 59 93 56 77 128 68 20 48 176 153 12 144 189 168 172 54 100 107 164 68 49 195 131 61 63 37 107 93 186 106 19 147 194 101 145 126 98 111 109 154 13 82 21 23 157 57 142 140 157 167 176 168 146 174 111 27 121 92 4 57 112 59 132 190 23 132 198 169 
121 84 191 198 108 103 199 142 88 111 141 11 191 113 111 20 36 137 31 118 151 121 115 136 45 130 43 134 18 200 157 177 60 129 196 108 26 155 105 151 48 121 191 18 142 13 76 17 158 64 183 150 165 175 121 165 96 123 153 174 11 52 16 81 146 13 76 183 38 162 188 22 94 23 111 174 6 162 72 181 18 101 160 181 171 103 155 98 39 62 121 86 128 168 188 99 44 106 137 68 167 50 75 141 142 122 123 124 193 103 146 191 146 182 27 65 4 155 173 176 79 46 91 178 4 144 132 31 127 139 193 24 138 48 9 44 6 160 161 140 42 124 109 80 70 146 83 96 167 196 
46 188 101 176 141 126 155 139 7 98 152 4 29 120 4 48 163 152 119 110 72 109 82 45 9 22 161 32 166 53 36 158 62 29 179 136 24 17 119 150 127 18 139 178 176 196 194 5 128 24 36 139 23 124 88 197 36 65 192 195 97 136 4 62 105 46 163 143 58 64 130 78 47 195 102 185 100 195 151 176 39 150 120 61 89 67 11 71 125 35 23 170 154 168 150 32 122 61 173 152 131 156 143 10 145 18 107 106 177 35 131 66 30 159 182 187 128 129 196 98 34 126 139 41 31 89 162 85 41 191 160 174 60 154 105 39 90 199 28 99 121 76 31 52 31 45 102 131 176 87 
116 141 44 10 100 182 96 131 2 40 130 129 153 25 3 184 108 24 162 67 99 89 188 174 123 153 178 186 94 22 172 190 119 29 11 70 50 194 123 181 55 148 65 115 6 48 102 195 79 78 154 185 53 99 177 174 105 141 22 121 67 129 23 25 98 70 102 38 74 183 36 72 198 74 147 119 62 65 45 36 177 150 104 21 96 49 140 32 161 50 40 74 129 86 199 57 148 75 88 21 143 125 165 200 86 29 159 49 107 47 136 158 73 165 16 181 130 70 85 168 77 58 109 7 63 35 81 167 162 59 73 107 144 197 141 184 36 18 70 18 127 158 162 93 42 72 124 137 25 83 
36 140 61 28 44 13 136 134 31 116 17 109 178 24 130 185 120 131 96 67 151 125 170 95 18 177 199 156 162 176 67 8 13 78 1 96 17 197 175 123 105 124 54 29 176 172 101 92 104 97 147 169 191 187 129 194 83 195 30 184 122 141 150 60 164 65 2 165 135 187 4 176 107 99 106 40 168 84 7 191 93 148 128 116 174 119 124 152 138 37 199 128 28 77 65 26 7 11 90 179 188 37 118 12 176 40 108 120 13 107 106 190 60 95 3 101 1 151 18 87 101 71 45 191 160 60 83 11 174 73 194 112 16 22 149 69 131 187 149 46 145 58 148 14 167 18 163 178 70 99 
52 80 158 20 13 145 22 133 15 190 186 55 143 110 13 28 139 126 183 60 73 194 12 28 140 154 26 186 111 7 147 69 45 175 63 137 32 23 176 18 166 187 169 93 53 38 39 60 197 144 163 19 71 200 25 182 46 111 108 174 6 95 131 144 14 178 197 130 62 92 190 163 73 182 50 55 159 112 200 89 125 161 8 195 131 78 95 57 130 86 187 75 192 102 80 29 21 137 6 74 163 9 38 98 188 105 152 29 68 91 113 108 167 25 70 116 181 154 39 128 30 106 81 117 48 60 91 22 35 56 140 20 59 14 150 34 184 38 55 94 154 19 40 133 146 73 72 91 24 76 
199 149 130 187 170 134 10 141 66 93 88 134 70 174 156 122 124 90 186 197 153 61 129 198 61 193 126 123 183 179 104 76 119 58 34 77 115 64 75 41 124 29 70 97 200 157 42 29 190 130 81 102 64 169 165 48 175 157 95 11 53 69 74 54 168 70 26 14 189 193 87 88 24 15 186 6 3 17 29 20 57 121 88 174 77 138 162 179 108 160 44 137 55 7 110 3 178 60 70 85 6 38 169 176 38 146 123 142 17 101 174 76 89 26 87 181 32 156 121 177 16 50 127 111 96 6 80 68 83 130 56 58 120 25 153 100 26 46 149 169 63 48 106 64 92 115 71 117 10 175 
182 36 57 24 19 134 45 5 180 33 164 148 188 185 51 31 153 189 14 178 84 188 94 99 181 159 108 36 180 173 32 167 52 177 185 122 150 26 99 5 42 170 92 129 90 184 161 82 19 163 197 30 3 91 135 12 11 13 190 31 90 117 153 138 140 182 81 199 15 103 174 139 36 77 59 44 119 114 10 70 67 101 135 93 79 155 45 136 83 100 7 126 64 55 19 147 43 149 76 62 141 54 5 105 87 178 143 54 23 42 194 115 126 97 186 97 78 110 129 49 162 108 5 59 159 77 129 130 153 167 23 41 160 28 126 52 128 193 137 46 19 95 51 59 102 56 31 112 76 61 
94 108 1 42 112 181 162 123 125 82 115 88 74 126 115 110 73 93 76 151 24 101 9 64 92 172 195 121 133 160 10 35 25 32 56 64 175 179 170 48 5 177 82 6 2 53 149 93 171 130 189 131 107 198 67 36 89 145 111 12 166 113 15 200 156 32 36 176 3 40 99 74 1 178 189 39 7 69 134 141 98 71 91 171 91 45 14 190 192 42 173 132 59 30 76 113 128 184 145 169 196 112 95 125 19 16 168 139 29 38 118 137 125 128 103 140 40 40 31 174 196 100 171 117 63 189 99 148 62 75 162 2 141 113 131 58 162 108 101 8 196 133 28 47 2 28 80 127 55 131 
144 133 98 186 193 139 171 19 3 58 118 105 173 163 141 135 106 137 145 178 73 67 165 112 126 81 7 84 72 137 194 132 149 95 141 45 12 153 25 61 164 95 154 123 23 92 13 170 137 78 101 154 42 100 129 87 94 181 128 92 83 148 152 71 78 80 159 196 193 27 134 25 163 15 37 77 176 104 34 174 173 74 22 67 77 192 64 80 116 136 62 61 50 171 132 62 172 58 128 187 158 60 78 151 54 119 54 16 48 75 24 115 143 191 108 155 193 50 116 87 112 143 164 78 128 196 25 194 55 200 77 77 28 145 166 102 63 76 176 95 182 171 143 10 163 188 200 92 133 69 
183 119 162 17 155 183 14 34 86 60 199 98 151 95 95 5 34 134 17 189 37 136 132 171 61 140 28 46 30 74 196 98 171 124 38 177 24 177 62 91 178 10 169 189 27 44 119 178 41 71 63 13 138 155 38 51 109 77 112 72 188 187 136 77 122 103 200 74 120 184 184 134 140 184 36 179 133 178 124 132 29 94 68 7 139 130 7 36 104 153 169 175 135 124 26 184 57 162 50 16 43 176 197 121 163 106 176 16 161 101 107 194 147 158 176 189 9 170 36 35 28 179 17 188 192 150 162 76 200 26 58 130 197 34 147 197 35 92 119 115 154 199 82 51 167 145 44 40 187 50 
76 71 174 150 166 175 128 61 24 38 141 21 27 121 93 60 18 166 59 190 38 159 58 113 102 162 48 192 126 52 143 135 89 44 196 85 129 50 193 177 80 195 147 191 62 171 39 93 44 194 59 41 192 49 6 39 168 75 149 176 65 168 190 104 117 168 195 117 128 32 141 172 74 179 90 182 90 19 59 40 185 15 110 103 40 110 95 88 141 85 21 43 85 43 197 128 77 6 138 70 176 167 3 77 162 175 68 166 9 146 69 173 12 24 129 23 53 102 82 160 151 114 182 180 110 15 20 146 58 88 26 9 40 119 135 80 79 159 162 148 139 181 104 136 60 31 153 6 99 170 
160 125 83 61 167 90 174 165 69 57 69 189 130 11 9 83 54 126 183 83 102 191 189 180 167 135 129 86 112 106 30 60 172 37 117 20 184 138 19 20 151 176 133 31 118 113 166 16 67 130 125 89 52 20 59 68 63 60 187 133 81 151 24 35 96 3 129 119 117 98 51 154 4 111 167 136 76 30 88 31 173 118 36 174 65 102 76 47 61 61 173 73 178 53 73 99 39 31 148 161 27 5 58 33 154 43 18 46 177 51 125 93 176 61 118 83 178 82 128 169 177 75 172 28 138 14 49 38 37 52 115 71 14 162 46 46 30 42 145 60 73 35 115 7 91 84 136 106 39 127 
64 31 42 39 50 92 70 169 9 160 164 94 137 6 91 141 94 119 72 187 64 42 148 24 96 91 81 64 86 194 2 135 46 82 43 118 118 63 4 53 132 197 195 94 149 7 199 172 81 80 87 175 1 139 131 68 67 48 68 87 188 180 188 186 68 15 106 55 8 60 154 3 142 62 23 132 133 9 167 89 71 140 28 87 12 54 184 96 41 41 177 171 183 169 56 9 114 62 198 33 138 152 133 68 52 129 128 178 45 147 196 147 107 25 129 167 72 35 43 129 106 165 72 57 136 148 181 132 151 84 106 179 113 130 171 112 123 144 24 119 73 124 151 190 113 44 96 5 182 162 
175 170 120 92 143 72 5 20 77 48 138 13 108 163 47 72 59 159 12 142 12 59 33 167 81 71 127 58 115 190 124 58 15 79 157 62 115 92 60 12 26 73 65 88 146 128 47 72 117 84 36 186 58 108 80 117 88 34 17 31 152 128 146 27 117 62 90 95 2 105 2 195 75 179 131 39 169 86 189 157 119 76 36 149 141 26 98 179 130 31 17 38 77 128 98 54 197 126 103 146 35 77 79 182 83 69 178 167 125 24 34 144 54 86 166 142 96 185 160 168 191 99 41 38 51 81 161 198 28 137 20 128 177 127 126 35 90 89 150 159 91 42 125 57 185 121 99 137 150 38 
36 100 43 19 11 71 200 174 2 182 73 9 76 184 143 123 144 118 114 35 82 139 170 149 76 179 192 38 84 63 62 45 124 145 138 115 117 195 44 185 30 34 147 158 101 79 59 184 127 137 199 127 52 79 102 94 51 153 124 67 86 93 62 133 97 150 113 112 132 32 124 22 17 156 20 10 51 18 66 75 141 50 25 83 63 62 169 25 65 7 68 100 73 111 97 121 113 62 2 163 163 107 101 43 65 188 11 190 24 103 125 184 1 143 160 113 16 46 17 30 179 200 125 152 42 70 118 137 70 140 13 110 104 7 198 152 30 64 124 143 170 86 39 121 142 31 155 152 108 140 
92 101 137 62 69 193 17 189 84 100 151 105 52 122 38 109 13 28 84 136 66 87 42 56 43 115 34 49 38 135 116 197 7 35 82 81 49 146 171 158 7 128 29 200 21 104 96 32 4 63 122 122 177 125 158 152 3 70 105 171 29 24 136 36 58 75 172 88 177 175 150 192 196 181 96 77 12 107 194 155 113 4 198 140 78 20 138 6 2 148 78 69 35 135 198 88 73 13 139 148 114 156 177 15 45 186 139 178 12 30 83 43 197 168 48 129 96 109 123 27 193 35 71 83 139 30 85 7 37 33 170 167 112 187 118 116 14 123 145 119 173 95 16 44 134 96 7 71 191 113 
97 105 40 192 6 25 134 120 191 175 113 153 168 181 162 86 118 79 92 131 76 189 170 171 50 152 62 134 144 185 71 55 123 177 38 111 15 110 44 122 134 133 163 62 111 58 120 114 43 47 116 50 34 151 40 159 113 73 23 110 83 104 93 18 77 54 96 126 3 48 4 97 151 83 44 117 166 32 87 107 114 160 118 6 162 195 61 199 18 176 139 143 197 154 158 42 46 110 114 35 20 152 61 184 16 200 170 133 86 200 18 20 134 95 102 174 19 61 153 4 164 5 114 110 101 118 61 99 77 146 85 108 7 64 109 87 187 135 187 22 135 165 116 4 83 65 20 76 157 116 
37 44 122 2 33 59 143 39 19 193 170 131 122 104 17 136 112 3 165 117 45 56 42 44 141 41 199 166 21 18 40 40 44 166 57 54 58 142 123 38 127 98 157 189 26 173 101 11 76 167 136 23 169 164 25 133 146 52 100 147 159 196 155 176 15 78 137 11 72 5 97 150 86 69 28 147 87 125 161 5 144 128 80 58 31 2 154 73 156 31 60 128 94 192 99 178 124 28 110 154 172 33 71 105 119 119 198 27 32 18 56 52 129 93 74 147 44 4 118 182 37 194 59 13 161 190 51 133 123 39 5 86 166 124 112 72 43 7 101 165 110 121 55 166 127 26 170 52 176 162 
73 100 146 142 153 43 177 98 6 174 2 145 51 151 144 144 90 82 192 189 163 41 85 85 72 127 124 151 132 150 127 193 121 27 161 89 68 143 71 160 105 99 23 143 31 100 117 88 144 87 126 101 60 47 24 24 82 150 53 106 116 59 141 121 177 77 106 161 11 81 159 101 136 124 38 170 145 36 140 104 8 92 56 152 28 67 104 90 57 7 162 162 46 98 66 200 57 68 114 177 125 71 133 147 20 36 142 165 15 63 62 165 162 186 89 124 13 97 152 102 169 152 141 25 156 59 167 120 25 41 20 55 197 74 82 67 92 54 24 34 119 185 108 135 108 73 195 67 157 128 
9 31 6 94 58 50 174 150 51 26 55 104 100 75 86 192 138 68 94 8 77 153 25 75 92 143 90 97 47 187 85 40 156 187 29 99 193 140 174 87 113 200 150 74 130 68 24 183 171 126 181 156 82 200 37 51 17 140 148 71 83 98 120 94 58 191 45 117 60 141 54 72 187 116 65 109 65 2 7 45 28 138 56 56 131 162 94 161 150 111 182 183 174 129 52 159 8 177 83 70 172 136 161 114 175 34 36 80 144 162 1 145 179 149 17 49 199 197 64 166 15 114 134 139 69 113 106 28 54 147 139 171 71 12 17 118 155 170 46 100 30 126 121 124 109 160 94 115 100 124 
49 140 149 55 171 71 71 113 30 74 124 92 34 81 108 138 110 192 162 106 34 164 137 26 69 42 128 189 168 122 119 15 1 70 98 82 92 186 2 79 88 68 52 39 83 153 174 41 199 104 45 191 197 156 169 191 176 134 176 91 108 49 53 47 150 59 93 107 169 40 137 69 119 127 153 149 181 23 114 161 46 127 179 108 111 200 13 34 87 70 195 151 89 146 25 72 196 60 126 91 102 109 105 190 166 67 90 8 110 42 194 161 54 88 120 64 199 139 83 166 113 175 93 1 155 159 172 23 8 171 16 190 39 71 117 46 20 46 158 185 25 53 12 188 92 15 26 47 27 165 
160 186 200 123 51 28 40 8 173 149 67 189 1 146 193 109 28 38 50 18 91 20 43 189 199 197 136 125 33 183 116 46 7 153 169 143 161 113 88 96 125 78 40 88 157 2 102 191 81 185 146 80 153 12 30 55 160 160 14 163 198 9 117 19 142 98 197 187 196 81 56 39 76 137 16 193 12 65 82 116 199 170 184 186 119 113 31 90 77 123 15 193 59 60 5 64 87 19 1 69 83 175 30 164 71 21 119 68 101 44 28 41 46 166 143 27 55 164 154 158 45 7 16 130 124 23 187 186 104 182 113 200 180 102 33 186 131 72 136 44 108 114 54 136 36 134 110 67 176 120 
29 95 103 26 163 23 191 155 170 69 104 137 25 134 105 18 143 161 182 41 186 188 6 133 95 58 103 56 148 42 148 45 131 3 26 106 10 154 106 19 100 97 192 71 81 5 104 20 73 16 147 7 199 140 113 150 126 94 61 115 179 60 51 66 14 105 37 14 46 120 8 196 130 139 150 145 154 146 43 78 130 122 24 93 8 113 113 47 147 79 138 123 14 75 15 14 153 99 140 22 59 154 65 195 58 188 34 69 144 10 198 46 159 193 6 164 96 190 3 71 52 62 37 60 96 145 175 42 148 21 11 179 79 11 124 107 113 44 103 48 50 147 96 15 108 102 140 159 23 21 
165 72 109 78 79 12 160 150 16 129 166 195 142 133 120 138 200 10 33 60 14 56 15 22 47 31 2 106 195 141 2 181 107 77 136 139 41 137 120 121 118 43 156 34 112 97 33 9 143 133 75 133 135 152 161 9 80 80 127 36 190 15 145 65 129 12 33 158 174 49 38 34 159 197 74 113 165 26 174 84 49 78 108 95 178 152 131 181 37 197 62 35 8 56 75 158 27 41 131 36 107 3 122 178 102 188 6 124 22 71 97 191 66 39 119 124 152 69 15 34 176 73 125 125 115 17 32 4 33 19 177 185 153 101 198 87 139 122 4 64 158 152 53 76 147 1 25 177 130 122 
150 87 23 18 167 124 27 166 179 170 128 200 8 50 10 149 170 190 119 62 22 12 39 167 13 48 126 54 100 112 193 76 79 42 25 116 111 137 115 176 93 111 184 195 97 44 168 5 69 55 1 105 2 44 138 166 175 166 166 85 149 19 144 51 51 52 146 183 86 168 151 132 146 31 37 114 116 37 193 1 57 27 128 38 175 69 72 21 67 171 185 199 96 9 10 161 1 193 89 46 107 49 49 36 186 164 105 33 116 46 83 180 34 145 39 67 157 121 147 31 107 20 147 146 8 95 109 198 23 76 6 159 85 31 91 106 86 131 142 56 68 102 145 138 144 158 116 167 92 140 
187 161 164 142 16 58 5 26 6 74 135 180 194 93 189 56 102 44 127 199 56 60 139 3 161 135 157 57 148 149 140 165 61 155 37 105 11 132 155 47 144 103 13 173 180 174 169 2 109 13 65 90 130 35 97 72 46 174 159 169 166 132 21 101 117 179 168 116 196 103 73 119 164 196 16 152 18 198 140 133 85 121 144 115 36 26 55 187 196 92 55 80 40 164 111 159 21 50 181 163 5 196 21 123 10 198 94 99 22 143 120 137 28 141 187 157 133 67 179 121 139 100 3 22 157 195 25 40 133 157 193 49 9 46 90 77 134 148 196 112 156 117 74 43 4 38 21 15 136 131 
2 183 165 6 48 196 78 71 127 162 92 110 162 181 79 142 60 150 117 69 125 73 164 72 89 172 94 85 132 128 10 23 51 119 199 194 115 20 113 184 156 143 18 68 101 45 180 135 171 47 83 90 51 175 150 76 6 173 38 192 165 122 87 188 171 151 65 146 179 175 173 95 37 170 154 15 185 129 195 157 138 42 21 128 63 58 159 73 23 77 199 177 36 49 97 24 152 142 3 167 80 21 128 192 104 32 50 163 183 62 99 94 184 7 138 197 137 131 117 5 49 155 20 31 177 151 116 13 146 137 112 37 81 196 68 43 200 162 17 39 81 47 153 81 157 81 74 50 46 178 
53 48 107 122 31 200 27 116 156 125 105 67 30 55 49 73 22 156 132 184 137 188 97 84 91 59 35 149 65 116 98 9 187 170 10 37 30 159 188 23 192 170 38 39 98 143 26 45 98 131 71 190 134 74 14 18 71 57 12 83 143 162 161 148 132 61 147 14 27 117 89 16 16 91 83 129 82 175 128 97 68 100 77 51 184 77 195 152 175 130 28 31 25 49 20 117 68 150 67 65 52 181 27 60 55 152 61 190 120 34 109 101 46 193 172 188 43 159 63 178 198 200 36 103 115 79 53 106 45 24 161 28 136 136 47 105 13 193 47 97 132 79 48 52 197 154 132 124 91 99 
118 80 89 73 90 149 62 147 174 192 38 119 131 146 93 39 140 103 193 162 134 27 167 118 99 98 62 34 23 108 73 168 189 128 89 96 78 108 10 157 50 143 159 149 47 33 34 153 75 108 199 162 167 35 9 154 185 154 73 163 3 105 148 153 88 198 22 57 153 197 78 187 14 133 102 13 139 120 58 31 129 59 42 163 67 49 20 140 147 46 116 67 97 98 138 153 112 140 52 38 121 123 89 70 164 173 168 198 52 60 183 150 160 180 42 61 128 153 143 200 183 135 55 84 136 18 70 30 173 166 53 187 179 92 189 192 169 57 5 129 9 9 175 192 162 60 189 55 48 49 
110 5 178 92 58 30 101 16 91 33 37 132 189 160 86 79 54 59 135 154 195 158 117 185 37 199 139 115 155 140 105 146 47 105 131 7 158 39 113 135 48 103 94 186 97 43 46 182 11 75 66 63 40 40 182 140 111 19 63 62 124 32 119 92 168 107 4 141 199 186 104 83 165 75 147 124 102 131 104 43 193 64 101 157 154 16 168 91 186 89 5 1 105 130 1 128 185 70 9 185 171 55 150 90 1 93 55 45 10 196 182 184 63 130 185 197 62 148 87 77 108 67 75 14 37 170 7 81 92 157 143 51 20 166 200 112 95 161 122 80 125 167 109 26 19 136 15 53 169 116 
154 57 125 105 138 94 124 7 104 33 37 50 15 127 25 107 182 18 98 37 191 74 155 189 108 197 22 151 110 146 163 134 87 160 44 157 103 200 101 95 95 78 28 38 123 176 134 181 42 77 127 112 40 170 50 36 11 86 56 92 174 161 22 163 112 132 69 35 168 77 196 129 197 197 45 83 93 30 77 149 104 118 131 106 126 76 144 69 37 110 157 139 56 184 152 170 103 125 188 197 4 194 98 123 116 90 63 167 144 152 141 144 139 111 108 84 183 109 43 106 120 85 11 45 40 117 69 187 177 186 20 4 155 58 126 138 148 99 122 115 117 127 28 81 60 29 35 129 119 22 
43 67 148 65 186 8 176 198 87 164 6 177 133 180 50 123 177 120 159 144 199 70 116 44 75 112 13 73 152 47 8 96 147 171 176 165 41 2 87 17 80 140 129 92 167 49 90 148 60 168 147 7 51 13 18 76 161 196 38 78 160 176 152 17 109 191 1 138 63 38 151 151 145 39 33 143 29 49 1 192 92 76 64 63 148 117 165 24 74 94 48 175 190 41 153 48 29 123 4 32 60 79 111 38 4 170 184 63 11 53 103 31 16 76 71 56 185 156 137 110 72 60 32 86 131 83 113 200 123 39 70 95 154 63 86 4 43 4 138 134 56 57 110 164 123 121 139 113 151 153 
65 89 184 197 74 163 138 30 30 33 107 189 132 169 118 3 131 67 112 104 23 138 10 200 177 80 177 55 137 28 4 106 64 53 37 191 79 21 82 143 134 55 14 190 40 35 151 36 136 33 173 103 121 168 26 146 54 74 160 128 52 160 128 107 49 145 23 161 92 121 27 197 144 163 16 44 58 130 76 110 20 168 104 65 18 30 36 133 171 154 80 56 150 162 70 78 151 16 16 68 137 177 34 94 162 36 26 163 177 50 163 194 45 64 28 66 58 112 81 38 34 63 68 61 89 29 15 88 139 193 95 63 143 174 181 108 102 102 176 67 2 83 159 47 16 111 130 176 22 35 
148 196 84 21 82 168 3 150 115 26 152 111 7 28 121 120 127 64 52 111 37 147 101 146 165 181 43 93 92 176 157 25 142 27 181 153 101 177 176 175 112 109 61 57 116 173 133 182 178 109 58 68 71 159 36 93 155 49 10 72 160 101 179 61 188 178 40 63 136 43 186 91 195 156 102 93 148 63 21 94 81 194 172 91 89 117 31 196 120 65 171 40 32 52 178 181 38 84 194 112 153 140 140 179 154 75 47 168 198 131 54 7 21 4 99 120 156 101 125 72 113 17 38 16 119 174 199 85 26 120 40 129 34 109 61 171 164 137 197 187 178 50 173 6 147 15 20 100 134 169 
71 63 98 12 140 153 144 186 160 37 177 28 141 22 175 93 151 28 118 178 96 14 174 141 182 110 114 62 62 58 178 135 163 154 159 58 55 103 180 61 79 20 130 31 142 178 112 176 150 133 117 156 198 57 119 114 200 47 155 74 103 47 25 60 75 82 129 110 46 50 15 126 29 79 170 124 50 94 175 185 103 49 82 33 65 71 189 198 53 3 38 126 177 189 69 39 135 186 7 171 145 180 114 109 52 3 96 24 58 13 136 62 81 167 152 110 28 45 193 101 65 161 112 119 21 144 179 99 199 92 133 174 109 88 56 68 69 16 44 54 12 79 121 40 143 59 123 183 76 168 
153 39 177 37 89 184 170 55 73 111 130 5 39 118 171 143 193 51 85 42 146 112 87 13 116 42 10 100 70 47 5 129 82 180 16 55 177 124 193 53 13 160 107 114 194 121 104 40 1 175 96 60 145 44 113 90 127 56 10 190 104 168 128 133 122 84 50 146 70 67 69 165 142 197 12 118 25 15 198 122 96 50 98 184 158 8 127 32 4 103 96 72 77 59 11 148 84 169 84 21 177 188 119 178 32 178 180 37 102 166 108 2 160 178 129 173 178 45 155 15 26 126 116 90 145 168 62 195 111 112 156 156 109 163 30 84 174 54 146 100 21 144 5 22 106 63 117 156 109 67 
148 88 60 98 115 190 135 20 136 60 16 18 38 143 65 143 75 25 38 20 184 31 108 37 22 2 78 69 132 10 19 163 124 143 188 85 7 147 186 176 192 92 14 65 125 17 69 38 34 51 48 127 20 58 114 192 186 80 50 30 55 21 180 151 33 191 62 82 83 148 193 92 183 40 45 71 103 61 103 67 115 177 128 70 45 184 3 180 38 167 179 164 126 153 193 40 94 145 22 139 146 133 200 38 179 68 49 121 53 63 44 145 187 151 66 155 193 58 146 176 116 1 29 139 145 73 143 170 134 118 148 164 98 86 119 97 92 158 140 13 45 134 151 35 134 146 57 19 76 32 
18 192 103 17 102 133 115 6 8 60 18 42 37 154 136 73 144 146 82 142 59 38 148 180 141 74 15 198 173 182 146 198 161 157 125 190 170 181 51 24 107 98 87 90 91 76 67 95 45 4 120 159 72 89 42 53 179 139 25 14 17 118 176 63 151 44 36 56 66 52 55 146 177 43 63 144 125 140 163 71 157 131 115 154 19 130 40 187 82 168 157 187 57 176 43 189 160 120 56 87 44 90 109 104 71 47 197 161 35 147 7 183 28 21 60 95 94 20 36 181 139 153 95 81 198 17 164 188 121 39 7 71 96 84 199 165 186 145 24 198 173 166 155 132 160 188 196 38 192 199 
114 191 47 55 199 113 95 178 142 154 81 57 21 43 74 11 35 92 118 156 75 1 15 64 58 82 72 62 85 90 122 192 198 196 44 127 2 26 73 76 195 63 167 31 38 53 195 87 62 116 24 101 127 148 49 140 32 62 174 188 9 102 147 122 99 160 36 7 62 175 147 41 93 138 8 174 32 68 183 153 81 154 191 133 12 7 126 131 196 11 138 87 142 51 180 17 20 182 25 45 49 157 57 141 196 106 153 62 5 53 7 37 161 31 25 92 114 129 18 78 193 80 13 136 109 115 65 57 120 44 33 121 122 70 141 129 179 9 55 52 28 174 189 25 136 33 5 106 8 178 
184 9 177 156 108 50 78 193 111 36 48 151 167 65 177 175 14 61 115 128 63 169 18 186 19 100 120 83 18 155 98 29 196 138 149 106 86 182 66 70 120 134 33 198 127 26 175 182 70 23 186 148 196 4 157 74 48 126 16 122 36 151 28 94 165 188 92 69 117 42 102 138 7 149 166 101 38 198 154 153 181 172 182 89 15 194 130 62 147 16 194 114 76 101 122 138 198 162 181 34 44 189 69 117 29 146 200 174 72 21 87 67 46 148 187 46 127 77 60 34 113 115 98 188 156 177 172 39 14 166 131 30 82 4 153 7 49 158 109 102 5 17 5 30 75 18 177 55 105 125 
123 16 97 50 100 193 119 178 110 70 120 109 43 104 62 58 22 104 25 105 25 31 196 46 43 174 24 173 181 20 80 145 138 165 174 14 72 160 68 79 81 55 39 56 28 22 120 145 89 91 47 132 35 47 147 85 47 2 185 86 19 132 77 51 101 144 53 29 163 98 188 98 149 75 63 180 157 99 144 164 175 55 92 69 92 193 56 162 149 124 43 37 87 46 26 38 31 76 181 140 91 35 50 175 96 19 29 62 87 190 49 157 40 63 41 144 69 27 9 44 76 156 179 101 63 58 46 63 52 41 100 7 7 78 12 20 93 70 84 170 103 142 166 132 69 2 58 60 155 92 
17 128 52 129 162 165 114 40 49 37 187 171 200 161 30 35 130 196 103 21 18 139 109 104 155 31 104 89 37 155 148 31 127 118 112 146 160 30 28 67 195 63 33 169 21 97 1 128 50 71 147 9 110 168 179 62 105 185 180 156 34 12 189 47 173 155 168 61 173 121 41 27 18 197 165 192 166 174 185 24 31 86 97 35 28 168 79 80 69 29 77 15 112 79 21 76 137 178 199 24 108 84 196 191 1 43 155 133 164 101 62 21 12 114 145 77 176 172 17 178 193 9 166 85 115 167 50 72 169 140 159 155 57 62 183 108 96 155 95 77 146 17 105 193 37 114 196 54 152 52 
158 107 170 53 139 195 106 43 144 67 176 83 62 132 14 20 114 170 104 145 8 106 13 88 119 165 66 159 104 142 96 22 126 51 45 36 77 182 96 42 49 172 5 156 145 138 97 27 136 7 149 54 5 160 5 84 124 157 41 161 121 53 51 159 10 92 54 73 44 195 179 32 111 87 25 62 91 118 132 69 15 156 8 160 160 11 123 3 56 6 153 94 167 38 58 97 186 66 131 49 14 8 99 125 162 188 45 103 73 134 121 166 38 6 172 41 131 180 140 159 77 180 14 104 55 103 45 54 36 142 38 89 26 42 2 148 153 173 81 51 83 13 52 133 142 56 102 84 194 92 
78 11 168 166 157 152 33 109 182 189 97 126 46 67 3 5 72 164 61 75 54 193 186 101 66 195 108 66 172 128 194 85 61 37 75 94 11 106 13 134 166 64 13 26 38 10 28 1 173 101 78 81 188 184 51 178 146 183 112 87 100 173 40 72 127 118 146 171 123 182 119 64 30 55 192 114 137 60 189 113 11 191 146 72 16 108 67 85 74 185 49 10 154 75 174 74 196 20 27 44 52 62 92 113 165 47 60 128 11 134 199 129 177 164 59 19 101 85 110 197 74 168 166 181 54 13 121 18 55 142 65 174 145 54 22 105 65 28 70 195 34 103 161 140 126 63 111 153 118 168 
68 121 171 13 88 136 126 154 151 12 140 28 87 184 173 141 139 87 68 90 183 83 137 169 40 55 71 29 27 78 87 100 71 53 151 140 29 149 67 166 193 46 185 128 107 185 167 144 9 170 48 136 179 34 164 44 72 72 98 152 190 100 18 200 48 3 34 43 10 168 17 188 48 163 168 183 20 178 56 29 85 23 59 3 186 33 108 146 117 80 52 61 17 2 45 124 123 3 72 114 22 12 58 124 65 43 191 179 148 72 17 40 10 148 4 200 28 105 30 154 171 150 184 65 189 34 51 78 49 182 60 14 38 56 138 137 116 179 20 185 31 105 48 196 26 113 170 86 152 28 
155 37 186 144 172 77 77 3 89 9 34 148 160 154 123 24 18 20 50 193 22 191 67 69 48 21 30 116 41 87 133 161 53 155 124 27 9 186 163 23 109 178 86 5 133 28 157 168 57 100 139 38 144 161 48 42 3 60 150 181 193 11 77 200 64 143 183 41 93 66 110 140 189 26 46 97 111 10 198 40 166 121 123 29 43 29 5 87 138 193 158 176 124 196 137 66 18 52 54 50 165 171 146 193 150 82 66 114 149 172 127 176 184 132 178 90 85 173 36 33 4 174 194 119 145 2 108 53 26 153 26 1 72 175 49 47 132 63 113 136 165 31 171 67 104 180 123 43 40 127 
95 140 114 6 116 87 143 111 110 95 25 145 196 154 153 52 76 183 116 94 40 43 20 6 9 154 2 22 43 33 137 17 50 116 10 45 121 1 135 160 106 85 102 169 101 179 93 153 172 192 116 123 44 79 172 168 143 192 119 139 39 175 155 106 197 143 187 83 98 116 42 11 11 43 171 153 56 54 40 199 30 197 45 158 50 29 132 109 183 58 63 132 176 135 147 196 84 78 13 159 31 34 72 129 90 33 170 184 137 19 5 96 67 50 176 14 105 177 88 14 147 88 70 146 6 40 177 170 60 127 111 113 154 81 56 22 50 95 44 153 141 93 1 76 93 132 189 81 139 186 
18 176 167 48 124 75 146 36 60 126 49 90 170 147 106 75 62 23 3 120 57 62 80 120 175 168 6 81 43 60 115 120 159 12 48 47 5 60 31 160 145 74 103 98 108 166 150 83 163 128 63 131 2 128 17 62 125 35 141 79 165 36 49 21 1 85 19 49 146 56 55 58 117 8 161 43 179 191 111 104 19 35 180 18 128 7 19 126 127 63 172 129 168 71 122 126 192 61 42 78 142 30 181 174 116 55 24 190 188 91 92 158 185 54 122 15 187 69 129 195 185 87 76 137 111 185 164 120 44 3 140 172 72 146 119 125 124 102 183 29 127 150 192 139 83 3 61 156 174 98 
106 161 86 9 126 98 174 12 182 164 65 47 187 194 58 111 22 187 6 78 7 12 155 85 77 152 88 3 2 26 194 94 40 14 72 145 168 40 49 29 170 171 140 113 187 70 112 41 167 131 66 146 38 61 133 144 18 85 136 153 91 131 99 182 192 9 45 88 121 172 37 96 90 182 196 133 40 48 82 2 117 148 96 135 117 92 111 182 139 41 192 54 17 167 179 57 132 90 51 190 87 125 166 40 105 118 62 101 94 67 129 132 20 131 24 106 182 194 176 157 38 112 190 115 191 95 163 189 76 4 123 98 29 189 148 16 64 93 132 25 168 112 149 90 85 2 86 155 183 87 
180 200 77 87 48 4 159 22 21 5 106 84 37 75 169 124 15 161 48 56 102 78 61 145 74 9 48 14 128 170 1 115 89 44 186 85 114 11 97 113 2 99 53 108 56 55 165 44 41 28 145 96 156 148 50 33 79 178 72 52 144 97 191 27 28 87 32 95 129 4 11 189 123 142 52 95 105 152 93 155 78 56 37 8 124 41 179 89 139 128 180 173 5 112 147 50 91 107 14 70 65 81 200 194 71 133 12 127 86 108 102 15 153 165 119 170 86 58 37 53 104 25 76 178 47 59 74 43 67 45 168 111 187 87 12 200 26 78 112 153 114 108 132 98 198 73 170 196 91 22 
99 132 89 45 164 79 113 84 21 99 49 11 146 110 147 74 86 119 110 155 15 136 122 195 58 29 82 58 179 167 77 28 118 199 35 80 148 55 127 71 153 25 174 104 48 196 25 31 72 2 92 13 19 15 98 101 188 56 18 142 194 93 29 164 52 150 49 10 135 134 121 200 111 146 105 147 138 17 1 84 155 46 149 194 135 16 163 74 80 3 9 185 63 162 27 60 30 161 147 4 91 93 144 139 34 164 6 29 108 161 140 60 90 179 94 85 67 113 11 87 160 108 66 18 26 52 142 159 118 5 195 159 157 196 171 92 177 29 19 100 106 102 1 130 142 55 155 96 107 139 
89 34 91 181 46 176 92 69 128 88 74 69 169 85 57 188 52 31 193 85 187 103 52 12 183 7 196 157 166 114 84 183 186 176 102 152 109 190 164 76 35 120 145 124 36 1 195 110 116 38 52 36 36 106 175 75 5 200 18 176 59 109 16 122 50 109 147 99 72 130 58 73 33 150 189 95 174 24 116 103 2 79 85 73 11 126 160 34 192 83 61 185 149 123 184 139 123 91 160 105 172 58 18 123 54 188 1 140 102 74 191 85 67 102 21 114 1 65 129 12 121 46 103 49 94 180 153 96 140 138 58 200 199 84 152 120 184 107 30 20 192 100 111 187 34 198 33 111 104 11 
144 164 41 149 161 115 34 63 154 177 40 159 120 148 191 46 164 123 154 147 3 105 13 167 54 189 149 119 150 86 31 138 51 151 63 140 170 189 143 96 199 180 185 66 194 163 38 11 20 2 55 92 9 198 63 66 25 40 50 92 58 141 43 173 15 126 20 157 32 30 187 182 160 162 57 67 108 137 37 58 151 92 120 85 61 152 69 72 23 184 161 77 19 93 16 7 142 36 99 27 165 75 63 14 39 107 81 54 140 52 57 173 29 197 173 53 24 110 35 83 82 24 163 9 106 160 54 137 179 5 12 22 37 41 103 53 66 118 136 191 57 16 148 148 72 161 188 91 62 84 
121 62 169 73 25 87 160 149 51 1 63 129 137 24 74 98 94 182 141 68 97 30 139 134 132 155 44 52 159 92 141 152 67 184 166 100 104 24 160 84 138 95 192 80 63 73 101 148 52 132 170 194 68 178 29 181 68 63 3 85 45 17 86 9 193 161 163 135 44 148 144 116 137 50 134 74 173 168 39 41 90 85 184 49 69 6 189 165 165 162 149 101 177 117 188 84 118 12 50 100 37 112 29 26 57 182 124 73 185 138 89 180 126 82 114 94 127 179 191 72 47 39 106 4 174 52 6 7 114 135 94 151 30 18 169 67 54 121 22 116 180 29 128 123 8 63 143 94 118 20 
23 47 169 18 135 135 32 163 1 125 175 127 30 88 131 97 171 173 33 195 170 178 42 163 2 193 90 167 122 52 50 89 30 14 176 51 31 59 97 183 189 65 97 168 166 186 186 105 151 167 129 123 152 184 200 170 109 98 147 195 177 158 191 89 46 195 41 72 196 18 151 76 67 34 94 31 177 138 45 151 155 180 127 179 20 93 94 178 131 96 29 37 195 54 34 138 194 166 17 17 73 165 98 57 111 139 96 142 69 55 59 67 86 1 59 172 41 74 125 182 62 147 6 97 47 45 43 161 11 62 102 154 167 132 97 96 191 160 119 86 62 178 120 33 43 90 194 152 170 148 
117 89 119 173 153 68 200 181 148 56 41 31 24 190 22 57 140 158 118 179 41 165 154 135 168 168 174 195 158 133 1 20 109 106 14 170 34 59 115 70 175 177 55 155 6 80 133 91 84 49 68 103 89 62 1 178 57 78 147 50 53 162 175 169 151 140 107 182 5 17 136 61 106 186 63 177 103 180 120 75 197 127 25 180 150 86 174 146 103 22 170 43 72 94 192 28 71 134 175 54 143 161 28 155 122 13 89 199 20 4 32 79 162 146 53 22 108 32 101 71 122 147 195 75 175 92 42 183 61 73 10 150 67 21 120 44 30 117 13 154 35 52 37 149 138 73 195 125 175 12 
57 109 51 123 75 17 142 31 90 156 162 192 73 177 76 51 96 32 115 1 6 90 96 33 171 113 197 104 109 154 109 39 152 175 56 112 141 179 33 43 119 140 161 175 150 44 160 152 109 175 114 188 92 91 104 52 143 17 64 75 25 143 150 192 192 44 198 147 106 182 119 34 104 70 19 74 177 156 198 32 118 187 198 137 61 126 183 135 143 169 41 15 71 13 34 94 75 117 60 115 79 45 24 20 78 85 161 65 37 134 57 113 16 91 15 143 78 137 28 77 1 84 53 13 92 38 41 135 133 42 65 49 146 26 160 157 37 3 80 59 92 198 57 165 149 24 75 114 147 124 
158 91 156 11 51 99 27 85 6 189 141 57 141 76 177 59 49 37 117 49 164 128 166 48 152 166 101 115 154 40 152 108 15 29 148 164 16 144 165 159 200 172 118 122 69 108 70 21 91 35 160 23 151 185 92 61 135 23 120 108 162 184 183 30 17 172 184 30 189 140 154 138 55 68 8 28 153 160 135 164 39 34 141 125 96 128 108 11 184 196 25 59 147 53 173 112 102 56 23 45 91 166 56 194 130 58 115 5 114 189 57 98 58 139 51 47 85 75 88 55 33 113 4 120 105 170 32 166 165 172 123 110 68 72 115 5 130 90 76 102 114 6 87 168 156 111 84 53 5 163 
87 39 133 146 78 1 190 56 95 53 37 45 137 143 38 106 182 91 72 8 42 84 54 167 191 42 176 9 100 90 105 174 51 49 160 76 163 198 99 192 161 108 53 188 44 114 86 195 15 198 189 41 64 28 55 14 119 141 51 92 28 161 155 152 42 188 95 155 153 84 162 155 110 16 78 159 185 118 89 123 180 71 132 144 11 76 79 110 69 52 139 65 19 200 12 74 146 49 92 13 82 124 188 34 122 121 92 108 129 120 155 58 168 24 104 37 54 193 122 118 196 165 132 104 36 47 128 156 113 135 82 6 83 66 74 180 67 59 86 175 62 67 177 159 181 121 140 141 197 68 
18 99 11 16 48 24 7 171 71 156 63 26 167 195 114 119 134 181 125 158 90 4 158 67 140 82 23 189 31 67 29 127 108 132 108 75 102 70 63 74 146 197 194 78 148 44 19 10 39 134 76 24 55 103 34 177 155 26 23 93 26 176 60 145 140 77 6 153 141 113 35 10 4 186 59 94 131 4 77 175 110 198 131 68 88 172 119 101 52 61 181 101 174 164 27 80 84 17 27 174 140 126 113 73 98 145 158 71 173 200 181 21 121 191 162 66 172 109 145 148 58 48 162 54 198 31 104 10 107 128 145 195 14 19 36 183 113 99 70 146 60 170 139 149 9 17 189 152 79 170 
183 140 60 87 42 184 130 59 27 88 196 111 25 1 104 23 61 35 39 130 44 15 169 174 147 132 91 31 79 31 137 86 128 108 193 41 166 193 113 129 173 133 141 48 44 93 26 15 164 63 39 58 133 155 16 151 128 188 31 164 156 87 98 157 32 36 80 145 46 68 134 153 141 27 147 153 142 141 113 64 136 164 67 82 73 46 120 117 138 4 58 119 107 75 182 87 184 9 52 8 38 144 6 105 167 190 110 197 79 54 132 125 60 21 21 81 184 89 152 127 117 105 81 166 193 108 60 77 47 125 90 34 196 34 3 116 124 109 78 31 21 35 82 51 13 195 171 130 149 90 
40 191 18 46 24 69 174 92 172 64 2 198 7 108 48 133 176 147 87 120 64 33 187 110 160 176 5 168 104 55 58 103 53 6 171 31 33 55 71 121 187 129 116 67 81 193 38 139 135 30 56 22 79 132 168 29 39 121 151 68 13 65 8 149 13 192 159 134 186 98 145 118 3 132 103 4 113 183 120 17 29 167 92 103 29 84 155 83 36 56 32 22 50 133 197 195 4 141 127 4 51 4 69 58 161 167 37 167 23 23 147 200 20 171 135 149 32 5 105 13 122 40 173 189 178 81 177 153 103 14 135 86 117 163 9 4 66 15 187 59 4 198 159 152 50 158 176 104 63 132 
87 156 75 85 4 12 48 172 131 26 146 28 9 41 154 163 142 112 155 65 83 126 107 134 193 36 193 34 200 118 120 200 187 192 7 80 7 148 72 168 28 169 21 120 40 139 182 146 70 175 92 65 7 16 189 74 126 24 112 181 54 133 96 103 193 104 39 137 200 141 91 150 165 196 160 102 151 147 133 172 170 26 54 105 169 62 74 67 94 185 109 133 163 67 101 140 178 73 131 109 68 176 158 74 178 191 20 104 74 129 11 26 184 95 83 15 189 124 66 5 170 144 94 82 92 195 41 156 90 116 199 83 153 97 131 101 60 157 194 54 120 127 112 167 63 13 137 163 57 70 
179 103 79 55 111 150 105 71 62 4 114 59 50 89 76 64 79 48 176 118 112 132 67 52 178 191 165 89 73 193 147 66 87 154 142 87 138 47 86 95 153 93 159 65 141 140 117 169 68 102 54 68 11 64 73 19 31 13 71 162 128 11 165 174 109 52 81 18 13 77 25 5 199 154 180 100 136 29 139 18 29 158 188 38 101 139 187 62 62 195 74 86 91 109 145 7 102 7 143 131 90 5 144 169 182 42 153 87 57 95 42 97 57 12 62 78 49 159 145 52 73 111 92 1 51 138 81 180 153 57 35 22 190 133 122 180 115 132 177 61 7 47 167 45 196 21 149 50 88 61 
41 50 178 4 54 83 5 39 68 122 133 97 165 24 133 116 167 174 198 30 178 13 39 89 82 58 83 150 188 143 95 154 143 46 194 187 81 65 22 18 177 49 150 147 176 104 39 149 14 47 199 61 85 107 43 26 73 139 158 76 144 156 35 100 101 9 152 10 174 4 151 140 28 162 44 115 33 183 77 58 24 97 128 74 47 178 145 144 2 107 19 42 72 159 123 146 193 148 33 128 50 54 102 163 153 101 79 24 54 31 121 48 55 69 40 198 164 112 173 72 173 102 69 44 102 39 93 45 99 196 75 7 117 56 45 60 121 33 121 100 109 185 188 163 1 166 189 34 92 87 
145 32 43 192 59 192 94 22 74 178 14 123 83 86 165 77 71 123 23 162 66 6 158 167 171 166 85 135 199 152 69 173 111 134 97 188 57 3 156 21 169 96 99 1 172 37 18 57 181 136 54 103 101 105 123 115 107 38 29 53 186 26 69 96 37 56 8 13 153 65 58 16 154 178 150 97 131 134 182 198 30 124 195 200 18 134 82 100 184 116 82 149 154 166 174 67 35 187 69 79 187 114 83 71 28 82 170 91 11 45 114 48 14 142 76 18 123 141 133 78 95 129 7 193 179 9 174 91 19 109 50 110 161 155 191 99 174 195 86 190 61 121 113 184 70 175 152 116 39 172 
6 53 102 149 141 114 91 193 148 153 19 5 195 154 23 79 138 88 139 115 161 46 157 174 163 3 113 40 170 130 94 53 22 95 116 110 164 108 46 159 153 142 124 17 178 170 182 161 166 52 154 66 52 176 15 137 16 124 71 178 93 159 75 141 125 93 93 158 90 117 174 102 98 173 175 133 50 183 67 161 169 94 36 101 70 9 1 166 194 107 34 5 58 115 103 7 122 141 190 108 157 71 114 36 18 104 157 66 84 80 141 196 139 165 197 191 157 55 105 35 142 113 96 170 181 91 14 106 104 35 155 190 170 158 54 155 5 146 58 8 45 148 18 87 83 54 171 54 35 23 
57 115 7 15 100 181 132 70 151 3 48 148 150 158 195 138 167 133 110 158 50 188 141 86 85 93 17 43 8 3 58 176 195 106 199 28 2 145 58 163 128 36 66 55 123 70 120 117 88 19 111 27 169 178 17 184 79 88 43 84 185 200 54 124 112 29 136 194 110 180 66 26 90 53 3 100 143 161 193 17 129 131 183 196 186 29 161 97 114 170 82 185 84 79 47 177 68 151 158 8 5 120 146 96 113 77 185 56 122 196 11 40 147 47 104 66 102 87 13 92 82 11 196 53 194 187 92 51 40 186 171 187 49 197 58 6 36 176 74 5 83 126 21 194 184 67 185 184 108 149 
181 42 117 151 7 25 33 89 45 91 113 88 189 77 105 79 150 179 59 77 147 126 87 200 57 45 42 105 66 174 77 113 21 186 147 156 159 94 56 131 90 106 89 163 103 152 159 159 170 53 61 45 11 88 158 64 76 49 19 154 45 44 105 170 190 9 193 72 108 119 111 137 33 78 72 60 105 118 155 172 68 35 10 107 154 128 124 127 63 130 103 8 151 118 128 20 73 185 179 38 122 140 32 89 129 4 165 138 189 31 57 138 52 154 129 37 195 28 166 166 184 165 112 76 156 200 36 108 92 134 145 77 184 119 197 105 2 148 78 200 8 198 91 140 20 114 82 96 73 142 
55 48 160 133 71 66 47 123 156 46 118 193 105 12 140 60 150 190 167 122 31 200 118 6 134 4 85 161 40 53 55 129 103 84 149 70 173 90 175 43 67 187 43 171 73 38 74 67 112 89 27 17 123 41 37 56 16 193 69 120 15 121 112 163 112 168 88 43 4 46 105 47 104 41 171 156 52 3 112 127 104 160 87 35 54 179 163 16 166 119 66 58 67 158 138 145 18 160 34 96 32 115 37 131 44 20 163 115 29 123 134 170 135 133 177 22 145 107 75 65 160 137 135 168 77 94 49 16 95 49 79 187 95 78 62 141 151 173 30 59 101 200 84 91 31 111 34 198 172 88 
144 64 49 32 142 73 170 23 122 94 66 78 177 73 2 123 178 24 159 139 197 139 82 90 178 136 29 152 9 58 199 25 165 123 139 129 80 154 104 65 118 198 19 19 1 50 25 57 125 144 103 37 198 179 72 198 97 44 57 13 13 59 57 104 40 193 75 9 183 153 6 89 8 181 79 165 113 185 44 176 4 104 104 72 114 176 157 140 158 49 114 141 93 73 25 49 200 57 73 118 118 30 154 19 116 101 47 170 71 62 98 149 134 156 63 102 43 34 64 97 48 154 182 96 89 89 61 154 107 200 73 49 155 185 32 93 116 177 135 147 45 33 134 97 138 146 191 146 45 199 
164 101 29 29 173 98 13 136 37 117 134 9 38 41 52 119 77 135 28 41 154 82 13 31 196 39 16 148 123 143 24 24 133 49 1 65 98 188 14 175 5 42 75 84 129 129 7 61 37 5 82 57 170 138 136 8 112 123 98 77 139 191 200 14 137 50 159 35 153 76 199 141 158 193 27 179 151 114 107 80 22 29 26 162 189 143 43 13 94 113 49 47 166 41 2 128 188 66 107 104 161 53 159 172 66 74 63 5 42 69 75 146 131 122 73 145 74 182 153 136 184 195 161 11 9 50 93 194 121 90 170 62 75 175 82 22 122 37 40 1 123 100 182 179 9 1 198 89 42 135 
126 68 196 114 133 12 103 66 151 65 74 110 54 87 61 153 125 120 146 24 71 42 112 134 184 25 22 105 148 84 166 162 189 192 167 20 49 186 108 69 3 56 142 180 56 75 4 37 31 180 195 121 74 146 123 155 194 109 52 194 110 80 166 70 140 130 55 8 40 43 63 25 184 2 20 172 170 154 34 135 170 25 19 35 55 40 150 115 95 178 74 39 107 6 106 96 7 110 167 45 99 120 193 176 91 23 41 41 1 138 192 39 76 90 166 41 30 86 61 122 101 10 136 85 121 21 95 13 42 162 19 118 193 134 12 141 14 38 137 72 36 75 190 8 96 189 144 163 26 107 
171 58 95 96 133 137 153 41 173 38 104 165 59 154 30 150 13 123 187 176 129 7 102 18 11 193 187 70 144 188 93 88 156 182 146 63 177 155 29 167 131 16 189 63 189 137 110 123 157 160 124 51 25 99 138 57 137 191 58 97 26 111 70 188 100 143 159 39 84 193 40 116 56 195 78 114 14 38 57 163 16 108 58 49 11 101 194 8 198 124 128 38 191 187 174 77 101 199 61 20 95 43 1 19 112 169 196 57 152 165 138 51 102 183 106 52 162 183 91 65 175 67 163 130 4 190 199 102 197 149 145 85 63 58 16 29 108 62 105 66 18 149 46 72 126 29 184 199 18 148 
120 45 169 58 28 145 192 76 155 80 122 55 131 33 53 76 110 184 24 163 195 131 71 96 99 173 183 113 14 191 144 177 6 190 30 146 115 90 111 174 119 126 119 72 15 148 113 48 73 175 115 161 105 188 22 48 95 145 132 57 22 33 101 142 80 3 180 176 23 68 128 128 56 176 112 147 34 37 5 152 48 78 122 187 111 20 42 92 33 3 151 197 12 126 132 137 133 134 143 98 196 173 177 57 179 75 112 137 60 58 24 15 87 68 117 124 62 73 71 165 49 99 63 97 89 127 96 112 18 51 117 28 172 186 59 65 76 197 149 99 121 7 39 20 157 159 191 89 119 66 
34 37 188 33 122 131 71 178 46 124 1 129 132 58 94 105 110 42 105 173 185 101 59 133 103 56 29 86 175 115 11 148 32 133 97 46 197 174 87 135 181 144 146 137 54 115 104 15 179 89 177 19 45 14 181 110 192 134 39 12 170 102 159 150 174 81 66 199 128 21 32 147 38 197 123 13 67 13 8 131 40 172 138 49 161 23 182 192 5 182 7 171 114 100 22 92 137 158 41 116 67 3 159 125 180 9 196 125 39 165 70 143 81 74 132 197 151 149 167 80 125 78 64 46 162 109 188 87 99 18 173 169 175 27 196 33 66 188 36 21 63 29 128 80 61 162 97 140 10 170 
169 118 66 114 93 128 2 16 197 99 131 109 70 33 126 25 138 77 107 185 53 162 108 109 192 99 182 47 66 160 22 49 102 25 178 63 183 152 119 46 80 35 91 135 62 51 135 161 72 4 178 163 10 125 10 25 86 132 67 188 122 48 167 162 120 79 197 158 54 106 192 105 130 124 84 60 95 2 198 58 114 135 177 51 70 158 197 82 184 71 166 68 156 134 145 111 169 20 186 44 116 17 95 109 80 59 109 149 106 16 44 38 137 108 14 178 81 59 1 164 123 70 166 98 27 89 85 60 157 149 162 129 24 119 119 145 198 69 32 180 26 179 163 66 174 189 39 150 126 88 
86 46 189 189 64 69 127 10 85 1 196 19 29 121 94 29 47 66 194 195 123 125 176 143 164 83 12 133 195 191 108 66 11 17 18 159 40 169 135 115 177 192 142 41 58 99 139 158 87 26 39 95 84 7 195 184 109 88 17 15 68 171 134 190 31 8 74 95 172 174 12 85 101 91 133 181 166 127 19 165 66 57 200 68 177 45 133 70 69 107 80 132 182 168 178 33 49 163 102 174 50 36 139 50 35 156 9 44 188 74 125 107 60 112 13 64 161 24 139 146 159 177 93 85 59 142 82 48 140 84 197 34 77 13 1 116 121 12 6 180 62 103 34 97 24 141 182 76 183 153 
103 100 172 180 52 177 23 51 158 110 146 72 20 49 10 47 23 154 49 101 147 60 11 173 169 4 131 66 147 187 103 24 113 71 23 166 184 88 198 96 101 191 196 6 161 122 109 145 70 4 40 65 70 108 71 139 117 13 185 111 97 190 106 89 105 94 81 47 200 118 83 129 179 172 170 197 153 1 20 15 193 87 11 43 62 62 116 152 85 3 182 56 129 125 194 15 81 50 67 130 15 162 137 179 146 180 93 54 65 11 145 181 57 5 120 158 66 89 37 125 10 156 179 154 81 47 133 177 66 46 117 198 7 4 37 104 133 8 89 100 3 167 161 59 145 96 182 150 22 48 
97 111 33 139 151 154 114 37 67 73 128 115 92 54 176 20 70 4 76 6 73 137 15 95 137 150 8 152 138 66 106 75 70 127 48 128 140 42 14 178 142 58 93 81 92 28 80 129 137 12 82 145 162 110 6 111 159 61 198 103 88 7 32 67 121 152 162 94 127 69 162 84 75 138 57 49 33 19 17 61 1 25 136 82 108 14 54 38 127 130 107 103 176 126 51 120 86 18 50 48 189 6 81 9 12 112 186 199 113 64 180 97 5 79 15 88 117 143 76 86 143 91 135 126 50 84 159 35 152 109 89 56 26 190 196 58 83 155 64 74 71 103 160 178 144 72 22 48 137 77 
38 7 111 155 21 41 67 96 82 21 182 44 102 60 135 184 4 98 180 152 92 129 22 115 133 36 110 70 98 69 110 20 193 71 126 104 197 129 62 137 118 79 131 98 28 116 90 106 161 26 150 64 55 93 153 25 5 85 69 132 30 41 89 190 71 97 18 199 11 123 137 98 127 139 116 21 122 82 147 160 34 23 182 185 37 94 118 2 159 110 153 180 124 113 39 31 130 153 42 192 179 142 33 188 66 8 23 30 11 124 40 128 59 155 96 169 69 158 36 52 127 57 176 18 64 91 141 118 157 72 127 150 55 163 72 1 56 81 103 78 85 41 117 101 18 144 7 154 1 186 
112 168 160 104 120 138 92 96 16 92 185 67 78 198 150 95 46 175 33 139 63 183 139 169 99 123 12 35 166 153 56 59 171 67 167 129 139 149 62 199 56 116 183 104 29 105 9 116 56 123 150 165 182 75 18 198 71 41 147 188 70 170 122 124 36 78 150 34 32 83 36 121 141 137 76 84 44 59 44 117 84 40 32 65 59 107 61 69 144 27 159 75 112 119 75 170 199 72 178 123 60 49 196 68 124 139 107 8 93 113 83 82 105 125 169 187 65 8 134 108 137 159 36 46 178 120 12 10 170 108 200 61 184 157 116 67 90 173 165 62 7 155 154 110 41 184 149 177 105 158 
169 122 115 36 51 118 150 58 55 7 35 195 177 114 114 139 27 183 87 10 18 97 198 166 157 91 78 140 192 158 188 40 139 91 159 7 9 65 51 159 108 180 196 81 82 155 152 189 22 108 192 149 186 95 99 25 17 43 183 104 79 182 124 114 2 68 123 119 107 132 44 55 46 141 54 160 36 156 178 82 97 142 18 169 162 134 194 151 44 72 52 11 46 51 22 56 38 166 117 183 31 125 91 82 8 139 172 50 57 123 159 88 1 68 165 169 102 63 161 162 67 46 114 108 115 118 117 163 151 189 33 90 146 90 79 37 123 176 127 83 175 121 196 62 103 4 198 127 14 168 
64 13 56 30 15 117 115 163 10 192 173 133 136 96 105 79 139 195 34 105 84 145 187 154 179 194 52 147 30 112 83 15 70 165 72 135 24 26 165 13 34 165 184 166 151 151 19 181 190 113 8 34 85 87 171 148 157 130 138 71 195 13 178 178 106 154 96 46 117 81 90 182 46 16 176 186 56 10 26 198 165 114 91 95 11 86 15 187 186 156 145 85 45 191 54 12 122 117 150 116 191 190 172 48 75 162 153 68 5 48 36 120 23 72 186 111 170 68 95 179 123 136 86 185 48 139 79 64 24 171 101 68 85 110 47 56 175 185 64 98 159 90 98 160 94 20 62 185 138 112 
105 154 119 25 117 157 166 11 137 133 16 186 156 161 139 147 53 76 198 81 131 33 167 82 110 66 130 31 66 155 95 39 30 73 71 138 10 43 42 17 86 95 152 70 73 69 193 69 91 103 183 194 59 39 21 93 57 151 71 20 20 73 168 136 149 76 199 199 111 74 22 166 172 145 69 34 155 42 198 22 70 163 108 139 89 52 97 164 34 69 75 24 156 16 13 122 112 132 181 154 46 103 102 68 35 120 83 195 165 17 64 57 56 109 2 18 87 104 112 11 81 98 153 40 109 146 11 121 191 89 182 10 138 129 169 158 177 145 114 173 143 124 113 111 65 123 146 112 3 77 
42 18 76 19 127 53 198 61 115 45 30 73 84 67 41 108 32 178 40 67 26 160 165 27 117 126 195 189 88 30 185 122 20 11 166 128 4 23 176 36 45 150 28 137 116 73 193 44 198 89 4 55 63 123 38 199 68 144 186 15 100 82 6 10 192 110 1 31 73 119 92 104 30 191 98 31 156 150 26 120 139 92 176 134 4 16 86 126 133 179 15 104 120 82 10 77 197 67 46 64 51 95 58 28 74 8 18 86 65 38 118 37 172 175 33 175 18 9 163 147 12 9 107 161 3 44 110 24 37 85 25 44 195 157 89 36 166 73 164 144 116 17 99 175 187 119 149 143 18 67 
72 179 52 68 94 156 20 95 172 140 152 172 102 59 25 13 184 1 114 79 34 99 160 42 14 13 59 182 130 147 19 22 147 63 17 51 60 130 80 169 3 132 181 83 12 97 84 97 64 173 115 107 60 64 169 101 23 186 158 99 86 124 89 30 189 53 130 36 173 155 135 39 174 102 109 14 93 177 23 107 86 65 103 187 193 79 74 126 111 75 75 19 88 17 21 28 2 12 164 139 188 172 20 189 36 79 65 97 96 70 2 146 62 51 138 87 111 72 11 116 128 58 133 23 51 73 109 121 131 108 79 100 121 155 149 69 64 151 19 12 65 189 57 77 60 108 141 141 107 21 
108 77 160 165 38 3 35 165 155 50 54 71 110 116 35 105 151 183 136 77 7 200 132 162 183 5 22 8 3 56 159 115 11 7 7 70 113 171 134 196 186 184 66 78 68 82 128 131 178 71 46 159 147 171 142 100 145 181 148 187 14 108 142 144 129 7 55 148 26 51 172 65 49 190 29 131 112 120 110 179 159 132 134 77 68 19 99 32 138 95 155 79 77 18 15 21 149 125 28 31 13 182 166 74 150 118 196 167 102 66 156 91 18 112 200 184 41 101 53 65 24 120 132 129 56 61 186 20 51 83 186 52 168 147 101 156 109 58 88 92 28 96 154 184 155 77 9 35 149 192 
14 54 154 84 73 98 124 147 39 21 37 85 86 86 196 69 53 122 171 50 111 193 26 80 153 154 55 106 151 47 168 190 165 169 169 130 174 57 69 143 27 111 59 183 72 74 32 46 174 80 45 149 94 187 16 53 45 7 181 159 32 130 52 158 63 182 57 58 14 21 139 118 117 157 75 37 136 79 140 70 12 57 114 145 53 48 55 175 82 169 13 195 91 127 70 39 200 73 82 15 28 124 29 74 79 51 96 22 51 32 187 61 160 114 59 38 131 156 102 185 167 102 46 156 55 118 86 155 179 73 68 86 160 75 47 9 65 10 144 30 181 169 186 156 191 172 70 111 9 151 
139 198 138 143 58 165 6 187 193 17 31 79 153 118 170 40 83 85 88 29 90 31 112 113 182 44 13 27 7 186 182 200 171 73 84 184 191 52 94 198 153 187 120 26 146 94 103 136 123 36 43 96 82 47 134 44 108 189 181 108 4 127 190 112 128 187 18 50 93 136 165 41 71 161 77 133 190 106 68 128 85 64 62 186 24 50 196 55 148 163 142 140 170 96 54 79 128 154 40 28 181 67 185 64 163 189 193 95 54 71 136 158 95 8 23 160 14 75 198 171 77 78 101 150 130 69 123 145 178 193 173 173 129 147 146 139 92 20 94 177 42 106 152 28 101 5 88 79 94 85 
141 177 181 154 39 197 167 109 121 112 187 126 134 48 129 157 112 74 200 107 198 158 56 76 154 26 174 14 41 147 144 161 93 28 113 85 117 115 140 128 83 6 137 146 91 73 87 163 152 15 58 102 143 148 45 10 108 173 117 168 39 179 25 175 183 120 131 187 72 92 78 148 169 109 110 38 59 139 173 152 20 186 107 74 8 132 7 14 169 120 127 75 163 49 16 157 130 18 171 176 40 98 154 121 171 55 132 179 98 136 109 25 28 14 184 82 142 120 7 100 16 171 149 31 180 118 56 66 101 173 132 192 89 59 29 67 10 181 176 80 15 9 118 114 29 160 63 128 35 147 
13 74 135 196 135 9 134 141 52 81 148 107 70 177 92 36 192 47 196 142 176 133 147 63 190 74 131 147 37 133 75 113 180 53 31 187 119 1 34 29 105 96 54 147 4 192 51 139 102 200 87 158 146 24 21 158 31 151 199 171 193 163 108 27 74 62 153 153 50 1 46 44 116 141 199 82 183 124 180 152 140 110 135 168 16 199 100 136 10 1 16 157 72 150 142 131 157 56 91 195 26 24 111 186 70 55 121 181 9 66 7 11 2 68 196 194 91 33 143 29 101 141 106 66 71 175 103 130 110 151 50 82 137 122 87 186 176 97 127 122 100 144 45 116 168 188 37 101 40 115 
151 102 180 146 98 40 20 169 169 113 143 9 14 92 104 149 92 90 80 105 143 123 190 90 189 72 28 7 101 174 188 125 62 16 130 161 173 20 102 114 154 55 195 99 123 16 108 84 10 12 130 16 97 153 149 66 36 122 54 67 76 181 160 93 65 147 132 98 24 1 99 106 101 67 55 59 16 54 46 91 133 110 118 82 75 131 85 91 19 189 37 158 88 86 141 68 186 111 81 30 88 3 93 46 15 48 118 124 56 160 37 2 188 97 38 118 13 29 61 120 178 68 34 146 141 44 103 9 75 15 66 65 118 47 158 56 173 189 159 194 96 106 42 32 162 79 72 42 107 7 
8 85 148 112 144 111 70 36 88 104 94 44 16 55 93 112 180 189 37 18 4 105 66 194 109 15 19 190 118 131 101 25 51 152 139 31 103 165 124 6 114 91 194 72 128 185 11 39 6 86 20 155 178 77 65 82 153 10 182 154 181 70 36 137 182 159 58 129 38 87 117 23 186 43 101 86 172 184 19 110 104 158 111 43 105 184 164 178 136 106 113 87 165 94 8 156 83 94 166 2 190 128 177 39 175 72 62 95 196 56 194 125 65 32 130 191 26 146 167 83 160 28 122 104 48 110 122 141 53 49 130 65 170 131 115 136 129 47 143 47 175 48 132 43 196 42 56 104 150 49 
180 138 122 77 77 101 21 144 200 93 7 31 99 38 129 184 99 112 132 102 68 150 48 37 121 14 143 101 29 127 200 174 97 149 165 192 22 31 145 171 39 185 161 108 137 167 193 112 198 61 46 70 67 25 74 157 190 179 98 147 146 183 110 182 117 93 32 184 102 83 69 40 149 188 157 51 78 151 22 179 153 82 177 78 98 64 192 128 8 10 83 54 13 115 100 177 180 74 177 94 142 11 42 104 6 164 164 126 25 107 104 154 53 32 110 50 24 191 74 121 44 154 134 146 81 19 179 173 101 166 72 188 84 180 34 25 180 39 91 70 86 3 127 184 184 175 199 10 179 34 
8 112 141 198 170 20 98 10 18 82 44 185 161 13 88 196 47 168 123 147 146 79 45 47 195 107 5 45 192 169 105 36 52 188 71 96 120 185 73 71 44 166 106 135 128 146 156 89 72 40 195 101 193 171 104 30 112 53 38 108 161 139 40 170 149 20 47 49 55 193 125 133 136 187 67 72 149 145 190 169 188 16 199 91 60 176 131 194 181 46 114 186 13 34 9 142 169 41 144 19 166 145 90 185 165 113 79 28 156 10 184 105 16 20 145 84 42 20 12 100 121 59 83 112 21 129 54 21 73 128 64 145 152 190 199 169 114 107 157 130 197 82 55 151 113 195 173 131 21 75 
8 103 145 142 135 109 172 181 169 179 142 5 30 16 13 132 54 127 129 69 123 8 100 59 56 147 132 113 41 191 31 106 117 131 124 58 187 170 33 62 4 165 200 137 138 140 145 32 118 78 87 97 50 158 138 156 62 130 114 180 43 59 107 46 137 28 106 166 169 107 124 76 146 52 149 181 96 93 10 43 30 21 49 14 117 150 153 115 157 195 7 89 116 19 147 133 185 101 109 155 7 16 142 12 121 184 128 31 104 44 46 67 71 112 63 174 104 25 173 65 144 53 33 33 163 11 142 134 195 127 185 177 175 67 177 7 191 172 41 49 193 58 104 127 79 13 151 148 84 2 
3 186 4 38 148 89 57 130 194 37 88 195 164 35 148 79 171 98 69 27 183 115 114 99 4 107 191 95 116 77 197 184 107 111 131 167 147 55 162 81 45 104 38 144 127 87 58 124 119 7 175 92 74 45 136 80 196 7 7 186 155 152 51 20 175 16 101 163 20 55 95 10 130 181 162 125 32 32 67 96 88 63 41 100 40 33 49 185 144 8 154 50 175 50 151 47 45 78 21 92 147 83 164 97 64 137 70 74 187 6 186 36 153 81 193 107 132 1 50 106 81 57 77 126 126 175 24 181 57 70 114 110 16 43 102 108 115 99 89 95 193 41 196 90 41 152 73 120 61 26 
61 42 14 170 192 89 141 95 188 17 119 178 116 25 73 41 123 69 79 137 77 137 27 134 62 168 186 147 184 75 3 129 28 65 12 31 12 17 56 15 18 172 106 123 116 6 47 196 150 86 57 132 154 163 69 46 35 197 13 116 110 79 173 128 35 67 105 34 9 85 155 166 131 103 63 82 125 120 47 133 140 9 98 9 112 22 54 93 36 56 19 120 104 49 6 131 26 176 137 190 122 58 80 19 81 179 177 185 67 102 174 197 105 77 41 155 188 86 104 28 106 151 113 3 12 176 34 146 118 199 105 172 101 195 157 179 11 150 89 170 48 18 59 177 134 101 180 76 28 69 
135 193 194 100 104 149 75 54 1 25 5 118 47 176 8 185 155 49 117 19 93 76 93 27 83 155 110 170 160 55 144 82 63 44 7 177 23 132 61 105 91 185 141 152 148 104 30 71 94 146 55 151 83 151 17 136 145 180 9 95 189 122 101 91 62 116 77 48 126 164 97 22 74 10 92 77 59 59 7 12 82 139 104 13 37 147 84 194 118 162 60 129 128 19 140 58 144 93 59 186 154 108 147 119 101 43 29 101 39 27 85 169 180 99 23 175 151 163 119 169 164 11 120 1 152 143 175 20 98 141 57 157 124 37 60 182 172 53 51 8 189 60 63 146 161 65 152 173 166 74 
79 23 109 85 34 132 105 74 81 63 38 174 98 68 25 142 136 199 59 151 101 122 82 29 65 69 10 19 82 115 66 165 146 173 73 149 56 61 171 127 49 141 93 41 5 113 84 152 168 58 168 68 49 14 10 112 23 34 72 144 136 55 160 108 145 78 11 200 78 179 75 62 3 34 191 111 174 45 126 149 14 122 19 55 51 87 189 37 157 133 165 73 92 140 112 194 78 22 144 55 179 86 106 69 182 106 153 29 5 144 155 8 12 33 30 180 199 105 66 158 159 30 55 100 57 69 17 139 4 57 189 166 125 140 133 75 157 195 192 82 163 195 45 51 91 65 51 166 126 192 
54 153 156 70 171 134 48 112 77 77 153 74 155 189 71 53 178 79 41 13 168 164 74 183 106 163 152 46 90 77 18 28 10 188 109 175 143 39 98 1 16 165 84 129 63 153 138 85 13 5 40 166 117 53 139 128 168 40 179 199 147 8 189 114 37 189 135 64 98 49 192 146 60 23 146 81 66 172 81 99 146 125 20 9 197 89 38 23 29 137 123 48 116 191 187 53 17 140 18 178 86 176 77 64 118 167 2 49 51 18 154 5 184 49 145 199 147 101 68 123 63 89 119 22 111 191 55 30 170 74 181 76 107 78 152 159 81 165 191 81 104 157 39 29 149 123 85 143 40 167 
61 12 138 43 188 93 122 68 65 122 40 53 125 84 62 20 59 62 147 19 3 39 161 78 70 114 197 76 20 154 111 157 54 35 197 189 32 149 78 65 51 105 70 132 57 114 102 60 160 54 183 129 15 175 82 22 33 179 175 173 41 45 21 68 134 148 122 33 165 101 51 165 62 114 66 137 39 14 39 111 163 9 105 105 62 188 93 124 175 15 74 48 66 62 10 52 187 198 35 182 140 110 184 147 161 147 70 123 189 138 164 168 80 105 143 31 79 190 48 104 47 80 9 99 84 85 158 116 21 31 115 158 103 74 185 171 60 63 91 143 63 198 144 131 128 145 14 54 145 23 
87 164 106 34 4 195 81 75 69 114 32 192 57 121 137 32 131 145 16 16 188 19 127 180 98 186 29 79 117 42 80 135 111 118 68 141 69 119 87 67 63 149 187 185 21 121 135 23 104 171 68 11 38 194 15 84 69 24 152 135 51 183 52 56 139 186 156 141 139 59 136 103 141 200 177 69 54 26 184 94 104 39 21 86 172 168 87 144 198 131 43 60 160 103 79 11 39 16 54 131 179 177 73 135 158 66 184 75 34 156 185 139 108 74 57 42 11 95 71 11 170 71 170 61 67 6 149 120 74 113 174 142 75 89 178 130 2 64 131 5 171 101 135 153 79 54 184 138 159 62 
131 102 55 51 18 134 169 22 195 196 23 199 18 110 126 98 159 22 162 177 175 88 111 7 12 180 154 197 145 141 96 67 157 27 9 38 55 179 192 106 126 33 124 100 193 161 49 12 131 83 183 43 124 91 101 173 198 194 77 68 2 141 17 103 162 32 160 94 36 162 24 170 138 50 135 46 128 85 14 89 46 176 37 60 170 45 11 11 195 194 4 137 129 61 119 135 101 172 88 166 57 1 16 69 74 90 92 165 111 164 3 184 50 141 137 152 115 121 146 1 166 142 148 104 53 49 65 46 122 24 139 139 68 181 173 52 17 64 57 25 177 156 62 97 104 97 92 67 146 104 
19 136 183 175 84 121 25 94 26 17 117 1 146 104 192 196 166 49 37 132 35 47 106 27 54 5 94 22 2 27 65 58 84 136 186 141 187 68 54 178 119 77 177 176 175 147 200 69 17 98 181 161 172 190 35 32 15 198 38 166 86 133 34 69 126 136 14 39 67 60 168 101 27 170 150 111 122 199 150 21 194 127 37 95 11 142 184 75 44 33 2 45 187 148 30 187 29 88 178 84 51 10 154 67 17 32 69 95 174 173 29 186 148 126 47 171 194 43 28 106 102 68 85 194 126 37 137 87 24 129 105 98 129 152 39 97 121 9 67 1 105 175 132 97 78 98 75 172 68 30 
178 175 182 32 4 81 82 1 115 85 189 137 55 34 140 43 12 104 127 34 33 33 200 172 158 2 113 79 18 98 7 148 113 189 158 21 124 176 139 48 192 118 131 24 130 174 71 170 140 128 50 135 37 23 195 193 126 97 167 188 157 82 199 165 40 26 11 28 21 97 130 139 169 31 191 11 139 140 124 176 182 102 83 66 126 137 54 199 198 30 97 98 153 169 45 66 185 175 159 68 160 179 167 68 121 14 60 80 185 51 86 126 62 52 150 3 155 153 159 168 148 34 139 106 90 65 154 54 50 111 70 85 147 106 84 149 41 58 165 63 77 80 39 39 176 115 49 52 191 89 
140 184 14 122 89 179 106 10 2 162 124 42 11 161 73 196 39 2 102 65 68 95 125 134 35 64 61 105 155 124 106 125 171 81 78 128 21 125 21 1 192 180 153 99 56 166 142 66 48 118 165 191 16 79 98 135 137 74 128 39 122 47 183 42 44 145 195 169 61 45 86 109 9 36 124 74 57 162 167 113 15 10 193 141 134 110 174 73 40 56 36 141 68 14 176 37 164 109 23 39 176 40 21 150 105 5 193 48 6 160 157 154 19 198 22 107 171 106 191 91 57 132 150 27 30 154 110 1 63 158 79 94 38 158 157 130 151 174 165 157 73 173 174 155 77 103 24 111 21 65 
92 180 56 11 171 193 53 103 72 81 162 164 148 188 122 20 142 55 124 108 101 130 128 91 143 42 46 51 23 140 101 184 136 183 140 65 99 165 23 158 50 40 115 71 146 185 122 4 102 90 188 80 19 120 115 195 35 117 197 187 17 25 107 68 11 55 174 120 86 105 12 198 142 65 7 105 193 88 168 39 157 180 197 67 9 99 164 102 79 51 127 42 160 23 161 135 133 152 130 126 94 172 140 21 169 176 194 199 175 49 71 174 149 33 99 13 108 73 89 86 165 133 160 166 32 91 194 92 98 113 125 13 191 182 9 60 175 7 50 86 109 2 52 21 25 38 143 9 120 45 
119 92 35 99 174 163 136 115 28 87 104 113 106 6 117 87 155 177 193 2 116 151 158 85 91 159 119 167 70 82 67 103 109 51 143 163 118 110 154 60 17 86 132 63 128 32 156 199 40 42 165 60 197 38 126 69 162 144 170 62 45 118 99 93 172 44 199 35 58 128 109 158 45 131 54 45 195 95 87 147 169 181 74 185 26 153 98 8 40 131 28 184 83 98 100 54 113 82 74 169 114 170 184 146 139 173 86 16 185 180 108 188 37 165 129 97 120 13 158 135 141 146 142 158 12 190 110 124 187 24 190 40 174 60 85 135 71 58 85 150 97 176 196 105 64 3 103 140 119 91 
125 191 30 181 163 187 11 133 98 67 88 149 43 146 76 115 190 2 198 96 186 149 61 134 130 152 52 139 170 137 157 147 118 27 117 42 77 31 136 92 8 22 191 98 105 24 114 75 155 68 66 184 40 24 1 96 138 147 168 45 86 109 142 42 133 131 58 45 156 192 180 103 186 100 144 70 100 46 85 133 182 84 22 69 140 140 120 134 171 198 66 4 92 48 146 62 113 104 102 138 75 132 109 51 78 163 149 190 129 123 199 43 191 93 100 103 9 164 128 74 58 53 22 177 25 128 174 52 66 135 174 50 110 183 150 43 19 105 178 84 40 191 77 4 113 11 199 67 189 189 
109 99 14 5 17 7 4 19 161 128 68 159 62 112 2 31 135 43 53 110 190 14 128 96 18 30 20 171 160 71 137 51 84 159 184 32 116 177 50 2 66 109 134 145 88 31 116 20 84 119 28 40 55 171 147 111 92 67 179 79 46 133 67 173 200 57 55 20 50 60 29 65 151 10 143 128 154 76 182 186 170 101 189 161 168 23 64 96 166 126 139 91 173 183 33 182 40 193 5 121 31 31 141 56 199 34 13 152 12 149 159 150 88 86 89 141 138 20 194 8 53 184 32 198 96 82 60 5 132 191 162 147 155 139 71 94 87 84 199 122 47 53 111 133 43 53 44 79 58 60 
9 116 16 93 1 94 129 23 137 134 165 69 167 132 125 98 174 43 23 170 27 192 168 94 116 10 28 199 111 54 150 113 110 36 112 77 43 95 189 131 166 118 120 126 143 92 200 16 111 14 176 2 162 199 78 118 42 4 76 181 19 12 61 30 119 165 85 80 117 146 150 177 42 170 11 135 32 92 26 103 15 9 80 122 70 178 75 165 62 107 131 147 162 74 108 129 119 82 53 180 165 26 187 64 21 90 186 100 142 2 37 149 46 184 200 7 124 106 164 199 11 28 119 84 119 168 13 95 111 50 69 44 90 130 124 172 2 144 14 130 85 180 137 179 53 199 185 4 160 85 
47 131 179 121 185 93 149 136 57 189 94 10 32 92 2 28 46 134 105 60 132 60 157 57 175 43 198 188 174 7 53 68 110 156 199 81 90 145 41 7 150 161 15 74 85 62 194 180 147 102 28 59 44 163 82 27 8 54 104 200 44 6 69 32 42 13 89 128 126 152 11 145 147 189 132 140 157 91 65 63 80 53 196 35 110 6 123 156 123 171 155 188 116 60 144 125 146 63 107 18 176 142 102 115 145 71 81 182 189 176 10 187 41 56 136 131 182 122 69 81 78 100 8 46 191 18 44 120 144 133 66 14 165 130 99 23 178 149 194 90 182 98 190 161 47 148 116 187 92 52 
124 185 139 134 12 199 1 16 143 87 82 114 177 147 189 121 22 146 138 116 84 146 185 76 117 106 34 5 114 48 126 149 56 197 132 96 166 165 73 57 188 121 41 70 94 132 34 97 124 50 5 197 177 9 176 173 192 7 152 132 5 120 186 188 73 116 74 185 21 20 177 4 82 101 14 168 83 87 110 87 14 21 87 3 120 93 79 95 159 13 119 124 183 83 134 181 10 107 151 138 80 62 150 93 68 71 116 191 71 10 38 55 108 39 152 178 42 199 76 2 128 168 80 155 176 191 37 148 46 10 27 183 56 123 114 83 168 42 169 5 36 132 190 132 104 142 156 92 196 138 
200 168 187 95 100 22 102 62 144 31 50 123 140 28 55 186 104 131 33 114 45 127 61 104 9 135 71 190 66 57 102 195 119 178 36 88 192 153 96 145 108 78 34 150 14 23 139 19 132 39 77 162 111 34 197 108 120 90 100 123 165 144 186 42 52 121 4 185 89 61 16 151 79 145 57 158 2 86 111 180 179 52 200 36 110 128 95 59 133 116 192 91 71 143 142 186 16 52 90 62 52 79 56 40 128 16 153 145 135 49 40 24 68 182 189 5 74 169 100 7 186 163 25 38 58 154 149 1 29 191 121 160 23 8 87 183 157 114 88 61 81 52 64 189 2 176 178 140 35 154 
154 137 13 75 85 49 83 8 147 1 140 61 180 24 150 18 145 82 145 181 182 32 49 137 187 67 103 144 200 81 81 14 152 42 115 118 48 137 163 66 138 25 171 46 96 49 157 81 28 147 134 36 104 33 97 37 4 1 155 173 162 109 36 111 147 190 183 90 144 151 35 107 126 193 116 107 37 188 126 88 133 27 166 155 174 68 152 3 189 75 116 138 29 135 20 2 159 130 96 23 57 88 128 150 112 173 164 159 151 11 170 156 38 30 14 27 156 169 62 20 153 9 144 33 178 180 36 107 137 63 195 61 137 75 35 40 174 126 47 197 107 143 154 164 123 187 64 90 182 147 
164 51 105 72 53 56 154 160 11 153 13 116 22 114 14 29 139 188 23 91 80 45 121 22 186 138 152 198 192 184 147 43 139 175 149 79 153 200 54 180 133 65 129 78 78 100 24 10 59 107 54 5 36 60 78 121 112 60 83 145 95 78 147 1 139 18 21 12 6 79 177 150 177 109 118 77 100 15 35 62 83 15 98 56 152 200 76 133 22 34 76 180 106 98 89 118 156 155 81 146 167 199 170 135 88 2 143 25 170 32 89 81 77 162 136 107 89 88 79 135 22 38 110 7 43 57 196 11 61 150 124 46 16 124 67 13 114 186 12 63 77 85 97 124 78 164 104 179 168 30 
39 119 18 195 110 199 137 96 147 19 114 7 183 95 13 55 9 48 129 149 60 120 122 164 50 158 89 9 196 104 25 80 83 68 99 14 131 21 57 85 153 95 7 166 118 198 182 144 185 115 64 72 183 73 148 111 101 199 39 44 118 139 65 104 55 185 150 65 131 163 155 178 123 48 15 52 29 22 41 193 68 119 21 85 64 87 171 126 38 109 117 181 145 103 172 111 166 5 137 25 58 175 60 89 34 79 100 108 160 119 9 62 149 147 33 74 118 65 181 119 156 86 149 160 95 76 101 103 183 174 109 11 15 132 120 186 22 39 116 122 197 36 60 15 139 174 51 15 68 31 
37 8 38 120 182 127 191 23 3 150 151 1 77 44 197 190 138 157 176 195 122 179 107 79 50 15 122 23 160 74 66 170 67 114 67 179 90 130 185 31 71 83 55 16 81 85 171 76 71 74 77 183 46 147 175 2 111 152 183 4 194 16 197 10 58 185 194 26 73 157 99 117 150 126 88 82 95 122 16 77 164 169 162 24 35 159 113 193 128 121 132 38 7 48 122 52 140 40 116 10 133 123 59 64 49 85 23 49 132 155 32 128 170 87 40 44 136 24 131 200 9 171 137 114 28 77 70 144 49 14 149 174 110 171 88 164 3 135 22 46 100 185 99 129 15 128 154 94 108 148 
56 17 149 122 10 132 166 33 71 31 13 66 61 109 190 190 161 4 18 12 29 5 144 21 6 174 131 21 199 168 173 162 127 95 42 77 112 111 123 36 81 13 40 104 90 31 28 114 59 123 47 106 200 176 176 55 61 175 28 198 57 172 104 45 81 176 12 108 57 104 150 63 196 49 131 35 192 71 69 172 147 156 70 158 185 96 184 99 29 83 7 13 51 20 120 170 198 45 172 79 89 86 58 32 130 14 158 60 89 102 117 69 152 51 113 177 194 196 109 21 27 26 40 91 192 98 52 30 79 15 158 165 162 128 103 143 68 41 164 61 61 116 72 164 152 110 95 79 70 68 
1 55 108 171 10 146 9 31 106 53 177 104 176 81 138 81 197 88 57 181 104 192 92 104 55 188 2 62 126 130 139 106 58 165 187 20 140 198 73 111 73 132 37 86 183 149 73 141 28 63 65 145 23 89 8 119 139 63 24 26 100 145 38 109 52 82 80 10 21 159 121 169 144 198 142 5 178 1 120 94 131 169 125 9 49 6 183 45 141 131 87 155 74 22 168 151 195 115 123 191 45 106 145 157 43 18 114 119 89 129 16 139 112 27 94 144 17 94 49 48 106 141 84 125 24 167 183 166 126 150 42 194 46 57 83 165 91 145 60 139 197 41 53 112 75 177 52 174 5 172 
105 78 196 65 187 41 2 195 185 19 151 148 12 76 13 173 147 185 155 97 159 127 163 89 137 50 152 178 28 43 63 92 200 81 98 160 101 194 141 151 161 157 15 182 27 162 174 70 4 189 150 73 43 74 197 140 146 164 166 68 16 126 126 62 154 177 10 197 11 20 27 156 116 16 149 24 138 176 55 74 2 135 148 25 10 96 132 163 140 74 150 146 2 171 125 196 103 192 128 104 182 5 106 59 103 175 104 121 69 67 26 1 72 29 41 196 18 144 149 143 128 23 8 57 160 46 72 36 62 161 197 94 161 7 170 186 113 147 147 94 186 4 89 25 146 17 96 9 84 80 
58 157 114 161 63 197 155 168 164 180 65 135 4 32 55 10 191 60 171 32 185 92 177 111 145 5 139 180 174 48 21 39 1 118 68 121 114 50 21 18 75 160 127 166 128 173 60 23 127 117 141 1 77 24 37 102 71 123 67 74 87 112 67 114 154 56 101 31 186 76 183 32 58 157 115 39 114 17 58 89 140 140 22 19 194 161 150 60 22 195 183 139 72 177 161 101 134 174 38 136 136 67 42 40 156 150 115 16 123 71 113 78 108 47 89 61 77 85 140 172 128 51 10 40 68 42 173 181 65 84 99 97 191 129 164 43 13 193 151 8 53 156 73 124 40 88 154 30 100 28 
90 170 196 116 152 56 148 180 99 9 129 105 81 179 180 115 130 174 61 113 156 182 6 46 164 178 81 108 162 89 29 197 113 64 184 33 107 180 76 5 93 22 31 82 184 85 7 22 161 38 71 60 51 195 190 135 20 12 117 39 190 2 118 22 96 107 8 98 91 138 173 76 64 64 23 143 74 146 139 32 155 42 90 21 8 48 43 14 184 188 188 74 79 90 56 126 96 30 153 100 46 119 197 60 16 13 161 17 93 62 100 93 83 131 192 41 124 153 90 190 90 146 160 173 155 28 78 69 148 110 103 8 29 182 150 164 52 78 20 200 164 172 32 200 164 160 192 31 102 40 
10 162 119 82 63 15 129 112 24 39 32 176 46 143 118 186 81 53 114 194 147 164 143 6 192 43 41 160 31 115 102 165 61 166 182 114 76 40 178 40 63 193 154 56 57 91 25 89 136 2 177 18 134 95 49 110 151 43 16 36 158 75 75 175 34 131 44 189 81 190 98 158 190 77 178 56 35 42 3 134 178 57 187 78 140 19 22 157 199 61 71 153 108 75 187 169 189 159 140 175 32 156 16 167 149 15 141 60 48 130 124 46 167 186 180 57 141 91 97 143 33 87 82 185 85 132 70 21 40 56 184 86 5 190 86 104 91 163 39 155 141 12 11 76 26 30 165 152 89 45 
67 24 160 194 67 179 137 107 128 54 36 33 96 166 123 39 78 49 168 47 115 152 178 135 75 8 101 100 85 123 127 97 124 160 6 104 106 152 70 155 47 52 40 45 31 61 84 66 26 114 128 148 115 14 93 40 98 54 194 91 175 178 143 93 142 175 53 146 118 67 186 192 134 14 200 11 163 106 114 157 86 159 197 65 151 58 146 144 198 165 169 152 31 85 41 9 111 164 73 69 190 176 122 90 134 185 163 180 143 153 38 22 195 58 128 198 106 122 179 172 163 36 138 87 189 10 65 80 24 152 16 170 3 43 80 142 102 69 200 82 57 149 67 120 30 9 56 81 173 25 
23 57 15 196 32 82 5 163 144 127 123 166 29 137 123 107 104 187 82 16 1 167 84 162 161 24 111 18 42 60 70 151 73 1 79 144 173 81 176 4 21 36 110 64 114 178 129 116 195 54 36 134 3 183 54 112 67 52 199 99 104 189 187 141 9 48 78 113 98 36 159 130 7 191 79 105 72 91 124 145 73 154 100 173 38 85 92 199 71 88 74 8 36 195 166 145 186 133 7 141 133 138 108 30 187 52 172 52 184 5 184 69 69 25 69 148 168 128 103 154 138 33 49 121 97 108 67 90 198 106 30 76 142 58 165 165 18 39 164 107 108 104 58 174 53 72 195 102 134 124 
99 112 65 108 54 146 146 189 20 56 117 150 43 1 68 89 168 100 16 92 24 182 29 34 73 165 117 125 66 153 14 44 24 9 89 78 167 94 134 136 161 173 123 148 47 30 56 136 176 183 112 95 147 48 140 7 82 56 55 117 11 111 27 49 57 179 150 192 149 197 143 89 45 128 117 64 69 139 197 80 3 179 12 77 84 42 58 36 188 10 162 95 82 155 102 167 156 65 198 164 77 72 64 22 141 68 82 125 168 64 33 124 38 63 71 177 133 140 33 175 148 124 25 143 140 121 186 135 36 152 65 16 152 39 22 87 121 75 19 163 23 194 31 63 52 7 102 130 68 99 
105 18 193 73 145 67 127 196 8 162 123 15 28 43 153 140 56 32 140 5 83 67 12 128 43 63 126 116 134 29 130 78 122 143 108 113 128 59 98 29 9 130 172 144 54 66 89 74 65 4 132 177 142 154 172 60 130 83 2 187 88 175 71 128 48 193 28 137 179 123 75 60 175 3 8 76 38 98 40 86 174 180 93 56 197 55 146 83 109 116 124 127 28 48 159 81 198 76 158 176 93 57 81 145 25 24 4 190 150 106 4 95 161 87 181 109 74 38 40 54 43 51 101 34 86 7 146 154 47 86 177 165 68 31 195 31 15 111 6 197 32 151 53 19 81 149 14 83 143 7 
52 50 169 138 2 30 133 92 106 136 47 12 90 75 25 1 20 30 90 73 8 157 45 22 38 80 18 28 195 58 186 51 82 90 92 9 21 192 145 76 90 22 60 14 45 33 4 97 2 139 55 124 108 152 84 66 167 98 2 57 74 165 12 175 94 105 25 198 164 34 8 161 58 66 2 177 143 140 153 151 78 2 171 90 39 95 38 134 55 37 9 177 151 30 91 160 149 188 168 6 126 157 141 185 15 71 57 88 147 107 193 32 1 57 90 4 181 112 140 152 110 59 39 191 187 110 109 21 37 118 141 138 12 150 122 179 24 42 158 33 194 162 21 165 58 200 140 184 19 60 
80 115 187 148 146 65 88 113 133 184 52 131 179 163 161 132 44 114 198 39 120 131 121 127 40 31 158 172 161 50 136 91 18 172 21 103 40 109 42 89 189 131 97 7 82 84 57 98 156 174 169 11 151 130 35 135 143 64 30 198 21 62 145 24 148 43 98 18 110 61 55 31 90 194 101 190 113 2 165 120 96 59 40 81 168 169 131 79 141 179 82 191 179 195 95 83 8 77 22 123 53 53 191 37 136 123 194 98 151 116 105 42 157 52 106 26 29 78 87 46 40 50 155 54 76 123 142 17 169 26 105 14 154 129 154 130 138 72 79 80 167 153 98 164 194 200 61 158 37 31 
182 111 183 118 110 14 5 148 167 65 38 42 106 190 60 3 142 186 94 144 16 110 91 57 161 125 149 192 163 28 80 107 113 108 182 29 198 29 102 181 95 109 197 111 152 67 45 120 37 181 5 172 132 195 185 104 75 121 100 171 11 10 75 47 190 156 64 23 84 117 58 29 121 30 124 3 165 103 173 173 130 26 167 96 22 168 179 105 12 199 171 141 78 107 154 160 97 81 195 151 156 66 36 119 153 81 76 96 5 114 90 23 79 94 91 22 46 69 151 130 58 3 6 176 90 101 69 98 43 160 163 200 38 76 3 53 22 45 164 176 153 199 63 88 37 4 85 173 176 70 
88 28 29 51 49 74 56 95 155 41 52 147 165 188 151 197 155 4 142 132 141 20 71 185 183 199 191 72 116 1 25 122 53 110 37 128 62 183 61 154 142 197 192 119 21 29 23 175 129 133 151 149 56 65 125 48 192 45 49 30 64 73 68 81 199 74 32 8 131 120 79 92 157 79 135 94 143 133 187 98 141 94 124 64 97 64 96 142 22 139 157 76 129 101 126 17 46 105 144 22 46 151 167 103 9 57 29 97 142 91 77 197 1 129 131 131 67 105 192 110 127 143 63 84 119 31 106 112 47 153 142 26 169 32 41 128 156 51 56 195 57 114 191 163 134 78 60 112 66 31 
15 105 28 80 80 27 44 86 49 161 6 19 137 141 74 82 127 157 128 64 31 55 75 46 167 84 153 48 67 119 186 185 188 156 119 11 148 54 176 81 165 177 49 109 101 190 120 160 195 180 105 92 171 200 44 132 93 159 172 56 141 47 128 44 197 16 19 105 135 36 165 12 154 161 24 124 70 67 119 36 159 128 3 132 147 33 157 127 12 111 154 141 25 51 57 155 65 122 188 83 111 178 162 17 56 115 122 151 27 187 179 133 83 108 88 157 150 191 192 96 111 137 149 145 143 162 195 46 163 10 34 10 139 18 144 4 169 173 89 3 68 76 196 200 147 40 119 181 2 4 
110 140 156 2 128 158 99 183 40 40 142 174 166 113 177 44 61 134 76 164 150 117 46 194 174 192 160 128 116 22 87 73 48 170 173 48 198 14 161 165 79 143 138 39 94 40 20 77 106 195 185 123 86 167 77 36 67 193 80 83 33 55 163 63 105 122 70 154 3 31 26 187 3 184 81 150 190 146 43 123 159 128 51 67 160 1 41 97 16 110 73 185 10 64 22 8 61 53 147 105 193 156 129 178 102 30 58 147 96 84 110 148 62 39 137 144 191 109 3 169 30 131 97 114 12 130 10 79 169 127 88 5 198 98 59 183 176 175 117 15 101 18 118 50 174 111 190 19 15 147 
72 109 145 195 20 157 29 111 132 155 199 7 86 163 96 35 125 114 135 39 66 60 165 14 14 180 64 152 31 33 46 104 20 198 131 89 38 71 30 158 138 91 95 58 6 184 131 48 89 91 128 119 81 142 165 185 118 177 51 195 127 156 155 159 24 38 138 125 58 89 80 176 73 127 132 197 120 44 33 31 64 5 112 47 123 49 144 178 175 98 133 148 102 184 172 142 73 98 142 193 162 106 33 52 39 179 172 57 123 153 107 137 29 156 76 21 65 132 37 62 114 191 164 168 194 161 88 29 28 95 31 164 49 163 118 157 156 56 139 112 130 141 72 122 140 198 23 8 91 9 
9 129 45 175 185 139 185 180 193 185 53 158 3 113 44 176 74 82 128 83 110 51 69 18 176 85 153 102 135 103 142 62 151 152 84 12 63 47 130 38 111 150 93 26 97 95 184 41 7 177 108 33 132 34 96 9 100 123 187 106 79 174 132 8 66 128 160 134 13 155 108 51 164 26 65 84 74 169 74 86 68 19 17 22 157 20 156 146 2 29 182 143 27 97 67 120 85 73 157 88 87 2 9 123 177 119 173 154 94 74 2 71 92 165 143 167 88 162 27 184 194 52 34 160 160 53 89 179 151 70 179 184 86 175 35 188 175 44 151 124 27 186 86 172 36 50 76 140 112 62 
140 103 79 86 114 12 22 145 174 171 177 187 44 124 43 46 71 196 120 50 70 8 3 95 151 96 146 172 9 29 107 66 163 89 17 189 72 77 65 95 110 147 183 118 76 186 169 40 102 193 190 168 71 177 46 117 131 93 35 50 36 164 81 95 35 189 179 34 47 6 88 35 197 95 4 124 86 126 45 97 138 50 14 5 86 41 114 7 106 118 61 150 83 72 46 102 71 172 31 188 19 16 179 178 157 57 114 97 46 185 179 43 51 77 182 26 187 22 94 27 71 136 11 154 80 194 89 100 134 106 107 19 107 30 188 152 90 179 86 60 197 17 66 36 137 150 83 136 67 116 
