150 4
0
0
1 15 200 -385
2 48 188 800
3 53 130 53
4 80 19 42
5 89 153 89
6 104 159 1376
7 120 16 152
8 143 65 143
9 152 34 288
10 152 165 812
11 167 99 761
12 185 50 85
13 186 106 186
14 188 49 384
15 193 16 257
16 215 101 13
17 216 76 64
18 225 165 885
19 229 105 439
20 262 154 1494
21 265 130 5
22 272 173 1310
23 295 180 1735
24 315 109 315
25 325 33 589
26 342 173 688
27 345 37 641
28 357 179 357
29 365 4 381
30 385 189 1519
31 390 79 864
32 397 180 1837
33 420 5 410
34 421 16 485
35 428 81 752
36 434 158 118
37 453 17 521
38 455 168 1463
39 462 60 702
40 470 194 82
41 472 147 1060
42 476 164 476
43 477 186 849
44 482 178 1906
45 487 79 961
46 487 50 687
47 491 143 205
48 498 193 1270
49 525 43 525
50 532 156 1468
51 534 34 534
52 537 134 1073
53 541 139 541
54 555 175 555
55 561 113 1239
56 574 101 776
57 580 195 580
58 581 1 585
59 581 5 591
60 592 15 682
61 639 41 803
62 642 118 406
63 644 9 716
64 651 119 1365
65 656 133 1188
66 660 52 972
67 677 78 1301
68 685 123 1669
69 689 154 997
70 694 130 694
71 711 186 711
72 717 89 895
73 756 157 1698
74 757 50 1157
75 809 6 833
76 817 89 639
77 835 53 1047
78 840 125 1590
79 841 89 1553
80 852 92 1404
81 863 3 869
82 881 85 711
83 902 140 1462
84 914 110 1574
85 918 38 1222
86 933 147 1227
87 949 153 1255
88 979 134 1783
89 1001 159 1637
90 1005 15 1035
91 1011 80 1331
92 1014 40 1334
93 1029 42 945
94 1031 135 1031
95 1034 133 1034
96 1039 178 683
97 1048 176 2456
98 1084 18 1120
99 1088 93 1274
100 1089 131 2137
101 1090 46 1182
102 1092 180 2172
103 1097 10 1177
104 1099 145 2259
105 1108 173 2492
106 1109 66 1109
107 1129 106 1341
108 1131 20 1211
109 1143 175 1143
110 1149 16 1117
111 1153 115 1383
112 1156 36 1372
113 1160 152 1464
114 1161 12 1257
115 1161 16 1161
116 1162 13 1240
117 1172 115 1862
118 1192 77 1192
119 1215 195 1215
120 1222 37 1222
121 1225 53 1649
122 1225 163 1551
123 1247 3 1253
124 1251 18 1215
125 1265 154 1881
126 1288 78 1444
127 1296 130 1036
128 1302 14 1386
129 1306 114 1078
130 1313 148 2201
131 1326 81 1974
132 1334 47 1334
133 1340 12 1316
134 1344 19 1420
135 1357 58 1357
136 1358 50 1458
137 1365 89 1721
138 1370 181 1370
139 1378 153 1990
140 1403 93 2147
141 1407 156 1407
142 1409 112 1633
143 1418 34 1486
144 1429 139 1429
145 1434 176 1082
146 1454 177 1100
147 1456 199 2650
148 1460 35 1390
149 1473 95 1663
150 1476 98 1280
51 138 68 159 35 152 8 23 146 72 147 60 97 17 91 147 50 53 198 125 16 92 52 40 173 171 177 106 129 76 40 127 20 136 191 102 74 69 165 167 15 185 193 36 71 151 16 151 26 116 68 81 109 79 173 176 129 149 35 184 195 156 152 106 59 96 1 5 35 183 33 104 153 108 18 170 105 150 67 73 13 21 34 107 41 69 143 19 141 190 89 160 71 193 107 49 78 147 124 82 9 106 64 42 69 33 9 29 66 98 30 157 155 7 111 133 164 176 147 16 172 106 133 5 68 83 6 75 79 10 137 130 198 22 131 172 7 101 184 171 91 195 98 181 135 57 121 5 60 17 
17 20 65 35 18 71 9 22 69 173 44 143 160 112 84 23 169 103 165 75 74 126 34 91 158 162 39 182 179 31 147 151 137 123 101 161 40 163 148 147 132 168 12 32 155 28 137 60 133 31 42 157 155 94 191 30 46 53 26 188 175 27 91 24 193 150 182 128 15 157 176 110 151 87 44 36 121 3 49 123 54 177 80 190 108 182 9 31 102 6 172 185 63 187 56 9 36 47 66 200 135 16 177 19 60 176 195 131 176 82 108 136 152 123 124 113 106 107 170 196 67 163 11 82 176 57 32 39 91 79 31 39 42 96 127 65 59 182 18 88 120 50 27 102 160 40 194 79 161 174 
102 172 125 58 96 117 61 36 31 62 149 55 26 106 146 65 90 102 162 99 58 172 28 142 47 53 115 93 28 117 139 17 162 168 11 13 95 168 63 61 126 8 122 73 100 49 184 40 87 135 195 158 64 113 80 56 156 1 102 191 193 83 193 178 137 17 66 115 144 50 73 88 46 42 67 74 66 186 86 112 95 139 134 33 200 84 161 161 152 62 110 195 199 183 119 23 141 158 181 126 5 36 64 120 110 62 102 106 193 31 42 128 106 103 32 25 128 98 72 138 104 100 180 166 32 153 171 138 30 144 138 177 152 147 73 27 146 167 136 21 157 99 99 13 195 155 5 58 190 151 
134 79 200 193 106 126 83 132 194 58 70 89 131 183 146 136 20 98 124 104 159 89 89 57 196 164 117 143 30 29 31 128 187 39 200 194 79 136 177 199 112 85 51 141 13 41 5 97 16 195 198 153 127 5 28 143 31 168 120 102 170 81 17 34 42 182 164 180 37 118 142 180 165 141 32 1 143 199 81 104 165 200 43 64 153 90 72 47 155 7 148 195 154 177 34 102 44 99 89 159 184 159 107 188 172 160 141 70 183 64 102 35 106 140 98 86 145 23 168 33 39 171 56 43 164 3 4 31 127 80 85 22 75 85 143 14 156 55 162 68 32 197 98 119 156 78 138 151 111 83 
179 73 65 55 195 8 200 160 139 137 81 81 25 120 149 200 75 102 4 119 81 137 188 125 55 51 119 199 133 133 27 86 64 171 111 148 32 19 128 121 85 157 187 30 123 163 173 47 160 158 185 100 149 77 2 146 86 61 58 16 153 182 151 115 96 9 31 177 79 177 95 186 167 54 29 181 57 47 115 48 117 160 115 26 65 168 188 80 162 67 151 95 37 101 79 135 11 17 30 94 61 111 179 166 177 27 172 61 126 187 70 72 194 32 163 135 4 79 106 158 1 84 199 123 124 106 163 150 14 126 42 86 29 182 153 95 113 118 192 65 117 39 148 6 8 49 164 40 20 127 
172 108 56 76 95 22 122 10 194 108 12 87 120 25 11 67 126 172 141 46 163 94 63 20 92 61 87 134 4 162 49 107 169 21 192 44 57 136 127 170 99 199 121 10 44 79 135 77 98 73 5 129 82 7 102 69 89 70 68 98 147 122 2 130 134 12 67 190 34 99 180 48 68 114 70 148 68 89 99 135 70 32 50 17 61 22 186 47 9 46 53 66 110 185 13 51 83 77 191 98 115 79 79 132 50 19 150 150 110 126 48 147 105 125 128 22 134 126 150 51 123 32 34 67 46 178 156 190 112 61 159 106 35 163 64 56 58 60 49 173 102 135 190 149 116 128 51 145 97 30 
163 170 33 194 37 12 118 130 56 124 158 99 199 77 90 159 141 198 165 58 38 157 35 18 30 157 46 41 154 51 161 193 98 151 93 178 190 49 97 39 193 166 114 167 156 35 76 144 37 191 89 27 122 5 49 157 74 36 26 66 68 89 94 149 171 29 112 101 195 157 171 51 169 120 104 191 26 140 125 61 189 95 40 130 55 2 5 32 89 8 180 160 6 115 51 70 158 78 160 147 69 194 180 8 31 99 43 175 16 143 156 58 72 53 2 106 70 193 134 107 149 39 91 131 153 70 164 112 78 65 141 46 6 121 68 154 174 27 136 113 197 60 112 62 132 163 37 137 14 193 
33 92 64 183 115 94 4 93 174 65 97 21 12 56 83 63 68 47 196 51 166 12 109 19 136 88 69 143 67 134 194 117 167 105 177 10 133 78 70 191 91 159 104 192 44 133 165 19 114 73 59 126 127 6 102 143 86 190 124 192 40 153 70 184 6 170 109 119 106 112 107 164 74 101 114 49 72 9 107 95 119 33 94 42 89 46 160 189 11 162 100 187 25 126 141 6 197 160 164 179 200 159 69 91 30 134 122 97 183 24 200 14 123 143 122 105 40 199 19 16 48 129 82 154 169 155 45 77 14 50 41 181 33 105 176 107 144 79 124 59 176 43 68 131 155 162 10 73 95 117 
197 105 194 63 109 42 35 136 198 186 185 75 195 24 186 196 170 193 82 80 185 101 61 98 23 115 184 125 108 190 22 117 130 198 195 108 144 171 173 5 155 43 51 66 11 104 184 71 94 72 195 22 91 135 98 186 153 117 31 113 152 34 72 183 68 102 55 166 138 133 85 58 46 77 161 97 119 69 22 47 16 175 140 132 65 123 74 88 10 107 163 112 77 161 116 110 39 150 2 154 119 41 36 58 21 44 165 10 37 186 190 152 196 57 29 184 9 126 47 122 183 198 130 67 149 78 3 163 180 180 152 197 134 185 79 94 113 108 15 92 91 125 36 176 24 154 77 2 89 126 
94 140 98 42 24 138 29 95 127 130 21 194 70 139 27 86 103 32 169 5 137 130 118 163 119 100 140 50 139 1 193 104 23 177 180 116 39 159 96 76 182 133 193 52 25 42 156 196 100 28 56 147 113 184 44 114 192 104 155 145 197 177 48 62 72 49 145 40 121 101 153 91 78 63 150 3 150 61 179 87 185 5 103 143 12 145 112 86 130 160 152 82 5 44 155 86 45 189 123 26 159 196 27 130 148 197 157 133 48 29 92 134 140 66 57 109 15 122 89 162 57 104 187 149 20 29 19 181 13 143 178 87 107 83 64 139 166 115 196 64 34 152 106 107 18 187 38 45 54 167 
53 60 10 76 120 186 139 129 53 98 174 47 7 3 94 189 126 196 74 194 157 32 31 106 141 157 96 31 85 34 81 194 61 71 88 69 194 120 158 7 197 174 101 128 54 166 148 183 55 68 132 146 97 42 85 180 31 40 5 66 124 8 66 73 68 152 163 83 177 44 128 104 182 111 2 162 31 49 123 190 173 140 115 91 145 32 43 99 175 16 84 84 181 163 13 65 20 136 13 165 96 120 136 18 40 10 53 182 90 3 56 121 126 41 51 194 71 38 177 40 111 19 56 95 93 149 18 16 5 163 19 190 66 76 38 2 161 19 66 85 119 81 89 177 104 17 115 97 100 89 
99 109 163 142 128 78 187 78 186 198 147 109 180 149 173 3 154 100 77 172 65 40 41 184 70 162 23 34 157 34 33 85 3 120 160 136 32 29 198 141 29 107 3 137 106 22 62 189 148 80 46 193 24 174 104 138 63 143 7 122 4 65 19 181 92 95 88 160 86 32 51 94 107 13 20 68 43 133 132 103 174 72 49 96 82 48 30 138 31 37 72 187 180 81 106 169 179 167 79 166 177 137 95 153 195 160 45 7 67 161 78 191 26 117 60 25 20 131 42 18 110 44 139 158 10 169 29 148 22 192 87 2 117 54 43 193 16 155 135 110 92 187 109 148 166 84 22 142 199 49 
88 92 28 194 31 69 133 155 46 150 156 66 49 142 148 114 33 162 163 16 86 73 57 59 171 76 72 17 127 197 161 110 67 169 185 19 73 71 106 159 180 51 112 183 136 145 135 16 174 166 39 88 11 166 58 72 149 34 74 124 1 165 194 28 174 131 8 26 181 34 70 169 176 58 132 126 86 135 130 60 190 78 19 119 108 49 16 42 154 57 169 26 81 70 42 48 70 31 62 93 123 199 193 57 17 48 156 7 144 38 23 87 93 192 69 79 177 116 62 29 63 176 92 199 121 14 115 2 164 188 162 19 194 62 163 196 117 100 176 52 9 123 67 6 117 194 20 33 38 32 
21 8 195 115 82 163 103 56 125 23 11 130 53 148 2 190 196 90 22 61 169 101 60 131 170 76 69 34 94 130 164 152 165 12 1 89 40 151 54 169 136 66 117 10 180 107 36 145 33 44 88 14 17 151 143 75 192 45 160 47 37 179 9 51 24 40 66 5 120 168 102 199 166 173 31 87 158 185 2 142 14 157 106 153 199 153 3 86 146 70 17 75 154 17 29 150 95 177 78 79 37 118 167 190 130 83 153 79 160 189 184 54 21 200 194 169 157 122 45 26 2 169 94 109 126 83 100 40 122 148 196 67 40 3 91 98 193 156 132 29 103 196 181 124 126 177 174 181 91 79 
136 169 35 31 54 75 35 74 77 116 127 174 44 164 31 40 23 183 69 27 101 146 74 147 200 175 94 159 6 89 21 155 123 109 72 22 189 84 76 152 42 152 39 51 27 163 96 183 120 34 113 197 61 39 64 40 64 188 125 169 75 161 183 185 171 2 126 84 146 108 170 6 55 8 122 172 21 92 174 61 64 17 135 199 107 60 200 44 196 130 1 29 57 196 132 99 178 51 152 152 177 4 90 104 17 157 29 5 97 59 157 177 169 67 99 72 2 16 68 41 29 165 142 177 95 187 31 83 86 165 72 55 155 152 91 31 69 160 107 85 148 131 163 200 158 68 120 58 128 18 
155 103 199 48 25 130 100 63 31 172 193 176 84 64 15 152 147 98 162 78 146 189 66 89 171 41 174 47 180 25 53 107 37 63 162 170 121 141 65 107 116 137 18 55 125 168 151 189 8 37 16 165 59 26 37 95 109 199 193 37 127 3 176 187 178 155 45 25 112 55 18 42 10 8 114 44 40 120 166 64 137 91 9 32 40 73 118 178 25 12 96 30 125 186 164 188 196 191 47 163 53 172 131 83 141 197 110 75 164 96 171 56 31 73 77 65 194 94 21 62 36 118 175 186 36 6 143 66 96 25 161 157 194 67 53 5 41 114 117 191 117 71 84 151 52 73 143 34 71 90 
178 191 52 30 90 91 28 195 116 106 58 157 65 70 21 33 2 47 79 45 106 26 38 20 134 135 176 28 147 69 190 173 52 50 36 72 10 147 191 39 35 187 162 197 84 196 152 119 140 145 5 158 59 187 91 98 63 14 22 135 182 78 65 150 42 187 120 109 84 77 87 36 7 99 188 11 47 200 176 56 47 105 149 169 31 174 5 123 32 159 61 72 175 94 150 69 97 18 10 157 190 40 187 79 57 197 87 11 9 119 100 18 94 123 14 181 20 62 80 172 178 33 77 16 52 95 59 145 102 17 156 25 110 80 181 151 73 49 200 187 195 194 52 116 87 34 190 81 129 80 
185 155 39 72 42 191 159 165 35 38 195 15 69 100 78 180 41 159 49 131 92 172 187 93 37 153 84 128 164 19 183 198 6 169 76 74 8 74 126 120 74 44 45 106 112 23 134 160 97 11 8 140 21 6 188 13 191 4 118 42 55 86 116 126 45 78 124 4 19 175 155 8 130 121 9 120 176 161 142 120 152 104 57 138 30 41 187 193 112 170 117 18 38 94 156 157 83 72 85 166 68 69 78 103 130 154 189 50 36 43 89 167 194 82 36 167 176 123 187 124 176 42 102 133 20 94 51 38 55 71 93 167 126 190 121 158 15 44 86 86 69 100 44 65 162 136 62 173 174 96 
134 126 1 105 141 42 45 30 42 133 4 75 189 43 47 180 97 172 154 119 78 94 39 75 94 98 96 67 190 84 75 172 130 193 136 79 17 200 20 96 76 9 172 75 165 122 26 177 14 183 103 148 158 19 181 121 64 45 170 171 92 171 187 197 128 174 20 27 137 34 138 46 132 67 189 14 185 191 34 119 147 36 141 145 52 123 160 19 166 140 88 76 174 81 92 96 125 85 87 1 174 57 198 167 36 13 114 6 197 46 100 142 138 123 75 58 29 162 136 72 59 9 189 104 31 13 83 86 117 16 66 83 40 12 116 117 108 131 49 175 110 172 102 35 151 88 90 191 170 120 
172 42 122 20 123 31 79 122 92 6 163 119 199 43 8 138 3 67 143 143 193 49 139 173 43 49 186 131 69 123 161 93 46 165 50 63 200 159 104 187 21 116 12 27 110 63 74 182 49 100 126 145 177 146 141 68 21 68 88 151 168 3 140 4 95 70 61 6 195 61 179 49 22 100 39 181 172 57 46 32 138 39 80 76 27 65 147 53 60 20 196 50 59 168 123 20 146 174 27 88 181 197 178 107 187 118 47 168 127 153 6 104 8 147 198 168 97 134 175 24 125 71 126 129 186 30 130 173 114 158 172 12 138 27 20 41 179 36 7 32 25 129 89 53 119 154 105 198 12 136 
125 47 181 10 83 113 113 48 159 156 89 145 124 21 81 145 72 30 21 52 3 168 19 135 195 192 128 38 165 167 160 158 167 166 133 93 50 131 85 17 38 100 198 130 70 170 6 162 112 95 135 192 119 101 107 166 52 94 56 116 129 115 128 82 85 173 72 168 193 66 182 55 29 40 183 119 112 15 77 86 177 65 2 146 133 5 60 139 16 174 46 36 123 61 162 181 35 45 9 191 179 17 33 117 69 140 69 46 42 130 171 80 1 112 117 123 76 188 28 126 99 52 163 132 186 77 187 110 32 131 175 173 129 68 173 135 81 183 89 161 105 187 22 86 11 64 73 94 68 115 
116 75 22 64 136 162 96 100 31 140 41 73 135 60 31 177 178 101 148 124 26 184 97 83 51 149 56 67 134 149 185 5 16 18 187 146 177 91 178 96 101 130 25 182 62 8 145 155 154 40 69 15 24 171 42 118 157 181 104 198 113 90 127 44 157 132 99 38 172 142 32 96 29 152 187 39 49 85 184 108 66 42 25 140 133 59 85 76 120 132 188 121 90 12 138 18 97 133 148 146 69 107 34 70 99 50 38 44 40 127 161 13 147 155 130 107 79 79 163 8 155 90 8 48 118 171 42 81 130 83 144 184 59 124 200 127 103 73 200 88 57 67 64 72 138 66 31 18 116 61 
161 166 4 52 154 35 161 12 145 161 88 162 43 110 82 13 167 85 181 178 99 81 57 129 126 184 26 126 72 44 39 94 53 129 33 155 189 78 136 192 158 3 59 99 160 187 50 182 101 63 138 53 151 50 4 170 182 197 141 153 195 39 33 3 177 145 16 85 52 100 109 113 70 116 118 151 56 165 138 135 165 125 17 87 78 58 38 175 113 24 176 75 42 15 112 63 103 195 3 6 160 35 4 179 31 49 102 108 63 49 47 11 130 171 59 40 1 190 185 36 176 156 68 16 108 182 31 121 30 192 117 171 49 173 144 185 198 73 21 145 22 183 149 41 146 185 164 141 28 38 
96 6 44 176 30 157 196 81 15 45 5 175 94 53 100 89 115 89 190 46 135 180 84 183 143 42 66 156 148 122 21 185 111 44 31 104 199 86 44 60 58 75 101 32 153 128 86 157 85 92 2 17 2 191 150 107 153 3 200 33 98 77 145 89 22 156 189 131 19 9 69 187 37 14 179 32 138 48 76 77 147 168 65 43 35 15 159 1 147 43 192 111 52 149 122 19 200 133 132 23 100 177 36 88 53 107 58 113 106 70 71 82 144 65 44 165 105 25 135 194 37 159 51 14 174 29 95 70 62 3 17 103 118 105 63 158 182 171 50 155 39 157 47 179 1 122 138 159 55 51 
162 159 110 120 130 69 144 167 45 21 121 153 136 176 33 128 8 31 106 176 108 88 16 7 13 192 53 193 120 75 136 184 121 41 112 17 196 163 9 30 148 20 152 167 125 58 130 162 86 180 16 167 77 141 27 66 45 105 135 111 91 9 14 171 85 159 97 174 121 55 64 96 170 63 36 21 79 108 108 102 48 127 184 186 132 96 80 29 84 195 93 84 187 158 175 102 18 130 187 73 181 163 137 129 22 53 111 61 30 68 119 28 51 74 49 10 14 114 137 8 64 29 54 63 108 146 168 63 79 2 161 33 78 9 98 176 72 29 86 136 165 106 94 13 160 191 147 51 138 104 
200 9 110 53 198 85 134 164 150 94 186 141 28 135 85 115 21 126 63 151 178 8 183 43 167 34 65 11 123 149 105 23 82 25 113 198 23 69 170 133 161 108 91 79 114 126 17 185 162 40 83 8 81 189 120 115 65 8 73 22 164 10 27 60 157 41 56 140 110 41 96 32 195 18 191 34 138 166 42 98 178 174 163 158 174 61 112 99 200 32 184 118 43 28 88 180 107 98 88 183 197 5 53 71 124 172 66 172 114 2 174 122 116 87 56 12 196 3 20 77 108 10 77 192 101 23 110 23 97 32 67 192 62 179 90 78 186 109 180 131 191 104 155 132 133 126 54 22 165 124 
14 129 8 117 77 118 156 165 107 197 35 174 18 109 80 148 128 105 126 153 197 58 45 146 109 110 143 31 64 196 180 52 200 26 110 105 2 16 101 91 84 103 100 113 106 181 71 52 157 72 171 163 51 2 151 82 78 43 43 46 53 59 165 24 176 190 83 154 155 49 65 154 167 52 88 180 51 102 143 174 180 175 109 117 21 26 168 65 121 31 9 167 72 92 30 55 96 32 106 19 136 155 127 112 51 169 114 60 141 112 112 137 150 104 48 53 79 14 61 148 47 119 150 66 88 94 118 176 174 21 189 169 22 129 27 111 48 98 21 141 48 14 75 156 34 200 115 143 15 2 
8 50 191 182 80 55 42 153 105 181 25 134 117 176 63 123 76 123 60 59 162 10 44 23 127 68 39 63 135 78 3 22 104 195 142 97 14 85 17 6 188 173 67 200 135 151 39 2 71 6 6 7 133 24 182 19 125 117 191 49 144 43 17 31 36 71 170 71 105 198 177 52 155 60 152 142 187 6 39 75 13 13 148 196 177 126 177 8 15 80 147 84 29 136 185 153 113 47 85 55 192 106 183 69 65 187 194 146 51 127 186 41 109 51 159 36 96 20 85 164 16 3 147 164 19 81 12 104 72 135 15 93 195 181 29 112 99 68 110 49 71 49 55 157 174 141 151 64 88 161 
86 164 68 23 119 179 149 32 77 21 66 7 124 148 58 128 29 158 134 185 43 105 17 197 139 186 85 117 17 195 55 85 140 93 15 30 25 144 34 109 105 182 57 156 129 19 97 96 50 114 44 94 128 168 27 187 133 21 165 171 152 29 15 123 108 55 14 189 15 181 51 174 88 196 178 55 90 77 15 77 102 163 199 165 41 101 37 137 142 163 68 46 36 132 172 66 138 154 15 155 139 30 79 34 178 189 9 110 164 172 144 42 41 150 29 11 143 151 19 24 112 7 1 119 165 75 18 91 139 18 36 146 113 58 60 72 179 188 25 178 124 81 90 25 107 92 197 166 16 180 
47 78 155 183 107 59 137 83 177 150 8 189 11 94 15 60 90 170 74 25 75 193 53 158 31 119 12 115 199 138 89 186 69 40 26 150 92 165 40 14 39 63 36 181 11 7 140 30 160 166 113 15 60 114 165 159 166 97 35 177 66 105 11 106 44 166 108 193 130 42 80 123 95 9 110 152 24 61 188 45 2 125 173 128 55 105 21 167 170 77 66 7 10 72 39 145 199 34 108 96 8 145 169 15 115 136 107 36 36 19 161 10 31 185 78 158 113 192 172 5 67 131 4 49 30 96 22 174 9 118 107 92 42 137 34 11 195 74 111 155 46 115 153 73 173 24 103 163 51 175 
185 125 63 86 164 131 31 60 72 131 144 102 189 118 92 180 36 186 54 68 35 179 143 6 190 150 110 138 28 158 33 122 74 24 30 114 197 55 46 17 49 146 116 153 46 132 176 24 193 33 146 172 120 152 26 59 67 95 40 174 91 8 163 7 99 89 183 62 93 148 36 69 105 67 53 36 117 22 79 84 190 130 104 30 134 166 67 53 196 99 104 113 60 30 19 78 69 196 28 43 10 196 9 159 115 186 98 166 76 126 65 178 129 125 47 170 197 159 9 145 175 97 145 178 12 184 19 106 12 2 122 97 56 137 76 141 146 174 33 113 130 170 80 196 69 24 121 174 66 178 
176 106 6 93 54 196 99 195 40 124 114 91 110 87 26 27 164 25 167 196 68 120 187 154 170 104 133 104 153 108 63 137 138 127 124 89 120 34 108 64 114 143 88 29 60 97 84 29 175 108 138 8 190 163 150 159 181 39 23 100 197 19 19 41 51 11 187 137 182 196 14 148 59 196 187 109 86 172 190 184 96 173 181 18 130 58 34 117 152 200 51 194 73 54 37 14 40 52 100 11 86 110 101 107 112 67 40 98 149 81 156 180 160 125 162 88 55 27 81 160 18 90 92 104 44 21 89 5 14 84 170 193 96 104 162 138 160 11 31 88 193 164 139 179 29 12 17 19 42 112 
50 189 76 90 138 145 132 20 24 94 111 14 47 124 181 68 199 3 167 142 140 162 67 137 151 140 58 92 99 13 133 168 95 93 130 172 99 142 200 169 86 149 145 51 25 48 8 2 24 70 119 13 32 5 21 176 16 159 16 57 1 30 119 116 20 42 37 107 66 52 116 127 187 109 54 141 199 71 145 196 161 156 181 189 78 91 113 188 62 185 158 10 93 34 162 143 194 20 152 38 172 68 129 32 117 10 109 110 200 94 64 173 162 152 189 74 8 8 182 150 125 139 107 173 51 89 157 62 75 45 62 35 159 9 80 13 47 176 8 164 110 96 94 124 42 43 197 56 185 45 
40 115 86 119 7 189 114 11 40 112 16 29 147 27 88 89 23 107 147 16 51 37 198 125 23 137 142 197 124 137 63 23 167 200 187 87 112 162 22 59 43 152 115 5 96 12 116 30 181 135 114 12 88 111 71 172 190 80 43 17 40 185 90 108 91 170 186 87 85 37 67 135 139 58 35 114 14 192 55 155 101 94 149 20 133 20 148 55 168 62 148 60 167 177 45 131 170 128 120 74 147 79 183 190 178 2 77 45 121 31 52 139 85 77 27 141 108 4 137 125 161 119 35 188 147 70 49 84 81 56 95 45 176 89 36 107 47 74 190 115 126 116 64 115 92 143 145 163 24 121 
138 191 193 183 15 132 51 72 55 10 35 92 179 110 37 169 12 56 95 14 2 104 190 36 96 179 56 28 169 52 56 131 127 16 190 10 64 91 70 114 61 71 121 88 116 11 161 153 8 153 22 83 173 24 36 81 23 120 147 108 91 157 126 57 32 24 23 147 153 151 181 22 180 34 10 149 3 104 134 182 182 63 91 173 30 149 132 183 70 16 133 98 58 84 125 132 139 170 41 102 164 174 167 164 195 197 188 116 89 39 189 66 136 186 72 84 95 45 120 90 91 80 66 170 197 182 173 116 66 21 150 53 34 127 107 195 70 29 40 13 130 196 91 141 137 129 3 123 115 16 
77 85 183 194 66 200 73 124 6 97 36 73 90 44 10 164 109 28 167 81 76 108 110 85 84 196 199 109 109 102 43 8 170 15 132 24 150 91 51 148 106 1 185 108 115 27 47 34 196 187 27 33 140 126 57 114 34 170 76 188 135 120 124 77 94 198 169 87 4 71 52 134 65 15 168 167 77 120 54 127 152 180 146 132 103 102 72 115 198 122 120 102 119 86 163 128 110 1 163 178 14 86 30 158 164 105 99 11 138 188 25 34 133 91 149 35 177 143 76 151 14 54 64 58 61 68 191 146 9 143 12 193 170 89 119 66 177 85 77 195 51 177 47 11 95 37 141 53 110 4 
176 68 45 52 35 23 184 44 120 89 126 97 197 78 37 22 178 183 88 17 61 160 12 22 16 41 103 38 46 163 71 31 57 42 108 133 41 9 148 13 42 107 158 157 27 162 38 28 161 80 84 58 17 198 38 91 159 161 67 77 46 90 61 173 195 152 150 80 176 33 134 106 48 77 73 197 46 33 177 62 169 197 43 127 15 25 82 20 63 45 134 140 194 192 9 68 114 68 53 119 179 148 39 12 110 18 93 192 66 136 50 193 182 73 105 147 45 56 170 83 159 39 58 74 173 7 161 64 101 147 3 182 81 164 124 115 136 19 16 136 186 127 62 189 22 118 72 194 35 69 
136 174 190 83 86 99 82 100 83 122 158 94 22 169 75 113 97 121 60 2 136 196 103 64 42 130 125 194 175 192 162 184 15 162 75 195 89 50 145 163 167 71 128 118 64 144 177 131 104 29 165 89 185 134 108 162 136 129 69 88 155 10 50 129 27 47 44 158 147 124 10 38 87 153 2 44 14 164 9 109 121 47 23 107 61 164 104 72 60 100 190 50 137 181 75 30 29 152 178 21 178 118 40 114 36 158 93 75 175 173 24 88 64 70 182 154 128 12 159 195 99 81 98 62 156 83 26 166 176 189 109 51 4 38 195 112 85 181 142 170 169 3 108 41 158 125 75 99 20 92 
85 164 7 197 130 56 80 17 139 12 30 60 78 2 17 21 193 131 51 189 94 125 93 102 122 168 134 32 15 92 49 144 5 172 78 73 83 76 163 21 34 23 171 93 175 164 17 92 126 8 91 32 120 180 55 40 176 151 138 81 161 95 51 29 49 120 134 5 127 146 69 136 124 143 143 69 28 53 86 123 174 42 162 168 74 187 140 81 130 200 42 189 39 84 168 34 194 7 75 101 20 73 22 184 34 123 63 113 177 98 99 187 186 85 122 113 196 76 75 33 66 74 52 67 134 147 154 60 70 34 126 108 20 122 97 188 11 69 153 89 86 97 137 67 3 87 126 80 56 200 
63 68 22 34 37 112 88 60 15 140 109 121 127 152 139 67 70 60 170 132 59 185 173 25 78 113 33 155 186 125 35 170 117 35 157 157 95 72 170 111 60 83 22 64 200 165 63 99 179 9 104 174 28 108 29 167 109 95 174 45 168 129 200 113 86 168 168 23 180 144 142 59 58 112 55 1 171 39 119 16 57 89 178 195 164 138 160 78 150 66 95 157 11 193 147 179 4 70 66 147 144 74 75 167 91 60 95 150 173 108 47 52 96 189 60 48 145 82 48 102 91 32 137 182 24 84 183 172 24 199 115 73 118 33 9 117 71 145 185 22 98 43 103 154 8 175 123 85 152 72 
82 38 188 96 13 132 56 174 123 121 121 82 43 28 17 8 100 55 164 178 119 64 32 95 172 29 177 113 195 182 25 78 158 199 190 195 95 101 175 167 158 200 162 171 22 51 169 19 66 161 82 140 93 174 173 169 137 7 122 62 157 122 153 7 188 36 49 116 191 43 77 80 76 197 53 143 25 1 104 113 94 7 50 31 111 101 39 119 90 121 1 192 118 6 187 2 4 170 200 141 121 1 107 96 135 94 66 139 9 40 177 144 122 159 60 91 125 76 110 37 14 8 29 152 9 101 109 52 74 101 128 111 166 165 148 46 173 89 183 77 56 83 10 47 118 68 195 149 86 196 
200 183 157 109 76 100 124 105 133 139 129 18 64 185 179 6 182 39 98 17 132 78 114 187 126 131 112 27 56 51 157 24 28 43 163 15 82 81 129 63 60 129 123 44 74 192 149 118 62 196 134 32 81 28 59 112 141 43 154 141 97 200 187 130 115 133 177 141 150 51 15 45 32 31 19 100 56 92 138 161 119 39 25 115 81 64 44 193 96 114 104 133 107 126 108 194 191 155 159 7 78 129 93 193 8 161 190 86 22 129 148 109 169 47 97 25 58 186 165 74 53 154 180 172 149 39 156 86 17 133 35 63 8 83 143 66 52 198 131 131 94 119 15 152 7 86 145 149 7 13 
70 160 9 129 91 149 75 126 38 44 109 169 114 112 59 122 94 127 38 169 34 173 146 98 64 128 191 74 151 111 176 3 108 59 129 16 29 141 4 58 35 2 33 98 90 58 92 135 108 175 167 132 35 134 199 105 57 77 103 188 93 11 197 99 67 13 1 62 111 65 31 32 25 68 46 44 153 43 51 46 23 94 18 120 148 137 106 188 96 11 53 44 70 139 140 184 167 168 23 23 15 52 49 95 64 192 5 103 87 164 23 104 90 15 165 149 165 73 96 88 41 61 127 88 88 51 182 140 58 170 191 114 88 190 92 9 141 153 145 42 196 168 28 28 156 183 24 198 14 62 
75 92 141 160 81 20 93 188 164 80 7 22 14 150 90 166 187 193 9 59 184 149 25 112 162 90 70 103 122 190 123 99 62 37 185 96 188 141 52 179 13 185 35 43 19 169 37 16 63 94 196 17 109 176 23 60 79 24 181 31 1 174 196 101 161 150 61 187 115 43 95 111 109 36 112 102 72 103 34 198 14 39 127 26 124 15 122 52 28 102 157 164 162 72 79 80 132 61 89 4 12 192 33 169 25 104 94 99 177 120 86 158 138 76 96 124 1 31 45 137 8 129 138 156 64 157 32 183 132 14 10 112 166 39 72 179 130 71 136 46 13 10 32 190 21 144 150 179 168 78 
148 145 187 136 4 60 5 103 144 24 23 62 108 40 106 17 13 123 176 36 116 189 4 78 166 96 200 121 99 169 154 118 46 56 2 19 62 94 7 139 54 200 159 49 32 30 130 18 69 183 103 143 193 54 33 160 145 46 133 16 7 45 83 28 131 11 24 39 116 189 32 82 163 97 97 151 151 104 101 99 174 3 36 46 116 60 120 10 26 91 113 119 159 17 120 108 57 149 23 179 51 132 61 112 103 7 150 48 62 73 156 111 49 145 125 37 26 159 65 107 27 91 181 193 31 62 158 194 182 43 51 15 119 105 13 69 121 105 200 121 114 85 42 56 86 138 191 119 164 7 
142 98 46 37 159 131 150 80 10 139 176 21 137 101 19 40 103 132 24 30 153 139 116 189 69 46 81 185 161 152 87 141 196 40 181 124 144 152 63 14 56 196 95 77 97 58 10 169 46 15 170 109 45 75 33 63 20 85 135 138 136 116 157 140 54 129 12 162 38 145 37 7 165 30 143 117 9 194 45 142 111 167 190 41 35 122 19 134 125 191 55 192 154 21 150 193 104 132 33 29 9 34 173 136 188 108 154 123 93 129 175 193 194 155 20 111 44 60 23 122 77 134 180 51 137 48 67 112 12 145 140 51 15 14 63 67 113 55 168 133 99 18 85 123 163 57 119 107 63 68 
71 146 72 8 117 152 39 138 88 159 37 134 101 178 138 144 39 147 173 198 101 171 199 87 59 117 157 16 46 151 158 1 121 86 146 72 79 59 73 49 186 71 114 154 171 62 137 79 143 87 156 161 41 88 11 200 66 14 120 42 89 143 93 23 175 125 175 9 66 126 45 199 95 88 139 172 54 122 6 159 25 64 89 179 112 80 187 74 98 138 175 40 137 4 4 34 76 45 5 163 182 69 108 200 117 140 193 115 139 17 176 116 129 195 109 67 198 41 132 128 39 199 32 119 189 42 118 26 45 161 88 29 81 67 59 188 141 112 9 25 80 44 170 192 112 67 172 188 189 167 
12 97 20 30 122 184 9 160 12 127 2 166 136 8 146 159 157 175 109 52 131 1 15 125 153 55 44 164 114 143 27 57 56 26 141 67 35 159 11 133 18 96 91 160 39 59 109 153 116 73 149 125 170 156 134 22 49 12 117 167 117 59 60 47 98 27 41 35 121 200 72 102 184 97 200 21 130 50 78 24 71 137 122 168 90 166 71 86 50 101 124 156 61 24 105 111 176 159 6 100 23 22 197 118 22 25 51 159 159 9 122 74 112 129 73 103 140 84 181 185 158 174 87 52 60 48 185 171 124 193 17 176 74 191 122 117 64 56 14 138 169 5 120 16 51 72 14 95 49 96 
127 182 103 91 134 81 168 91 47 22 97 124 62 46 198 152 179 10 106 132 159 123 43 166 94 145 78 170 20 67 96 191 169 96 24 159 73 80 32 86 194 56 187 177 162 151 76 109 57 65 126 5 170 119 93 155 90 85 147 8 170 4 118 192 119 31 74 4 48 1 54 46 152 163 21 87 37 140 40 62 115 86 13 173 86 69 112 79 16 23 70 77 136 90 114 83 102 91 164 198 111 185 34 55 129 124 55 97 105 8 64 158 148 67 52 22 115 52 78 89 30 135 118 34 188 37 54 37 61 20 145 31 32 60 13 51 124 176 124 18 1 144 74 90 185 102 114 157 154 124 
161 153 1 7 63 78 26 74 12 82 24 157 154 199 16 67 26 10 171 128 185 104 77 108 136 90 86 93 124 21 73 24 128 133 90 98 187 149 177 5 27 165 124 122 16 29 12 106 57 12 3 153 64 32 18 145 64 7 167 118 157 101 92 85 93 108 19 87 17 177 10 152 88 95 46 94 27 200 81 186 107 16 159 178 10 41 45 97 104 63 182 28 152 92 72 106 117 4 99 86 44 48 12 67 11 138 15 108 21 102 142 118 144 20 165 100 25 77 44 119 127 87 149 26 128 191 185 77 55 79 87 169 119 167 126 144 49 191 143 13 144 132 171 32 17 38 70 121 72 92 
2 124 190 132 18 146 160 145 57 200 25 37 85 146 23 39 26 141 151 38 104 72 126 3 39 197 109 106 116 153 134 106 177 3 142 39 100 106 136 36 156 95 61 67 91 6 81 176 8 20 111 62 42 167 135 124 47 103 53 91 123 85 164 107 23 130 1 178 50 158 73 58 17 158 25 16 86 139 8 89 70 18 199 163 79 14 110 122 150 6 31 200 44 19 29 196 186 72 90 180 151 195 1 120 157 129 72 110 93 28 60 118 155 44 153 11 5 25 93 77 166 185 152 41 40 89 174 82 138 144 122 187 54 6 5 196 36 42 125 78 30 87 147 134 161 120 105 47 199 59 
158 62 186 66 81 172 144 23 31 150 66 25 56 44 5 123 68 66 148 1 144 88 173 104 89 116 15 172 96 183 78 107 49 50 184 57 117 46 59 145 109 101 168 72 157 75 14 109 137 30 144 122 100 15 75 138 131 139 36 50 121 92 125 108 191 12 130 7 134 23 115 61 112 52 190 167 58 108 87 190 39 112 63 161 123 16 76 182 48 150 175 95 2 137 22 153 51 187 167 190 156 39 138 140 110 7 105 141 162 139 37 18 97 150 126 192 33 162 92 191 144 87 114 53 82 52 15 111 50 156 35 40 46 19 66 104 191 59 74 35 119 6 3 121 118 50 135 129 46 192 
67 158 7 78 37 146 8 62 101 70 152 97 61 179 135 23 176 164 127 103 145 122 183 4 39 91 165 100 53 2 196 103 190 38 25 196 114 36 116 26 169 161 20 33 35 65 144 130 42 92 22 75 128 28 182 194 16 111 112 164 14 50 146 73 129 117 125 23 125 58 95 175 4 18 48 56 57 91 156 91 63 67 3 55 69 26 189 41 152 43 163 170 99 199 47 192 31 118 98 178 137 59 23 111 137 82 45 34 56 165 125 43 183 104 186 65 2 140 116 38 21 182 31 135 86 26 123 175 11 14 108 190 60 126 197 124 179 13 147 185 94 8 172 60 160 158 28 50 97 188 
131 139 193 125 40 106 178 113 3 156 179 121 33 187 192 150 88 35 127 162 90 140 199 29 121 1 6 26 18 24 99 100 160 51 10 55 36 45 132 178 161 196 165 139 166 140 132 16 135 68 139 126 6 24 68 146 38 163 105 13 160 118 178 150 116 31 16 71 116 129 177 7 3 181 106 96 15 127 192 198 164 145 147 69 87 88 41 80 140 126 30 133 145 25 30 160 200 88 54 49 139 164 68 75 23 195 93 33 89 6 45 165 96 156 175 98 153 133 87 39 143 33 171 133 85 5 77 77 79 99 75 115 45 63 97 85 136 51 46 104 15 82 92 137 58 1 55 41 67 79 
178 136 13 5 53 84 140 74 3 128 42 11 98 99 176 18 152 144 138 161 20 45 176 137 200 10 111 63 82 39 25 117 95 156 113 7 152 148 91 163 146 113 18 23 116 82 174 87 65 40 70 181 82 90 135 17 163 103 20 84 148 68 162 11 192 108 106 143 139 190 68 175 190 33 97 136 21 90 116 122 118 191 41 74 133 106 182 171 85 145 122 169 93 15 168 189 108 73 68 78 135 31 75 195 45 74 98 138 116 52 141 109 40 50 48 179 21 87 133 35 155 75 24 72 92 93 157 91 38 126 96 163 104 193 63 198 191 77 150 189 138 35 127 61 14 193 136 88 52 70 
151 7 126 111 89 142 144 70 145 53 64 3 189 94 9 93 82 48 1 135 66 150 25 56 166 195 46 119 53 24 118 77 176 159 53 196 49 165 44 100 115 77 114 78 139 40 175 48 75 135 65 85 189 187 185 64 160 147 170 199 48 99 152 135 196 9 184 189 122 60 90 40 26 133 9 104 9 106 31 16 94 88 129 122 81 174 79 148 85 198 26 93 173 162 32 23 81 133 134 96 38 10 22 142 45 17 64 107 83 54 23 19 64 74 193 166 154 167 168 89 18 13 17 81 130 124 88 84 12 187 123 138 168 21 156 9 137 185 8 127 50 160 161 94 6 45 107 168 168 197 
107 196 24 178 164 140 116 168 162 105 150 158 164 191 67 101 150 153 29 99 189 91 115 101 174 169 44 197 138 140 50 35 150 55 53 139 75 19 52 136 175 100 67 196 139 158 194 37 151 143 148 27 120 52 1 108 92 6 67 172 131 91 24 198 164 135 50 178 196 128 149 63 167 75 159 88 149 191 12 178 110 67 161 192 52 192 23 122 143 41 50 139 136 36 45 131 61 21 88 179 103 137 92 33 41 49 104 114 190 181 6 29 121 39 51 133 168 134 24 132 54 78 165 178 52 8 119 86 90 138 163 26 66 23 79 151 145 5 35 16 106 36 189 54 197 169 20 22 26 176 
160 1 29 126 69 14 105 4 66 114 67 158 132 183 192 53 16 180 154 175 58 177 44 82 154 150 195 166 139 53 20 57 129 70 70 104 124 64 88 126 84 18 15 185 151 128 199 122 51 178 5 189 178 9 140 157 59 66 198 41 102 17 114 106 30 6 90 17 173 122 155 125 162 125 176 178 155 12 37 58 200 35 165 171 124 189 93 168 87 95 18 138 143 170 62 45 31 30 54 120 127 42 120 5 44 1 22 42 118 138 183 120 134 200 132 47 43 106 165 46 53 145 43 44 130 137 95 13 117 148 93 12 41 125 124 164 32 41 36 31 156 77 38 1 107 91 126 135 160 71 
85 161 63 141 189 118 117 113 135 51 57 15 129 200 199 36 40 170 59 195 93 56 104 122 21 17 88 43 195 169 96 69 99 46 135 194 137 15 99 168 102 50 96 28 144 8 97 69 197 49 63 169 190 137 141 135 86 49 67 71 53 28 195 25 178 136 35 13 108 78 41 26 179 20 179 95 190 47 106 38 98 150 82 89 32 182 60 132 47 35 42 46 11 58 171 102 81 137 131 167 181 41 37 145 54 187 20 48 145 143 77 51 177 106 143 129 47 191 129 191 96 176 139 62 77 65 94 35 143 26 172 49 34 17 117 156 192 97 150 13 49 11 103 58 51 155 137 14 84 172 
146 199 62 175 142 94 197 17 124 56 24 160 115 117 63 61 59 136 67 85 96 50 149 188 54 194 112 139 77 96 7 147 85 171 61 191 156 107 145 64 178 182 162 26 35 181 38 137 108 183 94 188 24 123 44 19 183 126 34 150 166 34 183 55 81 99 117 67 62 172 64 77 187 131 5 95 161 115 99 36 37 83 153 149 63 145 198 54 98 37 161 91 151 124 87 50 144 62 127 190 181 120 195 32 33 74 87 186 71 107 185 88 144 123 117 54 177 190 10 57 14 97 96 188 77 14 105 42 134 82 119 198 149 52 77 125 150 188 111 182 100 106 167 2 98 29 166 41 16 112 
170 33 80 96 17 1 191 21 71 99 139 101 108 55 59 41 124 200 29 150 152 119 101 44 64 17 140 3 48 165 83 130 166 11 13 57 163 43 167 186 147 45 29 165 97 25 57 49 163 142 60 160 160 192 159 164 155 42 131 101 102 4 25 52 78 50 23 100 106 101 181 72 89 3 190 7 133 194 80 95 54 7 121 182 145 7 102 112 30 181 71 111 16 25 191 28 18 57 199 4 48 34 138 147 116 115 20 128 107 83 109 33 152 15 120 70 152 171 179 89 102 100 141 50 172 187 106 86 150 200 199 66 138 94 111 140 88 75 124 109 83 36 107 184 176 182 104 168 153 36 
195 5 104 151 168 52 80 60 155 157 132 132 44 68 99 161 142 171 52 109 22 188 39 140 166 149 139 52 132 155 141 189 177 111 125 199 86 112 77 132 182 134 171 91 78 155 86 155 159 178 157 153 35 77 152 144 124 109 100 187 97 198 91 67 41 200 44 142 59 76 199 124 180 117 200 152 120 102 29 56 154 49 168 118 186 80 86 3 76 102 110 14 48 74 198 66 151 75 116 97 129 28 24 47 124 22 50 179 190 166 11 57 101 62 96 143 134 176 27 151 41 177 79 3 107 20 183 157 7 165 75 78 107 41 49 173 65 103 86 73 177 170 197 94 77 3 192 180 156 13 
177 97 116 154 4 51 76 172 51 166 13 165 31 6 36 138 68 191 192 55 3 117 136 127 182 18 55 88 38 192 89 194 133 16 35 23 169 123 100 114 12 54 88 78 156 127 110 118 193 93 48 3 129 185 37 58 113 77 63 83 23 157 21 195 146 51 168 130 103 145 195 141 10 115 85 162 88 160 73 48 56 110 90 95 21 85 144 157 43 168 106 24 24 20 176 20 60 164 141 166 44 60 46 62 15 46 104 197 62 191 57 38 58 151 74 101 43 19 113 55 93 18 196 72 40 75 126 187 80 148 191 18 180 20 90 108 29 82 60 198 105 178 86 18 158 192 95 39 100 70 
9 122 58 141 76 111 108 7 145 187 12 69 43 157 36 186 37 168 14 143 174 89 56 192 189 16 100 157 56 200 13 182 59 68 93 156 122 159 50 181 144 10 25 75 3 198 5 14 146 175 145 163 110 110 64 82 5 126 199 140 39 200 100 120 98 173 135 62 194 135 183 56 46 64 143 56 77 162 155 195 169 103 27 66 96 8 105 42 14 52 121 158 107 132 146 45 169 178 21 82 87 130 66 94 6 33 120 168 195 60 107 172 55 71 124 70 57 157 190 55 121 189 176 120 151 16 9 122 177 171 86 144 137 37 27 200 184 141 87 103 145 17 167 170 21 69 5 196 188 130 
123 91 142 167 181 55 46 106 99 122 19 190 155 45 68 26 118 124 62 73 74 104 91 41 66 18 185 102 26 37 184 11 149 157 12 179 164 195 106 113 166 194 11 120 72 34 78 128 14 60 115 66 25 76 51 78 113 27 170 75 22 68 183 12 29 92 94 100 105 170 175 10 59 67 155 33 200 55 72 88 108 43 120 186 153 186 106 193 126 146 37 46 144 33 97 128 24 164 72 70 142 167 90 2 161 85 156 136 164 38 38 141 143 61 3 156 191 34 50 125 46 97 172 119 194 175 187 56 143 54 160 198 153 160 38 35 6 88 142 126 123 67 157 160 91 85 46 4 101 81 
24 106 14 90 122 50 122 162 50 193 120 147 61 106 10 109 45 46 49 90 50 149 12 50 118 170 80 61 58 160 103 56 61 127 5 169 174 110 121 66 37 183 119 166 9 195 77 172 79 20 38 88 164 147 177 159 103 133 152 160 87 8 71 59 104 119 40 146 185 101 107 200 99 172 67 127 171 67 18 114 131 55 80 65 97 10 24 24 196 75 184 60 25 71 143 159 54 159 198 92 143 67 130 86 70 185 70 183 120 29 21 158 141 94 105 79 139 134 57 83 12 17 105 81 56 20 31 158 143 94 41 135 44 62 3 88 47 181 95 95 87 60 105 160 22 53 190 172 20 171 
50 71 109 140 110 1 89 148 198 51 22 91 24 49 110 65 192 44 178 3 69 53 13 187 185 85 195 101 2 115 106 199 60 48 191 81 197 161 160 136 192 119 79 130 193 120 114 133 161 103 15 197 123 11 161 31 161 37 3 45 141 22 116 180 191 34 64 170 156 188 49 30 68 176 56 7 88 64 148 171 162 31 184 7 39 57 56 9 105 51 164 157 128 17 25 38 13 193 105 69 113 15 162 172 57 95 60 37 14 88 34 22 117 116 41 38 186 119 87 169 155 158 55 169 174 195 187 71 50 45 142 106 25 85 196 5 95 57 89 15 85 14 29 29 80 9 191 94 55 180 
140 108 42 163 127 199 147 69 90 104 178 162 34 152 139 111 110 62 175 116 151 13 198 30 156 184 77 133 21 90 28 105 32 77 200 71 178 64 121 5 21 16 19 22 73 199 106 37 137 89 30 127 78 112 47 36 48 107 170 148 107 83 119 34 198 168 66 32 67 117 159 104 110 21 87 39 27 141 90 144 12 198 108 34 2 92 13 40 109 36 159 44 85 200 120 26 10 115 97 88 110 78 25 55 24 120 11 126 119 143 39 66 6 174 98 74 63 176 81 156 176 27 48 172 9 193 88 56 95 6 59 172 127 183 52 90 148 169 76 200 24 157 144 197 149 193 18 59 168 66 
66 132 141 196 133 55 124 23 14 94 186 107 186 100 167 106 82 96 23 8 9 54 83 52 22 22 142 13 126 139 153 26 67 99 37 79 144 43 194 146 65 16 116 26 28 187 110 187 36 156 127 42 114 119 28 72 183 71 40 125 171 113 26 72 67 164 195 98 72 69 146 28 95 131 17 47 21 175 34 35 168 137 92 89 70 71 2 97 56 45 68 23 159 8 103 74 85 66 49 28 177 182 99 113 146 62 54 47 83 77 159 193 130 45 184 98 121 70 29 30 46 43 31 195 76 157 90 82 193 200 21 71 45 7 130 77 160 1 15 72 181 53 112 88 145 42 33 174 197 105 
11 125 166 200 1 13 187 22 127 113 25 135 76 39 47 30 13 169 156 107 84 150 79 176 116 118 165 24 159 169 58 183 99 99 26 48 175 93 69 6 104 166 154 140 30 77 154 112 18 199 193 3 53 39 151 64 190 129 109 59 104 79 195 5 14 101 122 42 148 200 176 200 154 78 85 18 130 91 178 66 150 29 142 144 133 40 38 104 21 39 87 17 158 121 102 137 120 88 110 90 192 38 187 129 8 160 98 82 29 159 22 23 2 128 126 175 131 11 182 158 152 126 154 94 3 169 85 196 55 160 108 36 168 190 79 59 72 86 59 9 90 72 39 191 130 163 52 91 82 195 
185 31 118 30 200 152 41 73 88 52 20 117 195 82 133 79 189 26 144 84 136 124 48 195 25 168 86 126 73 117 189 128 80 39 143 146 200 29 155 47 127 125 103 200 189 194 21 38 149 127 151 24 10 22 42 75 178 172 9 108 82 98 117 21 128 141 100 136 65 177 76 189 106 183 109 199 25 147 94 59 178 143 6 154 27 188 128 148 112 155 46 130 95 51 95 131 124 128 154 157 136 160 146 107 45 14 193 145 143 195 173 27 132 18 178 43 65 16 9 176 28 83 76 103 157 39 143 17 74 97 104 57 132 139 8 89 82 70 58 167 9 171 101 11 139 28 25 84 72 38 
123 180 74 160 84 167 140 73 198 88 25 104 12 194 142 133 48 60 60 104 49 180 187 68 49 61 71 71 50 138 53 17 34 169 197 72 90 131 174 79 28 160 127 185 65 151 39 92 184 23 35 142 78 85 17 124 4 103 98 130 129 139 169 144 85 87 81 132 28 53 96 24 111 197 80 153 114 168 26 90 165 32 151 199 124 74 188 161 96 98 117 115 82 12 121 163 5 12 4 31 63 112 7 93 45 55 84 21 155 44 160 126 82 169 119 199 169 118 114 50 101 125 131 194 99 141 103 91 193 117 120 46 163 27 39 143 116 185 148 200 59 144 127 106 126 142 141 61 199 74 
196 187 100 162 6 121 113 28 124 28 183 192 11 58 184 160 142 86 31 34 158 97 182 78 48 39 100 112 55 148 64 49 6 54 90 154 162 71 37 3 153 161 160 80 154 35 179 31 12 95 144 157 11 190 112 31 114 116 95 123 21 149 83 58 32 146 178 27 149 99 187 10 197 165 158 61 107 178 118 26 151 179 137 198 11 23 149 11 161 141 179 43 22 37 10 86 132 100 120 27 116 65 2 50 130 196 176 16 6 175 94 111 113 178 27 33 163 148 42 94 69 119 124 112 184 123 198 71 102 185 4 128 113 35 132 125 113 70 60 83 56 183 43 122 9 41 6 57 119 116 
20 187 127 2 57 25 193 28 8 93 185 103 53 135 75 74 117 142 3 179 57 8 53 134 87 101 175 107 137 56 70 145 52 38 129 168 170 173 169 170 106 102 195 96 106 189 122 111 77 51 21 99 13 135 182 192 133 100 21 34 86 176 70 134 187 145 7 123 43 116 53 154 2 33 156 140 20 142 55 199 145 3 40 104 179 183 100 10 186 124 36 170 103 10 55 197 46 101 128 161 174 35 121 138 32 19 160 99 79 151 96 134 5 60 12 62 18 65 197 14 17 113 68 93 2 47 123 41 53 159 102 89 52 84 123 16 55 34 177 181 14 115 108 115 4 191 173 159 99 92 
108 22 71 189 63 14 83 69 68 198 154 24 39 15 118 101 188 94 98 200 190 143 66 129 136 144 164 103 19 67 162 172 83 121 115 16 37 172 185 161 1 19 153 145 160 76 79 164 21 53 99 82 12 29 126 147 144 100 18 125 18 137 14 1 181 50 13 116 41 197 49 43 156 125 71 128 140 113 165 186 45 37 173 185 190 89 83 143 17 182 138 112 66 147 58 194 165 60 112 21 73 176 11 1 142 78 128 87 39 166 95 43 168 90 18 79 50 21 106 114 141 178 65 187 157 84 61 125 98 154 37 59 3 83 179 144 184 51 123 53 143 24 34 40 41 42 173 96 101 178 
105 92 178 107 130 107 173 5 90 176 89 156 43 169 48 18 32 68 60 86 103 111 146 143 18 154 134 198 195 47 139 56 66 132 9 46 108 112 27 128 163 188 138 172 105 197 32 37 54 31 197 159 23 144 98 34 182 44 183 162 180 114 151 180 62 40 32 196 160 134 71 176 190 90 41 14 160 70 43 23 18 186 99 184 73 125 186 107 98 151 57 112 200 29 45 77 73 194 109 160 139 173 25 111 197 160 11 156 104 65 114 101 34 37 81 171 95 61 50 145 199 91 168 45 181 129 34 178 34 102 97 96 9 200 58 98 72 98 26 59 59 96 80 184 75 84 3 168 91 99 
115 167 70 18 60 136 92 139 200 51 38 167 53 162 39 6 18 90 125 18 80 63 111 44 153 7 82 162 151 192 108 127 123 126 166 115 133 42 9 87 69 166 199 178 10 40 174 81 141 180 70 77 7 177 30 120 161 33 34 137 144 4 70 158 170 179 147 146 23 162 196 62 32 167 4 115 180 81 166 75 149 116 192 134 170 138 114 21 64 165 101 79 176 87 76 22 147 76 20 175 15 132 20 189 160 143 43 122 177 185 147 19 4 130 39 65 160 185 140 153 26 97 12 193 86 196 53 131 20 97 51 8 67 26 31 66 64 11 46 56 192 75 72 118 47 54 51 160 115 90 
65 87 55 19 191 113 114 22 88 47 70 116 66 57 104 54 166 87 39 92 91 113 147 194 97 14 40 165 121 62 12 72 125 86 69 181 138 18 28 196 56 4 122 65 153 33 109 16 121 162 45 111 115 197 173 139 16 96 36 184 67 65 19 86 43 174 126 50 173 96 100 184 146 55 116 111 89 187 173 91 29 43 26 38 127 36 114 142 68 16 196 31 71 34 3 24 57 182 174 107 140 124 93 186 131 104 71 79 89 81 18 50 1 6 53 61 128 184 137 57 106 161 132 118 16 91 14 34 182 141 9 18 143 65 92 168 34 168 71 78 187 25 71 126 5 61 96 5 82 59 
41 133 51 49 66 6 198 83 165 184 174 123 48 55 188 99 89 39 99 157 126 73 61 42 121 135 118 183 167 70 9 62 103 57 185 183 23 13 86 159 9 147 60 10 147 31 173 71 108 196 155 37 115 68 78 185 171 92 139 12 5 185 142 40 92 57 94 63 19 14 10 66 32 83 186 89 150 84 31 63 149 8 104 192 158 192 112 36 27 53 91 166 178 143 111 187 108 80 52 70 22 194 61 46 6 88 89 115 168 39 62 155 109 85 98 46 178 30 123 51 12 189 95 138 103 46 128 34 121 132 164 49 197 32 179 173 176 18 3 82 12 92 90 180 42 86 3 59 41 153 
115 64 77 86 86 166 18 72 105 76 117 158 154 68 132 150 100 139 9 98 198 31 133 191 40 87 70 192 26 43 43 10 27 180 93 158 59 13 35 82 82 108 122 175 65 61 161 124 74 141 25 99 170 103 158 120 75 149 161 107 166 55 199 65 88 154 183 141 191 3 35 156 49 101 195 128 32 182 24 25 115 92 195 83 112 33 42 6 118 76 103 24 72 46 108 59 59 59 102 99 180 90 50 144 42 180 99 185 188 12 89 44 19 28 29 63 162 56 16 71 103 92 12 28 75 20 57 60 98 113 46 34 21 187 135 145 102 82 16 156 101 70 50 66 31 165 137 48 83 24 
151 137 119 137 176 64 31 27 99 129 176 30 27 71 181 110 19 158 125 87 78 10 100 159 95 61 81 124 25 198 128 48 101 75 159 124 95 15 181 150 129 23 194 158 14 181 45 46 133 176 57 134 132 49 130 67 180 40 161 43 63 182 79 15 172 83 32 195 160 162 117 41 69 45 180 176 162 66 10 100 105 162 160 62 33 131 198 193 148 82 136 50 121 98 72 17 12 125 118 53 184 140 18 34 46 34 49 77 158 4 86 110 47 52 15 23 59 106 151 77 28 161 120 95 127 69 186 179 31 160 189 127 194 45 103 79 74 107 91 188 19 101 106 161 25 104 115 17 174 49 
12 104 126 104 17 7 106 75 82 127 133 73 132 55 157 140 13 69 167 130 35 194 95 136 172 38 75 145 95 82 193 32 151 148 96 84 154 81 149 52 45 24 11 186 59 191 96 127 31 133 91 179 20 8 151 192 4 27 34 187 84 184 159 184 182 101 33 71 58 6 19 57 148 57 32 117 156 99 143 103 85 39 51 57 5 50 127 118 3 137 68 27 99 125 168 142 27 98 125 73 29 77 79 31 145 85 86 65 95 115 27 194 71 32 196 163 48 108 3 165 124 79 143 125 25 138 147 75 195 17 163 180 141 74 167 80 30 148 65 121 54 169 141 84 93 102 84 59 22 117 
162 79 47 73 83 188 9 119 164 87 14 70 181 72 26 141 105 117 185 112 98 32 72 104 117 77 49 175 164 138 140 15 103 198 33 35 187 65 56 20 145 124 29 196 47 108 73 124 44 10 171 159 106 117 95 156 194 36 131 112 156 96 49 127 112 134 147 184 99 10 60 131 131 157 73 165 128 16 168 31 147 146 192 195 84 191 99 166 170 42 18 47 101 177 138 178 110 34 70 192 21 83 93 30 137 132 129 59 102 188 195 195 67 83 158 173 78 91 169 25 190 173 130 124 56 8 167 34 165 187 136 121 200 136 149 84 184 161 198 74 170 48 127 91 193 49 96 135 167 61 
95 154 172 9 135 28 95 54 107 174 69 104 17 81 7 137 143 190 86 55 164 147 137 44 128 4 12 110 27 183 197 115 43 171 9 190 200 73 169 93 72 171 193 67 127 88 35 180 18 193 6 13 138 169 180 179 46 150 171 60 142 86 12 148 121 32 86 15 53 185 141 104 180 194 51 159 99 134 31 47 79 47 100 48 61 194 115 128 54 121 84 48 102 16 57 12 95 120 125 26 187 183 39 35 167 136 132 176 125 40 67 52 106 137 72 187 191 133 118 128 116 104 95 27 180 74 200 187 96 107 169 146 30 4 142 87 196 7 156 134 80 154 137 52 1 116 175 69 130 167 
92 28 7 107 177 155 155 75 133 187 154 75 65 49 51 141 129 98 19 170 147 1 148 42 56 130 74 131 166 184 174 87 11 2 17 71 160 118 138 67 81 2 179 179 2 133 117 164 119 1 16 45 154 62 174 115 33 15 52 63 191 30 67 57 98 160 169 56 169 66 69 192 121 67 68 16 115 162 151 148 142 89 176 114 157 106 162 23 190 153 68 49 157 88 122 18 42 158 72 23 42 186 122 160 15 138 113 62 172 127 75 116 8 106 54 4 124 50 70 168 94 149 15 129 127 195 92 194 172 178 81 112 160 170 184 43 9 21 174 160 163 173 62 170 80 114 117 8 182 167 
181 52 186 125 2 138 130 93 161 172 176 168 167 104 165 185 154 84 183 138 174 119 54 184 152 134 102 187 86 32 188 171 2 13 127 124 39 192 197 85 91 113 48 172 167 193 2 157 16 45 10 96 13 183 88 152 151 63 183 128 123 127 193 49 100 75 66 42 26 132 135 161 198 68 26 94 186 190 20 165 6 139 36 99 40 76 109 40 137 199 34 27 67 196 35 140 133 76 33 77 107 71 108 160 76 45 54 159 198 183 195 129 90 126 126 150 185 109 180 175 101 131 64 110 122 109 140 34 9 105 119 79 108 119 28 41 14 77 70 108 110 63 155 142 40 76 117 122 162 145 
95 11 108 75 70 196 185 194 189 172 75 71 105 7 197 88 87 76 180 180 80 4 50 200 155 185 156 114 4 95 168 73 88 40 86 32 43 102 161 53 34 73 114 111 25 198 175 131 125 176 149 188 107 62 85 27 39 38 63 8 86 105 31 106 68 64 91 181 17 129 108 132 157 88 167 89 164 16 23 195 119 93 54 189 84 184 6 52 35 24 139 190 80 82 153 85 159 71 33 191 103 196 133 154 184 84 11 88 42 5 93 72 174 172 84 26 13 123 48 38 180 76 159 41 67 198 25 38 144 92 163 174 106 84 13 125 33 21 113 23 190 126 53 50 176 111 109 26 14 61 
132 35 90 19 32 122 44 28 163 30 97 119 160 41 34 25 90 102 180 193 56 18 93 71 99 99 193 153 177 182 37 144 167 101 92 141 180 182 123 102 168 52 20 135 120 45 171 63 57 14 93 18 28 159 169 182 174 92 57 109 74 157 92 133 121 122 6 155 6 115 121 6 191 181 127 60 26 69 193 94 103 87 14 64 76 45 90 41 188 124 27 141 137 161 41 76 41 49 199 91 147 197 181 41 182 33 177 199 91 60 109 124 178 136 87 148 4 51 50 16 87 27 124 135 198 35 190 68 72 101 28 111 144 43 61 118 23 199 80 159 138 8 40 186 100 132 173 134 46 159 
176 169 124 98 65 75 190 192 8 192 103 27 65 38 56 194 152 141 7 101 125 116 122 30 54 187 77 97 111 164 152 136 48 99 197 59 153 104 96 176 176 177 14 2 189 34 176 35 155 196 29 36 152 135 17 73 38 153 144 10 153 113 171 11 30 161 120 15 183 128 148 116 116 177 39 1 35 119 131 85 24 176 74 130 92 173 149 138 1 93 105 45 36 58 107 67 22 78 71 91 102 140 119 85 21 83 144 44 48 166 109 169 56 177 56 8 131 74 145 148 63 176 65 57 171 141 186 51 60 192 116 141 154 37 86 103 118 54 9 165 64 177 68 148 158 150 91 12 106 181 
96 117 65 147 16 54 12 2 139 69 130 20 134 62 172 85 101 70 109 59 70 154 103 134 32 140 124 170 200 181 39 190 154 29 131 42 11 112 73 156 154 175 59 57 148 169 83 9 194 130 127 24 192 152 76 15 116 172 150 141 153 196 159 200 54 58 87 181 24 90 145 136 154 196 159 24 176 138 40 144 189 164 62 38 13 158 193 166 16 175 97 114 85 105 101 145 182 28 119 132 95 123 135 89 133 131 160 135 111 193 138 119 37 148 161 129 192 154 127 26 59 133 129 125 194 93 107 177 153 70 1 48 53 134 26 22 41 187 102 72 174 40 85 72 135 3 162 160 33 47 
52 190 142 131 48 50 161 94 143 16 95 198 32 159 129 8 138 92 21 32 188 28 46 114 195 94 90 51 104 59 101 113 168 92 148 86 63 66 7 187 136 162 121 134 143 55 132 94 106 199 93 158 4 151 78 87 65 126 111 81 53 69 9 33 168 22 79 143 168 89 91 96 184 23 100 95 90 113 175 188 9 155 119 149 123 53 185 97 130 98 135 72 173 120 134 73 99 117 152 128 127 92 105 49 93 72 103 20 127 140 181 55 20 127 51 19 97 139 195 46 186 134 59 7 112 29 138 14 43 110 170 134 146 52 72 129 126 175 123 29 48 13 47 84 8 30 197 116 12 130 
91 184 139 167 107 183 86 145 45 176 176 134 26 111 35 51 105 28 138 185 152 180 120 48 78 16 102 6 51 33 16 198 49 87 125 29 78 154 196 96 73 28 13 109 187 50 182 22 199 93 48 70 26 72 172 148 121 163 156 19 39 151 88 69 158 73 94 21 88 92 198 9 63 70 152 24 59 90 156 50 32 74 150 37 98 166 172 48 68 37 63 107 98 173 52 29 161 10 200 200 81 96 161 88 94 112 80 123 15 165 115 71 121 124 9 38 10 83 154 170 90 141 81 115 139 178 115 134 181 54 190 142 18 179 67 36 83 28 14 22 5 114 115 122 107 72 196 175 20 179 
128 16 40 74 182 19 114 133 54 179 34 165 134 180 122 161 196 24 10 11 135 121 54 183 152 33 164 14 48 99 79 77 119 52 81 156 97 34 8 62 95 61 168 99 176 192 43 92 76 60 93 148 5 75 82 90 191 108 19 30 142 158 121 129 6 85 94 42 153 134 160 156 43 164 48 128 129 183 11 143 151 31 31 157 132 161 199 165 29 8 154 86 179 64 148 27 78 116 119 174 179 79 37 61 79 135 21 125 155 154 79 194 164 51 73 104 122 95 73 21 188 1 6 99 40 60 32 78 173 46 157 31 62 69 5 165 72 138 96 99 8 90 137 134 23 16 173 120 59 119 
117 180 143 47 76 110 20 26 99 65 182 36 20 157 33 86 148 36 160 20 105 3 34 51 171 30 84 138 164 171 86 3 85 113 121 30 155 78 16 59 199 167 161 122 119 116 3 200 179 175 175 117 177 121 90 41 90 102 109 187 14 173 76 163 40 54 111 26 11 157 20 13 16 13 3 81 122 149 124 16 22 89 96 163 76 138 86 134 88 62 50 130 78 95 85 148 119 8 107 138 69 144 120 148 1 181 174 197 84 177 62 36 44 6 98 38 35 43 31 165 76 129 12 64 14 8 194 136 39 76 151 70 32 189 24 35 58 122 121 108 101 22 64 20 92 56 94 26 36 21 
45 175 120 197 31 181 194 44 107 56 18 144 133 186 113 188 74 133 41 64 89 182 65 181 9 116 65 40 116 105 52 85 75 75 55 162 193 114 66 10 179 3 104 177 172 82 71 21 12 184 179 37 149 151 169 150 133 112 187 149 160 196 10 38 194 133 58 123 174 136 100 186 17 45 76 111 88 103 157 197 156 145 41 176 21 137 31 23 199 81 8 159 2 133 165 178 193 74 65 155 178 73 194 18 163 80 47 132 155 115 102 193 62 151 98 132 11 103 30 137 9 197 76 94 176 171 183 49 28 181 11 49 105 12 26 184 132 6 137 199 5 111 83 46 87 23 60 110 62 172 
175 39 66 96 5 127 73 67 47 145 171 199 178 50 187 38 168 163 86 190 113 172 194 185 53 186 126 12 161 14 88 135 94 38 68 200 52 80 163 3 84 5 64 143 144 163 61 181 41 159 62 196 143 165 27 200 161 34 135 104 3 199 66 47 181 42 94 5 118 186 88 46 10 169 99 198 94 79 17 88 20 126 62 3 45 77 20 145 10 88 173 99 111 116 79 190 111 167 150 59 105 120 55 26 186 1 143 93 182 2 125 89 41 51 153 14 19 56 19 16 115 39 192 84 91 120 198 129 52 64 85 27 73 197 51 59 183 41 138 165 151 158 17 93 135 137 113 19 96 109 
141 67 10 8 31 49 151 39 55 77 105 118 197 76 34 162 37 57 26 86 3 113 199 121 118 199 192 13 22 120 112 91 13 109 152 184 87 1 60 63 181 38 38 124 134 107 86 163 123 101 64 10 86 46 169 128 44 144 161 194 198 164 45 130 111 52 157 185 31 108 36 2 81 16 80 44 93 124 95 75 184 13 1 184 54 30 192 153 29 172 189 12 189 159 141 48 91 100 64 198 79 113 142 15 61 129 12 39 195 1 173 161 34 187 169 79 39 36 133 36 146 179 140 78 91 30 179 63 40 175 14 78 145 133 136 54 22 169 33 106 200 25 63 162 154 141 137 65 53 102 
80 69 175 62 1 152 112 101 131 25 196 122 88 183 3 160 6 4 5 138 83 50 169 35 175 150 153 25 45 113 137 104 199 33 155 54 9 78 175 75 191 23 43 44 105 37 97 130 97 18 108 173 117 117 56 177 177 47 133 76 120 53 29 2 51 31 161 197 1 191 137 28 179 121 186 157 141 109 35 113 162 42 103 73 9 48 138 5 199 52 87 84 47 13 68 95 2 65 41 71 109 119 176 113 166 186 183 87 75 44 93 94 122 110 59 3 39 176 36 38 104 137 180 164 108 108 126 161 165 57 96 171 97 6 43 99 61 35 177 19 55 83 16 82 126 103 170 11 124 89 
124 71 49 50 133 162 158 113 53 180 135 92 197 96 133 94 148 126 6 58 1 43 104 193 102 143 15 121 48 119 84 38 102 141 73 8 10 12 184 108 67 135 106 176 102 54 175 170 25 14 121 146 76 165 81 93 146 83 68 12 145 176 99 138 38 152 78 141 136 136 177 139 71 103 28 124 66 25 107 196 150 2 91 69 160 20 81 107 41 144 35 62 183 104 46 160 150 188 87 36 186 174 5 177 74 33 111 20 11 27 195 95 120 7 61 27 130 55 9 181 80 159 146 1 6 67 147 116 189 72 47 133 96 200 149 2 77 186 158 102 81 140 109 135 127 46 13 133 162 141 
145 39 91 49 127 61 105 161 121 174 56 115 17 187 147 107 32 128 138 55 40 77 39 79 164 125 166 14 156 168 59 170 85 170 58 34 124 91 149 91 139 195 44 95 11 92 152 123 108 108 122 188 181 90 185 57 116 15 192 15 17 124 100 59 9 161 166 7 81 67 67 95 175 145 68 170 112 148 195 72 145 8 74 21 72 163 136 56 110 87 50 171 46 42 79 123 53 67 155 43 172 184 97 72 26 47 171 145 74 98 6 128 85 186 53 127 165 185 10 160 161 96 111 7 33 200 16 36 173 53 153 159 48 101 164 134 147 27 140 25 89 17 184 33 68 11 155 173 60 110 
195 92 148 76 89 129 129 55 51 12 58 80 135 120 112 30 52 162 111 1 47 119 61 172 157 150 94 119 195 156 167 34 129 186 150 67 115 9 47 77 42 198 144 77 107 141 10 146 185 131 154 184 37 143 67 34 150 72 87 148 124 188 17 4 193 113 143 70 156 23 167 118 192 156 175 90 152 186 103 161 104 73 124 117 192 36 106 117 155 22 16 59 180 36 171 48 149 157 40 10 49 42 29 139 191 12 142 149 26 200 57 119 169 27 49 132 195 181 24 170 159 45 2 22 75 79 158 147 67 168 144 40 17 68 34 82 36 200 2 118 53 65 71 115 143 178 97 12 19 98 
101 152 127 68 108 45 130 44 191 199 175 19 22 195 182 17 91 8 86 14 82 114 100 171 54 198 117 16 138 65 93 91 12 134 94 88 114 138 191 192 148 99 32 74 109 58 107 5 150 143 48 143 126 139 52 120 187 158 27 168 114 91 20 147 122 184 116 133 31 117 28 78 106 31 149 28 74 3 7 134 162 38 154 134 112 112 7 45 81 191 137 151 4 158 106 7 130 124 34 182 5 96 68 94 131 55 93 124 154 188 168 98 72 173 183 131 158 194 52 192 193 183 158 26 153 61 151 41 7 195 187 57 168 100 30 173 137 181 111 25 140 199 11 148 121 26 8 69 160 42 
182 35 51 160 9 41 110 188 115 9 166 34 183 33 178 108 112 43 86 177 191 157 45 125 142 165 5 119 8 180 66 180 59 164 45 129 80 159 28 148 181 145 66 165 147 59 168 80 125 159 117 117 143 156 111 64 155 42 195 88 25 68 114 101 140 97 70 30 106 167 21 183 92 123 154 59 96 159 2 183 119 80 108 97 23 37 23 174 155 158 147 57 184 170 53 188 49 113 185 40 10 32 135 110 36 66 164 157 54 139 27 19 121 73 163 149 162 188 72 124 132 66 134 168 42 124 153 151 5 29 136 29 93 74 34 132 85 73 45 164 13 129 93 101 192 175 31 51 185 28 
88 52 199 79 56 195 196 49 92 30 120 160 181 99 194 125 2 60 75 135 49 22 48 186 151 93 131 62 96 80 191 13 175 5 132 84 164 124 50 85 72 66 19 115 159 133 183 180 109 180 190 115 121 178 146 63 124 30 183 126 121 119 101 60 26 28 22 146 53 31 86 15 11 45 51 23 29 114 36 85 96 119 35 74 41 118 188 184 116 131 153 41 116 158 4 66 114 30 60 103 190 92 197 12 146 140 156 167 104 93 145 110 69 150 15 1 14 26 62 65 140 55 10 48 24 62 10 139 16 92 194 149 103 145 26 162 117 75 146 187 163 160 95 50 88 124 123 59 85 106 
18 185 85 78 34 164 159 179 20 188 97 162 123 2 58 47 72 138 113 111 41 167 173 119 167 80 160 96 3 176 35 67 41 128 166 16 178 194 80 146 163 193 188 62 8 51 189 82 177 185 156 109 39 42 119 159 66 25 54 113 19 160 146 143 162 158 151 73 59 76 157 56 80 106 115 3 67 99 99 152 34 145 154 138 29 42 3 33 164 38 162 175 37 192 49 193 15 3 105 164 83 197 99 181 45 110 18 32 11 68 138 174 17 49 45 123 3 66 70 149 37 127 5 64 122 152 149 120 146 134 139 169 156 151 108 11 200 162 87 145 89 95 65 44 119 15 177 44 99 184 
58 72 138 128 68 184 64 97 42 122 159 116 135 199 19 149 58 186 3 112 146 167 132 77 45 33 36 68 185 135 49 150 56 70 72 83 199 116 31 32 116 187 104 134 177 40 136 93 167 164 1 132 128 9 195 8 193 161 181 179 179 7 164 119 191 97 52 72 97 58 122 64 91 62 76 189 134 119 119 13 48 20 29 179 200 38 21 26 195 130 52 73 13 6 28 148 14 98 18 126 110 136 152 86 117 124 108 52 132 107 94 65 138 27 11 142 80 92 100 173 61 143 143 95 49 38 141 85 33 80 56 25 194 131 126 38 52 32 115 62 121 138 85 130 67 107 168 51 131 53 
141 6 84 165 24 159 168 63 154 54 92 128 6 121 154 130 134 75 198 125 120 57 141 173 67 144 69 172 73 44 176 160 179 1 133 191 143 183 130 63 8 32 144 190 6 39 87 194 197 152 62 92 40 161 105 47 44 180 118 56 82 130 158 84 16 106 155 127 178 21 75 62 111 187 97 167 86 148 117 60 52 148 71 21 143 176 121 117 152 158 114 117 110 96 103 86 88 147 5 70 141 72 152 108 108 63 27 41 145 162 46 73 162 155 110 92 90 169 78 112 188 89 197 105 157 158 160 28 4 111 158 61 61 49 14 193 137 161 124 38 58 11 98 34 160 21 48 167 178 127 
84 63 40 114 101 82 191 147 126 185 18 3 11 59 141 175 103 167 160 50 76 46 153 200 43 170 61 196 73 92 142 55 94 77 171 69 126 95 42 33 179 24 111 128 200 193 163 49 68 166 31 180 40 44 198 95 71 193 112 140 40 139 139 173 56 190 96 180 195 44 159 168 101 59 4 105 158 32 161 79 54 159 56 29 174 156 103 95 197 135 31 135 72 149 19 124 166 177 27 118 119 162 135 151 13 137 152 31 118 189 116 72 198 156 27 62 32 122 153 40 107 67 138 147 112 129 21 95 37 90 199 67 101 139 120 93 188 161 72 139 143 103 82 140 92 200 16 1 84 34 
134 26 105 160 119 129 79 121 53 1 95 179 66 163 156 66 82 30 95 110 29 5 130 56 14 194 86 129 172 102 133 131 41 29 102 176 118 55 105 140 13 172 9 43 170 169 173 76 136 190 140 61 187 86 67 127 135 21 148 157 67 181 75 187 160 52 167 137 30 66 37 184 132 39 188 61 195 16 186 4 95 158 117 6 89 2 77 46 25 144 26 51 22 37 195 40 111 110 197 18 57 59 98 39 2 97 129 119 149 72 198 84 156 121 25 25 81 107 157 103 109 41 200 109 132 14 148 29 57 118 163 191 184 91 153 39 160 153 72 40 136 180 165 174 66 64 12 124 133 137 
130 162 34 18 34 179 156 4 45 13 166 104 32 107 67 88 77 71 105 13 100 126 198 199 131 75 192 117 20 126 44 160 167 24 67 22 183 166 182 163 99 118 14 21 157 52 110 81 124 122 46 86 170 143 190 24 54 45 87 73 180 78 81 161 117 88 22 92 46 118 182 30 198 115 173 52 61 77 52 64 56 37 84 59 45 65 60 86 194 28 186 144 94 13 30 166 94 135 5 112 76 192 14 25 37 148 29 26 126 134 10 53 121 55 51 26 78 9 108 62 131 15 17 136 11 43 1 50 164 155 78 198 63 58 84 13 82 18 68 37 145 153 34 66 146 66 71 148 146 100 
172 43 24 38 154 35 134 29 4 180 129 48 182 112 31 184 161 87 32 143 43 124 73 130 87 15 107 85 3 150 23 193 168 32 191 141 95 147 183 140 39 162 31 118 99 169 170 57 21 127 32 115 81 180 89 136 114 184 27 176 76 178 34 71 9 135 189 102 55 83 61 129 156 144 141 194 127 155 15 68 172 127 167 41 103 85 11 60 132 151 106 166 12 138 125 58 38 101 145 180 192 183 111 56 172 51 69 8 120 76 115 42 66 41 22 107 136 78 189 128 156 9 38 40 131 158 29 123 129 76 11 40 116 197 87 89 76 153 131 75 83 153 59 72 87 185 17 1 42 32 
200 27 53 194 108 157 188 40 108 184 6 69 199 54 111 81 24 138 35 16 187 22 28 128 181 151 42 21 47 84 54 143 108 49 78 16 199 171 36 165 196 52 159 59 138 16 72 59 111 165 17 173 176 119 109 75 51 149 98 194 198 96 62 186 162 12 192 190 193 159 84 185 126 40 182 75 52 62 147 141 24 30 49 85 14 4 26 160 10 150 43 108 56 78 104 98 23 153 180 107 61 119 99 125 103 143 79 100 162 125 98 151 33 129 165 115 114 115 7 39 75 171 135 34 137 98 174 44 9 135 39 171 101 78 25 116 168 195 87 192 15 31 189 172 6 24 106 76 42 77 
187 46 170 190 115 86 186 10 17 166 107 91 94 170 5 36 68 93 157 39 149 142 1 142 16 22 56 38 104 144 132 115 190 110 167 31 27 13 189 141 136 89 189 2 29 115 77 51 87 71 114 111 78 45 17 197 24 171 37 60 98 171 73 124 175 188 26 128 13 154 43 162 98 124 93 124 163 120 140 162 191 76 166 67 49 183 131 126 134 11 131 171 75 154 148 54 170 65 146 121 144 112 186 43 177 13 158 51 40 61 188 51 27 182 169 44 36 90 39 101 185 81 160 156 88 163 8 179 187 198 16 13 197 139 195 151 118 150 74 90 41 102 54 13 181 36 185 116 97 198 
164 105 91 160 42 149 62 16 58 86 59 26 99 89 165 120 120 122 157 130 51 152 10 44 18 184 79 64 34 197 2 121 93 120 200 197 3 30 164 29 173 31 64 75 42 90 183 75 16 187 26 4 176 176 162 154 77 137 107 1 192 29 70 117 167 98 162 140 60 26 62 199 157 85 11 3 139 170 31 108 166 104 142 171 152 39 92 94 169 141 69 188 131 14 159 192 112 150 44 83 77 101 139 185 172 156 84 52 184 60 119 48 48 159 81 160 182 99 138 186 102 36 56 73 67 41 89 31 141 141 41 181 155 198 195 150 22 46 115 166 166 139 5 64 172 84 31 175 162 179 
22 151 62 48 73 89 12 71 86 35 60 100 45 61 149 91 163 24 27 47 61 159 84 55 167 159 135 22 71 90 79 164 96 168 7 199 11 69 65 175 130 120 151 104 60 105 103 41 113 106 4 84 153 183 17 167 65 113 124 87 32 60 45 183 156 107 13 58 167 93 47 93 148 64 23 158 184 22 79 156 159 98 11 71 123 158 183 142 40 157 125 4 157 40 137 69 133 162 141 170 48 40 5 55 106 131 4 170 46 83 134 98 193 123 132 169 36 1 194 104 80 148 119 177 114 52 82 146 70 23 88 120 38 22 60 85 158 39 26 23 83 185 197 38 151 144 130 19 145 124 
63 149 93 38 24 107 161 82 29 142 1 62 40 9 98 163 145 142 32 44 1 174 177 61 63 87 83 58 144 101 11 70 151 142 59 81 148 99 61 45 35 172 106 41 82 166 101 180 176 72 114 104 184 87 102 45 140 186 162 116 50 138 10 46 14 181 132 143 78 163 148 26 9 64 43 5 58 17 89 134 112 99 30 12 111 56 135 107 51 28 68 124 109 146 95 194 195 200 132 40 173 183 61 8 78 9 84 103 131 79 86 33 95 167 120 23 3 69 83 52 127 11 89 18 37 153 183 46 5 159 126 50 141 92 19 177 124 4 160 169 116 10 21 167 77 38 195 53 27 164 
184 130 33 7 99 170 194 173 62 51 19 79 29 124 2 91 11 115 74 200 59 20 9 136 152 175 145 79 119 168 78 60 189 162 135 198 101 144 75 129 104 99 14 38 118 19 51 8 43 1 32 169 35 116 111 12 44 152 142 96 40 87 104 59 66 76 79 36 115 67 3 98 85 149 1 146 15 45 118 86 17 69 192 155 198 177 56 168 194 184 157 88 168 200 142 111 127 114 193 111 184 25 165 34 141 81 23 176 168 123 164 179 106 90 73 113 124 153 45 80 191 98 172 183 8 39 40 10 168 118 139 57 20 35 10 28 191 161 22 188 192 85 199 31 3 11 2 157 33 168 
64 56 180 112 187 164 80 81 27 2 9 167 16 177 165 41 191 80 172 154 179 49 92 13 59 27 200 99 141 145 93 31 157 171 81 170 141 179 141 162 132 156 199 47 34 88 160 79 103 163 54 77 6 190 119 28 193 176 131 101 141 200 52 19 86 97 107 65 186 183 131 137 165 128 153 51 156 141 26 79 75 52 95 90 56 77 95 192 99 187 54 9 116 183 60 19 123 88 31 120 189 109 124 134 162 28 149 128 196 162 53 121 122 141 124 169 159 77 1 200 44 190 86 151 114 29 7 22 15 130 64 102 111 36 147 104 133 159 44 157 93 100 183 62 39 80 75 173 132 36 
53 114 88 102 30 193 78 140 176 11 55 127 182 71 87 49 103 191 48 189 121 177 86 48 195 75 115 176 44 179 197 138 194 130 2 59 40 195 26 165 132 26 83 189 71 124 176 24 114 197 131 194 47 70 191 161 89 172 144 87 186 163 144 62 45 196 74 43 27 92 51 171 88 18 118 18 31 8 5 69 93 73 132 111 29 158 8 1 64 101 37 188 199 33 113 169 86 53 93 96 24 83 161 91 36 167 168 150 140 73 3 95 105 51 37 83 32 111 35 18 92 118 44 99 85 102 120 179 121 122 133 100 94 92 176 157 75 127 61 142 131 50 59 37 194 86 2 93 47 64 
23 2 138 177 143 108 183 200 196 59 43 179 171 194 153 104 41 80 174 188 116 8 46 102 110 30 35 178 98 190 146 16 161 113 85 150 9 129 185 167 101 127 198 57 185 112 137 53 129 111 83 40 79 98 100 6 4 5 105 31 52 19 179 44 117 103 63 84 55 136 74 27 37 85 174 189 119 108 97 143 45 156 139 111 195 139 188 174 139 197 18 47 1 93 172 96 19 168 157 140 119 185 117 43 46 158 114 111 191 184 194 131 143 159 6 123 60 177 123 125 66 164 109 129 125 50 114 144 3 151 89 20 43 86 190 12 75 151 153 140 9 67 94 128 197 180 66 173 120 39 
73 187 49 132 163 124 166 132 44 59 97 194 37 31 25 62 59 77 76 123 35 14 130 152 179 144 91 123 187 31 62 191 52 107 15 107 159 188 40 81 185 61 196 105 96 23 62 116 127 127 11 99 72 194 156 131 29 142 113 100 65 164 23 56 61 87 15 131 51 43 115 129 97 9 81 61 72 121 136 74 102 28 25 22 143 142 33 7 41 167 162 90 78 1 175 121 151 189 149 32 196 56 99 11 94 92 174 74 195 38 58 79 82 11 55 25 162 98 103 11 51 156 57 150 87 138 126 100 157 156 127 55 145 95 163 59 103 174 51 136 141 14 63 13 40 111 50 52 145 14 
189 162 146 94 44 84 98 83 96 97 47 141 46 195 188 2 93 142 193 98 37 89 13 55 107 177 103 57 78 190 171 63 24 62 139 25 152 32 86 139 133 41 135 171 81 133 169 81 150 67 76 76 54 138 173 159 168 111 78 95 193 164 14 79 79 80 92 62 74 11 28 181 50 158 87 32 198 94 48 131 4 127 157 127 102 75 130 79 191 144 180 159 140 5 107 194 72 164 72 8 95 163 1 155 114 196 176 183 119 196 3 29 47 23 117 68 164 17 154 171 23 153 104 2 171 190 135 30 48 31 140 193 16 151 159 74 90 165 108 42 9 52 138 47 124 124 7 166 99 185 
184 137 18 23 88 185 161 184 140 172 91 60 61 93 80 49 41 7 65 103 79 64 7 197 14 67 34 43 134 25 8 107 29 181 168 152 152 189 42 5 98 111 156 101 92 132 12 83 166 18 192 122 48 22 126 176 130 133 131 137 49 5 179 133 46 85 95 67 160 110 76 102 156 82 192 174 89 95 70 40 191 117 77 172 109 162 96 59 35 100 174 37 18 137 125 47 30 195 42 197 40 55 74 193 186 129 88 191 31 144 52 106 192 143 162 5 100 95 121 165 13 87 97 77 89 82 17 179 171 37 13 185 33 15 126 59 165 42 150 104 8 136 52 50 9 11 61 128 95 122 
52 34 34 2 126 154 147 140 68 184 10 82 5 102 89 65 99 50 46 28 143 176 180 32 105 149 99 83 50 126 33 49 9 149 87 22 4 33 167 138 176 6 180 70 20 163 77 162 150 110 175 127 163 134 4 149 38 190 87 86 37 31 21 70 196 123 15 148 11 198 50 43 5 178 85 181 33 191 126 116 137 179 17 182 170 165 122 134 95 54 123 72 51 130 176 72 65 100 124 62 49 140 196 172 91 152 176 151 152 108 164 43 132 198 95 147 33 28 167 9 173 66 152 119 45 52 104 63 144 146 100 99 91 112 151 116 101 118 144 94 55 129 149 198 55 32 85 183 9 157 
70 7 22 82 114 16 105 99 169 89 155 176 198 84 32 199 93 150 69 177 164 90 37 196 158 91 126 159 85 139 149 162 1 160 74 145 155 73 167 160 102 187 72 62 4 83 189 181 156 158 193 146 3 86 139 84 110 143 143 23 27 102 177 176 145 40 8 14 88 146 2 38 6 68 78 31 73 23 151 84 160 128 126 65 12 140 53 12 40 127 177 109 10 61 9 83 104 62 63 18 41 168 55 125 166 132 51 107 179 116 6 103 12 146 50 167 99 149 146 64 112 24 146 22 194 156 149 81 82 167 168 103 151 52 30 109 43 64 22 110 160 72 181 91 174 65 122 27 159 197 
95 86 26 81 170 145 31 162 49 116 121 117 57 193 190 38 78 25 112 167 156 1 55 178 164 23 24 38 189 198 181 11 172 31 200 19 100 124 170 171 200 75 167 57 59 29 186 17 93 188 60 13 15 94 160 43 124 132 146 167 92 69 166 7 23 92 143 179 79 80 84 12 112 130 16 191 50 196 24 127 83 14 138 69 14 49 195 32 162 39 108 92 30 166 125 32 146 34 5 50 173 145 20 139 66 15 88 7 161 20 114 92 133 4 100 97 115 137 52 27 117 93 18 93 94 138 107 186 186 158 145 99 145 20 125 51 63 167 17 71 33 40 33 13 54 29 71 141 189 104 
87 195 149 171 150 71 70 48 14 18 182 134 145 121 8 122 81 109 44 50 40 95 167 29 57 149 171 74 41 191 129 143 119 25 188 23 48 87 162 91 185 25 86 72 31 184 151 184 149 143 114 93 112 56 29 128 154 156 157 5 99 131 140 65 26 40 115 93 84 67 135 188 60 93 89 189 173 52 152 73 118 192 17 37 167 112 60 107 6 184 152 22 28 184 53 108 61 131 72 127 173 64 88 172 199 158 123 61 192 98 1 199 100 155 102 53 17 11 155 81 96 38 140 86 59 157 17 190 172 58 159 77 126 102 10 72 117 105 68 88 56 111 52 92 30 165 12 52 1 53 
64 23 108 172 127 196 83 44 130 180 158 116 80 23 159 117 24 153 36 45 78 76 129 13 93 114 140 100 28 1 42 184 153 181 33 164 107 134 132 95 82 92 93 6 142 21 97 52 193 125 111 118 95 165 72 63 198 65 90 122 90 88 82 64 62 157 21 84 108 8 17 148 57 80 121 171 111 118 40 153 62 185 23 120 190 64 56 36 108 131 140 184 60 73 119 63 27 183 81 153 140 17 183 28 79 90 181 95 30 10 111 71 128 114 125 53 50 94 21 154 40 77 199 148 174 37 175 101 128 18 128 63 99 177 41 173 135 121 66 12 92 96 182 151 77 36 46 173 184 98 
153 158 32 126 28 130 116 1 143 98 96 86 198 57 95 63 111 164 59 40 192 200 196 113 190 116 10 19 164 18 106 123 138 63 53 78 49 67 47 18 15 49 1 80 121 195 115 47 92 141 81 80 160 132 11 186 80 57 157 113 86 1 2 28 11 88 65 166 41 159 44 13 25 77 112 117 126 145 72 46 27 36 122 156 124 17 101 87 195 22 7 182 75 150 186 188 11 169 140 177 83 9 125 143 141 182 150 85 160 127 79 144 5 78 72 138 57 39 21 139 127 172 98 40 115 107 174 32 98 185 194 78 165 115 13 159 40 52 117 3 17 46 11 193 28 153 53 94 182 122 
143 131 164 101 184 90 19 132 199 23 4 154 198 66 67 52 71 96 10 145 52 162 1 176 82 118 100 37 37 141 54 139 129 192 187 151 169 90 162 138 73 69 158 184 45 156 83 103 186 80 177 104 88 118 33 49 127 146 199 42 6 38 40 126 162 119 105 111 7 163 17 1 149 123 88 194 19 73 135 148 42 98 140 19 92 120 118 179 150 12 139 196 135 17 156 162 52 155 54 8 183 75 150 74 90 164 71 155 172 48 148 141 53 81 57 101 53 9 72 155 56 117 154 172 80 179 45 97 193 182 4 158 43 87 28 175 20 163 148 172 33 15 80 86 46 191 125 66 1 120 
79 78 106 104 186 35 186 65 164 119 80 184 30 57 186 166 94 112 39 147 188 137 52 151 11 2 88 129 199 83 196 48 79 12 171 160 67 77 160 193 191 62 155 2 40 89 186 85 185 190 159 135 8 101 42 182 14 142 170 120 29 155 169 43 29 142 25 28 12 193 112 153 58 113 32 103 59 12 103 33 123 74 179 123 151 116 178 53 110 63 107 135 178 200 185 91 71 114 141 189 33 119 135 59 96 182 128 11 166 132 45 38 50 9 100 86 75 191 114 19 47 10 191 139 21 18 142 49 4 135 15 154 111 175 62 21 41 182 173 168 171 67 175 190 94 50 98 189 87 107 
134 8 6 61 4 59 141 94 123 140 84 182 172 156 132 30 134 179 44 27 129 54 176 32 52 183 110 117 195 150 41 46 107 52 113 15 134 40 69 53 177 77 114 101 5 135 182 193 2 172 171 20 3 105 159 127 37 145 68 163 44 165 133 177 174 192 12 56 2 30 94 36 121 35 116 176 113 116 67 127 166 133 98 142 86 74 163 86 147 86 166 60 103 86 136 147 19 63 151 133 171 152 193 175 43 195 132 180 132 162 151 136 162 128 32 152 173 82 15 117 3 168 119 157 174 198 199 8 49 133 43 194 98 44 7 154 27 33 95 181 89 12 62 37 108 125 52 4 198 74 
86 93 51 118 4 142 31 62 59 91 51 167 180 173 167 97 87 16 139 61 67 156 138 61 76 45 150 113 52 8 165 117 174 125 180 96 167 30 1 36 70 194 95 23 104 49 178 179 188 178 162 93 171 43 160 12 56 14 123 13 172 89 25 175 3 102 125 184 152 167 179 99 5 44 147 65 47 50 153 50 148 119 120 117 89 184 181 102 90 55 172 110 7 196 121 174 190 30 12 174 34 2 193 58 80 18 38 19 165 42 128 135 42 29 33 13 86 7 66 134 99 8 176 48 87 74 197 100 126 54 35 27 148 114 133 146 50 163 120 135 186 180 167 160 46 132 100 140 172 149 
71 26 87 153 52 16 159 183 177 38 107 108 121 100 68 69 168 20 181 147 52 19 83 144 179 118 14 184 142 82 9 196 31 89 164 173 176 165 153 49 181 176 189 190 4 141 129 196 78 198 198 31 55 4 76 166 63 62 161 38 153 10 11 128 130 156 176 87 148 115 104 174 168 169 108 83 92 198 192 150 185 66 62 102 48 73 48 58 170 110 80 94 57 155 4 3 1 54 71 79 48 150 133 163 98 161 170 171 180 18 173 43 75 68 136 34 31 82 152 18 174 85 85 40 21 118 196 175 127 110 128 105 38 48 47 76 106 18 99 112 175 42 154 60 45 125 35 129 200 54 
97 69 182 139 187 29 65 133 86 14 36 134 157 130 125 172 26 87 48 58 86 131 165 41 109 38 109 18 58 87 195 158 189 196 145 197 61 55 27 72 68 193 120 123 194 142 97 68 168 143 77 178 107 163 103 119 124 160 141 178 180 138 24 37 117 45 153 187 131 163 9 4 145 53 108 133 54 135 178 60 67 192 64 149 51 198 29 199 136 18 40 63 49 102 131 76 195 86 35 95 150 113 98 135 98 13 160 116 83 88 107 33 24 29 189 62 192 153 157 72 184 32 119 196 176 110 136 99 142 169 111 58 6 116 88 108 90 8 31 193 3 33 142 69 194 36 104 105 27 150 
51 72 160 160 119 102 24 189 2 176 49 156 198 38 16 183 16 58 111 98 46 160 37 166 23 85 122 190 178 49 120 185 105 93 194 200 4 186 76 16 17 114 132 175 183 106 42 30 162 42 112 110 106 78 157 155 91 90 69 138 186 52 198 74 144 168 130 148 118 45 86 138 2 27 113 160 176 32 139 155 92 7 196 18 5 101 78 154 126 94 157 200 36 44 199 131 34 76 72 186 89 44 35 77 173 194 93 101 66 109 165 31 60 25 38 58 1 84 139 120 25 149 196 199 3 141 37 108 40 193 74 191 64 141 95 127 39 103 109 56 185 199 114 145 197 83 181 35 198 57 
122 48 27 90 121 157 32 61 49 169 65 195 11 192 79 8 6 63 143 113 108 199 4 85 31 153 47 8 141 164 189 187 184 35 58 183 151 57 187 96 70 166 115 162 39 46 108 198 129 194 121 38 169 29 117 90 171 24 29 98 27 199 20 194 17 11 46 81 184 138 41 199 176 144 25 40 198 105 47 146 77 169 185 154 134 56 148 103 41 25 107 174 97 159 110 15 112 41 128 13 128 116 52 77 62 186 177 167 171 154 158 98 130 93 66 19 143 64 59 104 168 103 195 6 50 176 128 141 108 15 76 6 159 109 89 162 123 126 70 96 50 160 55 84 177 127 40 58 157 166 
149 81 13 93 107 50 101 76 54 149 7 90 108 184 105 170 192 88 39 121 56 48 185 139 43 100 200 61 29 136 15 126 53 79 77 37 11 50 134 26 170 148 56 111 161 116 2 168 41 29 120 57 196 157 197 11 200 13 98 53 72 197 51 50 91 177 51 77 101 17 47 190 19 70 170 180 167 13 54 85 78 156 52 183 7 2 123 40 85 60 192 88 124 116 45 99 164 50 32 172 176 138 74 197 82 112 31 100 100 148 172 186 52 197 143 119 88 89 83 95 156 11 43 92 64 132 56 80 146 72 128 122 121 70 135 141 42 196 107 10 86 115 35 179 131 192 109 135 16 199 
20 118 38 131 178 195 140 95 142 138 79 132 146 133 57 82 130 120 53 135 90 119 101 16 7 46 78 168 75 66 20 65 175 162 31 138 82 125 50 18 156 191 137 69 136 22 181 76 182 1 104 19 161 32 199 176 77 194 131 104 51 42 191 36 5 196 79 43 18 73 70 77 34 155 129 39 31 96 71 123 157 43 80 51 18 127 10 35 23 61 124 7 103 62 105 194 143 10 159 52 121 51 175 83 110 72 181 179 47 139 14 199 51 87 110 97 49 102 43 42 185 189 129 137 124 35 121 199 44 170 157 106 85 70 94 180 117 171 9 75 30 187 174 195 113 103 181 168 34 194 
124 47 33 94 135 107 52 39 87 36 150 127 115 98 148 171 19 26 179 200 90 49 178 113 91 57 82 39 14 20 179 140 21 85 48 62 148 76 60 26 33 17 200 66 183 76 36 110 33 37 74 138 178 114 97 174 1 182 151 58 65 173 14 200 67 25 112 94 9 29 148 41 159 3 30 11 144 150 99 72 118 142 69 101 35 127 10 81 149 198 191 148 87 67 56 80 8 94 80 142 21 119 85 163 197 97 189 37 135 131 101 155 44 78 181 164 97 68 29 37 55 122 164 184 58 181 135 80 33 3 91 3 129 156 1 132 5 66 185 34 193 188 1 45 75 172 90 182 68 28 
135 49 130 131 134 83 103 52 26 24 181 122 123 80 150 82 52 58 115 166 123 15 143 167 174 28 32 197 56 75 174 176 51 172 121 195 188 121 106 105 152 28 105 165 51 83 85 93 199 110 65 64 44 53 64 48 51 16 44 152 12 94 83 158 106 48 41 113 152 114 143 51 138 15 178 170 19 18 140 85 171 82 90 31 174 30 46 183 18 119 188 115 78 29 57 127 185 21 113 39 138 78 56 154 134 172 146 177 70 181 60 19 69 55 26 74 24 31 151 192 115 66 98 59 128 18 112 174 47 69 79 76 43 117 16 200 31 107 118 14 56 88 11 135 168 118 132 5 114 110 
112 187 36 135 147 5 153 39 109 42 57 198 47 161 87 158 107 161 136 159 31 134 73 38 19 151 14 130 158 116 53 89 144 133 46 87 199 167 110 120 53 12 154 141 45 194 100 87 40 11 107 65 131 100 130 189 124 52 90 123 49 178 176 78 128 129 180 51 5 39 56 4 133 137 4 155 150 181 38 119 148 104 156 27 193 138 192 56 149 55 52 70 175 37 8 97 53 16 136 40 100 85 42 160 75 60 104 13 196 48 87 65 96 174 39 51 70 126 71 28 105 135 56 99 100 76 123 39 88 17 114 50 192 147 83 136 173 87 60 190 142 121 161 159 61 112 44 132 109 5 
62 64 190 180 23 99 56 150 71 121 84 151 9 128 186 199 14 177 96 95 34 199 69 55 134 183 22 92 67 168 14 31 100 159 68 5 154 44 155 144 7 138 122 196 137 186 93 62 141 147 111 194 124 122 31 87 85 122 71 100 120 113 8 144 37 36 190 61 104 50 23 147 80 193 200 38 3 18 11 117 173 182 92 150 76 110 61 76 105 157 174 3 93 157 35 11 49 42 191 84 49 93 176 31 27 194 184 157 142 174 173 130 152 12 92 197 52 107 64 122 26 59 20 148 9 76 20 60 34 157 82 81 180 179 32 101 102 6 62 184 129 134 181 83 167 80 130 95 181 101 
7 87 50 199 172 189 60 117 162 143 130 33 69 122 116 11 4 68 2 46 37 182 12 98 163 124 71 18 98 11 158 59 195 198 157 188 90 148 156 161 144 75 93 70 36 69 186 154 196 136 175 189 75 90 159 181 32 97 151 198 131 15 131 198 172 178 107 176 83 116 28 54 127 131 105 84 122 156 191 129 41 98 54 35 99 46 150 8 102 36 118 128 128 65 5 15 50 121 173 105 110 175 63 53 107 80 151 94 141 42 74 19 10 150 149 81 25 82 96 49 14 26 102 116 159 172 103 175 145 33 53 13 3 146 126 141 16 181 71 142 72 98 54 45 164 11 198 82 46 53 
3 133 129 153 171 9 66 118 28 149 50 7 134 29 87 86 10 49 99 178 185 147 144 29 5 152 160 1 27 155 113 65 16 106 11 185 164 61 100 142 164 135 47 97 111 68 191 7 17 77 9 15 55 75 142 64 143 179 54 49 19 161 178 3 69 60 23 153 188 113 29 42 4 27 199 86 38 116 79 42 183 79 80 163 49 96 13 3 50 96 24 164 171 76 82 121 94 127 88 52 142 80 61 183 180 182 121 148 85 101 163 30 158 3 101 76 194 112 73 131 49 131 112 80 125 160 36 50 48 72 104 93 7 145 21 180 58 117 146 15 125 121 160 96 38 116 42 68 141 76 
9 176 177 138 143 22 50 114 64 177 188 75 62 105 170 133 66 170 106 81 20 139 124 115 195 142 10 99 97 127 169 127 193 36 90 164 6 140 188 168 74 141 68 114 59 169 100 35 140 16 141 7 101 193 85 20 156 72 115 14 177 15 161 72 30 122 145 197 104 60 167 132 65 76 30 152 197 199 13 153 116 198 129 96 59 12 39 75 77 82 92 36 161 198 172 162 81 156 65 51 195 68 200 36 154 27 90 31 168 164 106 102 88 67 150 6 198 72 150 129 82 160 140 20 92 107 114 198 52 152 56 71 80 200 156 20 100 71 131 198 138 160 130 129 92 16 137 168 178 53 
55 81 157 75 144 104 168 167 55 171 188 129 146 192 153 67 31 2 55 16 101 55 99 190 44 59 172 172 151 144 105 186 115 108 175 74 61 61 165 118 130 123 80 3 167 12 75 69 48 155 6 63 158 28 175 15 183 179 132 136 53 53 28 34 125 98 156 93 8 64 95 127 42 187 185 174 33 70 61 26 55 32 151 95 126 108 165 100 87 87 143 81 22 6 143 57 193 103 45 110 21 68 134 65 75 165 52 97 129 184 2 38 37 149 166 77 32 75 105 33 5 77 41 73 142 66 37 17 2 144 82 112 68 79 10 136 184 120 65 121 103 179 42 170 34 60 52 86 131 72 
185 37 97 187 86 177 11 91 50 117 105 70 55 30 38 33 67 186 44 53 106 81 85 111 186 100 46 144 65 179 9 66 54 82 24 96 16 90 124 38 39 179 9 137 185 120 112 167 96 198 17 199 20 145 141 135 58 144 166 42 82 14 169 83 84 11 195 105 9 103 190 77 128 80 68 52 95 92 157 63 96 77 54 166 29 133 169 187 193 198 176 125 181 57 186 165 133 13 119 18 13 141 72 84 164 52 169 156 141 105 174 190 125 110 32 59 8 175 159 55 11 52 132 106 54 132 68 179 177 110 39 64 97 50 182 95 128 23 52 62 62 189 150 178 135 145 117 73 82 157 
198 123 19 55 125 129 62 101 125 123 163 78 118 136 141 60 179 113 200 154 100 86 63 159 190 101 8 101 165 115 142 194 193 190 162 65 195 98 110 69 148 121 50 71 161 116 109 180 174 199 47 65 8 141 184 101 123 163 72 138 91 191 199 25 21 80 170 157 198 88 6 58 38 124 112 4 118 19 2 56 160 174 158 148 142 150 56 33 20 125 135 171 86 29 198 26 71 191 136 46 166 196 5 163 166 54 100 197 133 61 188 147 144 117 43 159 136 30 117 26 49 194 31 129 115 172 133 174 71 189 156 169 74 10 175 154 21 132 161 34 124 6 66 62 112 136 189 40 57 49 
30 6 154 5 64 91 158 151 34 101 187 30 51 60 155 149 98 49 132 42 95 156 25 88 118 25 11 57 40 111 123 200 112 149 89 65 169 126 120 199 186 98 43 112 40 43 68 37 105 9 134 112 84 143 59 83 198 143 115 42 145 141 4 134 56 53 5 146 115 96 101 57 176 85 8 135 167 74 37 171 11 6 22 191 156 7 151 170 186 22 138 17 115 31 164 99 46 49 124 174 71 146 4 53 58 185 196 69 69 129 174 58 47 36 97 65 93 3 156 105 137 174 43 50 155 161 170 58 166 177 12 84 80 124 121 123 45 56 160 81 142 149 84 85 148 94 168 42 64 42 
146 143 34 26 28 178 128 42 24 136 64 155 146 113 194 174 78 34 190 140 79 158 22 34 48 88 64 150 156 152 136 180 121 11 40 3 80 11 114 48 138 40 170 143 180 19 74 54 67 151 144 32 122 165 177 133 92 174 173 158 18 200 140 68 170 90 43 34 131 93 5 169 182 139 13 102 8 97 79 20 135 198 184 54 2 162 64 10 94 170 85 13 82 50 32 197 151 42 72 131 152 12 25 2 29 50 15 107 178 88 99 109 200 30 159 80 108 142 56 45 101 26 32 194 92 7 193 33 177 4 36 188 126 95 120 133 65 52 118 172 162 71 104 77 152 161 61 74 11 142 
