100 2
0
0
1 22 68 430
2 73 111 295
3 144 168 816
4 151 187 525
5 173 91 901
6 180 108 1044
7 210 175 560
8 242 8 306
9 268 82 596
10 276 16 404
11 279 24 375
12 315 93 1059
13 316 195 316
14 346 181 -16
15 363 110 803
16 453 131 1239
17 456 116 1384
18 467 77 775
19 483 164 1795
20 487 161 487
21 490 24 442
22 495 109 1149
23 518 74 814
24 524 177 170
25 528 143 1386
26 538 146 1414
27 549 79 1181
28 560 167 226
29 566 176 566
30 566 179 1640
31 582 117 582
32 600 112 376
33 616 117 1318
34 670 28 782
35 691 179 333
36 709 77 1017
37 709 137 1531
38 788 166 1452
39 804 31 804
40 828 54 1044
41 829 126 1585
42 857 48 1049
43 859 169 2211
44 861 195 2421
45 864 175 514
46 879 63 879
47 885 26 1041
48 913 88 1617
49 916 92 1284
50 924 24 876
51 953 163 1279
52 957 179 1315
53 960 36 1248
54 967 93 1711
55 1073 156 1697
56 1080 115 1080
57 1144 106 1568
58 1155 194 1931
59 1161 188 2289
60 1186 63 1564
61 1218 159 900
62 1228 18 1264
63 1263 93 1821
64 1263 10 1323
65 1266 133 1532
66 1272 182 1636
67 1289 90 1649
68 1323 125 2073
69 1340 114 1340
70 1344 49 1638
71 1352 94 1352
72 1354 104 1354
73 1357 142 1357
74 1363 125 1613
75 1426 140 2546
76 1469 86 2157
77 1480 34 1616
78 1514 172 2202
79 1524 51 1728
80 1533 161 1855
81 1534 174 2230
82 1582 143 2726
83 1585 160 2545
84 1591 197 2379
85 1619 46 1895
86 1633 16 1761
87 1671 16 1735
88 1691 177 2399
89 1710 19 1672
90 1715 31 1963
91 1728 19 1804
92 1768 157 2710
93 1770 148 2362
94 1798 141 2644
95 1804 173 1804
96 1817 23 2001
97 1823 95 2583
98 1836 151 1836
99 1919 158 1603
100 1988 167 1654
185 66 184 3 199 168 166 130 162 49 19 31 122 101 104 192 102 136 174 42 158 54 108 200 71 182 158 13 92 22 34 4 123 178 53 183 47 10 39 96 51 171 23 9 16 183 83 131 111 90 97 167 185 52 68 123 83 124 195 76 181 46 182 123 92 154 165 99 153 179 176 35 20 8 163 126 133 68 133 108 177 159 85 82 3 140 25 82 152 76 98 95 183 177 136 95 46 65 2 167 
61 95 11 161 163 99 117 197 170 176 72 161 82 29 92 99 152 12 48 78 69 45 154 114 67 78 52 9 42 173 146 189 137 108 18 130 28 110 102 120 74 158 121 35 125 106 72 17 67 160 88 144 93 190 131 151 149 157 129 148 167 184 26 166 102 100 4 69 153 24 148 28 116 97 118 156 86 169 96 182 132 92 78 181 108 91 18 54 133 3 195 50 118 46 7 154 116 77 165 152 
105 18 113 73 126 57 19 177 64 140 200 123 81 187 182 131 122 23 81 173 131 173 177 18 50 166 168 75 161 115 59 161 186 4 22 167 132 158 128 62 113 186 40 137 6 36 77 170 27 99 199 186 130 100 121 74 114 102 195 196 28 173 82 190 106 38 30 131 46 180 55 143 37 95 122 154 115 163 172 9 109 105 3 124 112 8 23 139 81 183 24 72 149 13 138 36 12 84 155 143 
143 125 18 57 115 40 107 10 149 96 125 51 141 97 107 143 177 156 26 87 22 11 162 185 179 3 105 159 6 147 95 49 199 94 2 146 191 78 196 164 62 175 199 119 85 139 18 186 133 39 91 107 140 144 96 124 98 147 36 18 75 10 105 62 10 59 11 66 62 86 32 145 191 133 88 17 76 119 141 7 4 55 200 73 42 180 152 126 29 50 149 77 101 113 129 72 158 175 94 135 
160 195 5 9 30 163 198 54 198 3 192 77 114 86 102 82 45 62 97 33 20 28 188 12 62 60 104 175 141 174 46 65 156 141 92 56 107 140 25 156 72 85 125 30 175 193 21 25 10 135 162 36 48 158 16 24 157 158 170 8 20 105 28 64 133 59 42 86 95 77 107 121 85 80 42 33 75 36 184 88 166 118 11 28 182 179 104 177 75 114 31 80 25 60 4 165 187 102 78 144 
128 146 25 14 107 59 77 156 127 123 41 177 65 118 137 71 86 132 150 85 20 146 4 45 49 43 197 168 185 54 77 62 66 193 1 184 20 106 16 53 58 77 41 14 100 1 175 39 107 45 85 111 192 102 53 153 46 129 189 158 32 184 21 179 167 65 34 139 152 35 8 36 190 22 5 133 136 104 67 165 33 44 15 188 95 101 65 197 189 182 168 91 61 191 137 65 90 6 160 30 
125 151 171 152 15 9 118 180 193 85 122 87 70 94 80 33 184 151 13 91 58 129 186 33 182 25 84 166 188 83 153 151 1 33 153 166 15 5 167 14 117 164 61 136 116 78 179 65 162 53 141 141 38 178 140 171 159 30 107 1 133 124 5 126 190 176 160 61 119 111 154 21 91 16 162 115 26 160 154 141 138 45 65 19 62 91 158 115 108 101 3 66 31 87 123 84 181 122 74 65 
199 166 141 72 45 57 29 77 127 77 47 194 14 34 113 24 6 166 95 163 168 64 174 42 75 132 30 64 69 34 126 164 1 162 56 71 115 11 41 5 103 26 103 28 78 91 77 47 179 34 119 172 187 149 77 14 185 162 112 117 62 88 79 61 94 198 98 7 44 22 133 63 154 172 183 148 151 133 95 176 31 13 8 196 140 50 73 105 92 69 121 104 77 87 119 134 139 27 181 144 
135 155 125 55 26 9 198 46 15 108 13 166 117 24 65 137 76 126 116 186 124 9 190 32 1 24 129 175 42 123 12 36 170 71 30 115 200 133 15 153 53 186 166 79 43 178 108 194 70 164 170 160 192 194 200 19 61 44 24 30 83 169 145 60 80 125 27 79 44 182 147 9 127 76 79 142 134 120 167 48 160 160 22 126 163 182 167 59 11 75 144 73 35 200 79 65 70 190 165 176 
34 193 196 13 161 58 62 192 90 141 179 181 200 92 184 70 175 118 74 135 15 157 23 96 177 137 195 198 89 83 77 100 170 191 197 141 41 68 80 52 152 133 158 96 90 164 111 20 176 133 114 13 136 20 13 35 9 45 18 170 173 188 61 162 69 13 126 52 77 180 140 90 67 169 141 67 112 76 161 35 189 187 58 156 176 180 29 7 124 29 102 159 142 192 12 39 147 70 118 8 
185 40 194 29 190 97 147 64 10 130 64 124 191 157 29 79 192 71 46 96 78 114 196 15 174 111 60 109 147 71 131 190 197 6 143 157 50 2 178 4 23 6 142 12 110 175 133 71 176 153 197 26 18 11 169 45 196 137 3 65 95 64 144 184 6 44 125 68 166 91 174 71 80 182 83 63 29 192 146 26 30 97 173 98 193 114 184 165 124 13 32 128 22 181 57 178 139 151 141 4 
24 183 96 62 11 89 77 64 124 75 132 31 188 134 117 15 182 155 63 179 163 39 115 32 121 108 84 42 79 123 199 18 116 195 54 79 43 36 100 135 115 103 193 124 6 8 160 51 113 14 47 198 42 117 153 40 179 91 105 148 25 64 178 9 41 196 151 77 181 66 134 144 187 33 32 181 19 116 51 142 176 127 131 11 94 17 184 116 96 169 37 27 152 153 4 148 133 84 91 92 
77 128 162 63 90 1 187 31 167 8 7 47 154 24 9 68 86 17 102 171 66 177 98 39 149 76 76 51 9 177 122 36 103 24 22 81 145 174 115 142 163 52 152 45 168 188 184 190 42 114 97 121 95 85 25 77 135 71 5 191 117 133 173 109 111 64 161 105 169 160 114 146 30 170 176 12 161 124 101 169 28 35 135 10 155 135 75 147 64 95 196 127 183 34 35 98 105 95 156 27 
27 50 34 29 78 113 191 127 112 111 144 89 113 84 92 65 105 86 168 166 23 162 108 86 43 65 187 52 103 140 53 120 129 190 88 101 170 67 169 85 108 25 3 54 122 64 17 134 138 120 72 142 167 108 120 82 163 41 6 171 46 184 198 22 13 6 107 74 9 26 44 84 73 64 176 161 132 135 48 85 76 43 76 112 95 157 44 12 16 49 110 85 69 78 83 154 134 11 77 49 
5 156 94 183 112 105 74 55 51 30 118 86 75 164 85 138 189 19 197 158 71 168 190 141 94 47 87 107 106 111 42 2 161 70 156 128 46 177 56 88 172 42 176 194 116 77 23 192 141 104 91 39 98 74 137 10 192 41 89 26 146 145 103 147 196 125 146 50 96 105 150 154 68 20 95 62 180 109 80 168 104 95 4 123 112 36 31 113 46 134 119 63 28 63 194 154 2 3 34 133 
6 171 95 5 28 94 200 76 29 155 22 83 62 130 124 54 20 46 126 132 124 74 20 17 27 148 56 181 135 15 45 82 126 68 97 172 128 139 26 44 115 79 160 8 21 73 144 76 13 65 149 194 197 180 128 7 101 12 71 116 191 83 96 64 93 145 107 3 7 118 84 45 21 6 71 186 178 62 105 65 199 199 168 124 155 22 166 47 156 77 39 43 191 159 29 185 160 50 162 83 
51 61 74 34 146 35 124 73 80 65 25 65 149 170 155 179 73 125 72 103 36 81 113 56 2 191 112 51 28 197 103 130 160 67 94 116 19 85 115 93 71 151 86 54 90 148 187 75 192 82 53 28 60 44 57 103 60 40 5 179 20 168 150 25 102 147 57 146 70 86 18 101 54 194 99 165 57 90 135 167 191 129 129 199 12 157 142 185 39 95 150 91 187 52 68 54 19 18 104 116 
126 62 68 14 87 106 161 30 114 186 180 165 162 129 87 88 45 177 23 40 167 80 187 63 16 123 78 53 114 64 123 135 139 69 121 11 194 39 96 100 54 191 1 104 3 149 142 4 40 161 51 96 135 142 135 78 133 96 57 44 18 144 72 63 129 100 180 106 42 90 169 42 116 16 160 58 63 27 68 27 133 25 180 75 57 129 30 36 63 73 67 9 144 18 49 90 119 36 109 197 
19 158 198 72 158 162 125 110 132 140 146 21 139 42 11 191 131 190 12 36 80 82 73 59 190 151 134 113 166 150 156 104 67 13 105 187 152 20 96 82 89 191 95 41 52 16 80 153 127 132 177 69 133 181 65 195 99 107 44 55 11 93 168 10 18 79 175 37 158 71 28 173 60 182 152 143 106 96 20 59 100 68 91 25 186 57 132 78 85 113 68 107 176 19 125 105 176 12 163 168 
165 55 44 104 74 190 169 184 158 50 17 125 7 185 88 172 8 65 73 57 182 56 131 65 130 158 96 65 5 21 137 17 128 175 187 20 164 8 75 164 88 165 78 42 111 193 65 194 42 7 88 131 133 158 54 47 100 73 62 86 183 86 133 90 90 93 67 180 156 124 193 43 57 12 28 188 184 149 158 100 71 56 93 162 37 160 118 52 150 68 84 70 189 136 144 91 84 164 184 117 
110 197 146 108 112 23 159 91 5 18 46 185 43 111 77 86 47 151 169 186 178 59 79 98 75 169 90 85 104 5 171 81 120 117 38 6 80 146 139 59 193 177 119 8 161 42 61 169 40 130 32 33 70 59 167 47 30 52 138 145 147 53 123 156 52 32 68 8 84 142 176 170 53 19 74 190 125 120 43 160 102 65 66 89 8 169 59 42 185 38 188 53 189 164 24 71 161 104 64 7 
24 6 5 96 130 175 151 18 87 52 168 70 73 60 68 191 55 158 191 95 115 85 46 43 130 191 25 33 49 157 63 9 75 50 7 76 184 136 86 111 23 77 98 70 82 78 51 60 76 97 19 104 53 79 77 158 146 140 197 135 31 194 136 72 171 162 123 180 109 183 5 82 130 69 93 152 101 101 21 137 81 127 55 182 52 82 143 101 81 144 88 176 15 167 146 29 29 60 81 150 
15 72 82 155 143 110 39 85 13 37 188 91 103 137 2 92 169 121 124 159 120 122 140 72 189 8 33 81 117 152 20 137 109 55 43 89 2 87 105 110 196 93 62 6 12 176 196 124 124 145 111 45 181 29 160 106 68 106 171 196 38 185 107 163 166 29 99 90 81 106 148 116 7 47 181 78 46 29 166 165 194 180 7 9 105 13 138 191 6 148 197 70 36 27 116 147 142 52 192 182 
14 176 130 145 73 116 172 59 87 149 200 184 140 66 114 45 192 159 198 80 135 129 128 138 19 194 194 42 47 30 152 27 107 10 177 182 169 114 7 140 134 110 103 41 59 19 85 139 110 172 54 189 189 166 3 162 168 12 166 78 3 188 110 121 130 55 103 86 106 98 10 82 31 117 98 193 166 105 92 51 105 77 68 93 51 75 86 176 196 96 26 175 14 182 64 14 77 106 82 37 
140 136 109 158 19 87 17 100 64 17 144 9 33 66 81 189 104 30 11 78 63 24 22 83 124 37 120 20 124 122 103 113 4 64 87 92 159 151 13 57 114 43 124 102 181 19 38 84 47 98 1 142 62 159 66 122 33 91 72 187 126 198 61 2 56 141 148 10 38 81 200 54 193 102 15 142 60 135 66 54 104 180 169 92 124 145 5 135 16 103 116 35 50 88 101 36 161 47 93 132 
78 71 158 86 49 137 165 98 79 156 161 187 27 84 141 138 89 108 52 67 181 20 125 199 121 10 173 185 151 173 16 61 187 104 80 11 102 192 111 72 147 67 144 142 170 157 17 70 167 109 36 47 110 54 148 97 192 112 169 87 159 69 197 178 69 136 118 5 59 97 76 81 147 142 184 114 54 89 141 48 183 101 85 65 193 114 68 191 174 81 15 63 28 77 196 128 37 46 87 106 
124 65 192 41 137 22 112 81 13 37 92 125 196 100 81 48 32 39 156 57 135 34 85 76 146 122 16 147 182 110 55 33 45 75 159 104 135 118 66 90 109 88 28 120 87 183 124 149 31 119 9 118 66 85 13 131 43 105 175 152 48 120 16 152 18 191 98 165 77 131 87 72 43 68 197 150 97 90 200 163 86 100 97 112 163 31 110 21 127 154 179 19 160 20 65 71 160 191 7 32 
11 39 25 168 85 59 142 38 160 61 121 6 161 164 142 193 61 100 47 142 88 138 85 51 162 108 110 191 146 196 101 175 84 145 21 162 187 51 54 199 155 196 48 169 197 47 20 150 13 170 105 191 197 193 24 75 119 122 29 165 77 55 62 53 154 7 90 187 51 49 69 1 87 120 186 69 140 104 118 14 158 3 125 162 197 75 53 134 154 6 135 195 14 71 5 157 31 87 76 175 
88 182 182 74 118 172 175 83 39 185 131 161 82 186 43 71 53 152 116 28 21 169 74 82 172 9 100 167 111 65 91 130 125 19 62 56 133 13 44 115 117 36 176 50 77 12 188 23 96 145 6 173 17 9 89 168 171 123 103 33 134 162 19 84 148 133 2 149 196 188 158 199 148 188 135 161 156 178 50 194 181 152 192 1 175 65 198 106 32 166 108 16 159 28 165 178 187 65 98 29 
40 6 158 149 24 122 131 153 34 1 159 105 198 86 75 173 176 145 62 94 19 109 78 3 181 51 44 42 113 1 75 169 76 49 39 93 182 195 89 146 189 74 58 156 82 159 146 152 18 13 149 10 80 66 85 192 85 101 179 3 60 152 171 153 127 67 98 158 186 125 84 83 37 111 2 86 189 55 180 192 117 165 34 136 158 109 3 10 113 116 199 77 55 170 129 21 15 139 200 118 
139 45 60 101 81 102 13 153 25 59 74 119 4 69 200 75 166 196 112 170 128 50 153 130 114 151 198 90 100 37 132 140 186 22 153 118 144 49 81 54 152 166 38 59 116 94 15 69 5 71 119 18 132 98 145 17 171 177 168 143 100 152 35 16 190 109 39 126 17 117 98 51 148 148 166 57 151 177 32 80 181 82 125 19 125 116 139 117 32 4 187 137 176 75 150 159 82 49 196 52 
60 28 117 160 164 35 68 151 102 53 194 100 32 51 104 185 200 48 164 146 94 39 81 170 139 139 71 112 37 180 199 193 84 98 6 107 173 191 193 9 191 125 34 164 159 14 115 113 8 174 146 193 180 198 111 100 189 85 182 123 65 100 140 133 183 32 107 116 125 56 2 15 64 171 96 18 73 22 9 62 78 168 48 101 16 74 2 147 63 2 45 82 145 174 100 188 66 192 181 132 
152 150 89 160 15 145 138 46 53 118 180 70 145 28 78 53 192 143 24 169 162 44 57 64 113 140 195 85 67 142 154 140 150 116 170 170 151 87 60 69 70 138 93 43 17 180 93 122 134 138 151 170 118 186 29 120 109 177 9 90 53 29 126 163 107 124 104 29 137 183 177 28 94 198 198 37 62 171 119 33 51 138 17 31 188 125 70 153 41 173 11 175 121 110 158 29 6 176 37 8 
149 14 153 8 177 130 197 67 188 195 135 137 173 96 29 102 44 182 198 146 81 160 70 193 157 64 1 123 91 60 4 146 47 102 139 93 78 151 49 143 42 117 18 90 197 23 186 74 1 14 15 130 116 186 56 3 53 45 198 171 160 80 192 167 36 197 191 46 3 27 68 44 118 86 27 46 26 71 157 167 73 81 74 128 9 68 90 185 93 148 89 138 81 57 165 44 131 88 79 110 
35 100 196 182 128 196 138 145 150 165 150 15 153 188 156 110 102 102 2 190 71 146 64 10 7 180 3 142 111 158 131 55 20 144 87 102 36 128 150 6 113 136 118 190 61 23 164 140 26 62 36 59 167 173 189 151 180 88 194 9 160 80 97 166 178 17 194 136 62 78 200 47 83 25 77 24 43 154 127 186 137 88 122 47 3 126 121 194 22 119 29 197 109 115 161 134 57 163 50 126 
72 67 154 179 163 58 66 23 184 125 147 119 83 124 107 16 55 16 154 100 134 108 167 117 101 162 115 26 80 138 138 83 159 41 9 109 187 72 75 18 61 157 143 176 84 129 177 115 80 155 65 49 177 188 58 136 7 142 187 77 185 39 114 113 186 93 48 2 72 157 200 152 58 65 167 22 21 6 58 75 98 163 91 47 196 107 189 59 185 169 33 99 160 161 194 57 111 91 74 17 
56 126 75 133 62 52 117 199 58 196 151 8 97 171 40 18 174 106 132 86 67 87 140 123 144 9 31 85 63 181 3 8 185 152 190 3 115 23 1 133 197 99 113 182 186 32 41 110 153 155 44 188 51 161 76 146 77 6 180 176 139 15 22 116 148 114 56 109 177 62 132 29 171 152 131 100 120 97 150 5 184 189 66 15 155 65 167 58 175 28 133 76 196 195 179 102 75 122 92 37 
9 91 115 66 80 14 138 43 183 62 138 50 30 72 68 33 193 34 101 147 187 85 86 140 180 183 182 166 112 79 81 51 83 157 134 48 29 1 6 8 18 24 177 46 5 116 153 9 61 114 87 151 154 18 144 182 29 195 192 200 116 63 24 198 164 8 102 85 37 85 34 5 86 79 179 190 190 132 137 175 150 49 110 103 185 199 194 194 1 158 185 78 63 123 96 162 180 142 135 8 
87 35 124 135 172 119 177 27 65 69 168 102 141 160 128 71 155 142 89 120 173 31 62 180 183 150 118 176 80 105 79 97 56 113 23 197 3 116 147 77 92 65 33 41 100 178 58 36 150 31 158 107 6 22 51 200 138 51 142 73 10 32 25 33 199 136 114 8 2 130 11 17 23 104 141 32 40 51 6 133 171 123 88 15 48 57 94 91 24 76 42 55 115 197 5 77 124 91 148 73 
127 35 137 146 163 1 17 25 169 150 42 120 71 5 8 184 172 68 7 54 78 29 162 146 18 159 41 65 121 146 182 50 32 81 41 141 125 112 45 113 187 163 147 160 79 111 131 114 102 153 112 110 198 76 25 199 124 49 160 97 96 95 13 75 17 192 136 197 186 150 198 172 120 109 174 111 171 23 141 126 83 100 123 26 99 148 169 79 53 152 178 131 3 36 23 170 128 12 67 64 
3 111 200 81 31 200 22 64 188 84 183 165 41 32 125 22 133 109 116 50 18 137 50 129 149 82 200 129 185 52 153 26 171 169 16 122 72 169 19 95 115 89 20 173 90 89 17 58 182 158 136 106 26 50 129 85 166 30 106 75 158 187 10 173 137 114 158 127 137 108 118 156 98 67 139 144 173 80 161 73 25 64 171 106 31 172 26 5 47 56 52 30 82 122 154 118 150 63 93 81 
131 170 111 7 67 133 181 20 160 79 33 79 66 23 131 93 162 100 23 94 139 105 106 200 197 78 165 45 199 93 114 118 185 126 6 93 165 107 9 128 136 157 34 91 139 187 65 139 33 11 55 143 61 90 176 158 120 102 186 131 164 42 117 125 72 68 170 102 120 3 39 157 189 21 96 15 21 200 45 87 85 96 38 114 43 135 8 72 98 131 150 22 192 3 115 140 96 106 97 24 
181 188 138 60 56 69 60 81 123 160 70 178 14 197 37 81 6 39 2 196 88 83 32 71 79 200 49 40 109 146 17 167 77 198 59 131 53 184 161 48 1 8 10 20 130 136 199 11 9 119 149 146 148 35 96 65 162 180 169 118 38 131 65 188 137 177 182 153 12 134 49 186 82 111 147 58 16 90 148 151 86 149 6 112 46 73 20 104 79 154 53 83 147 36 101 190 192 86 166 158 
106 64 70 112 157 2 56 198 111 56 99 47 61 1 98 68 158 181 65 18 13 11 168 149 39 56 76 37 194 21 20 200 50 107 2 16 200 82 44 186 96 25 58 198 31 7 18 102 97 96 28 46 40 117 74 69 159 138 75 185 98 110 156 137 196 70 109 182 53 21 186 165 2 168 163 2 189 7 81 161 40 130 100 66 79 151 117 51 159 150 25 189 58 77 19 125 145 68 105 27 
44 6 142 166 30 55 108 50 23 113 35 32 57 167 127 180 192 200 26 47 141 126 111 35 64 199 42 193 8 16 117 57 8 74 180 149 131 96 70 67 187 151 184 162 149 109 90 112 97 100 31 137 74 14 124 47 45 52 130 182 189 188 192 15 93 56 171 42 172 6 117 59 75 134 44 111 50 66 193 20 67 32 103 151 59 31 72 151 110 29 99 143 78 47 174 18 151 14 174 35 
53 48 110 109 109 193 195 78 118 116 7 78 62 134 154 18 199 148 100 166 161 182 57 100 158 9 99 195 74 10 69 39 13 71 193 111 191 199 90 128 134 159 118 144 87 47 40 104 100 131 43 113 169 100 124 62 162 32 193 64 77 40 102 195 17 82 12 163 60 197 12 64 71 58 106 34 189 5 5 38 17 11 35 21 119 12 146 107 173 71 198 148 61 4 84 180 136 32 10 64 
86 1 95 198 42 166 155 111 80 173 110 79 40 2 154 63 191 129 126 162 145 175 170 121 125 71 190 97 27 67 52 62 76 128 179 138 193 160 106 28 27 103 75 107 96 37 22 2 16 137 185 97 152 81 4 160 183 185 62 126 38 128 3 22 82 96 137 157 133 135 121 45 160 14 18 113 66 171 176 157 183 92 110 76 168 35 109 62 3 28 87 146 138 35 79 141 102 118 175 99 
112 58 21 49 194 119 74 172 17 187 71 139 97 84 94 190 145 73 73 4 190 111 47 6 78 63 183 74 118 95 153 158 119 192 162 144 36 111 30 47 147 110 189 180 62 62 106 1 122 95 160 163 35 106 200 167 56 173 180 34 197 120 86 86 135 49 6 196 10 117 93 69 124 122 100 60 177 30 21 64 184 187 7 54 58 84 165 176 172 166 5 19 176 111 109 53 15 82 129 101 
142 155 23 118 94 184 54 34 147 152 110 117 125 2 126 96 109 127 97 126 89 14 40 43 83 55 25 167 159 44 114 150 32 22 150 49 98 120 84 190 91 136 80 139 184 110 18 24 70 164 155 10 42 127 178 52 78 167 48 30 2 190 22 1 87 169 182 162 16 175 173 141 66 10 89 169 95 34 72 108 100 172 68 120 24 194 87 48 22 65 143 169 177 32 74 154 108 191 122 155 
97 26 173 141 46 98 89 106 126 135 147 128 93 110 177 19 162 190 100 92 196 161 139 44 73 18 63 197 199 178 183 169 52 13 142 114 30 97 94 66 97 195 193 95 10 52 45 138 32 137 86 134 160 197 88 195 77 163 154 148 169 122 180 27 81 139 140 113 192 104 13 115 49 8 41 128 79 54 10 40 154 7 160 141 13 106 96 92 52 70 58 170 141 122 19 163 47 103 194 76 
95 180 15 15 24 7 175 149 122 176 134 16 113 80 21 5 74 133 141 66 197 68 49 54 195 64 48 16 86 123 198 5 185 184 119 2 113 127 42 22 37 9 7 133 200 112 118 63 13 5 9 114 50 198 109 164 120 191 151 148 135 8 90 81 69 82 71 26 4 102 87 190 35 130 37 93 38 155 20 30 133 85 195 94 105 1 83 93 30 111 75 173 107 59 48 70 6 46 76 124 
182 90 69 171 127 19 174 169 196 16 173 6 172 145 106 111 140 5 121 111 80 167 25 54 145 199 57 47 26 104 149 12 70 8 174 63 182 95 23 97 137 120 62 11 23 57 84 127 48 130 130 133 143 87 190 116 29 130 83 88 175 83 147 143 35 80 14 188 110 185 129 80 187 23 184 36 193 128 118 159 168 91 108 156 96 99 14 1 121 72 140 80 137 186 183 71 22 55 107 154 
79 125 109 8 178 172 102 120 183 100 97 17 15 48 154 127 3 175 106 62 35 109 155 145 88 129 123 153 8 88 39 183 64 59 126 117 112 138 37 78 160 41 195 87 38 86 182 14 7 133 38 33 20 29 200 42 45 198 141 147 183 112 101 31 200 48 137 102 144 53 26 198 87 89 110 31 11 155 16 154 8 40 141 49 181 3 134 114 28 77 36 124 195 195 94 171 180 102 106 40 
9 30 129 184 116 122 140 91 187 44 152 94 83 69 147 135 6 148 66 41 199 81 24 132 61 98 48 82 186 108 157 92 85 139 37 152 55 8 149 138 83 149 126 42 50 178 32 82 56 127 113 131 152 158 96 25 192 24 148 192 47 158 168 46 68 32 40 23 178 27 83 101 72 107 80 155 55 82 163 170 9 7 177 170 189 32 59 68 107 183 112 34 189 169 199 153 131 51 131 36 
102 136 150 169 139 101 130 74 4 98 91 2 193 108 167 193 117 2 75 30 51 100 189 127 65 137 91 165 142 56 171 149 124 135 180 179 34 77 48 144 63 191 150 163 193 106 104 83 130 133 61 104 176 46 162 118 173 69 41 71 74 113 140 139 27 35 41 141 73 5 10 34 165 188 125 133 143 153 122 105 167 89 156 42 109 77 157 136 22 96 167 192 18 179 80 6 123 186 120 157 
46 188 108 87 24 64 175 5 99 76 53 50 195 181 19 81 82 24 68 22 77 194 1 191 104 50 24 106 26 182 20 37 8 28 157 117 34 160 104 57 188 172 7 140 64 53 100 177 48 193 44 13 184 35 105 103 1 135 172 150 81 155 150 183 8 5 84 77 167 9 51 63 157 64 115 176 155 134 150 168 26 88 132 133 16 152 92 192 147 73 94 19 185 72 137 67 11 13 26 176 
156 182 19 118 157 118 53 125 43 88 181 188 110 71 147 120 181 90 162 111 79 127 175 136 118 138 171 193 36 59 121 124 40 185 10 109 126 13 6 66 77 143 144 60 171 122 44 30 76 110 193 81 137 98 73 71 74 169 85 31 63 119 187 135 29 143 179 57 111 173 177 3 68 11 167 66 7 78 21 89 30 197 101 123 74 11 55 59 127 74 11 50 96 58 129 119 124 183 106 127 
154 144 25 3 113 24 120 33 138 94 191 166 194 189 171 200 4 22 120 134 29 146 79 135 41 110 115 93 87 136 2 12 156 158 127 45 195 60 143 62 54 22 8 105 142 123 68 168 30 123 88 15 13 36 92 150 141 121 107 157 170 107 121 133 91 30 142 51 46 96 1 144 84 68 94 26 10 199 195 20 85 45 76 121 137 113 93 195 184 44 95 95 25 128 1 144 84 17 34 72 
8 138 131 110 137 137 161 99 193 121 48 190 93 114 90 150 126 117 32 125 50 91 28 113 86 108 134 190 106 64 191 121 22 67 82 40 194 145 195 108 4 155 2 46 46 124 92 200 182 152 119 139 15 101 143 166 115 102 183 194 109 130 119 52 66 174 2 113 43 137 183 141 25 74 17 38 150 164 121 142 183 22 15 143 23 129 38 48 40 24 63 23 113 183 144 112 182 4 120 58 
140 4 159 186 44 11 193 36 191 48 52 102 87 139 12 173 97 125 58 162 64 153 159 75 154 82 86 131 189 167 159 47 185 71 18 3 34 139 193 127 159 164 140 155 100 162 67 99 196 56 62 147 179 21 102 59 3 102 39 90 135 144 99 96 95 21 181 101 148 170 180 151 112 32 46 184 10 5 196 173 133 91 67 190 16 46 158 67 199 21 68 147 130 106 67 78 96 144 98 85 
176 103 171 2 3 71 16 59 47 80 41 167 187 24 98 99 100 61 102 117 13 85 56 59 178 84 109 31 71 114 36 89 133 2 107 59 30 34 25 11 1 141 128 122 8 140 98 52 108 34 77 134 79 5 8 3 118 123 73 31 197 130 13 199 161 65 7 131 152 13 132 140 135 74 4 123 152 176 167 63 37 46 45 39 116 180 124 65 78 199 80 53 77 85 149 188 26 10 166 81 
141 24 57 76 177 146 182 163 145 64 69 7 123 79 148 65 159 199 41 196 165 43 106 155 184 118 12 63 61 79 90 153 104 60 137 62 15 83 195 174 166 54 147 40 155 25 161 79 55 22 192 102 136 159 111 52 13 140 134 71 154 148 59 199 48 71 44 98 41 52 22 135 184 2 67 189 185 154 185 39 132 16 50 142 146 3 171 95 35 78 120 15 60 164 157 189 191 3 186 193 
91 34 95 76 120 154 81 189 5 24 164 110 121 73 190 162 35 86 30 164 200 171 45 114 82 14 170 124 158 172 186 164 114 114 171 88 10 30 29 195 21 186 8 144 149 94 23 81 92 146 112 6 128 113 14 36 80 121 55 122 138 31 154 165 120 181 84 31 189 3 68 21 148 149 82 177 17 189 63 35 46 58 149 88 41 12 94 68 19 33 159 10 36 41 82 170 183 84 107 154 
56 145 126 78 165 18 44 136 75 139 150 32 199 45 72 81 1 185 175 132 76 2 62 113 133 179 196 138 70 52 38 7 106 161 103 77 41 134 74 111 145 128 108 195 172 27 156 81 13 106 123 153 93 32 3 157 151 182 20 107 143 195 171 102 47 53 192 195 199 106 6 34 45 144 125 2 37 190 164 17 128 89 4 189 176 173 178 20 47 17 87 111 182 170 16 124 100 186 102 154 
110 108 114 87 147 78 96 142 172 193 54 9 170 68 152 197 166 153 86 186 185 47 127 171 131 85 158 122 63 19 74 66 35 198 179 84 78 66 40 14 134 23 104 151 126 75 188 144 52 46 196 170 76 169 10 32 169 118 141 50 49 101 16 108 82 198 98 141 160 53 91 81 72 129 192 168 72 45 52 97 123 131 140 55 55 184 200 112 57 56 134 132 170 40 9 52 99 94 120 10 
133 108 76 50 40 135 53 83 81 14 117 8 129 199 199 143 186 5 103 128 190 27 96 142 47 11 110 37 128 134 15 23 11 48 146 9 65 37 17 157 127 153 37 128 58 198 87 111 176 129 19 17 139 96 25 136 5 83 85 125 119 176 120 26 18 105 179 70 21 73 39 172 25 164 117 73 184 68 188 59 70 127 31 40 21 5 127 51 117 144 125 26 165 85 140 99 38 117 164 167 
15 153 130 17 186 185 134 39 123 129 135 67 69 137 185 97 140 75 100 49 158 71 125 200 113 20 21 84 171 196 46 118 141 126 62 6 67 81 117 196 119 154 70 25 137 111 55 118 79 23 70 193 79 13 169 24 15 127 146 101 77 192 75 78 29 129 97 82 72 57 84 123 122 43 56 32 146 21 183 24 48 28 1 64 135 183 19 71 190 52 85 24 200 76 52 23 18 30 192 100 
72 39 195 104 12 149 150 184 45 103 122 196 87 75 72 189 1 176 124 159 96 166 200 151 179 57 174 96 84 38 53 27 94 1 101 119 65 152 151 2 155 18 161 95 15 109 192 123 87 18 104 178 97 26 190 196 6 27 36 190 57 173 34 94 65 126 11 77 98 177 156 149 116 124 30 191 10 33 181 87 85 105 79 47 197 150 31 57 117 122 81 27 54 123 191 60 141 65 171 110 
84 30 154 102 74 67 29 112 170 51 10 154 184 175 163 194 83 157 78 134 184 199 59 111 67 16 13 77 94 152 21 145 164 83 142 200 171 46 6 154 159 181 157 82 3 59 180 157 138 162 24 154 178 95 132 19 43 124 123 191 20 33 29 6 165 36 159 166 92 43 187 144 136 60 51 128 57 80 125 81 27 23 177 26 177 110 102 173 90 200 38 145 186 185 91 91 193 118 155 19 
152 95 122 64 58 15 168 199 61 86 139 182 14 117 8 58 140 46 117 25 124 183 160 180 149 110 6 31 78 168 104 46 135 85 140 181 170 102 113 152 11 186 99 196 177 81 83 39 127 33 93 199 94 30 16 35 159 16 90 120 11 91 49 137 73 159 4 61 60 30 4 189 65 38 117 61 15 194 119 137 50 4 51 182 95 5 33 64 55 72 41 125 82 36 153 105 24 95 147 101 
76 17 130 137 154 34 53 200 200 86 138 25 191 12 93 53 76 46 152 91 110 157 24 190 18 105 104 130 12 48 28 110 189 60 129 181 195 132 183 45 53 136 68 88 143 35 147 78 113 39 104 101 128 7 120 47 168 95 117 29 115 83 83 139 147 175 166 18 32 73 99 63 36 73 126 37 167 38 76 197 130 106 178 180 187 156 72 124 186 47 60 197 93 154 174 124 190 116 27 36 
55 154 65 156 16 15 27 91 133 72 75 89 144 111 182 48 12 55 129 132 130 111 103 22 116 38 167 11 35 52 17 96 100 6 21 149 100 17 40 168 38 134 118 70 166 196 199 162 11 195 109 89 93 52 29 52 37 8 81 166 99 39 109 85 20 114 114 52 127 184 66 158 37 96 186 59 163 137 120 115 153 166 163 196 129 99 72 142 99 167 103 65 110 117 75 82 179 132 58 55 
112 82 199 192 2 103 113 72 155 119 199 161 87 102 75 105 4 95 113 177 26 99 101 101 21 44 138 90 3 23 40 156 116 96 160 88 128 189 21 101 135 75 138 39 93 149 153 128 115 17 136 183 43 186 81 93 55 18 195 95 190 77 33 127 99 164 184 158 189 95 10 130 150 45 153 117 4 154 81 77 70 182 42 36 126 21 63 44 28 99 191 143 181 165 161 164 39 31 121 43 
7 141 47 189 137 128 25 170 66 198 7 84 177 45 3 84 189 22 61 58 127 146 194 53 153 190 110 77 182 63 131 124 166 20 162 149 110 35 59 65 14 49 22 181 197 12 14 19 67 17 47 170 5 115 152 92 102 11 5 26 21 97 57 60 25 24 73 78 98 109 100 139 10 62 177 57 127 140 166 6 158 53 105 47 185 119 183 199 111 199 108 51 194 174 43 117 24 14 106 72 
62 4 53 131 130 142 194 165 199 52 176 35 100 18 122 50 2 99 116 21 32 186 151 29 75 100 42 152 141 104 165 52 154 87 65 123 4 178 110 150 68 190 169 145 188 78 30 106 48 40 54 157 171 70 41 47 14 131 124 134 131 88 157 136 153 123 96 3 133 146 110 73 167 191 4 45 122 79 98 110 12 54 69 136 119 176 129 96 198 4 124 134 38 117 86 135 175 73 162 42 
154 96 148 31 22 63 6 200 32 15 40 64 102 38 118 169 163 194 140 52 58 120 58 192 180 89 173 179 46 112 25 79 164 142 96 168 134 48 197 134 192 109 53 139 126 101 161 35 29 82 121 2 138 45 41 84 193 59 64 162 157 31 183 67 61 184 13 182 7 68 131 47 117 84 178 62 196 193 152 44 108 92 56 162 4 186 44 51 181 88 159 48 24 182 39 148 31 193 136 9 
68 174 138 48 75 165 50 161 29 61 65 12 97 108 86 129 187 110 81 127 60 33 136 164 129 167 199 121 97 104 15 48 13 39 74 105 94 159 178 70 144 33 153 113 129 23 27 164 145 79 100 42 157 169 159 186 99 52 60 157 26 135 49 12 137 124 117 119 161 136 176 199 158 64 55 61 125 16 103 123 61 192 102 120 169 71 92 16 188 42 38 50 85 123 54 19 41 33 162 62 
185 76 187 123 158 163 164 143 45 17 65 37 109 2 193 17 73 75 37 111 99 189 133 94 173 75 53 13 112 15 39 97 28 179 181 128 142 190 132 66 9 36 199 69 28 104 154 67 135 173 186 20 131 174 93 175 164 155 193 1 94 170 110 77 36 49 135 106 21 157 166 73 138 70 167 8 111 137 162 68 164 108 58 167 139 91 61 104 131 63 121 127 44 20 188 189 56 123 110 125 
27 57 105 107 92 53 92 70 36 155 58 187 106 18 196 105 55 146 95 50 128 134 54 38 44 144 85 12 100 78 5 200 44 32 188 34 165 89 122 103 43 165 66 174 21 2 195 117 193 178 40 184 113 39 122 176 19 171 130 43 5 99 139 9 11 34 175 54 183 87 165 190 80 6 118 33 127 192 2 107 55 113 127 80 167 141 76 115 27 52 103 133 152 25 193 76 57 164 5 10 
66 46 64 127 187 164 168 6 35 2 13 114 103 189 109 112 94 46 39 10 34 76 176 111 153 125 83 38 38 2 114 94 137 102 193 144 193 123 13 163 157 57 157 149 85 139 108 197 7 52 64 101 34 186 100 166 55 116 126 105 179 94 59 42 47 156 72 82 125 24 52 135 138 13 79 168 64 23 12 150 126 35 176 89 182 125 167 74 17 35 50 75 91 147 102 146 120 45 44 184 
187 133 151 4 31 104 55 79 162 23 148 38 59 121 117 3 168 16 174 19 86 93 10 151 51 150 110 2 92 134 23 19 134 194 15 98 13 27 48 97 8 181 188 175 186 85 22 13 146 176 67 99 152 86 197 28 92 168 23 177 51 199 93 92 19 129 53 3 196 75 16 120 198 125 96 2 79 56 139 200 5 76 102 8 168 196 64 112 169 115 22 161 13 5 155 118 26 147 34 93 
95 39 52 25 53 127 148 76 30 105 5 168 79 156 94 130 185 58 2 47 4 164 180 45 109 190 38 148 7 52 123 138 17 100 200 6 192 91 100 114 155 89 184 42 133 193 95 135 23 137 120 177 100 53 22 75 191 184 10 150 152 91 144 102 84 92 131 195 183 197 113 133 23 123 4 147 150 81 142 181 136 4 34 175 112 198 196 37 114 147 105 43 114 18 58 168 73 29 108 40 
168 118 177 94 198 145 115 70 25 38 180 35 133 71 5 33 84 167 75 73 93 88 43 130 200 183 87 63 118 92 165 22 182 155 82 80 133 119 146 95 74 46 153 49 5 180 155 177 57 113 167 183 5 147 200 165 125 24 141 142 16 196 57 93 173 136 29 160 96 167 27 104 42 126 84 193 32 46 135 2 183 117 106 96 94 46 21 54 103 31 84 18 35 6 97 24 197 149 162 5 
126 85 117 113 176 75 113 69 91 47 127 64 82 197 102 187 41 150 47 86 57 21 89 28 33 134 152 100 6 169 112 29 39 185 116 80 153 13 75 166 2 38 14 87 164 111 22 169 18 91 156 17 106 77 32 161 192 43 33 36 32 158 2 87 81 53 108 46 125 49 12 91 157 123 179 124 18 197 134 79 119 155 32 107 148 65 80 14 161 188 117 79 38 176 175 120 175 22 52 162 
128 67 188 159 151 172 14 99 44 11 134 17 74 150 24 166 180 195 97 171 200 59 133 97 133 150 149 88 47 93 132 30 111 187 158 100 1 95 107 67 186 3 119 4 3 96 16 29 115 115 39 2 200 139 106 81 102 21 108 52 9 172 50 35 150 84 153 162 89 165 150 164 25 1 117 58 179 45 39 188 172 68 80 103 28 103 71 177 154 124 3 20 112 120 116 146 198 131 23 112 
101 180 166 76 71 68 105 179 168 170 83 28 152 136 132 30 121 41 152 181 8 151 60 68 132 188 33 192 199 189 89 49 160 76 34 77 91 157 198 27 30 177 119 126 40 132 92 99 63 157 43 81 172 58 67 134 83 84 147 88 63 200 1 79 81 51 109 164 21 5 172 84 74 169 99 113 157 107 27 36 10 183 142 158 31 44 69 61 140 108 60 152 100 152 16 6 134 3 197 126 
177 160 54 197 199 39 87 103 170 126 117 96 73 189 173 188 181 24 90 171 169 30 48 166 199 48 6 41 137 160 75 200 23 47 8 15 55 142 100 173 34 187 186 177 30 70 148 188 52 31 87 6 91 116 135 140 175 6 53 90 76 62 26 187 190 45 116 69 145 35 173 177 57 80 98 49 177 95 65 40 200 33 85 91 57 125 110 98 16 106 138 121 117 118 128 94 96 127 109 86 
137 51 133 63 174 77 20 149 16 190 120 137 41 40 198 121 103 131 107 24 187 49 198 66 25 27 85 174 44 158 25 57 126 59 125 40 132 197 179 129 115 78 104 106 6 53 136 16 34 99 123 79 51 60 104 189 49 18 40 166 50 126 162 21 23 168 34 80 24 112 145 182 9 93 38 173 9 143 122 146 73 19 3 191 93 170 101 143 126 169 191 177 191 155 81 32 121 34 98 52 
176 55 63 110 96 33 132 57 146 10 169 103 40 49 105 131 163 20 142 96 40 18 172 4 137 92 95 66 94 137 33 33 103 188 176 17 165 66 39 17 200 16 190 174 190 158 181 130 72 189 131 108 22 37 142 154 84 51 109 120 32 62 41 16 116 37 95 56 168 37 38 200 41 89 8 163 65 50 193 109 3 198 62 66 157 160 170 86 38 189 73 49 26 143 166 118 113 196 21 78 
178 151 77 86 194 20 198 200 49 78 73 20 50 88 37 65 7 68 103 5 107 153 178 176 146 91 70 65 155 141 120 18 196 119 30 195 115 51 190 150 111 75 29 31 73 185 164 38 175 188 38 53 56 106 34 162 196 61 73 159 35 48 54 172 55 14 163 39 128 34 139 59 114 134 28 180 169 148 56 161 173 95 178 69 82 122 180 9 23 6 58 198 52 47 152 51 180 108 50 24 
79 71 88 184 139 96 188 13 44 134 157 153 7 165 4 199 144 51 20 100 59 130 70 117 157 186 186 94 144 88 27 26 197 52 199 135 65 120 153 53 180 93 180 183 172 85 166 21 13 94 45 131 98 151 108 61 24 7 127 107 144 114 117 105 38 59 29 104 87 127 72 175 96 91 107 121 40 2 42 137 141 131 18 105 119 133 95 18 49 11 13 52 174 118 181 103 160 182 134 59 
143 147 161 74 120 101 79 32 22 160 116 30 31 197 121 55 144 147 104 178 175 5 82 184 134 40 76 171 88 80 179 19 181 70 119 116 145 16 20 29 2 148 73 10 11 58 101 122 183 115 188 105 96 53 100 14 125 69 7 193 99 198 3 35 92 30 117 199 179 190 62 175 63 43 10 124 148 196 30 22 157 66 81 26 66 81 165 172 12 33 65 9 44 200 4 155 167 144 93 111 
42 94 77 198 92 118 39 84 163 47 5 53 54 116 123 159 129 65 18 95 123 121 67 80 108 105 136 160 24 14 45 9 31 57 27 135 44 101 130 191 184 199 1 4 89 167 77 85 152 192 156 135 155 107 139 105 97 158 179 68 200 185 21 92 34 20 156 154 43 132 37 163 91 59 33 87 77 75 145 144 47 16 65 197 195 191 172 60 144 95 184 13 69 108 97 81 136 37 110 97 
131 15 137 76 27 155 93 17 19 44 51 124 127 60 92 199 58 79 164 143 126 67 103 58 44 17 62 194 10 83 114 162 157 101 75 137 11 123 69 33 17 6 198 23 66 123 151 27 141 134 62 45 24 44 193 167 159 124 169 17 132 56 40 28 106 54 6 128 71 158 148 70 99 44 156 197 22 193 163 78 51 108 135 114 122 139 179 71 185 78 152 164 67 191 103 8 182 184 108 128 
7 18 20 68 10 167 142 173 83 33 198 91 131 198 100 102 89 178 176 107 20 154 10 17 92 127 4 181 61 124 4 110 1 183 69 110 180 124 8 22 118 29 4 95 166 82 178 4 165 139 121 162 155 11 121 1 157 53 170 107 113 17 108 103 174 90 18 83 140 39 194 156 136 47 60 43 39 89 19 154 111 11 68 149 81 32 76 185 9 120 2 51 185 196 109 139 54 81 76 4 
13 184 57 148 135 177 95 38 10 178 168 36 1 5 113 141 86 192 34 155 127 147 135 124 84 159 67 162 140 46 78 9 53 117 58 87 177 34 41 6 73 161 18 166 93 23 177 172 86 168 87 55 162 81 18 91 131 126 36 87 126 18 186 180 191 39 51 118 29 77 67 200 77 135 80 171 51 20 168 49 194 31 175 191 168 120 75 154 91 16 59 187 85 196 45 85 94 110 192 117 
116 35 188 60 68 50 31 50 87 116 130 120 4 199 74 109 89 26 171 76 78 9 22 140 151 120 150 185 184 164 41 138 74 51 104 102 54 36 90 37 47 103 177 78 53 18 141 96 11 120 187 54 157 57 164 173 42 5 52 72 167 182 165 173 17 54 175 119 133 51 48 76 46 158 159 56 71 46 74 99 152 136 124 138 118 121 137 134 188 79 104 79 135 59 92 41 30 27 170 180 
155 137 148 163 81 9 150 196 24 8 25 13 180 35 163 93 174 108 30 61 23 123 98 118 109 92 129 43 192 84 17 15 3 71 85 64 32 18 81 134 131 79 22 72 158 165 114 29 79 175 53 192 111 30 159 24 18 192 25 171 21 28 26 21 39 28 117 185 126 84 139 169 54 14 155 58 14 38 162 26 62 41 12 27 44 170 144 98 106 181 167 61 23 193 135 19 83 95 39 172 
11 149 154 59 12 86 170 38 122 22 89 157 94 53 36 43 192 111 37 161 87 5 200 99 176 54 22 22 116 176 158 82 108 131 44 83 106 55 121 49 192 81 75 65 162 63 51 34 20 117 192 143 140 98 93 97 132 114 180 65 190 46 116 28 92 97 124 103 100 195 198 123 158 131 73 139 128 48 132 4 70 197 22 169 107 98 138 148 25 165 125 1 73 8 134 198 121 71 160 182 
105 182 41 134 124 155 96 143 93 162 174 70 124 84 128 88 62 183 93 145 109 141 95 175 37 183 191 19 122 194 174 90 58 127 11 37 11 174 110 157 138 39 168 172 29 9 63 63 167 146 126 12 56 197 134 160 46 120 127 104 119 87 200 61 199 8 22 80 90 143 160 74 180 152 54 198 109 83 118 56 154 113 179 70 197 17 83 50 84 57 14 58 139 123 16 132 29 133 125 149 
42 100 71 96 153 5 82 181 101 109 91 39 169 141 108 7 151 3 107 56 22 26 71 86 187 94 143 182 94 137 158 10 123 157 88 7 150 178 92 37 93 82 74 133 41 38 88 53 41 131 148 184 114 28 131 101 35 46 129 69 149 26 183 150 152 13 154 89 48 3 130 33 47 128 46 104 24 112 32 146 119 153 105 126 125 110 139 163 44 191 151 191 106 117 124 154 162 135 105 3 
