150 6
0
0
1 26 45 386
2 49 114 -179
3 52 184 788
4 62 110 722
5 65 51 -37
6 70 91 70
7 93 125 343
8 95 156 1031
9 106 18 250
10 110 187 858
11 115 49 311
12 119 154 1351
13 120 3 114
14 138 54 462
15 147 91 693
16 159 185 529
17 173 6 161
18 193 179 1267
19 193 186 565
20 201 169 201
21 203 140 203
22 206 104 414
23 212 86 212
24 220 107 220
25 223 96 607
26 225 27 171
27 235 87 61
28 241 168 241
29 245 110 905
30 279 121 1005
31 281 148 873
32 284 149 1178
33 284 166 616
34 295 193 1067
35 297 73 735
36 298 100 298
37 300 53 512
38 301 140 21
39 311 62 187
40 315 114 1227
41 320 79 794
42 323 196 1499
43 330 35 540
44 333 191 1479
45 334 40 494
46 335 74 335
47 336 175 686
48 352 30 592
49 353 153 1271
50 355 107 141
51 357 103 1181
52 371 114 827
53 371 8 371
54 378 184 1850
55 393 84 561
56 396 45 396
57 399 18 543
58 408 74 852
59 409 76 1017
60 424 73 570
61 426 150 426
62 430 143 1288
63 437 49 437
64 443 58 327
65 448 137 1544
66 450 62 326
67 450 95 1210
68 458 8 490
69 492 12 564
70 492 129 1524
71 493 133 493
72 509 189 1265
73 510 65 900
74 523 43 781
75 533 24 725
76 535 68 535
77 537 134 537
78 539 105 1169
79 545 40 625
80 545 48 929
81 551 152 551
82 553 86 381
83 563 34 563
84 579 80 419
85 591 100 991
86 591 98 983
87 598 175 1998
88 599 155 289
89 603 151 1811
90 603 179 603
91 608 152 1216
92 609 50 709
93 619 60 979
94 620 64 748
95 626 103 1038
96 633 194 1021
97 638 60 518
98 645 83 811
99 661 25 761
100 661 137 661
101 676 41 1004
102 686 26 738
103 692 125 1442
104 708 152 1316
105 722 153 1946
106 723 64 1235
107 723 133 1255
108 725 20 765
109 735 111 735
110 738 142 1874
111 759 169 1435
112 765 183 1863
113 766 18 910
114 773 72 1349
115 783 33 981
116 791 116 1487
117 797 25 847
118 798 117 1266
119 799 133 1065
120 806 15 806
121 807 196 1199
122 817 112 593
123 861 20 941
124 866 141 1430
125 872 100 872
126 874 16 906
127 874 89 1408
128 878 109 1532
129 879 111 1545
130 891 85 1401
131 898 169 898
132 900 22 988
133 903 188 1655
134 906 46 1274
135 911 47 1193
136 916 140 2036
137 921 99 723
138 922 134 1190
139 925 139 647
140 931 36 859
141 932 95 932
142 933 51 1137
143 934 197 540
144 937 109 1373
145 937 192 2473
146 950 186 2438
147 970 92 970
148 972 112 1420
149 974 159 974
150 981 173 635
199 180 197 188 15 63 25 144 139 32 128 69 7 70 9 56 41 165 169 10 64 198 185 115 190 30 97 183 78 162 54 24 172 99 3 24 63 86 32 139 125 65 74 15 139 143 45 128 40 176 151 6 83 5 186 18 93 73 136 56 137 54 117 154 173 164 46 34 71 185 192 102 113 188 164 174 23 41 193 77 186 193 155 171 148 36 55 12 115 96 177 68 37 195 150 46 9 78 3 142 176 133 73 20 85 96 112 59 2 78 163 185 148 181 58 158 12 114 42 115 123 110 92 189 175 18 66 192 14 124 71 143 101 56 174 147 151 136 148 143 194 187 190 45 38 180 18 80 4 178 
84 100 49 103 136 96 161 37 29 62 133 169 111 100 85 28 115 74 192 42 193 24 158 77 122 15 34 167 37 36 116 129 184 188 141 96 166 131 63 149 145 113 99 138 110 161 17 34 144 99 38 141 71 29 4 160 52 179 152 131 2 193 112 142 163 165 121 126 113 119 147 53 158 85 74 16 125 95 56 65 116 42 179 108 65 159 91 139 173 67 124 111 25 79 66 120 57 78 160 110 83 16 188 13 139 126 15 36 97 51 94 105 112 84 52 192 140 130 77 131 79 65 138 196 27 183 135 58 137 133 13 38 14 102 102 170 159 147 4 164 24 87 62 19 145 10 127 37 94 177 
90 46 74 189 68 120 72 77 131 199 41 193 39 102 133 109 43 186 124 155 119 60 172 103 181 5 136 44 10 197 62 181 127 44 153 93 115 77 49 186 134 98 61 85 44 190 155 31 186 79 174 77 123 70 152 74 50 52 185 147 149 175 153 90 193 130 111 50 112 48 186 176 41 86 37 182 81 189 43 19 163 34 87 150 199 20 197 161 157 58 108 78 85 149 91 101 12 113 167 174 94 2 103 4 127 20 161 106 121 120 8 200 120 175 162 111 23 34 167 18 169 155 113 198 43 187 146 140 172 189 124 94 45 67 7 98 61 99 172 72 37 169 158 110 133 82 159 113 87 96 
187 77 134 110 173 49 159 31 44 62 144 106 37 190 31 8 4 99 131 153 88 21 73 71 159 42 169 132 38 38 59 169 43 199 200 129 140 21 99 78 30 62 30 63 80 69 182 169 73 102 91 187 200 174 102 81 117 60 153 35 51 20 27 187 122 90 153 177 146 132 1 51 30 94 140 1 112 16 85 47 77 142 144 111 74 86 116 195 147 52 133 61 48 162 52 119 135 70 28 16 76 193 102 131 71 61 166 63 50 169 196 120 185 173 156 197 23 94 41 193 27 17 37 163 179 185 149 40 172 112 34 13 58 153 191 89 142 42 180 105 90 195 27 126 172 124 70 105 156 184 
129 110 60 7 24 65 3 175 50 161 179 28 9 55 16 70 123 54 66 167 109 55 91 187 78 188 178 109 53 116 82 160 115 112 47 142 172 100 194 126 48 72 122 190 75 115 146 134 23 8 51 58 42 107 76 58 3 172 117 8 16 88 88 113 28 124 25 155 49 116 152 48 69 2 16 89 157 57 190 101 70 5 189 95 171 28 55 69 17 172 15 199 178 139 16 7 3 181 192 192 179 110 140 42 191 89 48 18 113 43 41 130 128 171 110 193 3 11 67 183 93 72 13 173 78 10 172 128 87 28 25 44 108 151 9 135 136 181 192 65 160 154 166 191 40 128 192 188 188 100 
73 195 162 113 190 135 22 63 108 170 112 8 106 49 10 46 146 101 197 84 176 187 13 166 198 82 199 166 26 16 116 24 135 70 113 86 39 137 54 96 120 53 77 94 125 107 164 15 124 175 183 69 148 138 179 171 8 129 130 190 182 58 183 95 93 83 92 14 82 152 108 194 198 16 103 40 199 99 184 81 185 126 58 26 146 102 146 27 169 150 25 38 103 82 93 90 3 93 175 86 155 74 64 21 173 37 13 86 49 4 56 76 45 80 53 31 114 91 199 117 14 184 44 119 56 179 101 135 92 51 49 110 162 149 138 45 97 34 112 44 31 68 163 34 73 32 130 154 140 142 
106 153 197 87 158 79 56 59 23 77 101 36 171 166 156 83 109 6 57 196 13 76 41 193 61 72 157 53 43 153 173 121 92 2 12 112 4 65 74 81 167 41 160 29 41 47 192 167 127 154 174 22 147 26 169 146 31 98 21 91 51 152 148 190 135 150 138 75 182 197 178 93 191 47 145 42 148 107 194 124 200 59 183 76 177 34 197 166 30 10 83 167 47 7 16 28 112 69 22 97 48 128 76 57 145 181 80 146 56 38 75 184 63 30 150 196 93 157 11 26 22 130 129 164 183 135 138 190 15 187 72 47 29 91 186 43 20 99 101 197 184 30 44 109 4 4 86 73 140 154 
13 82 200 17 93 121 131 4 177 159 146 160 131 169 39 144 33 125 6 1 61 11 197 56 18 168 86 111 42 67 177 90 17 170 108 12 40 199 57 67 5 193 27 99 171 73 6 110 157 91 34 151 130 67 177 142 22 107 136 121 124 48 82 168 17 98 58 100 183 191 131 82 169 171 153 78 130 97 37 22 115 86 74 3 35 155 185 85 162 46 177 23 155 162 91 107 90 50 197 84 29 57 116 42 155 60 28 111 107 193 187 185 76 164 191 77 195 53 50 127 76 6 57 159 67 5 27 29 22 142 96 101 196 74 102 70 30 110 187 191 105 41 83 39 74 55 186 51 126 45 
105 135 196 38 42 5 197 174 32 16 80 134 198 111 37 146 113 152 178 193 153 75 54 80 61 157 87 183 136 16 163 10 162 108 82 4 162 154 79 69 152 2 95 82 181 122 136 60 120 62 16 13 181 178 179 97 21 152 106 128 9 195 158 47 44 138 142 67 171 186 178 12 139 68 126 112 114 111 195 14 3 161 190 53 61 170 161 185 6 31 70 129 157 32 68 73 193 116 147 43 40 9 5 3 132 30 185 175 98 133 61 34 177 34 75 14 21 138 196 186 173 35 111 62 169 85 166 150 163 81 153 24 110 197 146 88 67 130 95 82 14 176 38 62 36 92 51 16 56 85 
191 90 74 85 84 52 42 35 69 88 76 55 152 30 72 134 158 157 148 36 41 93 25 108 59 61 101 78 150 193 42 59 138 156 95 49 107 152 155 39 156 145 70 109 3 176 45 141 99 72 41 98 144 126 28 140 96 140 134 84 41 124 190 19 128 68 97 76 86 168 169 67 135 184 130 6 124 86 76 12 173 66 96 107 38 113 170 61 47 9 163 23 47 104 196 103 173 35 193 143 170 94 3 188 92 174 47 6 81 109 49 97 116 120 176 74 5 87 109 44 101 106 165 35 45 150 102 117 12 115 90 105 114 20 107 77 72 200 51 72 81 163 81 112 188 124 37 160 178 64 
194 164 200 3 12 114 53 116 132 146 120 10 53 118 164 127 27 109 170 89 194 190 74 157 54 58 81 126 142 39 174 6 174 37 116 117 153 62 191 143 7 6 1 20 35 33 37 91 169 2 109 45 168 72 113 53 6 55 177 196 140 2 60 195 182 44 151 156 106 110 198 172 105 94 54 167 1 142 95 75 70 137 156 77 92 76 78 152 103 195 100 141 13 121 29 42 141 6 197 81 105 105 150 70 146 118 178 161 108 47 158 79 172 113 35 99 154 117 174 38 186 69 124 5 39 20 181 127 21 112 114 186 16 42 114 106 84 200 33 100 185 116 162 92 158 14 174 103 45 57 
58 9 58 115 52 66 39 63 82 20 106 159 159 128 95 114 37 12 78 190 4 35 52 71 11 20 177 141 10 154 124 105 86 145 140 122 199 72 132 82 197 192 63 194 178 61 20 89 178 56 167 26 124 57 190 126 147 170 125 28 91 162 52 89 149 129 153 166 177 94 154 22 71 85 188 17 161 168 126 99 136 128 162 67 170 76 11 176 98 22 25 51 172 160 51 179 192 192 134 31 145 10 100 167 109 49 55 92 173 174 63 154 2 41 85 122 58 85 194 84 35 36 38 37 172 71 64 66 145 89 127 119 50 122 17 76 25 161 41 112 174 188 196 7 138 158 173 32 24 198 
70 133 99 131 84 111 47 47 109 45 107 41 196 62 19 72 20 44 71 134 143 141 128 40 68 104 70 7 72 98 14 75 61 174 22 124 73 180 7 16 73 38 195 21 123 12 193 123 144 29 41 162 190 167 79 59 185 101 96 199 94 75 81 48 96 87 17 155 48 196 147 79 37 5 164 6 199 84 80 193 94 114 49 110 152 117 21 24 17 153 125 166 6 163 176 85 105 120 165 44 191 20 134 162 45 18 45 18 34 103 48 61 80 138 185 123 155 188 160 90 138 85 5 194 55 42 27 30 110 10 161 78 44 62 104 36 5 35 164 85 69 144 79 39 6 61 173 16 129 111 
157 18 99 126 50 177 101 190 105 195 178 107 43 19 155 59 163 171 97 6 85 39 152 117 128 99 71 157 20 98 122 76 8 140 36 153 158 12 153 115 129 8 193 152 183 30 74 52 57 4 3 33 36 73 187 82 157 102 184 40 148 90 176 15 9 43 106 67 131 26 124 93 137 82 135 50 30 56 46 59 143 111 19 88 152 172 109 194 190 198 107 151 106 48 120 21 176 52 29 3 124 62 74 187 109 128 40 91 28 95 172 132 59 110 48 85 25 171 52 147 84 144 94 64 103 85 45 73 67 137 9 14 79 13 36 145 41 157 197 54 128 96 134 78 191 132 124 100 116 110 
140 186 27 141 96 18 200 161 160 56 112 188 176 188 105 57 87 16 108 1 37 163 31 174 12 70 50 3 190 152 125 55 126 180 135 22 108 174 75 1 89 8 92 179 181 114 84 26 23 194 52 115 29 21 101 169 185 107 176 19 37 20 182 114 94 52 185 24 82 197 110 45 3 137 59 59 179 47 22 177 10 10 118 11 111 77 174 21 46 148 118 31 30 129 88 40 132 108 86 69 7 12 4 174 155 182 81 139 179 189 137 142 171 172 86 72 60 159 98 38 175 43 182 11 108 15 27 7 140 145 124 108 2 124 38 122 173 79 97 34 119 57 24 13 86 174 151 125 182 117 
141 163 180 73 30 182 68 68 83 63 52 9 147 66 113 30 155 176 192 79 99 4 6 199 4 175 196 99 122 3 60 196 161 74 75 183 154 26 189 200 124 126 6 167 146 156 34 172 190 141 46 105 4 164 130 169 143 184 100 123 29 20 115 155 21 40 45 6 116 119 118 117 77 28 165 128 47 136 177 165 43 142 165 44 89 151 165 75 130 167 121 41 135 68 10 169 54 121 92 44 57 123 81 161 9 104 184 190 179 24 192 104 40 76 168 38 157 178 193 185 17 124 119 47 131 25 164 50 200 160 136 150 84 80 69 178 138 72 75 113 136 145 123 198 21 26 84 124 174 114 
134 148 39 122 88 53 126 16 160 130 180 3 29 147 143 147 34 83 33 188 139 24 47 165 73 58 103 95 183 182 95 153 73 129 152 169 112 111 93 172 28 48 193 104 192 123 135 196 117 119 78 168 43 5 115 195 17 132 200 140 59 24 59 100 76 180 105 103 144 4 146 167 153 129 46 139 52 88 90 17 104 39 56 132 100 164 132 148 127 170 157 166 61 85 69 148 172 6 187 195 132 14 150 139 198 128 61 19 118 101 50 83 176 69 164 97 100 164 97 129 105 110 87 97 94 7 184 72 13 199 113 34 185 67 6 184 169 141 149 160 148 125 25 68 166 29 12 81 174 32 
200 100 53 117 10 158 51 26 91 179 71 197 169 9 3 149 113 135 15 87 136 28 53 81 144 174 106 180 183 58 59 91 137 200 71 11 57 193 167 117 106 95 164 93 185 195 12 128 66 59 198 157 127 1 15 45 147 167 46 1 44 168 36 194 115 51 195 104 115 152 169 59 100 176 60 53 184 49 148 127 44 8 81 5 106 185 19 167 120 27 121 90 164 48 134 46 106 94 121 131 119 185 47 23 111 88 95 7 190 86 41 197 128 15 104 130 40 54 130 126 156 55 74 34 96 145 129 54 200 186 34 118 55 99 178 50 74 126 49 118 149 117 132 41 75 125 55 110 24 140 
131 58 124 97 89 38 1 182 105 140 110 147 145 13 10 103 136 124 177 105 85 21 45 128 166 124 66 125 34 63 6 55 167 25 182 113 104 104 88 160 4 43 23 194 147 66 99 23 164 35 171 56 168 123 66 131 127 15 55 160 73 69 150 53 118 106 43 169 79 135 23 115 167 30 15 21 171 168 14 182 107 106 87 77 9 181 141 28 32 127 83 99 27 138 69 82 51 12 90 71 181 139 113 14 192 12 190 118 195 17 151 42 106 14 130 84 143 193 136 181 131 52 10 189 73 36 19 169 196 162 8 106 133 105 114 131 137 111 57 180 69 103 14 132 68 16 147 156 195 47 
39 189 151 26 200 172 129 197 145 141 93 42 46 46 154 200 2 89 9 96 52 137 89 159 38 106 70 120 15 152 44 9 67 159 88 59 123 60 57 96 116 52 99 154 96 92 128 95 200 44 191 178 37 122 153 195 13 67 181 8 97 64 193 131 18 189 35 58 97 115 102 121 105 177 11 115 22 143 143 161 7 117 154 63 180 195 32 175 20 163 34 105 81 4 119 69 81 168 19 80 160 117 175 178 137 129 152 134 75 46 129 155 190 177 98 22 84 98 6 37 144 88 182 35 66 151 89 67 181 77 115 158 189 112 95 117 63 172 9 101 125 68 57 11 95 10 181 59 102 15 
70 141 7 88 159 116 88 38 194 12 199 162 193 54 166 66 52 108 174 166 121 156 151 63 144 13 174 123 183 30 127 162 83 114 7 74 55 193 146 166 58 105 133 32 11 4 16 33 57 24 99 189 84 90 140 132 152 134 175 129 66 62 71 87 177 145 197 40 110 145 129 83 177 124 146 34 170 164 181 154 110 2 72 163 74 141 73 91 140 185 2 5 123 164 109 89 154 114 131 4 96 42 128 20 185 92 69 47 73 122 39 178 51 24 52 157 92 142 86 194 20 144 76 109 1 178 115 110 91 89 44 65 30 63 103 107 196 133 62 75 155 6 147 88 188 169 10 78 160 165 
34 116 18 87 74 96 134 97 66 162 144 70 18 25 130 159 21 139 3 166 88 90 68 166 126 70 127 21 120 190 174 72 185 121 55 130 20 152 65 185 143 188 60 72 169 161 130 128 185 114 137 80 76 195 90 166 178 143 61 2 74 119 74 120 140 134 41 71 113 55 100 167 3 142 145 120 174 194 114 49 174 163 132 102 93 55 89 13 143 45 50 189 41 11 196 68 57 103 1 67 29 26 181 20 39 144 57 37 49 46 126 42 100 140 178 45 13 182 106 131 46 179 158 98 123 83 62 99 196 89 80 57 174 130 112 93 134 45 5 135 105 47 91 72 7 189 101 159 28 77 
108 106 167 120 59 17 33 119 91 42 103 63 127 198 99 111 152 192 113 130 69 3 4 193 4 82 166 177 37 141 5 97 150 15 78 158 81 156 162 92 131 32 51 12 34 81 47 128 12 62 181 37 138 170 122 200 140 11 167 72 60 78 151 88 189 141 114 42 196 136 10 87 69 123 126 36 106 153 124 106 88 161 90 29 195 58 90 31 4 179 93 198 30 112 132 17 98 76 75 142 130 191 149 46 106 147 170 164 150 101 148 12 148 33 170 70 153 41 16 110 163 139 148 95 90 166 13 24 80 6 78 104 11 188 43 53 68 27 50 119 112 87 129 185 82 16 105 174 67 173 
30 61 45 85 53 24 90 107 36 20 151 200 69 171 151 113 178 95 151 167 174 165 197 171 150 182 115 76 38 186 75 45 86 52 89 103 125 150 22 117 178 27 102 137 100 96 116 70 20 119 54 152 63 37 90 25 5 44 98 125 142 5 32 16 44 121 31 136 157 89 18 57 173 57 77 21 182 133 75 24 29 128 119 112 106 136 183 195 124 66 134 64 174 162 88 70 72 153 135 176 59 129 59 31 92 38 79 154 14 16 43 157 29 36 30 98 109 98 126 82 22 90 6 71 148 75 53 52 154 51 176 21 147 145 167 167 11 105 182 146 124 78 145 170 140 30 103 31 125 107 
84 26 43 177 41 141 154 104 101 162 74 180 152 118 55 98 190 31 195 121 179 111 37 181 105 63 132 135 95 178 12 190 45 111 191 171 91 5 87 139 144 193 63 25 6 75 100 52 101 128 116 109 66 22 121 8 149 70 41 101 63 45 1 28 37 15 132 99 29 132 52 5 145 121 59 146 53 143 139 75 154 191 11 154 66 191 183 140 189 118 37 192 84 179 96 164 74 74 103 47 170 156 28 149 150 88 34 51 163 105 149 164 179 127 25 121 87 53 177 73 144 106 64 1 33 110 57 179 77 122 33 81 64 198 101 53 194 164 73 113 124 108 116 163 133 183 194 122 78 45 
108 98 38 160 111 41 197 98 128 33 137 100 190 68 98 59 181 76 9 38 192 135 127 59 20 189 155 16 16 46 133 143 179 19 73 196 29 170 15 107 160 188 29 89 197 151 46 172 105 159 108 70 31 72 182 5 157 64 170 97 117 55 52 27 150 84 109 126 173 91 124 28 2 73 51 44 156 90 91 82 37 165 64 189 12 9 40 6 126 81 11 2 68 126 174 157 194 38 176 198 80 2 18 187 34 6 9 29 80 45 154 142 38 148 45 108 166 44 56 72 80 80 49 40 114 109 189 59 126 150 79 186 194 172 156 108 124 82 11 34 86 71 32 172 85 101 42 53 109 130 
111 92 89 76 31 22 183 42 43 98 188 93 161 11 95 169 7 26 71 83 33 48 111 8 197 46 46 111 135 128 189 105 3 37 187 48 39 128 75 151 175 199 69 16 19 46 10 71 158 146 35 40 36 94 55 21 41 22 148 92 147 70 197 99 63 58 60 198 146 121 154 57 170 16 69 54 161 95 89 72 162 41 198 123 60 197 43 153 108 87 77 87 106 163 55 186 80 97 171 184 188 68 68 115 29 14 65 114 29 126 52 200 70 77 151 3 175 78 47 67 17 6 72 28 28 8 139 12 169 40 166 24 41 149 17 142 85 25 109 16 195 54 102 178 131 114 22 188 52 26 
57 143 103 60 131 180 200 46 171 81 18 154 8 1 131 72 104 19 131 138 60 179 153 172 109 172 175 109 56 29 146 48 12 41 50 157 107 148 120 34 33 75 15 138 58 182 110 21 176 42 66 75 123 171 200 15 83 78 108 150 158 196 18 36 42 161 17 14 28 144 152 192 178 82 105 123 179 38 198 8 28 127 141 142 168 166 190 100 114 146 85 41 168 86 11 50 25 20 43 80 86 154 43 165 13 158 180 58 55 155 148 30 171 41 164 157 98 68 182 194 156 193 62 125 38 29 5 86 82 156 195 11 74 83 139 167 27 57 18 73 99 4 187 33 83 176 147 16 114 138 
146 189 166 75 26 93 122 87 120 76 12 113 108 159 12 93 27 74 24 109 43 69 178 70 114 185 64 157 28 165 156 121 106 160 180 66 167 91 19 200 39 25 162 94 92 72 48 186 164 86 168 125 166 124 62 188 162 25 117 111 81 179 15 109 34 126 134 12 60 144 120 82 125 152 92 159 41 180 143 45 66 65 183 54 87 157 166 191 33 28 156 128 143 74 194 150 82 24 36 36 113 48 25 51 133 98 49 110 189 85 121 135 189 76 160 52 162 146 136 16 90 186 119 153 71 74 118 32 58 42 35 11 183 148 181 77 88 153 4 179 113 108 151 141 62 101 21 159 69 173 
110 170 4 81 116 71 182 62 121 69 80 12 189 52 178 116 195 5 47 178 39 133 115 152 172 3 137 166 72 56 28 45 181 44 49 26 92 21 121 79 170 165 163 87 175 109 16 50 6 103 138 149 107 50 102 126 25 158 67 108 9 95 124 40 81 132 170 183 35 66 179 57 179 177 83 6 2 92 66 12 112 168 34 13 186 193 3 84 131 108 132 98 14 71 91 176 141 148 182 94 142 126 3 10 99 31 68 50 128 191 77 126 140 81 66 81 126 140 195 194 73 169 109 61 68 90 122 79 28 84 200 26 122 60 119 95 3 198 112 120 108 165 92 155 136 1 24 107 110 123 
45 106 34 53 2 105 34 81 4 86 178 144 146 47 72 96 31 190 67 163 118 98 43 96 146 58 122 1 47 196 29 84 90 150 35 35 133 104 160 27 136 129 174 131 74 43 185 35 7 157 49 142 25 127 88 69 37 84 128 81 27 82 143 71 147 142 146 54 108 65 149 46 188 164 166 176 107 55 160 102 129 84 48 113 63 52 3 161 186 106 150 192 60 57 52 114 112 57 122 88 30 78 141 196 28 92 179 102 17 116 117 96 164 123 18 168 55 95 181 139 160 110 67 140 72 62 66 19 95 22 106 20 77 90 96 146 92 60 97 192 149 159 60 5 106 183 174 163 94 5 
16 28 79 52 40 79 101 36 83 13 49 42 18 57 133 45 175 23 29 43 200 135 65 50 67 106 17 108 91 43 127 45 55 17 52 20 33 137 107 7 82 183 8 185 90 198 33 77 111 127 152 19 1 123 6 102 151 93 153 76 142 150 147 55 197 160 26 98 33 2 188 160 21 191 181 47 166 59 179 31 139 24 169 3 151 169 43 193 14 69 54 3 124 49 11 130 113 20 90 167 150 47 48 99 149 51 95 199 119 138 186 104 191 160 145 186 134 138 190 105 196 153 42 150 169 197 72 34 132 3 160 29 74 145 177 71 21 131 111 95 17 129 32 179 110 99 51 173 194 152 
150 50 116 94 58 102 170 25 79 20 24 193 18 193 186 153 118 44 14 163 159 113 20 171 25 17 75 104 104 73 128 22 12 76 45 5 109 35 134 101 88 156 124 166 121 61 73 42 50 197 169 24 66 88 83 54 135 17 182 53 86 7 27 146 164 105 55 90 53 50 87 122 92 56 101 141 113 166 131 128 165 138 46 121 106 43 141 110 54 122 194 100 175 183 105 132 75 128 42 123 127 125 139 164 53 127 96 85 5 56 18 43 135 39 86 116 164 199 154 133 15 93 39 200 16 27 32 38 178 74 168 148 200 106 29 120 112 30 182 165 38 66 73 156 195 103 97 80 95 119 
70 15 145 42 84 188 103 167 173 150 77 85 133 18 100 42 79 132 84 140 195 158 134 193 22 12 18 6 76 196 58 184 200 127 44 176 94 172 173 63 130 17 152 196 38 66 91 153 172 71 50 10 136 175 140 138 198 32 54 144 81 73 8 71 138 64 34 108 173 169 21 45 196 47 28 29 142 187 9 195 29 70 166 2 23 85 172 92 140 51 168 150 76 98 113 168 159 144 45 111 180 101 9 187 160 150 38 166 123 153 63 27 157 33 20 63 6 55 89 19 175 89 151 5 119 139 118 12 140 21 98 52 131 148 89 46 167 82 199 140 24 44 101 35 72 46 2 38 159 88 
11 181 48 135 164 117 67 54 84 22 162 39 194 99 58 50 7 112 42 127 30 166 154 151 69 26 94 170 166 7 167 174 25 98 147 190 127 144 125 138 198 126 6 159 96 33 69 79 141 179 130 124 178 45 186 107 124 156 42 46 182 38 157 109 20 194 13 69 127 11 52 150 31 183 24 88 98 29 172 37 138 198 164 92 32 60 154 177 78 163 170 105 103 80 132 199 77 91 132 104 168 87 73 141 61 183 116 155 116 199 182 180 48 92 165 131 199 106 200 18 187 160 73 95 170 67 37 41 76 97 7 180 135 30 170 104 84 20 98 50 9 114 196 97 175 49 69 24 23 12 
157 193 101 66 127 3 115 5 10 21 141 22 69 60 23 90 2 37 11 146 174 140 181 24 193 6 62 129 144 33 178 124 100 145 154 187 136 200 52 91 11 155 187 196 197 185 64 140 197 141 193 87 163 187 87 15 105 33 18 22 171 29 180 200 73 150 151 74 53 97 147 84 97 150 57 9 68 60 76 188 163 96 22 147 86 136 59 56 118 170 30 38 158 171 145 123 16 16 35 148 163 128 144 76 134 25 170 191 105 69 175 114 168 152 100 7 189 140 23 49 36 103 27 142 171 78 151 106 151 14 49 134 184 121 66 55 155 1 178 140 194 40 66 50 182 111 90 34 134 4 
140 121 195 62 189 15 199 198 2 200 65 129 181 189 200 147 59 94 165 34 82 188 89 46 190 71 86 108 31 169 140 134 136 88 157 127 44 44 19 185 164 189 61 153 124 56 153 51 92 118 44 102 112 44 15 85 57 13 73 170 35 168 77 65 156 134 104 192 137 192 87 129 190 118 36 132 137 39 161 84 130 13 17 118 21 168 7 198 21 144 90 192 5 129 29 127 121 136 2 167 132 37 192 198 169 67 61 28 119 159 175 96 186 147 156 152 82 58 15 12 173 110 112 104 127 70 176 30 26 48 71 22 54 106 110 146 152 172 195 43 158 173 70 182 83 156 18 141 173 55 
90 69 123 133 196 150 131 127 85 107 1 65 112 12 166 120 88 175 95 182 97 38 128 162 98 183 174 5 34 94 61 83 71 62 99 178 34 88 168 194 6 200 97 180 197 197 122 167 164 99 34 129 97 71 16 171 84 26 190 59 5 66 147 35 47 100 113 184 158 28 129 38 40 157 168 186 12 104 186 81 17 125 59 119 169 96 163 138 141 181 195 26 130 150 128 145 128 83 3 176 14 182 167 103 138 152 54 162 80 26 154 113 183 66 80 130 68 78 76 184 90 103 186 127 86 45 66 193 17 26 53 172 31 18 52 164 129 128 91 147 1 8 56 15 148 114 54 134 157 65 
138 63 29 170 29 194 123 101 147 98 34 11 73 73 181 58 133 78 156 139 131 47 91 109 157 197 124 151 20 30 73 59 32 68 111 41 71 161 109 60 64 106 65 26 142 36 14 77 144 90 175 11 165 180 167 137 182 66 68 4 1 146 46 8 46 103 129 97 30 140 48 83 37 53 123 89 93 182 137 7 7 138 171 12 55 41 107 90 143 111 18 9 81 31 144 84 127 121 56 198 68 160 50 87 122 24 62 111 198 114 49 120 7 131 31 39 80 116 3 67 82 99 199 140 44 130 38 69 35 31 153 191 82 17 89 10 62 93 183 16 140 101 33 136 22 25 92 142 173 142 
131 151 46 65 10 5 163 48 200 126 92 199 121 23 121 196 11 24 96 3 49 112 195 154 124 136 93 33 168 177 167 77 49 101 175 37 103 71 6 149 119 77 115 24 20 200 36 195 29 141 96 120 160 162 187 69 14 81 1 107 198 106 166 147 14 193 40 122 141 15 178 109 177 17 28 121 85 77 113 85 126 121 183 128 39 51 200 112 174 79 134 141 76 92 88 157 174 74 120 152 55 66 143 55 180 121 156 22 181 4 120 91 15 101 155 120 145 158 114 161 67 42 187 11 8 105 36 120 56 90 88 82 110 24 19 42 149 23 157 84 160 152 24 23 84 149 56 120 84 111 
63 193 88 82 13 102 32 40 31 51 52 89 196 117 90 9 165 45 27 1 26 79 73 89 118 42 198 34 185 172 10 10 143 38 148 185 13 42 57 188 6 5 125 66 42 104 186 143 58 181 159 186 59 79 84 163 198 103 164 149 46 119 95 127 63 83 141 120 37 37 33 82 132 132 154 184 132 80 78 156 175 91 68 130 182 102 132 3 129 163 28 183 198 113 123 19 15 125 68 55 38 145 64 161 4 47 82 89 9 189 14 2 36 119 194 133 77 17 42 88 61 65 134 157 131 100 105 102 124 39 173 119 42 185 64 50 68 31 139 150 21 184 198 39 18 198 191 57 124 65 
8 157 173 183 190 1 158 5 25 78 59 156 132 90 36 88 104 81 43 174 198 175 32 176 31 195 148 188 119 142 103 28 9 97 76 103 162 69 108 159 47 57 20 100 4 6 34 132 68 161 171 69 39 82 2 151 181 65 82 56 124 79 157 153 37 139 175 12 188 56 157 90 6 57 1 106 55 91 43 41 10 83 81 77 64 137 37 171 181 162 66 196 80 113 180 82 121 22 46 101 83 1 105 10 187 180 83 156 152 56 142 117 7 192 156 147 66 78 136 97 13 12 34 44 86 63 159 110 66 26 68 56 181 44 184 151 86 200 186 167 64 83 163 153 12 79 174 146 175 60 
18 81 171 110 177 112 190 22 192 168 71 41 112 59 120 199 182 98 173 131 17 182 13 1 120 163 196 186 66 93 49 11 115 144 185 17 119 156 98 133 171 42 37 122 154 58 11 10 115 125 67 55 12 174 87 138 97 160 163 87 83 9 13 87 30 36 5 89 1 162 72 83 32 24 30 184 4 167 121 3 196 81 56 4 183 97 142 161 106 199 43 17 141 194 32 187 100 131 50 41 179 38 64 63 184 25 97 166 121 57 147 1 118 137 116 110 57 66 113 27 189 165 105 165 122 119 149 117 38 160 38 156 59 20 130 35 25 104 14 58 183 58 147 96 8 48 153 135 83 60 
86 36 200 132 134 68 42 193 123 75 70 110 38 174 22 48 146 46 157 143 134 30 89 37 131 99 111 149 136 55 46 42 164 3 78 11 22 123 182 83 191 16 45 36 164 132 175 141 45 16 194 16 44 120 168 100 96 37 160 50 137 157 155 156 97 23 130 196 36 62 183 45 120 141 76 96 32 91 194 114 104 149 29 166 5 169 22 152 77 182 42 46 117 64 17 197 40 125 43 148 193 141 6 144 5 184 29 8 172 184 198 49 39 19 66 58 141 157 77 90 60 191 54 43 131 169 112 130 143 104 60 83 113 42 47 52 182 59 48 84 114 28 86 169 43 194 122 8 139 96 
78 81 157 4 50 163 3 162 182 15 16 157 89 46 190 180 20 21 169 169 36 199 179 12 11 133 62 144 128 23 43 160 160 194 164 194 23 142 72 175 181 51 152 94 137 54 56 64 79 169 152 198 80 138 48 113 75 131 172 72 45 190 5 2 24 170 50 100 27 84 160 69 134 196 160 2 194 171 92 68 34 161 53 84 177 92 63 181 158 132 93 192 151 91 177 80 9 100 127 44 170 59 161 199 47 126 175 138 140 119 182 16 96 162 193 100 169 60 143 21 123 146 28 195 48 130 125 174 27 133 61 137 55 8 156 177 108 196 156 140 59 105 161 95 21 94 26 7 82 61 
127 95 10 159 165 153 90 25 108 106 43 21 152 67 73 81 101 94 89 93 103 111 55 29 181 4 137 64 46 96 139 107 31 65 153 177 189 67 159 94 108 14 35 173 136 50 148 185 131 143 38 169 40 178 82 33 192 21 59 197 16 77 20 122 172 113 126 30 79 89 105 125 77 77 199 13 129 76 146 154 98 159 71 24 188 112 31 90 196 46 84 109 82 47 190 16 19 19 198 78 198 2 140 97 183 42 118 154 171 22 1 10 76 89 50 72 34 36 35 22 32 49 129 98 32 191 65 106 175 40 100 192 48 51 184 98 60 1 168 196 186 192 141 48 36 77 196 91 144 46 
174 57 190 70 177 111 130 123 7 92 143 120 165 125 62 113 97 92 149 12 1 144 19 40 60 12 125 67 114 67 27 183 180 2 131 160 116 2 70 78 76 103 127 41 85 75 84 145 22 197 10 141 105 94 158 195 80 122 162 136 92 48 64 168 135 146 24 162 55 111 98 157 147 123 7 174 184 126 95 179 145 184 28 34 118 155 11 5 53 59 158 49 141 144 47 93 157 160 74 38 134 187 20 134 70 118 91 152 11 79 58 98 138 151 17 191 142 87 26 66 167 38 39 103 11 148 55 44 120 169 199 17 102 103 47 152 25 48 143 95 150 12 165 32 152 27 25 38 7 103 
139 158 30 148 21 94 24 143 41 136 54 49 50 31 50 75 29 74 159 119 175 66 187 190 93 96 187 179 140 22 82 20 119 53 170 124 135 93 147 59 189 82 169 156 103 190 187 68 197 150 22 101 143 167 144 60 83 41 118 183 1 95 56 144 192 164 135 11 200 36 155 104 167 176 1 117 169 175 136 168 181 25 45 109 116 190 65 187 199 148 140 197 157 40 154 166 189 64 151 103 73 27 110 117 199 78 74 143 184 11 129 190 110 176 172 65 48 178 151 181 90 9 164 114 28 13 2 195 38 75 84 78 198 158 151 185 108 197 58 59 37 117 55 105 84 27 26 192 5 133 
186 178 17 25 37 9 159 65 14 179 40 125 179 68 191 72 62 150 152 80 126 82 171 95 177 58 33 75 41 125 171 150 175 87 93 25 29 51 189 143 185 94 60 113 143 39 66 116 102 9 143 21 72 150 3 153 88 123 14 5 191 93 121 132 172 120 190 42 112 98 178 43 120 10 139 34 139 117 34 99 112 179 54 93 63 15 18 99 48 13 14 139 66 35 37 67 61 67 74 46 52 22 81 151 105 159 160 193 83 116 60 144 45 63 129 154 198 163 132 59 99 152 137 114 194 105 54 128 165 129 74 199 178 19 52 145 148 16 192 152 186 123 104 147 5 99 7 111 17 126 
88 31 17 148 30 134 123 33 24 72 112 149 181 169 194 60 36 179 153 91 143 9 150 34 192 47 50 160 155 26 72 167 45 158 130 84 9 112 63 98 89 163 45 158 158 163 50 19 139 146 29 134 47 51 14 142 155 19 22 19 29 197 133 124 154 173 39 35 185 93 163 50 129 176 27 97 35 34 154 134 195 133 12 3 76 98 134 3 138 68 178 149 69 84 162 112 141 50 157 120 194 129 125 128 12 35 3 113 126 83 79 174 79 157 199 152 79 83 88 30 27 159 167 55 34 97 170 94 92 57 164 47 55 22 122 20 78 140 56 123 14 135 56 34 93 34 29 76 2 138 
72 135 139 4 178 50 96 11 136 43 6 52 94 15 124 112 20 31 79 197 1 136 27 166 109 185 144 9 43 108 40 79 33 102 6 189 95 146 24 139 41 131 113 169 34 8 67 180 31 84 59 178 194 65 168 85 9 174 91 88 106 123 45 136 117 56 168 34 65 85 190 114 187 172 60 97 158 154 129 186 183 149 46 36 172 49 173 101 74 138 50 193 57 1 48 51 66 163 125 2 38 119 195 77 77 110 132 26 97 109 47 86 11 98 147 7 76 90 157 88 164 85 85 163 89 92 68 65 125 1 22 150 109 187 82 104 106 123 37 56 81 136 68 132 92 32 135 57 32 136 
57 25 147 171 70 6 107 185 116 133 105 158 101 143 74 20 148 33 100 199 36 1 63 129 9 33 33 113 164 134 89 186 192 23 164 129 94 193 111 81 167 67 1 88 113 5 119 146 88 95 58 35 60 140 41 115 40 30 41 196 103 18 160 151 38 82 81 57 105 15 136 10 106 48 39 196 187 114 140 34 120 93 38 66 24 166 168 33 151 190 69 158 116 100 107 192 100 128 40 185 44 88 59 42 174 147 141 22 34 38 36 64 58 134 35 60 23 118 55 160 8 24 52 17 36 54 46 65 8 171 34 48 195 93 56 155 42 14 129 94 68 119 56 20 7 166 79 93 45 156 
108 115 104 100 23 4 23 179 4 26 173 169 141 110 97 88 17 41 31 29 170 79 199 190 23 160 32 17 171 197 156 17 155 65 173 62 23 183 178 13 129 105 31 56 187 185 159 75 88 47 183 191 40 27 56 8 116 185 139 53 180 48 50 44 58 128 83 108 117 56 112 160 56 32 168 3 19 87 159 118 184 69 140 38 18 113 87 134 160 148 82 99 149 63 163 77 55 73 199 165 164 151 191 167 190 121 146 161 76 14 23 65 22 187 90 167 89 92 91 102 106 52 160 25 135 157 143 87 189 5 59 135 36 77 155 154 68 83 26 73 63 75 50 89 78 23 183 139 60 85 
17 139 104 35 14 132 9 162 151 67 19 21 121 133 60 166 40 129 109 165 19 8 187 154 190 32 180 166 26 72 3 72 147 68 83 173 175 79 156 136 158 75 191 113 63 157 37 100 117 11 1 27 61 48 116 70 44 75 32 117 54 26 172 167 92 63 179 64 7 75 58 37 23 129 90 14 140 58 141 89 38 171 200 135 21 53 149 4 11 162 165 89 117 162 187 64 178 88 98 75 57 5 51 86 24 126 135 86 24 74 188 162 84 77 48 87 161 84 150 167 66 63 8 168 108 142 146 169 189 108 30 21 60 162 175 112 132 82 72 159 181 55 120 134 146 53 114 80 84 171 
10 180 99 184 103 149 71 24 19 120 89 55 79 41 198 193 113 33 64 42 179 99 120 123 177 27 30 177 63 139 185 24 92 200 147 55 39 114 171 88 67 137 107 41 14 135 30 3 41 8 196 109 103 178 24 90 150 154 91 172 144 35 124 65 63 152 104 100 112 16 101 53 48 37 30 57 107 22 169 112 46 45 47 49 71 34 171 197 111 101 66 174 45 33 129 169 32 111 104 186 65 121 114 170 188 5 147 166 170 78 46 94 77 158 30 166 87 69 65 31 146 140 176 116 158 191 123 27 23 73 37 34 75 85 108 70 196 189 18 156 141 33 113 137 42 59 106 174 78 84 
172 160 73 61 88 59 100 151 111 100 42 77 197 27 53 13 10 35 105 3 15 136 59 126 100 165 196 26 135 42 170 3 114 184 167 22 165 26 184 91 49 190 190 6 101 115 186 46 26 112 168 37 104 110 193 172 124 151 176 74 39 74 154 45 138 16 56 107 75 14 150 29 152 66 92 88 77 54 22 16 78 154 112 179 110 105 120 139 185 63 122 100 33 74 129 17 86 112 179 97 189 94 54 94 163 52 53 14 2 38 1 113 138 199 21 128 173 147 155 162 81 78 25 63 30 89 166 144 71 137 20 75 107 22 18 164 63 162 167 27 28 40 161 111 19 104 56 194 163 128 
17 189 163 109 80 70 12 57 198 162 57 188 86 7 31 41 97 52 63 83 59 80 181 122 145 38 84 51 129 154 169 96 124 89 166 46 66 18 187 132 171 183 168 72 188 114 180 60 72 85 167 185 59 171 122 127 161 186 31 71 149 28 86 162 96 1 170 97 40 135 31 112 53 192 182 183 123 66 195 8 186 29 18 44 133 182 118 166 4 114 67 51 36 60 143 117 8 24 133 6 101 38 12 103 68 24 145 139 20 73 104 75 48 148 182 104 87 149 93 20 82 72 157 181 18 160 3 144 124 135 39 173 37 168 58 62 65 30 62 146 30 47 144 200 113 108 133 109 18 17 
11 32 39 109 108 49 12 156 172 149 20 115 129 116 175 176 167 104 23 155 63 63 122 183 22 177 105 29 175 200 48 99 77 185 163 138 61 18 40 116 180 189 33 174 143 198 50 96 48 197 179 140 114 44 64 113 37 87 165 188 46 19 15 44 157 80 191 1 88 114 157 175 155 50 93 84 186 190 57 163 140 159 9 139 18 117 70 3 141 31 49 111 109 60 17 159 11 68 168 157 194 189 135 38 193 42 162 88 178 52 145 5 199 109 194 15 4 80 185 60 187 193 111 74 186 178 70 62 39 135 47 76 33 179 39 165 200 199 43 176 117 49 61 90 99 144 21 132 86 121 
177 197 150 86 100 91 166 106 8 14 167 165 85 180 66 28 95 81 40 87 34 136 34 14 169 42 39 195 147 54 82 178 15 182 47 24 189 24 15 13 135 152 49 102 53 81 112 176 11 46 146 55 148 16 124 6 103 87 137 140 29 19 11 94 24 127 87 132 198 67 130 196 68 94 120 3 82 165 17 51 152 37 69 37 78 97 57 47 129 53 30 141 94 131 184 170 56 132 146 172 93 22 77 28 194 61 16 182 3 172 193 199 6 120 76 98 131 183 5 138 75 41 12 85 94 83 158 36 27 107 75 47 61 40 190 34 167 94 29 122 97 59 14 165 154 94 147 36 89 178 
51 17 143 103 186 23 132 34 83 120 155 81 53 160 181 14 101 36 7 200 156 19 25 47 53 191 123 121 61 112 77 167 84 173 35 102 177 155 113 113 119 193 136 183 186 65 80 137 142 160 142 26 56 48 158 138 84 77 200 108 155 158 158 109 159 44 185 34 126 166 156 183 50 132 193 86 137 37 30 21 73 183 117 78 63 12 7 58 147 19 116 133 173 11 126 96 48 70 19 172 136 88 76 136 9 123 25 120 194 169 138 53 70 91 23 79 52 38 1 4 171 188 72 99 53 75 87 53 66 153 102 41 90 62 124 166 59 178 140 61 38 78 133 8 92 37 51 113 33 22 
165 102 176 114 190 58 119 154 108 22 154 12 95 115 174 82 2 141 27 4 51 34 157 169 197 31 78 4 84 110 157 95 163 180 56 189 145 57 40 137 10 163 8 148 152 33 116 156 68 63 149 91 102 134 74 15 186 194 167 46 47 23 54 71 56 61 115 200 68 60 47 37 88 137 114 48 5 142 98 139 159 78 184 160 42 157 135 4 96 65 191 126 166 61 31 185 133 199 63 151 84 33 65 37 3 148 80 12 136 134 147 12 143 130 95 75 24 198 182 190 17 175 158 72 73 184 80 193 56 14 140 158 9 143 5 111 132 117 141 39 57 15 123 198 65 152 190 2 138 89 
189 184 117 75 65 32 53 193 24 116 62 20 124 190 92 123 197 95 80 163 1 154 14 130 66 29 76 60 42 164 183 106 92 51 59 181 191 118 3 171 28 36 71 83 92 136 3 77 87 46 100 170 171 59 125 179 92 13 82 134 2 82 117 125 173 104 79 58 12 136 105 155 16 184 89 183 103 93 9 43 132 85 127 54 110 188 77 131 135 180 28 102 149 116 58 198 134 169 159 24 153 160 10 5 141 162 81 88 185 166 121 199 185 78 44 98 169 6 103 25 137 118 125 55 17 6 109 136 122 33 67 33 31 20 12 41 9 75 198 42 31 200 153 54 31 105 44 141 180 22 
190 93 82 15 167 109 113 144 113 61 67 53 188 60 40 11 41 153 14 148 174 106 123 25 7 109 112 14 11 162 195 63 53 23 25 54 95 73 103 171 101 38 142 19 162 135 123 150 136 97 23 114 6 145 168 197 136 179 89 53 37 96 168 64 60 181 164 111 27 180 156 12 162 168 38 59 22 24 41 72 16 93 192 163 152 157 149 188 182 137 81 196 53 33 58 112 139 192 89 165 38 102 131 117 128 90 42 78 9 28 168 165 125 55 182 132 125 190 137 57 153 182 170 143 188 59 197 195 68 157 74 123 194 2 125 47 118 189 56 16 163 57 41 110 11 54 113 132 193 180 
40 3 96 194 195 176 122 122 76 54 2 166 117 90 19 136 180 56 54 186 82 119 45 187 147 29 144 47 123 59 106 98 124 42 40 173 115 140 17 59 23 66 2 92 13 179 127 43 132 124 101 168 50 190 128 197 38 38 96 18 171 88 136 118 108 10 71 155 101 23 118 54 157 172 153 83 32 163 179 3 190 172 181 54 111 120 88 173 49 182 43 171 12 20 133 26 165 44 161 195 171 85 80 132 200 197 83 75 2 91 41 87 21 36 120 44 28 76 99 81 44 171 156 37 98 82 20 23 200 156 84 189 116 111 109 109 184 62 169 147 45 120 43 48 138 49 193 5 23 17 
132 129 37 80 75 154 169 118 199 137 151 91 17 112 90 191 89 182 123 44 198 100 60 31 156 19 159 125 100 163 183 155 188 90 102 57 44 49 197 83 15 172 144 187 127 65 187 135 187 168 188 30 109 92 122 49 192 83 78 173 38 166 92 123 116 127 85 25 76 192 193 185 91 40 59 77 180 163 141 128 72 112 71 133 198 187 9 5 141 42 91 177 1 93 65 23 155 190 38 172 101 119 142 178 60 65 175 8 147 77 158 87 42 90 119 18 100 114 29 81 148 139 145 136 71 77 77 181 3 154 5 177 48 180 20 12 110 158 147 60 184 3 74 79 108 39 43 184 145 36 
166 116 175 68 9 157 106 154 108 50 199 106 6 128 35 36 199 75 99 121 152 123 95 73 159 59 132 54 83 37 98 141 78 40 29 158 173 70 85 156 88 6 101 158 190 161 194 92 71 159 59 72 121 179 122 152 115 131 83 44 154 122 76 1 33 165 35 93 176 182 3 72 135 96 78 38 26 168 87 23 25 78 18 149 84 178 74 10 101 175 159 35 29 122 144 162 100 58 38 66 52 178 35 70 145 28 179 35 91 27 104 125 139 22 106 78 172 181 62 124 99 8 194 30 11 165 182 26 161 139 94 33 118 7 53 140 17 20 128 188 42 123 70 46 123 196 106 112 40 74 
175 194 173 23 24 172 27 122 120 24 143 168 3 166 82 54 3 125 84 129 62 3 33 185 108 30 76 16 163 47 166 108 55 82 35 144 6 110 35 112 120 144 69 152 141 9 88 111 50 163 152 125 11 78 105 155 99 66 85 189 71 89 138 139 30 119 105 35 37 93 15 88 1 37 86 33 198 75 182 168 156 26 162 74 114 199 85 73 164 88 41 189 156 5 137 162 184 196 56 176 138 100 80 57 13 167 48 69 87 195 30 102 22 88 185 130 188 85 81 179 33 125 51 57 191 170 1 95 18 187 152 22 164 153 27 20 132 147 21 93 36 71 38 56 80 61 68 115 188 147 
77 146 194 8 166 184 13 79 17 30 199 54 109 187 75 27 84 120 130 100 196 3 112 195 193 24 31 20 73 182 145 109 121 135 199 53 84 124 156 146 86 87 153 98 69 112 183 120 133 150 185 130 1 69 53 9 75 5 64 86 146 191 110 69 105 78 16 153 127 126 44 106 83 189 173 17 158 168 167 119 118 133 4 198 24 146 32 172 101 143 137 70 4 156 60 132 50 147 197 174 102 32 193 33 77 101 3 111 73 78 113 189 125 192 165 176 38 169 10 106 69 87 176 153 104 97 4 107 5 5 118 140 70 46 195 8 58 92 128 133 51 188 30 21 22 76 100 115 97 124 
41 145 15 117 173 99 71 145 118 115 154 79 53 23 64 131 150 19 74 83 119 105 37 195 24 30 102 200 23 136 137 122 128 120 64 34 109 91 129 50 92 21 164 192 23 185 122 132 195 49 118 77 196 32 124 147 106 61 190 90 107 68 121 139 154 41 73 35 3 147 138 45 189 8 158 112 186 153 183 129 34 33 88 29 6 49 174 89 94 13 84 108 71 12 26 131 182 44 187 192 138 159 164 112 139 138 50 144 23 66 182 109 49 45 19 140 122 6 52 25 184 178 58 34 25 195 177 197 36 19 149 80 5 90 43 190 61 178 44 178 37 101 51 23 98 191 143 2 103 190 
8 116 117 109 153 139 141 12 36 30 60 182 58 146 149 132 123 57 116 153 39 65 41 115 18 173 10 22 187 56 181 189 135 66 38 135 73 101 40 6 142 138 72 26 94 104 141 184 148 88 40 43 110 2 126 24 185 123 12 103 75 88 78 198 117 8 93 8 82 103 195 185 64 186 9 125 40 177 133 59 115 164 11 46 190 174 39 157 131 160 143 118 181 183 86 127 131 20 183 76 119 3 86 72 2 56 164 160 31 58 62 85 132 23 194 191 65 10 90 187 88 198 177 133 171 10 150 20 172 141 137 121 66 132 144 184 188 95 61 94 150 184 164 44 98 168 149 172 34 109 
128 24 84 136 23 200 105 113 168 189 178 187 58 61 192 99 79 75 12 75 4 18 52 9 169 181 112 80 105 112 67 151 173 136 75 10 95 158 193 103 199 29 10 85 137 147 150 38 47 140 74 197 133 168 78 85 120 67 3 70 90 39 93 181 81 142 165 163 78 195 182 93 178 81 6 49 187 55 70 154 59 188 57 16 120 119 183 142 110 72 135 108 76 96 28 65 195 31 95 8 160 81 57 20 133 145 100 166 135 22 87 27 24 154 189 15 86 73 57 21 54 157 131 180 82 115 81 114 131 121 142 56 53 186 58 200 103 76 127 67 190 27 196 131 69 30 141 35 132 155 
147 15 71 148 137 43 101 159 54 158 164 150 118 160 136 2 54 64 112 105 168 184 189 151 12 149 159 63 19 47 36 23 181 105 140 124 145 48 29 185 181 20 186 43 45 176 40 9 187 119 90 194 134 119 2 121 156 164 40 152 91 92 143 38 109 16 70 57 48 38 98 48 129 60 54 53 46 36 118 35 181 94 83 57 90 35 19 79 91 87 165 83 102 150 143 157 98 50 84 112 161 166 148 111 176 83 13 83 48 139 106 78 72 106 198 192 157 49 177 168 24 145 77 27 148 171 143 199 91 139 109 164 18 51 77 61 37 22 82 32 17 15 199 94 27 74 24 137 75 127 
31 177 23 113 145 194 19 115 17 83 41 4 156 88 187 144 81 103 79 88 54 35 94 164 31 128 53 122 41 73 33 57 107 98 154 61 17 145 180 129 118 175 164 26 132 60 16 6 59 191 175 127 58 148 104 9 85 71 80 75 134 109 121 134 74 65 94 17 151 45 51 105 186 123 83 61 136 45 134 39 195 52 185 65 46 133 162 184 53 52 144 7 20 40 92 5 62 38 146 78 129 45 123 198 126 158 101 138 57 43 23 15 98 114 26 46 89 87 135 131 140 122 196 6 100 99 8 141 118 167 166 29 47 154 140 89 167 100 47 134 136 71 66 120 56 70 105 131 1 18 
98 37 84 165 4 174 185 40 97 14 93 131 113 196 171 162 93 100 100 41 34 122 80 66 134 184 14 198 36 9 126 55 47 97 51 53 122 123 43 107 155 75 178 187 85 63 150 90 166 178 188 14 11 148 15 41 56 112 58 111 96 85 74 142 139 8 137 114 165 80 185 49 113 174 84 118 44 50 184 196 124 197 35 178 53 109 187 49 111 6 36 10 135 118 81 158 129 162 166 193 91 69 140 108 146 161 118 115 25 59 91 152 53 153 151 17 191 39 14 94 78 7 53 104 193 146 139 114 102 192 76 123 76 17 155 93 1 108 60 96 77 162 152 96 10 45 37 17 53 124 
109 196 108 90 173 71 160 139 58 37 86 144 17 12 21 68 110 161 100 124 171 24 185 3 20 21 48 60 103 8 37 61 190 56 107 172 94 11 165 91 48 165 37 9 34 26 82 125 147 179 134 7 193 19 158 70 92 91 114 8 196 12 103 149 37 70 26 116 2 1 119 3 17 91 26 179 124 121 149 113 27 169 82 47 91 1 51 10 43 187 47 15 108 59 76 54 27 32 21 133 166 33 59 28 139 95 93 130 148 182 32 2 199 22 33 174 11 28 14 146 91 156 14 88 106 155 19 108 139 26 159 81 29 131 196 93 146 54 99 57 167 4 90 116 182 113 49 119 188 157 
188 46 129 94 9 109 195 50 158 99 112 78 71 40 62 145 104 107 14 153 147 98 159 139 105 47 62 169 74 66 44 122 14 65 21 179 198 69 56 40 92 25 49 12 26 25 185 41 3 199 128 18 12 37 168 197 146 47 105 136 23 126 110 184 170 185 101 154 73 114 196 18 180 4 77 118 116 47 119 182 15 28 169 2 157 170 143 131 100 88 39 21 155 58 90 51 146 72 10 7 81 9 63 120 80 64 22 104 100 148 68 32 193 62 151 146 62 178 39 71 63 88 27 10 86 102 151 77 182 60 65 159 106 56 10 19 130 31 36 30 85 173 173 132 178 73 89 19 128 182 
188 167 127 48 31 103 90 105 148 139 174 126 35 123 67 194 137 35 108 185 104 106 196 177 20 54 184 96 17 183 106 154 143 31 103 15 22 109 59 194 155 69 191 77 178 50 82 83 68 185 170 40 113 27 160 25 63 144 158 162 137 198 72 163 51 100 121 86 10 9 17 89 200 120 98 36 101 64 196 35 145 1 198 43 24 96 168 117 43 104 134 83 40 166 19 54 80 78 176 143 50 77 189 191 186 191 145 4 196 31 110 174 10 99 83 42 85 173 117 144 65 183 50 56 5 124 47 144 151 54 106 143 3 193 14 53 76 113 73 120 20 69 65 154 73 101 44 102 119 67 
51 95 140 26 191 32 24 179 33 103 70 63 119 163 15 4 97 142 100 114 144 15 182 43 2 54 169 106 69 141 166 73 15 169 84 79 39 8 199 58 46 6 165 180 21 94 15 52 172 78 11 6 8 103 200 97 101 3 148 158 107 64 32 64 115 195 32 15 190 66 71 82 40 176 192 133 121 28 132 168 152 155 50 83 111 32 72 56 65 147 33 8 88 196 130 189 128 106 141 186 43 99 128 17 77 187 131 130 33 166 188 142 160 122 183 59 104 75 103 13 140 149 182 55 52 131 193 3 141 61 79 71 34 34 186 151 53 122 187 41 22 7 74 177 182 123 173 34 136 128 
119 144 132 48 142 199 13 156 29 129 165 170 52 45 95 30 110 44 149 181 83 79 142 52 38 42 175 177 76 108 157 26 102 64 40 129 7 135 159 131 17 7 6 59 118 89 133 174 83 27 71 164 168 9 47 41 57 85 87 23 174 132 90 38 132 46 97 129 161 15 178 12 37 148 174 24 151 132 20 192 93 192 109 71 8 36 60 192 200 119 69 90 33 20 13 40 152 132 140 98 127 102 146 116 128 118 49 80 93 117 173 62 114 150 189 23 64 182 28 135 105 143 114 176 28 170 167 187 162 180 194 182 161 76 184 90 46 191 127 122 39 82 169 155 94 185 192 21 161 17 
187 187 161 92 47 7 126 144 145 188 158 82 171 110 121 200 89 142 46 200 46 148 172 13 120 154 96 104 182 83 193 169 183 143 11 191 17 91 142 124 138 21 128 71 108 57 145 99 146 172 19 176 145 107 81 68 44 36 151 174 20 51 133 183 88 4 96 18 17 11 86 191 187 80 76 97 180 185 188 37 199 80 42 59 142 118 71 171 92 106 56 30 53 39 50 73 119 109 90 150 129 92 39 139 56 187 118 147 44 74 16 146 174 140 46 3 66 156 115 158 35 55 92 175 79 187 163 115 149 87 157 108 182 192 180 169 49 64 175 114 103 135 79 43 109 49 98 73 5 178 
75 131 83 146 148 54 60 6 108 2 172 133 47 85 194 2 83 69 84 64 33 67 14 189 67 82 38 143 80 52 127 105 59 93 150 115 167 108 154 58 65 80 45 125 154 63 128 31 60 130 9 11 55 170 95 126 139 122 199 110 25 141 35 99 18 39 66 13 177 52 79 175 132 90 178 37 122 110 61 94 141 23 29 39 138 51 177 150 188 28 100 166 77 21 78 97 16 142 131 12 152 93 184 124 19 53 117 136 60 42 199 140 113 14 131 59 28 150 198 26 114 110 175 172 25 139 169 7 78 150 5 128 155 84 19 96 24 22 99 103 177 46 67 121 55 158 45 200 23 175 
100 186 197 25 177 187 55 100 161 97 32 78 22 147 87 119 60 135 138 119 104 175 48 51 106 45 48 133 29 114 124 68 102 92 31 116 128 35 59 118 78 125 154 49 83 171 153 88 60 114 3 183 4 1 104 27 58 91 102 159 159 183 84 61 73 15 190 49 150 128 149 30 78 132 134 47 98 126 130 197 50 100 20 162 57 102 90 36 176 119 139 14 120 95 193 182 97 127 118 200 190 158 82 112 47 111 63 119 113 21 131 195 153 167 163 13 5 139 183 4 182 174 35 152 7 92 98 131 3 65 183 92 24 9 162 6 76 177 64 184 191 35 58 93 180 31 134 94 158 72 
37 165 47 146 147 55 117 154 137 100 69 133 12 169 159 50 6 101 3 140 172 189 65 106 49 172 44 114 33 33 188 197 188 135 5 185 40 14 58 91 105 171 73 94 38 173 148 59 162 79 15 136 171 79 113 87 136 81 120 197 26 68 169 9 120 132 131 148 160 93 173 110 114 179 152 180 97 95 164 154 138 123 35 161 109 160 43 151 152 171 153 142 122 34 38 68 184 83 20 198 138 109 66 74 173 107 39 1 190 64 37 12 25 28 13 119 57 55 92 185 194 134 13 37 21 155 155 47 120 121 149 194 78 38 12 15 88 32 90 136 124 74 108 102 34 41 16 102 59 94 
7 117 10 16 27 169 129 137 125 68 44 103 90 176 153 5 111 160 123 172 187 118 194 111 20 148 150 53 158 48 127 172 35 62 48 21 167 180 148 70 84 59 18 182 73 116 143 59 77 101 72 188 156 103 104 79 136 85 195 158 32 44 195 84 167 117 127 84 156 63 80 188 197 87 112 43 175 25 197 125 54 9 146 89 193 36 71 111 84 82 178 83 37 40 82 77 50 97 82 134 163 186 19 77 55 22 157 174 120 128 176 139 152 122 119 196 200 63 61 28 20 72 68 34 113 135 119 83 108 55 183 133 156 143 136 188 182 167 140 7 157 192 7 187 35 46 17 110 138 171 
88 164 131 125 26 146 25 142 11 3 88 142 65 166 103 138 84 174 102 97 175 119 145 148 178 89 16 91 85 23 195 1 73 102 186 14 77 183 189 100 2 178 167 25 111 14 144 138 98 167 115 97 3 192 183 82 53 169 46 103 135 68 145 172 113 144 163 13 176 172 80 61 122 51 138 62 148 63 128 147 71 156 95 190 165 118 122 97 36 32 153 192 139 23 156 89 89 17 111 77 53 193 51 191 68 87 145 104 57 56 5 200 32 156 131 90 161 50 170 57 17 188 120 67 181 110 127 95 7 129 193 83 175 133 182 37 184 124 3 87 60 21 74 192 8 167 42 117 38 187 
125 194 133 19 175 123 149 107 150 135 150 161 161 88 11 183 166 143 99 39 11 30 185 20 193 177 199 139 112 76 56 64 152 66 4 112 105 138 45 184 14 53 83 87 152 86 43 114 100 85 142 44 66 34 11 59 98 175 30 93 182 49 77 141 79 148 165 80 165 17 148 167 144 25 43 188 129 191 197 125 116 5 94 193 65 199 162 87 73 13 188 74 110 137 26 39 165 70 11 108 10 39 145 4 48 24 132 166 93 182 47 194 22 74 26 161 193 80 130 57 139 20 78 118 29 1 25 70 154 164 110 59 182 8 45 175 62 159 72 5 45 120 116 62 119 3 89 20 107 31 
66 12 49 161 87 117 136 38 178 121 83 75 83 79 110 42 142 66 82 56 85 29 186 189 63 123 134 152 177 156 58 7 163 26 138 164 186 137 91 28 141 161 102 48 62 147 94 91 61 63 166 164 178 179 127 79 192 73 59 132 160 87 88 164 55 58 54 168 116 136 100 11 79 116 186 42 12 95 101 146 80 54 60 58 158 24 135 135 128 134 128 148 176 108 8 174 19 153 122 33 63 88 128 95 59 81 1 171 134 57 20 176 45 154 176 151 200 126 200 18 26 41 131 91 20 104 2 124 70 12 100 65 68 71 142 77 59 30 167 149 164 99 73 143 148 52 20 49 83 128 
171 24 169 161 126 4 152 35 24 195 108 199 163 84 174 117 139 21 183 121 62 178 191 112 178 24 24 40 96 178 197 191 159 59 159 196 59 35 158 123 69 148 166 52 54 184 114 37 20 177 38 163 108 150 57 48 84 74 191 152 25 4 95 195 78 72 142 154 191 57 95 58 167 7 179 97 77 112 185 21 84 24 84 47 199 2 24 88 163 146 59 111 173 132 25 28 128 50 88 109 70 178 145 146 106 58 153 85 11 47 70 87 107 188 20 14 52 14 166 75 104 146 136 186 172 8 173 75 197 1 148 57 101 2 48 88 136 21 130 74 82 151 92 11 91 164 189 128 6 76 
75 187 196 40 43 127 43 184 156 76 57 151 109 172 156 41 38 7 92 24 31 167 96 137 120 31 51 111 156 82 150 75 56 6 116 51 40 60 178 169 106 6 66 197 12 13 58 108 175 80 185 170 153 196 7 156 138 103 126 77 166 36 50 168 77 10 116 67 76 78 19 108 17 149 169 22 102 187 21 82 54 70 173 17 36 113 40 102 164 23 69 99 72 115 121 200 180 67 141 180 3 4 179 114 156 152 14 93 92 12 103 76 35 129 31 196 46 35 155 5 23 185 38 126 49 138 48 167 106 109 76 141 17 27 55 109 117 80 43 68 63 145 99 100 156 35 112 90 61 160 
52 182 149 192 23 153 117 51 188 27 68 121 54 59 147 195 183 109 185 59 122 168 50 137 180 53 178 179 168 55 132 200 169 150 54 14 44 133 50 147 71 16 175 97 161 22 75 106 29 108 102 145 14 80 181 91 86 176 195 58 18 101 124 159 136 124 91 83 185 64 137 90 114 132 114 156 184 99 52 62 32 181 143 30 199 162 79 175 182 117 148 150 140 68 20 49 137 26 8 142 133 77 39 30 130 15 193 90 120 39 28 149 98 166 2 129 147 154 149 82 115 139 193 173 182 105 51 97 71 103 83 49 145 87 7 151 165 63 198 113 51 197 11 181 67 52 70 18 183 185 
112 14 133 72 88 105 162 184 109 47 119 79 9 44 126 192 152 176 15 1 40 164 54 8 179 65 4 68 50 28 7 41 163 140 180 115 110 12 116 40 54 193 58 87 170 77 2 120 185 13 191 162 62 18 163 109 28 121 69 29 53 84 193 186 47 127 194 190 106 97 180 85 170 104 57 165 166 199 184 68 173 29 50 108 186 157 51 28 120 67 10 114 151 20 35 190 132 130 13 130 152 75 169 140 190 178 143 11 18 126 26 135 24 175 31 136 150 104 131 47 23 51 161 89 158 200 190 144 176 108 63 161 134 75 75 47 85 184 136 61 15 142 41 189 189 158 123 69 111 21 
156 156 187 166 98 67 184 150 195 24 132 46 162 29 196 45 157 191 191 151 180 58 96 86 184 132 40 124 69 98 165 173 126 33 94 54 68 61 59 141 149 65 154 121 135 193 192 162 44 11 15 181 154 121 88 181 133 39 103 98 176 129 82 25 144 147 142 22 191 126 69 113 138 141 132 77 35 144 149 139 158 28 66 122 10 164 127 42 168 63 26 70 66 79 34 94 39 148 176 43 177 135 31 196 67 144 88 101 68 89 101 112 43 150 10 186 150 89 86 4 128 105 35 156 78 63 58 9 3 53 97 103 136 131 169 163 143 54 138 40 193 67 31 108 65 46 51 35 58 99 
144 169 25 144 150 109 170 68 103 125 172 75 100 88 186 170 92 53 164 194 122 105 76 177 145 167 2 166 147 170 67 139 15 132 32 102 137 131 63 78 126 187 82 67 175 107 131 175 97 109 14 169 173 5 47 43 190 151 146 179 79 8 184 182 40 43 72 37 38 199 93 95 166 100 168 139 42 93 127 51 112 108 155 30 4 172 174 62 29 141 6 41 25 88 64 137 14 62 190 152 114 52 102 194 200 5 44 116 29 60 89 192 190 181 36 69 56 94 100 164 2 126 146 10 198 49 72 5 141 122 149 39 58 194 78 46 74 171 189 68 80 167 116 50 54 194 13 11 179 127 
79 196 13 82 81 45 96 177 13 118 69 48 81 2 72 159 110 183 22 90 50 25 110 104 157 1 115 194 115 7 82 68 59 137 26 91 52 12 157 78 30 130 36 128 110 62 110 129 185 167 144 62 117 184 143 91 194 179 71 65 151 42 86 56 31 43 85 49 113 192 121 3 189 34 167 80 145 182 155 81 118 162 27 61 54 40 139 83 119 119 14 28 194 165 104 44 176 66 175 6 149 97 4 22 119 187 65 104 51 92 195 108 98 164 6 127 136 143 15 175 59 59 56 117 96 175 65 65 132 117 183 162 124 83 77 46 166 87 42 168 185 96 50 159 2 149 34 108 39 48 
127 120 200 167 155 110 35 194 95 150 5 193 182 162 13 136 38 5 24 169 153 147 97 150 25 88 184 136 133 179 151 186 26 186 142 26 88 156 105 73 24 45 140 190 43 53 126 43 78 73 199 63 152 188 172 131 166 121 97 124 153 69 149 94 52 156 63 31 108 127 84 80 193 30 83 159 13 86 11 143 70 157 150 169 26 93 107 164 46 33 72 134 175 154 101 111 177 42 77 90 16 179 82 64 156 19 181 5 194 180 71 149 7 163 145 28 101 38 40 13 165 100 125 35 193 36 101 191 127 114 58 167 114 198 190 27 7 59 90 60 130 25 44 61 61 145 5 171 116 54 
130 92 37 63 12 189 48 143 117 89 104 63 77 129 76 177 92 135 191 116 114 49 94 2 172 21 188 102 92 84 11 98 36 180 104 194 37 125 5 131 192 63 61 17 14 25 110 160 182 37 127 43 159 176 19 101 82 90 64 144 65 58 124 56 144 92 35 40 13 52 54 63 190 134 84 64 192 52 98 73 121 47 75 134 18 53 20 70 170 84 145 103 29 36 169 128 122 84 17 8 172 183 75 93 162 162 159 195 156 60 42 118 79 12 146 19 120 129 36 77 24 54 15 181 102 46 12 118 70 110 17 168 183 4 151 90 166 9 145 153 184 119 4 131 17 56 121 47 54 12 
15 98 126 56 155 89 134 99 70 44 103 100 100 131 142 98 48 113 28 22 37 65 126 199 129 35 144 200 135 183 71 27 130 121 133 163 82 108 68 109 158 32 14 29 192 17 46 114 137 200 195 114 172 58 51 58 184 167 81 36 71 179 80 87 39 75 99 139 123 10 78 159 151 124 184 172 107 172 28 182 97 40 118 136 57 1 60 174 105 152 60 73 147 28 112 36 192 138 48 28 197 75 133 119 142 192 35 71 2 48 42 185 20 77 10 32 64 95 132 21 32 134 34 187 161 181 10 198 121 126 48 58 171 48 90 47 83 67 73 159 36 130 164 41 59 5 123 136 169 58 
169 113 62 111 35 115 62 99 23 89 20 159 113 95 99 154 96 194 51 11 22 166 153 63 30 48 182 112 49 27 64 32 2 47 59 121 105 197 8 100 119 170 152 139 46 18 7 48 168 27 3 103 38 42 162 194 29 1 64 4 122 11 162 117 168 99 33 91 170 55 96 141 125 150 78 95 53 8 43 166 52 122 132 167 10 15 11 124 10 117 175 79 32 118 117 20 115 82 44 158 120 103 200 91 107 113 176 75 116 114 155 35 18 10 196 160 6 33 192 138 195 81 198 59 85 36 100 45 118 183 153 91 183 94 37 98 142 25 89 122 196 69 8 111 182 32 66 29 53 93 
21 20 68 57 142 29 139 173 150 165 187 61 28 99 56 54 197 58 121 26 145 140 45 77 83 112 70 129 54 190 181 30 35 19 196 153 129 74 200 199 75 72 84 64 7 129 47 138 45 53 32 198 95 16 40 90 58 161 158 23 143 88 122 197 95 107 24 123 49 179 16 36 122 108 44 170 158 158 75 168 102 136 7 161 73 127 36 188 75 70 177 162 142 200 95 108 105 138 66 50 57 43 80 2 112 5 46 182 67 82 107 18 136 133 22 89 133 95 40 27 19 106 38 129 82 103 153 6 1 87 177 20 57 180 170 75 69 174 73 187 105 40 45 97 199 88 31 94 143 4 
70 72 42 197 62 28 38 178 128 99 56 54 179 16 18 81 176 36 29 81 51 45 149 43 43 106 32 41 13 193 156 137 152 188 92 42 21 170 160 32 10 46 82 103 93 99 92 8 159 31 88 179 178 42 176 66 45 115 120 80 75 169 190 92 186 159 139 152 173 22 190 191 89 35 27 45 85 85 61 68 125 86 95 115 166 27 108 22 141 53 131 171 115 81 149 116 184 14 76 25 17 29 27 96 141 9 29 34 166 139 188 85 38 19 23 14 25 140 158 39 179 117 195 41 35 141 98 185 85 188 20 43 103 170 90 153 56 109 99 103 190 102 140 44 178 60 123 11 110 117 
117 163 26 109 171 200 119 161 102 173 147 6 32 127 72 188 51 42 140 112 141 160 13 194 180 141 120 157 199 2 153 153 54 133 127 6 151 195 39 65 194 198 72 200 88 2 76 147 100 108 127 62 105 10 155 192 52 55 144 18 89 187 26 195 64 76 176 189 100 93 117 97 192 90 137 168 130 28 25 37 110 175 56 176 110 170 61 120 45 183 159 12 21 30 192 161 61 2 66 126 107 39 92 150 25 133 112 82 54 67 103 138 189 167 95 134 129 176 100 137 101 2 163 95 154 192 184 80 143 54 161 136 138 21 47 165 86 169 136 72 106 142 22 99 86 185 135 52 73 157 
165 154 5 166 37 138 15 128 97 112 134 117 43 86 52 68 147 10 70 94 160 113 175 147 45 194 174 193 93 148 25 108 159 195 178 99 5 97 33 23 32 90 185 183 101 190 24 40 33 163 95 85 95 30 179 198 38 12 97 122 51 115 90 109 200 134 35 135 69 24 127 70 81 99 56 186 135 55 97 136 91 22 34 77 159 81 66 127 12 192 39 80 43 117 48 105 16 141 13 49 186 36 132 55 33 1 149 158 143 78 24 131 13 33 116 185 37 132 57 23 59 39 173 140 161 131 8 89 176 174 121 94 171 3 96 20 129 121 1 4 192 25 15 157 145 98 86 7 37 138 
77 56 116 164 18 168 179 10 123 170 32 200 113 128 37 63 63 109 100 93 104 42 154 112 178 14 187 105 73 113 195 71 105 187 108 191 90 108 2 21 114 10 122 112 127 51 85 77 57 158 179 185 101 73 57 162 166 26 145 171 141 23 176 196 120 189 132 120 33 128 152 152 101 75 77 94 101 101 8 20 41 50 152 40 196 47 116 71 87 173 67 38 122 66 21 61 41 152 114 22 42 10 21 177 126 128 46 96 178 89 180 63 175 38 79 186 59 4 27 10 132 35 138 58 158 63 40 135 126 199 115 165 50 114 93 174 25 96 190 68 165 76 94 100 161 117 169 130 78 67 
133 6 182 5 175 128 143 88 127 35 108 131 119 52 38 10 171 95 37 173 56 172 122 41 177 46 81 178 82 161 180 119 64 144 119 5 84 155 73 34 39 142 48 61 108 84 2 182 104 22 175 10 114 169 82 14 184 11 152 69 30 117 191 91 154 164 85 167 189 87 159 31 112 66 153 162 77 89 63 33 192 177 25 180 84 78 175 139 14 69 30 143 35 143 22 53 170 147 153 32 95 51 94 4 122 20 54 6 148 5 64 20 14 199 142 117 155 136 123 186 148 119 154 183 16 120 171 31 194 137 46 189 48 42 29 114 75 135 58 29 61 122 135 165 104 196 191 94 66 177 
5 57 68 102 185 75 184 161 142 100 90 114 196 144 187 44 183 29 15 24 64 199 141 44 52 9 2 108 149 163 184 70 87 78 43 147 200 114 26 71 48 99 139 177 64 179 175 86 108 84 134 181 53 129 140 103 91 158 164 135 64 109 91 128 80 181 85 154 64 45 47 155 34 121 54 13 159 45 115 18 74 137 172 173 107 167 59 194 177 139 86 103 87 52 168 169 52 53 188 1 125 24 105 4 100 72 57 41 142 170 197 150 149 160 10 90 181 56 188 21 81 42 18 115 12 106 157 49 13 175 1 75 16 45 96 41 42 92 122 65 179 128 140 115 103 182 174 162 124 5 
46 187 46 158 79 102 31 124 39 178 135 189 103 159 46 20 74 55 82 59 176 190 81 50 54 100 55 177 57 54 30 127 30 90 151 5 9 59 161 63 94 5 141 36 129 176 186 92 131 134 89 52 14 82 50 56 94 139 178 53 107 151 88 197 151 104 137 41 152 141 163 22 146 123 101 121 157 80 166 189 129 175 104 140 138 55 186 82 122 120 83 162 46 160 51 95 103 135 146 112 110 170 76 135 17 26 11 90 96 20 146 149 60 33 67 184 78 79 180 100 109 155 107 58 191 63 34 29 52 105 125 182 185 143 131 93 4 32 146 62 56 159 52 29 153 128 200 146 21 11 
76 185 4 64 55 60 21 147 61 117 60 88 91 133 88 69 62 66 17 151 147 199 88 133 9 54 31 95 60 143 133 89 182 145 168 60 182 38 133 89 37 65 56 45 27 104 101 87 188 178 171 92 149 122 124 75 4 131 176 185 44 78 108 119 185 68 178 32 171 92 7 54 133 192 37 27 68 2 11 23 181 91 54 158 93 88 77 144 200 96 109 37 21 185 72 51 191 131 54 155 160 104 186 97 165 106 125 196 101 47 32 76 189 73 137 101 94 110 55 8 35 123 26 193 80 199 200 197 146 63 69 168 27 131 104 137 89 166 15 37 70 56 147 112 141 59 10 31 184 198 
69 107 170 81 163 68 156 49 92 159 15 163 93 61 90 16 164 98 58 105 86 43 66 107 81 114 37 32 50 108 175 98 53 163 84 32 50 148 138 16 16 154 195 159 57 52 197 92 130 11 35 103 44 152 101 135 41 43 193 162 172 50 56 39 116 160 130 6 46 108 139 163 63 100 160 69 140 1 96 136 122 64 160 190 99 127 98 3 41 147 60 194 8 80 194 59 193 167 143 195 48 118 181 63 161 43 65 90 1 104 8 123 79 88 163 137 85 199 186 18 121 66 139 37 10 83 137 60 7 104 197 83 45 112 11 101 108 3 188 129 194 96 84 174 194 143 37 149 183 146 
39 179 83 6 128 160 123 89 127 186 30 114 58 60 166 95 78 85 14 55 145 178 14 173 48 21 18 43 171 75 143 58 147 120 176 52 52 200 172 11 50 178 6 20 23 186 56 95 142 124 3 2 171 157 190 113 145 88 72 32 27 2 36 87 128 100 140 141 44 38 120 9 114 94 106 7 198 23 132 96 47 108 39 188 69 17 13 94 61 21 70 156 63 16 130 87 16 185 163 148 184 176 55 41 80 92 172 114 193 20 106 99 145 58 178 27 17 60 100 63 30 46 48 74 51 193 54 121 193 73 44 155 114 17 124 91 173 163 74 63 77 73 72 10 125 127 23 187 85 153 
12 194 28 109 7 76 9 66 74 140 167 93 53 39 97 34 169 138 166 154 128 25 59 171 46 44 135 130 153 60 32 66 137 95 96 96 47 107 89 146 178 48 160 156 31 190 74 89 66 97 131 101 55 111 162 11 76 2 141 182 11 155 104 92 137 105 10 62 130 96 105 13 38 137 145 23 174 101 147 157 101 71 13 41 46 110 130 60 65 63 143 197 191 2 106 14 54 120 89 160 94 104 80 188 46 28 161 101 193 54 123 178 65 181 65 78 88 145 88 129 200 140 152 130 124 77 117 138 47 129 33 37 153 76 27 108 38 76 183 171 157 167 174 66 14 129 16 27 22 24 
74 85 38 95 26 45 48 18 52 159 125 187 186 64 116 38 175 3 120 8 7 99 70 96 6 139 104 36 85 172 64 62 44 8 38 176 94 29 103 83 22 73 83 190 9 176 45 81 4 87 76 8 5 123 190 84 175 156 191 48 153 161 157 46 175 50 140 36 198 102 182 87 200 112 75 95 86 186 88 81 187 52 69 187 11 166 79 100 92 69 73 104 168 94 55 25 21 54 197 124 31 123 175 34 139 191 194 101 17 18 59 180 12 140 8 190 39 94 51 192 56 116 13 64 105 86 9 58 168 142 20 71 112 196 100 80 132 55 90 98 71 38 171 184 10 78 137 27 124 111 
75 131 170 49 85 118 6 188 31 80 42 2 102 193 129 149 134 107 53 64 166 29 29 156 141 168 37 131 21 124 194 68 195 84 123 172 9 166 19 91 89 74 196 31 5 14 138 134 61 140 28 45 171 36 15 168 46 162 61 29 180 83 39 164 193 97 129 156 29 104 102 117 12 97 34 178 66 90 154 90 34 19 99 102 94 24 29 17 96 102 111 61 154 47 104 140 9 140 150 10 125 39 91 101 104 68 137 193 140 169 83 196 155 170 119 51 24 4 199 43 164 88 114 169 27 155 16 42 111 52 117 68 37 90 147 14 32 112 161 118 116 19 93 107 115 143 96 163 102 192 
144 116 12 134 171 121 39 89 106 136 30 15 138 199 89 51 168 49 133 155 27 171 39 196 98 134 161 4 19 158 87 40 92 101 147 116 51 89 182 153 10 128 167 50 184 140 21 108 171 113 38 66 52 10 117 131 67 56 1 101 128 180 36 198 58 1 44 128 51 173 160 56 60 2 113 177 191 40 180 56 90 152 2 58 187 113 30 82 138 128 161 169 168 194 157 130 37 160 132 50 61 146 177 152 60 5 22 40 14 127 42 191 151 9 11 200 19 100 187 156 47 19 171 197 143 78 90 30 127 110 101 99 59 117 133 110 194 183 148 59 64 64 142 125 128 119 17 40 121 102 
58 97 100 41 45 6 171 148 152 8 49 5 179 124 32 37 101 63 80 114 126 164 100 4 55 43 176 148 35 50 10 141 63 95 109 180 5 52 53 68 10 40 164 163 180 11 154 59 52 59 192 61 177 36 9 128 58 106 29 123 168 86 34 78 26 168 150 100 168 15 90 28 173 170 142 17 88 189 58 46 105 38 92 12 66 101 110 196 41 35 30 198 106 74 153 117 169 193 100 69 91 126 189 128 101 147 107 138 131 157 7 103 158 14 168 36 156 193 136 7 57 187 123 69 161 172 90 159 112 77 188 199 122 100 18 152 52 36 104 190 42 172 181 137 73 137 50 72 193 196 
103 38 7 137 155 199 59 125 2 107 128 26 72 144 72 99 146 29 109 89 59 132 158 19 50 159 33 89 60 166 60 103 34 158 116 126 128 2 47 107 80 12 13 187 109 95 48 50 179 49 181 94 167 177 192 199 54 52 13 170 200 135 193 135 21 42 167 50 71 68 24 65 167 52 148 73 160 171 19 96 167 10 192 195 176 120 15 85 153 162 161 43 81 98 3 113 144 166 150 73 102 186 186 197 172 146 196 127 128 29 11 10 129 180 150 45 50 97 106 52 184 83 36 37 155 199 33 32 138 80 146 132 56 185 176 127 110 64 187 143 120 65 175 98 70 108 34 17 190 32 
4 107 129 82 146 191 42 40 198 35 40 73 119 102 179 56 40 87 90 133 11 137 37 170 21 199 137 131 183 90 80 92 64 167 103 133 65 66 189 84 137 61 51 112 162 146 96 159 55 101 154 155 115 165 77 98 184 170 149 48 73 117 134 44 80 123 16 120 36 139 97 170 8 126 161 149 13 8 157 70 23 164 82 128 122 143 178 99 132 172 124 159 66 117 4 100 16 98 191 25 104 125 59 78 194 102 80 39 169 7 160 41 40 73 135 63 17 63 113 124 43 49 187 198 113 98 138 53 142 125 53 157 127 140 38 9 51 137 3 79 150 152 66 119 179 132 27 56 142 146 
108 134 60 148 22 147 12 34 27 59 27 190 139 38 54 183 13 23 199 120 22 10 183 138 43 177 94 106 196 55 8 64 119 181 115 125 102 180 141 5 1 101 24 11 152 18 154 145 5 41 5 13 186 165 123 48 196 187 76 59 2 16 60 181 90 14 13 183 50 154 4 144 181 17 107 145 182 19 140 1 1 96 18 89 86 23 46 93 35 155 69 46 6 132 7 197 56 98 49 49 128 34 53 78 166 20 154 14 195 146 31 145 4 36 17 86 9 18 51 148 2 183 124 147 197 161 6 77 185 95 103 169 102 78 189 126 98 8 142 116 97 135 60 8 78 45 121 155 102 107 
15 186 150 31 133 124 133 118 13 125 115 109 125 197 30 193 16 83 71 5 174 24 95 137 70 13 121 170 63 158 158 28 100 157 36 116 133 154 162 162 168 128 126 92 47 170 163 110 187 122 67 60 171 33 58 147 150 4 184 33 78 34 67 200 92 155 163 175 103 87 154 123 162 164 142 187 7 25 40 25 192 81 180 85 32 117 4 191 18 12 2 108 73 79 100 177 28 138 1 24 74 99 182 72 101 182 3 74 171 82 85 111 139 31 56 30 96 182 13 111 44 64 118 105 9 175 135 35 117 25 128 185 169 20 82 56 150 16 127 143 100 111 184 78 70 68 175 30 173 149 
84 2 119 88 11 47 131 194 86 173 134 153 86 81 135 37 65 187 32 175 169 9 62 84 163 95 171 159 3 78 10 163 114 64 126 39 144 101 75 112 9 168 131 7 68 8 193 158 59 123 133 82 134 99 108 36 97 60 166 93 150 63 185 93 6 102 143 197 93 142 44 17 60 64 190 52 121 97 15 186 116 38 47 62 9 157 99 42 46 55 80 180 189 154 22 33 125 71 147 61 42 38 41 90 40 55 133 11 91 10 103 34 168 188 164 151 15 141 186 96 65 140 72 98 66 186 60 159 95 133 5 187 76 84 132 152 192 25 52 199 63 22 19 167 170 186 89 159 92 39 
100 68 46 24 98 14 2 135 97 52 44 124 188 196 168 59 108 198 15 105 81 92 20 199 123 80 83 154 63 141 42 140 128 139 76 129 198 128 64 122 73 6 49 14 167 174 51 72 1 78 153 162 37 154 26 112 158 19 72 61 169 120 131 113 126 89 76 125 140 100 45 174 135 188 72 90 146 191 70 159 160 143 49 134 150 9 8 171 194 106 197 159 140 80 133 64 44 197 18 179 79 132 16 82 175 157 151 61 3 51 80 125 198 2 133 102 10 139 37 52 106 109 154 35 137 72 25 44 21 170 68 97 81 97 69 55 119 86 11 3 136 4 65 35 132 96 133 105 5 72 
39 88 174 18 69 138 105 181 110 82 169 57 37 150 138 121 11 54 22 14 155 11 60 24 164 91 106 83 100 177 189 22 52 19 65 80 9 160 118 55 184 16 90 114 33 8 171 42 2 72 87 21 24 4 65 189 177 18 185 26 138 169 36 131 36 118 200 142 21 66 94 84 16 112 102 95 37 116 193 33 123 81 148 184 116 154 102 156 66 85 103 138 90 134 134 8 62 77 23 84 154 192 9 160 70 91 140 190 83 152 35 71 147 158 5 147 45 141 25 51 64 3 147 43 157 156 98 62 154 106 78 140 33 1 9 59 145 11 186 141 50 8 169 166 107 92 47 83 20 66 
12 58 94 18 60 53 8 148 165 37 35 140 115 11 67 90 166 134 52 51 103 24 118 6 176 84 192 17 50 162 188 133 188 177 131 122 148 98 134 195 171 12 3 31 12 132 144 86 60 8 160 107 197 131 196 65 125 193 135 129 115 101 134 85 186 107 197 118 46 1 99 168 190 74 43 124 135 50 163 40 191 73 172 161 168 55 177 111 87 86 190 142 180 200 134 188 168 164 110 61 53 10 182 156 15 62 45 79 138 21 22 132 57 185 43 161 49 40 178 196 15 118 174 132 15 2 139 159 136 132 24 68 73 85 200 122 21 64 52 121 167 141 7 4 124 6 36 126 70 133 
136 152 38 150 169 9 152 154 58 28 82 106 134 26 30 50 32 152 106 144 50 69 54 81 81 130 39 101 163 165 191 170 110 199 23 139 101 58 119 18 23 104 163 1 51 35 2 174 159 44 51 126 181 93 104 107 59 27 185 1 159 120 134 40 99 7 99 99 178 94 109 137 178 48 151 100 94 90 23 19 168 80 2 101 181 153 151 92 190 3 51 153 90 15 75 44 177 131 25 159 102 84 118 189 44 189 55 107 73 72 20 167 31 168 131 138 133 135 140 159 155 31 174 137 82 99 182 12 94 98 191 86 48 74 12 195 33 157 54 69 160 187 30 83 167 158 72 141 22 51 
185 14 87 132 21 137 50 114 194 77 195 163 107 163 145 99 110 150 8 90 98 73 15 144 101 170 47 26 93 25 68 49 186 47 20 167 54 45 36 129 45 165 61 186 141 11 85 184 72 164 14 152 117 144 10 192 110 23 71 55 188 194 54 105 140 8 67 139 18 197 119 41 114 136 88 12 166 140 136 105 76 138 92 29 166 192 5 15 115 15 79 67 171 186 197 113 80 194 25 141 93 84 175 124 19 70 128 123 123 199 16 8 185 65 108 44 39 17 158 47 180 31 106 1 62 57 127 51 35 126 182 185 51 132 154 119 96 71 167 119 68 142 184 132 146 99 6 7 71 100 
148 144 63 71 168 197 143 59 75 189 103 35 162 168 33 178 98 172 37 165 38 79 151 93 192 111 83 97 55 197 124 86 89 200 189 189 140 88 173 192 13 159 84 90 155 75 42 154 130 47 16 171 88 84 53 8 78 83 88 58 45 192 188 87 180 64 34 185 19 122 139 147 89 97 61 184 126 79 109 192 184 78 185 157 91 85 87 172 85 197 179 51 6 53 39 50 133 102 134 30 120 12 161 158 61 69 108 181 69 196 186 57 184 177 167 45 72 77 119 155 26 99 76 122 112 48 192 95 158 166 146 119 170 147 136 162 119 192 41 25 70 119 137 44 87 145 162 106 68 40 
85 137 55 126 9 177 137 61 126 193 197 144 84 155 175 179 195 146 38 126 143 152 77 121 57 40 4 63 137 176 87 40 127 106 109 97 83 110 144 64 160 14 11 145 50 51 91 61 70 114 155 98 177 176 141 41 159 154 128 74 34 118 115 90 189 64 31 56 165 105 32 113 35 104 28 30 60 39 65 12 196 45 197 86 140 16 45 152 94 156 7 86 120 118 31 64 63 160 181 31 74 129 12 119 65 132 52 10 79 18 170 87 103 169 80 34 34 71 90 106 11 183 75 151 18 165 70 3 99 54 90 64 137 53 36 115 161 30 124 109 1 58 53 184 177 47 127 36 93 110 
123 98 8 146 189 190 100 199 98 134 1 66 45 119 106 128 93 73 144 180 101 91 75 171 124 78 32 86 187 158 120 21 31 100 139 143 6 156 129 86 27 79 164 119 27 90 8 40 117 169 102 13 137 44 189 140 43 74 126 103 114 36 12 41 31 104 147 173 191 8 159 129 146 21 53 174 44 77 36 192 59 96 118 124 96 184 132 188 51 136 47 198 39 62 159 23 122 125 21 12 67 52 15 167 84 19 195 112 163 107 141 137 19 24 31 76 124 131 95 200 142 66 93 111 86 14 99 92 178 30 195 79 27 131 12 19 4 152 60 9 97 97 112 26 117 157 78 171 161 53 
31 175 40 68 96 77 65 83 67 11 49 197 14 178 187 61 27 119 56 194 142 184 95 68 105 113 184 142 1 114 23 44 167 181 55 113 101 122 179 69 5 4 16 188 64 128 169 124 52 199 119 116 78 145 171 184 10 36 36 53 162 101 87 157 74 6 180 116 76 82 43 178 79 160 61 2 10 101 44 103 113 76 169 84 188 42 58 140 98 137 9 75 147 101 194 135 124 135 56 184 25 31 15 78 133 103 113 124 15 58 12 160 135 175 54 39 47 54 43 185 54 121 99 17 98 172 185 65 7 190 171 53 5 21 36 53 131 92 36 195 60 54 65 27 40 44 162 84 96 183 
36 99 55 10 18 159 61 62 39 27 70 73 188 132 154 199 90 83 46 174 77 69 146 113 55 74 73 146 119 32 68 158 31 14 25 131 128 186 60 65 21 119 26 97 174 74 140 112 121 180 1 126 116 2 78 107 167 139 98 156 45 129 11 149 129 79 133 84 131 17 88 17 189 176 141 54 172 85 128 2 135 18 72 55 40 166 143 106 55 29 86 90 16 109 124 142 86 149 5 121 95 135 15 20 62 29 53 180 150 116 199 26 50 188 146 174 56 27 142 120 58 4 183 38 44 173 91 30 179 67 87 39 171 172 168 141 171 193 12 5 109 98 104 125 62 197 199 145 7 33 
122 170 140 152 200 95 1 29 64 141 93 137 39 51 75 189 26 54 14 15 98 120 68 105 145 25 109 45 141 63 107 179 198 182 129 69 49 80 7 140 69 2 155 143 44 171 114 79 106 60 142 44 155 105 107 193 10 122 162 41 2 136 195 29 59 54 71 48 143 185 20 129 52 119 138 145 128 2 49 1 7 62 61 152 76 180 89 131 70 120 89 46 127 18 178 182 73 199 99 59 71 129 145 167 42 173 170 189 12 36 30 163 75 111 196 97 4 175 62 50 10 140 183 53 31 188 69 80 9 4 49 173 92 10 194 123 181 101 71 10 17 129 125 5 180 12 177 163 40 124 
146 147 102 59 140 110 56 66 42 175 49 4 194 179 53 19 3 64 73 108 90 77 68 131 133 73 38 199 76 197 134 90 175 187 6 181 63 120 129 49 31 173 61 117 162 18 171 106 134 90 105 9 8 94 198 75 104 83 103 153 62 46 71 175 188 19 153 114 67 157 128 176 77 129 113 93 29 72 86 114 147 58 77 148 167 41 23 81 117 59 100 39 131 179 153 49 157 181 99 78 28 106 103 130 57 45 43 173 118 3 1 41 64 159 45 138 110 196 120 48 117 93 157 151 23 145 34 65 144 63 186 124 57 4 82 135 188 36 135 84 82 87 156 135 39 91 103 194 22 200 
104 36 64 150 200 5 52 20 133 105 153 102 48 1 180 106 188 189 172 60 153 49 165 43 29 87 47 115 145 47 192 61 25 65 141 49 31 13 160 62 74 92 147 52 25 17 51 127 61 35 52 149 192 184 168 146 82 27 53 143 68 161 141 148 51 156 171 74 24 95 104 154 159 190 200 86 30 156 71 149 186 191 200 131 107 6 60 28 62 10 76 17 179 156 119 157 143 79 156 126 29 101 7 117 92 20 160 162 6 101 128 70 193 189 123 181 89 6 189 87 61 192 171 131 147 193 95 76 159 74 85 150 179 13 63 194 175 82 53 174 87 130 78 156 20 48 64 198 141 184 
47 140 151 101 103 146 47 115 44 161 11 29 28 3 42 38 180 108 197 44 178 66 81 191 185 92 30 155 21 105 165 140 54 111 146 1 21 159 93 52 14 4 184 43 185 143 177 111 179 154 90 123 173 50 157 65 143 30 159 70 153 82 58 137 185 13 110 121 20 3 104 136 18 181 94 66 46 141 88 180 4 60 60 196 184 112 75 123 40 39 4 49 30 91 5 6 138 47 72 154 45 77 147 194 41 102 112 161 45 63 100 66 94 24 27 45 101 36 103 23 61 73 119 164 180 162 75 49 194 135 163 146 79 22 134 3 79 88 25 165 72 76 105 76 95 105 136 180 95 84 
43 109 46 64 158 29 74 136 48 123 129 152 122 147 14 32 52 179 125 89 98 108 75 45 108 14 45 44 142 159 111 180 172 109 5 164 122 162 180 31 150 13 35 35 102 1 166 51 131 110 41 66 61 199 198 95 48 141 77 13 133 60 107 33 57 165 92 117 140 18 38 65 183 17 50 79 103 147 124 118 121 197 168 93 24 140 47 28 161 35 16 120 14 67 38 11 140 140 166 92 13 80 104 56 105 19 13 36 109 61 91 172 43 38 12 184 155 191 105 100 117 160 147 34 143 54 133 63 163 67 77 150 159 85 15 99 157 154 164 103 190 54 101 138 158 126 5 135 58 193 
155 60 20 114 120 171 112 138 124 130 45 182 200 7 26 119 151 79 149 183 10 171 147 134 137 54 24 64 156 93 20 89 33 172 95 49 165 131 151 111 27 85 66 150 78 63 123 145 17 192 189 166 113 158 129 149 29 92 190 182 171 96 33 59 82 154 83 129 166 36 40 33 94 60 117 69 104 59 79 85 14 189 34 85 156 34 146 9 65 200 87 48 67 40 148 181 184 107 72 78 4 18 64 40 138 19 139 172 169 178 25 2 111 62 141 26 188 67 95 191 4 186 200 5 5 189 23 26 120 51 159 119 17 91 154 114 166 136 160 162 193 69 179 60 137 99 108 83 169 52 
24 66 131 153 194 189 26 107 80 123 126 67 162 187 70 4 93 77 44 26 113 82 88 92 178 52 137 198 36 157 44 106 9 95 172 106 131 5 197 178 110 125 14 144 160 2 130 89 63 56 195 60 64 90 134 97 121 15 37 33 7 41 83 108 1 132 79 4 165 46 111 28 127 197 96 35 61 148 50 107 167 189 106 25 17 21 70 79 106 102 156 152 17 103 174 9 6 89 73 123 117 94 109 37 105 115 7 152 169 45 45 112 190 77 50 117 151 134 190 183 90 108 1 188 167 14 60 125 141 77 17 57 118 79 163 122 122 163 85 153 131 151 133 81 102 122 73 94 154 164 
141 97 162 101 82 43 29 51 131 3 101 169 175 18 91 122 124 164 98 124 97 32 172 186 55 16 44 135 141 99 102 43 138 109 24 101 122 6 124 174 140 46 125 27 3 127 58 200 199 134 72 113 96 113 55 144 79 24 48 54 67 156 84 130 145 162 87 46 162 40 78 106 64 199 59 151 58 12 55 120 87 80 27 134 70 71 85 110 56 9 16 94 23 76 181 134 125 50 181 152 189 132 76 13 134 16 186 13 159 77 152 1 63 143 40 38 31 72 58 127 133 184 154 95 16 187 16 107 21 44 152 90 135 6 83 35 110 7 37 68 88 61 85 81 73 19 49 69 33 187 
7 21 110 154 79 23 138 200 160 43 72 61 29 67 33 131 87 91 100 166 187 170 36 59 38 74 53 13 121 101 87 3 21 15 124 11 186 25 139 51 132 183 182 83 101 73 163 3 142 46 183 81 98 78 60 188 11 97 79 86 83 39 57 20 165 9 169 169 52 36 27 197 63 114 16 187 72 32 13 99 22 129 154 136 195 148 127 182 54 132 61 11 153 30 6 30 134 102 193 92 188 44 161 84 169 166 84 74 85 75 124 30 133 154 177 101 133 132 40 167 125 153 46 126 23 67 90 198 189 53 83 151 131 197 110 87 71 13 10 40 197 9 188 116 69 151 138 83 47 178 
109 64 104 167 20 162 134 177 160 81 40 57 101 141 95 172 181 103 107 113 141 156 48 65 192 112 2 87 141 88 179 161 76 156 36 64 156 68 114 37 65 162 154 191 144 127 4 161 86 29 57 85 108 141 199 124 135 81 144 10 111 131 171 103 170 103 115 159 94 101 107 163 23 158 164 79 36 24 183 9 92 90 102 37 16 170 171 20 157 32 135 49 139 124 87 140 49 76 193 192 141 147 84 131 148 160 40 64 91 26 8 29 9 153 181 81 146 52 100 66 156 110 7 91 70 50 163 47 71 61 141 141 158 148 119 134 171 152 54 157 37 22 53 164 164 32 187 18 80 187 
167 97 62 188 101 153 28 134 127 22 188 71 55 176 99 144 111 82 3 12 28 121 111 125 72 55 153 29 110 63 195 73 54 25 11 167 81 132 32 44 103 173 105 93 77 44 67 16 88 164 152 119 59 177 8 187 20 174 173 115 39 138 73 150 116 5 84 120 34 179 18 36 194 193 130 95 18 80 31 4 66 122 180 90 32 198 68 135 56 171 85 117 196 198 20 3 79 123 59 42 41 30 29 147 181 179 140 191 86 195 91 113 117 79 125 57 81 158 199 30 32 30 46 14 66 85 130 29 125 185 107 145 44 107 129 100 117 78 25 127 190 99 92 190 143 36 109 97 59 86 
9 183 124 168 194 195 55 25 105 153 53 103 129 151 148 46 29 186 55 172 50 27 18 45 161 2 184 101 86 158 72 165 13 119 9 97 180 197 60 133 135 200 176 53 90 156 63 170 168 48 55 23 179 90 154 155 4 74 62 120 178 32 134 84 34 95 148 168 190 115 116 171 41 24 82 160 104 74 94 31 159 159 85 193 130 39 1 65 178 147 160 138 118 50 184 92 162 156 166 41 174 41 129 141 81 60 39 128 61 79 93 88 50 42 74 69 13 28 45 118 194 167 11 115 107 117 58 195 190 160 1 69 74 109 9 110 130 198 75 190 45 178 29 70 29 199 131 41 10 64 
180 1 168 76 163 5 98 123 194 79 96 162 133 181 173 177 155 153 61 66 10 156 200 21 138 62 32 52 75 136 162 15 60 50 103 4 171 53 3 129 137 146 179 33 5 1 160 43 115 33 33 198 82 49 153 50 36 184 188 14 13 40 138 9 112 101 180 142 188 140 3 22 88 97 72 170 102 191 143 47 43 162 89 4 163 51 134 127 173 114 190 96 84 88 147 193 151 135 90 158 121 76 153 54 184 2 118 99 64 58 90 131 24 190 195 156 23 185 169 138 13 111 171 139 11 73 157 53 53 190 81 19 26 173 45 53 186 100 37 159 142 9 128 59 9 172 160 52 197 84 
14 149 133 60 139 72 42 5 175 110 153 159 42 3 147 163 50 138 181 8 120 168 6 89 18 4 16 84 162 11 87 146 15 89 169 150 22 168 199 142 130 164 46 183 88 186 83 15 4 147 74 137 156 81 91 125 138 112 175 163 20 31 191 10 197 83 107 192 177 9 120 196 111 54 56 111 151 136 23 29 22 92 146 182 103 159 65 86 35 71 68 3 131 140 107 8 129 125 106 45 88 186 42 27 149 153 23 67 78 42 122 159 15 6 80 129 184 95 105 14 38 124 120 121 14 52 176 116 151 186 165 140 120 142 183 157 65 163 84 189 151 178 58 198 149 30 59 183 63 154 
143 154 133 147 188 100 25 85 164 38 133 1 122 52 73 192 185 134 195 137 87 123 184 132 131 195 185 153 138 108 145 98 9 9 35 109 14 130 79 126 88 74 46 18 142 132 53 196 124 89 191 156 126 101 122 177 116 129 74 192 1 151 60 145 138 82 15 25 53 156 30 2 148 127 183 200 10 18 20 22 59 65 44 71 133 136 105 39 107 9 182 17 115 144 163 37 146 5 153 135 167 37 87 138 95 197 49 49 161 88 130 187 64 69 200 142 28 123 182 200 33 20 22 163 84 55 47 17 40 167 46 36 41 86 105 60 159 42 78 117 71 169 171 70 131 167 11 107 83 107 
173 179 114 86 66 139 99 156 47 8 170 192 46 92 12 156 147 109 142 16 200 185 147 49 190 123 130 62 72 161 75 194 172 24 168 138 79 125 123 104 36 174 105 170 164 191 31 189 86 173 108 176 169 165 7 22 78 72 31 126 12 138 142 178 159 78 41 197 156 120 5 158 11 68 155 68 51 179 115 142 194 120 181 2 51 126 146 161 150 54 127 25 76 200 77 42 152 166 23 186 129 162 120 30 54 140 92 174 187 169 147 150 190 44 123 30 109 146 2 16 101 68 20 60 129 80 66 70 131 98 143 4 161 147 197 79 134 144 180 42 22 200 113 163 67 93 168 106 129 141 
140 101 21 81 195 116 48 8 171 123 133 149 74 91 99 80 90 34 84 169 117 40 104 51 77 115 145 115 47 54 82 152 167 131 100 11 172 199 192 116 122 162 6 180 125 108 183 25 188 147 105 77 81 72 2 26 54 4 42 171 126 197 38 40 12 199 10 161 166 177 92 97 18 36 119 12 191 71 156 100 138 120 77 188 145 169 102 197 176 1 11 111 14 19 52 180 191 98 156 153 145 127 173 76 60 142 156 29 34 95 180 45 94 106 54 52 198 86 15 180 136 70 141 124 197 159 116 72 7 132 133 45 78 183 115 33 124 198 171 149 54 163 153 171 197 64 39 86 26 78 
41 113 32 75 103 132 44 169 174 100 151 165 154 94 108 99 49 175 26 2 55 186 187 128 155 110 6 13 131 128 108 23 80 106 19 117 152 109 83 9 187 50 192 105 74 25 158 97 75 121 166 57 41 115 5 132 18 100 164 190 195 62 78 182 152 95 29 36 147 75 114 82 41 160 28 155 166 85 200 189 57 156 169 82 94 194 97 29 155 33 137 40 106 173 108 92 114 68 8 154 139 169 114 153 3 9 23 87 200 132 128 80 153 133 95 144 8 161 116 101 106 179 139 35 16 58 100 167 33 165 31 69 9 13 45 30 103 61 17 21 139 167 183 146 170 42 59 26 117 31 
67 93 168 1 17 199 184 195 158 3 83 133 2 196 46 54 6 136 24 105 108 166 66 17 8 99 34 69 41 61 8 3 113 194 197 60 28 62 147 66 49 144 79 100 196 84 87 1 129 65 72 173 198 8 132 152 193 179 140 122 76 119 82 168 186 34 14 189 83 158 179 187 171 140 36 193 91 54 77 17 129 161 109 64 90 67 31 115 142 68 53 142 14 184 45 139 139 124 170 81 171 100 35 79 125 188 174 26 27 168 11 36 136 33 63 162 186 197 108 1 15 185 35 181 128 17 5 140 98 178 187 96 172 95 72 45 50 60 17 2 93 14 34 178 30 199 134 63 137 190 
43 119 180 115 113 11 4 17 134 7 64 52 143 134 88 23 75 23 140 162 76 82 12 147 188 16 178 148 146 138 60 154 196 199 116 136 178 129 72 89 189 28 2 147 11 102 67 197 175 195 110 17 115 193 96 108 133 106 177 15 150 83 26 67 16 36 110 85 124 14 52 34 83 90 28 76 158 58 33 22 194 61 45 148 49 108 185 42 77 85 7 65 190 75 119 192 116 82 18 14 50 77 77 74 72 99 199 49 67 80 88 122 175 166 3 82 56 96 22 186 92 2 167 76 149 123 65 109 108 88 176 83 189 87 100 188 148 114 121 78 1 91 157 96 16 40 162 106 37 91 
100 112 192 30 156 97 122 193 34 34 130 44 193 102 130 124 21 126 172 122 178 183 188 128 138 148 32 15 194 13 181 28 27 54 49 12 30 14 36 110 185 79 163 151 43 113 19 138 157 81 87 168 7 22 34 54 45 11 79 168 75 153 63 180 96 49 101 141 44 192 117 64 8 15 119 5 40 66 95 48 40 40 18 167 138 74 181 166 24 93 60 18 159 72 85 139 62 113 8 92 94 133 190 90 28 111 196 97 104 21 51 143 65 188 27 24 27 56 134 122 30 16 119 71 127 152 7 46 5 94 86 194 166 98 18 4 32 171 186 176 154 138 171 1 78 92 142 80 163 172 
63 189 76 34 50 126 184 194 27 99 8 60 138 56 160 163 33 150 84 102 179 155 48 195 148 52 113 75 133 119 86 193 64 152 4 162 61 176 26 147 102 51 174 88 26 111 133 160 117 113 130 71 63 82 16 58 183 103 187 174 122 197 38 28 169 38 184 24 123 181 35 76 12 52 97 91 146 84 132 69 64 81 9 111 164 27 145 44 74 199 13 31 200 31 81 134 98 168 146 77 63 45 107 33 109 3 108 67 130 188 105 36 24 7 157 58 57 177 148 164 133 7 41 13 81 18 180 139 131 92 161 74 102 23 30 168 131 191 43 186 142 180 176 39 168 137 96 110 73 106 
