125 2
0
0
1 37 87 559
2 37 176 -315
3 39 75 339
4 40 107 682
5 43 59 397
6 66 28 66
7 86 127 848
8 145 133 -121
9 174 190 934
10 190 27 352
11 201 193 587
12 263 37 189
13 274 125 524
14 331 91 695
15 383 155 1313
16 402 127 1418
17 431 19 583
18 436 57 436
19 437 167 1773
20 445 97 1221
21 452 5 452
22 459 26 563
23 463 85 1143
24 465 150 1665
25 483 181 121
26 521 48 905
27 525 171 525
28 526 119 288
29 579 197 973
30 623 169 1637
31 626 23 580
32 626 96 1010
33 646 65 1166
34 663 108 447
35 704 103 498
36 712 145 712
37 719 92 903
38 740 49 642
39 762 163 1088
40 787 4 819
41 788 140 1908
42 789 39 1023
43 792 19 906
44 797 100 1597
45 806 9 788
46 809 75 659
47 893 36 821
48 964 141 682
49 973 33 1237
50 1000 90 1360
51 1004 107 1218
52 1018 107 1446
53 1021 156 2269
54 1033 95 1033
55 1040 115 1960
56 1041 32 1169
57 1053 135 783
58 1057 8 1057
59 1111 27 1165
60 1123 191 1887
61 1141 120 1381
62 1156 189 2668
63 1176 120 2136
64 1187 129 1187
65 1212 98 1016
66 1272 125 1522
67 1305 38 1229
68 1309 121 1309
69 1314 76 1162
70 1316 139 1594
71 1322 89 1856
72 1346 172 1002
73 1368 29 1600
74 1410 146 1702
75 1434 162 1758
76 1491 88 1315
77 1511 61 1633
78 1515 69 1791
79 1520 140 2360
80 1532 64 2044
81 1574 173 2612
82 1576 61 2064
83 1629 133 1895
84 1654 102 2266
85 1657 126 1405
86 1683 23 1867
87 1698 165 3018
88 1699 146 2575
89 1699 41 1781
90 1740 98 2328
91 1798 78 1798
92 1871 137 2693
93 1877 132 2141
94 1885 179 1885
95 1965 194 2741
96 2014 140 2854
97 2038 108 2686
98 2045 19 2045
99 2046 186 3534
100 2046 44 1958
101 2046 141 2046
102 2090 187 2838
103 2099 34 2167
104 2126 148 2422
105 2157 126 2409
106 2196 112 2420
107 2206 200 3006
108 2230 34 2502
109 2257 177 2965
110 2263 177 3325
111 2273 61 2395
112 2304 194 2692
113 2331 51 2433
114 2333 19 2447
115 2339 2 2355
116 2359 86 2187
117 2379 20 2419
118 2387 46 2295
119 2390 55 2500
120 2401 45 2761
121 2443 64 2827
122 2450 60 2810
123 2462 32 2398
124 2493 55 2493
125 2494 93 2866
74 59 11 62 185 63 115 190 154 160 25 135 193 59 183 161 33 149 182 154 95 200 48 67 172 155 130 20 58 170 57 65 167 101 12 120 185 154 176 61 122 126 85 98 124 4 128 169 107 84 98 57 52 56 114 76 145 128 200 178 143 11 62 172 113 84 144 111 191 40 149 4 63 199 92 23 187 143 114 48 2 155 140 120 71 197 163 63 46 63 102 20 63 140 130 200 146 126 185 150 165 198 167 104 31 12 126 59 114 8 104 57 141 186 164 56 169 145 88 64 68 109 53 63 107 
134 101 95 115 145 94 74 131 103 161 80 86 56 198 42 6 118 3 9 62 113 95 7 122 61 172 197 52 171 135 54 181 181 112 79 27 74 27 183 134 43 137 7 150 186 103 65 154 69 170 137 77 15 37 112 136 183 22 158 123 3 196 156 199 29 109 58 121 128 55 76 116 78 143 15 101 28 79 18 11 131 18 187 18 38 53 96 19 199 19 69 144 126 188 79 26 144 128 30 152 157 102 1 187 155 195 113 27 73 63 68 71 121 107 59 98 7 121 51 12 27 105 111 145 11 
182 93 52 8 81 9 145 116 115 149 163 179 77 165 99 80 73 95 92 27 137 195 193 21 175 155 147 141 68 144 13 179 27 126 139 120 69 192 14 161 137 171 124 102 144 25 24 58 146 142 167 190 13 24 36 168 33 154 27 114 11 3 32 119 122 143 24 26 73 26 134 119 20 109 25 66 135 44 102 105 99 142 102 192 173 185 190 59 120 159 4 21 103 57 77 185 56 100 6 53 17 185 140 100 16 20 56 193 16 16 111 87 108 174 4 114 176 184 115 139 11 162 120 43 52 
89 112 1 84 49 126 118 15 147 30 45 177 93 126 33 179 142 150 4 6 69 186 121 135 137 107 24 4 72 3 38 78 68 141 185 139 151 7 9 62 36 156 97 22 15 132 24 143 124 1 2 152 124 166 154 63 174 52 108 139 130 116 136 190 126 95 120 188 85 199 49 150 172 109 151 197 89 5 41 200 22 85 11 147 20 89 38 28 80 160 50 141 184 106 135 165 29 184 84 36 68 144 141 49 160 18 63 28 60 188 118 161 159 14 169 30 141 65 54 116 96 38 30 107 156 
179 123 79 46 30 110 163 138 184 168 75 36 183 73 95 167 9 70 102 88 53 90 108 99 59 26 88 8 143 136 91 37 91 90 167 17 44 92 25 136 193 38 24 56 31 138 189 170 151 137 62 130 29 25 106 146 169 143 157 117 97 16 134 183 98 180 112 82 142 169 1 33 2 57 164 199 45 137 52 52 134 56 91 121 166 92 9 175 159 64 75 49 184 131 92 180 97 156 127 193 81 121 24 157 174 58 46 187 122 16 139 133 69 117 34 3 56 153 90 85 182 24 181 109 84 
90 94 134 183 154 2 188 136 7 82 114 145 14 179 153 61 113 110 101 147 58 178 165 76 52 122 83 70 154 9 51 175 76 33 54 38 162 36 35 126 67 182 117 132 9 23 121 25 99 37 24 145 9 34 52 200 103 93 174 136 159 150 121 98 60 200 25 72 74 61 18 158 77 63 68 3 20 21 39 109 186 126 52 64 182 47 177 94 116 126 159 87 64 120 161 6 141 9 154 200 57 106 118 71 34 4 139 37 21 123 172 13 193 152 148 18 111 22 149 53 26 77 133 131 198 
87 159 60 199 164 113 126 88 24 35 138 42 48 107 148 193 129 32 169 171 5 190 22 84 125 112 57 192 114 30 44 151 168 186 149 71 57 116 157 44 101 181 120 33 195 65 98 171 172 139 23 64 169 12 161 194 151 28 188 57 76 138 197 57 29 118 190 175 38 18 106 101 141 184 150 178 112 60 93 96 139 126 160 128 101 199 178 45 117 74 90 59 9 166 65 193 9 8 72 8 42 179 101 47 47 147 144 71 38 167 2 149 167 171 6 152 178 36 100 153 120 106 35 4 106 
91 183 77 144 105 154 95 100 90 135 124 27 60 126 144 117 8 85 18 48 69 13 57 145 59 66 124 57 128 135 33 151 84 148 80 161 104 20 178 118 84 7 131 157 86 134 13 4 54 90 50 125 82 117 113 57 142 190 107 34 106 18 189 131 61 53 15 147 26 126 64 109 194 192 132 184 124 108 15 141 96 4 3 142 101 91 147 79 65 195 137 59 28 122 174 15 35 2 55 47 104 155 179 138 3 200 175 199 148 140 192 79 96 134 5 13 20 38 63 123 157 102 106 165 76 
72 177 27 4 187 194 84 60 77 99 6 78 95 44 68 16 47 42 100 170 98 114 19 172 138 16 95 40 119 199 23 11 164 66 139 147 89 141 12 71 103 49 103 163 86 173 155 63 195 73 54 35 137 162 131 193 185 129 53 80 59 98 24 67 116 194 166 164 15 84 184 15 106 61 86 200 65 32 47 116 25 191 43 65 131 75 179 112 151 199 38 136 86 153 137 186 168 92 109 174 18 104 75 123 177 15 185 180 112 191 145 94 20 25 91 5 70 114 130 114 137 183 88 39 46 
196 74 121 185 79 96 29 115 184 146 190 142 163 25 126 178 6 17 76 97 74 92 97 200 105 28 40 131 145 47 170 182 194 54 101 112 159 82 136 66 36 199 112 113 183 50 101 179 181 172 187 74 194 140 16 110 123 186 114 88 182 117 111 155 173 158 191 74 86 3 105 107 131 13 120 23 72 54 55 172 185 109 158 17 58 130 113 148 14 14 75 169 17 23 77 62 111 62 81 101 70 95 87 138 140 147 110 108 122 43 79 166 110 63 59 44 2 9 173 87 164 48 73 66 68 
149 121 82 144 91 117 42 31 188 154 188 143 27 158 23 177 70 156 86 88 96 43 68 179 14 56 146 88 80 9 17 94 67 191 154 44 178 148 10 27 45 94 66 18 114 156 88 150 37 143 97 109 135 100 112 110 68 129 22 34 198 98 151 108 93 122 3 94 41 115 34 29 41 131 158 143 179 112 181 83 117 183 75 87 45 136 122 44 176 103 11 14 13 83 68 90 36 157 18 70 160 107 63 1 126 139 198 127 5 65 31 54 3 196 192 76 19 28 109 83 47 52 71 113 165 
53 73 179 61 82 30 13 187 14 26 100 29 60 92 172 110 157 24 183 172 67 100 37 192 95 175 68 87 98 28 149 52 66 34 115 46 79 38 103 187 45 96 30 65 133 66 105 13 30 12 171 50 30 86 189 142 153 183 177 13 128 154 147 161 126 78 35 167 144 74 151 9 92 14 30 47 181 144 14 135 182 93 77 157 149 8 64 33 124 35 22 75 166 5 1 149 107 8 131 117 155 59 82 46 63 123 19 125 126 113 171 91 147 63 78 151 153 57 133 1 48 52 117 2 86 
139 192 185 142 191 82 3 181 173 169 145 113 90 178 2 89 123 3 32 141 122 184 79 121 134 124 97 57 190 63 131 32 100 55 168 6 95 193 43 184 137 73 146 45 160 151 27 157 6 164 31 98 11 115 185 43 50 143 122 8 124 46 3 112 175 60 110 86 152 147 136 38 172 137 13 141 57 9 50 2 79 54 86 35 42 140 115 68 148 33 16 179 54 25 12 46 121 107 76 60 140 174 26 74 120 41 180 70 15 49 174 165 32 22 90 49 138 139 39 194 147 165 97 149 198 
97 93 49 143 130 26 34 138 42 130 77 189 142 73 8 54 175 124 188 38 112 105 22 168 38 184 145 137 68 79 89 24 191 37 81 109 151 185 24 69 93 21 142 2 84 158 131 37 199 28 146 174 69 120 85 79 114 158 103 56 24 168 200 83 125 4 134 38 109 86 116 62 46 137 87 57 73 75 15 150 94 30 123 169 184 183 65 185 158 4 194 80 192 76 138 99 138 85 17 31 157 141 33 188 50 91 48 76 30 14 123 34 4 113 187 92 53 76 149 176 90 104 168 168 155 
60 152 192 115 32 130 44 177 44 176 54 108 164 162 189 169 15 165 15 112 160 177 102 116 117 159 65 140 149 85 197 166 57 51 24 167 124 66 141 43 7 173 65 85 49 130 152 184 80 2 14 188 177 185 133 59 141 137 130 108 140 109 108 39 38 161 117 137 191 83 94 131 28 151 112 116 22 7 124 38 121 27 122 189 111 103 117 45 24 45 38 43 129 139 123 50 135 143 69 104 96 86 137 151 42 62 146 175 199 47 167 144 11 151 188 139 198 147 30 139 76 94 49 77 136 
42 33 156 138 78 173 173 31 43 155 153 70 65 39 14 179 122 93 92 188 161 152 41 15 34 90 151 177 101 45 197 46 90 190 148 3 60 178 178 37 174 56 148 19 49 95 100 142 143 119 118 79 108 187 82 42 177 129 86 35 57 127 66 14 92 145 64 53 69 128 129 126 27 110 95 56 131 82 174 29 63 140 132 58 92 10 151 171 141 78 85 182 52 64 56 40 161 64 171 102 140 60 191 47 153 16 75 3 156 137 183 63 91 83 48 94 93 102 90 18 2 89 48 137 29 
119 37 111 113 169 16 48 28 46 134 136 79 51 154 40 2 125 169 112 20 137 13 131 94 110 153 104 174 15 70 141 46 123 92 81 70 167 147 143 97 116 1 136 166 131 11 77 163 80 136 95 62 118 37 57 8 136 129 150 147 73 193 91 98 189 141 153 49 131 160 181 72 16 118 147 40 164 20 187 158 68 177 3 77 39 135 112 160 42 78 119 63 9 46 10 107 45 199 29 24 139 42 85 66 118 187 94 117 155 181 28 117 42 102 95 64 192 21 23 84 195 42 49 47 115 
113 91 122 42 107 62 129 151 165 141 156 77 152 99 94 94 14 20 90 114 183 82 38 30 104 120 131 6 187 165 10 184 198 71 81 83 148 85 160 160 112 59 93 137 99 86 143 116 189 137 181 150 42 199 163 139 117 32 178 186 25 54 16 3 30 172 158 95 103 156 38 200 73 34 116 24 168 43 114 85 47 151 130 93 77 98 42 165 7 132 49 195 57 52 80 32 70 187 29 158 127 25 154 80 126 9 187 27 55 175 59 138 62 6 10 155 151 30 43 122 195 42 194 8 13 
105 25 126 141 159 16 112 116 63 179 67 61 97 124 78 52 113 12 30 99 80 123 13 192 165 87 13 21 193 124 136 42 108 131 13 34 17 148 32 76 99 111 117 3 103 42 38 170 122 114 14 158 168 143 52 156 30 79 182 4 90 98 80 147 179 53 70 118 198 106 151 43 107 11 34 131 78 112 49 5 9 32 53 92 147 39 165 177 9 40 97 95 151 182 159 177 120 72 107 168 31 65 127 38 141 111 128 139 104 95 85 65 156 181 34 48 8 145 179 125 166 27 4 117 38 
5 157 64 164 35 94 60 11 189 29 154 157 156 13 153 191 8 148 86 159 118 173 31 199 58 58 6 79 171 95 61 31 133 94 102 76 7 138 124 71 130 36 81 188 113 189 182 155 21 66 137 104 17 28 126 186 91 1 170 192 54 65 59 113 174 20 173 126 105 138 4 92 149 101 12 61 110 75 55 134 26 127 23 41 167 194 192 14 30 113 27 16 130 188 48 66 36 110 92 200 63 189 178 134 147 40 196 197 91 78 57 92 95 59 15 49 195 49 9 66 131 117 58 128 108 
58 49 34 7 12 158 160 113 9 62 100 182 6 86 162 75 104 110 196 55 64 25 198 72 170 119 27 177 133 141 64 12 10 174 99 186 109 151 105 130 22 172 105 190 187 14 155 118 195 45 149 162 21 37 101 174 170 41 58 176 3 142 11 104 63 145 50 169 96 186 77 181 138 107 81 71 123 51 159 142 176 62 45 4 29 60 140 178 125 70 142 145 9 115 131 19 7 141 60 33 165 194 65 148 54 161 37 83 88 39 192 6 61 196 50 188 177 91 57 143 15 120 196 98 128 
157 69 59 82 34 155 122 37 29 103 132 164 200 70 157 164 61 61 143 49 165 17 20 45 61 12 37 24 150 1 73 18 91 59 78 27 167 147 118 121 6 151 59 199 124 94 188 22 197 30 105 6 169 100 92 23 173 199 101 128 148 6 23 173 6 198 41 48 52 188 99 158 113 159 167 68 173 10 54 190 151 176 199 169 2 188 113 42 186 68 52 131 27 150 191 11 97 178 152 162 50 109 4 68 33 32 140 186 146 96 81 97 99 158 100 30 99 161 38 111 171 50 79 128 34 
4 139 103 62 112 28 112 166 128 116 120 132 94 171 4 118 25 87 144 177 14 58 144 77 130 136 192 167 32 78 147 87 68 78 166 56 8 43 183 47 19 37 111 20 128 70 60 97 191 88 121 9 17 83 133 148 121 190 105 169 173 104 123 194 85 41 35 127 179 187 111 166 160 8 67 166 158 36 166 98 11 195 181 101 122 161 47 75 120 163 116 173 18 22 18 128 115 44 176 47 4 145 45 198 113 48 129 165 6 40 7 32 197 135 79 31 151 77 1 109 8 49 12 60 166 
31 99 174 107 18 65 23 13 27 83 188 116 170 176 37 24 16 197 83 17 124 123 124 72 194 3 136 88 42 132 14 34 119 20 140 128 18 55 182 139 125 143 127 92 161 176 54 33 90 146 133 8 85 198 11 6 92 118 115 140 48 3 167 41 108 160 9 25 84 75 4 66 97 63 91 48 76 27 173 93 57 58 115 191 167 192 17 161 173 108 128 183 191 29 182 161 62 159 91 17 48 58 136 28 133 49 195 3 168 91 113 22 181 115 57 177 148 69 167 59 38 161 92 48 145 
41 139 145 70 135 96 45 62 65 6 150 59 196 85 153 17 139 117 41 132 47 98 72 65 23 69 156 54 23 132 48 112 14 148 22 191 87 200 130 60 195 35 140 70 194 167 138 28 23 60 113 11 19 56 102 167 38 71 84 198 5 55 17 174 18 130 86 3 165 179 31 150 26 182 84 67 161 91 4 19 124 8 97 66 104 158 167 43 118 69 91 10 126 200 159 175 40 16 133 88 41 45 111 161 191 117 37 96 93 102 169 112 159 148 115 117 98 30 92 70 124 181 37 7 101 
76 25 18 95 3 68 70 111 197 151 67 168 133 134 4 47 183 200 167 190 14 132 63 41 10 38 195 165 7 3 103 24 133 23 187 88 43 179 79 137 136 14 86 170 47 97 153 158 6 58 112 50 18 2 39 42 97 188 149 185 57 2 139 142 126 147 98 77 93 90 159 191 138 6 84 8 70 128 7 29 147 25 58 61 58 28 92 9 171 9 75 134 100 184 23 130 39 123 31 55 103 178 99 100 130 140 41 133 169 117 116 3 47 31 41 171 113 4 119 19 191 182 11 76 59 
157 124 51 40 154 173 111 71 4 110 48 162 115 12 186 194 9 108 11 175 64 191 39 120 109 130 144 44 149 23 119 163 104 55 181 105 51 112 33 67 127 173 197 198 36 84 19 112 174 72 64 153 111 169 38 147 199 167 182 173 51 57 30 109 33 46 90 25 48 120 8 37 24 121 156 110 12 100 104 143 12 139 138 129 167 108 158 182 179 40 66 67 9 187 145 12 161 150 148 200 175 155 54 133 135 156 145 22 39 24 48 1 152 19 84 141 144 22 51 42 98 129 123 172 110 
90 159 25 146 167 176 31 146 134 144 119 4 155 30 43 188 29 101 75 172 95 17 87 18 144 72 152 160 101 33 85 18 106 78 152 42 193 24 16 18 107 95 28 64 134 46 91 37 82 109 174 115 110 174 25 169 128 46 74 109 45 63 70 66 7 190 102 63 35 81 40 10 186 50 89 155 172 16 80 198 10 182 67 170 106 32 79 113 28 112 147 186 47 195 199 117 10 19 134 100 25 27 197 55 100 109 62 127 57 136 6 143 138 31 151 45 111 33 195 63 67 158 88 184 171 
99 56 146 41 5 181 56 161 95 131 50 28 180 168 110 173 77 82 65 8 127 80 110 194 155 110 136 5 23 136 20 143 195 53 70 30 117 31 17 19 18 183 109 137 141 170 33 140 20 23 166 30 89 68 34 92 1 52 5 28 95 189 141 91 144 104 3 172 43 157 111 16 85 101 25 123 74 11 51 189 32 182 151 191 1 154 32 75 62 102 174 184 72 27 97 90 186 92 161 8 147 40 24 63 96 81 3 22 116 169 190 100 94 27 101 97 128 137 58 32 155 82 163 151 126 
141 38 117 32 159 120 14 121 182 20 95 129 69 17 4 160 124 101 139 131 199 16 56 176 118 163 158 41 52 142 71 20 37 108 91 159 190 62 54 169 48 146 20 160 149 25 89 96 50 165 155 159 59 119 25 178 98 156 83 45 190 161 184 106 66 32 194 124 97 172 60 86 78 108 40 188 15 195 79 170 124 114 186 187 83 56 132 196 14 148 146 100 87 77 82 146 123 89 104 152 195 81 69 96 116 26 153 177 43 17 135 148 196 191 142 144 176 25 117 80 84 103 194 154 105 
90 39 87 54 43 117 143 43 81 114 159 119 76 31 117 82 56 113 86 115 22 5 175 11 64 5 13 88 41 20 51 199 42 46 28 160 61 85 45 24 87 177 158 139 163 25 175 183 111 192 42 32 58 131 87 35 126 50 19 161 121 43 162 185 197 144 46 138 178 31 129 79 163 58 26 93 152 102 117 85 39 38 86 161 182 173 76 141 59 99 52 178 162 98 136 13 177 61 8 54 129 56 107 37 98 22 192 88 46 174 137 29 163 7 200 32 116 139 158 65 141 160 102 177 159 
146 151 194 186 14 78 26 62 31 75 130 4 105 180 142 106 191 92 196 22 22 120 140 135 190 160 112 15 117 55 124 75 178 110 43 129 165 87 155 13 144 117 45 95 139 136 13 118 152 168 56 129 145 158 25 175 101 74 193 84 22 6 41 10 69 144 140 73 86 159 65 49 107 166 26 127 166 140 55 82 121 132 47 70 174 48 107 63 75 184 55 15 141 148 53 70 101 148 189 106 137 90 1 34 123 198 125 101 177 158 60 82 7 156 27 179 60 129 99 117 59 16 161 165 147 
173 79 127 49 12 185 104 89 134 21 137 194 138 29 3 164 198 14 68 88 54 67 97 181 126 84 35 18 68 151 122 11 115 141 90 190 121 180 57 164 192 41 39 80 101 133 135 30 83 173 30 151 7 94 29 196 72 190 196 100 179 40 127 71 178 132 79 58 104 136 192 166 37 160 6 41 159 75 158 106 130 162 161 52 183 188 82 172 180 173 101 57 152 12 123 93 2 47 115 172 146 195 34 79 112 198 45 165 32 101 136 169 125 178 165 188 57 7 97 183 72 45 44 198 168 
198 102 147 59 109 11 126 89 9 170 152 6 189 12 94 182 106 105 188 93 183 134 187 1 69 112 169 88 170 102 134 117 127 194 134 53 163 28 190 146 36 158 10 125 153 126 195 45 128 66 123 26 134 5 68 191 119 21 134 88 26 111 16 96 157 32 97 122 114 159 94 114 58 17 109 74 125 128 183 198 98 15 156 182 138 148 5 195 32 78 102 143 66 11 191 71 115 24 70 32 45 121 153 137 18 170 169 33 53 74 61 46 20 44 96 138 151 134 89 188 64 81 152 143 39 
75 158 175 200 168 160 8 171 79 8 63 84 32 17 19 3 172 48 147 174 173 166 130 149 186 143 123 106 75 65 63 89 152 16 98 120 81 132 16 112 106 124 80 20 51 195 110 149 116 38 62 10 172 63 149 108 97 135 182 45 165 50 30 150 146 99 72 82 117 133 91 120 80 193 156 145 145 198 195 63 17 20 93 154 181 62 168 145 85 24 176 174 153 3 109 183 155 32 161 14 143 178 138 198 70 122 92 13 98 43 63 49 17 72 54 133 114 70 19 14 184 92 28 122 159 
74 170 128 36 132 141 36 75 12 84 130 54 138 95 136 157 122 114 143 75 168 184 198 45 123 42 174 159 105 95 108 106 19 38 64 191 96 38 180 180 16 10 20 170 69 50 117 28 143 61 200 34 147 143 160 194 37 165 6 194 181 19 176 141 50 199 158 124 3 100 163 173 117 157 74 33 139 152 120 82 11 104 162 148 46 168 49 46 103 81 184 141 138 172 179 100 86 77 75 86 197 27 37 112 14 84 147 107 197 182 141 117 5 136 149 76 179 6 193 187 140 136 40 163 40 
169 188 120 83 96 182 190 166 89 57 190 188 125 84 162 3 44 72 119 122 168 81 168 123 7 107 103 114 140 47 127 67 137 141 67 19 196 155 165 3 32 142 171 183 34 77 80 6 159 118 57 144 126 25 129 62 103 176 13 44 169 77 143 19 156 162 126 108 61 170 9 153 27 14 42 18 63 135 60 2 90 12 92 56 92 162 11 120 72 136 172 167 91 169 185 51 182 190 61 22 49 182 7 70 162 67 34 199 191 35 74 114 93 39 156 39 101 90 129 150 9 104 94 66 147 
14 116 67 18 28 186 58 100 72 112 69 166 172 164 80 178 117 157 119 83 128 37 104 15 199 40 135 63 109 114 129 102 11 180 81 69 145 123 173 157 120 123 199 170 63 92 71 152 126 188 177 98 47 12 57 5 78 111 180 54 60 38 146 21 43 126 108 123 22 45 162 90 87 121 79 83 53 138 38 138 101 51 23 143 35 1 69 156 155 111 157 124 162 143 137 174 73 44 42 186 198 100 159 162 54 68 72 146 72 91 182 31 33 48 10 119 145 135 21 41 21 137 42 19 10 
147 154 126 127 125 14 174 61 63 108 8 76 74 185 85 72 74 156 152 147 10 181 50 189 171 153 29 172 65 77 72 158 36 141 146 163 40 147 147 152 77 90 77 174 21 200 74 4 100 119 84 193 41 192 13 79 117 177 192 172 85 113 200 13 110 137 95 107 33 109 154 169 15 134 195 79 157 199 127 162 196 65 43 123 186 126 25 19 2 56 2 141 34 62 129 143 186 106 79 169 162 14 66 189 165 94 196 18 74 183 174 121 51 26 66 71 114 136 114 169 168 72 95 126 146 
121 95 156 150 25 119 79 5 180 102 90 113 40 129 157 19 20 36 7 41 141 135 171 38 41 83 153 98 123 128 27 5 154 135 63 110 130 71 55 27 65 23 122 39 109 76 144 124 154 66 24 23 133 123 57 178 1 124 97 4 48 90 183 41 67 145 28 145 111 33 45 103 23 187 85 153 84 127 69 172 199 93 85 137 80 81 55 31 10 29 15 99 117 11 159 88 82 113 48 44 18 25 160 4 178 151 129 146 69 23 86 138 176 58 155 145 19 112 171 78 161 138 147 96 90 
152 18 18 72 98 131 14 135 87 35 102 14 54 59 22 128 99 126 97 43 15 31 177 4 79 61 94 73 55 186 144 152 78 155 89 166 176 123 80 194 160 20 78 123 56 79 25 103 129 43 19 126 106 64 94 137 118 49 79 167 161 190 44 67 5 94 85 133 196 18 38 128 55 103 49 151 176 68 88 72 162 191 196 96 62 167 86 113 135 74 62 120 9 115 101 140 9 64 18 128 136 28 10 16 118 48 73 155 31 108 123 162 179 98 35 50 82 55 106 21 13 35 19 161 134 
188 40 28 198 22 147 195 14 98 120 110 1 87 72 114 101 116 164 184 37 18 168 116 39 18 122 47 63 175 135 72 8 129 152 149 107 94 151 6 145 36 104 73 59 22 80 53 176 70 141 127 67 90 8 162 192 61 171 37 6 156 22 33 110 158 25 99 58 95 45 88 26 180 20 126 79 47 58 96 27 91 77 12 73 13 13 157 112 47 31 78 123 5 3 147 85 26 68 125 144 23 6 16 133 55 105 101 151 154 64 112 192 123 83 144 5 18 51 44 127 181 9 149 120 28 
159 101 177 122 40 105 109 149 68 118 10 20 1 118 103 39 72 144 56 141 106 14 23 131 79 44 136 152 43 32 158 106 132 44 169 32 192 22 94 85 30 194 59 72 155 149 106 164 136 32 154 173 39 170 17 109 99 56 176 172 58 138 7 93 31 196 141 121 158 163 78 173 148 166 153 58 49 60 42 67 122 108 200 18 112 160 137 43 168 57 168 51 28 19 42 35 127 148 80 185 38 17 159 96 87 126 12 183 190 104 29 161 26 157 85 138 67 133 67 73 40 55 11 110 38 
124 37 108 56 155 109 54 176 174 112 139 192 62 62 117 199 55 190 5 28 173 200 180 32 51 23 5 128 195 149 194 155 161 148 196 84 159 137 120 60 40 135 20 43 171 192 121 47 191 30 45 182 175 144 45 96 141 152 112 40 187 193 89 35 200 42 170 163 65 34 153 190 161 117 147 107 4 105 56 125 35 152 83 117 37 167 135 33 149 146 16 57 65 87 131 17 31 13 189 155 152 175 17 51 171 173 146 161 1 160 200 70 27 40 156 92 59 131 149 177 45 3 33 22 99 
34 161 66 199 8 125 36 95 113 165 60 188 79 93 4 122 200 133 72 65 75 48 181 61 159 109 40 14 31 45 128 36 70 136 129 88 33 99 190 160 31 92 55 162 46 8 22 29 199 97 3 114 90 14 26 190 193 33 183 162 51 179 161 76 180 196 182 114 133 76 137 94 108 60 130 74 39 156 86 168 171 43 161 144 126 120 20 97 24 20 33 153 143 57 95 200 108 16 173 84 6 20 68 66 131 153 77 196 71 96 72 83 51 34 183 166 198 147 4 137 144 152 7 69 4 
122 50 158 70 117 155 60 98 51 61 97 113 77 125 182 179 64 95 80 5 63 59 143 188 90 36 115 102 67 165 2 147 68 161 175 73 162 171 196 171 116 119 60 122 62 133 114 42 16 99 28 33 18 137 173 51 1 183 187 69 121 163 22 153 177 76 199 58 164 70 27 77 113 24 199 129 98 92 120 90 60 59 41 121 140 124 130 132 152 76 30 186 26 169 140 127 33 39 182 36 53 43 67 21 14 111 38 186 38 71 97 186 176 162 154 95 139 115 92 2 47 33 36 73 157 
134 106 136 72 15 99 190 144 110 25 6 197 28 186 111 10 125 14 164 131 131 151 200 59 28 185 198 103 30 166 61 1 186 93 68 105 61 169 18 152 113 33 10 1 13 199 57 130 84 131 139 35 124 122 178 41 143 183 119 152 12 96 143 79 126 10 181 58 164 168 60 61 180 44 62 151 111 156 83 40 15 82 43 19 142 144 99 27 89 84 59 105 154 157 73 182 34 33 52 24 101 120 103 148 185 194 188 133 60 120 107 54 121 90 126 195 153 67 75 78 38 140 181 6 75 
111 90 138 175 141 55 104 43 177 69 22 101 123 21 44 162 155 50 191 49 38 59 116 99 128 149 15 157 10 153 48 61 139 100 64 148 153 129 180 139 3 2 170 52 40 114 182 119 44 68 162 15 43 130 72 164 89 19 46 138 14 152 26 32 2 10 14 111 122 11 185 192 142 199 184 111 69 148 37 91 150 147 51 17 117 85 42 4 192 127 63 158 108 119 62 129 131 185 151 43 42 84 66 167 48 123 135 9 99 88 4 68 186 176 46 172 24 134 170 84 141 157 25 91 109 
18 15 197 132 101 174 94 47 4 101 182 8 115 89 41 3 106 130 115 3 57 156 115 175 64 50 142 145 156 149 45 51 182 11 5 95 58 114 122 10 182 181 190 68 62 134 51 34 45 11 83 50 44 9 92 180 67 174 167 31 29 78 70 29 133 54 181 134 30 35 29 158 97 173 198 55 42 154 157 92 31 88 117 92 186 66 67 47 8 81 104 89 140 97 136 191 58 144 18 27 156 34 26 41 161 63 124 8 59 38 200 174 32 54 92 51 112 160 32 75 193 16 69 32 171 
13 59 134 158 189 113 181 181 6 153 31 151 100 46 129 119 11 183 89 52 84 160 13 134 113 194 127 121 108 78 84 142 54 105 27 103 76 72 177 106 154 22 8 159 114 132 77 61 61 76 157 51 200 143 61 148 185 36 95 35 186 188 158 156 163 169 129 2 31 28 35 120 78 101 155 137 98 158 71 49 29 176 144 87 198 20 88 175 197 177 128 103 177 80 192 25 180 188 33 75 89 150 144 80 34 43 69 186 28 145 52 35 114 150 153 103 93 130 171 67 52 8 116 91 128 
200 78 33 139 63 193 184 19 137 2 107 103 112 182 25 159 36 71 184 108 61 94 57 102 199 49 91 191 182 25 6 199 192 70 7 107 173 120 56 200 195 135 191 144 111 28 179 32 29 103 45 138 97 129 200 132 92 87 110 151 51 25 160 63 200 35 126 113 84 6 187 182 93 108 10 133 137 42 199 98 70 68 53 134 16 96 153 43 143 186 72 197 80 199 25 14 127 127 47 144 124 69 7 88 122 120 184 156 180 198 15 65 104 166 6 24 112 162 111 50 1 117 121 65 146 
77 85 112 175 110 126 70 181 170 73 40 184 162 8 110 61 85 67 5 53 70 97 34 31 87 130 14 176 62 157 81 104 189 177 82 28 109 96 54 113 123 185 135 99 183 56 4 25 46 89 141 160 146 114 167 199 114 83 174 24 129 175 174 66 184 2 37 100 111 13 21 95 120 54 11 102 164 108 43 59 88 91 112 175 66 59 59 197 119 1 118 91 28 154 165 30 90 91 193 171 8 158 15 120 114 173 105 132 164 21 107 3 100 16 93 116 17 83 173 18 11 149 110 195 114 
63 149 101 16 137 18 124 123 130 86 145 184 146 29 20 67 50 19 60 122 151 153 74 139 163 194 81 24 126 54 153 141 43 31 172 41 91 72 72 87 87 2 51 89 95 40 124 136 28 111 126 57 28 49 134 131 149 162 17 182 17 51 70 75 128 149 150 84 81 90 59 9 139 68 30 129 67 165 127 35 159 21 6 164 67 124 49 27 61 133 69 181 180 128 98 82 200 195 128 130 80 94 118 147 61 177 156 79 89 15 131 35 138 62 27 52 171 149 86 175 146 192 71 161 77 
100 167 60 119 150 90 163 192 97 178 134 49 107 179 76 187 32 162 148 31 175 147 81 139 115 14 88 200 116 36 192 29 51 15 63 132 167 12 160 133 106 186 87 93 165 71 64 184 89 181 8 80 78 195 167 37 9 146 183 7 174 89 101 189 106 82 69 12 70 7 42 75 80 63 185 111 109 170 15 98 147 36 164 41 169 51 170 1 174 159 35 44 11 8 77 198 161 58 26 162 155 87 62 19 143 113 195 31 79 68 113 195 162 147 58 99 5 161 101 99 73 32 111 8 105 
67 55 46 14 35 94 39 120 1 94 33 43 186 199 49 189 195 85 187 100 76 144 119 104 126 146 133 104 108 13 49 123 128 186 18 46 56 87 116 12 151 72 111 150 57 114 123 59 28 114 31 186 152 152 89 28 28 193 56 168 18 88 106 107 129 47 101 60 139 78 77 32 42 169 31 149 162 124 185 161 142 49 111 31 159 105 164 36 187 113 101 163 176 168 41 143 130 30 170 11 51 65 149 133 59 33 83 125 102 141 73 78 114 158 194 189 8 17 118 126 133 120 134 198 167 
156 79 127 157 75 72 136 43 189 152 134 171 169 71 200 98 182 189 83 75 126 162 133 59 49 133 59 132 31 88 35 164 168 8 64 16 30 13 200 78 8 108 181 151 40 195 71 135 57 123 1 53 29 95 138 24 67 176 193 28 9 113 85 121 25 104 36 169 128 45 81 77 136 70 70 143 90 152 49 67 75 154 199 93 165 9 39 145 43 197 75 108 99 182 68 39 14 182 173 68 28 49 135 68 38 185 41 152 135 70 84 22 20 61 127 69 175 192 106 122 143 135 49 69 29 
108 114 88 43 21 6 20 155 70 105 95 132 43 102 138 98 50 103 64 155 170 160 41 183 31 7 73 22 128 186 121 170 115 33 13 177 124 21 106 188 147 119 89 10 1 83 153 71 25 157 200 77 182 155 44 18 49 21 120 153 51 75 27 59 105 181 134 98 139 154 120 56 78 73 42 164 158 87 54 109 182 154 52 50 101 181 178 23 195 156 31 15 72 133 77 9 14 94 141 50 147 147 87 83 103 35 132 156 198 121 63 111 183 93 37 104 172 10 175 119 63 134 89 123 197 
153 89 63 181 119 194 54 67 80 86 58 86 158 3 72 128 62 58 100 104 166 92 150 117 65 126 148 99 35 70 169 112 148 5 15 17 84 53 165 7 104 103 3 144 81 54 124 132 95 122 194 148 34 48 164 125 34 5 45 182 19 100 80 128 93 29 133 83 111 142 98 108 52 4 13 40 64 118 12 119 50 68 112 61 178 138 181 23 137 55 41 46 11 157 16 49 173 146 114 59 63 37 135 96 183 131 131 65 18 108 10 95 65 94 26 132 100 183 160 154 77 91 50 173 196 
36 74 14 92 194 9 107 168 83 126 180 185 79 130 5 65 164 108 115 99 41 173 128 43 196 13 115 52 5 64 10 163 10 114 168 50 148 8 68 56 89 200 32 35 64 86 66 5 176 13 108 141 152 170 142 34 172 197 45 53 133 97 7 30 37 136 194 27 18 41 126 42 178 54 119 70 181 40 140 189 57 164 115 174 149 1 77 104 82 20 105 189 137 92 14 151 71 196 32 147 61 37 45 29 142 79 193 116 152 114 117 91 179 112 167 172 116 176 82 89 178 48 199 101 119 
162 56 83 43 63 87 56 74 47 2 4 34 6 179 192 90 71 195 93 127 169 4 47 24 192 92 108 177 198 41 146 80 91 83 33 94 111 49 71 176 118 145 122 64 133 151 50 155 56 47 90 24 102 83 52 88 69 157 4 198 157 59 98 140 144 43 69 180 133 71 6 157 85 96 135 125 75 194 30 170 47 77 104 62 9 148 52 121 183 22 115 109 75 197 110 65 159 17 182 118 51 71 104 76 73 41 84 174 152 37 23 21 187 124 156 114 94 192 24 87 96 70 173 13 56 
89 132 13 174 55 67 162 141 148 74 194 57 195 94 9 75 66 60 127 176 170 145 37 110 41 35 92 128 196 125 90 39 172 98 126 44 97 115 21 156 117 91 35 196 3 151 137 192 60 85 100 14 65 115 15 93 172 41 186 160 84 134 32 175 82 64 100 128 1 36 89 165 75 67 113 8 55 13 146 186 91 105 150 16 157 118 106 127 60 87 124 114 183 195 161 85 90 23 145 39 149 194 84 142 61 40 108 168 109 99 184 157 108 33 50 126 113 68 59 17 126 20 94 97 54 
109 13 174 31 17 125 20 104 130 132 39 148 159 161 135 83 48 180 118 28 51 70 6 24 86 62 187 85 51 71 115 95 141 154 39 125 124 144 88 95 155 57 34 124 98 50 198 155 35 179 82 170 182 155 12 51 117 106 44 76 41 63 197 61 165 12 134 144 124 121 180 7 112 111 69 108 199 79 124 170 195 63 134 137 137 158 195 158 3 57 21 96 133 175 25 88 39 100 169 25 84 166 189 63 113 22 62 200 4 28 28 155 151 5 156 52 175 46 115 137 145 113 141 108 165 
180 44 155 154 73 194 42 34 34 148 72 25 1 40 154 162 80 37 34 152 86 118 198 51 63 125 155 39 75 165 144 177 22 109 169 69 161 111 143 41 69 144 107 176 171 38 108 93 20 19 119 171 134 13 163 151 99 200 102 87 147 108 13 91 40 20 159 80 181 170 150 129 188 145 157 187 25 185 2 88 107 193 168 93 57 138 29 111 77 165 118 123 44 33 175 149 96 96 49 99 63 135 105 91 13 11 61 115 7 137 150 171 190 69 71 77 100 160 176 24 32 177 193 189 107 
6 137 184 133 67 30 88 174 58 80 177 193 79 134 7 43 164 143 26 128 115 186 92 140 119 153 157 195 122 116 107 48 153 60 108 114 133 62 39 121 119 136 199 124 14 192 11 102 97 152 148 130 159 106 64 118 16 82 52 130 153 192 175 121 32 33 153 186 39 58 146 67 10 58 14 112 56 62 168 146 154 180 97 32 167 90 174 79 38 139 118 133 14 175 63 76 165 13 132 5 12 140 164 37 152 200 170 95 25 191 68 140 167 130 197 97 95 44 40 154 81 9 30 22 184 
112 87 57 110 106 162 50 8 112 157 37 126 155 107 50 64 38 81 28 14 106 34 90 85 49 179 59 53 29 185 150 15 186 113 141 196 63 21 195 8 123 134 31 131 141 172 23 197 124 67 52 50 153 59 36 197 13 169 87 193 53 92 12 116 92 68 98 75 13 28 123 97 80 56 110 143 172 111 140 106 116 39 10 129 50 189 165 98 7 123 28 18 178 130 9 43 19 36 24 164 32 27 129 3 115 140 95 99 177 96 28 102 91 172 168 18 158 179 182 61 75 147 93 161 116 
116 118 16 141 161 61 18 156 168 168 148 157 27 120 147 2 95 59 145 170 150 55 80 120 47 67 109 61 93 140 148 124 36 132 23 55 69 57 11 41 157 108 103 113 73 43 59 29 50 72 99 200 124 79 146 79 127 131 27 52 87 186 191 45 20 164 27 200 73 38 107 83 178 20 32 108 103 84 16 4 174 192 103 45 172 125 115 18 123 197 23 38 149 156 86 145 116 31 115 182 8 162 106 198 14 37 104 181 170 98 120 147 165 59 96 92 71 143 170 81 129 199 141 93 15 
172 68 22 185 13 37 167 9 126 55 60 110 87 90 34 70 56 79 136 25 3 102 113 1 3 82 77 46 152 134 8 19 18 67 191 94 109 50 38 78 55 34 157 140 164 21 93 10 159 48 54 95 45 70 57 9 59 179 7 169 52 7 199 19 169 132 157 15 119 28 63 111 90 139 91 6 152 160 183 164 97 128 200 82 120 149 46 169 105 9 85 28 56 54 13 55 130 121 46 54 6 94 48 13 48 141 10 92 158 121 166 91 63 185 67 3 40 102 42 32 24 130 29 71 41 
135 41 51 158 1 185 179 99 164 85 163 177 88 134 131 124 5 107 98 118 114 150 58 60 189 117 13 83 91 55 86 113 33 43 22 161 108 77 25 36 189 116 38 118 189 49 16 62 149 41 121 18 103 157 160 198 44 183 84 37 106 159 83 123 195 107 118 43 81 14 56 154 73 66 192 147 85 83 51 20 107 19 21 194 50 126 164 133 40 25 95 93 50 109 151 165 176 125 147 131 9 91 146 55 17 135 114 32 74 39 153 82 78 55 191 115 85 200 76 163 6 6 33 19 59 
113 100 121 48 91 55 198 85 124 100 153 28 16 7 56 69 149 83 109 81 142 89 27 48 6 98 136 88 104 178 34 4 195 21 160 3 151 36 87 73 95 39 190 60 199 47 54 63 25 145 105 180 163 71 41 78 116 95 109 28 38 148 23 182 78 60 102 33 72 28 2 75 74 94 175 139 84 6 149 39 38 163 166 23 148 186 48 66 127 72 68 149 155 94 92 24 140 12 181 115 168 144 158 71 59 144 102 15 114 59 196 81 41 56 61 8 1 15 121 32 191 189 75 67 154 
140 38 172 101 79 79 18 61 188 116 197 137 192 134 89 71 172 12 11 115 133 134 176 109 139 133 118 1 144 73 32 183 107 2 91 49 154 191 147 147 44 159 107 134 132 193 162 182 66 49 176 16 51 3 29 61 97 113 91 153 199 48 130 13 144 164 131 51 102 105 61 178 132 143 4 26 90 114 13 29 100 161 40 157 147 131 137 27 37 40 98 73 75 193 136 26 46 166 105 86 164 119 47 200 100 87 125 110 135 125 187 161 19 125 143 6 86 150 2 3 48 23 100 139 29 
108 80 195 175 126 105 5 131 104 197 95 2 112 141 168 126 88 38 3 63 92 128 89 92 130 88 24 86 164 14 148 114 159 79 101 2 175 50 103 68 78 163 28 118 106 149 96 160 77 161 178 102 175 188 78 158 125 7 17 5 22 173 26 70 144 102 54 126 46 42 87 193 166 119 164 55 45 63 37 1 15 91 51 187 25 147 63 118 80 5 113 193 146 137 83 142 95 186 23 132 29 63 71 173 27 158 150 9 174 9 160 25 170 142 107 126 109 63 189 39 196 194 56 47 163 
168 93 133 122 48 50 26 104 113 167 108 176 17 155 158 57 88 73 168 5 13 96 39 128 2 55 135 43 150 97 148 111 13 195 130 169 87 131 145 132 159 165 34 112 190 18 45 90 126 47 17 162 51 194 3 16 103 191 149 167 8 53 13 128 73 157 185 143 119 101 123 193 59 96 1 152 32 141 108 114 191 184 40 90 118 4 131 157 187 89 125 154 93 124 192 100 149 64 66 67 116 14 199 146 164 71 70 146 187 169 115 57 66 37 118 164 96 128 164 141 88 162 193 59 159 
182 15 100 95 158 81 108 156 124 161 178 193 92 120 151 17 101 54 178 160 46 157 15 104 130 156 142 132 27 79 188 152 70 64 165 134 86 41 88 45 43 181 84 178 169 20 23 118 199 169 146 3 18 163 83 6 39 106 67 94 137 46 113 198 80 200 189 68 32 123 121 189 110 164 78 59 187 10 22 134 191 84 187 162 139 173 61 164 32 45 69 96 59 167 44 25 25 170 13 184 18 52 172 8 105 149 67 112 31 12 141 103 77 89 89 24 38 152 27 199 85 86 64 163 72 
150 85 61 188 146 129 80 127 43 41 189 135 152 154 121 179 110 191 170 27 50 145 75 93 151 109 68 35 64 115 179 75 37 173 156 146 22 80 48 139 143 97 126 21 156 131 106 89 67 167 21 20 95 133 192 13 47 46 57 145 89 7 15 126 161 71 198 47 123 199 36 102 105 118 41 173 103 156 38 191 171 165 80 158 137 121 30 163 88 195 21 193 181 53 68 69 125 70 15 14 73 94 175 46 68 166 57 24 41 126 127 158 181 179 169 114 6 53 137 150 100 166 33 96 80 
46 2 171 184 69 143 7 142 140 24 113 72 125 56 45 59 114 5 173 5 118 142 75 71 46 9 174 110 33 109 180 178 99 182 61 88 19 67 17 66 23 44 110 162 119 197 57 49 79 88 171 43 135 97 83 169 180 88 96 102 139 189 173 5 86 118 194 66 84 86 126 151 130 93 110 110 42 28 105 190 162 174 172 6 14 156 53 172 86 136 31 89 66 78 64 85 112 113 61 176 180 173 151 83 124 113 130 104 88 19 86 179 26 93 111 135 191 100 51 13 190 83 67 1 135 
80 86 55 161 165 19 87 158 109 62 123 52 111 23 55 163 101 177 127 177 199 100 65 130 180 157 76 182 194 93 22 126 108 170 70 170 198 3 102 146 155 41 47 120 185 116 130 151 25 109 155 84 199 66 72 81 157 187 63 83 58 133 198 32 189 23 32 106 175 155 162 69 167 15 145 153 146 118 132 24 114 185 22 69 66 7 25 48 159 39 7 195 24 91 178 118 90 82 178 102 187 123 10 169 136 99 176 140 194 145 154 102 128 196 72 39 38 146 15 99 14 191 16 139 116 
196 153 126 190 88 98 41 193 5 115 111 117 154 50 118 149 54 33 176 3 116 170 76 62 85 52 183 157 27 150 196 28 199 11 182 30 46 142 116 63 5 72 146 178 189 161 9 100 55 191 131 168 35 197 70 191 193 39 20 179 187 135 78 183 101 64 76 47 36 161 45 5 23 47 188 195 111 14 54 58 59 88 91 107 158 27 71 186 138 135 114 180 119 126 76 172 134 91 78 191 181 89 9 196 154 96 17 185 3 150 54 199 14 168 70 22 79 69 53 86 78 147 182 26 175 
30 193 161 140 26 149 61 88 39 187 154 16 43 26 5 153 106 29 181 90 58 194 19 74 6 47 84 112 71 30 180 110 91 15 23 34 142 159 52 70 41 168 66 42 158 158 123 179 157 105 178 75 139 106 117 78 67 72 195 71 27 95 96 68 180 20 199 170 85 126 121 148 182 183 41 20 65 133 110 8 167 134 57 159 1 75 136 10 40 7 174 40 37 78 116 77 7 164 46 168 97 164 73 15 111 188 30 12 81 27 3 31 179 1 84 158 111 105 140 23 198 143 184 14 190 
28 109 154 188 126 126 74 186 112 183 100 78 141 6 55 128 177 123 189 84 84 40 175 155 140 38 93 116 101 32 151 39 113 39 64 47 147 150 50 93 5 103 147 125 110 102 97 69 103 95 181 132 65 161 77 48 69 140 52 111 140 54 172 112 35 109 79 135 67 171 52 56 180 28 22 47 47 190 157 136 76 148 80 174 7 183 189 137 124 81 95 22 67 35 175 92 90 147 166 124 50 122 128 12 57 122 5 127 187 180 193 156 28 103 30 25 27 162 140 172 100 12 113 176 87 
139 9 81 109 160 139 40 53 33 160 72 91 43 29 144 41 87 193 65 47 143 6 73 127 26 102 54 79 114 3 80 25 1 128 173 144 108 72 39 52 134 165 75 63 2 91 66 183 16 160 114 64 93 55 34 120 12 71 73 152 148 151 48 99 147 147 157 62 25 85 22 48 36 197 199 65 141 167 17 50 84 1 28 21 86 173 109 36 167 155 83 71 76 125 128 164 75 185 169 123 126 173 113 19 26 105 171 110 133 158 188 1 29 135 5 79 103 21 18 62 102 123 105 107 91 
85 7 31 55 75 154 162 106 111 163 43 163 85 15 148 13 159 33 183 175 141 69 153 151 192 71 188 32 80 160 67 199 159 20 5 200 98 165 104 113 88 183 49 75 5 174 137 147 13 14 164 41 129 13 2 178 72 65 163 156 51 69 56 75 58 13 80 99 163 131 44 22 88 54 176 43 94 10 34 70 117 82 19 168 189 140 2 149 187 159 187 113 11 102 54 54 14 11 6 101 73 66 190 23 71 168 179 141 107 165 105 183 163 8 145 115 115 107 50 110 178 2 11 44 10 
143 99 48 93 119 82 199 36 80 183 159 135 166 36 127 108 33 114 57 72 137 76 69 129 48 15 150 117 101 48 177 62 12 102 46 176 6 66 69 174 34 100 159 109 43 186 63 71 35 160 72 47 55 163 157 147 12 195 112 194 81 88 130 141 93 124 71 90 101 119 139 100 143 126 180 71 24 159 147 46 143 128 170 118 133 181 30 171 69 36 49 89 81 177 82 146 130 170 103 3 119 71 197 94 158 49 195 172 43 161 158 199 139 165 125 23 178 180 187 160 90 78 186 6 57 
157 67 77 85 134 142 91 4 17 171 2 167 22 111 61 194 172 154 144 131 85 136 46 178 187 33 135 172 23 172 102 178 145 106 77 122 197 33 107 32 126 89 87 151 156 132 53 169 26 76 30 19 107 125 123 83 105 38 26 46 89 83 147 125 70 165 141 168 197 75 135 117 166 185 141 89 74 164 43 53 34 69 43 177 14 156 158 60 29 178 25 102 146 120 129 187 187 110 111 9 196 124 2 167 134 102 178 64 79 113 100 59 175 118 125 119 105 78 39 200 193 56 107 67 107 
45 147 103 95 17 64 196 80 94 93 184 182 32 154 42 118 169 152 65 35 76 131 149 36 172 92 147 180 113 56 108 23 58 123 180 158 63 175 197 173 110 113 138 188 5 23 196 175 51 141 74 162 81 96 40 94 130 67 128 93 110 74 87 186 143 149 32 40 195 168 37 148 162 98 56 156 71 173 79 155 25 132 68 89 21 129 133 10 32 69 88 88 146 100 26 59 81 8 111 166 117 42 2 85 138 18 133 72 175 120 176 160 107 83 117 26 5 145 74 2 68 30 50 11 37 
68 171 129 148 63 7 113 58 72 166 116 119 83 184 104 27 34 105 144 34 111 111 86 106 56 97 16 48 197 156 169 32 139 34 79 118 103 81 65 3 41 140 101 63 176 75 9 75 81 49 75 63 11 93 193 30 157 173 154 171 101 2 189 18 25 143 149 134 45 193 76 180 136 40 172 44 59 56 116 140 147 103 63 111 1 28 1 100 167 158 14 27 62 172 138 48 68 145 72 187 10 200 66 195 109 35 88 154 144 28 111 171 182 183 59 52 176 64 134 83 190 27 106 33 194 
89 100 86 105 122 45 143 116 28 156 75 13 193 42 114 79 8 75 9 82 115 72 129 22 56 184 21 98 179 16 131 58 61 152 138 82 8 114 149 180 58 77 91 140 93 80 120 56 12 178 198 111 41 39 135 134 154 176 116 70 32 68 125 13 89 198 152 110 182 63 104 144 82 27 39 191 56 158 191 60 25 63 14 135 134 73 146 25 15 170 55 84 73 96 64 132 70 130 2 152 13 131 192 3 36 112 93 135 39 45 145 71 104 62 109 47 41 28 135 73 181 36 106 95 3 
102 191 159 47 38 68 133 192 37 8 149 21 42 98 143 126 195 192 194 195 43 71 166 126 51 15 56 20 91 115 12 120 200 177 177 91 1 171 89 73 106 58 114 184 200 34 18 100 176 115 12 124 141 176 158 49 65 76 85 118 166 85 131 96 81 109 73 7 153 39 170 91 108 9 86 57 87 7 44 58 65 68 47 109 4 136 131 142 151 165 41 31 91 83 67 103 121 6 182 172 141 92 25 109 53 62 149 67 162 180 84 50 140 47 177 178 27 75 141 139 183 156 116 173 85 
18 102 16 166 76 156 173 57 59 154 96 132 111 150 140 17 122 24 63 94 55 115 111 185 108 127 175 91 94 126 129 12 99 200 131 105 156 153 200 67 150 49 167 36 116 157 30 56 200 167 62 82 12 27 69 36 46 70 165 133 167 95 72 188 51 179 24 56 68 90 194 48 119 32 99 119 78 166 199 37 179 10 20 87 60 156 171 42 196 15 6 164 29 119 119 132 107 38 72 44 32 33 180 145 125 121 150 32 165 11 192 12 68 122 66 100 127 191 168 185 182 97 176 175 86 
22 186 30 59 107 136 37 93 1 32 190 49 85 74 186 21 109 166 18 32 153 168 39 161 103 113 96 11 41 194 199 10 140 148 144 67 134 16 128 117 26 95 50 85 108 1 104 115 111 121 107 16 44 118 192 128 189 95 128 86 175 141 74 5 41 33 174 81 147 14 13 54 38 46 25 192 149 32 107 87 172 32 182 165 192 182 6 51 116 146 46 100 57 168 28 96 46 19 47 123 73 91 45 1 128 119 18 159 193 9 59 132 127 122 81 192 53 126 132 82 158 195 42 71 158 
137 91 19 120 135 186 140 61 8 154 7 1 45 139 72 28 78 24 39 90 86 182 31 196 147 67 156 199 40 111 166 96 82 122 160 119 47 96 193 187 117 14 54 40 141 62 102 25 185 29 10 145 61 44 187 174 197 191 161 8 52 5 112 186 139 44 172 96 172 66 69 108 42 154 60 42 177 174 51 17 47 194 119 155 7 178 161 134 124 92 99 160 151 199 63 73 107 179 109 137 139 119 58 5 160 49 50 33 119 61 172 108 107 69 29 5 80 153 63 65 156 58 59 7 146 
18 62 85 11 141 16 169 47 186 22 183 78 127 172 122 77 134 8 49 56 150 197 32 135 81 15 156 108 160 171 34 119 66 160 81 199 190 91 140 191 136 63 2 38 146 31 16 124 185 49 130 198 94 117 104 109 96 2 49 28 8 19 134 107 134 19 151 157 67 53 187 76 135 3 5 27 35 155 6 61 128 160 90 57 191 9 58 30 169 99 84 12 63 78 173 32 195 120 165 186 57 9 8 61 123 15 85 187 118 97 21 85 150 108 41 3 143 47 172 16 126 25 22 4 60 
200 5 166 138 155 124 58 131 193 24 123 128 79 147 190 46 123 114 195 18 95 72 15 68 168 87 62 55 83 192 160 169 162 22 33 36 54 110 65 183 34 53 15 114 174 7 184 3 146 181 157 153 67 20 4 148 119 75 165 18 154 172 147 46 25 109 179 12 89 31 106 193 35 185 153 199 28 195 70 196 170 55 3 112 49 21 82 143 147 172 67 153 157 8 140 168 6 113 7 60 111 124 136 10 188 40 28 87 157 104 142 148 25 27 88 106 11 15 101 165 97 133 177 21 47 
69 29 25 88 70 58 111 181 170 106 197 108 46 108 104 114 26 160 97 118 172 197 29 59 97 64 7 136 195 36 183 94 132 56 59 94 33 25 110 44 128 134 138 3 18 49 113 40 17 103 163 69 59 107 58 133 36 44 24 46 124 30 94 168 93 50 99 144 129 52 138 78 160 65 47 46 43 128 37 108 150 72 161 68 188 44 176 51 118 192 155 160 61 45 146 142 114 200 18 101 194 16 77 88 15 2 150 1 58 131 197 36 8 150 26 41 152 147 200 108 127 79 198 128 113 
188 42 27 121 51 108 151 149 57 43 118 98 102 75 100 75 108 173 51 153 1 39 198 151 124 122 145 16 63 66 164 92 81 144 192 165 44 103 100 86 79 11 132 188 70 146 121 85 59 191 41 111 119 56 103 158 160 131 134 38 107 80 118 97 50 125 92 129 140 173 119 69 177 63 199 87 104 184 182 25 188 173 98 65 174 52 18 66 131 124 64 66 110 54 178 44 152 87 187 74 76 159 165 65 171 187 127 109 165 68 113 50 114 137 71 175 87 17 108 79 61 116 129 85 104 
55 187 63 184 32 28 131 65 54 105 57 193 169 69 147 50 3 150 96 147 166 2 172 181 24 93 132 108 105 77 49 25 163 40 103 199 19 4 181 127 102 107 112 148 142 144 152 4 118 150 97 45 38 13 190 44 195 115 35 86 20 165 79 75 159 149 19 80 73 17 188 15 68 65 158 186 70 199 154 128 35 80 47 170 129 11 166 195 16 99 166 153 189 113 138 63 24 3 11 197 5 85 67 92 189 46 5 162 166 67 19 110 196 170 118 44 4 71 64 82 75 82 31 101 25 
101 101 16 37 66 143 180 25 17 182 102 54 193 155 97 86 192 134 200 99 3 97 13 164 64 162 45 126 48 122 175 182 134 178 144 47 41 144 49 33 154 2 9 160 177 52 20 37 87 181 188 159 150 56 67 40 59 31 73 62 57 111 151 160 199 109 164 198 146 5 142 94 171 27 123 126 153 193 58 119 94 189 171 50 85 89 194 11 77 55 96 39 61 140 22 111 95 99 62 138 115 88 146 8 199 14 16 117 195 63 161 141 93 57 28 166 178 185 37 53 127 151 83 56 125 
183 121 163 94 166 70 64 176 28 167 144 65 29 160 133 56 132 76 200 102 174 72 136 187 94 189 153 114 78 92 128 17 66 5 24 77 85 151 124 52 128 65 174 126 102 135 108 141 185 81 134 121 177 92 32 167 124 112 199 178 51 72 173 195 57 13 14 119 7 195 78 87 122 172 146 24 138 140 171 86 110 38 85 127 72 132 154 153 143 121 182 26 97 47 173 56 115 129 42 77 90 26 105 109 184 171 167 165 13 12 181 179 67 47 113 151 198 16 176 7 146 31 177 76 74 
198 108 85 164 180 152 139 54 148 146 115 105 195 53 71 76 96 87 84 128 148 106 184 102 195 25 148 50 12 142 184 83 25 11 183 56 84 81 109 60 85 51 134 35 129 184 144 25 55 138 95 153 117 60 115 26 163 72 80 118 36 170 31 48 127 133 59 132 130 121 2 46 4 72 141 179 92 42 62 173 47 65 178 178 57 182 194 74 154 184 53 4 71 64 115 177 173 49 71 55 44 161 71 77 36 77 143 117 197 50 37 174 199 150 5 91 73 199 66 64 40 140 27 9 191 
38 87 20 141 184 12 4 152 193 79 177 119 160 12 87 188 146 81 148 195 198 14 41 71 110 94 169 105 23 35 148 193 53 54 11 160 122 32 177 174 172 131 102 113 133 170 196 178 190 107 107 170 154 21 141 86 28 100 70 70 170 193 163 133 72 177 49 115 48 3 153 77 159 6 141 118 10 182 44 10 182 136 95 194 45 145 139 197 92 149 79 106 83 160 160 129 49 110 42 104 45 6 24 162 30 106 71 55 172 140 27 184 36 105 10 10 199 84 75 85 54 31 46 178 135 
91 78 87 43 129 140 59 49 180 10 21 40 17 51 32 14 103 32 116 78 96 65 102 196 108 22 123 183 172 70 147 41 177 46 185 16 48 6 123 152 159 85 132 90 72 195 61 68 79 58 125 167 177 174 126 10 29 76 166 68 69 144 136 160 127 140 58 172 82 194 60 10 145 28 54 6 89 159 136 168 59 192 32 68 76 50 52 3 6 29 196 110 153 121 60 70 89 137 67 61 37 68 92 163 129 27 17 41 45 99 70 104 184 64 48 110 50 150 130 129 55 10 192 58 172 
150 145 176 10 38 108 62 156 92 91 179 157 10 10 95 137 14 147 81 61 100 48 86 63 144 155 149 40 173 187 74 186 143 134 5 64 156 79 66 83 198 154 125 57 142 4 118 113 169 172 133 153 174 164 46 147 145 33 195 119 177 190 30 85 127 126 40 52 27 8 148 196 55 153 157 176 34 84 107 146 104 87 27 17 172 85 69 136 44 42 67 116 192 191 138 20 173 125 79 95 182 39 198 129 36 82 2 14 112 22 95 164 124 106 29 60 25 128 35 183 70 154 107 154 49 
189 151 76 126 42 189 76 160 104 139 55 56 77 132 12 10 59 127 40 131 33 163 143 147 134 149 67 41 44 160 117 78 94 167 38 66 30 111 23 53 87 152 37 177 63 19 114 174 170 120 108 178 163 132 81 86 111 199 111 33 196 136 129 179 183 43 63 82 105 196 128 96 185 146 145 188 168 136 148 98 175 115 40 148 36 56 109 127 99 158 133 156 97 163 130 63 55 23 143 190 119 161 195 169 10 192 182 196 188 94 134 15 39 198 30 174 124 105 7 134 48 12 146 142 7 
16 20 119 112 165 27 47 166 158 97 43 153 113 26 105 136 120 127 144 64 46 19 148 112 176 110 58 24 81 150 126 63 67 104 34 76 44 121 92 87 161 117 21 198 135 10 139 29 199 110 61 79 172 176 96 70 178 70 163 133 137 192 61 169 60 45 94 75 45 103 99 72 175 113 83 38 200 27 163 198 139 80 126 187 17 67 105 6 184 109 63 36 184 178 187 40 171 192 18 29 182 177 20 73 134 110 137 118 141 62 57 14 8 198 92 184 44 156 78 178 173 21 97 84 125 
44 95 125 99 73 49 161 75 115 190 52 86 76 53 97 168 119 29 87 187 34 44 53 156 32 7 74 27 97 48 23 70 166 62 123 187 194 137 5 91 78 173 58 3 180 55 61 67 28 184 66 160 160 88 174 113 95 60 27 52 146 25 35 180 188 63 99 5 12 76 148 184 155 13 130 164 86 17 170 12 176 99 178 22 61 134 39 76 32 66 62 9 72 105 42 106 166 128 50 30 149 169 120 138 149 183 171 129 128 163 70 131 16 120 157 24 153 32 110 99 40 184 1 126 103 
97 142 142 11 145 105 130 197 150 16 83 43 138 19 79 31 139 12 1 117 71 160 118 187 3 159 104 4 159 3 88 92 188 77 164 192 41 13 130 116 139 167 131 159 142 137 174 153 189 39 142 195 23 99 43 46 95 160 155 114 126 81 104 160 183 180 167 44 42 71 66 73 198 51 102 179 193 22 20 123 124 70 29 118 153 188 46 16 67 128 195 147 197 105 41 73 22 127 110 65 67 24 101 105 43 181 77 130 27 58 41 136 19 33 107 121 45 128 10 154 97 115 16 13 94 
50 6 96 146 21 55 176 33 9 10 158 48 151 67 139 93 100 146 89 30 151 93 37 151 175 112 152 89 7 147 147 19 61 115 147 11 13 109 52 182 71 161 108 78 70 169 70 101 90 149 108 62 96 113 27 14 31 176 41 177 9 118 126 28 97 125 90 138 27 194 95 185 93 140 170 62 136 104 44 60 32 186 26 24 79 151 189 112 52 19 49 127 6 5 111 198 111 5 134 155 87 134 47 109 7 119 177 90 154 134 41 116 40 35 181 20 89 38 107 23 181 197 128 181 185 
109 38 155 165 95 10 150 165 46 95 105 68 105 108 144 62 94 145 43 188 132 190 125 177 31 48 94 8 59 159 143 68 144 126 192 147 189 121 85 198 100 157 191 19 66 151 96 35 166 152 153 134 77 36 121 121 148 136 74 67 79 35 81 130 197 136 4 70 1 151 94 194 124 192 166 148 72 93 200 164 176 144 111 115 123 151 119 135 145 112 197 145 6 36 121 48 142 13 64 100 56 118 144 92 52 181 87 25 50 195 145 56 7 110 36 114 42 189 139 5 15 170 181 29 43 
159 46 146 83 88 30 102 79 124 144 31 94 11 179 81 6 51 130 182 126 184 192 15 50 43 64 33 182 121 64 27 193 22 76 187 113 106 191 47 145 81 85 116 80 129 157 111 187 122 34 179 101 181 98 66 166 123 63 61 123 35 26 149 80 88 181 119 186 40 181 149 148 35 72 83 183 8 66 159 150 101 54 180 41 103 84 5 11 125 172 116 143 155 157 196 122 66 154 153 171 125 90 148 45 83 139 28 154 159 134 66 169 105 26 62 105 150 54 23 8 127 36 58 149 144 
18 109 52 42 58 102 97 47 22 115 164 191 181 158 189 117 33 91 8 50 133 139 144 90 12 123 72 87 195 113 113 119 15 41 94 103 180 143 167 72 76 17 181 48 15 25 124 97 51 117 106 164 89 131 38 101 174 137 95 79 80 124 21 105 88 132 137 191 173 83 56 192 143 84 156 90 83 126 133 19 183 34 96 92 25 56 199 21 182 15 52 70 189 178 99 136 9 170 102 158 129 25 54 85 45 89 46 20 79 186 112 198 176 8 133 175 10 192 107 140 22 40 133 136 150 
89 12 90 36 21 177 69 80 78 50 93 31 177 55 85 99 160 66 108 114 170 27 27 41 74 41 54 173 161 116 92 175 84 190 119 136 165 177 146 4 177 111 19 93 5 132 161 9 182 66 82 18 52 17 151 110 162 146 9 24 39 191 142 195 194 186 126 7 49 139 142 89 40 48 97 1 104 9 33 77 163 163 195 95 126 1 146 112 11 118 98 173 94 120 11 117 145 141 167 114 138 79 63 190 196 169 98 112 190 155 194 160 80 125 160 10 139 25 69 55 179 134 119 99 19 
16 179 180 46 102 95 12 160 95 46 159 82 52 97 168 32 75 174 161 200 197 150 29 130 127 195 30 45 118 4 66 158 72 99 50 88 3 30 175 165 180 71 100 59 49 38 27 107 72 187 54 21 187 13 48 69 52 167 16 108 141 47 132 171 129 41 166 112 27 144 30 77 14 99 161 132 162 108 85 4 68 91 14 17 76 155 165 104 110 130 23 154 107 47 54 178 16 71 119 187 26 98 158 199 94 35 42 65 27 133 184 48 148 122 143 148 85 56 76 145 113 112 198 89 87 
149 182 155 148 190 196 13 128 135 77 130 94 155 17 81 162 199 171 83 157 21 12 98 63 75 142 109 131 153 114 4 58 118 180 60 74 10 106 154 76 172 91 54 127 69 171 40 119 65 86 87 106 199 198 98 101 14 100 168 174 197 140 125 42 16 198 154 171 138 188 91 42 106 97 115 73 149 15 118 116 1 194 12 101 123 183 163 65 135 162 184 125 66 18 128 33 83 191 78 17 125 99 168 54 147 158 67 131 124 98 28 186 127 192 192 101 153 151 182 34 165 40 26 89 98 
42 25 27 155 18 106 155 70 17 59 57 98 32 69 47 105 123 51 99 58 133 26 126 34 188 129 24 76 87 16 64 73 98 149 189 187 20 129 3 171 44 47 69 131 23 35 194 122 137 182 57 108 99 91 66 193 83 65 99 47 98 102 109 187 45 41 110 133 93 23 185 70 177 146 127 12 96 23 131 105 150 77 156 181 151 24 61 24 133 112 158 78 89 65 140 54 164 84 28 94 108 164 36 128 71 171 110 153 14 80 193 40 106 155 95 67 183 180 90 185 185 102 12 147 50 
180 62 1 56 169 177 146 151 39 22 101 151 164 193 158 146 183 92 137 167 46 131 136 179 179 15 193 124 194 138 137 184 130 25 2 199 35 122 2 59 84 121 133 166 37 170 29 192 132 184 1 75 27 78 156 140 93 72 55 128 8 100 21 98 102 81 42 143 106 95 125 166 184 142 14 42 19 143 122 170 27 186 99 120 173 148 26 11 19 147 55 153 141 169 104 101 74 114 17 171 130 92 37 18 95 139 42 3 160 119 107 151 89 97 144 180 87 200 127 35 17 62 159 37 185 
52 43 148 163 173 184 162 75 80 164 101 176 148 172 132 167 121 198 64 90 130 101 80 170 77 140 184 158 121 144 118 153 73 85 64 112 13 147 98 4 190 20 14 196 187 104 161 120 90 29 91 157 153 43 120 102 23 47 68 58 79 30 49 139 113 146 41 17 122 48 11 165 143 41 90 111 2 137 172 167 95 4 180 117 154 169 42 59 183 110 46 158 143 112 82 23 17 186 92 100 82 165 89 7 66 6 16 186 115 96 88 24 118 96 185 188 117 21 140 164 165 9 83 114 62 
154 153 6 167 48 56 146 59 57 27 21 198 129 112 90 174 110 155 146 73 32 81 48 15 6 55 111 108 72 196 168 56 80 83 89 64 147 185 24 164 170 138 155 22 166 177 197 46 92 77 40 42 24 103 188 142 75 199 25 12 58 195 33 184 30 156 60 121 160 122 190 75 48 172 181 25 107 188 142 67 107 102 134 108 140 31 171 17 145 177 194 171 34 137 147 40 175 77 37 133 188 127 84 125 193 135 105 143 143 175 39 32 130 10 192 101 61 91 35 78 56 155 93 175 6 
108 200 67 36 123 4 60 169 35 74 112 173 1 137 180 96 161 118 33 135 19 42 60 34 41 136 142 83 100 12 64 186 99 76 65 23 60 64 131 145 181 192 109 1 135 11 108 160 12 41 7 68 28 143 166 6 194 138 14 40 78 5 12 17 59 14 171 60 158 36 14 26 122 141 119 13 34 65 121 124 167 110 194 77 37 4 158 127 133 90 110 96 1 56 16 142 108 181 113 66 169 156 5 195 75 27 48 142 58 196 118 81 105 119 166 12 197 119 11 185 178 57 58 71 157 
167 130 50 84 114 157 71 179 176 86 81 57 132 136 169 193 48 84 185 65 187 133 72 103 60 151 176 37 14 48 125 65 117 154 140 125 168 23 61 161 2 135 17 75 91 106 8 93 117 44 179 125 34 52 32 147 129 57 192 88 86 77 83 189 107 93 79 88 135 164 194 127 12 79 44 194 25 95 21 84 192 161 154 152 160 43 69 57 43 55 112 198 30 108 130 181 39 155 92 46 192 27 178 159 10 128 116 120 196 73 195 48 57 41 109 40 123 119 148 50 43 66 69 150 170 
148 183 66 145 175 27 92 129 150 1 105 124 154 26 157 20 93 174 87 126 98 21 39 120 9 14 151 111 118 179 76 183 152 12 184 183 85 79 13 15 89 3 122 184 5 131 80 74 174 99 181 130 141 157 108 133 105 116 118 67 38 114 127 75 129 192 151 137 172 184 102 162 67 45 98 1 57 178 200 71 78 150 3 109 150 42 20 176 119 11 39 86 21 153 103 4 120 44 48 80 59 182 70 194 160 131 47 20 60 119 119 21 20 125 119 128 71 111 164 81 117 129 148 83 44 
88 2 112 58 184 139 126 175 178 143 81 16 140 119 78 103 158 189 47 46 129 45 74 122 162 84 92 57 89 43 36 62 78 187 88 10 38 114 192 37 104 121 133 51 125 78 102 96 138 53 68 48 32 103 10 181 68 172 19 80 25 184 43 49 45 44 68 71 148 83 195 77 170 189 75 167 150 175 143 104 105 103 7 149 58 172 125 187 8 85 98 95 76 3 44 80 106 13 25 146 114 148 9 72 49 84 164 48 28 167 43 110 28 119 139 151 18 56 121 164 82 163 93 42 152 
94 155 80 14 119 96 88 119 77 149 71 46 160 27 125 13 22 166 153 101 76 174 140 197 114 179 154 176 21 182 129 154 16 158 160 118 146 69 89 150 60 94 72 71 195 35 48 144 178 10 28 185 93 27 76 200 165 172 144 125 190 113 106 104 58 90 135 57 154 148 48 139 64 155 103 186 162 72 109 190 85 116 59 162 152 127 143 12 28 167 190 133 91 118 66 92 33 106 5 54 137 93 92 177 95 153 132 171 99 161 170 124 192 102 120 119 111 68 12 180 174 162 99 15 128 
47 177 17 57 3 170 67 120 35 81 75 62 21 124 44 185 99 134 145 138 64 59 147 133 79 123 61 28 62 193 59 117 109 191 172 27 188 71 12 185 115 110 41 76 62 29 191 124 41 197 39 175 174 98 163 168 117 155 81 151 57 135 53 29 138 196 196 56 53 108 157 177 189 177 109 186 180 63 82 142 50 95 62 167 94 17 93 118 190 68 139 152 125 86 126 148 100 95 123 132 126 33 143 151 76 143 14 4 42 93 132 142 118 60 127 139 23 6 32 112 39 49 44 126 43 
101 120 20 44 140 54 71 95 137 187 87 136 98 13 37 96 80 129 165 149 28 186 74 197 25 141 200 89 48 78 52 157 17 57 111 177 30 108 102 152 130 11 163 106 26 22 32 144 184 61 153 36 136 81 125 99 177 39 134 112 92 23 113 105 41 112 35 141 2 68 81 96 57 98 65 81 157 190 64 90 31 139 199 129 31 106 165 100 91 50 162 103 25 102 90 20 196 144 28 118 82 109 4 197 148 192 37 157 37 200 103 200 53 3 61 194 170 164 17 12 134 137 167 108 139 
169 96 105 92 133 74 76 50 89 59 60 114 33 114 114 172 159 10 183 192 50 160 154 34 95 122 142 128 4 192 167 51 64 16 200 155 73 104 20 5 91 132 68 38 169 21 144 186 188 112 34 138 80 143 173 86 97 105 163 67 134 64 122 53 85 156 10 104 183 197 125 180 174 108 85 66 161 130 183 134 185 95 105 200 57 59 48 104 1 137 148 126 50 18 137 121 21 180 80 197 110 139 153 43 153 45 74 24 19 76 124 159 158 136 72 64 20 133 113 38 189 33 165 102 28 
62 62 41 23 6 29 66 36 64 92 116 96 101 8 154 20 178 133 133 51 183 89 82 110 164 165 16 137 7 131 163 1 54 115 138 22 122 115 149 107 17 115 148 110 161 136 117 165 123 110 57 148 188 152 175 115 169 115 187 102 31 88 91 80 61 189 24 92 147 17 89 125 53 129 67 170 149 88 10 72 128 81 78 159 198 26 128 90 83 65 71 129 53 115 30 165 144 75 149 154 53 62 96 29 197 6 181 64 46 20 126 91 110 43 192 186 44 143 43 186 92 33 58 116 15 
148 29 48 162 132 152 123 27 115 166 27 173 162 1 36 74 192 42 28 194 33 97 46 103 143 106 83 30 106 131 166 101 117 184 114 165 15 182 182 145 30 43 52 175 23 29 93 142 9 26 172 142 69 24 134 132 131 160 97 152 168 38 154 156 71 89 83 155 29 179 60 89 43 145 8 35 73 114 6 19 23 47 48 107 19 59 123 78 141 141 124 120 72 124 116 90 99 157 71 34 89 50 30 92 53 1 140 97 144 118 79 54 85 88 96 50 130 194 83 186 104 76 29 32 192 
