50 6
0
0
1 5 85 175
2 13 8 13
3 18 52 330
4 22 44 286
5 28 196 1204
6 31 15 31
7 32 9 50
8 39 23 -7
9 48 136 864
10 51 165 -279
11 52 13 78
12 54 86 -118
13 58 181 1506
14 68 153 680
15 73 88 777
16 91 50 291
17 96 130 356
18 104 53 422
19 109 31 109
20 112 185 1592
21 115 145 985
22 116 149 712
23 127 114 1039
24 134 140 -146
25 137 96 713
26 163 6 151
27 190 139 -88
28 191 155 1121
29 213 130 993
30 215 176 1623
31 215 104 1047
32 216 16 184
33 222 62 594
34 236 3 248
35 237 178 949
36 249 37 175
37 276 44 452
38 282 4 282
39 282 185 1762
40 285 198 1473
41 288 93 846
42 289 120 529
43 289 154 289
44 291 103 703
45 301 35 511
46 304 4 312
47 312 68 720
48 313 65 313
49 314 106 738
50 323 10 403
87 155 105 164 136 146 36 154 103 161 144 180 79 94 90 82 4 139 193 92 117 42 9 153 38 199 21 78 148 113 122 40 16 162 81 100 116 97 159 159 194 115 25 111 163 141 12 121 135 34 
159 179 199 50 114 140 27 144 189 110 12 172 6 28 162 136 159 44 30 131 98 10 63 9 35 199 126 82 127 82 130 72 134 38 128 170 135 100 166 184 182 169 47 133 110 19 46 130 39 63 
115 73 47 52 66 104 187 121 14 82 175 37 115 144 103 38 83 83 20 14 153 5 12 169 34 82 192 130 195 141 42 8 140 182 122 111 57 143 189 197 91 129 118 155 151 5 27 71 11 76 
161 20 3 103 173 175 178 60 166 138 45 43 173 171 77 55 96 68 42 74 158 106 119 105 53 135 98 198 43 44 98 114 115 38 16 155 61 40 162 57 140 65 70 112 89 78 149 185 28 40 
27 151 62 189 123 123 173 193 95 104 134 191 99 188 112 192 173 98 173 80 176 114 83 39 191 49 63 164 126 98 1 126 196 182 97 15 73 49 88 23 93 56 168 104 156 73 189 170 35 129 
145 100 121 119 50 51 3 35 126 45 148 37 144 148 171 136 49 153 148 189 168 102 63 193 79 155 93 10 177 34 177 89 140 116 69 29 169 134 32 43 155 103 179 92 158 116 199 198 147 105 
87 9 87 136 101 134 20 72 195 75 188 1 136 86 167 24 163 6 157 149 120 179 134 194 22 61 170 99 32 176 128 112 182 12 192 21 7 11 96 41 1 31 130 193 53 32 11 104 177 96 
164 60 124 190 13 161 38 152 54 137 154 19 88 92 176 26 82 35 14 61 160 22 45 64 175 197 114 127 28 131 192 43 67 119 168 143 199 65 129 177 103 73 75 28 82 33 77 138 111 49 
5 32 73 179 126 84 148 32 91 166 96 12 104 75 6 43 128 168 156 3 133 24 46 50 181 200 56 63 149 100 25 185 47 25 163 105 182 55 6 7 45 17 184 68 188 48 125 45 35 1 
156 120 191 138 76 143 113 181 142 129 128 117 28 140 112 16 9 16 142 98 121 136 103 10 20 81 100 7 111 148 115 124 2 132 91 26 80 60 66 44 98 87 64 171 86 13 47 105 1 162 
118 147 173 84 115 142 16 185 3 47 197 27 54 38 32 162 169 146 188 41 193 120 31 47 70 61 68 21 148 31 79 185 173 168 155 138 32 186 7 31 72 131 73 46 26 30 20 41 72 23 
119 146 75 139 45 59 128 116 69 80 72 35 86 57 39 24 89 78 76 176 55 79 118 103 164 26 64 3 171 43 139 39 19 108 196 25 1 13 37 61 99 56 179 16 149 179 127 97 83 51 
165 16 6 176 25 128 111 6 92 14 91 96 52 14 162 1 10 153 161 175 11 74 99 134 150 169 132 77 151 18 2 90 123 15 71 30 72 78 180 168 29 26 111 183 19 155 140 9 182 25 
138 14 51 88 57 4 10 151 65 68 122 4 113 126 166 148 29 12 17 166 152 20 110 61 171 68 15 156 150 128 14 59 78 179 100 152 18 125 124 103 36 142 176 129 143 68 118 187 68 114 
104 85 86 132 57 22 38 96 139 49 114 55 182 126 32 56 48 49 184 187 155 196 124 109 134 70 165 183 154 75 181 185 5 165 10 18 155 69 109 23 26 12 85 36 133 176 122 5 20 140 
22 164 84 91 57 134 13 1 177 48 173 177 123 72 35 106 86 19 191 11 92 32 126 29 194 128 32 72 114 159 72 161 58 156 99 153 50 99 11 114 192 184 48 182 123 151 170 56 33 185 
84 116 167 143 106 142 53 168 64 144 87 26 87 54 156 169 65 184 23 189 29 194 11 5 48 42 25 66 12 34 69 5 94 73 20 75 185 51 123 133 15 11 191 25 137 121 158 43 32 161 
8 82 112 195 115 151 82 159 100 26 34 142 40 16 77 169 140 37 157 53 87 174 65 125 91 143 56 191 184 2 111 182 85 195 111 12 66 193 120 28 194 66 167 35 113 114 50 41 119 173 
162 113 57 27 185 98 27 30 130 114 162 182 194 135 75 43 180 98 175 25 135 122 166 173 31 176 106 82 26 177 48 81 175 63 85 13 40 173 174 58 174 16 20 104 133 167 69 90 135 30 
13 179 56 21 27 157 97 152 154 69 47 7 195 15 111 9 200 176 34 153 186 152 10 14 164 195 74 187 196 15 168 19 96 24 159 59 124 101 108 191 12 84 21 7 30 190 85 112 50 140 
114 31 100 65 102 29 133 39 9 194 165 104 154 9 25 134 104 152 98 38 131 100 28 110 45 78 15 81 85 101 97 171 200 94 51 22 133 58 49 82 170 143 91 107 123 176 2 63 138 83 
24 88 110 102 90 105 75 124 197 135 180 26 111 138 83 97 107 47 42 200 176 27 188 4 200 32 4 86 118 116 163 98 85 189 12 126 61 61 118 129 7 117 3 162 179 57 94 174 164 177 
79 168 175 181 12 30 41 44 79 181 167 71 82 87 194 17 29 56 96 157 165 93 39 3 30 83 109 29 94 179 60 58 21 135 50 71 46 199 70 56 122 200 88 187 46 120 72 88 162 12 
108 185 142 32 183 162 129 119 27 117 101 178 15 1 6 187 170 15 42 35 84 171 136 132 79 147 42 75 58 122 120 195 71 57 92 123 170 14 111 66 181 116 175 91 84 108 158 106 9 112 
102 10 53 145 175 105 147 64 130 100 131 176 109 68 20 146 191 62 58 96 117 130 76 56 133 99 88 4 96 14 1 88 166 45 13 64 60 54 116 38 69 183 191 99 190 120 86 45 110 11 
78 192 53 169 159 72 123 147 179 47 146 74 176 61 167 40 109 198 192 145 182 52 133 55 188 7 180 60 161 132 184 51 58 29 170 159 13 51 133 116 30 166 27 123 114 129 25 29 152 6 
73 52 188 120 14 115 151 152 18 11 72 185 161 42 96 22 97 119 38 81 37 5 105 58 96 150 117 118 40 3 183 4 63 166 57 20 53 197 116 58 161 34 190 30 80 65 13 62 88 191 
49 91 65 125 160 58 8 98 170 131 6 160 116 164 191 83 144 163 127 150 196 82 8 14 112 198 146 42 154 57 40 191 185 195 76 180 176 196 76 137 153 163 187 198 131 52 133 129 96 19 
14 175 182 39 196 90 140 72 143 72 30 48 192 159 170 178 42 27 154 155 92 51 30 197 5 91 97 81 42 11 71 93 88 161 134 179 117 188 41 86 82 16 47 34 30 93 151 14 77 115 
79 174 106 64 82 18 150 186 108 179 91 94 3 200 197 178 160 73 99 112 69 100 11 191 41 152 86 134 5 80 38 140 168 152 80 112 190 96 98 122 77 4 168 182 117 144 80 181 111 112 
55 173 188 11 181 62 76 89 198 70 166 18 111 175 67 116 108 97 16 79 48 141 62 126 114 72 61 96 17 112 7 125 148 111 24 147 168 134 167 161 125 22 152 37 184 123 37 134 104 66 
15 5 101 183 18 31 90 59 151 165 168 47 24 12 84 171 124 155 46 97 104 69 63 38 156 155 61 66 124 17 144 179 189 127 164 81 19 45 11 1 89 97 47 111 64 170 148 114 138 200 
74 69 120 28 72 38 94 92 183 102 11 153 173 19 50 63 182 100 71 186 109 196 78 112 131 186 99 77 174 137 112 197 29 47 83 32 15 13 86 89 25 137 100 60 195 42 141 179 82 94 
100 12 135 22 25 96 3 200 111 118 76 138 74 77 109 99 146 112 161 93 112 92 93 91 114 196 76 128 185 55 167 34 29 41 31 180 174 192 156 38 171 97 200 179 173 74 161 182 6 80 
60 200 49 81 15 23 94 39 42 16 14 28 108 138 53 77 32 123 170 153 149 159 18 56 164 59 118 194 101 83 25 189 187 77 55 52 72 85 13 18 9 72 63 133 62 4 114 92 28 80 
54 196 101 136 190 89 160 102 76 127 77 14 67 31 21 73 192 179 96 139 49 164 94 12 66 112 93 150 79 79 53 102 182 137 143 145 142 55 180 62 171 74 146 41 44 71 23 145 52 160 
24 61 152 163 126 166 111 48 2 16 35 35 85 140 185 94 51 183 21 18 46 69 114 10 104 84 54 43 61 67 6 127 11 16 12 24 151 39 14 36 16 55 18 10 98 90 41 191 68 95 
76 154 29 84 111 189 184 134 106 7 200 7 85 156 104 155 133 91 20 53 27 185 192 79 40 164 159 65 109 13 66 141 109 65 43 43 185 178 164 56 135 161 119 72 166 21 191 118 185 6 
57 164 90 106 150 24 169 96 72 156 38 7 1 191 95 120 23 132 7 147 164 174 189 127 176 53 41 194 84 36 123 5 81 61 180 14 109 197 125 168 125 128 130 177 155 80 29 144 92 184 
95 100 169 30 181 175 17 69 40 76 17 29 96 8 194 66 174 7 46 128 113 116 194 122 71 58 115 48 104 124 20 64 13 75 91 91 38 128 112 70 116 24 173 159 54 15 20 9 194 164 
199 172 157 158 108 91 77 49 81 184 8 27 194 182 171 92 80 174 13 129 164 186 41 129 28 180 131 85 196 87 27 163 52 57 140 46 95 181 35 161 43 127 5 96 196 174 51 42 75 40 
24 42 24 197 170 5 85 154 151 148 122 140 29 6 2 126 125 17 28 120 159 38 112 83 162 181 1 175 13 131 136 194 7 8 151 23 5 156 102 96 181 103 85 104 199 38 66 136 81 44 
111 38 109 14 74 126 156 156 179 135 151 190 173 172 28 39 103 21 186 31 146 22 87 161 131 114 71 6 84 112 186 139 119 70 167 93 36 30 106 177 161 93 127 90 134 89 138 57 102 133 
95 165 199 74 139 33 179 161 92 188 106 15 41 96 121 108 157 80 86 137 22 190 115 173 182 159 143 90 153 61 194 163 107 125 174 42 149 47 136 65 146 159 165 30 186 86 161 2 37 84 
97 196 56 18 64 92 115 187 93 198 166 92 165 130 29 139 117 118 74 22 134 52 95 148 43 100 130 21 184 28 25 131 176 64 84 200 93 103 57 25 119 39 169 24 15 7 144 94 130 54 
143 44 44 149 63 46 55 132 18 142 124 11 114 160 36 32 28 127 128 69 88 178 75 194 110 14 86 132 117 44 47 188 110 103 58 18 196 193 85 4 165 21 181 49 87 74 66 186 50 110 
168 84 161 159 194 156 159 124 41 65 163 130 191 13 123 189 53 200 62 148 83 133 84 146 131 125 87 31 12 111 25 69 165 122 169 1 113 50 153 72 65 30 102 149 160 59 7 27 191 71 
140 33 162 20 134 147 158 88 62 132 62 163 178 25 71 121 164 58 200 92 200 155 35 130 116 45 103 67 100 194 165 6 50 170 129 132 20 62 15 178 135 29 39 98 47 89 157 110 47 134 
124 193 21 43 35 115 151 66 70 170 43 124 66 103 85 181 112 198 194 184 68 179 132 161 70 31 14 107 5 103 132 75 25 144 49 60 17 183 43 197 149 123 126 23 92 165 56 141 6 109 
59 26 174 84 17 72 142 65 27 72 167 71 166 130 199 159 60 34 185 16 50 128 164 181 90 10 151 41 105 155 10 161 14 36 32 13 145 28 157 117 115 26 139 151 165 51 131 9 20 44 
102 121 185 171 95 156 61 197 103 99 118 59 128 154 147 189 159 118 188 65 111 172 193 77 47 127 99 135 74 180 54 9 31 80 176 49 104 104 57 32 171 103 139 182 26 9 109 20 197 103 
