125 4
0
0
1 11 56 -101
2 29 87 29
3 58 151 58
4 59 70 199
5 69 78 225
6 85 132 1141
7 102 94 290
8 123 92 859
9 125 41 207
10 129 91 129
11 145 185 885
12 146 12 218
13 147 136 147
14 154 154 770
15 164 154 472
16 191 173 191
17 214 111 880
18 221 97 609
19 222 62 594
20 250 6 250
21 253 155 873
22 267 185 267
23 286 151 -16
24 293 133 27
25 311 102 311
26 326 156 1574
27 343 151 1249
28 350 1 358
29 353 82 353
30 358 118 358
31 368 88 544
32 379 91 925
33 383 11 361
34 388 1 394
35 402 1 408
36 404 19 404
37 419 197 1207
38 426 97 620
39 440 83 1104
40 443 126 191
41 458 9 458
42 519 62 395
43 532 94 908
44 547 16 547
45 548 63 548
46 564 21 732
47 569 9 569
48 572 109 790
49 577 6 601
50 577 36 649
51 582 55 1022
52 585 134 585
53 625 42 625
54 628 52 836
55 632 65 762
56 638 72 1214
57 659 102 455
58 661 157 1289
59 664 115 1124
60 675 173 329
61 688 8 752
62 701 128 1725
63 730 195 1120
64 739 99 1333
65 746 116 1210
66 751 194 2303
67 766 95 766
68 786 8 786
69 795 33 795
70 805 13 883
71 820 99 1612
72 832 116 1528
73 848 10 868
74 858 11 924
75 869 98 1653
76 873 170 1893
77 878 56 766
78 886 109 1322
79 919 191 537
80 925 187 1673
81 935 103 1347
82 945 199 1343
83 946 86 946
84 955 42 1039
85 955 80 795
86 956 52 852
87 965 163 1617
88 984 116 1216
89 984 79 1142
90 993 79 1467
91 1008 157 694
92 1015 186 1759
93 1027 136 1843
94 1035 92 851
95 1057 72 913
96 1077 83 1409
97 1079 48 1463
98 1079 73 933
99 1093 8 1109
100 1098 154 1098
101 1102 156 790
102 1106 6 1094
103 1106 143 1964
104 1108 151 2316
105 1112 69 1112
106 1118 6 1154
107 1119 154 2043
108 1133 197 1133
109 1147 60 1147
110 1160 157 2416
111 1167 103 1785
112 1193 46 1193
113 1194 177 1194
114 1197 169 859
115 1198 72 1054
116 1215 124 1215
117 1216 187 1590
118 1218 149 920
119 1227 7 1255
120 1230 19 1268
121 1235 65 1365
122 1241 200 2441
123 1243 187 1991
124 1244 3 1250
125 1250 66 1382
17 44 50 96 57 32 84 169 23 100 91 5 43 96 146 197 35 108 196 48 71 147 94 121 126 96 148 99 43 12 65 128 162 42 163 45 172 100 193 115 5 50 11 157 29 179 116 135 30 42 98 32 5 162 76 75 118 136 194 71 17 187 167 192 56 70 44 158 3 106 66 72 177 169 77 187 171 81 117 32 131 149 177 97 150 180 96 8 46 100 192 79 44 82 189 90 160 75 5 174 8 188 165 125 86 7 85 20 111 169 91 53 30 83 185 154 50 52 127 28 28 183 151 34 195 
122 36 153 86 85 158 117 195 102 18 20 106 179 133 144 67 117 107 96 34 39 170 155 198 100 62 56 32 21 40 177 166 22 172 65 58 159 61 83 99 37 171 125 133 119 82 115 69 9 157 20 32 53 32 123 114 25 36 195 66 54 164 32 161 68 124 114 106 73 55 12 124 176 151 182 23 5 137 185 198 76 46 34 87 137 8 48 131 197 151 108 55 165 46 25 158 65 102 115 121 174 172 149 193 79 29 12 73 49 172 130 81 22 126 191 195 17 91 43 16 110 95 70 94 146 
91 17 164 37 76 25 144 92 77 199 2 124 188 60 130 59 124 180 158 171 109 33 91 11 7 137 35 189 10 13 178 190 195 115 164 194 164 25 68 8 113 138 150 139 44 85 111 182 107 9 92 152 161 53 123 87 120 86 26 128 140 76 28 147 82 177 70 151 146 197 77 26 22 1 166 62 70 177 175 89 195 110 192 116 138 44 187 40 16 178 24 31 20 7 100 34 112 115 40 137 114 26 110 163 9 60 63 106 152 65 57 55 192 167 41 112 151 68 35 61 192 28 121 30 150 
136 110 150 172 174 49 83 171 99 34 117 193 38 50 142 188 160 133 56 76 43 135 172 9 176 186 200 96 158 43 120 119 147 42 148 147 52 105 193 143 137 40 8 96 3 65 107 89 175 116 126 98 39 92 99 66 78 103 36 144 9 121 35 152 8 186 55 154 17 21 142 5 38 76 109 26 63 141 56 143 91 66 122 153 70 98 142 80 119 99 102 102 114 192 62 98 170 77 43 14 135 119 180 101 183 124 40 193 200 184 169 32 61 189 187 34 159 66 16 192 22 32 93 154 113 
6 170 91 88 146 161 42 108 80 198 159 126 76 122 128 96 126 68 27 124 72 156 68 47 145 199 158 184 53 179 34 13 10 130 49 132 174 94 54 178 26 183 69 49 42 32 72 3 199 17 13 32 50 159 104 75 77 55 191 183 196 31 55 67 2 122 103 76 52 148 9 36 83 114 199 171 22 33 190 113 101 193 3 175 168 34 164 170 35 42 105 119 93 43 102 61 92 185 170 163 49 119 40 136 27 162 173 36 98 146 75 27 116 90 73 38 191 190 40 84 27 172 50 94 34 
72 50 185 130 174 183 190 161 106 117 5 126 173 11 25 105 76 75 114 147 195 46 96 115 62 128 198 41 148 185 122 15 112 141 171 54 167 140 43 87 134 70 15 30 158 171 125 130 199 151 60 150 22 154 158 167 164 64 183 101 171 63 48 174 123 195 166 180 108 82 48 21 64 115 14 113 66 162 130 19 78 193 92 168 37 64 13 75 146 175 71 129 78 97 2 144 88 24 105 4 54 166 66 63 68 162 122 2 139 195 154 125 83 83 43 155 166 93 175 91 136 5 145 169 25 
84 172 34 167 62 179 83 106 195 72 99 147 81 26 167 118 138 141 200 14 54 6 193 152 85 14 47 152 154 76 3 186 103 90 163 80 111 32 14 52 110 193 183 159 162 140 85 187 15 45 49 67 45 122 134 13 17 3 76 7 90 142 11 149 21 113 60 150 40 160 161 27 62 71 70 158 26 108 100 156 6 13 166 146 166 99 162 58 143 127 153 69 151 3 160 83 130 84 115 85 37 107 65 17 42 6 162 178 135 39 1 21 95 163 56 154 84 12 22 168 31 77 149 124 64 
80 114 16 166 137 8 182 48 30 64 40 147 147 37 81 39 90 143 168 13 78 198 137 22 61 61 56 172 200 160 42 12 165 124 79 41 63 177 93 163 87 192 197 10 62 168 124 160 200 170 3 88 141 145 52 31 72 140 49 149 155 199 102 160 28 96 135 69 179 190 106 138 158 109 91 92 92 194 156 59 53 175 99 9 44 118 181 10 199 37 134 79 158 60 197 19 15 187 193 18 195 155 181 192 162 45 29 133 43 148 193 10 132 101 177 178 124 30 180 125 154 69 50 154 158 
14 113 65 194 53 41 184 72 169 183 167 129 138 158 63 144 67 181 26 24 114 88 139 158 63 200 142 161 25 87 174 126 162 20 132 21 26 152 54 55 144 196 115 85 192 196 161 96 181 79 198 108 76 105 176 150 190 167 122 140 96 134 94 20 61 138 179 17 3 179 91 122 137 65 6 195 171 141 36 192 90 101 183 25 126 132 158 179 43 132 68 121 58 103 1 197 31 46 56 125 53 31 14 47 102 151 78 191 161 185 34 72 141 61 128 104 65 139 108 166 200 119 61 161 101 
67 107 73 65 36 179 23 194 180 1 44 152 63 15 137 146 85 62 2 37 107 161 152 11 178 86 151 48 79 141 116 193 69 108 54 66 171 100 118 52 164 60 173 23 80 61 183 4 80 39 141 165 197 184 182 119 142 119 196 85 24 43 173 32 136 13 105 143 172 136 22 46 98 196 25 195 171 175 70 106 56 125 89 49 194 4 10 74 30 194 169 47 87 65 119 76 68 12 163 4 191 51 66 109 181 6 155 42 77 14 76 142 1 79 190 137 182 168 86 51 105 169 141 166 183 
121 39 196 12 55 99 117 130 75 160 103 19 107 15 175 146 63 98 192 104 183 130 35 64 69 24 39 35 126 177 152 32 8 35 63 194 19 20 130 4 123 179 41 37 152 69 161 3 92 78 179 124 164 153 96 120 63 114 32 186 29 119 100 164 88 129 146 99 172 125 167 128 85 150 66 82 153 99 10 112 132 132 161 43 72 12 25 165 61 19 163 18 111 85 144 104 118 191 115 97 11 83 119 189 77 29 138 161 192 42 153 4 45 97 196 63 97 33 108 76 193 8 5 38 147 
177 99 17 117 55 101 157 12 172 36 83 161 104 36 87 16 187 161 75 189 180 106 136 199 11 107 101 110 104 79 109 97 134 30 82 36 78 84 25 115 101 32 84 21 35 27 189 159 190 118 5 6 38 108 74 24 112 182 4 82 55 21 44 151 162 87 174 10 146 96 185 39 122 44 110 179 83 109 66 138 179 143 104 10 161 159 176 81 71 106 109 117 34 135 48 19 65 31 167 14 74 26 81 38 159 22 102 16 74 177 138 177 26 156 131 143 101 119 176 97 142 160 196 126 128 
39 182 36 138 3 14 158 21 176 156 2 66 83 126 98 29 22 109 51 47 105 18 131 144 103 78 62 197 133 182 172 85 97 51 92 2 44 153 177 56 161 104 179 171 30 169 142 17 198 124 69 74 70 101 14 140 91 190 172 131 150 143 12 149 52 54 38 135 19 157 172 106 124 151 89 85 182 52 2 116 157 86 8 35 69 17 73 159 184 73 49 44 114 45 39 88 56 110 116 148 64 95 138 59 197 85 43 61 117 103 41 168 103 112 85 62 105 11 117 114 24 49 50 194 83 
199 7 45 41 18 85 68 35 1 87 26 93 106 21 160 176 73 64 139 116 91 28 63 38 197 60 194 4 86 70 81 10 89 17 91 126 42 53 157 14 143 61 92 59 150 178 74 163 142 126 182 42 149 139 25 114 161 151 48 47 61 3 11 185 83 27 164 33 188 4 36 89 129 143 181 84 70 120 188 54 30 74 117 111 23 24 183 183 45 53 80 44 167 150 187 174 93 186 183 61 103 25 108 22 142 36 151 127 10 193 103 73 15 61 101 6 120 155 31 153 70 98 199 111 96 
143 169 39 133 190 193 81 156 10 53 112 135 146 64 72 73 88 71 41 25 81 149 34 14 88 6 133 117 93 171 10 163 38 104 4 152 151 15 35 69 182 196 107 191 160 179 89 118 24 83 199 2 137 86 6 102 91 92 195 137 150 152 162 151 21 51 98 153 175 176 29 74 196 90 80 45 131 124 60 58 65 173 200 32 70 175 83 39 15 125 89 10 178 40 67 55 4 14 69 92 96 33 111 58 154 125 155 100 67 150 77 29 157 59 148 68 80 118 92 192 62 13 114 136 81 
54 147 50 84 123 67 133 151 41 63 133 169 139 169 100 70 39 77 186 29 16 109 104 131 91 142 40 55 95 180 118 88 24 48 86 93 138 36 78 16 117 123 63 98 171 186 153 143 156 100 101 181 103 188 119 48 165 185 51 182 25 4 142 43 98 35 23 78 34 187 21 186 123 85 182 193 30 182 166 95 66 150 126 110 33 21 61 74 126 108 2 142 197 8 28 197 171 177 144 70 176 144 92 23 115 55 5 12 102 188 101 47 27 199 123 69 188 88 136 186 76 170 161 180 85 
35 37 51 143 20 87 101 66 67 20 156 39 99 46 57 56 83 12 91 91 124 124 125 124 52 142 143 164 133 32 35 117 117 129 108 38 19 61 93 4 94 2 101 175 161 157 59 187 184 124 4 78 26 115 146 8 116 43 151 10 60 87 32 45 89 192 131 162 119 31 192 175 167 108 151 92 77 31 99 149 132 59 66 165 173 39 64 174 185 118 7 43 134 53 41 64 181 161 145 107 29 13 88 112 44 199 83 84 19 6 115 48 131 159 139 162 122 29 193 79 189 145 111 122 92 
98 63 56 176 195 96 161 124 153 91 4 46 148 54 141 34 161 1 92 130 106 142 154 67 166 21 75 109 156 41 130 14 146 57 87 75 29 61 3 18 130 171 125 175 143 152 126 125 6 47 178 80 179 39 99 59 54 173 148 64 187 133 181 40 71 79 87 59 74 85 70 129 47 71 154 190 130 39 11 105 25 108 64 159 6 179 150 90 62 192 73 78 197 73 181 141 135 118 61 123 125 161 86 67 28 98 152 53 153 10 126 162 1 133 139 80 175 75 36 13 128 91 134 63 8 
131 9 133 111 167 76 41 104 74 55 52 154 189 6 49 158 11 78 158 103 16 124 197 49 150 166 186 67 181 160 163 168 66 138 116 83 28 6 124 128 104 97 192 25 75 11 65 98 190 184 157 33 143 185 41 196 183 32 65 111 42 105 163 20 198 28 87 184 136 49 119 54 151 171 12 95 125 162 147 197 184 57 175 62 195 111 191 104 36 119 143 185 163 167 140 64 79 199 61 96 89 83 10 17 20 156 101 57 156 116 182 13 68 159 84 169 175 54 163 110 30 117 29 168 178 
179 38 40 163 134 171 179 154 47 36 181 80 72 3 88 182 6 83 34 109 199 122 162 159 85 38 170 91 149 124 43 163 113 14 87 73 4 168 98 118 70 88 174 24 171 46 178 131 32 147 175 86 46 138 56 52 114 178 185 151 149 121 13 41 73 5 26 92 49 169 156 183 103 59 75 35 65 153 137 28 47 155 43 186 182 101 40 70 100 82 34 54 10 37 177 68 161 136 113 119 184 57 65 94 60 190 79 102 125 121 119 193 40 92 184 87 74 57 154 183 164 65 185 198 53 
157 62 51 52 124 67 137 81 48 111 95 1 25 89 174 98 190 135 45 102 66 136 123 19 40 193 94 87 190 140 197 129 15 76 174 26 129 115 190 68 36 132 27 26 38 121 53 109 113 166 165 168 106 53 154 19 195 19 124 138 19 153 1 55 139 104 54 5 139 61 104 15 7 189 134 36 166 79 26 61 135 50 55 94 130 152 148 157 172 165 8 197 100 14 163 19 194 21 20 1 175 27 16 138 160 114 52 136 99 99 145 5 91 100 187 169 188 13 81 41 181 161 87 49 138 
147 33 95 43 115 195 174 156 83 124 64 183 9 160 87 143 126 72 199 15 126 68 16 134 151 169 6 100 180 64 24 39 8 63 59 67 141 133 103 99 169 54 95 167 118 181 53 9 128 162 49 109 24 48 69 122 60 25 188 179 103 115 85 26 94 14 143 75 127 49 57 156 103 4 191 94 146 148 95 123 146 73 178 70 139 189 39 54 44 152 103 187 146 190 28 179 95 106 72 54 12 141 161 135 181 169 55 139 119 86 137 31 78 188 111 11 30 103 194 63 76 121 143 192 190 
150 75 200 64 101 16 29 185 6 3 164 135 91 103 38 130 116 188 74 200 108 125 73 1 162 117 47 79 118 107 165 142 29 119 83 48 17 137 188 164 92 168 138 86 169 150 195 147 63 160 14 57 111 58 112 147 104 88 51 60 107 136 72 99 167 184 115 88 183 165 175 43 93 175 1 88 73 194 44 25 113 119 43 151 98 6 78 144 157 108 27 132 78 178 8 136 133 27 10 120 185 125 77 112 115 94 86 83 169 3 107 139 182 109 129 141 68 31 192 154 35 5 145 68 84 
18 98 64 63 25 137 145 146 54 142 81 80 188 11 41 152 180 44 171 27 27 90 199 115 29 35 90 121 154 23 37 33 114 12 12 140 159 107 113 102 9 41 95 164 34 196 46 118 181 142 192 193 86 182 162 31 188 185 63 56 156 39 173 90 37 9 195 118 70 25 50 14 32 43 117 132 175 197 174 61 75 67 160 152 148 28 173 91 139 170 60 145 27 161 97 168 8 67 52 198 63 80 94 54 99 131 47 141 70 172 10 51 98 199 14 84 171 195 64 142 36 31 184 50 62 
88 16 167 157 172 57 112 143 157 75 119 121 33 89 98 119 70 172 157 73 91 64 64 53 134 197 86 39 107 198 125 52 103 190 2 116 41 159 175 42 158 85 9 26 99 152 61 64 89 83 12 176 132 102 90 142 94 173 189 165 193 73 95 166 16 38 193 96 53 167 190 61 7 29 128 81 103 18 70 196 42 80 38 198 39 3 113 135 194 107 132 6 125 93 189 106 138 18 53 120 71 60 31 197 118 64 152 151 27 30 9 66 143 175 198 81 185 95 92 70 99 174 156 186 138 
27 163 16 26 72 183 113 67 50 45 15 145 115 197 156 170 36 112 155 83 182 46 63 75 178 166 92 1 92 26 146 116 130 184 85 176 82 112 84 116 126 173 64 137 17 164 25 124 24 174 41 35 41 15 19 188 68 111 130 59 115 184 91 163 27 139 84 31 159 51 179 58 103 60 22 67 95 42 67 54 30 134 175 183 143 62 75 77 194 200 130 72 118 199 6 70 12 137 56 153 44 101 63 29 5 197 11 189 172 191 197 27 31 97 171 37 173 84 120 142 104 179 48 21 155 
21 187 140 58 195 71 156 148 51 151 118 98 146 159 53 12 175 132 115 99 30 79 45 169 124 128 24 153 86 47 35 107 106 115 47 8 98 74 108 165 132 128 86 74 48 32 90 3 31 125 145 178 119 198 96 23 149 4 172 152 156 13 161 179 144 94 30 14 33 124 20 170 142 107 10 87 166 4 145 181 108 22 72 130 19 192 44 87 130 43 10 124 177 128 146 60 161 135 119 118 18 131 56 13 57 171 58 70 33 175 182 14 36 95 25 48 153 43 106 17 174 200 78 39 38 
59 95 178 159 32 1 103 88 139 158 78 162 139 63 73 67 30 122 46 65 16 11 27 39 100 157 30 144 81 42 195 106 101 56 194 29 182 12 180 198 156 105 158 50 109 150 156 141 76 78 85 116 174 25 117 5 54 133 103 33 167 118 36 109 115 166 74 59 26 98 41 40 153 117 3 190 114 29 19 94 136 159 10 79 92 124 76 172 11 197 20 180 43 141 14 141 47 140 29 106 139 20 88 109 51 27 157 90 167 153 7 85 151 54 147 20 88 199 20 173 198 189 71 144 179 
101 183 25 20 147 85 74 6 137 159 197 183 159 159 14 77 107 54 140 68 28 18 37 178 45 113 186 82 25 196 58 139 145 73 184 30 150 145 93 124 151 103 142 87 148 108 141 117 79 170 157 25 178 74 89 151 119 110 5 163 138 48 100 13 61 114 162 60 193 29 25 22 28 113 57 158 158 12 124 193 190 60 156 29 150 167 166 137 166 44 89 132 161 29 131 150 44 134 187 129 167 66 182 83 19 44 102 114 13 177 195 61 15 180 85 77 128 15 33 112 125 108 113 121 87 
26 40 177 68 58 50 194 34 180 44 29 144 81 155 87 83 154 132 38 75 79 136 14 145 162 160 124 34 20 131 42 102 113 174 111 106 158 18 144 167 117 75 115 158 110 173 25 39 171 86 192 93 130 26 30 76 186 170 65 112 34 157 54 24 98 81 171 124 60 29 174 81 173 157 27 100 102 97 90 139 94 140 1 124 125 89 190 98 37 31 20 148 46 117 71 200 164 57 97 102 178 16 123 162 191 170 76 126 199 164 112 25 186 11 84 193 44 131 34 194 168 65 54 178 184 
126 72 161 130 100 129 1 25 166 109 143 102 13 139 33 87 173 130 129 104 167 14 102 137 175 119 15 43 72 150 74 142 63 159 26 82 130 77 91 100 7 27 77 146 191 49 39 25 152 47 46 124 139 147 155 28 63 189 19 150 93 110 29 77 116 75 172 88 150 55 110 26 41 104 26 192 120 33 96 34 153 76 33 174 16 46 45 187 114 200 167 171 78 186 140 37 124 63 144 120 5 29 200 114 26 52 129 118 2 13 109 184 39 25 94 134 121 178 179 82 92 18 138 45 195 
180 88 189 94 158 129 119 188 76 66 13 90 125 37 70 3 50 16 135 135 140 6 16 97 144 107 129 141 5 189 10 155 35 187 32 35 176 179 197 85 81 194 98 196 141 176 197 91 136 4 26 66 74 168 43 56 164 107 168 186 70 64 56 145 125 108 5 66 194 138 116 78 24 181 58 147 175 1 126 197 139 200 47 13 2 98 130 199 127 90 145 99 14 20 83 124 158 129 32 57 182 17 40 47 142 140 24 105 61 33 177 198 10 90 169 101 74 14 41 190 165 6 64 56 179 
87 169 4 145 69 29 167 187 179 77 128 8 35 120 82 99 56 31 56 96 5 35 171 128 199 15 188 12 138 150 177 188 120 12 140 55 159 145 1 94 53 22 86 134 126 37 47 113 183 140 132 174 126 184 14 111 148 55 30 3 84 171 4 182 63 76 62 180 160 155 84 184 144 146 48 137 124 122 180 165 1 100 67 193 94 45 46 55 39 1 65 91 44 110 136 17 187 60 45 126 1 110 125 158 43 197 92 110 84 31 85 72 68 107 193 112 41 53 115 150 93 77 78 125 70 
117 65 75 138 86 72 65 42 114 79 131 129 128 33 164 183 96 30 61 179 10 1 86 73 136 60 108 168 143 38 57 149 39 114 107 4 71 27 28 108 116 49 153 153 182 20 111 64 162 107 28 35 137 14 128 112 197 101 42 31 112 86 117 106 85 176 99 17 79 28 38 116 52 182 199 7 69 54 112 199 115 116 26 98 120 2 112 187 10 8 69 75 97 2 91 129 155 64 170 145 179 167 80 186 81 38 145 46 185 117 195 196 73 67 18 150 128 133 139 157 66 10 139 94 23 
90 132 128 97 133 94 148 108 190 20 19 200 13 58 144 196 194 149 156 154 54 13 143 183 49 53 185 90 115 2 76 56 160 8 54 82 196 192 125 87 24 130 137 102 71 34 150 95 7 61 57 155 187 30 5 175 58 123 28 59 135 158 183 96 142 194 133 94 46 64 162 74 26 41 18 86 90 39 82 170 94 185 94 27 109 165 188 149 70 175 146 116 95 156 5 34 29 76 67 82 143 192 30 112 18 99 97 68 77 40 124 114 136 96 173 45 150 144 75 42 115 12 140 2 188 
41 13 20 174 175 162 102 35 178 121 120 12 77 67 14 71 32 3 128 92 64 12 112 2 73 158 42 43 139 147 30 193 143 34 53 167 38 54 98 199 111 132 31 144 41 192 193 118 22 69 194 117 11 137 124 118 158 181 80 10 8 174 17 30 192 31 97 14 53 144 83 38 123 147 15 196 148 159 102 61 141 81 97 13 18 43 38 27 144 188 92 14 70 129 103 179 190 191 132 158 188 135 54 58 65 51 187 6 58 141 141 21 138 159 14 200 125 78 119 103 96 140 196 191 64 
8 56 94 85 57 71 164 173 43 44 183 49 48 142 145 31 14 158 63 98 65 14 116 90 99 146 129 136 76 39 1 173 43 18 122 152 33 36 8 24 135 66 62 67 116 32 36 27 157 196 46 20 109 129 199 121 105 33 198 64 113 20 119 92 84 119 137 196 147 119 150 31 134 28 100 159 191 161 168 185 1 72 37 169 193 68 193 114 182 30 32 10 23 111 76 25 11 92 195 186 73 181 48 135 41 166 10 177 104 104 198 146 136 158 91 33 78 40 64 32 153 46 109 120 29 
103 181 85 163 63 10 96 118 159 8 198 166 105 98 167 159 114 180 86 115 115 164 3 169 37 147 2 34 58 147 59 17 125 72 62 175 16 83 57 102 168 33 98 46 87 95 77 127 75 46 183 57 191 186 38 56 168 197 127 73 160 196 48 73 137 128 2 18 113 154 117 142 169 27 173 151 115 60 104 68 197 187 32 87 128 162 153 62 8 188 171 182 193 88 175 186 85 88 30 178 42 73 69 133 95 186 83 13 77 47 99 169 78 49 118 177 54 62 14 5 71 67 117 41 155 
66 57 171 118 19 190 101 182 52 164 96 111 171 38 65 100 179 106 106 122 40 164 59 15 45 67 128 193 157 8 112 28 166 106 59 35 133 19 5 116 139 41 125 97 22 109 125 133 60 27 2 173 198 193 41 23 66 125 120 17 66 183 119 186 138 184 7 21 50 40 145 82 80 59 18 137 145 55 103 153 119 80 4 16 18 194 16 192 22 64 150 156 52 16 156 58 92 190 109 42 146 169 161 12 92 95 178 122 17 171 110 192 80 105 165 78 186 53 56 109 200 96 178 185 80 
96 7 158 121 17 188 77 38 184 136 92 30 20 147 95 46 95 194 47 39 25 142 150 123 191 185 17 40 80 166 174 52 180 12 73 180 125 99 58 50 179 139 4 195 3 49 39 177 23 43 34 22 146 136 146 152 61 126 59 89 192 30 101 177 119 169 194 140 75 136 44 66 154 138 64 6 143 109 138 13 43 154 132 21 79 64 148 99 13 159 64 14 200 78 43 161 124 188 136 43 125 2 173 47 172 41 101 117 1 95 81 51 151 76 179 16 132 24 142 189 134 166 23 53 119 
146 45 21 156 196 19 48 56 8 191 145 78 70 125 115 200 39 30 11 104 46 25 93 59 83 196 109 79 160 179 192 56 46 26 198 15 89 92 197 24 27 181 150 88 11 166 186 123 41 21 166 6 40 78 177 136 177 7 198 194 146 132 141 25 114 63 68 158 175 142 30 171 108 70 153 126 20 41 21 99 194 24 81 170 178 179 163 102 130 156 17 87 118 48 123 186 178 134 48 147 160 167 57 130 97 143 172 38 105 55 136 59 81 125 138 170 90 175 9 185 1 77 17 175 82 
157 86 173 7 33 164 99 32 56 189 90 89 194 47 44 131 23 57 84 2 23 159 7 142 110 107 24 200 82 34 6 58 170 99 28 55 115 124 163 175 190 66 136 58 127 61 127 145 186 114 53 180 79 20 61 187 139 187 122 150 163 147 195 53 200 88 2 33 82 199 27 59 101 33 95 33 200 70 103 130 23 148 71 116 150 75 7 45 89 32 158 49 117 182 182 55 136 85 68 98 141 12 14 19 142 18 171 198 169 164 131 172 155 1 55 37 44 67 120 146 18 21 139 56 113 
108 64 19 46 68 174 136 70 154 27 43 61 28 108 122 35 112 119 21 47 191 78 42 139 132 94 41 67 155 133 35 133 190 59 186 100 132 6 25 84 44 177 172 168 24 48 54 174 136 29 88 175 55 131 185 74 116 8 63 66 119 167 126 134 74 120 128 131 33 78 69 156 169 69 199 61 85 159 171 184 98 112 156 159 109 146 104 41 46 185 96 166 12 152 181 116 136 148 164 5 135 180 141 35 67 113 34 105 75 196 115 136 184 6 97 22 115 98 15 60 17 89 154 46 190 
26 3 73 189 4 110 180 54 14 153 13 15 64 77 91 34 132 164 147 122 11 178 159 117 56 18 4 61 113 18 167 120 9 189 75 96 194 49 200 86 165 149 124 20 79 111 41 160 104 67 141 196 56 37 78 71 61 53 150 112 186 1 179 127 22 195 1 15 91 153 40 90 118 134 134 94 154 77 49 147 110 41 115 107 165 105 33 135 146 9 97 61 123 125 145 123 183 124 103 164 143 120 65 192 126 73 40 112 56 190 172 147 171 40 139 188 44 22 18 165 53 81 112 9 141 
36 110 41 43 195 85 40 53 38 169 8 121 72 161 181 198 188 142 21 8 52 20 105 153 124 175 156 4 31 167 109 198 25 137 56 157 171 178 161 154 120 86 38 74 12 11 43 40 144 169 62 144 15 60 59 127 101 23 95 151 156 28 39 153 54 48 194 195 166 18 16 173 142 182 149 28 60 9 172 120 55 84 112 82 57 104 3 3 122 136 114 67 129 66 133 24 170 71 141 192 134 68 166 127 42 130 170 110 12 127 7 197 98 21 1 106 177 50 161 150 91 120 43 166 75 
73 10 2 136 181 3 121 84 41 52 41 32 56 189 76 15 88 99 68 123 10 73 190 96 39 38 128 104 90 151 99 63 10 93 59 31 80 112 44 49 15 199 79 48 65 165 123 17 157 148 148 200 172 12 12 34 192 84 123 24 116 1 173 34 61 174 161 159 132 98 40 1 84 161 24 18 70 152 164 78 7 155 82 69 200 67 167 175 94 94 34 195 58 41 126 165 111 164 127 49 100 195 184 47 133 160 7 119 100 183 56 148 55 25 117 185 75 142 102 191 37 167 102 111 122 
75 44 103 45 171 119 122 198 31 97 129 117 153 79 133 53 138 83 49 95 150 42 89 179 170 177 140 9 34 68 136 86 161 155 29 153 162 159 130 86 136 18 143 58 188 7 1 62 67 43 5 180 71 184 77 89 143 127 28 39 52 33 86 85 35 21 7 170 148 55 141 85 89 136 80 150 171 62 43 137 85 128 123 153 154 103 41 169 98 163 5 142 194 77 119 100 119 183 197 61 149 156 139 186 169 123 73 23 191 135 107 171 105 83 59 23 180 99 84 50 186 88 62 19 166 
57 181 110 16 150 174 67 183 115 54 195 183 6 113 85 18 160 118 97 172 10 49 71 42 56 83 1 199 97 29 10 60 14 51 72 177 17 128 136 51 186 80 109 153 29 98 51 26 176 63 184 59 40 56 142 97 60 118 57 185 34 33 18 72 170 5 3 174 157 200 133 172 175 95 144 101 195 25 199 92 85 82 138 81 89 149 12 185 29 53 102 115 147 126 198 173 138 124 152 38 91 88 85 23 74 58 179 143 68 200 176 109 163 6 21 77 134 192 23 187 187 46 130 189 11 
192 8 36 178 21 152 87 92 138 197 48 90 64 4 137 146 68 73 137 155 16 30 79 147 28 66 124 140 86 78 173 161 158 95 115 95 144 132 87 190 19 140 149 191 168 69 131 74 198 77 176 57 74 107 157 22 2 70 51 61 170 31 21 176 125 107 173 31 153 79 67 159 136 60 110 193 30 62 186 62 93 186 74 78 157 43 6 53 34 171 118 63 51 95 40 112 16 150 164 181 95 148 77 159 196 82 26 5 85 147 130 139 56 34 141 74 41 61 101 137 52 188 173 168 165 
193 44 198 61 18 138 54 117 55 88 128 192 128 160 155 170 84 178 133 180 156 76 57 160 18 156 38 35 6 164 64 146 112 185 9 118 27 186 118 65 173 80 93 153 160 25 12 189 92 126 94 57 198 139 38 78 112 38 125 92 15 185 18 129 151 141 9 134 104 184 22 37 2 150 193 33 11 101 121 92 8 128 11 153 50 140 106 50 96 36 168 47 105 99 102 29 171 7 46 199 140 178 132 148 75 9 165 159 18 129 38 36 160 62 83 111 177 181 132 81 29 194 173 150 39 
63 181 62 6 186 67 173 160 103 79 188 172 93 10 178 49 178 70 198 195 74 136 52 64 17 86 44 137 58 135 87 135 44 49 39 49 116 170 109 109 185 35 4 83 196 139 155 25 159 92 133 177 90 127 134 150 4 175 173 48 180 84 9 55 12 6 55 152 101 86 92 88 142 39 86 8 169 63 104 118 88 106 189 27 94 76 180 165 6 82 119 58 95 27 120 94 73 41 190 72 176 105 168 138 58 86 3 39 184 47 197 51 188 74 56 148 51 42 24 177 99 161 37 10 115 
121 120 12 151 84 63 195 28 40 127 98 109 6 197 3 45 146 168 49 25 104 174 109 79 58 136 10 198 132 176 94 192 60 161 199 71 168 120 85 104 92 137 200 3 100 109 157 83 158 83 42 111 117 65 87 32 147 14 48 17 158 120 112 188 70 40 144 119 57 102 86 51 133 154 7 7 83 200 96 62 104 21 110 183 5 29 160 85 162 73 73 100 87 109 23 128 54 171 13 63 83 80 174 58 32 122 117 137 198 191 87 56 25 19 30 188 120 148 58 112 30 68 94 119 136 
75 182 11 27 52 142 69 137 47 84 160 25 98 146 153 145 45 67 27 11 116 3 167 136 172 63 101 153 35 4 50 165 154 21 126 7 122 98 90 188 44 74 184 24 4 14 77 128 33 23 18 121 68 143 157 40 20 154 51 48 32 45 131 157 42 134 22 73 25 102 143 50 169 69 132 105 55 163 7 70 179 7 33 106 159 2 127 110 18 8 155 78 172 154 9 76 11 149 69 188 71 126 189 135 75 82 76 135 162 197 95 31 11 183 12 17 69 126 10 13 129 42 101 75 39 
75 129 158 99 39 24 166 164 198 149 153 199 144 94 110 86 102 10 51 117 27 87 45 119 89 181 194 60 9 173 22 157 185 66 175 64 75 114 18 36 151 30 151 57 76 49 173 12 102 122 103 150 109 112 3 135 198 111 194 194 95 128 90 154 62 132 73 58 129 119 141 76 50 155 176 37 113 157 57 72 87 131 143 124 123 145 70 164 123 155 176 89 47 90 11 89 163 47 160 127 145 149 199 126 88 142 169 124 198 79 89 125 158 159 90 28 158 81 105 19 55 99 147 32 48 
57 67 6 121 171 2 98 102 155 55 63 111 164 59 104 104 165 197 26 141 80 95 1 185 196 173 95 161 24 86 118 156 58 160 138 80 82 143 117 14 82 166 90 7 24 175 34 125 7 148 48 122 160 98 145 117 10 73 118 33 20 2 166 61 32 10 10 101 132 29 93 77 44 120 36 26 191 92 145 158 86 1 50 172 125 97 39 140 58 195 172 12 72 124 186 25 66 195 87 164 50 149 15 8 128 147 24 70 139 1 88 46 150 107 35 10 13 133 29 140 186 127 194 101 196 
76 9 163 85 175 152 29 139 106 25 43 136 34 44 26 122 58 160 69 94 55 47 177 131 177 154 165 128 132 23 194 115 56 28 161 83 185 72 155 181 49 121 76 125 190 145 115 131 200 184 129 27 151 54 27 148 35 39 59 193 69 69 117 200 47 152 117 187 47 10 48 116 173 73 21 186 27 163 134 188 31 111 35 116 196 80 14 99 168 139 191 175 174 118 177 100 63 181 116 4 82 59 51 177 89 68 85 5 112 169 61 137 199 22 189 166 3 182 69 18 22 45 47 111 196 
143 159 172 199 123 47 53 74 83 21 126 97 176 114 187 70 84 158 30 184 161 74 166 122 190 16 107 54 49 199 26 53 66 38 146 173 182 33 127 200 133 30 69 86 143 51 49 139 116 159 32 2 11 160 101 13 71 20 140 84 97 52 162 136 34 123 81 96 169 60 102 45 138 164 150 53 154 177 102 127 173 58 189 40 172 149 147 45 47 13 69 73 54 200 129 17 23 155 108 69 166 192 135 57 112 70 30 95 131 101 197 169 40 174 156 167 14 124 108 132 93 174 107 174 87 
86 189 82 186 43 155 22 6 94 151 93 16 120 190 104 63 39 184 113 140 26 149 77 140 14 46 21 177 198 71 140 27 41 26 197 167 108 125 83 174 141 152 92 140 141 188 4 102 172 49 54 163 19 80 173 156 46 103 45 85 130 153 54 150 144 51 74 195 121 54 171 184 6 199 107 58 2 114 46 18 104 23 142 2 44 36 139 20 199 3 89 70 4 88 84 156 47 75 122 23 104 87 160 190 192 4 158 182 57 87 137 107 67 40 156 19 79 160 13 12 52 104 26 167 149 
5 40 42 45 116 168 36 82 107 61 140 107 183 151 198 106 78 23 200 73 77 150 133 60 76 17 177 182 94 78 144 74 101 112 142 6 70 123 139 161 11 43 181 138 25 129 187 23 100 4 26 68 87 66 191 86 93 123 164 166 34 30 141 32 99 188 153 37 72 162 62 151 88 26 151 46 4 25 167 25 127 168 70 176 14 138 102 87 7 25 47 196 134 179 10 66 137 28 110 67 66 138 93 41 120 59 16 76 125 55 167 145 111 2 47 138 64 161 148 46 156 17 56 135 199 
176 106 72 9 78 18 62 14 51 86 154 24 5 171 51 32 89 166 10 61 158 21 3 75 154 16 102 165 126 144 34 73 8 120 185 119 3 63 81 186 35 167 197 169 196 25 6 22 118 28 81 115 166 54 67 6 196 38 90 119 28 135 125 72 105 25 196 136 133 70 167 173 89 64 100 88 62 57 30 69 55 178 6 23 12 195 11 112 70 162 60 21 45 151 124 169 44 5 103 6 43 162 79 178 174 109 185 177 184 2 112 78 178 46 147 33 184 66 115 33 91 135 17 104 146 
69 27 35 149 138 74 23 118 20 91 152 87 110 2 120 93 174 91 76 89 137 197 131 43 38 82 46 119 165 79 161 185 57 24 53 178 31 30 190 29 43 24 136 108 142 194 182 3 157 43 122 155 52 46 71 155 87 151 168 17 169 153 95 76 153 189 179 36 192 108 173 167 196 71 25 70 112 31 183 114 145 185 180 76 75 130 83 22 3 156 118 147 89 61 98 89 148 119 193 191 71 75 85 28 128 192 92 53 85 59 104 82 136 165 157 74 105 99 118 91 72 182 146 88 87 
116 113 126 196 173 124 31 2 9 67 151 22 51 123 107 107 74 108 74 128 57 197 167 174 168 69 171 138 162 176 155 143 45 22 86 122 14 82 100 93 196 137 140 22 71 108 83 132 15 41 124 71 22 196 195 177 140 38 51 192 149 20 30 185 168 49 91 10 54 98 68 99 156 155 185 107 14 106 180 196 195 61 95 189 109 6 150 151 172 118 137 70 74 84 40 69 120 10 163 139 31 166 2 87 34 43 13 129 54 60 71 117 63 34 49 40 65 70 110 113 87 48 7 166 104 
76 93 184 97 111 78 57 30 174 115 34 108 181 66 186 74 120 102 128 164 181 184 157 48 179 44 194 43 121 7 156 190 98 8 111 87 71 17 138 107 142 106 129 16 51 58 141 24 160 146 65 10 115 114 167 157 87 15 136 66 147 168 116 81 163 161 146 18 115 56 106 152 33 69 51 87 34 15 154 138 118 2 197 72 39 84 30 148 105 193 39 33 28 6 58 125 78 60 177 3 79 134 66 146 97 125 81 148 22 115 79 73 36 94 33 139 167 101 18 7 67 64 54 142 47 
89 76 27 58 198 129 15 123 193 25 170 22 110 133 199 97 52 118 17 120 81 35 24 130 112 156 104 49 64 169 116 162 198 178 173 104 118 58 125 30 152 46 181 34 91 2 138 143 157 141 139 151 97 184 114 93 200 93 54 71 23 132 132 37 36 36 21 86 132 168 81 99 49 137 121 180 179 8 33 26 35 136 59 22 142 125 13 45 178 115 123 96 136 20 21 123 173 94 178 174 166 51 80 43 114 7 103 116 57 24 45 164 54 32 87 124 130 44 115 92 63 78 90 8 46 
23 29 115 104 177 40 141 70 169 195 19 84 133 156 196 127 141 24 34 74 133 88 85 107 150 108 129 79 182 99 127 184 166 115 142 145 185 24 178 140 57 171 191 173 102 119 117 158 63 83 137 181 65 125 144 164 143 106 156 140 83 92 106 144 58 191 138 134 115 52 139 146 99 184 53 190 147 141 140 58 73 200 121 60 77 117 144 82 32 9 99 136 144 14 97 91 50 12 152 19 155 166 45 128 7 43 67 128 134 91 122 126 103 17 36 25 63 50 184 36 51 160 27 45 188 
55 161 75 3 57 98 2 31 75 8 30 153 96 37 44 182 61 121 26 53 129 184 71 15 111 143 37 146 40 130 54 120 92 63 18 156 125 26 58 51 190 144 151 112 128 200 4 169 165 156 83 135 63 71 86 25 119 76 191 55 51 166 72 79 32 154 164 28 186 101 4 67 159 89 152 112 150 18 200 184 47 175 34 187 194 158 55 55 122 152 27 65 56 144 77 196 53 58 57 110 92 77 46 51 2 47 87 172 75 44 162 25 52 69 32 31 145 64 59 147 62 193 82 72 197 
75 109 160 107 141 139 82 98 17 178 42 70 51 76 36 126 77 73 86 70 133 89 188 133 84 137 88 173 26 174 48 5 34 122 143 10 32 154 188 184 7 95 153 48 16 15 123 123 142 198 167 151 133 36 160 66 165 58 83 128 58 57 143 17 35 106 169 155 141 118 148 137 158 107 142 63 146 166 185 40 177 141 132 176 101 144 189 55 188 53 35 118 147 26 64 50 57 135 100 119 131 12 129 125 75 71 154 183 170 187 116 192 67 163 85 74 4 16 32 1 166 135 49 105 111 
50 127 174 128 19 113 116 17 59 191 135 124 160 32 10 107 163 63 109 8 92 83 158 69 177 153 16 10 117 58 42 181 191 93 179 129 64 30 103 134 112 140 125 30 64 108 94 166 25 59 60 125 115 165 197 75 161 100 119 90 94 177 166 157 91 122 128 82 153 107 182 178 118 32 151 51 18 154 127 87 114 41 111 35 195 35 47 9 113 145 194 15 19 99 147 120 155 37 47 184 31 44 149 118 93 70 54 180 153 189 198 158 127 86 94 133 8 163 150 198 71 187 99 188 14 
160 133 106 67 30 1 115 6 70 117 19 71 47 6 113 56 131 195 152 52 183 14 154 167 4 15 140 2 1 89 81 28 70 136 169 12 115 180 150 152 77 149 6 104 164 134 34 20 109 113 36 190 23 152 37 144 123 98 58 154 169 46 20 6 17 172 52 178 99 35 132 177 15 76 82 37 65 25 61 4 34 63 178 183 145 110 85 148 2 162 161 200 199 38 102 13 12 21 119 153 69 150 188 15 71 12 35 81 78 43 156 108 194 37 49 176 107 36 135 24 53 49 128 12 191 
13 143 7 166 46 140 189 124 142 104 161 118 73 198 47 186 197 129 22 196 46 5 181 185 126 113 169 33 110 83 44 149 52 18 162 35 77 64 29 169 26 6 143 27 66 74 139 160 175 29 111 171 160 113 158 2 89 35 139 114 57 92 117 20 92 85 6 158 128 138 167 19 32 72 199 85 14 106 146 64 44 182 85 135 120 53 178 12 104 80 42 111 132 63 27 55 190 110 133 166 158 132 148 200 67 15 1 89 43 41 78 135 131 39 169 143 197 79 7 162 135 135 135 73 140 
137 97 49 8 53 92 91 70 81 160 96 146 82 137 200 197 142 34 43 75 28 174 199 135 54 81 159 43 7 126 112 89 190 57 171 179 31 19 2 83 65 173 116 4 195 21 113 71 155 143 188 7 68 137 113 188 45 161 195 13 183 51 83 109 107 21 80 47 191 156 64 167 149 100 143 106 186 72 137 137 60 24 4 110 67 86 182 198 46 40 110 46 24 56 9 197 2 79 75 77 11 55 64 156 11 88 76 55 107 153 16 3 150 145 133 199 103 190 13 95 39 91 105 25 23 
140 175 150 157 34 65 98 144 63 178 120 37 14 195 67 116 160 58 122 92 91 153 127 82 194 179 51 92 38 96 52 96 169 200 41 43 10 192 92 180 111 56 141 12 182 198 172 178 63 193 171 49 15 11 128 85 60 199 164 131 173 115 175 76 89 37 42 176 179 130 149 140 56 62 68 171 62 193 168 78 185 72 24 109 67 142 76 116 138 19 91 134 147 113 100 67 36 73 9 193 18 148 196 148 111 121 2 48 69 76 93 109 132 76 122 102 122 119 121 189 11 100 35 130 126 
62 17 145 125 169 61 94 195 191 200 55 171 50 145 128 176 72 182 46 131 44 174 19 61 126 84 140 164 18 180 50 52 34 115 151 65 152 38 1 186 3 149 66 138 167 77 169 151 190 142 11 160 34 119 45 39 9 183 134 180 173 152 75 155 135 120 157 2 83 86 171 133 101 100 82 168 142 7 46 60 137 154 58 189 21 57 30 8 106 39 151 10 120 22 115 66 141 54 51 150 21 60 171 12 41 191 45 179 164 107 88 8 61 108 196 123 127 114 34 124 152 194 150 60 140 
73 18 17 118 42 4 186 81 145 153 116 136 125 84 178 170 59 184 49 76 58 8 87 169 131 75 7 138 130 22 36 59 82 119 146 150 196 71 200 155 52 85 23 184 94 4 164 71 196 36 165 118 96 104 34 82 70 170 82 32 4 33 125 19 78 55 160 147 199 144 172 96 60 90 176 109 100 149 122 170 110 36 20 46 107 101 98 149 56 152 151 193 3 150 194 74 77 105 132 135 79 153 61 4 172 91 21 151 72 15 192 21 99 51 163 177 33 21 123 173 94 24 152 52 24 
27 11 55 114 84 103 74 20 157 146 147 99 157 32 119 112 184 10 77 137 75 10 101 128 136 115 182 129 112 59 149 145 57 31 184 91 12 142 22 12 100 3 46 20 173 84 115 10 27 28 119 31 153 92 92 133 149 47 191 62 159 59 9 111 94 199 53 145 151 139 75 188 171 36 80 164 13 90 145 90 76 77 5 132 196 7 155 82 5 110 21 80 55 59 171 187 100 182 2 27 14 165 36 199 23 140 199 39 126 93 84 157 6 58 1 30 64 28 83 58 153 190 79 24 25 
40 141 130 148 122 29 167 176 135 59 29 59 115 48 52 3 89 84 69 113 6 177 37 187 34 19 145 157 13 109 11 17 97 29 139 180 191 188 31 140 180 135 126 143 4 143 151 16 130 75 165 190 53 69 113 184 89 150 66 146 96 93 131 109 25 72 67 13 121 198 171 43 170 162 168 105 90 147 179 88 65 96 162 138 69 22 129 166 49 182 117 180 114 158 3 172 106 193 186 199 141 29 98 73 46 108 150 16 116 15 70 188 159 182 63 159 115 118 96 172 12 89 13 17 54 
163 187 29 161 11 147 69 37 178 45 91 12 193 44 103 28 58 113 117 8 41 59 60 99 38 105 98 64 29 104 128 165 149 11 182 47 117 31 162 147 168 103 173 180 164 35 194 81 99 17 9 16 15 146 39 22 104 120 89 57 128 168 166 8 126 99 151 77 4 43 101 102 33 95 149 190 86 179 187 57 121 179 197 182 22 115 176 143 115 20 70 192 44 17 111 6 89 131 7 91 82 146 128 167 147 67 100 5 200 161 151 8 158 79 128 176 9 102 35 92 194 184 188 130 152 
98 75 62 121 74 137 39 54 47 45 128 60 146 170 13 12 117 68 88 14 186 19 35 29 138 176 102 181 198 132 187 118 31 122 21 199 103 157 133 29 33 92 52 7 77 191 135 34 142 115 32 144 77 126 121 177 137 150 18 5 92 16 172 146 154 95 191 119 66 107 174 31 118 45 168 3 87 141 106 113 171 183 103 22 102 53 38 102 184 70 23 175 181 63 66 198 162 94 28 135 25 14 29 101 140 101 147 124 162 52 19 152 22 29 47 158 139 96 85 150 14 26 71 102 180 
104 96 35 148 118 3 148 86 25 26 94 163 163 98 68 93 153 147 103 111 84 157 164 170 193 138 137 89 166 21 97 120 139 194 39 86 73 138 35 28 1 112 80 65 12 67 177 193 28 75 133 51 140 162 111 199 153 74 120 9 48 191 42 9 193 3 74 59 8 33 139 127 157 1 177 95 62 59 193 37 176 155 155 9 99 134 18 48 130 199 44 195 1 28 134 47 190 114 23 133 167 136 2 19 63 153 6 107 96 13 188 6 111 19 130 200 179 142 6 111 153 92 31 22 132 
11 68 163 169 76 80 36 27 127 144 90 195 25 74 169 185 81 146 55 18 37 79 177 184 141 170 198 163 92 174 92 15 179 47 24 49 169 111 133 52 100 28 194 39 18 137 154 182 123 174 179 78 26 26 171 45 149 154 27 150 49 7 114 196 75 26 18 142 182 11 139 168 136 128 179 193 76 141 57 50 115 98 69 60 91 150 143 154 129 145 124 179 95 78 46 75 189 144 38 139 15 161 92 112 141 195 156 197 98 40 50 93 41 124 103 178 31 100 119 116 110 93 36 190 56 
180 20 68 71 198 51 5 80 122 81 12 156 148 33 180 165 93 79 186 96 2 35 101 199 126 160 151 196 125 7 104 50 111 185 184 196 172 133 58 172 109 171 129 169 141 77 141 155 49 46 22 52 26 66 109 140 200 154 130 159 108 171 17 195 30 9 123 199 198 31 42 176 128 111 98 153 171 78 51 125 78 7 190 33 1 86 62 42 177 35 97 58 148 158 29 22 140 51 100 72 106 187 58 182 89 62 196 110 74 150 47 108 131 26 90 49 51 165 80 25 55 32 8 119 12 
10 88 3 144 70 6 20 115 90 147 34 173 188 196 44 124 45 115 116 59 187 20 57 180 86 121 70 152 199 121 112 168 99 60 35 157 173 200 176 89 11 12 70 118 92 158 24 33 74 142 81 21 107 97 37 158 164 56 73 96 76 63 72 133 78 79 193 172 189 64 77 104 68 32 92 168 131 72 129 78 30 134 113 181 167 82 30 56 33 200 197 179 124 43 139 161 57 80 91 169 153 60 158 186 38 159 140 31 70 136 71 7 167 43 175 18 25 97 48 200 188 144 44 111 56 
154 26 109 77 107 122 1 39 178 104 180 176 56 83 153 128 61 178 179 59 196 93 109 186 61 79 55 88 88 170 13 198 116 91 182 99 56 36 98 40 89 24 90 121 61 159 28 178 44 44 156 146 8 66 38 156 57 136 133 68 108 49 107 81 90 133 186 26 174 147 128 196 33 185 1 162 70 140 35 98 9 130 133 58 25 4 60 147 159 110 47 17 42 185 22 15 2 153 140 13 112 84 53 141 3 199 178 53 99 85 63 179 73 120 136 97 195 136 31 117 54 139 157 77 193 
128 180 109 161 195 78 93 170 131 180 193 66 75 11 164 186 190 132 123 62 115 98 90 23 76 36 98 28 183 19 49 125 75 86 68 187 3 83 4 55 190 33 137 181 163 180 197 132 12 56 7 147 116 188 191 89 95 94 149 163 162 102 64 14 91 190 2 84 73 1 13 168 18 113 99 160 132 142 153 8 109 62 4 17 134 163 118 165 153 50 12 175 176 150 142 102 145 129 124 53 108 189 58 8 122 135 28 134 113 71 39 81 23 129 157 16 38 122 68 176 51 23 134 177 41 
78 126 187 142 82 25 193 173 62 32 192 93 75 142 147 120 80 182 79 160 136 64 86 23 23 170 36 168 86 159 92 197 96 20 96 190 182 124 47 25 29 73 38 50 170 32 143 183 133 193 17 153 102 118 109 37 84 58 55 55 146 193 164 117 64 23 109 91 15 72 145 94 167 189 98 65 169 44 171 14 59 11 8 8 58 155 50 134 50 88 146 52 7 63 15 110 1 28 16 66 139 70 71 134 180 157 185 170 65 48 147 86 177 114 189 19 114 191 61 103 189 4 38 149 112 
181 195 91 66 101 167 40 189 130 140 183 96 83 6 175 32 90 166 61 75 97 156 32 193 112 164 62 36 171 85 18 51 154 46 82 147 40 130 183 31 76 65 177 172 159 4 162 69 32 39 102 78 71 187 185 40 73 169 163 53 6 52 116 143 182 199 92 170 195 62 73 151 195 110 129 158 74 162 146 82 169 67 7 113 72 66 40 65 191 85 19 111 180 59 111 39 9 167 117 59 143 126 158 56 198 89 59 80 9 197 59 44 13 190 12 49 71 177 137 129 104 58 165 91 99 
64 53 1 14 166 140 189 149 199 91 100 178 155 73 90 42 44 105 180 92 192 62 103 154 167 163 184 53 65 154 71 123 32 98 13 101 181 155 66 177 22 183 198 107 161 6 163 77 150 175 10 180 103 99 68 57 199 99 106 159 180 4 172 44 90 198 96 100 135 111 200 52 52 71 97 140 37 178 126 108 27 82 57 175 169 31 22 192 67 60 190 116 95 133 162 145 38 46 114 24 97 117 146 103 145 90 125 91 104 42 162 89 67 150 81 19 17 69 125 186 104 174 24 79 174 
126 83 149 42 113 41 131 41 118 65 5 8 43 7 72 103 114 59 32 198 10 177 176 6 137 200 106 191 47 169 82 106 97 184 128 191 17 171 57 111 64 106 120 137 15 135 116 7 41 136 10 43 103 128 32 164 161 162 197 51 136 161 7 105 58 41 157 144 78 45 181 19 38 31 24 181 107 87 101 152 48 193 106 17 141 102 118 29 2 63 167 153 178 99 106 145 135 23 19 72 177 146 26 197 198 17 47 152 16 26 31 18 73 1 117 75 7 12 150 112 189 32 64 116 148 
99 42 67 120 14 157 73 125 34 197 107 107 101 175 79 131 3 127 188 83 143 120 70 116 54 7 152 163 45 126 133 79 147 109 131 116 1 74 107 79 164 31 132 51 44 102 48 166 108 168 15 12 126 132 76 88 11 195 131 52 80 130 85 77 178 143 125 97 69 11 152 114 170 189 152 159 5 134 56 191 167 10 140 94 180 135 193 21 136 7 47 53 142 50 21 38 167 65 197 55 188 151 62 132 152 144 27 22 41 89 52 198 171 137 28 92 23 122 130 99 135 88 149 107 168 
126 160 138 167 196 29 192 3 20 70 127 195 152 115 156 151 142 155 138 69 64 3 12 143 7 8 117 95 18 189 67 52 190 92 148 175 190 37 194 149 73 44 193 34 39 72 67 136 78 34 119 23 109 165 191 71 132 151 196 120 68 58 7 175 196 105 152 40 142 151 44 131 150 179 74 65 65 157 24 45 3 168 75 87 108 16 88 193 149 183 152 195 162 196 181 83 3 66 11 123 37 31 14 22 49 136 89 39 41 79 26 79 6 144 48 82 4 84 182 96 172 183 181 117 163 
59 96 81 43 176 76 97 174 114 119 95 121 19 169 169 45 191 26 171 146 148 154 169 96 25 90 61 51 77 115 80 86 8 165 187 131 49 52 91 191 3 170 186 171 65 3 75 75 139 61 42 184 86 172 3 74 116 115 113 142 6 39 60 103 111 177 85 159 83 18 19 29 119 101 134 8 107 112 66 67 53 109 187 86 132 177 39 181 107 46 153 161 11 15 91 70 156 45 144 192 11 149 168 164 70 76 59 106 184 47 77 89 49 106 128 108 178 118 17 119 11 193 101 124 89 
14 127 167 173 46 17 116 87 77 63 20 169 13 94 150 32 51 157 66 130 130 158 185 158 8 168 180 65 52 171 35 90 121 184 152 7 47 19 99 187 121 90 75 194 196 85 27 107 180 44 168 16 31 157 1 177 130 26 110 76 63 52 165 10 134 84 6 138 198 102 37 169 47 65 92 165 161 10 110 153 20 109 151 20 95 106 135 154 2 15 101 45 51 142 111 99 164 91 175 41 150 88 17 13 195 193 197 85 2 155 194 46 85 8 153 12 67 100 66 84 32 91 22 39 64 
175 194 92 84 107 84 184 142 75 182 57 128 99 197 170 160 61 127 122 1 189 135 14 55 38 59 73 165 97 198 145 147 81 98 130 60 119 141 98 118 169 107 68 87 62 82 55 136 147 142 20 148 102 110 156 39 58 55 112 94 35 184 75 182 153 172 94 158 179 63 177 126 148 92 181 23 190 185 74 184 196 42 14 78 176 49 44 74 9 51 20 69 55 6 56 3 57 174 38 108 70 77 7 183 101 127 109 143 63 102 134 117 176 121 183 38 36 83 57 197 47 188 165 34 104 
84 107 109 94 76 161 116 48 10 147 90 130 193 114 11 137 133 10 82 59 31 66 10 187 29 42 75 158 86 103 107 72 91 35 27 135 188 196 162 141 84 169 140 83 94 101 15 21 151 74 128 167 25 90 126 134 199 200 72 32 145 79 144 84 199 137 173 85 144 121 167 169 147 62 188 122 64 187 55 130 20 39 101 71 122 123 191 15 88 135 199 164 151 132 16 31 182 170 120 178 103 140 124 104 131 60 77 162 176 84 75 98 37 92 77 68 200 137 184 85 70 165 197 188 143 
172 158 30 97 137 120 188 178 22 146 23 145 61 128 10 13 69 92 9 80 199 32 121 78 51 172 165 69 198 31 105 129 130 65 72 128 68 55 156 80 140 20 168 101 131 115 155 77 46 98 173 160 22 69 121 42 199 27 67 101 93 184 111 167 93 176 179 179 95 128 21 52 193 96 67 36 80 170 195 165 81 80 110 187 82 14 43 124 161 156 152 138 196 157 192 114 55 176 153 179 161 17 55 38 189 88 136 30 164 162 68 122 25 188 101 92 76 144 119 175 12 187 123 135 165 
69 130 91 28 101 18 130 193 68 158 174 127 22 85 127 112 82 120 199 131 62 190 1 116 99 123 161 104 139 152 199 150 148 182 58 129 152 54 109 167 137 18 22 22 73 133 124 24 147 61 79 77 161 167 4 120 164 97 110 65 73 35 76 189 40 48 185 22 64 106 180 173 17 154 104 13 106 91 188 161 195 90 68 82 144 54 120 43 197 173 98 84 35 138 178 77 122 98 27 69 3 196 83 63 56 185 38 137 79 168 45 128 99 32 175 20 139 117 6 90 139 25 153 110 97 
19 190 69 74 193 55 119 81 137 165 196 60 142 73 127 127 75 60 34 189 50 181 152 39 71 59 78 82 93 183 200 99 8 7 134 12 195 56 163 56 188 143 191 141 133 198 119 51 114 183 136 32 43 37 43 56 195 185 12 122 85 179 149 6 153 129 123 80 186 117 117 86 17 56 6 131 90 144 74 136 55 109 178 71 124 100 33 154 123 105 121 91 30 21 67 136 40 164 9 104 111 131 178 112 88 111 174 93 87 18 94 143 123 19 114 139 57 170 197 146 139 31 28 135 153 
113 126 68 121 58 126 22 150 100 60 102 16 98 174 181 174 110 19 177 199 135 16 64 154 158 13 102 142 47 147 66 169 134 149 15 80 68 68 139 4 171 66 166 139 143 165 36 8 46 157 192 115 189 200 188 36 185 92 187 41 8 38 83 125 123 145 152 103 85 1 199 194 172 83 76 184 100 142 1 32 106 70 26 61 156 197 76 95 180 31 13 120 64 166 53 169 194 33 150 135 175 35 106 32 132 143 93 104 16 55 119 154 3 142 57 48 113 46 8 175 180 163 152 46 171 
153 60 9 117 88 169 110 62 24 68 114 103 73 70 44 169 152 23 6 74 26 155 126 94 187 87 83 130 89 15 105 16 2 93 106 50 61 61 35 139 129 120 100 54 62 199 159 21 67 76 18 169 190 95 115 128 175 118 21 89 171 111 184 78 70 153 191 40 177 48 135 27 126 158 143 60 93 7 163 57 31 98 159 13 19 114 14 108 165 100 38 55 150 141 196 78 74 169 96 95 194 13 30 128 183 91 119 114 1 54 106 8 117 182 200 95 196 63 13 11 3 184 125 141 195 
48 147 34 145 142 34 9 28 192 153 48 179 40 98 178 107 37 92 124 76 12 190 200 84 15 60 128 4 103 17 153 51 67 136 115 96 143 169 49 69 2 150 141 101 161 90 150 61 54 195 168 57 144 113 37 98 170 110 10 173 67 88 21 47 40 138 70 70 183 65 92 101 144 157 27 163 32 169 157 9 137 89 192 186 90 200 88 51 34 122 187 26 48 42 184 74 140 79 126 200 134 88 127 196 65 163 197 35 26 84 35 40 23 56 121 111 113 82 73 126 50 6 172 43 173 
50 54 94 48 57 188 187 111 142 178 191 200 144 99 190 167 72 82 111 121 27 58 126 107 67 155 59 99 27 175 12 84 107 58 90 122 38 169 40 44 5 175 105 3 30 28 74 143 195 37 5 27 127 98 137 155 164 125 26 99 137 175 78 87 51 1 146 175 172 23 9 190 197 165 118 59 124 149 97 176 88 176 79 187 148 55 186 91 94 17 89 148 19 115 90 21 51 21 112 191 80 123 52 161 109 144 188 191 45 106 91 7 26 95 114 57 136 51 142 21 112 36 68 82 105 
38 134 76 177 189 58 26 172 48 98 30 120 154 178 100 141 40 191 130 14 83 119 48 6 159 81 95 151 58 161 198 197 93 177 23 121 98 114 198 58 190 89 171 167 148 147 137 85 75 114 158 64 84 59 127 133 128 113 30 155 111 74 31 198 28 172 39 142 31 5 91 190 81 193 193 57 183 195 67 48 138 3 13 4 128 126 52 39 170 11 191 6 32 38 140 83 90 173 93 6 42 150 123 138 63 88 59 139 9 124 153 14 132 90 82 63 167 139 64 11 181 96 81 67 186 
98 9 80 171 107 62 111 87 41 96 72 50 80 147 102 165 156 114 6 47 167 42 21 180 9 59 14 69 12 159 140 113 104 158 133 3 144 64 8 184 70 5 127 62 46 62 165 68 195 158 151 72 181 138 17 188 92 7 86 167 78 39 199 19 164 178 192 177 157 153 85 105 149 29 164 68 50 153 101 48 150 2 4 94 2 157 6 138 80 161 165 127 159 101 122 174 134 123 82 60 183 49 28 16 104 153 56 147 45 31 94 95 178 56 11 14 65 43 93 130 194 104 123 73 156 
118 21 178 91 147 48 179 48 43 1 184 81 183 151 191 138 124 171 43 187 184 42 12 34 166 182 3 4 71 67 68 72 193 47 135 124 63 43 26 141 96 72 55 121 4 183 5 66 54 31 131 118 56 188 180 49 38 18 107 170 184 106 155 200 52 162 49 68 197 21 173 139 76 8 72 81 83 45 31 8 186 92 35 25 150 75 141 190 5 138 24 190 87 144 157 181 125 30 72 65 196 68 20 53 79 160 24 123 184 93 56 155 108 151 59 178 182 111 156 48 101 71 184 141 65 
129 189 96 34 68 159 40 49 82 143 5 148 38 27 21 185 122 99 102 190 61 183 174 10 189 111 45 130 194 96 124 59 43 26 9 86 48 30 182 198 23 16 4 38 188 134 91 1 146 42 27 179 9 96 130 21 150 94 54 11 191 55 199 70 74 123 92 157 140 143 58 19 34 50 102 28 176 108 133 138 102 168 145 142 3 140 130 14 53 107 7 51 179 105 63 4 12 153 66 51 87 9 94 78 153 170 200 87 105 136 142 179 151 109 96 36 183 131 139 49 115 113 183 67 100 
163 138 192 66 104 131 78 20 138 63 158 69 186 169 126 186 48 29 109 2 134 84 13 160 190 166 27 131 137 131 138 14 46 143 17 108 48 2 119 20 21 29 151 149 157 21 141 92 165 194 61 187 32 54 110 189 53 53 39 97 102 167 67 7 23 190 121 89 77 92 149 106 60 88 53 18 65 125 79 121 184 126 50 93 134 123 88 120 177 19 69 138 140 163 93 21 98 111 9 108 142 52 66 156 131 113 120 49 191 2 118 187 165 134 175 30 35 141 123 62 170 103 183 181 150 
198 11 118 140 158 141 126 128 118 136 16 38 112 149 168 121 43 181 4 56 39 105 174 118 197 128 24 145 12 106 53 148 135 44 29 178 74 65 4 46 163 177 20 120 1 191 51 130 76 83 83 169 157 117 49 150 22 106 90 170 55 3 65 164 1 74 16 90 101 141 3 186 41 33 199 123 15 157 47 51 15 127 72 120 104 180 79 47 97 132 80 92 28 140 112 57 1 119 133 190 109 170 4 52 192 182 172 130 108 166 49 57 97 134 66 140 197 125 63 46 2 99 182 9 32 
132 66 127 93 105 41 180 127 33 87 57 155 162 28 160 36 163 123 150 61 65 157 24 35 57 10 160 112 187 144 179 46 76 2 40 187 171 149 92 198 45 19 3 139 94 109 9 129 27 166 153 43 138 31 18 181 160 105 67 109 138 166 91 155 14 47 135 167 146 16 36 199 115 200 57 104 80 106 44 26 86 83 183 73 40 166 155 53 198 143 152 162 51 123 15 14 115 153 102 145 67 171 96 43 93 192 2 94 54 99 186 126 96 78 45 196 150 110 23 159 19 169 62 104 31 
16 7 77 99 178 93 74 92 47 19 22 7 143 10 8 99 26 90 140 160 130 151 83 94 119 94 63 190 184 40 138 138 91 174 13 115 8 124 179 7 167 109 192 117 169 60 46 4 77 128 90 109 101 16 71 159 22 19 113 53 81 14 87 155 170 34 152 49 171 105 135 144 32 60 140 98 37 197 29 35 69 52 98 63 29 113 10 192 104 30 83 120 15 96 76 15 128 122 180 196 43 90 174 168 165 81 198 179 83 105 156 156 57 149 102 55 32 192 196 62 25 119 138 146 53 
134 85 170 54 152 1 24 136 80 142 123 30 132 103 183 193 142 118 159 33 78 64 87 183 134 53 93 93 67 197 99 137 139 175 193 36 34 125 47 200 23 145 40 1 79 157 154 63 10 114 178 62 154 193 156 25 112 172 186 145 146 90 63 114 188 69 154 18 25 176 129 169 172 117 156 52 13 190 197 15 188 34 100 118 191 157 48 112 110 140 111 147 197 193 28 195 72 14 44 99 46 116 136 61 61 43 115 123 168 31 98 148 31 139 10 133 181 111 96 113 174 48 56 117 63 
120 190 147 101 31 49 97 187 106 22 33 150 95 69 91 117 187 62 147 137 147 95 184 142 145 116 180 78 37 17 41 110 22 17 83 122 70 1 114 136 132 63 62 199 62 156 69 121 129 146 191 162 120 148 83 67 97 122 16 110 57 185 176 140 117 52 178 170 70 156 139 104 41 151 104 99 69 47 189 92 119 66 95 72 47 175 137 17 82 65 136 167 180 159 171 3 5 16 29 9 60 32 78 169 44 63 141 26 21 139 178 6 86 163 156 135 109 100 60 41 2 139 153 148 144 
157 81 95 179 147 77 44 167 108 17 68 152 83 120 2 28 12 35 24 87 44 35 69 51 111 2 69 25 58 129 69 140 101 83 122 6 32 168 141 134 139 105 162 110 114 117 160 171 65 123 137 136 51 28 137 102 185 192 174 18 197 154 53 115 118 102 53 74 103 7 178 137 77 164 170 130 41 12 1 193 57 68 35 93 162 135 46 117 154 73 146 161 163 106 143 126 88 73 104 89 61 26 1 85 61 178 196 40 157 18 157 189 185 13 168 85 169 161 122 179 92 137 189 195 177 
39 131 189 103 39 67 31 116 194 86 84 153 62 153 121 92 52 166 94 167 87 107 141 167 49 159 145 197 8 199 128 100 16 136 93 140 200 159 181 7 36 5 11 146 76 26 47 1 173 147 197 41 181 152 129 12 169 102 134 121 195 157 112 9 132 176 190 35 55 36 6 26 75 65 74 135 194 73 38 39 196 55 197 144 134 88 142 65 44 162 141 42 151 128 54 199 174 174 191 77 86 65 131 22 143 121 187 107 179 104 47 64 127 183 50 18 167 156 18 67 163 168 52 171 81 
106 183 92 142 103 5 55 17 113 170 114 176 29 128 51 109 116 10 132 187 97 191 148 52 119 116 132 131 126 127 83 159 23 58 78 177 39 101 22 55 13 2 15 141 196 127 40 47 120 18 21 197 178 5 66 173 64 67 36 19 188 138 34 66 20 160 84 42 45 153 21 112 182 124 128 112 107 132 52 102 134 72 36 185 104 31 197 32 125 95 159 155 14 159 47 186 195 48 56 130 106 70 133 160 111 156 48 130 196 179 145 160 20 185 123 181 160 122 165 199 122 140 5 21 182 
73 77 74 170 177 172 82 195 145 197 109 57 25 7 52 160 196 116 102 185 56 182 81 34 150 156 43 90 179 37 104 39 59 175 67 41 154 114 116 135 103 131 139 160 131 47 59 134 47 48 101 28 172 9 6 112 173 169 165 94 186 53 177 174 84 78 129 17 123 176 85 75 103 73 174 146 188 189 172 58 79 87 156 23 62 129 34 177 55 200 151 134 97 26 150 34 71 70 54 32 24 188 132 117 20 110 145 154 106 199 89 170 127 24 65 55 125 84 68 101 112 141 140 1 121 
16 84 138 74 50 12 20 168 171 95 121 186 150 62 165 148 77 18 84 97 12 34 18 157 97 117 70 131 72 26 199 173 64 178 97 89 120 1 44 16 60 46 184 174 105 190 11 93 118 34 44 84 172 93 60 142 40 82 133 55 180 125 148 8 74 139 195 101 100 190 128 86 197 73 24 71 38 37 5 179 2 184 19 118 37 130 23 163 183 163 46 147 114 3 126 180 127 21 175 194 75 106 122 56 149 13 21 90 143 68 21 71 75 84 146 73 35 197 47 63 190 77 134 76 163 
165 115 134 152 146 36 99 4 28 198 55 175 94 29 142 17 192 92 24 89 24 147 76 55 85 9 97 105 140 120 102 31 164 9 30 197 136 6 89 71 136 36 34 118 79 45 84 186 6 100 117 198 68 64 23 2 107 99 164 32 137 177 171 35 156 102 187 152 61 101 3 192 31 127 37 84 175 162 198 193 168 47 113 199 37 199 200 109 98 36 188 61 145 179 165 183 125 127 170 45 72 117 21 39 163 122 67 65 90 7 68 90 18 131 13 156 81 123 80 191 12 53 6 158 192 
82 131 50 187 111 141 112 33 107 188 70 20 2 114 95 39 79 45 154 150 144 134 13 185 71 171 188 53 98 87 93 21 62 174 14 173 52 162 83 173 87 6 144 95 137 80 25 118 112 128 92 99 124 61 26 103 34 135 42 52 45 158 44 109 44 111 196 27 103 112 1 67 195 194 121 125 5 169 114 120 136 55 134 12 191 21 12 192 92 125 91 200 186 35 106 37 198 152 43 31 48 59 160 178 49 113 3 39 193 188 185 104 61 94 77 28 88 105 135 174 8 49 154 45 31 
159 181 73 190 58 140 3 14 101 161 177 26 28 200 180 64 71 39 23 122 173 156 66 47 49 76 99 58 87 182 1 52 79 189 112 135 14 26 165 168 13 68 84 10 63 28 137 162 171 181 199 170 170 91 105 166 58 168 148 71 167 139 156 110 46 68 198 142 17 108 155 34 55 14 178 42 70 86 19 156 121 193 101 39 186 99 42 10 129 171 148 156 73 17 200 175 199 9 143 120 111 160 81 183 110 29 140 88 15 20 178 47 2 187 127 17 13 189 173 93 111 162 150 167 71 
197 179 131 12 138 102 92 76 75 27 100 111 182 47 15 44 58 44 62 127 55 56 147 127 142 62 38 23 184 120 80 24 83 5 21 152 54 183 189 111 114 42 50 33 19 55 2 188 152 145 61 123 25 144 81 11 200 180 82 1 140 3 43 75 127 33 182 22 51 133 72 138 62 32 97 113 60 176 77 56 155 152 96 78 116 143 42 4 171 53 80 136 69 146 80 22 185 188 132 4 73 100 27 148 98 57 43 59 94 46 149 6 1 155 71 52 107 27 185 20 154 132 136 177 63 
34 45 10 151 178 61 172 195 123 32 47 158 111 20 179 78 32 30 20 70 120 82 166 108 163 10 8 190 40 58 39 2 106 154 73 111 169 161 151 121 134 171 39 111 151 122 101 8 30 29 198 94 63 95 178 167 53 38 141 49 163 103 185 143 17 40 155 64 144 153 38 73 31 62 161 24 149 128 60 124 133 187 7 50 146 162 103 6 22 69 112 173 141 104 62 21 19 158 131 64 3 50 65 174 97 32 19 58 55 99 154 41 163 110 70 188 164 15 61 85 189 62 169 162 45 
60 134 121 158 120 103 181 151 112 7 33 2 102 76 33 87 130 196 186 45 52 76 145 126 68 109 135 184 175 41 140 146 97 68 96 55 32 18 80 178 17 85 79 73 163 92 20 5 47 133 33 106 64 72 155 16 88 99 28 112 127 101 118 99 138 122 72 133 190 159 110 131 3 114 178 139 147 2 55 165 188 170 197 106 2 31 125 154 171 55 199 43 152 177 90 46 127 125 104 58 136 135 28 124 183 27 173 28 77 55 1 140 60 17 178 154 27 50 71 141 118 56 195 183 12 
142 142 12 167 17 145 115 136 9 165 47 135 192 181 133 73 10 110 46 106 190 195 146 13 110 130 26 78 14 199 185 39 89 177 183 14 196 104 184 157 128 175 55 88 175 74 65 195 130 84 166 166 70 90 93 157 160 173 104 14 183 59 153 7 173 1 158 110 159 24 168 28 112 79 37 141 88 166 41 86 102 187 29 53 48 28 69 200 88 50 17 72 100 173 44 199 36 181 106 193 152 178 100 82 19 195 22 198 25 198 38 60 191 72 131 194 173 150 33 77 141 63 124 162 156 
70 46 2 26 31 29 110 8 124 145 81 34 156 172 84 48 147 198 63 72 145 11 36 195 172 154 162 22 114 163 48 10 77 15 170 28 34 58 24 20 59 200 30 98 14 118 126 83 92 73 90 98 81 55 140 105 81 183 28 150 183 58 31 42 118 40 185 3 79 109 41 129 158 55 50 159 150 165 24 125 148 94 145 43 42 125 113 80 143 137 56 193 5 120 31 73 138 53 6 169 155 131 195 120 109 89 119 18 140 43 84 154 42 195 21 124 148 32 19 85 197 6 36 164 196 
17 105 186 98 136 34 94 3 188 70 175 17 198 71 158 68 146 92 21 190 60 46 18 122 109 43 81 13 68 141 61 158 113 66 153 117 59 152 77 133 10 161 82 191 175 43 7 13 59 98 174 155 136 169 137 174 56 37 21 54 113 147 117 1 160 29 42 151 66 136 141 112 89 32 183 9 23 6 181 28 164 149 36 93 119 45 11 92 27 124 59 170 32 7 44 7 108 47 121 56 95 36 16 130 3 48 111 133 86 142 94 153 89 74 100 109 52 48 73 97 167 136 73 184 48 
35 198 45 125 169 163 83 188 101 169 149 96 126 65 23 190 67 25 112 98 69 130 76 179 10 188 112 25 83 51 37 37 73 141 142 143 32 35 97 125 19 28 78 50 47 105 87 179 131 125 173 47 167 29 17 95 53 200 119 150 74 81 46 154 28 168 43 199 27 7 46 41 163 163 111 151 165 19 32 95 117 51 152 113 192 68 27 102 12 63 51 138 198 162 60 187 24 65 88 11 56 90 44 56 200 170 98 95 150 186 195 172 186 44 87 149 67 199 55 77 28 92 173 187 129 
