150 4
0
0
1 7 194 1171
2 19 70 299
3 34 46 402
4 46 49 340
5 52 7 66
6 55 185 425
7 87 13 61
8 105 140 105
9 108 133 -158
10 114 38 38
11 124 168 -212
12 132 142 -152
13 141 172 829
14 168 95 -22
15 174 81 12
16 175 5 185
17 176 141 1022
18 183 86 183
19 194 6 218
20 223 161 867
21 225 135 765
22 226 131 226
23 240 73 824
24 244 104 244
25 258 90 978
26 259 12 235
27 271 156 271
28 278 27 278
29 283 177 -71
30 284 92 100
31 287 156 911
32 304 38 380
33 306 67 842
34 315 60 435
35 317 9 335
36 329 109 547
37 332 15 392
38 345 173 1729
39 362 109 144
40 365 122 1341
41 389 148 1573
42 405 44 757
43 411 33 477
44 412 60 412
45 413 21 455
46 464 160 464
47 464 158 148
48 467 60 707
49 475 187 475
50 477 155 477
51 479 50 479
52 492 46 492
53 529 102 733
54 531 126 1539
55 535 195 145
56 538 22 714
57 541 147 1129
58 552 191 1698
59 553 43 553
60 594 5 614
61 610 46 702
62 622 75 1072
63 625 163 299
64 631 39 553
65 641 113 867
66 642 115 412
67 675 194 675
68 697 67 563
69 722 194 2274
70 726 186 2214
71 756 96 1332
72 758 163 2062
73 762 67 896
74 770 12 770
75 773 65 643
76 784 139 506
77 786 175 1136
78 823 183 1921
79 826 76 978
80 830 53 1148
81 873 119 1587
82 879 175 879
83 886 56 998
84 888 182 1252
85 897 49 1191
86 901 31 901
87 922 127 1176
88 934 20 894
89 940 113 1166
90 948 5 978
91 957 77 1419
92 969 64 1225
93 969 91 1697
94 989 2 1001
95 991 51 1093
96 1015 128 1783
97 1024 158 1656
98 1037 70 897
99 1049 187 1423
100 1061 128 1317
101 1075 132 1603
102 1077 162 1401
103 1077 11 1055
104 1094 191 1476
105 1096 38 1020
106 1100 176 2156
107 1111 60 1231
108 1129 99 1129
109 1136 46 1320
110 1139 90 1139
111 1139 47 1327
112 1141 194 2305
113 1150 94 1526
114 1173 21 1299
115 1198 99 1000
116 1199 167 2201
117 1243 35 1453
118 1248 104 1040
119 1251 141 1815
120 1256 175 2656
121 1261 62 1633
122 1269 151 2175
123 1276 63 1276
124 1276 70 1416
125 1282 132 1810
126 1295 89 1473
127 1299 66 1299
128 1309 128 2333
129 1312 78 1312
130 1314 54 1638
131 1322 56 1210
132 1364 146 1072
133 1373 45 1373
134 1374 22 1462
135 1379 161 2667
136 1386 75 1836
137 1394 139 2228
138 1396 139 1118
139 1413 112 1189
140 1413 88 1237
141 1418 51 1826
142 1418 156 2354
143 1430 126 1430
144 1437 38 1589
145 1440 5 1460
146 1457 5 1497
147 1464 85 1464
148 1494 148 1494
149 1498 170 2858
150 1498 114 1726
163 78 77 91 200 89 179 128 41 3 128 195 136 142 1 169 112 100 200 13 143 47 11 109 82 1 160 152 153 64 116 65 108 175 123 21 154 157 195 178 50 188 61 58 130 189 54 40 196 25 156 109 143 87 15 149 62 76 192 165 83 154 145 47 48 64 193 63 63 67 58 79 106 70 151 134 20 18 46 80 184 39 106 77 17 136 63 163 14 83 32 168 90 1 81 64 199 5 16 153 110 172 51 42 90 179 89 168 169 122 50 88 61 30 18 58 186 51 158 97 131 147 23 190 152 147 62 186 145 192 166 186 24 159 147 42 84 194 31 98 101 54 18 55 86 62 181 55 115 23 
114 121 115 113 5 122 50 101 38 38 96 176 7 105 37 186 39 120 157 21 176 140 198 99 33 187 106 90 111 183 124 119 135 194 97 33 130 48 18 1 119 192 149 29 129 114 125 103 38 67 24 74 193 80 156 144 78 55 174 50 108 111 64 174 40 42 161 74 148 20 22 115 74 29 38 126 25 167 43 51 77 146 76 141 82 182 94 80 170 51 184 12 24 34 35 90 73 96 37 108 158 151 11 55 143 179 198 71 169 72 54 154 105 109 48 185 107 104 19 187 51 20 97 80 70 59 27 92 102 100 170 55 169 189 3 115 2 135 146 47 67 42 144 167 141 41 37 181 54 128 
159 85 118 16 106 192 49 157 19 58 112 167 8 119 104 78 73 52 126 70 191 143 61 150 199 18 118 40 30 59 37 37 59 15 78 43 149 150 1 130 119 70 114 160 144 59 4 19 128 107 88 62 192 87 164 128 87 26 22 160 84 61 113 182 150 106 143 142 198 86 69 67 139 68 61 126 7 103 122 175 88 123 33 159 79 155 27 73 111 109 197 146 7 150 50 178 114 65 78 59 28 109 150 7 16 181 123 99 33 145 148 119 10 167 134 162 200 112 170 174 100 77 34 43 85 173 15 83 126 184 200 21 2 5 45 89 55 8 33 79 21 168 58 90 156 74 42 193 47 166 
92 44 142 135 119 118 2 27 76 74 148 81 97 17 169 177 140 41 184 45 113 141 173 94 118 171 12 20 175 167 87 39 162 173 24 7 171 79 199 175 193 144 166 143 56 63 8 19 12 169 82 159 112 43 141 171 96 123 138 179 111 86 119 129 10 169 108 182 178 133 179 155 27 190 44 167 68 147 17 27 124 19 122 8 78 164 70 137 155 172 179 102 166 15 143 26 1 138 107 61 136 145 2 143 146 26 78 26 115 2 131 15 139 181 76 59 40 45 139 147 47 116 29 180 179 197 115 66 58 173 42 185 75 46 107 144 88 119 39 176 84 198 34 14 62 104 175 23 16 45 
167 55 176 93 107 97 57 108 82 40 91 156 66 157 190 142 28 147 179 93 196 75 182 135 167 174 140 4 88 59 38 198 99 147 11 123 182 145 40 111 85 114 39 185 167 157 169 104 128 23 7 196 156 99 69 76 92 175 183 104 99 128 131 180 137 141 151 72 144 113 47 80 22 27 146 46 34 100 164 74 26 126 98 51 31 49 68 56 193 161 181 79 133 18 71 64 143 52 81 76 29 193 80 44 78 192 179 154 191 106 196 188 55 5 45 30 32 145 22 173 36 121 39 158 199 9 122 39 111 188 32 97 182 58 165 179 193 78 137 111 153 148 7 100 39 148 147 56 177 22 
107 20 160 196 38 125 30 198 180 36 5 25 7 34 13 147 147 30 200 81 24 136 97 156 49 162 155 81 77 34 106 107 110 179 167 164 187 14 85 67 69 20 32 73 166 11 102 37 25 4 67 31 12 107 179 108 72 124 127 193 30 135 188 13 157 92 60 158 95 191 135 146 191 118 191 18 81 61 83 153 74 48 158 147 198 54 113 2 200 117 189 36 89 145 170 177 102 105 48 94 147 107 176 73 167 133 8 143 73 51 113 116 197 123 81 200 7 101 88 26 52 18 123 197 130 54 17 197 135 175 183 199 51 192 131 174 160 127 104 69 100 149 27 49 19 78 21 119 145 34 
78 192 44 161 195 84 40 134 96 64 29 42 63 48 93 192 30 124 114 132 152 114 48 102 126 51 96 34 159 31 124 129 186 66 168 58 198 36 198 170 148 3 197 114 67 171 65 86 14 17 51 147 8 124 16 168 125 29 120 152 55 52 58 83 125 93 162 181 5 84 95 92 61 134 83 52 117 155 143 189 113 5 147 46 173 154 158 178 51 144 138 179 194 120 185 199 157 173 9 38 96 119 96 11 179 73 188 144 38 126 131 33 71 139 62 54 172 154 164 119 144 196 180 97 6 32 104 42 44 90 38 125 8 25 191 159 46 74 49 96 24 145 71 168 70 72 163 187 164 158 
21 72 170 176 155 190 184 125 11 100 123 72 93 83 151 125 71 8 134 176 29 75 16 143 84 48 159 84 125 174 96 103 25 198 14 94 56 164 42 60 82 40 30 35 2 200 21 175 199 39 34 11 10 34 131 179 99 106 22 192 151 193 61 58 158 105 13 98 126 161 39 199 73 62 139 179 15 110 34 175 118 46 21 122 70 164 186 172 67 52 73 170 90 10 162 182 18 190 177 141 162 195 100 19 105 47 77 80 119 110 82 102 81 116 34 15 5 191 62 76 155 56 182 107 184 108 138 110 102 45 3 24 152 156 103 181 19 31 17 88 118 100 53 129 73 165 62 100 79 125 
104 107 26 158 28 91 160 35 195 30 36 172 186 173 165 175 4 173 101 72 4 13 27 137 41 35 79 142 34 91 14 63 107 125 182 58 103 170 82 48 127 171 18 13 142 7 154 76 136 78 104 199 165 120 158 121 161 55 120 142 52 150 156 76 151 30 118 198 57 25 195 20 35 88 115 76 148 172 115 73 158 182 16 16 190 47 128 113 185 51 46 181 164 131 1 130 42 126 61 98 160 158 26 34 174 5 48 193 89 47 182 111 43 162 142 41 20 132 10 91 71 22 19 58 187 121 63 161 167 162 190 129 31 129 64 51 57 132 67 54 118 46 132 194 154 139 93 38 162 6 
101 154 119 76 60 71 158 169 124 23 177 28 195 87 134 138 46 134 76 90 6 145 158 21 43 20 145 151 124 74 192 83 113 27 123 4 64 50 99 38 22 7 121 160 102 198 90 114 174 170 30 61 110 102 46 156 112 75 169 200 44 20 46 65 13 148 90 172 79 82 49 28 168 166 72 128 168 187 1 117 38 125 28 151 186 185 7 151 64 65 52 86 179 87 77 94 136 178 182 192 2 191 164 138 115 113 85 194 152 117 115 109 37 144 28 178 198 118 120 60 83 116 195 148 74 23 27 150 26 179 143 166 41 84 173 38 196 90 180 58 117 37 107 136 114 191 88 86 163 135 
8 130 135 116 69 4 121 117 84 83 50 182 68 144 82 71 103 147 128 151 127 106 138 119 124 46 100 114 14 3 4 45 176 123 15 172 146 80 45 62 88 132 7 41 133 23 176 44 100 107 156 158 188 20 176 10 95 42 142 143 12 89 16 7 31 98 165 74 11 6 73 104 162 14 57 97 166 5 52 86 67 63 86 126 33 151 83 139 113 163 118 94 39 181 133 192 17 21 40 26 131 88 131 61 65 61 12 10 196 166 133 130 173 78 188 114 64 167 148 115 129 59 112 175 159 8 72 67 178 116 132 72 85 149 186 66 53 62 1 134 172 84 17 72 123 129 168 111 69 3 
172 13 27 144 137 75 92 177 179 91 88 175 147 181 24 100 35 18 111 68 73 104 45 38 85 27 102 25 84 71 193 181 38 17 101 187 120 96 66 103 193 106 4 77 181 158 118 170 156 101 197 48 175 20 79 143 59 68 108 119 131 10 79 137 112 175 61 34 106 33 166 8 78 191 57 42 70 90 77 72 136 83 32 68 52 193 91 40 6 105 154 171 162 29 80 82 197 31 98 110 33 151 181 27 29 78 139 72 23 63 2 83 74 20 188 87 103 170 151 100 181 188 164 36 104 180 178 158 148 29 168 142 147 62 128 90 13 147 195 62 155 174 137 156 63 29 148 176 147 3 
200 39 87 123 93 150 3 99 144 150 109 138 165 88 27 105 68 80 107 78 58 56 154 30 93 127 83 29 125 126 68 179 171 198 178 70 178 124 165 121 114 20 178 57 109 129 40 93 81 162 198 69 83 114 78 171 7 137 104 42 98 77 107 33 82 70 137 64 117 41 47 111 142 163 108 102 34 132 132 174 155 55 23 96 149 169 122 26 65 51 158 165 128 150 52 68 164 147 66 69 87 122 32 171 173 6 183 150 187 40 145 66 145 100 124 15 169 138 66 121 141 174 62 41 82 78 97 104 158 35 197 177 159 79 66 76 148 199 34 184 81 157 116 69 149 194 182 48 29 65 
93 76 95 38 127 160 168 132 169 33 139 183 61 117 160 110 46 46 143 58 156 157 60 57 169 190 16 78 191 82 59 11 52 38 30 51 127 1 112 68 72 142 2 106 58 56 83 190 95 33 57 167 133 95 23 145 41 173 15 181 51 160 28 116 140 8 85 110 80 87 188 52 190 114 164 106 191 183 30 8 81 154 89 65 38 149 56 87 169 76 93 190 43 30 183 168 156 121 100 116 150 73 1 91 196 32 86 106 160 12 126 99 86 108 61 157 135 76 11 125 80 79 184 130 177 130 62 174 76 156 158 74 178 29 114 162 112 36 166 71 72 47 41 178 90 43 31 68 24 124 
70 49 157 15 3 99 22 133 139 189 184 7 74 171 128 11 59 92 32 58 81 97 13 52 150 88 89 185 109 138 119 27 54 54 61 139 184 9 102 70 104 36 139 37 36 132 41 74 46 59 46 110 172 12 184 110 82 27 174 191 159 88 162 199 64 1 30 175 200 91 95 174 133 193 45 1 19 105 44 68 180 126 150 116 115 157 43 125 5 26 169 193 153 61 195 198 191 196 31 119 163 176 162 167 151 52 133 70 64 12 97 200 140 13 195 53 72 103 28 17 175 93 134 114 33 91 133 57 132 58 180 136 10 22 105 54 68 118 119 90 123 49 18 84 54 159 182 22 17 192 
42 89 87 62 148 42 29 22 20 37 151 7 179 78 100 198 165 148 1 184 190 132 134 157 37 47 183 122 49 52 188 189 84 170 6 159 162 158 47 110 135 109 136 117 197 49 38 182 98 122 52 107 155 21 49 49 167 18 190 102 164 45 143 179 152 46 95 82 154 163 138 81 177 98 8 5 142 120 80 20 81 143 112 101 38 151 54 81 7 81 156 71 193 147 159 23 83 91 101 186 22 99 176 158 116 185 87 85 186 63 12 29 142 97 153 109 190 163 105 98 92 118 14 69 188 186 82 132 155 200 2 90 115 87 153 178 93 32 48 27 2 187 126 39 79 18 84 17 89 9 
191 147 28 54 167 168 64 121 178 35 107 134 150 182 127 178 22 186 185 50 101 62 161 196 50 31 59 199 20 36 47 167 14 94 64 58 50 159 67 86 192 60 28 108 74 12 170 32 31 52 159 66 39 110 170 85 67 38 75 164 154 57 105 119 198 159 141 100 44 40 172 67 89 23 3 6 19 135 124 14 109 198 124 84 148 38 95 192 155 60 179 132 140 184 114 68 7 190 51 23 9 13 108 184 99 50 105 72 102 157 57 124 79 188 59 158 164 135 124 91 85 155 1 165 117 24 99 127 165 13 83 135 114 66 126 134 117 121 189 186 160 111 149 55 180 135 79 49 178 152 
190 155 120 57 125 123 154 109 23 150 12 77 151 99 33 22 92 173 104 65 85 38 22 115 158 147 171 186 146 163 154 4 150 76 70 144 82 87 68 186 154 190 38 108 33 145 40 22 15 180 188 154 79 188 175 2 162 109 182 168 8 31 81 12 75 144 144 20 20 117 28 63 187 4 171 45 189 93 10 57 119 177 159 63 84 188 17 147 110 78 174 138 20 34 181 66 93 102 173 119 84 82 193 88 162 121 89 53 7 41 199 53 103 133 11 65 61 128 139 20 198 78 5 75 115 35 133 103 180 78 92 21 111 182 103 134 105 126 48 173 156 23 139 192 46 175 181 182 75 11 
27 3 67 154 32 100 99 28 67 112 193 127 106 63 123 168 30 74 19 55 156 109 62 84 154 94 195 112 152 66 160 83 111 178 186 52 67 28 32 199 144 190 27 107 137 5 27 185 71 187 88 30 165 161 134 176 46 69 181 25 158 83 11 57 74 188 63 152 183 31 175 104 143 57 85 121 26 97 102 112 133 18 162 107 164 40 196 97 26 200 166 150 126 104 63 157 161 52 20 81 1 139 190 160 39 95 165 80 103 97 145 187 197 129 142 163 58 33 186 105 55 136 44 167 27 13 129 90 143 50 92 102 31 59 75 133 170 88 97 85 120 4 134 87 133 135 80 149 82 193 
83 107 102 4 145 57 184 73 83 31 163 139 31 172 91 156 86 188 160 119 123 32 82 113 197 142 170 135 57 179 70 100 36 174 7 72 189 14 137 37 145 103 153 148 98 41 1 29 175 77 39 64 17 156 167 52 45 157 93 32 18 102 154 4 150 157 148 107 80 114 180 38 51 144 169 114 29 101 152 164 70 138 81 181 90 71 160 3 94 104 35 162 53 87 67 44 94 8 121 143 157 72 198 191 72 147 47 1 38 191 193 95 132 22 51 2 29 149 112 74 101 35 83 103 56 90 99 127 112 18 154 151 131 143 158 108 171 99 147 103 120 127 33 45 28 180 47 125 43 6 
66 98 85 124 198 51 109 21 47 127 167 193 189 167 181 33 18 176 88 25 200 71 197 25 20 64 43 36 91 191 132 101 26 178 192 164 51 195 191 125 170 80 117 145 171 198 135 91 175 95 28 196 154 23 41 108 39 37 130 33 121 193 32 111 63 6 80 162 160 108 169 108 6 145 117 156 157 127 54 148 159 191 160 100 49 151 109 4 19 73 156 119 15 25 193 173 64 100 159 174 39 43 65 152 144 54 161 40 118 143 136 167 75 179 56 60 48 151 76 115 15 71 93 197 22 61 137 190 122 138 139 93 131 68 99 159 119 74 189 47 130 21 69 56 76 130 71 16 171 112 
150 70 70 133 4 98 191 133 89 158 190 190 96 191 48 51 147 150 46 174 107 162 33 75 67 9 170 112 14 165 153 1 43 139 17 52 71 4 158 34 139 3 34 131 55 160 66 3 185 80 171 73 16 185 159 48 6 29 118 54 47 129 143 149 13 8 57 141 104 74 117 166 41 154 104 77 85 161 61 166 10 197 88 102 46 189 161 110 17 10 42 42 162 60 200 102 40 100 175 94 59 120 105 50 117 119 7 140 75 109 190 133 90 55 54 49 172 109 37 195 114 75 131 9 170 75 183 104 58 27 4 63 119 118 156 110 5 179 77 4 153 132 11 85 62 98 90 68 179 53 
43 184 99 103 148 154 5 52 60 3 137 109 169 172 135 135 158 102 72 133 160 8 80 96 67 119 190 136 146 166 63 184 28 141 119 5 58 155 158 24 118 158 50 75 187 66 66 193 134 19 108 93 74 159 60 79 131 7 133 117 71 99 5 79 57 114 77 63 80 84 116 78 192 25 154 192 200 177 179 35 109 81 76 92 57 159 130 157 32 161 21 178 62 7 163 175 133 73 172 106 176 56 107 196 89 101 78 68 83 190 103 29 187 182 140 63 148 54 59 6 97 134 57 113 107 181 194 22 58 31 38 75 7 140 135 141 108 123 78 38 11 2 42 176 154 48 168 79 14 61 
34 181 97 79 95 64 116 196 58 128 128 108 48 44 197 200 171 69 27 120 11 65 27 158 93 140 142 20 40 67 195 92 125 69 8 11 96 73 187 8 30 179 2 81 30 22 173 31 197 154 63 138 112 78 56 52 160 78 94 162 172 147 181 29 168 157 28 58 57 171 114 129 66 174 55 183 193 120 131 145 169 88 34 1 79 200 107 77 194 7 46 90 186 182 192 95 60 135 24 3 114 174 136 103 112 32 53 5 132 115 199 88 150 142 1 142 65 175 176 149 183 56 164 89 78 82 55 191 77 108 166 167 140 99 29 140 51 137 179 93 102 119 142 10 26 57 94 147 83 180 
62 150 159 36 161 113 135 120 10 135 56 100 65 133 173 59 5 123 69 137 151 139 125 40 76 77 163 9 115 78 166 121 60 61 189 192 193 39 68 75 198 94 33 141 134 154 33 6 49 138 1 88 104 180 26 190 39 113 144 40 86 14 104 94 100 47 129 27 8 133 179 65 193 42 125 83 182 50 21 124 111 140 100 194 155 184 94 4 128 169 190 170 156 99 47 161 71 172 57 128 38 101 113 94 88 169 80 133 184 164 27 199 118 50 31 144 83 42 59 38 179 68 52 110 79 39 9 44 33 8 56 101 134 111 10 94 102 159 31 186 10 125 50 50 19 34 48 169 169 174 
35 191 17 139 33 29 111 110 170 183 163 139 63 171 181 87 54 148 71 199 140 79 58 106 142 91 198 200 138 47 77 86 113 14 80 87 32 115 82 85 51 62 146 32 66 57 8 154 28 103 191 192 178 60 83 164 92 19 30 149 179 119 68 177 61 105 118 60 147 19 169 18 195 5 102 50 7 143 13 86 165 56 49 9 150 22 67 24 100 94 97 160 25 196 128 129 69 184 28 10 5 118 169 9 65 156 69 84 12 10 107 5 196 2 17 112 141 105 129 134 194 119 114 170 109 118 42 58 158 164 78 105 199 103 168 28 67 14 162 121 60 8 40 54 135 49 182 112 154 2 
179 169 146 53 171 164 180 117 48 57 84 154 156 146 71 71 186 27 172 26 10 88 126 23 48 28 171 42 54 150 15 119 200 19 76 84 151 142 166 124 163 130 108 82 69 22 130 84 138 190 193 44 134 117 141 71 12 121 182 119 156 4 100 60 69 22 80 84 73 12 149 20 137 123 174 98 176 193 102 68 80 167 147 182 99 150 3 11 194 46 118 125 140 111 93 165 155 99 146 171 112 50 85 116 48 119 193 88 114 145 135 163 128 70 17 200 62 199 80 53 118 166 74 125 187 42 146 110 165 182 162 134 160 69 61 28 180 27 38 162 160 48 145 137 172 24 40 6 26 136 
138 126 139 181 64 137 20 145 152 15 127 86 157 3 181 126 169 76 42 48 123 67 69 189 165 2 113 15 163 150 38 66 167 173 51 167 29 66 61 96 152 23 150 162 8 64 155 37 44 144 39 26 102 70 24 195 96 22 177 159 32 135 70 96 39 167 68 6 141 44 147 33 53 6 54 126 31 134 11 85 94 67 21 29 60 192 155 40 104 120 115 71 165 104 82 173 43 158 179 33 4 19 20 141 118 155 88 144 67 93 167 148 194 154 12 90 132 126 82 62 62 188 67 168 152 38 4 89 108 129 187 34 147 13 48 111 96 123 68 105 4 188 76 133 59 180 86 124 175 157 
75 124 109 1 188 8 158 122 161 84 59 191 76 183 156 87 66 192 64 177 44 139 33 50 94 111 64 23 67 79 160 60 34 87 192 11 139 33 184 59 176 59 188 6 86 65 6 62 3 26 77 28 59 64 12 45 123 14 147 133 87 160 45 104 179 125 197 114 25 99 193 88 23 117 142 160 166 73 37 89 74 5 43 35 120 193 77 68 11 121 119 133 17 176 68 109 156 84 95 30 58 171 42 23 134 127 67 52 8 40 142 24 176 151 54 50 97 75 183 149 95 81 114 159 41 78 72 44 66 100 34 92 60 172 199 151 137 130 200 184 76 106 15 45 57 141 94 40 6 147 
149 44 95 141 104 179 105 168 1 54 71 186 12 127 43 136 84 58 1 87 5 40 109 91 150 160 25 117 8 97 86 171 116 144 158 67 163 56 7 95 35 25 85 107 151 72 121 9 61 47 152 43 52 131 60 20 20 139 67 2 74 141 2 142 185 117 134 13 144 32 29 86 192 199 8 171 4 19 117 67 166 46 65 171 43 66 6 71 3 53 109 113 33 92 42 130 69 174 109 103 192 192 106 134 54 147 132 181 118 49 163 80 26 152 143 47 38 54 21 101 66 68 156 106 21 134 93 140 54 178 71 190 120 68 43 199 111 23 169 118 98 162 133 147 167 6 121 174 72 157 
121 172 58 38 183 99 5 184 137 179 185 184 105 95 58 104 75 12 97 69 54 21 173 167 93 57 38 172 187 147 191 123 149 60 133 59 26 35 127 116 184 64 124 181 45 89 150 181 167 124 56 66 84 151 89 132 86 171 1 82 173 40 39 149 98 60 44 38 111 147 183 85 87 197 156 106 197 80 64 16 16 142 39 45 116 191 32 67 33 100 158 47 195 54 112 101 134 144 26 57 31 157 184 189 176 175 7 195 152 187 29 186 89 40 148 99 36 200 174 51 70 188 155 189 61 157 132 169 46 41 129 144 109 25 88 10 36 157 187 102 146 98 137 157 49 198 33 111 55 62 
159 41 71 146 134 184 131 170 20 53 14 70 117 66 66 145 26 91 122 7 200 132 67 45 163 186 133 87 37 127 171 165 90 2 62 123 35 32 84 181 3 69 102 137 14 61 19 42 10 156 24 114 100 87 32 173 37 159 43 180 125 63 33 14 193 173 70 187 168 100 10 171 143 169 160 113 75 36 7 123 74 141 153 22 30 197 174 40 48 160 195 146 190 95 46 97 146 30 16 130 82 197 189 149 182 43 102 166 41 123 133 142 42 87 146 97 4 41 46 157 200 48 147 119 90 95 109 162 38 188 42 122 132 10 45 39 164 156 173 148 108 168 129 98 79 92 20 11 64 177 
140 81 170 139 99 49 99 105 58 49 53 87 67 73 32 57 145 176 156 83 113 153 17 126 34 115 76 21 52 118 81 169 169 109 74 137 188 179 76 30 32 89 112 36 90 134 54 43 77 85 136 74 119 9 187 30 47 9 106 137 182 53 128 119 45 38 105 199 45 89 164 53 75 128 91 21 18 2 128 104 109 86 189 71 192 93 169 102 140 105 170 116 150 46 9 109 136 20 45 173 171 73 54 196 196 110 18 161 30 35 180 140 188 150 4 152 108 33 9 78 58 69 112 200 40 55 126 81 146 164 6 148 111 114 22 150 147 77 95 110 169 34 157 174 48 41 173 1 139 77 
83 103 91 99 83 79 85 153 150 196 74 37 82 152 166 86 126 81 35 114 136 63 55 169 87 197 177 6 118 160 28 167 97 169 133 5 154 134 144 187 70 68 22 5 108 150 156 159 111 78 176 183 24 27 90 125 39 187 27 103 175 81 58 138 193 41 58 145 94 122 42 135 23 193 14 53 38 20 14 83 113 114 19 66 121 144 81 1 200 102 181 84 97 156 138 182 104 97 145 144 126 19 152 126 106 96 183 173 6 91 37 119 26 176 159 106 116 137 75 163 55 93 104 56 74 185 95 149 131 101 91 117 119 20 154 31 2 135 15 179 87 59 31 184 108 33 1 33 3 90 
74 37 107 193 181 175 119 90 36 121 191 35 42 39 83 141 68 100 100 17 149 164 50 114 49 156 175 172 121 176 71 131 74 192 111 146 119 192 160 7 124 92 14 52 54 5 64 115 10 172 137 106 106 13 20 19 30 67 112 2 32 195 51 171 67 142 86 73 56 71 153 28 181 197 19 123 74 170 20 29 200 130 81 111 144 167 168 29 135 92 103 184 31 28 175 109 142 178 20 82 162 107 98 109 2 98 161 199 125 19 110 39 125 65 34 114 12 26 27 104 45 14 12 71 113 130 117 123 158 112 164 54 63 48 70 81 7 1 112 89 136 146 182 93 47 140 8 54 113 35 
98 36 141 18 133 97 105 58 180 141 113 35 123 160 39 24 157 163 164 65 21 112 149 74 172 166 184 27 188 23 64 27 108 99 42 148 13 126 127 190 39 152 100 122 192 185 6 197 91 107 146 100 147 66 34 128 145 174 63 147 49 57 58 156 69 79 45 192 124 132 191 78 15 176 56 128 60 118 173 82 37 156 189 8 177 99 151 105 56 106 93 130 186 25 171 47 194 171 54 138 75 61 40 180 176 163 27 123 45 136 98 5 12 141 128 34 161 23 67 82 19 82 52 73 14 121 24 43 103 138 25 118 87 119 51 155 11 196 33 50 150 163 144 193 67 186 163 76 23 17 
134 45 141 139 166 196 166 78 62 26 7 116 42 7 9 180 193 199 38 198 200 10 132 52 49 116 103 130 92 40 118 61 19 128 14 170 190 3 35 96 4 99 32 85 21 30 31 179 128 151 142 74 141 78 122 142 12 180 56 178 16 13 149 45 90 160 65 33 113 56 109 130 83 191 116 83 66 108 132 8 27 61 142 96 139 177 61 17 10 32 38 151 174 94 156 15 183 178 20 15 146 53 113 138 52 46 128 25 64 197 2 39 70 137 83 141 151 74 170 38 53 38 20 129 7 70 193 60 109 10 94 49 100 133 123 65 58 3 67 42 162 109 153 184 35 61 145 89 187 126 
46 52 120 114 82 74 163 101 141 154 18 107 156 185 131 28 88 121 176 71 100 167 38 172 136 108 51 82 124 82 131 149 158 121 81 2 75 53 23 8 168 94 168 139 110 36 162 24 122 21 107 102 165 51 178 25 104 140 99 158 93 5 160 31 62 37 101 13 184 7 10 105 147 105 34 4 147 76 31 82 131 139 90 104 197 16 44 111 103 99 163 157 125 93 175 196 157 6 85 182 48 8 143 172 67 26 169 163 60 152 80 11 17 113 111 79 75 112 158 174 70 98 67 184 192 161 39 144 28 130 157 159 65 14 77 115 177 43 96 130 150 19 137 192 161 86 51 150 19 84 
94 60 35 98 95 2 161 177 106 123 161 176 83 23 85 27 111 161 126 59 173 109 135 198 18 157 166 150 24 167 126 173 120 183 167 167 23 200 155 149 118 4 27 200 161 125 2 23 179 49 68 20 187 4 172 2 104 158 118 60 119 69 114 181 150 95 109 172 141 94 102 154 94 62 156 88 94 88 186 135 98 148 13 121 24 1 114 63 110 6 29 154 96 91 176 25 167 180 32 104 116 152 87 187 140 47 75 141 128 148 142 188 170 188 28 4 197 144 195 8 73 38 60 47 8 8 102 179 127 150 104 86 84 127 84 133 26 74 46 43 31 97 198 73 112 4 155 85 13 197 
43 52 50 13 3 125 83 156 97 1 197 120 106 89 78 31 106 85 8 95 89 32 116 101 59 37 126 137 130 31 104 92 63 104 46 6 106 9 48 12 49 99 60 150 179 181 109 34 161 172 8 43 69 44 25 141 164 129 17 18 175 125 148 87 104 200 72 64 15 1 60 4 199 116 150 13 150 39 119 154 56 183 143 33 61 137 8 69 107 13 181 153 69 36 105 103 12 85 25 39 153 102 4 53 185 61 122 150 68 105 129 63 97 162 198 57 41 176 112 137 95 31 84 13 136 72 170 53 81 137 134 27 21 147 171 106 153 151 75 149 141 148 108 163 174 112 1 48 106 58 
47 168 91 66 58 33 86 194 41 157 161 96 77 161 175 110 67 183 109 80 16 182 15 53 43 113 26 77 126 42 93 78 85 196 126 173 193 192 152 74 109 132 92 142 53 128 161 82 69 80 64 125 169 72 187 174 1 170 18 147 189 62 11 86 200 181 67 78 7 152 88 43 133 41 175 101 134 31 96 116 5 136 130 192 146 154 183 179 114 175 29 71 56 157 20 153 21 180 17 184 79 199 5 140 18 106 86 80 95 23 131 76 29 187 56 70 12 74 108 83 10 191 59 139 143 27 11 120 50 134 115 66 85 190 56 85 45 4 187 92 84 178 55 192 9 148 86 60 71 167 
164 149 116 89 107 140 142 81 121 19 4 75 47 154 191 23 44 184 108 187 55 199 166 178 147 101 18 149 91 128 56 188 189 39 18 167 21 93 17 20 105 24 46 140 129 61 59 100 123 93 41 129 28 70 71 114 81 153 60 43 157 64 66 46 179 4 167 125 189 20 7 142 178 82 138 34 167 16 63 153 144 42 18 173 33 18 59 98 174 161 20 32 63 160 11 190 156 114 80 104 177 147 118 64 2 71 28 73 75 15 38 78 168 119 161 189 126 28 155 107 95 8 65 48 164 43 175 56 181 110 123 173 140 16 153 32 15 145 122 101 148 155 192 125 32 188 25 74 162 17 
117 139 185 3 29 145 150 120 39 154 60 93 103 185 48 125 33 44 66 162 143 107 117 55 123 59 78 142 37 180 107 182 140 117 62 114 8 65 71 128 14 66 180 186 185 145 115 29 105 11 59 133 61 196 159 162 155 183 81 3 198 10 119 187 136 146 40 151 39 77 192 162 5 128 142 35 197 88 137 139 191 117 23 182 39 35 58 140 41 16 53 16 120 135 58 109 46 179 4 6 39 169 120 102 185 140 65 158 40 89 92 65 141 100 51 183 144 79 174 59 27 197 10 194 104 185 136 96 45 197 39 3 199 195 75 149 107 153 19 50 171 26 139 147 138 64 23 180 186 85 
166 160 88 180 100 43 44 48 145 16 111 158 164 145 38 32 114 44 155 184 140 118 36 163 16 113 89 50 38 79 45 64 49 29 188 128 167 16 35 14 171 127 150 166 87 165 70 29 56 38 151 14 155 174 123 56 99 74 173 48 29 139 20 15 170 46 9 53 98 124 153 87 80 99 151 28 183 42 69 99 166 112 19 117 119 76 51 53 113 95 197 10 136 19 105 153 86 140 132 62 15 102 182 27 55 39 31 142 40 197 176 23 73 133 64 190 104 5 15 157 102 172 196 167 142 176 184 125 69 191 193 99 44 27 164 127 165 149 191 152 125 127 2 88 126 156 90 163 14 80 
100 153 143 65 46 113 111 31 99 156 36 181 49 17 176 93 171 98 25 196 193 126 10 160 158 41 87 69 170 110 152 9 115 12 43 171 171 162 166 121 91 160 133 165 200 22 174 11 80 25 101 120 50 19 69 107 103 177 30 190 186 14 136 199 92 130 139 96 157 52 124 119 135 146 167 66 194 7 93 123 89 58 157 103 149 20 191 71 155 119 167 123 194 87 10 44 49 162 87 81 46 62 132 189 174 84 143 153 116 71 200 11 142 177 80 120 115 155 105 100 184 66 73 109 45 46 88 27 91 152 38 183 116 145 144 45 65 179 150 100 39 130 148 85 12 138 113 125 183 32 
138 150 77 196 149 171 84 121 61 70 134 79 124 99 23 41 45 198 19 147 85 172 47 156 169 86 79 47 87 88 102 22 11 119 104 54 187 120 188 134 87 104 97 165 14 95 151 63 173 148 171 112 104 143 13 111 64 59 135 97 122 7 102 144 55 156 15 191 123 11 116 179 26 126 7 88 88 24 152 62 108 7 193 128 16 113 182 17 85 49 112 142 175 86 147 197 55 43 168 42 177 124 134 16 43 116 43 170 62 24 5 119 133 170 45 113 41 30 179 157 104 124 160 140 82 85 183 62 96 139 31 150 184 142 110 23 71 90 117 119 132 28 186 82 139 31 140 106 113 11 
11 131 154 36 65 121 77 12 136 70 188 198 46 129 31 74 176 29 169 65 128 55 94 194 47 196 7 68 167 153 150 126 197 109 44 83 107 199 42 116 55 162 15 156 77 54 90 109 14 55 71 74 126 169 89 162 100 119 140 25 98 66 111 168 117 53 19 48 187 198 89 151 165 84 199 171 104 199 95 171 189 29 192 102 93 39 131 198 108 112 127 70 59 28 142 72 77 115 23 171 62 172 99 160 177 72 37 107 7 150 15 163 93 23 172 65 109 10 114 185 157 160 198 57 33 79 77 95 14 79 185 97 171 94 175 140 10 37 57 179 29 66 58 34 53 78 34 72 183 138 
190 129 83 56 137 35 161 134 91 149 20 24 160 48 159 174 11 80 19 109 43 196 129 24 44 146 47 54 60 178 159 132 79 73 126 145 108 45 198 141 100 87 41 66 94 43 62 188 65 37 141 182 66 185 134 12 154 89 123 99 169 135 167 183 104 78 134 161 158 90 18 169 21 183 149 180 131 46 174 72 108 119 174 123 108 96 168 90 191 136 17 17 178 52 123 146 200 30 163 77 14 189 119 122 47 90 1 180 194 80 104 135 64 163 144 34 67 72 62 156 184 66 190 117 120 99 137 24 168 150 42 87 146 87 169 72 189 165 32 136 102 112 185 57 197 147 102 149 52 147 
153 89 14 149 2 120 198 83 35 64 71 66 31 91 86 113 17 141 148 60 111 31 72 132 12 116 76 31 62 4 174 127 116 94 91 108 71 153 162 59 68 52 86 38 187 35 46 133 68 41 14 169 60 8 55 187 45 168 106 176 159 2 18 43 164 126 131 17 87 83 27 87 72 37 127 138 127 64 31 92 137 191 154 93 71 44 69 139 141 144 18 135 32 87 132 120 83 168 125 139 90 2 15 91 105 32 188 142 26 71 44 53 132 26 37 35 194 176 97 157 11 197 80 80 86 166 109 75 44 179 17 108 98 183 72 114 45 147 140 119 84 126 145 101 8 173 49 91 137 112 
127 44 7 22 170 64 97 36 9 63 176 52 125 67 87 108 165 194 100 117 97 31 153 134 66 177 142 135 176 120 47 135 162 85 41 10 16 101 108 83 57 27 128 181 180 69 108 15 83 147 123 67 27 30 200 104 166 67 6 11 152 87 101 74 55 87 181 66 57 97 139 200 42 60 67 73 186 20 44 21 68 142 178 9 97 181 23 109 62 42 55 111 90 192 125 93 53 66 168 195 5 115 36 194 92 48 112 65 6 102 151 114 24 153 96 75 86 200 183 148 165 99 24 193 92 168 41 134 126 53 106 82 23 145 32 143 138 2 95 56 16 70 104 40 195 80 63 144 70 128 
46 146 78 153 118 52 63 91 94 161 61 34 100 144 163 85 176 106 179 21 50 179 156 7 23 7 5 126 189 84 50 83 102 38 124 170 74 116 168 199 74 34 30 66 101 60 125 161 94 103 62 157 136 71 102 147 110 49 154 66 189 192 108 23 34 71 195 89 194 36 62 106 90 34 142 150 53 185 31 45 92 90 45 18 183 27 165 176 184 91 50 19 117 62 137 38 35 124 150 10 159 171 195 169 2 108 68 44 139 187 46 95 137 159 100 41 117 171 137 4 114 71 94 104 170 28 59 69 37 169 4 98 56 25 119 193 122 133 117 11 199 35 60 146 3 77 138 112 34 48 
63 136 189 163 60 48 153 36 64 119 34 30 171 151 10 44 160 16 4 30 59 101 91 150 178 93 110 139 133 128 163 116 56 48 145 192 179 14 179 154 108 100 51 110 98 146 53 145 33 25 64 142 106 12 188 23 108 9 145 168 34 7 148 160 57 128 14 32 185 47 88 108 68 189 56 161 5 37 80 108 97 92 24 11 48 112 76 162 182 70 84 129 53 135 42 26 52 31 21 8 144 59 70 156 161 135 128 64 159 192 169 96 90 20 44 114 146 132 83 47 93 51 120 157 56 78 6 187 41 163 73 45 139 87 39 194 101 74 115 151 196 67 73 104 104 176 96 88 103 31 
9 7 45 45 158 131 44 134 124 9 54 74 17 153 135 18 169 170 193 111 42 69 136 7 7 82 147 149 119 62 32 34 94 188 178 14 153 26 143 104 35 174 22 63 27 184 48 43 105 86 198 172 84 64 71 90 77 186 153 113 19 3 12 35 152 10 182 77 87 162 59 82 68 195 72 103 191 94 3 99 20 107 176 67 107 68 134 65 21 173 103 11 48 147 195 75 45 112 176 21 166 126 113 11 171 69 3 185 127 38 94 25 40 180 33 33 76 14 63 56 58 78 44 123 128 193 15 54 80 186 29 95 95 82 147 30 141 1 167 125 26 165 19 119 161 192 144 134 142 115 
41 140 17 51 49 176 168 154 147 4 92 174 8 78 130 31 69 110 164 165 185 18 184 9 38 80 19 71 4 55 163 152 27 171 142 141 104 122 186 30 31 174 44 39 65 94 69 2 62 43 151 75 70 58 60 168 22 130 178 149 167 112 82 178 120 98 10 161 103 148 82 158 196 48 54 136 2 85 93 14 23 75 73 155 68 139 107 130 199 18 131 129 150 9 154 3 167 101 68 85 98 191 59 129 113 104 186 172 126 146 40 45 32 10 176 141 29 129 44 128 28 71 179 11 110 85 170 200 13 75 197 36 52 180 96 10 58 2 199 197 168 43 44 151 86 179 6 180 89 36 
167 182 174 155 138 120 197 48 54 134 37 119 20 180 15 66 7 8 101 82 196 110 136 53 167 105 48 137 174 87 17 138 153 193 112 95 41 4 180 133 23 173 100 175 16 190 53 129 28 179 153 75 113 191 52 46 27 15 65 112 126 199 179 59 62 79 41 54 105 16 145 124 60 102 30 110 55 108 75 121 42 193 39 198 108 36 84 152 180 181 184 197 82 154 28 184 149 149 8 87 111 13 4 52 37 132 198 102 94 51 71 96 88 122 27 128 30 82 56 2 81 29 107 2 27 126 95 45 20 176 25 67 70 12 122 163 38 136 140 190 118 7 143 169 22 16 78 95 174 168 
124 120 14 178 111 120 6 65 13 176 41 198 85 69 37 29 51 94 16 199 87 145 119 183 156 158 121 68 127 190 91 126 110 76 101 72 157 165 19 167 160 11 108 99 196 35 100 160 146 54 5 43 163 143 156 166 43 65 170 100 65 113 181 66 16 64 1 103 12 44 88 163 22 58 119 24 70 6 113 141 126 71 52 3 145 146 56 115 61 153 155 191 72 163 57 193 72 103 1 65 163 19 90 48 169 188 104 67 148 183 77 151 49 134 126 150 139 186 68 18 141 3 97 13 126 27 66 187 15 40 192 123 84 12 95 150 88 129 111 78 87 83 78 146 107 47 123 22 56 194 
126 98 134 96 184 175 22 66 36 132 193 123 182 153 33 77 167 162 23 200 106 158 143 151 29 123 11 151 108 178 129 61 165 49 8 135 200 59 92 114 157 100 116 179 79 194 122 139 69 36 83 161 132 193 118 148 104 142 142 21 83 163 61 108 79 132 46 176 82 41 25 185 187 134 70 127 130 4 121 110 25 153 135 54 44 141 115 194 58 134 17 27 134 21 80 60 72 24 170 88 171 47 172 112 171 129 47 13 136 52 93 146 133 38 165 199 126 120 23 133 96 105 73 175 180 101 110 4 168 1 117 34 48 173 85 1 161 140 62 152 2 130 35 164 71 76 146 133 87 102 
96 108 90 50 122 133 196 186 193 71 73 116 118 61 114 33 121 78 117 154 8 58 80 104 35 49 58 145 15 97 147 195 46 155 64 24 20 157 106 142 56 88 149 76 119 100 153 107 5 121 47 164 102 191 71 110 95 139 147 173 64 119 8 113 74 146 28 91 195 178 156 96 180 84 76 137 151 157 118 192 133 49 37 12 117 186 30 2 60 117 96 184 57 23 160 18 200 31 50 190 163 69 146 57 152 127 171 99 174 64 171 141 89 95 161 154 67 184 193 47 95 158 178 87 66 103 77 149 99 2 79 129 43 45 121 182 125 148 76 184 195 122 183 79 68 188 80 29 105 109 
149 155 144 2 138 27 123 98 145 49 151 115 171 63 180 160 155 27 141 19 74 82 58 126 182 10 45 49 191 27 162 184 145 30 38 139 132 20 136 108 57 177 93 189 71 143 93 130 16 113 62 162 196 24 4 83 68 3 86 164 10 199 43 143 141 86 182 31 93 100 173 179 3 66 84 86 120 33 35 79 184 136 63 144 160 100 197 135 133 36 98 5 39 22 124 145 122 176 179 41 133 30 49 193 146 40 37 31 38 100 46 10 180 122 71 4 192 121 105 69 14 37 162 99 190 53 31 119 193 192 14 59 167 62 40 34 151 68 178 145 62 141 7 151 131 133 59 10 26 192 
58 174 148 186 164 10 176 190 90 125 31 164 10 74 55 166 58 183 41 45 81 175 147 79 200 120 135 55 156 145 157 163 38 137 27 55 187 104 68 24 178 123 101 141 181 200 30 48 195 107 100 7 127 23 161 142 145 61 145 52 125 136 196 55 55 49 67 198 127 111 77 112 38 9 140 32 128 20 106 166 46 188 6 119 126 68 44 87 123 169 23 53 23 147 99 183 149 45 97 167 66 102 182 107 141 161 178 25 167 7 27 47 170 81 169 27 180 106 32 149 146 86 173 76 60 165 19 71 6 128 20 157 34 60 69 119 8 101 69 104 153 8 40 125 18 5 56 168 105 63 
46 81 45 73 166 36 183 159 60 114 78 177 147 99 137 175 130 17 98 22 196 124 5 58 194 82 28 101 49 66 159 32 187 104 64 125 199 144 50 104 51 199 151 196 84 92 46 177 148 186 112 10 55 130 52 112 17 76 107 122 37 153 11 143 121 114 111 16 121 166 153 120 181 113 27 192 74 72 68 37 128 72 1 177 134 164 160 99 193 88 92 139 107 112 121 25 177 200 64 185 129 181 89 53 9 126 87 163 140 114 108 79 111 141 64 125 22 184 58 97 84 180 113 58 84 145 70 136 70 173 147 158 185 2 33 104 136 185 134 92 164 200 92 2 152 145 91 40 54 132 
59 193 9 64 44 27 123 92 175 17 50 48 20 52 57 126 150 195 44 3 73 132 121 172 12 194 97 70 132 197 156 167 105 56 110 89 13 173 185 117 103 22 148 197 62 64 30 98 11 114 76 95 120 29 7 129 194 102 13 64 173 14 186 182 53 57 65 14 188 172 121 135 4 75 44 72 81 71 69 148 169 115 63 196 162 174 131 71 56 187 1 137 165 140 176 174 51 88 92 74 74 22 130 68 85 83 161 67 155 56 170 41 99 169 134 54 41 76 15 30 178 169 143 121 53 118 141 173 69 66 41 87 200 164 81 7 21 79 191 140 138 112 151 182 155 21 174 24 142 59 
57 146 198 179 193 16 138 24 7 134 41 88 166 184 86 120 20 189 71 93 41 126 124 95 45 53 162 75 39 62 113 114 193 15 61 49 30 30 190 117 132 12 114 13 189 105 191 88 81 134 140 50 81 76 169 60 176 128 133 166 32 196 6 103 144 195 171 83 123 60 23 163 13 15 114 164 64 78 178 163 169 147 13 61 195 184 47 99 189 131 128 178 79 104 152 84 153 63 198 176 70 197 165 36 153 33 25 156 4 55 64 159 174 21 107 95 70 34 25 93 90 30 61 38 97 128 3 130 174 44 94 188 16 18 175 152 197 16 10 55 7 101 116 170 90 87 97 36 89 195 
143 93 185 152 62 178 123 35 145 185 67 111 63 34 49 70 185 159 67 50 150 153 172 89 134 18 26 62 46 99 123 1 106 147 155 181 119 158 199 93 20 71 30 183 130 179 157 157 116 62 180 170 103 15 196 102 91 131 156 123 19 146 27 179 195 144 101 40 81 161 173 187 40 32 51 109 110 120 12 127 80 101 197 176 110 95 40 118 58 170 95 152 162 190 184 71 195 93 166 174 16 137 35 139 142 65 139 70 96 200 52 119 2 131 25 174 121 69 79 34 67 151 166 160 182 126 78 167 71 51 31 166 133 125 45 174 184 141 154 85 107 162 64 88 166 35 141 158 152 62 
126 120 92 105 53 163 163 18 80 93 49 120 101 170 113 61 178 45 70 148 1 192 192 79 118 35 76 7 31 137 143 20 159 149 8 47 65 15 27 185 173 147 123 3 142 12 163 89 101 180 165 111 166 200 195 99 92 82 44 39 72 74 126 19 38 18 184 98 55 182 172 182 20 51 67 159 36 121 38 61 72 140 109 199 96 124 143 163 191 200 108 107 86 155 78 196 101 102 158 17 28 195 164 43 37 91 22 74 33 42 187 38 30 114 183 99 96 116 57 180 161 78 93 145 187 50 103 139 91 65 159 88 103 141 46 172 29 86 119 123 51 195 36 76 150 179 5 156 72 41 
94 67 113 62 70 164 188 108 119 169 100 125 88 139 35 117 39 9 157 6 84 2 48 147 87 98 42 68 128 136 200 16 197 14 170 29 24 70 150 194 24 77 54 13 143 115 8 150 28 199 114 190 3 30 137 192 110 7 115 30 10 150 145 183 41 133 90 19 182 67 76 2 186 28 79 113 194 16 177 17 95 60 107 131 130 51 191 72 45 87 187 186 76 131 153 136 62 8 66 102 117 79 113 151 172 173 162 32 43 132 89 26 33 89 39 113 61 136 59 80 14 164 169 88 177 171 18 91 113 84 53 150 112 1 52 14 105 81 21 176 5 182 45 139 14 11 193 16 172 44 
61 120 115 46 59 65 138 65 62 149 129 70 6 154 128 186 36 58 65 124 143 171 143 46 188 21 58 79 80 170 53 50 18 115 6 105 46 25 66 138 171 6 42 62 61 196 74 72 66 7 185 159 131 166 193 45 41 104 17 1 35 139 153 187 198 87 2 73 9 195 156 188 19 182 115 102 57 180 72 118 130 93 100 53 169 17 65 16 163 2 137 64 110 189 142 18 32 177 87 85 49 35 30 200 114 129 132 198 167 104 32 7 1 178 122 28 170 52 35 62 81 175 114 170 156 155 168 106 63 85 2 124 160 179 89 121 27 109 153 2 33 34 142 88 125 65 95 194 127 150 
55 69 164 195 171 7 14 118 91 1 82 133 75 94 43 12 43 182 140 68 19 165 95 129 51 131 112 54 125 16 163 156 91 184 85 184 197 37 17 93 107 83 175 165 2 21 52 149 20 27 122 16 153 85 87 44 27 103 132 83 179 61 147 197 58 44 24 123 170 114 151 110 178 96 26 56 29 13 49 13 150 52 102 153 10 156 53 134 2 182 46 19 171 51 61 150 126 169 197 93 141 101 166 45 149 27 160 154 23 148 96 49 126 104 79 168 103 101 99 127 193 21 105 140 65 59 111 40 108 197 128 85 128 86 50 99 96 63 150 152 130 198 186 172 125 43 97 8 149 100 
89 173 47 112 102 10 53 139 158 135 165 75 34 109 90 33 117 21 140 81 177 163 99 40 148 6 16 142 59 40 158 75 162 80 189 84 138 109 193 147 12 8 162 141 84 15 171 120 140 48 37 57 147 167 166 159 31 16 149 194 196 145 8 133 80 25 183 1 23 164 135 171 141 37 137 180 185 110 121 59 174 65 10 176 70 191 101 87 130 193 188 115 179 83 184 129 119 177 182 179 90 134 127 112 24 96 102 189 52 155 147 7 146 52 102 130 174 175 3 196 128 156 76 158 188 169 179 128 46 14 55 6 119 125 115 154 133 196 21 62 15 158 12 43 151 154 55 7 106 195 
136 178 154 74 36 112 200 85 182 48 109 17 136 169 37 52 137 20 104 20 156 165 113 143 8 4 68 20 154 118 168 18 5 111 174 75 112 140 72 6 80 133 148 79 49 32 110 73 86 63 110 126 57 157 107 88 88 58 5 106 103 55 144 136 94 60 28 165 135 6 157 95 64 91 70 168 28 128 190 189 164 143 83 15 135 56 131 33 127 143 76 66 173 141 67 177 26 2 16 186 200 198 143 72 114 36 181 48 183 34 68 64 104 141 181 72 167 133 9 113 9 79 139 25 164 135 89 29 191 184 140 60 198 9 11 119 158 161 2 125 167 82 12 194 62 22 60 189 14 168 
174 76 51 152 78 67 104 88 28 80 106 126 123 49 188 76 158 77 180 86 65 62 198 3 126 73 28 158 194 79 148 3 137 125 25 62 23 133 110 160 131 73 1 44 140 43 14 194 81 97 174 46 110 73 87 136 144 177 89 8 48 111 48 82 108 18 44 133 177 77 105 116 62 43 39 197 70 146 13 108 136 140 139 117 138 100 79 21 79 177 124 168 101 13 154 178 69 70 121 75 31 41 138 38 64 10 84 13 35 157 84 118 23 191 171 93 191 99 197 116 146 21 162 98 100 185 77 166 65 191 6 127 19 80 177 37 97 155 33 145 116 71 170 148 168 172 76 37 29 126 
106 56 190 47 187 167 156 49 4 26 119 129 61 57 81 10 85 200 9 58 188 97 153 147 97 106 115 60 75 158 143 197 66 174 182 5 87 135 124 99 50 40 39 56 147 66 151 141 38 27 96 65 60 30 110 6 117 41 29 63 186 164 62 36 44 190 69 54 83 19 14 69 178 18 1 171 128 177 22 47 190 104 31 113 36 65 111 111 119 1 20 130 116 49 61 38 97 53 24 66 46 198 131 111 135 2 85 146 125 74 77 94 176 76 133 108 145 9 109 25 37 8 196 177 68 74 99 30 153 144 154 177 2 123 29 185 117 66 15 146 173 105 66 93 153 71 91 135 81 103 
164 182 50 35 65 19 156 111 65 55 21 98 12 151 8 144 172 74 139 92 135 1 149 25 68 105 40 159 104 17 58 85 101 3 107 90 57 38 181 77 40 141 183 172 91 136 150 134 72 85 73 60 126 199 119 19 126 69 104 76 166 110 179 56 26 41 68 143 88 128 177 164 116 189 8 32 135 192 23 189 168 139 146 76 63 58 107 43 52 70 90 34 38 144 44 50 4 59 109 88 74 28 148 155 5 85 196 131 84 75 14 42 3 175 74 143 43 6 112 191 172 57 144 35 42 121 115 17 80 157 90 121 121 175 159 154 163 50 121 59 59 200 177 84 189 190 169 44 104 68 
26 149 69 68 12 129 25 95 100 21 107 92 138 5 81 6 48 67 65 159 170 186 132 81 186 32 113 57 75 23 111 88 32 23 146 181 195 66 79 46 128 17 134 42 89 27 163 140 105 199 170 182 66 102 78 116 187 135 34 94 89 12 45 186 188 192 46 154 98 161 85 96 136 65 99 35 66 181 54 47 33 101 31 120 141 144 1 149 112 149 138 112 100 62 163 141 82 50 117 9 162 74 134 22 156 184 104 43 93 73 192 20 16 165 156 58 147 143 51 152 53 192 134 181 140 168 70 170 156 55 170 10 20 47 53 167 23 130 75 52 176 21 191 103 147 196 100 174 76 64 
105 50 90 186 11 45 45 181 143 133 167 81 95 6 3 148 26 130 153 75 54 74 70 81 33 93 91 153 6 80 185 178 75 148 158 34 60 65 158 14 183 27 197 102 88 155 20 90 64 68 77 120 127 180 46 114 142 42 30 78 93 51 176 184 83 147 144 46 7 184 14 145 169 68 151 143 4 79 39 139 120 156 133 67 137 181 48 19 52 142 141 122 21 24 137 184 155 119 98 181 145 14 172 61 58 149 76 135 87 57 7 128 116 188 8 118 146 193 95 177 200 92 23 12 126 99 87 129 182 19 124 163 128 19 148 127 143 105 61 153 156 129 61 195 21 116 53 142 142 73 
26 189 152 184 120 130 115 36 8 133 47 130 48 100 127 24 25 27 3 47 193 108 148 60 28 6 69 94 94 76 33 121 176 15 133 124 194 174 48 25 100 61 146 65 70 100 130 171 188 120 125 133 161 148 73 73 126 26 47 152 72 76 191 86 124 8 182 135 40 155 184 30 36 108 77 142 70 22 68 23 98 114 125 131 28 45 95 166 166 62 8 87 35 197 148 127 199 189 108 115 75 174 200 114 64 78 62 190 10 196 141 27 115 90 73 137 196 50 195 194 28 121 45 74 134 158 183 126 90 147 84 119 69 54 138 141 129 197 119 189 105 60 18 160 79 171 13 29 134 108 
54 43 168 114 100 14 109 33 77 108 47 11 172 140 63 78 159 122 12 46 54 3 99 80 187 110 186 142 52 30 169 187 139 97 176 56 160 130 198 174 115 130 29 138 98 135 151 12 74 154 88 184 72 147 82 179 114 158 114 170 19 88 67 126 180 29 37 93 8 38 148 179 89 134 101 24 178 70 105 16 169 171 99 181 128 107 139 27 172 154 8 197 115 137 53 39 156 126 121 63 2 159 156 25 122 104 126 200 196 154 180 140 109 184 10 107 74 55 27 82 141 51 64 197 76 107 29 16 163 77 24 124 129 196 177 120 60 111 25 119 148 184 150 88 25 113 112 63 23 69 
97 29 11 180 106 69 108 193 50 177 52 82 156 88 30 45 128 110 26 23 93 12 92 88 90 112 83 165 177 21 89 36 55 37 115 191 66 128 33 105 20 72 159 166 33 137 94 177 97 105 111 79 184 70 130 184 88 34 70 182 110 107 198 101 167 22 77 181 25 187 197 1 10 90 147 136 113 150 84 1 153 18 111 33 37 59 171 170 184 145 86 188 158 163 21 192 77 70 46 21 56 166 77 121 80 1 173 104 182 56 15 44 171 55 167 165 156 37 174 5 158 26 64 13 145 74 198 112 183 133 179 183 168 41 119 78 193 105 149 88 9 30 99 77 108 80 63 21 106 67 
36 122 95 46 68 142 182 198 85 40 69 67 70 54 163 177 35 109 142 168 77 3 85 194 111 90 168 89 62 18 94 132 191 85 172 193 91 35 133 200 121 117 51 32 21 137 127 189 60 151 104 108 167 132 174 114 37 143 47 44 149 49 46 186 192 16 77 133 192 124 143 51 121 93 92 60 165 17 67 177 59 120 15 161 181 22 192 166 42 65 71 189 35 171 154 92 14 121 109 198 121 3 37 54 6 105 117 150 138 42 4 178 93 166 106 177 173 162 3 140 199 166 170 196 74 27 182 58 193 133 59 19 7 114 40 55 67 177 5 190 102 135 153 43 192 39 151 150 145 18 
38 76 66 52 146 151 110 143 94 51 69 59 107 87 110 8 70 72 195 193 38 162 116 74 113 62 27 1 39 155 151 48 146 98 90 32 85 6 162 96 162 199 149 65 7 14 53 158 1 61 34 157 5 137 151 177 151 130 15 58 100 126 67 150 19 87 41 85 81 9 46 174 93 194 76 130 148 83 135 37 108 189 100 79 192 17 160 30 90 84 188 121 128 26 164 107 85 30 158 173 60 109 25 12 144 59 7 123 103 133 149 181 70 109 146 171 37 99 54 77 39 199 8 182 53 180 73 6 67 36 198 42 66 50 79 129 199 41 19 39 47 6 3 200 74 144 63 129 168 176 
193 154 35 176 38 140 87 135 14 40 162 137 34 115 30 159 85 70 143 71 47 36 115 98 132 116 97 44 95 26 43 119 200 193 152 178 12 72 35 23 21 129 149 40 169 35 120 109 93 199 199 38 53 30 14 159 51 52 41 65 128 1 192 1 181 44 123 79 172 131 15 29 48 170 142 73 67 124 78 168 63 116 80 5 111 135 101 175 139 167 24 123 193 99 167 154 125 195 151 110 67 74 36 182 17 172 188 109 119 195 26 88 33 77 45 46 105 137 178 160 77 8 113 169 194 141 199 158 124 144 34 194 158 11 121 178 15 68 184 70 57 186 131 93 171 198 140 30 112 36 
79 136 71 33 193 195 94 9 193 193 17 166 139 167 24 86 74 148 112 66 181 75 22 28 200 23 188 147 57 35 152 80 128 194 144 19 125 184 5 135 24 100 191 71 139 83 109 196 31 120 53 85 12 29 195 86 43 63 199 85 148 150 50 36 191 50 133 155 144 127 111 125 37 15 100 40 118 59 25 133 115 127 40 97 68 94 83 161 11 194 4 1 98 101 131 46 190 194 35 85 189 6 23 171 58 107 191 68 23 28 27 18 23 42 181 163 11 36 48 66 98 73 170 50 76 121 91 29 40 122 63 100 175 195 65 46 34 153 82 197 3 85 69 120 87 174 4 65 194 28 
177 122 200 143 152 42 160 27 147 184 151 55 84 14 10 105 76 41 120 32 37 95 74 173 164 150 95 48 177 88 188 143 123 57 26 185 16 62 118 128 71 161 100 200 78 110 144 12 122 174 1 53 149 93 83 28 36 28 91 3 103 97 73 34 171 137 14 145 165 55 80 120 124 100 103 98 177 68 125 124 135 7 147 65 162 20 97 83 26 8 113 90 164 26 119 155 23 58 110 32 174 155 34 196 186 28 19 40 97 186 76 92 121 9 32 94 70 63 112 115 131 50 14 20 15 193 102 40 28 14 86 132 48 183 115 193 149 15 157 165 103 130 22 186 87 11 86 50 104 85 
36 30 2 132 121 189 46 21 142 96 50 14 104 168 192 78 104 26 144 193 153 61 193 5 194 64 74 119 159 172 110 160 82 28 37 180 97 27 31 134 121 36 18 194 117 196 191 3 190 194 173 55 29 53 34 144 171 181 85 141 180 118 6 5 8 156 69 29 134 5 7 173 2 87 111 107 169 93 186 166 159 179 177 165 139 92 198 129 32 76 113 178 41 192 154 16 31 126 9 57 57 118 1 23 90 199 5 47 111 42 141 153 188 180 143 37 82 112 149 1 106 21 24 140 198 38 135 166 70 31 188 106 12 20 138 175 165 17 105 11 180 146 61 114 21 31 160 200 150 92 
87 111 116 195 157 79 42 167 3 140 151 73 58 3 152 67 21 29 65 13 95 66 167 56 11 15 87 52 28 98 47 128 154 62 120 91 182 146 187 9 75 85 143 198 127 71 10 44 15 101 1 7 145 185 52 119 139 195 99 12 108 19 107 173 80 22 165 25 20 194 49 138 82 164 63 95 61 126 46 155 150 145 129 18 101 143 17 117 39 47 173 195 106 149 129 67 86 105 104 94 124 87 156 109 189 52 130 6 39 77 66 198 75 49 141 114 9 126 6 24 20 15 71 28 64 87 81 88 45 158 190 51 123 138 84 46 28 150 51 182 113 150 116 97 99 111 195 83 98 137 
86 140 130 195 175 65 46 8 163 199 125 24 43 141 8 162 76 41 112 131 169 45 52 137 189 35 185 168 10 190 147 50 49 107 126 139 71 70 54 81 106 46 116 185 83 130 69 91 64 65 54 197 139 187 123 61 60 66 124 18 135 64 27 8 162 138 184 63 116 200 134 5 148 69 111 97 41 57 189 170 39 115 182 28 120 105 39 173 195 116 149 118 14 165 188 193 115 176 40 52 137 117 186 139 98 171 174 43 82 63 110 137 112 184 16 132 21 60 24 58 46 146 9 41 94 35 79 57 98 90 160 180 160 121 138 148 10 199 70 15 95 119 90 58 133 68 200 84 104 94 
155 20 189 113 97 137 172 42 9 79 91 29 134 197 100 139 169 27 166 76 65 68 106 133 18 77 144 82 143 155 196 49 69 68 157 123 4 62 66 116 155 59 10 197 152 200 129 78 169 15 12 175 23 79 25 6 154 148 93 13 74 97 13 43 199 16 85 140 107 126 5 163 86 64 110 90 18 165 95 118 156 16 147 40 128 58 95 113 143 129 187 154 182 8 135 162 98 1 169 188 5 116 34 124 123 56 95 62 39 16 13 39 58 54 104 148 96 87 101 191 95 39 123 80 90 94 45 95 37 161 155 46 159 111 101 155 33 84 137 80 194 106 109 87 23 100 87 39 15 103 
41 194 3 147 169 186 74 103 160 96 71 143 188 149 49 10 182 3 111 113 80 143 101 102 149 35 107 75 162 161 139 198 57 170 45 25 96 104 39 96 9 144 117 115 150 195 104 61 79 169 135 151 143 29 150 186 74 68 155 134 90 110 167 187 137 60 96 159 15 48 170 73 148 4 148 118 75 149 195 138 29 106 159 43 72 119 159 25 148 165 146 157 189 2 18 123 47 85 177 54 81 82 145 144 194 80 181 73 127 181 187 96 97 31 109 14 179 7 91 173 36 47 149 154 167 105 91 115 28 133 102 76 189 177 181 191 63 73 188 97 112 142 18 99 67 159 83 182 22 180 
36 158 190 91 81 97 117 147 198 167 83 65 59 184 107 23 94 43 102 23 183 124 145 193 102 74 5 70 132 191 134 183 65 114 5 117 78 115 39 13 131 97 178 5 67 11 125 38 125 35 1 102 53 140 172 187 37 179 193 136 120 64 155 109 89 6 55 44 145 176 104 70 165 127 191 164 53 110 124 11 122 198 97 17 24 171 128 137 75 8 196 99 105 182 74 142 24 65 74 123 44 146 165 162 25 33 178 153 81 106 37 43 164 99 187 189 55 110 158 171 197 118 33 6 49 187 127 84 85 28 50 110 123 185 75 38 95 76 65 145 156 131 167 23 81 57 146 95 32 198 
199 102 31 117 197 168 188 159 181 33 24 153 107 31 166 120 153 53 64 137 191 134 143 16 114 178 172 89 183 146 15 39 26 80 43 88 182 129 160 59 5 16 139 116 90 175 93 76 31 123 45 151 179 177 49 5 47 26 158 94 38 181 187 99 4 195 161 50 63 183 159 13 70 142 163 39 149 178 15 168 30 84 42 58 160 126 16 35 138 5 41 3 73 111 77 156 179 163 124 10 116 101 49 151 42 59 181 50 69 81 116 137 132 155 29 147 129 184 60 192 136 33 101 37 52 117 103 148 134 6 72 167 45 171 131 126 66 30 143 102 47 5 115 175 143 86 141 100 144 68 
29 37 69 52 60 184 188 99 53 159 137 159 189 167 151 98 145 78 3 119 48 61 44 3 30 176 132 1 13 140 200 36 53 141 81 168 112 179 14 96 99 57 146 175 190 169 57 66 21 194 155 101 55 117 118 196 123 132 5 37 139 96 69 96 170 14 87 103 18 107 121 17 91 137 151 129 161 200 176 138 191 53 84 192 173 196 100 103 110 48 144 140 182 80 113 179 9 86 170 14 50 142 178 146 186 84 69 142 78 119 115 131 62 173 114 52 156 153 27 187 80 147 39 124 55 139 151 45 33 71 64 80 144 11 64 157 116 93 195 38 33 101 19 51 117 164 55 90 131 83 
98 39 132 199 13 134 123 197 87 90 22 31 88 85 152 181 117 86 23 16 161 14 92 95 27 179 88 35 175 117 174 185 38 124 63 146 111 58 142 38 55 144 60 190 189 20 64 29 38 162 51 25 193 55 5 35 8 118 86 76 78 84 188 19 18 113 16 156 91 124 7 55 159 194 8 42 57 65 35 134 29 171 103 39 82 146 191 123 94 69 16 87 195 96 158 3 78 158 136 131 51 79 10 146 4 29 42 75 23 86 120 41 149 183 53 93 16 34 5 153 23 38 58 144 198 99 161 174 146 57 76 156 127 22 191 147 173 52 19 90 4 91 38 85 55 195 120 99 30 97 
68 76 114 1 57 140 43 119 121 51 79 14 131 57 18 101 22 13 159 199 39 30 63 80 167 83 113 155 110 19 139 199 92 52 50 23 144 126 33 140 16 106 191 107 75 109 57 125 86 170 8 159 85 188 18 164 182 44 92 81 15 83 165 90 132 39 176 78 134 85 191 22 66 134 198 45 164 118 49 79 10 46 13 133 130 39 133 122 58 44 153 115 52 142 5 135 5 10 121 199 102 137 38 143 129 9 5 147 29 146 92 64 76 192 84 141 45 20 34 32 119 93 23 36 144 91 158 196 191 123 147 6 114 186 9 123 2 197 130 55 45 101 38 35 67 63 175 171 75 185 
175 185 82 41 14 15 61 159 164 135 74 170 60 129 145 42 155 87 89 58 95 175 53 144 44 37 105 115 76 174 135 198 1 64 131 187 40 97 37 81 159 43 23 166 77 30 187 195 152 28 183 109 126 99 45 33 163 48 163 120 64 83 148 44 195 177 30 71 44 101 86 117 85 142 132 118 38 57 191 114 25 13 34 177 81 69 142 140 181 37 105 14 146 35 123 171 50 96 26 19 150 1 66 42 82 163 9 95 93 21 15 122 161 28 40 181 193 80 43 4 162 98 77 133 67 131 175 92 164 62 60 186 83 61 189 44 106 115 180 77 75 140 81 32 132 175 198 196 192 137 
90 30 18 128 32 101 106 200 154 113 199 65 40 27 37 145 177 140 92 22 59 31 17 93 63 52 162 116 195 151 116 46 124 156 198 163 166 66 40 123 145 129 12 197 111 109 62 129 153 57 78 83 17 170 68 179 106 73 182 43 127 42 9 198 108 4 179 5 63 4 90 105 179 115 187 115 2 180 99 20 163 61 113 69 188 179 4 139 16 65 20 96 15 118 7 50 101 47 159 35 102 183 67 151 47 135 188 62 120 8 24 175 57 153 175 197 89 115 53 132 149 11 129 61 11 149 56 49 188 154 19 99 13 28 176 159 63 43 194 171 76 5 118 51 37 95 137 82 30 191 
174 113 16 144 158 95 62 142 66 195 178 16 90 4 16 26 12 154 64 100 107 92 139 190 97 35 175 12 125 54 8 73 79 34 22 1 159 136 164 83 89 12 45 120 38 183 69 74 159 103 50 174 56 102 175 174 104 22 177 54 94 102 88 142 39 60 15 9 143 31 115 97 130 61 60 81 130 175 130 121 102 3 156 142 35 6 68 64 62 63 42 121 71 200 87 39 88 108 54 155 67 108 25 171 90 176 188 2 68 146 108 157 15 46 88 147 33 86 9 127 111 20 67 118 52 22 42 81 34 87 174 129 111 115 126 150 167 167 181 56 5 11 22 120 38 186 131 108 62 168 
196 126 68 191 194 121 72 16 44 119 165 91 149 198 7 64 175 4 96 162 197 194 182 55 156 149 197 159 192 47 93 103 118 64 198 122 73 114 9 168 105 8 124 135 99 1 171 104 24 72 26 95 20 85 63 88 116 171 49 155 38 74 116 181 91 8 102 141 177 97 66 14 123 98 172 119 137 42 165 114 9 198 19 9 145 66 79 14 36 71 58 122 113 15 64 60 106 200 39 198 81 126 11 169 17 66 200 109 125 167 59 105 19 3 176 111 196 54 138 83 73 199 179 136 155 168 129 161 82 191 52 104 125 178 188 64 8 160 159 173 193 184 86 98 69 70 38 175 166 8 
68 89 50 97 87 103 151 106 120 109 89 192 106 67 126 181 75 11 23 144 123 3 32 155 127 20 7 126 173 170 81 129 151 107 90 76 174 188 120 82 171 181 100 19 128 183 129 11 166 20 146 191 153 25 95 50 15 7 24 160 122 162 158 189 166 94 54 161 80 35 157 75 117 52 115 76 73 42 177 140 92 68 163 55 57 28 52 39 52 180 46 1 195 32 176 181 38 62 17 76 11 24 95 197 8 51 107 103 100 124 54 43 172 72 67 189 56 33 192 136 192 47 158 4 151 61 63 51 129 79 166 116 118 159 83 3 107 80 143 61 67 183 196 182 152 46 160 35 166 191 
130 63 44 133 64 135 137 123 53 40 74 50 200 64 85 163 187 29 199 78 79 132 46 148 26 90 85 12 3 121 123 157 8 4 98 167 28 58 111 42 37 126 86 139 172 45 169 165 50 65 85 66 135 85 190 101 142 171 191 36 139 182 39 176 40 69 106 164 158 15 163 159 31 21 56 33 125 32 34 76 171 188 7 26 99 89 65 28 86 37 83 106 178 196 129 86 104 16 187 94 146 175 64 166 175 90 1 36 87 132 60 102 145 35 46 133 79 112 68 31 143 115 175 65 44 136 77 131 146 161 26 131 117 191 21 152 72 150 8 105 89 114 124 96 49 133 150 168 92 141 
42 29 177 134 80 106 34 140 184 102 172 77 75 130 29 65 186 116 30 56 122 70 5 21 162 199 194 176 74 165 155 125 158 180 35 137 82 111 192 109 54 171 158 12 168 45 75 193 158 32 79 58 61 69 176 143 117 8 169 166 149 32 138 164 171 146 162 18 36 111 124 150 156 8 163 32 83 167 80 158 175 192 144 189 7 98 35 41 59 124 110 36 174 179 53 157 25 19 141 77 77 112 107 165 69 105 67 39 190 62 86 192 128 195 36 64 2 71 59 143 144 148 157 149 101 164 51 167 154 50 78 16 51 172 128 161 62 91 82 115 54 176 119 57 41 57 171 49 137 166 
178 40 73 140 80 197 127 172 68 131 180 39 148 84 98 6 107 164 21 20 140 119 53 150 171 29 160 57 55 110 193 166 122 191 167 93 40 66 135 188 94 161 37 46 24 169 144 70 87 140 106 42 49 136 168 105 6 24 19 4 12 166 190 114 125 101 159 21 175 126 64 6 153 133 56 127 173 126 90 51 110 189 196 174 32 17 27 10 123 7 56 76 134 116 28 93 94 83 33 4 57 67 64 18 171 9 162 118 69 129 58 40 122 51 49 174 196 2 169 70 187 21 38 121 94 59 155 53 78 168 82 2 142 162 24 179 85 104 139 106 9 164 153 106 68 148 167 150 93 151 
7 126 108 111 99 121 14 26 99 132 126 104 107 17 43 76 69 84 171 26 73 150 172 195 76 169 115 60 154 173 24 89 48 8 52 38 155 60 176 161 170 135 197 99 113 120 98 59 20 130 31 4 164 188 195 46 162 3 174 60 102 29 131 113 86 1 176 142 197 175 119 91 196 25 82 119 10 137 21 154 176 112 148 161 39 113 53 199 67 77 68 198 50 57 143 60 191 11 48 53 110 30 161 193 183 40 137 141 7 124 88 93 184 108 51 163 57 185 62 115 139 134 198 187 52 145 31 123 42 57 16 166 69 39 151 163 76 102 13 183 87 41 23 153 113 171 27 59 145 73 
149 43 126 156 87 147 79 30 138 5 36 120 93 53 6 170 175 25 156 78 44 164 164 4 68 57 171 178 21 134 126 106 68 51 185 164 9 77 19 40 148 73 171 193 98 9 149 157 9 40 59 43 167 71 43 98 158 184 200 51 52 41 17 172 142 40 179 66 91 52 15 70 117 88 19 121 64 77 76 151 155 112 29 25 119 148 78 29 92 80 59 104 119 78 65 136 156 195 144 19 101 149 194 21 115 52 74 68 91 108 55 98 92 93 132 89 116 95 141 62 58 32 97 179 162 171 55 163 13 3 198 185 25 179 98 67 151 114 25 59 28 138 146 76 132 195 110 83 47 10 
43 57 44 115 142 72 53 26 20 109 66 43 146 150 166 105 146 19 12 57 145 175 174 55 110 2 37 165 185 135 179 20 40 135 176 41 78 178 15 6 130 17 86 17 115 131 4 162 104 99 55 98 137 159 38 178 196 197 184 31 193 1 79 7 101 189 120 66 76 26 17 155 44 60 57 170 164 198 138 61 36 151 194 45 118 72 167 51 155 22 107 171 28 160 192 17 199 62 183 168 138 168 31 144 192 71 52 181 34 109 108 10 58 89 16 85 114 198 97 3 165 90 58 176 20 144 23 60 105 138 63 86 75 131 176 181 61 77 154 173 125 4 70 134 173 62 92 74 82 200 
83 45 192 112 77 164 168 170 43 54 108 109 174 82 17 132 156 14 156 85 136 67 102 170 10 63 62 6 43 100 167 167 40 79 131 32 64 27 111 126 186 75 33 112 117 167 159 180 108 26 104 138 153 92 129 183 1 153 137 15 28 136 86 90 14 71 194 123 116 41 121 97 166 72 123 131 169 6 67 116 35 39 50 66 8 14 168 31 130 187 157 39 89 79 92 67 92 120 173 108 138 115 19 118 101 168 171 67 107 188 50 160 131 125 63 92 37 119 194 112 94 41 40 65 138 114 113 108 7 9 55 186 172 199 3 121 173 91 35 103 125 58 169 36 129 39 109 183 106 125 
2 145 194 120 108 128 113 71 40 7 71 83 61 4 132 29 79 66 96 176 116 176 167 80 134 170 90 16 131 18 91 11 121 55 44 176 167 113 130 34 110 2 36 91 116 138 184 20 163 25 81 199 40 59 197 117 105 36 17 177 142 132 50 55 54 172 179 80 195 197 2 95 77 90 136 84 142 99 124 95 189 199 74 83 5 37 62 123 160 83 47 140 125 106 118 35 158 149 164 154 173 17 94 124 90 4 98 69 95 11 47 50 92 65 104 90 1 96 30 186 14 106 53 36 80 145 11 114 116 58 38 192 198 41 120 109 116 123 50 128 43 22 198 44 166 119 31 83 153 93 
148 147 122 153 169 9 106 140 43 68 142 37 25 148 195 13 16 175 83 136 70 130 23 96 88 3 177 105 159 79 30 107 84 48 194 62 176 49 200 197 123 190 189 88 96 157 21 164 194 169 113 63 176 26 56 126 173 193 83 42 53 188 113 185 152 51 134 17 164 197 96 150 161 72 150 147 151 128 178 40 154 111 39 70 12 119 198 48 171 88 1 120 66 156 72 56 17 112 116 14 130 42 153 183 62 118 44 13 12 98 134 102 179 98 108 200 126 120 120 38 11 142 74 5 90 47 90 15 65 78 34 179 27 89 144 100 119 50 116 88 152 100 126 143 143 16 141 63 187 33 
86 88 8 159 57 2 86 125 133 115 34 200 56 178 82 148 125 67 62 83 5 14 190 163 200 33 87 90 132 91 183 11 191 39 83 169 134 88 148 88 67 148 29 25 154 190 161 193 94 39 63 173 48 132 108 85 74 12 113 160 24 49 16 79 18 41 168 45 125 143 39 8 76 154 7 18 132 182 110 46 22 99 17 156 183 195 19 108 45 60 82 47 190 79 180 2 200 193 39 14 117 28 118 64 189 150 15 194 121 200 167 22 141 143 56 35 105 61 196 96 65 156 25 70 8 118 82 156 27 27 182 56 148 166 151 116 40 108 163 34 76 150 140 168 22 128 2 171 79 197 
37 190 117 60 135 8 53 168 174 100 187 51 191 98 97 5 119 18 176 67 101 162 82 36 104 75 121 178 36 56 14 157 71 121 154 98 99 61 113 34 29 2 145 31 190 108 94 4 185 147 141 28 148 71 167 11 10 60 177 86 34 21 44 195 120 168 83 61 107 95 77 170 36 92 93 149 130 198 119 49 177 187 112 34 177 36 97 91 163 139 99 65 26 25 132 32 77 145 42 169 65 166 10 195 96 75 51 60 187 15 180 171 43 1 122 46 163 169 1 25 196 196 108 49 31 23 42 188 22 150 187 177 60 143 106 198 190 182 69 56 139 12 55 14 131 43 59 153 42 97 
167 16 40 197 17 95 175 195 27 63 104 25 44 200 53 66 165 139 185 148 128 96 129 179 1 86 158 43 45 6 197 122 67 73 98 95 19 22 134 147 27 144 46 29 43 47 169 164 155 77 121 5 35 112 49 107 61 115 5 162 93 163 112 4 99 43 106 126 35 30 107 133 72 67 127 3 151 158 195 3 195 158 180 123 159 190 196 173 25 43 146 13 186 112 122 107 15 87 75 158 197 19 40 115 117 192 89 40 26 28 60 78 6 128 31 77 11 179 91 132 150 178 55 169 124 36 69 187 156 15 26 123 127 64 169 4 163 149 53 122 11 15 56 99 112 97 16 52 98 35 
168 1 130 80 32 171 162 158 192 130 76 166 65 101 86 85 168 127 193 194 112 157 5 48 70 107 118 57 56 182 39 88 8 103 191 23 120 168 38 69 6 194 57 146 43 112 130 13 80 65 4 160 179 171 51 155 114 171 89 186 46 120 141 26 175 7 65 138 191 142 12 19 97 135 131 192 162 6 153 21 27 76 117 163 9 80 78 25 80 53 103 164 176 186 75 171 125 57 187 133 163 63 69 188 135 129 42 32 166 153 158 4 177 55 191 156 151 166 19 198 29 109 105 189 41 59 178 38 116 54 43 84 20 65 175 38 68 40 191 100 138 58 14 155 72 169 31 91 100 151 
192 49 148 159 73 147 159 44 197 79 114 135 188 132 183 81 153 162 61 136 52 174 141 14 191 2 108 21 111 131 84 7 103 74 67 185 30 164 66 41 37 34 34 199 196 113 29 30 190 119 59 61 68 106 159 69 175 155 52 55 3 27 180 20 47 36 120 124 138 96 66 12 3 56 45 187 52 110 2 152 174 42 116 44 153 177 33 185 16 90 150 20 140 117 44 74 71 86 174 59 6 78 14 65 30 115 15 165 19 187 200 131 124 52 163 192 196 188 141 193 61 76 140 29 105 82 52 197 125 59 79 32 32 99 9 78 91 184 170 102 165 25 156 41 49 178 39 120 199 147 
49 93 150 54 147 196 176 83 193 104 55 160 190 78 20 134 12 110 19 8 138 177 191 128 22 26 168 27 26 140 57 9 19 9 92 17 7 66 200 29 31 39 86 61 5 161 104 182 163 143 72 34 88 42 130 197 186 39 56 25 104 85 39 191 124 164 144 118 14 83 100 6 34 153 155 78 178 62 22 184 188 37 13 101 5 178 49 85 192 24 2 24 31 191 61 153 24 34 25 62 168 160 37 123 160 155 34 184 81 56 25 67 177 171 58 13 123 71 13 9 196 42 168 200 169 3 177 116 73 45 151 13 19 56 92 197 43 195 139 43 45 100 186 83 64 146 171 39 138 4 
70 82 177 89 162 103 118 53 94 194 60 106 8 130 40 14 39 23 123 33 25 161 196 106 27 32 39 95 188 184 116 55 145 2 178 156 6 59 43 58 97 17 12 171 44 192 83 194 53 137 34 170 200 93 82 99 58 117 9 120 172 162 92 60 191 32 89 19 139 63 98 26 70 4 130 38 109 79 65 196 99 162 92 193 93 154 97 39 116 180 120 182 177 133 120 106 160 200 101 160 41 54 199 177 178 157 169 159 20 68 66 3 9 133 26 121 185 53 78 105 101 122 170 76 77 39 87 145 86 35 50 30 1 35 67 155 85 13 177 173 183 40 137 13 47 147 74 136 26 90 
88 130 117 122 200 7 42 56 45 52 95 19 12 58 62 140 174 58 127 20 159 105 89 131 31 191 92 155 68 62 150 36 146 145 120 135 78 165 45 165 144 159 190 110 128 69 154 63 77 199 87 73 22 142 110 48 142 12 160 50 150 40 133 14 194 60 171 168 152 34 175 131 63 117 55 157 49 195 100 48 164 11 135 46 48 10 150 171 124 171 85 158 182 199 147 28 12 177 94 181 122 170 169 189 120 1 143 64 113 175 67 8 197 191 178 163 64 56 117 48 46 68 66 119 18 15 100 3 99 179 51 154 6 44 30 27 127 21 188 115 188 63 111 52 191 102 80 68 51 187 
20 51 188 121 32 116 189 14 139 196 74 87 54 97 185 54 55 68 96 11 129 70 160 33 35 118 25 68 87 106 191 72 186 155 165 169 15 165 22 177 45 197 37 89 198 128 32 116 199 2 96 6 10 28 74 44 42 86 177 61 116 1 142 175 90 25 107 189 54 129 132 69 67 84 120 60 184 154 185 143 40 64 177 83 20 116 139 161 128 18 182 102 125 163 32 114 44 158 57 96 92 111 176 99 189 157 150 161 102 153 162 23 9 71 32 189 54 149 15 129 173 118 38 96 95 55 184 97 92 70 193 98 80 97 92 156 46 64 134 183 56 177 12 114 132 149 119 182 97 186 
9 130 160 200 130 175 97 117 170 179 187 79 2 77 163 141 158 162 192 12 111 16 35 1 55 73 34 16 63 102 28 72 78 107 122 129 105 167 44 174 136 4 87 50 196 55 37 84 16 105 174 178 134 114 12 113 140 78 17 57 128 164 23 140 167 13 30 127 87 74 68 48 38 140 137 100 149 93 127 37 185 35 126 40 199 88 28 151 81 122 191 149 158 53 145 156 146 185 150 3 121 40 133 180 74 163 147 196 73 184 124 86 35 17 104 135 88 16 24 175 53 120 170 87 119 89 152 26 96 125 75 94 23 25 94 193 11 193 12 159 135 58 101 107 160 58 165 167 114 197 
161 174 158 38 87 85 124 167 193 43 161 99 24 13 190 106 117 155 30 85 63 163 194 130 151 128 17 178 191 50 37 102 14 18 163 59 115 101 38 20 166 55 39 31 28 89 115 166 152 143 132 23 6 163 182 42 85 195 141 116 145 190 128 64 187 123 183 63 103 11 32 13 65 35 59 61 83 105 68 181 111 60 175 62 123 86 34 150 85 52 128 36 118 89 91 156 153 193 132 183 117 79 86 122 94 22 199 34 57 59 12 116 42 33 135 81 161 115 177 198 183 64 30 32 21 133 80 134 156 4 48 47 145 89 72 103 81 81 39 140 117 90 137 62 26 129 138 117 26 14 
87 113 153 120 198 197 199 122 29 177 99 184 56 14 70 125 50 170 26 159 160 178 38 19 193 170 94 37 99 126 197 104 170 172 53 112 13 71 21 172 143 22 121 170 139 8 86 72 150 144 145 54 96 61 43 161 169 87 86 119 93 122 138 107 62 115 62 132 200 110 138 199 48 64 108 84 127 93 48 174 124 168 114 99 95 138 11 41 173 180 114 187 34 175 109 62 47 135 41 145 64 75 71 62 103 186 147 181 157 31 32 65 20 156 163 18 194 97 53 172 163 32 86 43 149 49 61 177 60 49 160 111 43 140 176 67 78 131 80 69 33 181 190 138 140 140 154 159 160 43 
18 167 32 160 59 196 108 35 177 135 80 195 106 30 115 144 76 8 27 154 169 191 144 120 31 52 58 34 39 159 144 84 65 130 187 71 4 190 19 169 54 163 44 160 73 148 60 46 161 107 171 166 56 194 161 101 60 8 1 173 78 53 132 75 189 118 21 51 118 50 177 53 59 104 113 173 33 28 102 85 49 103 184 126 62 62 116 145 75 38 179 28 95 184 192 102 188 163 89 62 127 1 150 61 27 153 36 77 130 138 88 4 146 174 110 185 198 165 66 8 84 135 197 112 23 110 93 17 61 79 24 131 108 144 34 90 80 162 163 164 186 43 200 193 181 187 19 21 170 6 
184 155 198 89 3 166 179 166 192 137 23 108 34 10 137 118 3 17 164 188 186 19 80 21 149 113 90 187 99 197 3 39 182 94 168 19 65 4 167 75 185 171 174 77 182 88 56 155 66 96 122 191 61 20 175 88 16 21 76 94 62 181 39 76 5 168 43 33 69 197 148 67 81 1 46 161 125 161 95 141 26 122 70 128 122 58 175 129 179 163 159 27 86 127 7 133 84 171 85 126 176 125 143 75 4 21 148 4 93 11 177 13 18 80 191 179 176 108 72 43 125 76 187 164 20 196 112 91 181 112 120 60 186 120 176 108 92 53 175 24 7 13 105 159 95 196 141 139 131 113 
88 89 33 164 92 45 176 185 33 125 55 143 110 69 14 85 144 21 96 84 161 56 72 199 34 188 24 70 14 47 144 103 40 54 23 131 122 176 196 200 166 122 17 5 156 64 15 181 20 34 199 129 21 79 104 129 64 195 26 58 133 158 165 56 103 19 116 119 76 50 21 199 45 99 172 86 133 174 151 81 69 193 10 28 31 68 2 158 86 69 168 138 171 200 123 183 98 5 77 21 154 195 122 198 109 59 162 137 162 50 182 28 25 61 110 119 53 143 157 68 110 20 138 21 170 151 37 66 131 47 64 130 48 24 107 121 36 31 165 133 198 55 133 199 10 106 33 25 56 58 
142 69 188 44 33 22 92 97 8 124 194 133 9 113 123 35 192 190 28 167 49 16 37 186 91 3 101 88 23 26 44 132 5 171 174 7 90 115 195 64 169 151 80 181 126 172 194 78 186 136 84 51 15 132 121 108 3 8 190 9 50 95 197 180 21 42 177 39 86 116 141 136 112 161 182 53 127 59 62 13 165 28 162 20 45 130 61 7 28 99 65 90 87 67 106 59 189 2 182 130 129 34 75 84 139 179 181 41 77 65 120 161 83 111 6 129 72 46 54 134 168 5 14 34 15 96 152 37 196 157 73 57 132 9 138 157 34 113 111 166 134 119 73 149 86 143 46 73 179 123 
97 88 5 47 138 160 32 156 101 91 109 79 135 98 36 87 144 131 140 43 175 51 1 65 174 112 186 124 34 47 72 57 147 148 16 92 109 136 72 191 102 81 25 186 173 78 51 178 142 53 27 154 111 126 98 130 170 182 192 195 5 57 7 103 119 82 146 34 115 181 70 8 40 149 134 71 73 172 49 1 158 83 117 4 107 194 110 195 121 110 80 91 126 119 57 48 116 90 79 4 172 16 131 137 5 38 157 25 104 89 128 157 87 134 27 67 56 62 100 193 173 74 125 84 120 64 34 7 168 13 29 170 58 79 200 97 156 5 96 36 167 94 172 14 167 134 61 98 87 147 
200 113 102 113 131 200 108 137 104 50 151 177 30 187 75 190 196 103 153 82 93 181 36 82 26 57 35 2 196 112 158 112 90 63 109 177 14 98 33 120 173 17 45 147 114 161 43 59 128 4 61 161 181 91 181 171 174 56 76 95 1 53 164 154 33 172 179 183 123 4 69 140 53 177 90 131 21 31 39 48 192 5 194 14 68 56 8 114 169 78 80 50 15 5 128 65 167 200 17 11 151 91 51 173 27 50 24 20 182 63 115 49 124 147 56 103 40 110 127 15 16 86 19 142 142 16 149 18 197 46 117 26 193 184 28 73 174 145 82 91 82 139 75 153 77 60 72 56 120 53 
140 141 197 81 117 44 195 183 131 82 12 129 132 75 106 116 33 102 51 132 95 143 81 96 198 65 34 164 63 30 119 122 62 123 46 20 78 151 72 12 51 62 113 5 76 162 22 51 57 20 91 176 121 20 193 71 50 92 188 37 67 38 153 62 97 73 15 167 137 181 160 136 141 141 71 97 161 101 118 106 81 166 31 25 179 18 85 171 172 113 192 170 51 159 87 130 163 79 179 111 58 36 129 141 89 69 35 194 61 87 125 122 150 127 132 63 199 64 172 159 121 199 115 145 178 67 2 20 60 41 37 68 17 47 118 26 5 75 3 197 45 139 119 63 150 156 5 84 148 42 
63 190 174 197 30 68 45 180 187 133 26 131 170 46 154 82 58 32 146 117 49 127 27 59 128 123 42 183 40 118 91 100 184 71 153 34 129 164 46 104 142 43 194 74 164 16 107 112 57 123 130 178 97 96 25 45 91 156 111 126 26 169 163 88 33 122 168 171 86 198 67 176 145 45 144 129 89 36 190 52 26 72 141 28 108 145 109 160 93 107 69 37 83 96 191 37 87 36 112 97 2 187 27 120 68 142 113 139 44 119 24 146 164 177 130 28 108 156 42 2 63 122 123 86 84 164 107 184 155 44 56 83 188 29 1 74 178 82 150 196 133 9 200 79 143 84 159 102 39 17 
185 136 58 81 142 160 74 120 85 159 177 176 52 122 137 25 36 79 79 49 12 131 140 177 42 89 97 85 197 60 125 145 47 12 198 52 28 45 67 115 57 183 123 155 47 62 17 195 195 72 65 6 173 18 171 8 161 73 55 50 89 164 131 115 51 15 150 80 169 52 20 83 5 23 14 50 134 48 152 155 152 20 107 55 94 54 43 23 189 96 168 103 74 6 52 99 124 190 183 3 164 158 180 104 30 193 119 134 23 81 160 86 105 173 13 146 2 28 150 79 161 33 191 48 148 23 14 103 190 156 189 124 54 169 44 175 176 48 118 154 63 193 110 68 2 22 48 108 69 193 
175 67 121 159 31 48 126 193 160 9 104 116 135 11 59 121 58 147 81 11 157 130 147 116 127 101 17 138 22 8 121 142 59 95 145 145 70 153 33 29 43 180 160 145 28 126 180 178 18 180 30 89 127 39 133 117 177 159 18 31 85 2 37 176 14 47 11 180 53 172 118 71 67 3 49 53 91 63 134 66 42 53 46 30 116 101 97 44 115 136 184 69 192 66 161 177 101 171 21 161 196 4 155 69 156 49 180 59 136 152 58 157 17 106 94 77 196 175 166 71 64 64 86 112 123 12 197 88 123 2 104 40 38 174 75 93 197 54 166 122 24 18 172 69 41 52 188 164 42 136 
101 14 136 200 6 68 196 4 68 134 155 120 170 1 141 137 139 147 177 101 112 111 146 15 47 143 151 185 45 61 132 97 25 67 83 43 97 98 25 57 42 1 129 177 44 5 162 190 26 150 127 41 194 64 138 15 160 162 35 5 61 194 49 26 138 193 20 9 132 14 82 186 128 186 195 115 198 117 44 197 68 68 176 83 72 7 39 37 189 178 183 169 69 137 112 14 137 95 55 74 121 26 141 83 180 97 96 45 31 69 7 12 174 124 7 111 151 155 162 38 115 12 102 126 47 186 197 150 20 165 140 36 150 67 63 61 128 108 200 51 170 112 60 105 152 180 136 21 126 7 
197 181 64 31 103 171 147 186 182 78 107 143 104 96 95 82 49 41 159 175 192 103 106 122 84 163 188 168 178 168 134 70 25 70 74 175 7 158 97 29 147 76 69 189 51 89 149 157 146 108 181 145 112 114 95 45 5 194 189 152 166 100 92 43 152 187 55 200 88 22 125 111 27 28 71 189 30 176 81 159 1 142 1 183 39 148 137 186 167 142 83 178 100 110 88 97 104 105 162 65 127 193 146 2 1 77 66 91 144 34 83 18 19 162 157 67 50 150 66 102 50 82 101 69 147 193 15 15 65 103 134 39 119 45 196 112 78 98 133 62 163 149 79 4 192 119 61 90 81 32 
139 187 84 151 103 138 169 89 8 14 1 10 120 10 111 150 68 18 185 20 89 99 14 190 35 169 58 1 198 200 110 23 27 96 9 196 78 86 144 127 131 93 197 56 73 99 101 157 17 94 80 133 172 145 105 122 136 59 85 124 162 61 180 195 122 122 124 136 83 55 10 159 10 129 162 142 177 106 20 105 17 92 112 120 130 152 116 21 116 18 198 137 193 185 141 159 65 14 88 148 114 186 37 199 24 15 57 165 196 193 194 146 6 86 109 159 74 17 164 187 168 151 85 59 199 20 199 149 137 21 194 7 55 16 146 48 195 120 110 91 63 193 167 19 94 191 59 165 1 110 
90 53 120 68 105 65 55 168 62 5 54 166 141 52 115 193 190 52 142 126 89 41 25 104 85 112 200 83 178 13 70 162 1 194 200 58 148 116 117 45 91 29 159 48 173 59 122 158 25 32 156 90 175 125 68 81 25 38 110 164 82 77 148 158 117 7 27 11 30 72 137 13 181 86 99 131 158 52 166 100 170 89 154 90 192 54 116 4 162 155 139 103 162 177 28 142 199 123 119 94 15 18 170 155 41 184 113 17 83 87 66 124 168 39 93 102 13 88 13 43 100 77 22 107 43 110 109 44 39 33 75 133 86 158 138 91 125 108 154 55 62 33 106 41 150 49 150 188 4 71 
155 73 117 113 121 66 194 158 130 182 33 24 14 152 34 128 162 164 5 57 183 178 75 196 24 85 132 92 152 89 43 62 85 82 113 2 103 151 29 197 125 72 49 80 130 49 164 76 178 153 27 2 187 171 144 135 172 70 105 113 148 130 40 161 176 105 120 62 95 178 117 185 32 145 77 185 46 199 13 103 98 67 156 90 85 122 154 70 142 70 155 123 183 43 113 37 133 102 135 190 200 10 28 146 170 133 80 159 170 156 184 31 138 106 70 14 135 152 177 138 14 73 103 6 136 111 140 18 93 104 51 78 79 47 85 55 155 26 149 133 118 81 120 99 49 55 71 41 118 55 
189 169 137 18 119 74 146 140 92 138 67 31 192 91 117 163 136 198 109 51 196 32 3 97 163 99 57 152 169 57 81 37 127 81 34 192 154 62 67 32 136 100 190 155 104 89 98 72 140 32 122 10 129 171 29 43 114 184 23 111 3 64 158 26 33 172 190 98 87 93 61 24 163 37 175 111 36 167 81 98 163 150 2 111 142 181 187 104 41 8 185 145 193 171 189 168 128 58 28 51 150 142 98 70 107 63 85 133 160 33 8 63 95 49 176 110 66 42 110 100 13 106 47 52 150 46 187 175 62 122 186 118 56 97 48 14 126 171 165 155 157 42 56 107 73 100 163 187 11 194 
101 158 56 165 10 75 52 189 100 122 97 87 139 118 138 157 98 112 60 164 96 66 4 75 132 45 25 44 151 74 96 124 152 18 180 117 107 188 61 158 139 143 126 38 67 40 43 193 7 39 189 92 84 166 139 187 77 32 25 175 178 92 156 102 189 147 159 188 5 119 161 139 131 185 116 89 135 147 167 25 114 155 192 101 134 5 61 47 178 119 42 160 11 120 143 11 129 64 140 167 115 56 134 129 132 129 106 45 21 14 143 83 166 150 38 8 125 191 103 77 192 41 134 2 4 100 36 27 175 77 41 166 173 93 80 34 134 100 29 93 51 19 16 110 21 53 76 193 58 151 
7 95 141 59 36 105 170 144 97 114 52 91 132 13 115 31 116 170 48 18 197 25 4 46 33 182 29 187 180 116 132 139 28 18 104 40 114 150 160 31 68 22 188 24 133 13 125 37 170 38 119 83 200 95 87 33 103 200 199 52 37 98 42 114 62 119 10 38 9 88 187 102 105 114 168 144 75 163 17 126 2 113 189 11 161 25 125 31 200 184 129 83 61 70 134 12 117 84 178 82 79 16 57 163 92 117 105 40 160 66 149 92 65 175 37 136 43 35 190 105 122 38 170 194 101 158 63 185 188 94 161 177 24 82 109 32 150 171 138 104 33 193 25 3 190 74 97 133 43 109 
77 192 29 1 111 50 51 21 1 24 127 64 199 130 191 104 59 1 93 159 22 105 143 88 68 136 159 33 69 130 125 1 99 113 18 176 113 135 36 95 29 139 74 174 158 111 126 144 70 142 37 154 45 26 100 187 28 8 27 98 69 66 13 14 200 118 94 10 105 120 28 37 79 37 147 70 64 16 158 61 168 10 144 39 153 53 198 61 140 99 130 134 132 104 36 156 62 69 51 135 178 71 127 190 128 186 86 159 195 12 141 38 76 200 21 58 10 32 177 125 164 50 25 12 157 52 89 199 52 147 97 147 193 127 89 45 76 155 36 69 138 91 21 159 164 12 16 34 96 137 
33 190 132 29 197 141 22 58 89 102 86 51 37 56 70 60 21 162 41 185 70 79 26 151 79 192 89 53 25 104 151 123 52 124 180 53 135 28 20 144 21 197 96 127 14 149 165 38 158 158 168 90 46 81 33 104 10 198 105 193 113 47 30 4 95 172 39 60 10 80 68 91 113 161 139 53 95 9 131 45 108 51 18 137 161 99 174 159 158 71 4 31 186 159 173 129 31 99 162 127 187 22 198 187 118 9 16 75 148 48 193 78 73 34 165 197 56 52 73 165 143 50 32 161 179 155 149 151 117 72 184 93 149 145 62 184 142 46 165 75 57 78 78 93 112 96 49 40 117 112 
32 59 60 101 11 117 53 66 69 84 61 42 49 73 7 62 135 14 199 169 36 8 21 116 156 76 116 124 90 107 70 161 98 148 19 137 154 156 65 157 9 158 6 161 118 109 100 181 198 160 198 109 164 155 111 78 142 51 96 98 89 154 18 99 36 41 34 97 134 105 157 29 170 200 11 169 20 160 113 135 71 172 177 19 18 134 182 134 3 80 130 178 156 182 98 24 32 18 176 107 17 118 183 5 151 87 179 15 82 38 183 111 196 27 3 118 72 55 75 77 26 82 33 105 56 145 111 199 167 15 170 179 71 50 133 56 125 11 8 81 174 196 4 137 63 3 150 151 66 52 
190 44 153 53 34 12 156 176 69 94 31 38 9 135 160 24 188 52 55 49 129 61 49 85 30 85 159 80 155 129 197 59 45 169 7 130 193 63 139 33 106 110 80 104 2 3 187 31 164 84 35 50 68 29 145 128 198 10 18 45 140 105 54 78 12 22 187 21 26 35 49 98 126 13 80 3 17 114 24 47 195 159 128 96 36 47 44 124 50 146 127 177 27 65 104 20 113 194 93 155 142 76 55 52 127 64 150 122 122 131 167 142 163 182 200 82 75 2 181 50 167 16 156 198 56 57 90 132 183 7 16 200 139 166 149 37 68 38 111 147 98 9 44 76 196 149 87 30 32 115 
158 172 136 190 22 93 13 114 90 155 62 44 77 6 88 120 76 102 58 43 27 147 66 145 100 152 46 28 61 59 117 78 80 102 53 195 154 124 107 179 76 161 125 156 140 175 69 140 144 62 73 162 192 42 102 25 95 69 38 83 106 54 70 116 1 170 43 34 185 103 174 98 105 15 33 44 6 122 157 113 145 115 5 3 30 15 183 145 52 183 184 190 200 61 164 25 105 72 57 25 115 155 181 154 159 174 80 190 178 192 86 72 161 187 115 134 180 71 188 31 84 180 94 61 144 62 122 97 169 125 182 104 159 61 124 134 26 134 192 198 173 133 105 78 23 30 61 27 198 159 
182 196 89 114 122 83 176 154 83 49 48 33 32 29 137 28 199 8 53 179 100 130 160 150 166 14 120 21 38 140 155 93 105 121 54 104 90 195 180 166 142 17 56 89 45 167 2 105 120 10 7 42 174 84 56 53 181 57 132 154 167 116 110 192 91 36 124 145 18 162 164 111 59 8 134 7 120 200 170 200 71 173 142 70 55 124 68 111 127 151 188 85 41 194 14 3 169 172 187 5 75 3 131 70 38 124 3 22 24 129 32 157 192 103 122 100 124 31 83 198 61 67 117 27 70 2 126 72 50 115 46 149 140 39 175 56 57 144 23 32 38 179 46 73 80 140 191 7 62 83 
151 28 72 186 8 138 55 77 38 101 193 75 97 174 164 173 133 85 1 179 92 97 179 196 184 49 188 98 181 190 22 112 14 146 18 26 114 147 86 92 193 162 97 4 149 135 92 36 157 165 26 123 6 109 187 145 169 16 123 166 194 101 52 141 19 106 11 126 124 112 66 102 26 147 170 90 94 148 83 144 123 142 82 14 98 49 79 25 137 183 161 172 151 58 106 188 117 91 111 100 27 132 30 79 169 27 146 85 66 76 178 22 184 143 53 97 73 170 1 102 173 190 69 136 91 148 54 156 25 168 24 23 6 49 86 161 78 157 59 98 123 64 68 102 126 38 37 177 181 87 
102 172 131 123 40 169 147 80 171 129 174 73 194 32 20 157 35 102 35 134 20 84 37 31 117 28 96 12 142 31 119 5 139 127 176 135 183 34 105 153 155 63 163 124 125 96 58 98 110 83 34 113 26 161 144 45 2 195 66 46 161 8 163 33 105 59 78 174 89 18 6 70 63 86 195 8 135 51 11 11 101 164 122 139 123 176 83 80 92 68 66 57 19 99 122 131 11 175 183 52 40 69 60 81 122 121 184 185 68 40 160 92 60 172 69 172 70 169 105 37 178 167 119 94 140 83 191 161 87 18 36 44 112 78 194 145 135 79 101 54 61 89 77 69 49 68 10 69 43 3 
65 184 74 22 54 142 100 16 139 116 70 162 53 102 35 110 62 142 139 82 143 37 183 108 63 114 128 33 120 177 42 180 21 187 179 86 24 152 144 45 144 163 148 131 100 136 196 51 44 108 31 114 184 148 120 50 192 102 42 59 91 51 25 195 93 193 92 159 156 95 62 184 94 123 3 134 63 188 133 46 33 155 154 19 30 15 159 12 140 93 79 83 57 68 67 47 169 3 7 42 82 110 8 154 113 121 13 21 157 30 20 115 21 58 119 62 139 172 134 67 92 42 99 24 193 21 11 117 32 143 27 124 145 128 3 171 196 200 38 109 53 107 159 3 100 188 147 39 33 159 
190 115 80 200 150 131 147 133 63 75 38 89 193 78 191 126 117 124 140 58 6 111 47 72 94 173 188 170 39 84 76 74 181 95 28 32 117 32 106 157 149 70 55 69 54 136 83 103 9 178 174 94 16 62 180 138 194 183 98 50 162 178 200 168 161 92 108 86 51 11 33 4 107 174 43 188 91 44 167 60 185 157 99 15 45 117 11 155 74 66 198 121 63 156 74 149 195 115 103 55 52 88 5 87 95 61 27 75 142 182 178 185 133 88 132 190 12 77 133 142 27 41 106 18 132 95 197 72 50 56 101 63 72 184 169 18 174 46 160 27 184 80 12 144 70 94 2 10 127 138 
43 68 146 69 196 80 87 40 83 156 150 118 57 87 130 138 120 167 108 12 112 72 162 8 61 50 69 21 152 163 148 76 84 128 39 153 167 163 115 127 55 5 126 144 59 27 78 36 9 134 91 85 89 89 74 90 198 48 13 50 20 85 39 41 52 199 135 177 164 80 178 18 15 116 79 86 36 20 12 191 124 198 186 12 170 73 169 161 36 74 72 76 173 77 94 181 24 75 42 108 96 193 124 40 42 172 117 123 71 62 118 120 57 99 81 95 37 65 23 33 116 10 15 20 109 178 101 135 55 153 19 117 63 92 134 11 83 15 21 172 81 131 118 153 29 81 192 114 147 147 
109 110 112 39 35 15 49 81 102 38 177 30 140 84 27 42 133 146 171 60 137 58 188 80 4 125 189 106 7 134 173 30 159 8 5 148 50 199 173 162 49 180 101 140 22 12 58 151 151 57 103 126 23 117 151 2 104 164 144 91 190 55 63 79 55 138 107 134 145 91 191 111 138 126 25 79 160 140 77 75 51 80 158 163 15 6 17 184 28 46 28 147 145 5 37 11 71 72 60 31 12 102 35 150 192 182 12 106 18 43 82 121 30 120 95 142 13 155 159 28 197 151 114 83 59 71 196 154 161 77 107 130 28 154 127 118 71 122 40 152 148 46 197 108 165 6 14 107 110 154 
177 87 83 27 133 195 182 30 61 4 167 16 24 36 200 9 163 146 161 64 22 32 16 31 111 96 183 38 71 65 121 111 197 13 167 110 130 126 70 98 15 127 160 32 35 35 144 54 10 154 133 3 190 61 2 174 65 17 24 102 128 37 198 139 128 97 144 182 134 2 148 112 101 184 160 75 132 154 71 59 75 13 118 197 152 99 194 142 110 179 178 60 97 8 143 72 125 131 129 158 160 180 161 20 83 106 170 177 75 158 30 35 198 73 161 153 191 48 130 123 143 82 187 77 76 16 51 187 96 200 106 94 68 165 128 50 87 133 142 73 64 147 93 182 188 127 50 35 11 198 
53 141 56 4 131 53 90 121 183 169 54 192 8 75 190 31 18 45 5 108 10 192 99 73 6 72 175 109 90 166 121 41 171 106 95 53 132 148 51 54 34 99 155 49 144 162 38 179 68 186 85 193 10 187 138 151 50 144 91 109 147 1 149 123 134 93 72 159 78 36 71 41 143 8 13 28 73 60 194 25 174 28 189 62 187 134 49 159 171 194 62 102 140 94 193 179 10 138 189 18 161 158 152 200 174 115 18 154 152 104 82 36 13 5 14 177 9 89 143 105 51 53 12 171 74 167 180 139 171 186 114 110 122 109 130 196 101 7 185 108 75 177 46 6 51 198 95 140 142 34 
