50 6
0
0
1 8 28 232
2 19 200 19
3 21 139 -257
4 29 78 497
5 33 29 33
6 34 74 478
7 36 173 36
8 42 152 650
9 54 178 -302
10 57 160 -263
11 61 41 61
12 64 114 -164
13 68 11 68
14 72 76 528
15 77 178 1145
16 82 7 68
17 88 114 1000
18 90 137 912
19 98 174 1142
20 99 191 1627
21 109 10 149
22 129 68 537
23 131 135 1211
24 141 153 -165
25 142 188 1646
26 143 29 143
27 147 85 147
28 164 9 146
29 166 9 202
30 174 193 1718
31 176 185 1656
32 180 26 284
33 184 80 504
34 200 95 770
35 200 21 158
36 207 159 -111
37 212 97 794
38 212 13 238
39 221 10 221
40 232 186 1720
41 235 61 479
42 243 143 1387
43 247 103 865
44 263 92 631
45 270 127 524
46 272 95 82
47 302 143 302
48 314 72 458
49 331 162 331
50 333 188 333
67 61 83 192 47 105 112 154 166 87 97 163 180 26 145 120 28 99 127 6 63 44 75 175 5 61 65 175 8 121 49 120 92 109 138 127 188 141 106 141 156 155 28 150 187 2 175 58 198 106 
196 130 53 96 83 189 47 56 132 140 75 186 174 197 12 156 38 38 14 149 4 28 56 66 22 175 102 105 173 2 90 131 5 128 189 48 71 23 107 5 97 110 93 109 170 155 43 186 148 112 
187 116 128 121 2 119 17 107 139 126 70 28 36 12 70 189 178 139 22 50 36 136 72 145 193 95 125 113 195 186 175 128 120 58 118 109 82 48 44 111 87 191 78 98 34 27 199 67 45 61 
150 85 1 106 183 63 44 107 150 91 72 21 16 80 173 29 4 144 178 103 198 199 132 194 192 70 144 3 75 161 37 14 169 11 65 73 14 138 14 57 64 138 169 133 115 93 155 105 69 49 
115 126 58 103 57 15 85 87 48 36 85 91 104 80 190 95 76 40 166 1 69 30 161 20 87 53 11 155 133 78 200 60 187 16 151 132 109 188 29 71 33 147 180 153 149 120 43 59 166 126 
32 17 161 50 89 48 195 88 39 103 10 127 195 114 39 164 90 199 44 4 97 168 19 24 134 186 36 89 2 104 75 82 106 96 152 142 129 100 96 16 193 98 159 39 19 54 11 103 51 121 
172 184 20 60 93 63 138 186 116 42 195 104 7 104 40 33 60 81 58 169 141 197 64 177 77 8 74 7 148 77 90 188 88 114 9 162 187 191 176 170 42 2 119 197 178 95 158 76 188 26 
107 134 77 177 30 117 77 20 128 75 15 30 173 188 51 118 136 22 87 83 99 121 11 27 24 177 130 112 114 14 121 192 107 154 3 199 9 172 77 72 43 100 167 119 6 139 146 134 140 56 
88 139 89 69 34 62 177 113 109 9 11 32 15 73 107 64 91 39 70 155 195 122 20 117 128 56 130 56 116 121 23 74 1 185 72 153 177 90 42 47 165 170 28 180 177 78 152 142 193 100 
133 54 160 47 134 194 64 1 136 87 146 69 40 130 32 38 56 97 177 123 199 192 188 148 158 145 27 85 62 196 129 20 134 158 141 42 50 19 136 196 59 19 50 188 141 107 30 17 96 110 
195 99 110 108 124 97 169 124 168 46 151 82 169 111 94 44 136 176 179 26 128 153 48 40 43 26 34 195 177 128 141 59 140 102 179 140 176 147 28 136 199 196 140 147 27 124 101 94 13 78 
70 49 136 56 23 75 119 129 70 121 192 104 56 88 50 129 124 66 117 117 88 28 40 52 22 61 34 88 148 117 169 8 101 96 151 104 108 179 182 27 61 15 59 110 5 172 138 200 175 149 
74 198 126 121 33 162 186 2 3 4 127 174 67 165 109 73 20 148 114 90 41 55 130 99 92 16 47 187 103 34 67 15 20 158 91 96 173 37 72 129 152 12 107 72 49 70 198 42 45 138 
55 200 32 165 198 6 189 90 77 65 76 84 45 30 160 170 80 6 24 121 34 165 47 155 91 16 82 1 82 143 115 94 24 67 92 168 162 159 118 6 184 79 9 115 159 125 161 85 132 97 
117 106 182 14 37 132 184 34 194 22 81 125 139 147 49 59 152 28 114 129 85 140 105 19 104 123 51 117 74 7 89 112 194 178 128 190 71 114 10 25 143 7 124 18 180 155 162 23 24 7 
197 76 88 42 55 147 75 92 44 35 38 169 184 63 108 84 139 128 58 36 110 127 129 79 112 5 180 32 63 131 44 163 160 171 53 116 127 190 181 185 3 175 159 199 109 188 118 157 135 132 
179 168 95 49 117 111 124 112 146 15 45 3 183 140 147 65 122 163 18 80 92 78 113 155 158 12 149 148 80 161 159 162 173 175 106 113 27 177 82 144 79 64 5 159 157 168 150 162 155 162 
83 151 177 96 86 90 72 120 120 127 107 175 158 54 192 75 4 141 30 143 83 200 48 84 177 43 51 30 40 101 50 9 88 82 103 57 109 91 139 174 182 100 55 15 62 113 108 73 52 45 
184 75 160 119 186 200 96 180 25 39 80 23 39 168 133 198 194 46 92 81 66 49 132 59 40 177 182 171 46 148 105 28 65 137 68 188 180 11 156 79 20 156 188 158 90 140 153 169 34 139 
2 28 2 39 55 175 48 141 104 71 91 161 41 160 90 105 187 41 108 133 1 81 110 153 89 84 116 125 38 160 54 185 72 100 169 145 30 33 23 94 186 164 163 163 7 186 132 134 150 105 
100 109 13 111 79 141 85 95 163 95 171 152 145 189 125 60 128 191 126 80 85 21 136 103 128 36 11 62 128 50 36 16 180 118 122 150 75 48 191 199 187 139 181 28 13 187 22 106 119 44 
36 16 101 133 195 134 147 87 6 185 14 64 171 199 16 15 132 78 5 136 68 199 114 170 97 171 146 132 64 151 44 75 20 198 66 6 18 164 1 60 105 108 76 57 142 21 21 183 126 146 
52 101 33 65 163 173 101 166 25 16 14 100 60 1 33 121 147 45 14 116 131 84 102 196 192 98 134 93 199 136 150 183 12 197 89 21 159 78 132 183 76 58 190 18 23 33 130 102 51 158 
84 14 60 79 176 197 186 104 166 152 61 11 39 75 112 107 14 42 81 168 30 3 167 95 4 168 103 86 74 16 162 196 184 183 30 128 73 36 36 199 46 123 189 45 44 151 166 46 28 186 
199 113 16 30 75 26 172 194 124 99 189 152 115 19 29 81 160 147 96 105 21 117 34 26 25 177 139 179 149 195 68 198 44 143 66 64 22 14 172 17 166 200 145 13 124 139 97 115 114 40 
55 161 83 141 44 31 181 145 118 176 91 97 181 172 166 71 133 179 169 22 67 95 133 134 3 180 77 152 95 164 18 41 26 175 188 195 4 7 157 105 128 199 148 50 11 126 141 175 60 63 
76 131 119 151 13 197 193 124 54 116 100 12 160 186 183 19 186 172 136 54 17 60 4 62 104 156 45 145 183 146 98 65 163 70 181 49 188 48 84 122 33 54 40 123 107 159 199 63 158 158 
192 114 71 199 116 69 165 87 176 173 191 120 42 4 82 156 192 73 34 76 22 4 123 49 82 117 185 194 196 19 54 67 103 27 109 82 74 169 71 1 104 98 179 65 103 55 16 28 194 200 
122 37 138 140 18 27 128 119 118 112 174 194 150 171 82 59 135 49 73 172 52 197 142 176 86 92 138 136 56 137 98 184 89 149 62 138 25 29 85 86 23 169 62 180 76 65 175 112 135 196 
25 102 102 131 187 77 193 171 90 94 182 110 24 94 91 43 88 8 197 68 129 131 49 174 73 192 197 189 144 164 77 168 108 149 77 104 176 157 30 6 171 44 78 55 176 198 25 38 152 192 
181 151 50 101 88 49 51 63 98 154 132 103 161 118 13 192 183 189 43 135 175 79 200 109 162 31 67 17 38 39 106 143 197 166 70 3 64 148 73 153 176 200 136 121 138 75 108 93 86 51 
190 193 17 172 89 74 17 86 67 119 61 103 192 136 63 86 32 184 15 18 178 39 59 116 107 178 90 182 123 167 33 119 79 67 88 72 85 73 45 139 82 182 115 144 15 27 185 99 100 116 
158 127 200 53 62 46 38 107 47 23 40 156 135 186 99 158 86 115 186 105 25 112 63 126 54 180 181 93 41 49 72 136 151 181 14 120 117 7 173 170 137 139 141 29 80 4 52 71 99 26 
175 36 15 46 114 58 54 47 55 112 171 86 79 53 58 6 131 103 149 83 30 113 32 194 82 172 55 77 106 6 168 15 147 188 184 146 124 18 181 116 5 112 194 79 153 5 141 198 9 141 
169 32 122 5 76 64 40 79 64 2 24 36 173 56 91 178 171 142 200 150 89 32 150 200 76 10 18 80 35 148 136 89 26 14 143 146 110 153 32 33 157 96 185 54 106 39 137 73 99 75 
107 3 133 125 171 96 27 87 195 184 153 151 101 99 97 32 150 42 104 11 144 72 72 151 73 42 152 157 57 60 163 33 116 192 17 60 15 168 193 41 177 52 189 137 165 46 108 153 67 43 
199 38 108 9 106 110 172 135 127 172 97 138 170 130 80 100 121 195 103 199 185 90 112 91 69 146 107 75 38 106 160 181 125 198 21 51 33 27 32 146 137 2 29 26 122 142 14 141 150 51 
140 17 96 164 15 192 113 74 167 18 149 198 77 136 2 55 52 200 114 116 56 169 140 97 77 153 193 128 164 36 176 155 5 166 47 96 148 168 70 61 161 85 41 18 60 109 30 177 23 101 
109 73 176 111 147 71 61 159 73 87 77 174 136 71 20 98 77 169 71 8 53 105 185 94 160 23 130 93 24 177 57 191 57 83 21 139 177 199 124 83 89 192 71 181 176 146 92 184 181 121 
148 141 78 66 160 159 86 177 98 77 5 78 99 84 99 149 194 83 92 187 128 175 198 9 10 192 26 171 102 28 155 168 81 199 190 35 98 61 93 88 42 4 147 34 56 38 141 91 15 117 
44 63 156 25 52 179 129 30 174 51 50 55 80 194 123 124 134 141 75 118 84 76 161 49 32 13 52 70 147 104 41 36 1 81 74 171 114 158 160 169 56 43 12 110 110 54 53 93 82 143 
139 89 32 7 178 61 161 153 19 18 27 64 150 36 186 155 185 160 148 31 140 83 40 141 17 97 5 148 172 164 128 33 178 43 43 34 143 116 72 50 125 94 54 168 71 46 191 26 185 144 
102 168 133 112 51 129 83 101 187 138 57 109 141 43 122 122 192 158 5 156 120 158 36 59 195 55 71 157 13 31 84 192 67 17 64 102 185 5 99 179 22 136 145 81 70 43 200 32 168 132 
9 162 168 199 79 40 147 83 56 192 15 1 9 83 60 9 23 139 151 142 3 100 164 147 80 197 84 23 184 93 62 4 181 19 120 97 27 78 113 5 184 18 9 96 70 179 153 41 100 156 
75 154 84 168 72 152 24 86 172 56 194 18 41 17 152 192 48 128 119 85 71 2 19 155 146 36 174 42 149 104 90 44 197 114 125 88 33 122 154 111 31 164 43 9 94 93 171 52 11 196 
90 34 138 4 45 105 83 176 55 68 13 166 180 192 11 143 95 122 6 40 188 191 41 54 93 136 113 109 7 182 186 123 117 31 103 58 39 119 3 197 34 90 125 154 6 115 79 18 31 41 
168 141 194 151 118 106 116 70 46 106 199 11 73 133 98 131 165 80 43 173 118 113 115 58 29 65 129 59 130 65 108 31 41 32 169 76 13 37 153 105 135 138 74 125 157 129 35 155 82 62 
71 24 153 198 137 145 110 113 25 133 51 13 151 129 173 128 94 11 33 190 148 103 151 6 107 145 93 117 70 128 97 95 35 147 168 11 9 25 154 141 116 152 115 95 103 13 189 15 3 22 
70 81 108 36 135 194 124 3 63 111 43 88 71 96 78 145 145 50 173 70 60 54 83 74 162 77 125 173 86 76 157 8 74 109 75 115 64 106 87 130 33 138 118 45 3 138 182 154 153 156 
147 119 7 46 72 32 143 46 155 163 13 99 154 66 189 25 109 180 196 112 113 29 86 40 62 162 99 111 42 73 73 138 40 174 64 47 5 171 73 158 168 199 95 114 135 146 87 1 91 133 
26 167 76 46 162 32 78 194 115 73 189 79 171 145 64 114 9 176 5 73 178 54 183 71 27 73 60 127 193 67 172 153 47 170 91 190 91 183 153 140 18 18 149 161 171 82 135 102 23 19 
