125 4
0
0
1 5 46 5
2 21 50 121
3 37 149 931
4 39 152 647
5 44 38 44
6 88 171 1456
7 95 39 407
8 107 71 533
9 130 166 130
10 130 169 806
11 139 20 139
12 146 177 -208
13 153 189 1287
14 158 188 534
15 172 160 172
16 177 53 283
17 181 176 885
18 182 87 8
19 201 94 389
20 227 136 1315
21 275 171 -67
22 281 54 173
23 282 81 606
24 294 144 6
25 316 170 656
26 324 144 612
27 344 71 486
28 368 187 -6
29 374 27 590
30 376 186 4
31 377 152 1593
32 386 109 386
33 402 139 124
34 407 53 407
35 419 16 483
36 425 28 369
37 426 117 1362
38 428 46 520
39 429 200 2029
40 471 24 663
41 479 15 509
42 480 148 184
43 482 200 82
44 484 179 484
45 501 142 1353
46 512 22 644
47 533 48 533
48 534 97 1116
49 575 125 825
50 576 32 576
51 596 115 366
52 601 169 1953
53 601 41 847
54 605 80 1085
55 613 35 893
56 619 7 605
57 621 18 657
58 630 135 1170
59 635 160 1915
60 639 34 707
61 646 123 892
62 650 143 1794
63 682 162 358
64 691 118 1163
65 700 157 1014
66 703 52 911
67 703 135 973
68 706 4 730
69 723 99 1317
70 737 135 1817
71 737 99 1331
72 742 88 1094
73 755 135 755
74 763 118 999
75 776 179 1134
76 779 177 1133
77 779 111 1223
78 791 28 735
79 791 178 435
80 795 127 1557
81 813 80 1453
82 841 141 1123
83 852 194 464
84 883 20 1043
85 884 54 1316
86 921 30 921
87 927 75 1077
88 928 186 556
89 932 134 1200
90 934 174 1978
91 935 60 1415
92 942 47 1224
93 943 65 1333
94 946 129 1462
95 952 160 1592
96 959 93 1703
97 990 52 1198
98 990 174 2034
99 991 106 1415
100 994 110 1214
101 999 76 999
102 1002 99 1398
103 1020 2 1016
104 1029 125 1779
105 1032 76 880
106 1069 64 1453
107 1084 154 1084
108 1093 135 1633
109 1104 14 1076
110 1107 95 1487
111 1113 140 2233
112 1114 46 1022
113 1115 197 2297
114 1121 79 1121
115 1122 15 1152
116 1123 124 1371
117 1130 176 1834
118 1135 123 1381
119 1139 164 811
120 1172 147 2348
121 1178 106 1178
122 1179 191 2707
123 1203 63 1077
124 1203 51 1407
125 1228 150 1228
184 162 174 4 60 192 51 120 164 42 156 188 142 103 139 44 88 118 111 164 32 22 91 76 71 139 49 164 100 40 126 108 87 156 182 157 69 138 85 150 96 105 181 154 79 61 75 93 4 199 47 176 8 29 17 115 89 157 77 148 86 73 117 24 134 138 158 80 110 175 131 15 160 77 67 7 19 70 56 54 126 124 83 50 158 183 31 152 179 41 161 145 31 45 194 149 163 105 4 39 20 75 163 109 186 170 119 165 57 52 121 188 53 72 4 171 194 185 59 68 48 16 54 30 61 
135 29 156 119 82 43 80 132 88 2 101 79 35 42 179 13 104 33 131 46 126 74 9 85 26 192 93 61 197 137 59 127 197 54 167 170 30 19 46 30 21 153 122 74 41 53 129 117 126 62 194 25 115 118 47 53 200 42 17 70 198 145 5 96 143 132 53 177 132 75 103 124 1 53 155 31 112 15 99 131 38 46 37 17 13 141 164 150 166 120 33 77 190 120 177 84 196 11 92 124 89 135 181 83 176 197 164 91 114 155 194 116 149 23 130 72 146 67 54 73 29 114 49 4 92 
51 51 50 86 72 21 21 188 114 89 183 63 12 156 79 123 166 171 173 81 17 75 147 177 59 143 148 102 130 7 21 175 21 28 111 15 113 85 89 190 169 23 149 65 140 48 177 128 121 157 44 176 174 147 4 122 87 50 86 172 190 140 138 132 132 187 191 63 153 102 91 195 10 107 62 7 187 111 66 185 116 81 37 4 55 149 148 41 24 184 60 105 85 91 102 178 145 16 141 79 47 151 172 71 111 124 73 57 31 175 133 21 150 76 61 18 77 39 113 145 176 189 122 119 104 
31 155 10 79 176 73 191 148 156 79 163 87 102 116 19 134 95 53 15 131 142 184 180 61 192 78 177 131 20 23 62 143 35 4 196 98 102 109 190 177 49 44 98 72 118 159 182 65 186 137 9 61 13 137 8 53 166 83 166 131 154 101 128 157 200 200 116 128 126 59 76 14 163 38 86 74 5 193 8 160 89 59 84 7 114 138 186 148 71 49 193 156 120 126 103 140 10 115 74 93 138 9 83 8 65 12 93 161 123 31 45 10 123 130 123 157 194 41 35 43 168 25 118 112 104 
31 29 155 13 177 3 175 4 13 181 108 59 14 78 31 200 36 175 92 195 194 83 186 96 128 182 110 155 136 8 124 37 163 47 67 27 144 110 46 122 186 185 88 130 179 172 24 150 79 72 135 65 40 95 47 62 29 86 19 49 39 86 59 25 54 153 96 24 60 34 28 82 152 10 144 153 136 38 109 131 108 42 85 87 28 114 123 152 192 1 141 16 66 163 108 167 156 11 90 18 69 102 1 177 81 49 45 64 48 105 62 194 24 192 192 22 131 77 105 55 52 137 99 178 109 
38 152 21 11 21 45 91 181 183 66 109 113 138 126 23 26 53 20 151 19 115 112 11 120 71 95 15 96 116 43 15 121 131 187 123 58 151 84 170 146 179 94 153 115 115 61 90 145 27 122 31 163 79 111 19 28 152 25 134 182 98 79 34 140 179 76 38 154 177 110 132 160 8 97 60 75 108 35 88 138 122 45 153 78 83 135 188 109 116 56 131 113 178 147 17 196 134 13 59 33 78 112 83 52 89 55 81 10 43 118 133 79 4 148 149 123 83 72 162 45 71 139 24 100 117 
60 140 141 120 78 173 129 6 81 195 44 153 20 37 169 140 20 190 115 1 187 119 5 62 125 71 199 167 134 4 179 152 110 10 33 5 12 71 76 48 57 53 97 73 103 118 177 8 27 99 27 34 110 137 117 166 81 151 182 58 153 30 130 22 68 168 186 116 1 89 120 93 94 21 4 144 5 87 154 109 104 85 68 106 115 75 141 17 168 134 164 41 107 31 147 194 178 99 123 49 84 47 52 105 74 41 184 15 128 123 131 69 194 105 101 112 98 30 188 148 128 196 5 97 174 
173 24 69 75 38 113 30 167 46 73 62 176 139 69 181 78 187 80 198 102 146 67 78 189 136 37 95 107 152 14 82 3 106 35 129 63 31 60 113 80 100 144 15 80 193 71 137 24 34 117 153 35 181 37 5 20 8 26 45 104 41 198 36 4 96 182 173 20 116 141 16 10 120 51 190 198 30 128 10 137 98 105 176 7 188 72 147 126 78 109 78 100 191 6 91 195 17 153 117 138 116 185 166 31 43 137 127 176 59 6 159 24 68 167 16 56 92 70 151 82 50 63 6 136 72 
112 15 138 191 137 157 48 158 142 168 83 122 36 166 199 83 105 9 30 77 152 44 85 182 129 151 126 155 74 13 64 154 1 66 102 93 13 151 17 47 111 68 56 12 132 117 109 43 194 51 96 159 61 146 143 104 2 179 59 112 6 136 180 194 1 57 68 190 41 131 21 85 38 167 142 47 185 42 171 59 88 5 189 31 35 102 155 27 48 164 131 30 63 109 162 11 37 71 145 184 25 72 70 121 17 88 112 137 45 1 23 59 24 131 98 63 105 68 146 50 118 173 82 138 122 
76 18 20 61 48 160 8 158 51 123 86 43 33 98 46 19 95 155 193 99 77 23 175 143 55 7 71 83 45 179 164 93 170 99 37 169 106 15 156 55 103 66 166 101 157 17 153 153 81 127 158 39 78 176 151 143 180 110 52 53 50 126 71 37 60 171 34 73 108 145 94 132 74 109 99 169 85 198 26 172 154 8 130 65 146 87 62 14 133 115 92 139 40 194 157 67 54 188 11 2 39 133 98 83 29 82 4 5 170 12 142 197 153 24 58 123 19 91 89 157 175 90 94 41 14 
184 25 31 20 188 24 185 154 2 200 182 94 27 132 175 19 51 159 120 56 100 167 99 146 148 110 157 163 196 48 62 115 84 192 50 87 112 167 78 159 56 174 59 1 196 54 173 37 69 48 77 183 96 155 158 174 114 77 53 136 72 188 49 149 26 69 90 174 199 86 80 146 67 160 76 194 135 116 149 42 144 183 110 112 99 10 24 142 142 148 180 182 9 97 73 137 45 66 159 171 170 65 52 171 113 98 76 95 10 133 78 38 53 194 19 175 119 133 168 200 150 138 158 173 90 
25 47 32 54 122 140 191 61 24 84 14 101 107 187 123 171 123 110 7 110 27 64 77 182 164 75 182 88 19 21 98 34 15 54 154 33 80 68 170 128 39 195 104 159 28 106 119 195 59 153 90 90 166 95 57 197 155 15 172 191 21 133 192 62 102 164 112 150 4 127 12 79 32 7 37 3 100 165 124 126 146 19 190 128 79 90 11 190 101 89 63 120 166 175 115 108 106 43 32 179 69 53 198 165 149 27 97 7 149 51 89 129 195 186 59 62 50 133 145 57 122 107 195 122 112 
120 9 173 106 194 163 64 191 107 93 80 192 123 96 1 127 99 141 67 34 24 173 5 164 50 180 77 199 89 103 72 2 45 183 173 90 29 103 198 133 172 194 40 188 35 137 128 21 65 30 83 114 112 144 119 91 33 81 132 19 170 78 54 42 104 189 174 65 195 7 27 48 16 25 94 35 101 69 19 14 120 113 91 80 168 171 189 148 41 47 61 46 40 29 102 90 173 75 181 99 197 109 9 126 131 10 73 108 192 67 91 185 87 2 67 125 62 127 7 192 104 96 3 161 114 
14 195 148 95 59 192 139 133 69 45 148 75 64 174 25 126 112 30 186 113 155 130 86 93 55 72 28 60 162 157 76 179 102 157 40 80 198 157 82 160 27 127 42 41 198 17 179 109 139 80 182 88 35 142 118 105 94 100 168 188 123 15 152 181 43 65 200 41 116 63 156 33 76 151 140 1 150 51 10 30 126 75 136 16 123 157 77 184 153 24 11 195 40 37 178 164 7 173 104 105 33 171 60 46 11 41 155 81 36 133 30 92 43 161 185 97 156 81 132 104 48 148 103 67 54 
167 152 43 198 34 58 10 77 44 191 169 86 179 164 110 183 182 97 121 41 8 51 60 104 183 88 188 13 48 73 25 88 19 172 84 29 142 146 55 193 65 141 77 16 137 133 118 135 63 150 63 99 8 100 84 181 197 63 139 178 99 110 60 28 108 62 77 73 166 65 191 161 6 58 151 133 5 86 87 16 10 113 77 84 40 50 41 186 196 16 65 151 192 127 179 142 109 44 139 153 162 115 97 39 4 51 95 11 106 128 72 102 107 166 180 139 27 47 191 134 96 185 185 151 5 
44 146 39 47 67 91 101 23 47 38 118 188 49 18 150 156 104 39 25 55 59 148 160 20 165 155 179 35 179 18 85 63 128 122 68 72 145 186 87 146 16 117 92 143 78 92 9 166 125 60 182 84 149 113 175 104 170 79 123 5 40 84 171 110 10 134 82 51 47 37 5 136 191 182 81 102 156 138 17 125 67 30 114 46 52 104 18 32 24 183 83 200 99 10 116 182 154 156 77 56 192 118 107 156 62 48 140 145 4 44 43 185 135 28 185 61 80 187 52 138 171 193 155 55 19 
15 174 10 20 101 1 86 148 50 100 169 69 69 104 144 32 34 168 181 67 116 135 45 45 163 28 70 49 122 103 5 134 187 173 108 158 59 14 96 14 139 29 135 185 72 71 57 25 144 70 167 27 171 12 190 159 121 172 135 94 71 3 130 88 1 46 161 142 174 16 190 178 175 5 139 192 100 185 172 177 121 70 108 185 103 51 73 193 44 151 122 117 116 18 23 106 109 67 33 161 81 187 95 26 22 198 150 93 100 68 126 12 96 30 174 77 138 159 186 119 112 190 193 16 5 
138 62 174 63 66 4 2 42 171 24 107 100 44 143 145 122 90 19 67 129 124 145 183 54 9 143 93 166 103 35 48 12 192 50 70 184 199 77 66 19 156 133 187 197 35 54 58 159 182 110 152 8 177 86 85 59 22 136 114 193 72 102 139 125 56 75 146 168 61 172 65 86 81 191 100 27 51 43 30 91 82 108 129 188 157 137 6 139 96 174 70 5 1 93 170 180 116 143 120 184 132 61 160 85 85 37 127 174 57 69 94 190 144 11 78 135 131 169 172 80 165 67 130 155 152 
56 156 84 74 45 25 146 136 34 7 186 74 89 9 121 31 64 21 84 130 156 138 30 145 139 27 68 136 4 46 15 137 199 71 81 28 66 184 48 175 25 152 145 88 9 162 6 31 89 53 175 164 147 155 181 24 10 141 152 53 6 25 28 69 165 7 22 128 145 155 149 5 179 143 89 187 6 18 176 146 157 81 152 88 162 146 159 177 39 190 158 144 52 162 59 192 160 116 79 56 71 179 49 39 57 119 24 50 79 126 48 116 82 87 44 14 153 154 20 64 132 154 116 119 35 
149 137 59 65 93 68 153 135 199 150 180 187 67 61 164 74 45 32 9 196 191 16 54 153 187 57 123 25 109 18 123 5 169 60 26 1 177 172 32 157 48 153 168 134 31 112 22 169 53 10 123 35 54 99 137 188 120 91 137 65 83 183 53 179 146 14 9 26 106 195 122 142 127 184 121 182 109 24 21 113 75 137 191 107 105 139 111 145 85 61 142 188 6 159 24 9 157 54 114 54 105 158 96 115 30 31 128 9 70 139 125 16 29 10 54 152 78 116 116 158 103 75 64 74 37 
58 167 131 61 169 111 58 83 134 64 105 166 184 48 135 174 154 102 113 134 64 101 197 39 141 84 105 42 136 137 145 113 68 181 94 130 169 170 31 79 110 27 200 16 154 137 124 123 24 191 118 144 102 97 65 6 141 189 5 182 115 157 3 97 25 13 103 46 85 30 79 145 94 110 197 56 144 59 55 73 25 79 5 103 138 75 117 78 29 175 135 167 34 92 183 184 106 87 198 89 199 96 154 38 143 200 146 186 35 184 148 159 150 187 56 86 136 87 23 101 12 41 46 172 171 
49 4 123 26 171 100 150 27 199 133 93 29 39 2 48 26 166 125 25 1 179 4 26 85 125 105 71 143 170 34 198 90 54 57 67 138 146 5 88 28 76 113 111 134 198 43 78 38 143 1 104 77 112 189 95 171 123 60 43 117 35 194 158 79 106 111 125 91 136 136 59 200 142 132 135 36 89 25 117 135 93 168 102 137 97 49 56 117 180 11 87 91 174 83 137 20 55 183 103 65 162 68 27 51 146 171 134 124 197 178 92 102 114 30 103 125 8 140 82 31 68 6 115 70 155 
46 111 151 191 185 42 47 53 53 102 53 145 150 18 128 118 163 152 105 198 94 130 156 165 103 123 179 85 109 135 3 120 39 183 6 175 91 167 61 166 181 76 192 191 138 162 164 49 139 3 25 100 49 54 91 59 133 44 46 122 190 170 132 189 176 79 106 28 77 123 61 21 32 146 101 171 139 170 186 159 102 31 101 112 59 21 84 132 171 37 65 178 16 53 119 154 28 101 52 162 66 91 8 83 161 149 69 179 37 33 118 12 20 84 60 10 184 91 40 36 156 155 154 140 128 
76 152 68 32 147 142 143 150 72 26 124 178 101 52 128 75 178 31 18 188 12 134 35 150 123 44 26 181 42 83 136 184 181 169 194 24 127 11 19 18 26 198 80 13 130 153 119 52 115 53 24 44 127 169 74 108 175 182 184 42 101 97 19 17 161 153 165 35 101 68 53 178 85 193 168 147 123 189 55 43 160 28 119 78 99 70 138 13 161 175 147 84 114 14 115 170 132 77 42 80 133 105 189 143 174 31 74 182 132 116 49 143 53 65 36 65 160 56 120 182 86 12 43 23 183 
193 7 50 20 158 18 184 11 9 71 40 43 142 141 70 164 149 99 191 134 111 141 75 37 108 154 54 164 98 7 6 59 133 190 182 21 127 50 114 25 66 48 159 34 90 78 181 58 174 178 178 157 118 57 22 32 168 118 124 155 181 159 137 12 89 64 155 26 197 35 145 121 58 76 42 111 167 41 91 170 100 54 115 34 41 52 123 17 149 114 80 57 135 59 32 56 100 36 167 21 26 134 129 83 83 2 114 175 112 83 197 21 25 99 162 122 93 136 25 47 54 84 45 188 14 
46 65 68 2 86 12 13 26 150 70 109 74 136 108 178 70 126 33 129 96 150 3 22 18 43 97 69 121 19 1 141 39 35 169 30 106 94 95 130 124 123 172 115 57 111 183 120 117 74 60 65 15 38 36 57 127 56 21 69 142 169 115 187 5 195 62 107 81 104 159 162 65 64 119 193 160 177 116 100 91 39 101 77 154 169 65 69 105 190 91 122 34 195 3 17 187 151 181 196 168 84 23 54 104 147 137 141 23 69 175 74 193 135 153 77 182 69 10 145 130 55 141 98 141 42 
43 62 85 62 1 24 141 105 148 200 106 76 56 199 179 20 125 67 62 46 14 116 98 70 167 26 157 156 156 197 91 119 26 149 171 74 158 90 60 49 95 73 47 192 191 79 144 79 106 176 63 155 134 90 140 125 46 37 75 112 119 180 80 20 5 175 4 145 67 101 71 99 155 54 140 17 106 48 165 156 170 143 119 185 92 16 137 55 30 83 132 21 112 153 6 40 12 159 11 188 47 138 29 158 111 126 157 132 11 77 194 110 5 34 112 88 91 149 61 156 47 146 25 68 120 
19 200 176 108 119 73 141 92 81 161 103 174 107 195 53 16 102 128 11 17 142 136 156 183 197 59 105 66 90 182 177 200 102 50 13 42 28 39 66 33 69 26 62 125 9 121 25 30 25 47 64 75 183 47 63 148 122 104 130 14 150 116 101 6 63 192 113 139 158 141 142 28 157 84 2 16 78 8 91 186 117 96 2 40 11 164 63 170 155 5 4 171 150 180 97 188 111 66 178 120 86 136 93 34 167 163 2 195 179 168 82 9 83 31 21 51 158 97 49 43 75 20 127 99 115 
144 194 91 157 77 156 140 78 65 169 147 51 29 15 78 192 122 132 150 198 113 78 149 109 118 63 111 13 74 17 111 109 15 167 51 6 37 98 73 75 162 58 180 22 144 127 75 96 139 125 94 125 119 164 39 185 3 92 78 72 142 180 54 122 43 161 142 58 29 149 111 128 97 28 73 181 30 138 183 64 27 145 137 119 53 49 157 157 120 22 70 121 95 99 197 55 37 91 33 172 153 49 84 188 160 4 83 155 47 108 162 157 171 110 97 8 161 189 169 15 12 79 200 80 194 
27 93 76 147 179 52 16 84 161 82 85 173 10 77 173 32 93 93 146 12 48 155 92 149 127 29 22 69 187 130 184 125 17 182 145 125 89 87 108 113 30 25 136 176 55 67 190 85 99 157 189 137 105 36 175 121 170 49 116 100 109 160 35 167 72 187 68 107 192 58 161 127 12 175 132 31 118 38 57 76 66 3 10 98 198 159 149 12 26 160 18 94 122 110 39 20 132 148 135 69 97 151 113 14 59 31 19 30 15 139 177 63 93 14 51 33 119 187 63 194 20 191 94 100 73 
9 32 191 54 75 116 11 14 28 43 24 163 106 191 76 70 120 91 87 2 124 44 68 43 115 87 45 90 27 125 70 35 190 86 110 196 39 32 49 104 178 124 141 128 149 199 157 93 150 101 137 18 16 154 196 137 128 83 9 178 144 138 194 20 129 89 193 85 176 68 27 78 183 6 53 186 122 149 138 60 171 124 87 34 130 67 9 113 11 81 155 114 173 67 90 1 28 1 174 94 28 180 4 118 73 96 42 33 178 65 143 9 121 42 103 114 9 56 85 50 182 155 120 18 165 
151 49 155 94 166 20 29 144 172 194 166 112 22 140 68 55 191 179 76 11 108 194 144 147 196 199 172 41 169 153 107 91 26 132 130 52 31 115 85 68 87 117 129 150 83 180 104 87 198 60 10 57 192 135 172 141 180 195 74 54 154 62 131 45 127 99 3 72 97 122 74 81 14 195 62 55 167 58 176 71 28 89 38 72 9 175 162 24 121 175 6 196 93 31 140 125 106 32 164 148 10 170 65 193 156 114 73 168 10 28 112 69 10 61 196 130 95 55 117 49 25 65 59 110 81 
147 60 80 14 50 190 29 90 82 117 124 11 165 147 53 174 133 150 32 134 68 172 198 113 178 57 25 140 49 90 70 23 170 99 30 158 104 27 64 77 51 75 106 161 192 15 137 169 91 7 185 70 196 182 191 134 34 53 50 123 71 167 43 8 24 166 120 87 139 69 196 200 4 91 175 185 68 68 21 171 63 52 98 51 129 79 31 97 18 8 152 39 184 6 41 23 13 20 133 190 142 112 10 141 65 91 126 109 192 138 94 150 72 142 161 128 60 5 9 122 167 51 187 97 25 
183 134 56 78 137 126 193 6 19 17 173 44 162 190 117 98 55 131 55 124 169 188 21 98 105 97 119 47 51 63 104 159 63 7 37 29 120 146 182 127 57 20 28 4 141 21 108 164 115 199 162 188 28 10 145 118 167 31 61 181 68 9 44 101 65 73 187 113 179 62 194 68 171 157 140 189 87 73 84 20 77 58 165 186 191 7 135 46 22 21 81 154 142 18 27 38 95 134 154 188 137 115 13 130 52 29 185 9 25 148 56 180 162 57 7 130 41 98 142 94 137 19 161 34 130 
156 42 38 183 144 138 63 133 185 112 91 29 144 84 7 197 85 50 34 26 120 123 18 18 6 67 66 185 63 179 133 149 82 22 27 133 165 152 9 19 94 60 63 38 6 135 47 35 190 113 167 163 17 99 123 106 111 188 92 139 133 196 184 38 177 53 159 20 194 64 14 102 73 94 110 152 1 93 46 4 158 86 9 120 26 189 1 155 122 130 76 110 48 161 38 66 105 146 59 19 178 183 69 187 28 23 16 187 149 47 196 40 124 119 153 90 72 39 100 39 13 154 62 200 192 
99 18 126 174 65 198 114 15 118 119 53 59 125 119 116 80 58 84 192 52 19 26 64 184 155 77 97 22 74 152 176 162 62 150 33 12 46 109 49 2 127 29 24 102 135 80 174 105 111 35 108 120 164 22 130 69 8 185 183 72 195 159 105 83 110 36 13 160 179 14 135 95 122 7 82 122 141 191 9 77 137 140 192 100 182 86 58 65 15 19 41 153 165 99 179 38 62 51 129 25 103 195 1 156 84 11 195 140 189 93 87 145 23 130 180 163 23 178 141 48 97 26 31 148 33 
123 111 29 115 168 133 200 119 70 73 6 135 149 31 42 63 195 177 174 101 1 62 23 150 41 123 20 80 138 65 26 79 118 193 176 86 148 183 77 164 196 164 162 108 114 152 194 71 21 172 56 140 131 87 17 185 26 183 107 54 172 127 26 98 196 154 161 126 168 96 179 149 55 154 106 65 122 166 48 123 91 102 65 100 14 198 165 1 134 191 85 17 88 133 177 156 124 145 37 38 187 27 147 45 200 116 174 186 80 150 166 179 28 185 69 93 13 198 20 149 88 38 200 25 190 
111 183 124 44 154 133 200 141 54 124 131 128 152 179 195 130 52 126 107 84 47 39 91 47 187 111 109 180 65 43 193 18 85 200 140 22 83 181 164 151 106 148 119 16 83 173 30 46 114 87 88 41 176 187 74 177 52 11 127 113 100 77 53 71 187 71 198 68 54 151 191 106 171 68 145 179 174 149 63 165 37 34 193 122 88 194 52 173 80 143 61 119 151 152 143 100 34 71 116 164 113 128 158 1 25 179 193 60 57 177 41 130 3 192 104 65 5 60 86 119 37 120 148 169 51 
8 109 4 93 25 84 143 80 199 45 51 81 26 143 193 23 186 177 29 37 198 64 113 29 65 50 199 94 57 68 56 67 23 13 46 36 91 5 80 45 126 32 10 56 180 91 197 161 15 83 119 26 136 58 32 8 122 63 192 65 62 104 164 121 7 71 87 116 28 60 104 194 137 182 8 10 67 167 162 114 75 33 82 138 50 173 120 126 198 52 133 92 46 99 196 173 182 90 137 90 170 98 161 53 134 176 26 63 84 138 161 132 149 27 55 167 160 45 6 46 7 67 2 17 24 
156 11 4 75 126 192 73 105 142 85 138 198 124 65 1 116 131 67 162 44 104 34 144 169 182 88 61 23 150 154 14 196 133 14 110 72 176 42 27 123 92 3 148 61 74 176 50 122 145 10 177 184 54 14 200 18 3 72 100 142 127 81 172 37 110 92 44 60 1 124 143 197 159 21 159 101 69 182 190 36 28 45 127 93 91 196 199 174 62 174 5 85 60 91 67 83 64 87 105 195 143 193 47 26 24 190 90 5 124 163 180 88 200 83 100 48 69 44 88 59 86 194 3 2 169 
200 57 80 63 36 147 164 183 180 75 143 135 69 172 52 169 146 170 200 57 3 163 90 153 4 42 195 111 35 130 86 56 8 122 188 68 34 154 9 154 45 99 54 119 75 147 81 144 200 71 41 87 198 118 89 36 129 94 59 58 30 52 149 139 4 33 160 117 17 105 2 4 103 130 113 183 40 70 173 28 105 188 165 123 165 125 177 82 197 149 132 112 131 84 107 145 28 93 198 188 148 14 134 20 59 69 193 14 66 34 124 169 169 140 36 83 6 18 160 107 166 150 76 84 34 
196 115 144 132 7 130 181 44 86 127 85 52 118 16 32 144 107 182 95 12 102 179 82 72 151 103 154 170 134 172 78 100 31 100 92 85 49 11 85 176 63 124 19 63 141 141 17 126 120 80 131 139 7 168 50 127 121 160 91 116 115 142 6 58 103 184 158 106 135 146 140 62 107 177 200 190 162 103 148 14 41 36 170 104 182 124 159 61 126 200 11 119 56 83 108 130 67 189 49 107 197 65 97 174 26 90 167 135 69 189 147 125 35 2 86 26 71 35 33 108 141 35 15 133 123 
39 143 4 34 148 91 111 83 76 42 146 154 27 7 5 19 112 163 141 42 18 146 133 11 49 62 147 110 131 152 97 17 16 22 185 27 72 91 95 137 64 164 153 92 70 194 141 112 29 40 70 182 142 143 56 44 174 86 81 184 52 130 91 136 9 193 41 57 13 39 196 130 168 152 128 154 161 97 129 106 10 69 11 196 181 137 84 124 123 37 77 166 20 197 15 133 162 97 15 140 172 79 132 47 8 91 129 19 68 120 17 122 153 158 115 172 169 132 30 176 198 48 198 153 148 
123 71 67 64 189 176 7 113 26 35 81 140 86 156 179 181 2 118 113 55 115 13 18 145 27 174 165 78 77 49 196 24 173 78 159 31 91 30 11 177 122 100 164 182 156 107 158 112 23 186 28 20 141 59 56 93 39 141 103 56 148 85 148 178 94 29 74 118 82 80 45 194 89 138 90 86 140 188 121 22 128 17 121 177 105 35 96 82 47 56 179 84 137 31 178 6 68 118 78 148 82 13 165 138 57 16 59 104 56 28 183 123 160 40 35 168 74 123 180 31 199 38 99 150 112 
83 198 63 100 142 198 45 20 181 52 8 75 124 153 184 195 86 19 88 34 72 166 159 75 2 107 10 70 147 59 70 161 44 71 189 176 195 99 42 181 81 80 110 41 164 29 152 162 39 8 63 126 196 129 191 106 15 81 75 149 114 185 107 4 60 100 137 181 85 178 105 149 20 112 126 62 73 143 181 132 131 56 169 49 166 61 152 189 92 22 77 155 108 55 146 165 26 181 131 9 38 122 51 40 135 175 119 102 185 150 10 130 96 38 63 116 28 175 118 49 151 92 55 176 116 
122 193 102 101 32 28 145 122 48 92 118 89 102 106 121 163 98 10 166 199 184 73 179 103 84 79 157 176 145 78 20 69 103 21 173 185 10 2 106 79 185 180 180 185 94 191 84 82 74 197 19 74 13 70 10 156 95 173 132 169 173 80 162 92 121 144 25 191 69 118 80 43 164 12 119 200 69 87 57 159 32 76 169 45 40 152 41 62 109 120 82 5 175 79 48 9 152 37 124 82 172 38 55 56 3 121 26 101 132 21 199 113 136 192 35 26 182 154 73 15 170 10 179 142 12 
130 163 169 53 196 100 75 167 195 90 174 87 197 83 49 106 154 192 94 110 183 60 138 103 48 106 10 178 78 167 44 140 132 26 58 12 93 194 70 162 106 107 22 45 182 127 151 42 17 113 172 156 158 29 188 77 96 85 94 64 74 113 193 34 72 151 198 74 41 158 66 121 197 74 60 23 17 70 176 12 77 74 31 90 60 83 178 4 40 158 189 139 178 52 19 130 57 133 1 65 56 144 82 79 112 13 148 107 84 128 168 170 179 52 50 124 46 196 14 128 93 28 193 155 147 
54 52 102 137 103 124 150 40 166 172 93 13 32 19 165 23 146 101 111 55 193 84 3 3 119 123 122 82 40 154 44 175 42 92 92 18 38 153 176 158 103 11 69 132 198 36 146 10 144 167 96 10 167 185 141 46 135 48 147 27 185 135 142 171 32 129 70 150 142 102 54 155 26 135 91 182 162 57 58 138 58 120 49 185 27 42 134 84 73 5 142 89 34 22 23 165 162 103 155 74 105 53 81 136 152 175 106 27 175 82 10 84 50 113 167 188 47 91 187 93 115 73 62 139 62 
18 66 95 4 99 4 97 20 134 12 67 93 185 130 69 45 141 1 15 141 117 74 196 57 153 2 40 154 199 83 143 84 112 33 62 189 76 30 72 163 96 11 67 32 119 161 56 181 194 4 4 99 107 164 3 14 108 21 197 42 66 185 178 173 145 81 145 140 143 195 36 17 124 166 138 138 119 186 163 121 136 181 58 109 16 3 28 137 143 69 138 168 184 53 147 10 112 162 88 79 154 165 4 181 64 70 178 34 4 115 79 138 56 165 40 8 180 65 89 15 165 32 24 76 3 
140 196 140 189 189 188 104 171 1 66 145 12 128 82 70 182 68 23 155 55 7 178 65 163 57 172 150 134 65 48 142 39 148 1 152 108 149 191 120 78 36 45 114 63 155 177 4 147 150 148 18 74 177 130 133 167 166 100 105 110 120 150 76 198 150 190 144 197 67 54 180 8 166 140 44 4 198 167 71 170 145 199 32 29 159 50 165 35 36 9 176 3 154 61 121 16 97 44 154 62 167 47 12 167 183 30 125 82 2 143 156 140 154 22 146 34 41 119 11 92 25 20 180 90 174 
18 124 117 84 122 163 106 192 84 20 137 108 26 15 150 53 180 171 133 200 179 200 90 152 18 117 100 88 117 37 125 94 155 165 106 113 88 48 181 35 162 193 137 159 96 173 78 193 117 197 33 188 102 43 123 98 171 23 15 12 191 118 115 83 131 22 95 127 161 70 161 125 47 90 83 111 156 104 172 163 178 146 121 200 95 6 134 28 72 32 45 104 53 98 70 183 191 68 194 151 197 172 106 45 112 166 92 45 37 30 188 100 126 4 166 79 58 163 114 188 84 94 85 40 118 
176 28 49 95 193 131 187 49 54 135 37 145 140 190 104 167 155 77 56 37 54 163 151 125 6 121 147 45 172 33 71 119 196 44 94 165 183 173 182 154 120 44 51 77 42 81 178 149 179 174 155 89 150 183 21 27 27 47 41 172 148 139 47 165 109 11 43 18 177 30 98 66 124 192 53 180 37 162 23 178 96 52 56 175 124 72 60 17 197 90 35 47 137 135 129 106 66 145 188 20 35 186 195 85 196 144 22 137 97 151 172 182 19 13 4 161 148 45 37 69 16 32 13 34 66 
87 193 171 47 68 86 170 189 96 181 175 158 29 122 31 180 80 162 89 11 4 17 66 166 126 39 112 47 31 186 102 130 200 158 70 174 141 134 46 66 13 63 81 98 22 3 95 124 12 193 197 99 39 78 196 165 141 146 104 107 44 82 14 53 131 86 170 93 78 140 145 48 5 6 164 120 107 93 45 79 84 94 14 32 25 44 105 86 67 72 32 140 2 147 58 173 122 132 169 134 164 76 92 65 11 9 170 140 75 80 75 182 137 25 170 191 185 159 154 196 100 77 136 142 85 
93 56 133 181 175 114 184 42 22 41 3 106 190 73 42 10 111 172 4 136 34 130 145 45 104 26 190 105 134 61 2 76 50 181 156 192 191 8 161 47 180 40 116 183 21 119 33 112 182 171 196 194 108 146 135 131 14 64 45 193 13 135 68 122 116 170 57 78 58 169 72 107 87 181 125 40 110 178 166 79 111 3 34 71 104 56 179 166 30 197 182 179 65 167 98 137 78 8 145 80 7 84 87 110 155 187 98 169 199 73 180 42 73 159 77 114 199 178 149 12 186 110 63 169 131 
73 195 81 146 55 161 160 13 176 173 73 78 139 41 133 1 70 130 10 100 171 162 75 170 143 128 130 5 42 33 66 12 43 55 68 179 39 10 124 163 46 181 157 18 161 40 99 75 166 150 49 160 65 26 151 35 94 27 157 29 120 71 163 147 42 198 73 60 148 91 200 14 150 131 126 188 137 193 59 22 136 173 200 59 36 167 164 188 71 120 125 123 66 53 81 39 166 74 83 6 29 190 7 156 75 57 66 157 139 65 162 110 123 163 196 141 200 189 164 71 186 188 61 101 91 
22 37 55 101 69 26 47 10 187 16 143 195 6 20 154 30 99 75 176 45 149 105 123 57 196 38 53 38 109 97 147 7 125 141 178 129 146 24 147 80 48 30 138 130 78 52 121 185 4 48 121 130 148 86 159 174 52 186 8 132 44 105 90 194 41 196 29 199 134 190 59 114 167 27 129 74 10 129 131 51 71 40 139 97 45 77 102 81 170 178 170 62 33 94 91 187 164 33 126 164 31 70 34 152 102 186 71 175 68 62 162 188 80 199 68 135 38 110 191 52 71 64 54 65 155 
42 121 104 150 58 10 32 142 147 3 192 19 68 74 173 107 193 92 155 79 130 9 188 49 42 156 103 58 167 16 50 45 18 80 54 139 55 114 109 181 41 82 110 96 70 37 133 162 1 8 86 42 58 82 41 155 29 104 193 42 164 193 26 154 5 8 146 53 28 82 32 173 79 3 49 83 99 112 95 90 20 46 73 54 170 62 140 115 38 105 22 62 8 27 107 95 93 122 149 60 158 114 83 187 136 40 120 118 92 106 99 1 190 161 70 135 14 178 138 113 192 3 8 6 127 
165 188 70 38 67 191 161 37 133 108 150 164 146 91 132 88 47 21 84 26 140 171 7 97 176 186 30 153 86 105 115 84 155 67 71 7 141 180 82 62 20 123 133 74 196 109 68 199 75 65 163 76 120 82 74 66 154 61 12 80 148 190 105 149 143 9 93 63 55 199 99 169 36 104 124 167 178 32 184 121 152 188 114 164 179 69 139 197 139 37 78 70 124 56 193 52 97 183 65 113 28 120 102 21 102 121 84 2 3 18 200 91 40 38 100 15 126 69 146 27 178 91 66 196 17 
101 43 153 152 154 181 99 77 191 6 14 199 32 157 164 187 49 131 7 37 100 9 74 90 13 169 14 5 87 132 39 114 145 26 5 149 61 196 91 39 21 193 5 29 178 120 2 37 21 130 163 35 57 152 58 22 6 161 7 111 90 88 31 197 94 100 74 177 120 93 12 167 112 68 162 170 113 136 5 167 114 188 179 8 50 48 67 129 134 142 182 153 117 156 45 132 36 35 170 107 196 51 100 193 29 79 115 74 13 62 119 12 86 134 167 120 103 129 192 177 145 32 74 178 172 
33 152 135 13 191 121 199 68 91 136 156 174 10 30 122 63 52 194 175 62 115 83 76 30 78 134 136 181 80 173 101 14 127 93 78 53 184 166 1 163 171 131 43 191 157 107 95 30 32 191 63 192 149 132 184 53 155 20 118 10 81 20 98 110 163 85 83 109 195 144 113 51 190 170 63 23 194 39 23 85 149 158 183 148 105 55 56 125 27 67 154 58 179 12 27 141 132 11 86 22 55 146 142 176 82 136 102 186 23 35 166 40 125 94 130 21 7 176 71 31 24 177 13 108 119 
81 102 90 5 146 8 109 22 4 34 148 35 33 129 68 169 160 55 16 183 59 84 115 97 101 153 35 39 103 108 191 118 173 62 188 14 14 159 32 146 6 87 74 27 152 86 80 193 121 168 171 60 42 138 17 50 59 85 34 96 92 62 196 61 114 134 151 51 86 192 76 84 130 170 62 153 120 58 127 117 86 198 13 58 64 194 74 149 72 47 37 84 115 107 102 83 141 81 81 39 52 25 85 72 123 28 13 155 31 182 111 40 19 10 67 198 26 84 105 100 21 23 99 17 47 
14 135 83 4 34 9 112 133 120 177 2 84 2 6 105 163 36 174 36 135 114 36 68 75 59 71 69 148 90 46 109 113 39 70 172 146 190 133 17 19 34 118 113 137 11 173 74 9 198 13 25 16 7 2 178 189 15 156 27 169 106 130 100 161 118 32 121 8 10 175 165 69 122 185 148 196 113 131 59 58 33 26 69 171 174 75 168 180 45 168 87 28 107 36 136 15 87 131 19 29 197 88 63 107 194 60 159 41 62 9 63 7 167 122 192 71 117 185 176 144 122 31 72 180 136 
37 131 42 168 99 102 84 183 4 162 116 97 108 179 14 34 72 122 43 154 42 58 11 47 91 113 200 164 70 89 200 146 183 97 162 63 13 161 152 104 40 12 62 71 2 36 26 184 185 86 99 125 61 3 147 101 32 48 143 160 77 85 89 191 30 98 183 67 77 21 150 35 187 110 108 152 114 171 197 102 177 22 73 69 16 176 122 68 112 92 69 103 84 164 154 129 164 145 56 61 125 29 171 58 183 177 98 182 164 189 149 127 9 99 48 7 61 9 59 88 197 128 14 195 78 
164 112 188 57 77 193 77 183 132 93 151 20 197 105 118 111 164 194 38 141 104 9 112 101 123 72 28 115 110 18 169 128 81 152 160 38 177 141 21 3 11 58 152 89 55 70 152 148 54 135 19 32 151 170 98 176 64 57 41 56 168 188 147 59 128 174 21 26 113 124 51 35 117 44 178 63 96 58 164 154 111 30 21 3 41 175 180 4 147 145 98 11 175 120 82 181 116 74 38 162 123 7 177 187 130 85 85 37 120 23 151 46 92 59 111 50 64 20 151 81 57 99 160 110 162 
8 98 187 15 148 100 90 187 17 4 29 171 42 71 148 74 96 3 186 15 18 34 105 2 118 106 198 26 4 114 125 8 159 66 147 42 71 36 182 168 98 90 44 154 40 106 158 141 162 148 94 34 22 198 173 199 78 18 41 137 181 145 60 196 133 120 156 149 96 113 35 188 49 14 161 94 34 161 144 140 50 116 108 54 30 60 192 36 197 86 156 116 198 183 103 169 103 159 16 119 68 58 181 25 11 111 183 140 17 121 152 153 96 75 84 10 188 191 127 187 70 23 107 172 44 
183 143 186 104 135 21 100 130 177 40 18 121 189 27 196 100 70 107 90 181 183 137 106 63 172 85 108 87 73 163 117 164 37 164 183 30 125 116 57 57 88 137 175 23 160 14 33 165 25 108 94 159 60 146 38 146 175 71 85 78 196 49 73 120 98 129 141 57 14 165 184 55 52 162 103 106 191 99 170 36 113 136 145 59 26 42 199 24 119 134 20 18 48 185 16 168 171 149 38 143 181 94 159 30 140 122 51 21 33 21 65 73 87 187 15 125 50 187 45 6 41 30 147 32 152 
40 41 132 161 57 48 40 33 88 170 111 29 14 126 148 54 198 158 50 177 154 116 45 127 28 152 40 48 53 152 141 141 141 108 110 73 7 11 1 68 146 26 157 69 29 35 50 80 148 145 168 3 170 189 116 101 155 109 121 150 98 113 140 118 140 117 11 48 138 58 182 157 54 13 28 109 142 77 60 157 11 18 89 89 198 74 94 126 83 10 153 21 86 200 61 200 117 38 21 157 104 116 7 74 82 189 53 180 101 129 125 55 110 167 96 10 199 152 165 28 176 7 56 144 15 
2 2 171 79 110 69 35 80 187 197 16 151 63 162 178 14 198 71 84 40 63 4 48 61 133 16 162 194 190 85 16 146 9 160 66 182 48 36 188 106 7 196 180 33 177 24 115 141 196 81 174 99 97 33 4 120 139 135 31 120 71 198 105 143 61 77 82 35 168 3 45 195 22 126 137 134 91 38 134 124 7 175 1 23 65 23 74 193 92 90 175 74 65 193 155 74 156 40 9 101 132 80 46 59 29 3 62 46 117 131 134 2 189 71 54 8 54 200 166 56 181 146 101 198 49 
75 99 96 42 52 67 187 121 67 189 196 82 60 21 61 107 42 71 39 57 55 164 177 50 98 27 170 158 197 124 57 161 100 58 16 17 60 155 171 44 174 113 24 153 8 115 32 111 8 114 123 37 24 189 146 42 99 83 188 92 73 53 97 172 145 78 195 44 38 104 18 182 13 173 180 96 135 105 1 8 33 122 64 168 136 127 50 52 100 38 124 172 175 145 172 29 122 61 147 122 16 117 116 69 38 136 111 61 33 18 135 148 119 88 175 165 125 100 172 123 152 136 95 147 45 
49 99 188 153 110 110 55 71 109 162 28 60 190 141 7 153 166 136 85 17 107 67 143 123 13 194 49 93 133 128 63 45 96 193 164 35 192 37 28 11 86 71 21 25 53 101 56 129 105 100 167 6 64 131 54 199 191 34 141 1 167 27 60 192 125 75 119 60 163 141 13 33 38 178 42 43 182 75 92 82 111 144 130 194 46 45 46 42 179 59 85 111 184 51 155 66 29 188 84 62 108 26 89 143 35 62 19 46 62 145 176 115 156 66 76 113 20 111 33 62 132 4 110 175 64 
199 55 93 6 35 88 153 158 12 39 162 139 11 173 187 20 142 67 197 54 75 122 160 142 184 137 179 152 77 58 192 180 67 168 20 99 14 83 151 148 9 87 101 169 46 157 170 142 190 196 51 26 85 159 80 116 48 198 4 146 28 103 176 2 178 126 167 23 122 145 86 86 34 93 19 16 159 150 54 188 160 112 147 194 102 177 45 80 12 111 1 149 171 144 63 24 83 22 63 164 84 149 29 190 184 28 182 117 23 35 135 6 83 33 77 187 9 102 8 36 180 29 36 84 142 
89 125 13 165 24 129 7 108 76 78 173 35 34 108 112 155 110 6 137 196 122 144 99 166 112 106 12 34 176 78 100 4 25 186 13 66 15 34 143 4 150 161 129 140 10 124 62 145 80 2 120 39 159 35 146 11 36 123 38 49 85 71 40 48 2 90 181 31 61 71 105 199 96 13 54 123 69 175 172 96 9 7 190 187 49 136 178 51 54 130 52 136 21 56 95 151 123 31 136 154 94 166 133 121 120 25 70 10 158 119 64 102 2 197 35 41 195 19 174 30 108 33 95 197 31 
101 30 155 121 85 104 5 88 75 109 74 63 141 18 79 43 162 192 49 15 127 47 62 72 152 140 55 132 140 200 19 139 156 12 3 49 195 50 160 184 171 11 95 162 190 99 45 8 166 18 90 188 149 76 168 119 61 19 92 53 80 97 81 88 7 124 113 34 115 131 70 110 151 107 52 9 67 175 111 8 61 158 40 34 122 36 168 60 24 159 178 187 187 132 115 135 81 67 56 36 34 38 133 4 38 110 173 69 86 181 16 62 188 157 165 105 90 191 13 131 138 162 46 93 198 
141 173 90 92 169 91 63 198 45 181 11 38 16 24 181 50 154 178 127 116 160 74 115 146 79 31 121 44 90 141 181 133 159 173 188 190 47 20 92 57 15 33 47 178 141 71 120 131 153 182 6 3 38 51 127 104 37 92 89 121 57 30 107 162 135 120 151 117 46 64 172 161 66 60 14 50 95 61 44 60 57 135 77 152 11 122 43 94 71 121 161 155 185 136 104 158 64 97 40 146 134 42 33 21 108 156 59 197 73 144 179 189 28 82 164 69 107 64 4 7 15 169 197 159 189 
85 146 189 109 146 138 57 22 144 7 98 194 174 95 7 72 137 161 95 52 150 166 191 159 186 73 169 140 178 61 147 149 78 193 200 87 65 96 133 13 74 17 34 6 135 190 147 89 147 179 2 197 15 190 13 103 9 114 91 53 166 188 124 116 149 6 62 3 198 71 127 193 141 98 176 158 47 174 164 61 63 57 116 34 172 176 115 189 181 40 150 134 170 190 12 185 131 161 200 152 149 106 109 72 89 178 184 121 42 20 42 88 24 76 39 145 91 67 25 156 182 174 32 160 116 
133 92 122 118 155 57 117 135 33 26 161 48 80 169 78 149 66 184 76 163 19 25 170 150 178 180 173 166 105 20 68 75 194 83 53 168 150 83 157 189 7 92 106 72 133 99 127 71 97 112 178 50 35 8 162 48 178 199 173 9 23 129 92 24 182 200 159 129 20 110 129 39 104 54 1 144 181 108 146 106 6 85 80 117 52 37 150 62 15 95 65 183 74 22 138 39 61 69 189 128 162 188 43 68 44 179 162 82 3 159 141 5 69 112 150 2 25 21 88 124 43 58 188 178 160 
138 156 184 160 158 11 138 125 108 59 82 138 46 152 198 80 171 101 151 14 58 5 175 118 184 30 186 106 15 57 139 63 155 49 85 105 81 24 183 182 17 13 117 92 180 69 164 94 149 180 77 149 98 181 26 26 67 27 48 35 37 160 110 68 5 65 59 124 181 119 142 70 183 120 93 110 71 182 63 173 12 2 108 139 124 58 140 132 78 110 165 170 97 23 9 109 82 114 116 60 104 43 40 167 127 144 10 23 34 43 99 184 151 191 8 73 57 190 27 52 93 18 191 142 188 
183 184 89 141 180 84 146 8 58 56 146 170 18 17 122 91 183 181 43 82 162 67 6 97 1 199 64 169 80 88 29 157 11 178 151 199 117 135 93 18 74 75 161 32 2 133 55 47 32 72 86 141 90 106 196 111 191 80 124 188 116 152 135 177 46 70 84 21 45 13 200 70 6 9 38 105 137 100 64 149 1 194 68 59 20 13 184 39 31 52 100 101 150 190 90 40 195 153 44 136 88 88 162 158 63 47 14 151 16 145 164 79 24 10 35 196 174 4 166 10 177 168 38 133 112 
89 9 127 153 84 106 52 16 9 73 102 32 109 33 130 112 130 140 189 75 46 178 111 149 149 200 156 68 171 10 44 24 63 177 29 111 25 54 49 36 165 69 70 112 173 82 50 11 200 71 102 188 53 42 102 64 163 126 132 139 154 56 90 176 83 30 196 126 106 16 89 166 94 11 26 20 62 184 89 167 185 13 28 149 103 96 28 1 144 74 84 68 181 13 92 19 160 1 100 2 53 159 24 12 55 53 194 60 97 94 165 184 27 61 193 21 71 3 69 164 107 101 7 64 91 
131 185 136 12 45 60 84 12 23 167 168 116 84 68 19 95 189 126 50 156 33 28 131 7 179 10 150 83 75 124 35 191 112 52 99 7 45 130 127 136 119 54 68 185 28 192 163 100 119 139 171 73 56 48 11 171 13 4 5 163 198 164 200 51 120 144 142 198 75 11 42 84 95 183 108 5 109 120 110 27 88 115 77 186 106 115 121 118 58 51 64 10 127 84 108 109 59 42 61 160 198 91 143 10 71 113 31 171 146 200 174 107 86 58 83 132 134 121 190 10 69 85 91 129 81 
58 3 77 128 90 156 78 101 43 167 178 196 40 155 68 194 176 121 114 78 161 61 118 146 159 107 22 150 178 49 118 34 41 178 162 92 69 5 27 135 176 50 87 32 60 66 152 30 112 146 68 45 55 98 38 25 83 165 164 46 137 166 173 189 126 86 88 164 147 148 52 95 51 131 126 177 188 32 31 142 178 96 2 128 195 47 173 86 6 159 195 90 25 64 87 23 149 154 75 47 38 131 147 28 111 116 163 127 104 76 100 103 160 57 170 65 183 43 139 166 155 13 152 9 126 
4 193 2 122 120 101 14 62 16 173 94 182 40 133 88 138 175 155 161 91 99 190 57 148 12 111 128 116 53 60 23 122 176 11 170 101 37 152 76 142 79 199 163 115 7 187 183 6 105 145 12 122 61 79 5 80 9 74 44 199 189 70 182 89 110 62 20 181 63 156 192 63 155 33 181 135 125 103 40 37 64 117 141 130 26 61 184 156 100 85 122 87 131 74 14 107 63 143 104 35 128 169 129 17 73 56 49 70 116 127 75 126 165 131 134 14 5 95 50 179 197 56 69 44 93 
39 162 29 65 144 195 23 73 60 94 189 7 67 23 132 34 35 66 170 69 37 76 20 110 93 151 125 59 51 198 26 37 165 199 199 186 4 68 68 77 68 156 154 87 159 78 190 50 64 1 156 22 184 21 27 170 31 44 118 135 155 40 91 47 46 118 96 113 94 82 126 15 59 157 2 116 71 176 122 127 80 5 74 3 43 88 104 12 42 166 87 44 35 10 88 126 145 2 67 21 119 61 8 113 55 149 167 98 23 140 12 93 162 55 118 125 24 156 16 200 135 35 61 143 151 
143 8 50 158 196 20 120 27 77 118 174 63 151 28 176 180 108 1 50 94 145 28 180 112 29 135 125 162 34 147 32 96 40 163 56 151 82 57 173 151 113 89 71 154 83 200 113 169 50 186 41 53 10 171 18 138 37 142 156 91 146 171 154 159 154 136 90 114 106 100 172 30 178 55 162 113 36 91 88 67 70 171 168 69 74 180 192 182 49 66 132 147 39 43 181 98 164 188 75 140 112 103 57 76 192 69 80 92 162 184 16 128 72 133 85 133 60 194 197 185 26 174 29 160 111 
86 149 138 141 174 21 68 23 65 118 74 51 27 9 115 58 136 70 142 71 177 104 10 120 123 161 196 191 87 64 180 187 66 147 186 95 45 147 111 113 34 3 68 68 87 62 179 157 182 97 160 113 184 128 121 185 12 81 190 44 80 141 114 98 91 97 32 10 159 116 183 20 28 10 65 85 80 7 195 33 92 170 99 195 167 146 161 121 194 23 190 138 49 168 115 147 22 154 29 197 82 10 127 175 199 47 145 30 107 25 139 28 109 191 132 178 12 16 133 9 85 151 145 29 165 
181 88 113 117 152 170 56 157 49 53 137 119 200 96 84 110 188 24 104 4 97 56 146 177 73 21 99 142 95 119 167 70 66 16 121 189 47 72 36 31 168 138 190 40 196 173 3 100 188 152 52 52 144 148 197 14 132 150 64 138 169 141 70 116 188 175 45 134 101 171 59 183 142 153 173 163 10 2 167 141 31 107 23 89 140 176 78 167 116 53 106 15 99 39 151 101 32 26 40 91 116 13 71 30 97 10 157 38 156 199 160 117 105 165 163 34 2 170 30 19 78 108 154 180 92 
27 7 111 174 101 188 42 41 130 44 51 49 37 190 12 80 42 128 180 200 117 46 168 159 136 75 136 63 193 13 88 8 163 115 80 149 126 158 1 144 90 183 109 17 7 132 102 26 75 67 63 129 133 190 56 56 72 67 153 136 143 12 126 125 96 165 127 25 24 161 101 124 48 190 109 65 145 56 76 80 164 58 37 33 75 106 118 187 97 58 108 103 13 170 82 2 168 36 38 136 107 113 128 20 32 192 173 9 194 116 97 129 175 35 190 78 146 191 179 194 126 137 14 178 160 
7 49 1 56 19 41 103 2 17 95 13 71 175 27 50 55 59 18 2 123 127 96 72 9 84 3 86 113 53 184 163 191 11 127 12 14 182 97 152 75 53 86 123 148 107 23 40 170 169 134 117 187 7 70 117 6 57 126 114 181 166 110 85 116 161 123 106 45 54 19 46 166 178 148 165 83 22 97 4 124 174 79 36 176 30 177 15 163 65 30 197 184 93 177 126 132 3 39 85 138 108 46 94 59 135 44 83 85 40 48 43 155 33 20 190 115 139 5 123 61 107 25 149 40 117 
196 183 187 64 31 134 119 156 132 25 66 189 175 133 155 77 164 183 14 24 187 131 113 91 191 18 51 45 111 67 160 27 145 31 40 31 36 192 18 144 14 81 36 144 32 154 41 29 80 173 3 73 158 180 147 58 149 136 139 5 99 31 160 49 41 145 123 44 52 106 184 142 54 80 142 77 145 154 9 125 35 34 80 45 126 149 70 7 132 120 84 181 185 157 134 137 103 124 187 68 118 20 116 122 75 47 158 60 30 164 194 197 70 191 93 117 76 139 132 89 103 170 188 7 163 
198 138 78 104 92 187 132 118 159 152 107 1 151 142 60 97 143 36 65 166 170 103 129 178 190 85 34 182 185 78 57 3 113 17 48 107 142 85 160 35 57 4 104 157 158 73 140 90 54 139 125 7 118 61 79 139 92 10 166 90 181 193 49 190 104 22 200 85 85 14 161 142 56 133 20 48 86 115 199 192 170 188 172 196 161 121 160 102 185 133 62 136 82 174 49 160 56 16 11 8 67 104 150 91 125 151 90 183 152 58 19 96 176 109 107 78 6 40 41 152 5 115 76 74 111 
25 90 166 81 145 62 168 189 193 61 140 173 33 151 145 84 98 48 192 11 169 153 59 112 52 71 171 140 192 97 86 132 67 137 132 173 120 108 194 183 140 30 168 83 187 193 14 180 31 18 74 184 2 139 82 90 143 104 79 77 98 143 25 59 37 10 58 77 134 194 93 119 88 8 172 110 12 90 171 123 137 76 65 194 23 71 103 164 174 142 31 173 133 114 146 74 72 187 144 26 165 152 99 108 52 190 137 46 110 79 85 99 114 72 18 115 82 77 72 62 51 109 169 11 3 
57 8 25 147 67 125 36 79 28 86 21 97 86 189 194 44 118 117 80 81 110 91 26 144 173 163 166 123 187 12 170 161 111 180 158 171 45 54 154 169 16 129 67 130 124 198 39 22 121 118 10 120 177 55 178 46 135 16 23 115 101 99 46 176 3 15 94 38 174 126 43 112 73 179 1 87 142 176 95 24 40 127 78 120 23 149 168 30 183 13 117 59 44 125 3 87 23 175 32 176 88 24 62 132 160 123 61 99 148 79 137 26 76 187 153 185 119 30 29 163 45 141 43 173 104 
14 181 195 51 109 166 29 45 48 44 83 2 98 130 61 112 62 98 65 41 2 30 136 105 18 115 132 109 109 66 134 113 132 178 74 120 28 74 68 63 59 50 11 79 183 150 76 148 24 3 33 187 119 24 128 25 95 187 21 42 91 80 21 149 105 17 26 196 199 139 17 180 14 110 50 76 79 28 189 177 60 11 111 192 165 31 55 126 52 110 26 64 25 167 139 137 5 161 7 35 79 74 18 175 77 116 156 58 58 159 126 196 54 79 108 184 157 94 82 23 26 173 10 175 39 
19 163 166 29 6 72 197 69 183 199 130 150 121 73 33 184 56 98 144 46 92 156 84 182 56 28 76 174 188 142 123 189 30 63 185 191 73 165 51 66 38 144 137 103 75 2 54 59 83 131 180 180 76 18 185 172 9 180 3 167 177 60 30 79 11 75 158 200 186 161 124 43 104 196 51 88 149 118 143 107 171 68 180 75 30 56 59 176 179 136 173 83 172 72 156 78 25 115 27 194 55 174 147 123 141 56 25 42 13 67 61 33 24 196 28 121 182 5 82 26 49 72 61 95 118 
9 141 82 34 61 170 199 181 27 48 109 48 193 196 81 84 114 34 197 78 130 50 1 67 81 63 29 30 131 146 97 88 87 79 109 30 41 139 168 142 105 192 1 200 193 16 193 86 182 100 138 83 196 179 128 78 92 114 160 161 109 118 52 124 159 162 130 172 104 174 196 134 89 47 181 136 188 125 108 21 142 34 152 128 15 108 12 26 129 102 199 16 157 43 162 117 116 103 193 198 33 95 172 26 23 177 191 61 40 138 74 192 27 56 159 107 171 10 27 170 111 137 57 122 35 
121 70 174 182 111 163 98 194 172 189 198 71 147 23 83 105 193 160 98 66 98 130 48 31 95 106 115 4 5 4 41 39 124 189 58 22 6 5 6 12 42 159 199 123 71 164 71 129 21 173 24 77 71 166 194 175 169 90 52 137 21 198 86 76 183 140 179 15 146 91 188 97 51 55 4 110 53 125 72 185 148 16 115 142 37 159 166 97 33 25 148 38 24 64 114 5 87 163 50 199 101 82 143 63 103 29 64 195 42 65 187 114 44 96 119 170 102 58 169 188 131 23 20 186 191 
133 51 166 5 2 100 178 70 139 182 181 186 79 134 45 6 134 192 195 88 15 132 200 70 23 13 20 95 52 169 26 121 122 73 26 26 199 168 119 114 129 163 110 53 161 160 72 77 2 180 198 3 139 120 88 119 118 200 160 38 187 23 179 163 53 130 161 119 167 38 197 120 32 96 169 18 54 64 196 81 119 136 7 35 183 126 18 97 77 13 7 147 6 94 47 171 109 26 113 66 108 187 65 85 81 158 179 93 152 26 71 84 104 145 192 66 16 150 81 29 77 68 93 24 17 
107 67 125 104 134 139 196 47 120 52 72 5 149 65 185 156 84 109 84 47 100 199 133 45 84 30 192 172 138 3 117 81 190 144 96 148 58 133 72 85 91 176 68 187 31 70 111 39 65 139 43 106 33 166 172 10 74 134 136 12 88 175 114 24 20 46 36 126 33 25 121 142 139 156 43 89 196 89 108 4 25 162 75 139 26 121 175 106 175 161 114 82 153 157 93 112 54 183 32 120 115 92 63 165 2 7 3 44 195 125 24 91 183 73 145 98 97 196 145 27 200 130 92 88 86 
125 9 8 143 154 41 7 85 59 9 8 151 160 71 158 65 126 84 110 111 127 88 131 69 132 132 54 102 67 115 114 123 176 35 179 23 1 90 194 198 54 30 159 62 96 163 129 200 120 4 85 7 27 196 13 46 42 3 192 86 39 67 166 174 155 192 116 198 67 5 17 15 174 70 126 100 141 3 14 173 62 114 192 194 85 128 146 37 45 167 122 9 8 34 119 193 166 187 91 184 88 105 9 168 190 18 4 105 102 111 87 14 95 157 181 24 85 126 33 66 18 72 60 112 55 
157 34 29 153 93 148 131 74 114 58 91 63 94 76 99 7 198 180 40 14 193 186 8 193 171 85 153 4 175 168 87 64 140 23 179 104 168 154 29 58 169 101 165 78 117 182 114 155 2 116 98 4 163 111 142 184 115 21 116 70 23 29 60 191 58 180 184 58 194 173 140 12 13 87 10 136 81 3 2 192 166 166 110 19 82 168 62 109 182 100 33 130 184 135 131 107 15 151 150 63 102 179 88 109 16 74 92 108 31 50 108 44 22 17 119 119 114 124 9 101 127 120 176 4 122 
79 170 32 31 18 78 105 157 153 191 77 189 58 30 33 149 60 117 158 144 190 40 136 142 107 11 142 91 19 127 65 159 17 55 43 147 28 71 5 113 9 117 62 72 117 104 8 187 87 27 42 30 162 185 153 146 98 8 21 90 194 147 123 134 172 6 93 200 40 182 96 196 71 159 186 103 143 44 160 154 34 163 33 174 107 108 188 83 122 121 8 130 71 37 6 143 168 198 147 123 57 80 160 81 74 17 19 1 135 128 46 74 29 103 42 123 79 11 111 10 33 85 106 144 43 
148 159 51 72 16 175 19 71 170 165 84 71 147 63 26 122 22 132 100 62 47 140 187 53 181 182 192 4 64 37 16 34 163 133 33 69 64 97 26 187 158 125 77 25 11 153 198 114 105 45 195 113 138 175 112 2 197 166 74 87 174 69 23 124 70 178 83 143 63 161 148 162 178 114 41 28 13 69 12 91 32 56 134 64 64 148 63 168 93 167 68 117 37 60 96 192 27 51 174 16 51 40 109 23 137 167 118 15 178 53 103 25 64 49 38 46 159 99 192 98 46 95 142 1 104 
149 15 125 101 4 162 126 90 85 93 30 62 64 95 153 193 47 62 197 37 166 128 195 85 63 85 182 86 15 53 175 27 57 137 102 158 5 23 146 43 139 57 40 23 90 164 171 37 21 154 70 190 188 172 11 142 57 156 65 87 40 158 16 149 106 188 164 49 10 150 116 194 197 148 152 26 140 86 95 125 36 144 110 74 39 53 103 55 61 127 196 124 88 152 82 148 170 181 5 18 72 115 27 60 1 77 140 51 180 175 53 6 116 99 160 108 136 181 8 184 9 48 132 27 75 
106 115 60 200 45 78 57 161 123 156 91 9 131 152 108 30 23 8 73 197 94 63 49 48 146 169 150 2 83 50 188 189 102 45 57 117 143 63 167 42 55 180 71 169 3 27 197 27 182 108 163 127 145 125 188 7 184 105 15 161 177 147 57 32 107 184 69 153 160 160 95 58 153 176 161 163 179 140 193 118 82 171 66 25 3 49 195 48 119 154 194 65 96 167 65 38 186 19 163 36 115 3 172 150 16 198 82 39 30 52 39 4 99 97 95 12 111 70 160 61 23 49 66 33 122 
103 115 179 166 55 184 172 168 91 90 88 119 114 112 154 92 181 177 171 122 70 7 105 23 46 134 91 167 17 112 47 58 191 59 116 36 113 54 156 194 151 129 194 8 124 108 175 70 8 134 5 179 79 50 46 36 195 103 31 120 98 127 47 169 180 100 147 25 166 76 122 199 193 198 47 26 64 178 151 24 126 147 34 113 10 111 34 112 49 109 195 30 193 56 106 30 141 143 131 175 4 164 86 116 76 80 82 104 156 192 26 115 94 33 22 44 150 198 47 79 188 59 71 187 158 
149 42 192 58 170 36 29 57 120 99 80 2 40 84 82 54 198 184 105 122 63 199 182 3 75 83 27 164 22 45 105 23 77 100 25 171 101 51 176 77 172 158 44 167 89 189 42 169 21 199 94 133 164 185 138 103 128 5 122 2 70 111 135 5 35 163 63 7 166 153 25 115 66 45 72 60 3 46 169 11 46 149 169 45 68 19 133 68 3 59 158 151 9 20 99 126 137 8 100 186 188 83 178 144 84 184 136 149 119 55 180 120 136 186 125 54 9 176 198 139 93 156 22 158 120 
48 100 141 183 134 17 3 164 108 34 89 82 177 70 178 185 159 29 13 102 24 46 6 76 83 87 94 39 191 188 191 147 146 79 12 49 171 29 40 16 48 182 173 147 4 123 24 92 131 111 188 49 1 169 151 177 115 60 49 29 48 198 114 99 181 184 104 109 180 16 6 73 155 49 104 181 63 162 129 2 35 27 153 86 22 184 46 28 80 103 103 189 142 105 36 16 65 30 192 157 1 69 197 80 170 132 187 34 16 76 198 95 54 6 160 51 39 85 156 32 88 35 121 118 183 
108 175 117 114 133 137 198 4 169 68 106 48 177 76 95 68 149 120 180 145 88 117 199 5 123 7 148 18 182 69 116 114 128 54 30 117 42 153 13 103 56 109 133 75 168 165 71 139 195 12 45 178 177 108 68 89 186 48 106 121 106 124 63 49 126 7 134 140 94 74 108 11 193 104 159 150 102 140 93 11 154 119 61 173 165 73 26 185 88 121 90 134 178 53 132 150 13 165 55 97 183 142 137 163 100 49 140 69 100 74 88 124 199 157 168 140 151 12 132 164 37 68 138 41 199 
185 29 134 49 178 62 186 169 128 54 74 169 134 141 37 90 80 39 59 10 93 186 142 128 75 72 36 3 184 162 127 97 108 38 117 167 53 176 63 62 170 45 143 164 32 189 144 8 54 200 158 60 187 44 191 177 67 100 73 70 80 147 15 138 116 18 7 24 9 13 162 105 166 28 168 183 196 33 155 15 75 47 59 138 65 194 51 42 48 121 41 101 131 189 154 79 142 143 169 8 33 121 45 95 63 178 147 140 7 7 87 71 100 69 38 136 57 179 19 108 97 69 66 177 187 
155 167 169 71 128 141 121 179 29 6 102 31 131 4 45 172 21 106 127 124 193 178 174 87 135 164 192 43 69 33 199 32 141 135 97 187 91 68 140 92 93 165 191 105 176 101 98 16 169 183 46 6 46 101 172 21 66 58 124 12 130 168 128 185 161 98 14 67 158 93 21 9 107 7 149 196 41 101 68 119 115 132 6 139 29 102 44 158 49 148 198 89 196 83 7 142 132 198 147 87 131 30 12 11 59 180 162 119 112 157 198 107 171 153 145 150 115 96 125 181 136 39 131 145 87 
53 175 165 7 96 147 190 20 43 78 86 196 35 16 35 182 146 8 164 69 99 181 181 198 100 179 26 69 61 8 92 99 88 170 74 187 80 125 144 198 54 77 111 57 68 33 162 196 115 151 37 23 187 70 137 161 9 35 193 182 149 102 138 171 45 190 137 50 199 175 8 62 178 60 158 148 55 161 20 190 170 5 127 55 164 63 114 144 5 29 153 30 159 96 22 188 148 185 35 23 104 56 121 17 9 108 112 170 182 161 33 153 3 139 186 184 8 60 196 118 47 111 75 182 13 
29 31 103 173 63 124 157 2 3 63 118 187 10 97 26 99 170 176 93 138 67 148 66 147 43 131 87 57 180 36 19 126 176 39 177 45 38 58 37 54 124 185 130 113 159 40 93 80 3 15 44 8 163 56 161 118 80 165 5 184 57 127 16 112 105 56 35 9 39 110 52 39 9 165 17 154 184 71 102 157 73 79 80 112 156 80 50 198 186 136 200 83 176 2 4 15 99 55 76 159 73 180 68 12 113 82 114 16 102 16 83 191 6 124 180 181 199 168 119 49 149 139 66 114 144 
55 152 164 145 78 114 21 51 178 94 198 94 110 172 49 129 58 58 173 96 52 25 91 107 99 134 191 126 139 108 54 72 92 125 149 124 161 14 115 32 191 174 177 5 74 24 31 161 14 97 29 74 33 135 54 76 112 126 2 135 129 153 145 104 156 87 173 25 194 75 105 12 162 200 62 129 163 197 109 192 71 43 15 58 128 13 31 20 193 41 177 164 189 88 159 24 188 178 175 110 64 166 152 125 57 148 7 148 126 54 11 129 27 139 125 1 154 169 39 140 142 33 84 190 121 
193 56 51 74 112 160 180 111 42 115 81 31 187 110 3 49 74 65 64 112 46 75 139 6 153 18 70 111 123 90 172 166 100 55 28 158 185 16 184 50 163 174 158 181 121 173 7 98 175 1 10 23 175 99 50 45 191 146 94 103 54 118 10 60 8 8 193 114 196 29 79 196 7 24 89 121 63 89 148 110 62 14 196 83 59 65 126 28 161 162 144 189 195 12 121 77 126 78 37 41 96 73 3 87 165 153 21 172 95 29 113 80 163 122 151 35 182 132 96 29 83 72 2 51 116 
147 199 179 147 29 168 66 155 111 75 58 130 57 87 109 121 159 86 187 13 199 87 195 162 11 150 140 145 173 110 12 160 76 120 5 6 42 95 5 2 164 144 175 105 3 158 144 121 160 27 99 106 147 95 180 54 139 171 174 32 29 176 57 187 167 121 162 18 163 48 100 152 10 103 200 194 181 111 63 39 78 105 159 165 95 59 131 162 66 45 17 150 15 193 147 164 50 22 65 86 36 190 156 74 108 27 131 173 146 187 51 23 50 199 72 120 12 173 125 127 141 65 45 133 198 
9 20 2 187 58 159 129 157 143 6 2 96 130 87 198 115 132 77 121 127 49 146 124 158 67 133 179 156 22 1 192 106 181 121 81 132 143 133 112 168 19 56 186 125 164 138 107 126 198 186 111 21 152 27 35 1 57 44 179 33 49 27 112 94 47 161 165 64 139 189 24 23 2 39 43 122 30 84 36 60 165 61 83 174 120 88 51 131 113 79 42 59 199 174 163 117 23 84 66 187 162 43 46 42 9 124 10 168 81 128 184 73 137 86 3 142 89 168 49 33 31 196 105 148 67 
82 83 121 75 76 25 44 102 22 15 171 122 27 186 184 5 108 100 126 153 146 32 17 182 41 71 46 47 124 6 62 133 111 79 86 143 157 175 47 148 132 98 35 91 74 135 135 105 170 123 175 6 163 144 76 34 35 59 65 159 55 126 197 154 105 14 109 21 78 183 199 125 102 52 17 22 74 102 156 115 21 169 160 96 7 62 88 168 71 185 57 198 63 12 146 191 192 169 18 190 95 97 63 7 184 58 153 8 10 168 123 98 22 105 67 67 6 3 187 155 113 52 120 159 37 
181 193 163 195 59 53 77 14 29 195 42 189 189 24 175 9 14 93 106 199 93 116 53 154 56 120 118 20 188 108 172 161 62 153 43 165 177 31 25 20 42 22 104 168 32 87 182 129 16 10 137 145 61 55 9 107 98 113 58 22 46 81 113 96 37 5 7 11 47 106 190 37 119 180 62 191 25 51 115 34 23 102 195 137 50 171 52 38 102 76 48 96 102 9 196 23 138 187 168 111 63 165 111 162 153 66 22 69 134 28 124 158 123 164 115 166 55 80 172 53 42 101 191 38 31 
57 28 86 66 199 22 22 53 86 113 58 91 108 30 132 94 70 156 160 41 55 120 176 95 177 139 144 186 89 171 89 131 47 68 112 175 162 67 200 129 89 60 177 182 151 68 143 195 139 55 68 54 177 5 117 167 166 156 129 183 115 114 25 19 109 103 101 132 93 122 28 137 44 126 104 154 89 60 79 147 77 137 163 165 127 90 117 180 109 47 148 57 139 170 196 21 127 131 139 36 36 166 90 6 99 10 155 35 149 139 151 168 199 69 42 41 119 102 198 125 104 71 183 19 84 
163 24 28 91 73 29 177 30 27 166 121 5 120 75 152 73 93 188 5 177 92 152 100 27 176 77 195 135 127 200 75 193 113 40 125 108 40 26 73 70 32 190 65 200 121 20 188 44 2 83 175 128 2 63 153 194 68 2 117 168 176 26 121 173 156 122 170 93 163 82 135 135 18 50 112 40 190 86 70 105 124 61 73 101 100 31 143 76 70 181 66 178 130 139 168 58 71 144 10 119 115 178 121 86 7 43 6 116 150 79 100 23 184 146 167 26 194 28 17 168 109 80 57 6 91 
147 196 131 49 177 113 79 81 166 138 16 104 75 119 33 86 83 89 31 115 109 112 108 199 186 21 86 13 65 85 73 97 116 76 42 194 100 33 157 179 143 184 18 186 88 198 17 10 112 121 79 195 98 1 54 115 55 104 4 155 88 40 95 24 181 158 121 26 45 81 153 131 76 109 182 2 58 107 128 167 40 24 131 22 76 66 31 108 74 171 191 31 93 53 188 124 88 45 124 72 26 24 150 17 29 47 103 99 59 7 81 69 16 1 156 78 187 162 46 21 185 199 84 52 20 
129 134 30 54 127 181 143 68 131 39 144 184 91 55 9 188 107 72 166 77 163 82 113 145 15 19 96 36 111 100 43 35 59 149 2 140 141 158 89 163 64 19 96 24 108 60 176 54 73 120 12 87 73 114 40 176 81 110 181 82 135 193 53 186 59 168 97 144 45 161 110 34 145 168 141 195 121 8 181 4 83 157 12 35 59 126 66 189 132 150 149 100 24 128 21 146 41 193 161 190 136 147 42 195 129 66 196 129 1 174 54 132 93 83 33 107 48 113 173 14 128 49 43 121 20 
81 32 189 15 189 92 74 3 33 168 117 14 150 123 162 116 57 188 117 118 165 64 35 179 26 61 56 176 52 112 158 177 166 75 11 120 10 19 66 157 26 137 108 70 16 75 50 44 87 112 122 166 124 13 181 115 67 85 59 189 13 109 72 177 23 71 45 193 83 152 112 77 20 114 112 157 61 128 173 29 53 101 180 33 113 184 129 82 94 99 168 112 90 183 48 101 169 169 106 103 132 127 8 106 118 14 178 137 17 196 120 199 4 161 114 42 200 149 16 148 168 176 62 176 3 
89 74 183 4 151 31 74 161 169 197 184 154 199 147 168 104 198 23 187 88 145 53 75 196 117 77 158 58 170 185 3 55 27 191 95 54 161 139 83 161 174 111 3 178 191 152 107 6 144 23 139 58 198 185 6 33 22 109 42 176 113 28 90 136 158 4 8 18 99 179 47 156 14 148 146 42 78 2 142 55 166 150 156 77 51 58 199 126 50 126 48 182 51 100 81 167 77 92 185 85 168 92 42 71 136 143 187 66 73 170 137 99 109 93 94 126 7 125 12 138 98 6 21 181 41 
83 71 63 51 49 33 190 140 91 184 17 98 66 111 28 38 5 3 36 11 79 171 13 194 173 200 47 174 162 23 143 156 16 91 109 88 90 82 48 28 54 92 190 33 66 75 77 134 110 136 130 175 27 35 107 135 22 102 119 78 113 171 57 106 197 7 104 46 102 32 169 182 42 150 52 69 26 126 108 75 82 144 140 54 193 172 100 23 94 170 159 170 26 193 68 8 5 138 93 167 121 105 97 116 102 15 111 70 113 51 170 166 73 88 178 68 190 125 197 83 164 190 6 156 39 
181 2 41 177 165 114 56 14 124 56 113 133 53 187 72 169 115 24 130 48 69 78 60 33 170 144 53 90 4 161 144 45 30 12 117 78 151 99 72 113 4 125 74 57 33 124 96 34 14 176 151 142 186 83 90 165 161 103 161 136 33 119 63 86 86 86 69 114 103 164 110 75 51 41 158 54 151 13 9 19 97 128 88 89 25 12 32 34 106 91 48 46 107 172 57 161 118 26 146 36 32 29 59 108 175 139 125 25 24 142 195 198 44 53 48 133 114 189 118 171 69 74 165 86 108 
