150 2
0
0
1 20 170 700
2 31 182 31
3 34 163 686
4 64 56 176
5 76 25 176
6 114 91 660
7 117 95 497
8 279 68 279
9 297 149 297
10 327 167 1329
11 337 17 371
12 367 162 43
13 376 2 388
14 391 5 381
15 395 83 1059
16 406 169 1758
17 431 22 607
18 434 83 932
19 442 65 832
20 452 5 482
21 457 70 877
22 485 125 1235
23 496 26 496
24 515 141 233
25 557 43 901
26 628 152 1844
27 632 42 884
28 640 160 1600
29 646 109 864
30 680 98 876
31 690 42 1026
32 764 78 1232
33 765 43 851
34 806 161 2094
35 832 15 922
36 839 101 839
37 898 67 1166
38 965 169 627
39 965 103 965
40 973 54 1405
41 1009 153 1927
42 1025 75 1025
43 1046 2 1058
44 1052 71 1336
45 1075 31 1323
46 1178 128 1690
47 1187 37 1261
48 1261 30 1501
49 1381 9 1399
50 1384 150 1684
51 1385 122 1141
52 1393 44 1305
53 1419 17 1385
54 1446 191 1828
55 1453 173 1453
56 1458 192 1074
57 1518 64 1390
58 1542 150 1542
59 1544 122 2520
60 1564 172 2596
61 1570 98 1374
62 1604 138 2156
63 1621 179 2695
64 1629 191 1247
65 1642 44 1818
66 1656 75 1956
67 1669 3 1693
68 1719 23 1903
69 1722 104 2554
70 1730 94 1542
71 1733 15 1763
72 1741 37 1963
73 1742 131 2266
74 1744 193 1744
75 1806 193 2192
76 1847 36 2063
77 1853 32 1981
78 1880 91 1880
79 1901 200 2301
80 1902 194 1902
81 1907 191 2671
82 1916 180 2636
83 1918 112 2366
84 1918 106 1918
85 1950 192 1566
86 1951 200 2751
87 1957 74 2549
88 1971 70 2531
89 1983 191 2365
90 2016 91 2744
91 2027 116 2259
92 2031 76 2335
93 2032 101 1830
94 2072 129 1814
95 2086 150 2386
96 2105 180 2465
97 2110 68 2246
98 2112 180 2472
99 2143 110 2583
100 2152 193 2152
101 2176 114 2404
102 2211 160 2851
103 2215 110 2215
104 2229 171 3255
105 2241 32 2305
106 2256 41 2174
107 2277 5 2267
108 2288 7 2344
109 2292 193 3450
110 2294 120 3014
111 2316 185 3426
112 2330 10 2370
113 2341 55 2341
114 2361 141 2643
115 2397 96 2781
116 2406 160 2726
117 2429 42 2765
118 2441 8 2489
119 2463 138 3015
120 2467 114 2695
121 2469 36 2541
122 2497 34 2769
123 2511 69 2649
124 2539 27 2755
125 2553 135 2823
126 2576 19 2652
127 2616 83 3114
128 2637 8 2637
129 2664 188 4168
130 2683 9 2701
131 2689 143 3547
132 2694 1 2700
133 2695 34 2627
134 2700 64 3084
135 2710 191 3474
136 2731 26 2679
137 2750 11 2816
138 2774 108 3206
139 2801 197 2407
140 2805 82 3461
141 2813 60 3053
142 2835 63 2709
143 2883 14 2855
144 2917 141 3763
145 2933 195 2933
146 2933 66 3197
147 2938 35 2938
148 2962 21 3004
149 2963 59 3435
150 2988 37 3136
118 172 55 21 103 141 5 27 83 120 178 31 163 139 153 121 71 53 165 12 200 162 38 42 153 18 147 110 36 123 149 92 186 117 46 185 38 173 33 52 119 15 144 148 121 102 3 32 179 137 115 44 152 102 121 6 56 172 95 156 158 162 180 111 136 68 72 163 187 76 57 10 163 141 121 85 32 64 53 35 72 74 178 156 150 142 100 85 148 147 66 28 15 70 155 42 61 184 112 3 4 109 26 191 6 47 100 35 95 196 114 49 45 45 43 163 70 37 74 147 170 68 154 120 25 149 119 19 89 134 66 198 145 12 118 69 69 114 162 107 144 11 83 126 199 193 90 54 52 98 
123 59 16 182 102 131 112 52 8 51 163 153 74 167 162 44 92 41 166 121 55 64 84 144 129 162 122 10 29 108 130 68 23 52 146 46 141 92 59 111 162 157 107 177 168 168 186 12 53 67 88 106 119 34 195 82 172 25 71 108 22 144 7 89 200 23 128 78 183 177 191 69 189 76 63 190 145 145 55 54 19 90 34 91 64 132 160 123 14 88 115 16 24 193 9 178 168 21 87 137 108 46 8 49 112 49 11 52 95 123 123 5 31 182 28 91 135 83 195 24 106 126 62 174 136 166 44 136 44 77 69 52 127 82 71 63 188 175 122 95 179 121 84 38 48 59 53 64 112 183 
162 32 178 175 30 134 118 130 11 54 6 178 75 131 122 19 21 177 125 196 28 19 6 67 157 170 96 91 162 154 55 4 41 157 80 142 102 153 55 3 117 120 137 114 185 172 109 188 177 57 179 175 178 47 14 101 160 176 152 132 33 149 80 178 106 127 102 119 45 173 54 27 2 155 112 96 72 81 119 101 39 53 91 161 135 115 150 135 158 156 121 166 190 124 181 86 105 65 64 199 109 120 38 97 63 65 164 169 108 67 42 122 42 110 54 144 102 109 181 192 2 61 123 94 131 147 10 14 139 97 189 172 189 154 131 17 189 97 145 186 120 77 90 146 86 159 188 98 84 14 
119 52 75 193 100 190 161 120 107 154 176 136 147 69 152 75 9 158 108 144 167 172 128 153 188 73 162 199 74 136 41 50 129 121 155 105 163 32 89 50 105 29 125 148 25 118 111 29 65 25 66 71 101 5 121 84 199 184 25 71 11 106 133 25 9 107 17 188 180 42 1 56 51 142 144 65 60 46 63 37 97 153 180 185 81 35 187 149 11 95 15 3 44 142 157 102 130 164 182 200 154 148 171 131 41 145 84 198 102 155 104 79 53 178 169 112 104 131 120 29 13 96 36 178 103 50 86 91 163 197 140 13 28 151 20 122 117 103 173 158 171 24 32 191 170 88 138 172 25 158 
167 43 199 173 181 149 87 81 75 102 54 144 195 44 139 4 188 82 188 140 199 143 4 56 79 190 1 173 42 28 49 33 168 9 142 44 99 115 174 182 109 171 151 66 150 188 122 12 48 23 132 106 74 179 28 24 105 79 121 134 114 149 186 53 56 16 191 26 174 27 79 132 44 151 42 165 65 97 199 109 63 46 125 42 154 86 82 138 75 44 84 108 153 126 99 26 117 75 36 196 127 85 13 38 13 190 155 171 141 52 119 17 132 129 84 188 132 1 45 191 62 26 158 44 39 175 47 36 110 123 129 60 39 191 125 156 147 52 40 126 104 6 82 108 17 33 50 55 100 2 
45 153 6 118 124 190 121 129 10 47 84 189 39 48 109 118 181 7 114 140 147 42 24 98 84 50 129 57 52 63 113 20 193 48 127 178 89 110 154 28 148 24 20 177 174 148 86 153 63 107 61 62 110 140 76 94 115 13 200 141 4 126 38 21 30 48 173 93 33 16 109 193 51 71 156 179 28 14 11 176 24 36 137 132 21 9 90 185 133 40 148 24 124 81 84 27 195 148 174 61 31 170 94 180 142 70 76 170 55 81 185 150 157 68 149 109 59 50 49 153 60 95 157 160 34 67 12 29 181 187 11 128 133 43 102 7 195 22 78 183 157 32 199 104 62 200 152 106 76 109 
18 64 69 95 108 127 110 196 90 35 64 113 178 124 60 78 149 174 164 182 53 28 99 111 46 113 198 38 114 16 15 101 97 139 160 60 67 55 172 156 54 134 185 160 65 136 189 35 161 48 162 151 34 183 13 40 110 12 112 41 183 180 122 176 16 3 168 188 116 84 169 40 113 94 91 39 184 72 147 90 185 108 5 149 103 3 143 117 158 138 36 74 10 188 197 2 79 160 66 8 180 182 136 144 117 86 169 68 166 169 199 5 87 190 117 8 187 88 85 127 27 126 22 4 155 40 131 156 9 190 199 172 103 183 118 128 58 106 62 23 119 156 1 89 171 50 85 149 198 104 
35 21 193 10 127 62 65 195 66 1 36 51 69 121 118 5 161 51 127 55 105 103 132 139 105 10 114 193 164 124 151 7 143 74 62 108 168 134 174 11 67 169 28 197 127 117 191 96 16 36 181 79 158 14 143 181 62 135 157 13 62 135 89 125 143 35 114 151 61 146 193 74 164 111 134 193 37 165 141 164 173 56 76 167 13 44 93 74 83 158 147 164 48 31 69 173 31 96 107 9 111 117 72 47 175 133 143 22 115 54 49 71 72 40 197 78 191 181 81 180 190 194 179 195 190 85 167 176 111 171 74 56 34 186 199 83 49 138 58 136 37 55 137 126 175 19 62 152 58 119 
144 190 123 41 146 77 174 78 104 152 47 4 48 171 115 35 44 49 162 114 167 60 174 78 64 19 18 105 48 131 11 91 174 92 11 5 5 103 78 175 57 41 7 106 198 189 12 153 149 175 91 176 118 18 83 123 30 165 147 138 101 173 188 10 77 189 156 141 107 131 125 112 79 24 146 16 25 145 169 77 119 42 161 163 15 69 92 69 127 137 178 111 174 95 95 154 191 148 144 121 15 9 52 118 96 37 81 66 100 9 175 9 12 10 17 146 121 137 134 86 138 128 104 186 24 27 196 19 173 10 186 146 33 55 169 105 187 131 183 166 102 186 111 52 156 44 144 27 80 23 
89 143 123 17 187 35 122 117 23 15 182 145 140 50 191 128 67 119 41 29 102 48 191 23 56 132 192 41 51 147 69 16 162 197 132 151 36 164 179 41 146 103 164 19 15 112 19 58 122 74 161 42 93 134 148 171 10 139 113 193 125 131 83 2 139 19 185 157 158 51 197 72 127 161 17 85 53 60 13 4 154 84 16 89 69 74 150 182 110 15 166 90 163 75 159 68 139 153 57 147 171 132 131 1 10 185 42 7 145 94 152 102 120 2 21 132 40 22 183 125 186 122 32 81 97 98 52 122 161 175 18 195 60 157 146 52 124 5 85 169 184 68 48 179 58 86 92 147 145 97 
12 125 18 124 90 142 70 52 154 120 16 185 20 80 169 33 185 5 81 72 148 15 88 108 33 145 5 93 90 101 65 109 5 116 84 80 52 114 12 126 57 153 54 69 139 114 182 192 13 193 17 188 21 104 40 85 185 50 86 140 57 91 138 78 35 161 121 62 25 120 149 126 70 114 144 41 31 147 16 93 123 155 96 69 66 46 25 142 108 66 101 172 190 135 72 75 24 174 47 111 161 197 17 121 71 21 155 91 132 52 136 62 199 6 181 162 8 71 56 68 133 34 74 72 39 138 193 28 68 72 165 11 181 173 20 23 55 104 65 9 107 41 1 127 113 139 71 127 32 52 
193 6 28 52 178 158 177 11 127 193 89 39 129 188 61 105 18 30 124 102 131 72 140 10 80 84 48 172 84 146 110 153 195 142 40 161 95 24 190 191 67 140 152 196 165 178 106 10 17 178 116 6 125 27 35 102 88 59 149 54 44 38 119 68 77 198 184 190 193 176 157 150 12 69 126 25 198 36 99 147 25 185 28 149 161 150 59 58 95 45 46 22 132 2 185 34 125 132 13 158 142 139 109 71 15 78 152 70 28 152 109 148 118 66 190 138 60 198 57 102 62 47 169 185 75 67 47 10 62 33 184 137 123 161 146 61 132 164 37 100 129 188 184 13 162 88 181 74 92 52 
94 78 16 52 73 19 163 34 115 7 150 160 170 145 169 5 78 1 85 172 34 98 107 137 180 180 109 31 157 90 16 67 23 190 77 115 1 137 58 155 150 140 99 14 43 51 116 163 149 93 27 174 128 115 195 190 163 189 145 34 107 69 134 137 70 81 150 72 136 179 45 135 166 75 23 98 107 66 14 137 19 31 11 170 26 112 161 172 173 83 10 88 33 55 191 4 157 196 181 79 161 162 86 72 13 161 149 179 106 138 127 74 53 170 18 59 51 11 79 78 106 160 123 28 83 192 121 19 15 55 186 144 178 168 82 176 69 20 60 185 78 5 75 79 85 87 163 68 146 102 
47 79 114 194 142 199 153 166 14 144 53 48 35 100 66 173 145 53 25 45 106 170 74 116 131 79 91 65 92 23 143 81 157 162 41 50 156 59 147 48 3 42 84 71 131 196 122 50 172 166 97 194 72 93 156 150 39 124 33 184 6 101 133 140 109 196 1 128 187 19 76 168 157 89 77 195 73 20 32 130 76 111 163 19 119 180 181 122 4 7 37 44 147 168 93 145 111 132 148 158 134 130 196 52 83 183 124 158 110 126 127 183 120 104 200 104 169 25 128 173 19 118 139 111 64 124 10 83 22 80 25 163 21 61 81 105 194 78 135 187 176 150 88 5 88 47 156 153 156 82 
175 193 193 79 113 103 38 134 70 17 42 41 177 17 173 63 136 197 21 6 2 151 73 109 148 57 117 70 30 151 58 44 182 170 195 61 145 2 168 182 46 120 9 42 56 117 167 119 129 87 77 96 160 133 83 36 23 82 96 200 152 176 48 53 40 145 23 189 111 153 16 115 40 32 43 85 98 62 48 5 182 104 191 42 196 54 65 106 188 135 35 78 123 37 29 84 198 17 72 52 192 90 193 23 121 71 118 160 163 119 2 54 127 20 112 171 120 145 111 141 66 108 35 130 193 67 98 20 2 118 69 106 147 42 91 66 187 147 103 177 90 101 163 79 174 70 172 56 60 136 
79 96 52 125 13 62 83 21 61 78 88 64 198 110 4 67 169 119 116 136 22 180 131 123 133 43 88 121 52 31 21 162 7 89 66 72 35 61 103 182 174 135 13 99 46 156 146 31 155 200 62 31 6 108 198 101 184 94 43 99 168 182 46 186 34 128 84 139 73 1 87 200 87 122 124 143 29 16 48 20 10 52 198 190 26 31 131 185 179 130 12 169 96 103 184 193 112 26 105 132 160 47 170 179 179 79 51 122 129 109 97 157 30 56 81 116 104 44 7 33 151 86 18 20 64 15 5 31 36 26 56 190 35 103 65 7 116 159 50 9 186 165 127 59 112 130 144 22 175 98 
97 105 76 163 59 1 150 6 195 129 87 15 139 126 8 111 169 174 68 90 90 148 108 51 159 83 140 117 182 153 25 124 62 44 127 100 57 195 192 51 36 167 90 46 13 183 107 199 120 161 58 65 151 10 105 36 127 152 125 130 162 62 123 136 8 127 17 70 155 60 29 73 15 166 63 128 20 156 152 12 169 93 154 80 50 194 191 48 49 47 9 59 169 122 59 49 87 12 163 83 55 161 146 169 1 78 181 89 183 135 21 21 34 194 62 157 107 139 69 91 148 120 177 88 25 106 15 53 73 5 163 24 172 139 168 194 62 189 30 191 98 149 133 142 17 47 107 147 107 102 
113 104 125 71 163 130 197 177 32 81 5 39 155 105 102 111 29 64 91 55 197 198 26 98 187 116 186 101 170 183 11 57 4 172 148 114 63 99 5 19 86 155 20 199 87 20 159 87 116 12 134 55 2 52 166 58 195 99 11 32 162 84 2 116 47 9 72 187 10 189 67 129 22 96 68 19 106 181 150 136 15 116 26 183 195 184 194 198 151 145 187 110 53 68 52 121 67 48 36 128 186 105 190 90 113 185 181 12 196 99 135 68 169 28 182 111 125 27 182 150 73 75 30 101 167 154 4 120 141 24 170 128 12 4 88 91 184 90 110 73 98 95 97 53 33 188 160 32 90 91 
159 188 96 160 13 22 131 30 102 166 58 131 118 155 121 178 67 153 156 79 199 179 113 17 83 52 149 23 192 76 96 199 183 145 177 182 7 34 148 103 68 83 66 167 17 111 70 174 177 52 153 156 2 8 144 67 150 128 72 100 108 10 92 124 17 145 103 129 102 28 66 17 8 102 87 104 153 148 133 169 94 194 48 24 75 86 22 146 74 42 143 59 191 122 175 131 65 138 159 23 181 130 66 13 45 48 147 45 60 74 103 199 178 147 28 186 124 3 173 21 101 121 154 184 197 157 116 91 159 101 11 62 68 167 97 39 44 6 111 14 48 92 104 178 32 166 47 34 49 70 
24 146 4 17 78 90 140 200 56 53 29 197 141 169 61 169 61 13 113 72 147 16 161 103 136 144 64 97 30 129 124 85 179 5 47 12 121 52 150 88 34 184 106 105 70 44 35 196 181 78 74 23 141 124 146 139 169 149 93 162 57 3 124 42 116 65 8 167 165 178 1 94 79 133 19 62 47 156 16 136 193 112 147 167 58 74 89 87 9 116 32 12 102 150 163 51 14 155 165 102 158 190 35 74 82 54 68 86 116 8 84 114 117 29 75 136 119 139 92 35 34 98 159 146 94 166 80 60 164 58 175 89 49 123 85 2 10 121 109 120 117 165 117 16 83 147 25 27 28 57 
81 23 99 185 177 43 158 98 158 43 71 71 155 13 75 32 152 92 86 164 28 138 32 115 199 53 39 59 25 164 189 5 121 54 93 13 91 4 48 15 126 153 156 198 175 21 88 178 12 85 30 73 2 193 139 199 64 121 60 149 148 116 34 116 138 133 124 180 31 172 104 175 14 35 98 103 170 10 149 156 138 113 199 113 157 135 93 148 55 13 156 21 62 43 85 179 145 7 51 19 98 190 160 53 177 109 160 123 135 152 34 127 198 68 38 119 125 35 74 26 186 97 154 141 6 136 120 158 64 167 31 64 119 87 137 20 103 153 140 21 194 106 105 39 2 31 67 149 147 72 
70 102 44 51 26 135 55 27 19 49 5 65 122 31 35 118 127 54 149 55 99 139 164 150 177 94 49 171 147 58 6 75 48 75 65 64 26 167 78 200 103 165 126 85 185 32 159 182 191 62 62 192 45 174 91 88 32 105 32 174 80 158 7 20 83 67 45 189 130 137 27 193 15 98 165 167 167 84 115 164 21 97 160 184 125 26 67 106 110 28 190 176 75 18 115 97 185 26 113 68 38 48 16 188 15 104 97 59 25 97 161 118 198 140 2 92 183 34 67 21 183 46 156 74 37 46 124 120 141 60 39 146 174 151 155 148 47 35 187 30 37 47 37 174 72 108 81 56 172 54 
160 122 120 61 1 90 19 34 86 15 72 152 30 7 143 53 70 152 65 81 196 116 137 107 184 184 6 140 118 135 139 61 106 143 76 104 38 145 187 58 59 162 129 41 74 170 47 173 8 41 191 192 173 124 192 55 19 12 4 4 16 187 182 29 85 64 37 200 151 124 55 165 6 13 169 101 1 42 20 169 198 104 115 108 151 73 185 43 89 185 160 152 50 182 96 153 102 44 140 90 15 20 67 95 146 15 87 149 62 106 144 61 162 123 32 15 158 120 179 71 114 88 20 19 13 35 55 94 34 103 143 191 80 62 93 64 2 191 167 6 28 195 158 104 112 143 95 132 32 60 
152 65 152 17 95 189 91 7 163 58 180 165 176 127 80 27 41 113 47 199 38 152 6 20 35 187 136 69 179 146 45 5 95 107 2 34 116 22 116 58 34 164 10 132 135 3 148 192 44 188 8 75 168 163 141 109 44 45 113 185 160 187 104 67 134 125 29 27 51 27 197 65 35 4 159 14 162 65 154 155 42 29 136 97 76 56 100 91 192 106 128 194 44 141 184 125 133 108 93 198 181 121 73 34 102 89 11 132 18 69 145 76 32 133 11 108 156 77 79 11 2 66 46 107 187 185 120 15 80 175 111 41 27 134 104 126 182 140 16 47 149 138 151 122 181 148 130 118 9 122 
167 86 197 61 161 145 78 187 71 163 168 93 88 105 100 47 10 9 37 60 125 95 30 79 193 132 4 57 145 60 36 39 184 38 196 168 106 82 177 104 110 48 24 198 24 16 152 3 145 88 56 97 97 162 50 35 35 184 42 195 42 87 123 2 34 195 12 119 189 51 20 152 132 164 53 129 159 154 87 199 135 177 29 84 143 185 49 135 44 149 80 182 78 179 49 121 73 82 123 148 158 166 175 139 22 57 117 46 75 135 177 134 51 51 8 91 46 125 94 69 132 131 168 178 199 99 12 159 175 48 99 113 108 124 65 60 5 155 37 6 197 7 128 57 172 131 179 26 55 94 
190 78 140 18 177 7 129 28 117 189 93 200 39 28 90 153 81 166 189 191 14 103 34 138 66 142 79 20 115 92 39 152 20 172 1 32 108 63 137 133 85 63 1 69 10 96 25 124 146 183 128 172 104 17 45 75 196 114 160 44 195 135 107 9 148 103 30 117 108 36 29 133 159 105 93 174 49 117 143 134 150 127 104 174 124 188 40 119 14 115 69 45 17 49 185 4 41 128 47 30 112 135 123 42 7 50 38 19 142 93 11 152 2 80 62 200 132 46 29 59 110 110 166 188 48 150 90 109 31 106 193 39 45 69 87 113 28 185 179 117 17 113 144 84 1 132 59 194 103 31 
120 175 52 117 164 188 145 93 60 87 151 101 20 184 31 152 145 17 198 5 160 77 46 144 76 102 193 7 110 13 14 148 47 157 188 184 194 63 4 61 42 142 101 47 110 89 30 154 109 9 87 148 184 82 121 70 200 191 131 109 44 152 128 81 63 73 97 189 89 128 179 186 55 108 31 7 143 127 87 133 112 68 196 40 100 2 71 126 126 125 15 116 56 134 47 82 198 166 141 102 157 183 34 75 157 155 128 40 52 69 161 63 162 120 180 129 93 95 178 151 172 77 146 113 94 137 70 43 166 147 179 96 41 87 104 117 104 57 8 161 77 44 150 142 180 172 128 132 129 85 
109 200 125 187 152 146 73 82 28 61 93 160 193 157 153 111 37 73 139 93 25 30 151 81 177 70 168 83 186 99 120 24 30 71 101 113 109 94 88 158 71 117 122 176 120 89 197 47 160 168 138 132 5 90 13 22 116 193 61 78 165 178 3 57 30 88 60 124 169 102 64 182 193 196 167 49 110 177 173 140 175 14 128 109 92 81 37 104 110 27 43 11 49 169 194 151 169 97 123 152 187 99 163 113 51 144 175 149 78 192 87 109 149 198 20 179 170 82 65 56 135 74 161 85 43 83 59 82 13 12 135 33 191 10 178 94 128 122 111 87 174 178 115 137 34 84 131 74 150 44 
151 13 23 20 50 49 44 85 99 135 146 66 150 77 159 185 78 88 74 41 123 172 25 113 2 189 80 56 46 138 193 148 161 79 140 175 128 25 23 13 170 17 159 181 40 36 176 115 127 79 88 79 93 20 137 61 20 86 23 162 148 54 199 155 44 57 179 83 184 163 15 156 97 153 199 121 63 186 12 198 20 148 103 66 167 50 150 66 82 176 65 106 1 5 127 132 52 196 177 177 88 183 108 137 175 27 162 164 123 102 140 97 173 190 106 194 33 85 185 148 73 153 146 38 133 89 111 83 68 7 65 3 63 100 170 196 115 17 6 157 158 179 148 187 140 3 60 143 39 191 
51 149 167 91 117 20 129 3 76 126 22 55 60 25 179 71 198 186 107 93 197 87 17 176 162 176 108 80 36 92 158 35 148 36 135 114 65 27 12 20 64 142 72 54 168 77 126 50 49 38 114 36 119 29 17 100 104 38 49 43 187 186 101 121 47 1 29 161 145 147 35 41 30 151 131 87 62 56 196 168 192 182 39 179 168 104 35 156 168 130 176 185 53 55 71 109 98 9 166 149 115 84 153 149 93 81 15 164 80 138 135 157 27 138 64 32 187 161 105 62 134 155 117 53 187 157 100 161 151 105 79 147 95 120 150 163 134 113 199 76 85 166 22 144 164 96 92 101 74 136 
83 168 58 148 153 126 42 111 117 115 185 121 2 197 106 108 73 131 95 81 119 104 143 3 25 5 73 4 97 76 71 196 107 52 192 84 45 198 56 109 121 162 28 97 89 123 5 196 71 29 45 156 117 139 5 29 115 173 83 21 179 158 194 28 37 16 19 167 36 71 119 64 22 125 57 122 186 141 79 52 164 78 102 128 56 17 168 145 34 197 112 169 149 86 63 196 50 62 34 179 95 152 6 161 190 34 158 61 130 171 1 42 167 186 124 118 178 57 143 159 24 185 199 22 169 156 186 181 142 79 120 126 35 137 125 56 85 134 175 162 160 51 128 171 72 135 49 6 21 170 
190 75 95 155 115 111 19 151 136 191 121 23 140 58 1 85 90 45 45 116 160 51 70 190 112 129 19 82 116 158 12 37 178 120 103 62 30 36 126 66 51 34 192 41 104 50 134 113 84 121 196 41 27 111 75 130 5 188 189 66 46 38 151 23 98 157 3 56 155 39 67 39 69 143 30 87 57 193 49 23 110 187 116 167 74 96 22 193 177 4 71 13 159 153 107 80 166 109 54 46 145 167 160 178 126 122 180 18 74 180 199 153 148 32 45 54 81 91 54 55 155 69 194 19 71 28 197 90 90 127 81 166 130 151 39 177 177 19 89 190 31 73 85 96 29 142 90 172 18 27 
171 6 24 194 91 126 140 160 164 43 63 112 32 21 12 83 13 7 129 165 37 173 199 154 84 127 16 10 6 79 51 69 96 129 143 10 134 72 14 110 71 103 25 111 123 140 145 127 41 29 129 84 22 133 154 79 186 130 2 107 42 66 26 43 73 72 52 2 45 53 22 29 188 130 82 36 191 5 142 24 179 134 113 42 24 65 172 19 170 27 189 169 44 57 49 156 31 191 163 172 24 142 194 145 91 63 166 174 40 5 134 10 133 170 117 85 35 48 1 2 134 94 139 167 149 180 170 194 46 12 77 193 42 172 168 1 148 143 146 123 192 8 124 73 67 186 150 90 61 161 
114 55 80 104 22 23 61 62 180 106 42 76 151 166 55 70 186 112 194 60 18 19 99 45 199 159 155 56 69 143 89 64 21 151 70 66 69 178 105 122 150 95 68 174 74 85 170 131 35 65 86 69 47 105 159 42 89 118 80 5 198 91 9 67 109 42 96 92 130 91 11 93 141 124 129 47 104 123 138 119 77 78 176 110 200 48 144 50 31 169 25 6 157 70 90 21 18 198 107 164 83 23 53 175 49 171 21 156 15 101 200 141 122 130 137 147 131 151 191 186 30 197 149 35 74 94 128 157 19 167 99 78 66 160 73 81 82 86 34 174 128 70 68 108 52 37 115 109 64 11 
185 92 85 25 137 81 151 188 122 197 77 44 47 161 84 7 58 174 7 78 54 158 189 122 190 43 20 174 116 9 127 103 68 21 38 137 51 118 79 61 135 26 68 13 137 16 68 185 138 134 108 72 2 2 46 79 142 173 25 155 80 126 199 39 128 162 29 20 46 34 8 67 83 150 29 126 107 55 192 14 149 176 162 156 16 17 166 123 54 163 91 129 172 59 58 20 32 28 75 190 135 73 4 196 19 175 89 59 119 111 15 130 20 88 170 153 57 178 191 105 132 111 7 185 200 2 43 163 191 134 115 163 189 148 180 160 9 53 136 100 36 132 196 127 28 61 3 32 82 103 
24 200 61 61 158 140 68 134 149 36 33 31 145 84 74 13 37 110 97 37 80 143 7 142 54 25 175 146 43 121 54 179 149 137 72 10 132 6 189 2 89 104 80 43 11 83 180 122 115 39 28 141 52 53 185 74 51 178 194 53 147 14 149 139 112 19 73 134 10 8 52 97 126 34 90 41 172 146 163 181 25 150 170 103 17 162 43 72 149 183 143 11 51 64 125 19 17 47 11 170 3 27 200 2 179 56 178 128 110 164 28 24 67 63 43 11 14 166 50 59 84 14 150 120 82 195 35 173 156 46 189 37 147 106 95 115 170 153 148 123 87 56 147 143 87 165 45 60 31 19 
99 190 173 60 122 4 189 126 91 4 188 111 185 179 52 185 17 150 59 67 16 159 80 181 112 126 172 88 63 127 25 44 110 121 192 9 156 110 134 106 153 67 40 123 19 34 94 198 1 125 180 57 188 159 130 144 77 18 17 145 124 91 34 76 66 45 108 90 40 56 145 87 9 118 164 82 196 69 196 151 93 166 58 171 167 92 139 188 134 58 128 154 82 144 188 184 102 123 51 34 161 88 187 17 189 187 130 56 196 101 39 98 73 11 103 136 80 108 133 136 126 96 111 59 167 147 6 193 175 37 147 36 34 61 130 115 81 129 90 124 78 161 105 66 99 134 90 116 65 4 
104 127 198 147 191 24 27 59 31 112 183 91 191 103 82 174 68 12 80 95 52 56 16 189 148 46 98 12 18 4 129 112 4 14 103 60 40 108 38 178 119 176 122 99 158 47 6 178 27 29 184 110 189 193 143 66 150 181 161 197 134 192 127 178 67 191 137 178 13 166 12 129 53 70 199 123 13 80 126 12 44 191 158 174 163 187 87 194 59 48 81 78 21 158 34 142 44 37 106 199 143 163 109 190 11 162 85 132 117 43 86 102 189 171 36 126 17 122 50 186 16 115 32 4 183 163 177 46 126 200 142 32 87 165 144 51 91 171 128 27 151 120 98 82 123 148 159 159 171 70 
105 66 35 101 95 123 22 44 46 193 85 2 84 119 22 173 142 15 148 89 141 71 191 138 181 25 116 100 161 164 179 168 80 147 11 144 115 177 157 5 21 52 62 105 37 200 65 41 6 18 85 170 27 30 64 5 189 29 70 169 165 186 108 128 175 2 100 16 177 101 20 179 39 38 174 8 11 105 158 64 189 18 132 198 147 124 70 124 172 1 59 127 20 49 200 39 165 4 186 60 98 135 180 160 135 194 2 137 65 20 144 177 18 21 160 67 23 42 137 194 193 98 61 62 33 121 43 136 89 15 161 41 119 123 175 144 49 194 119 63 171 57 132 186 145 111 103 102 195 118 
108 152 17 46 140 126 125 156 167 148 126 167 12 23 188 99 117 4 184 11 37 57 169 53 135 182 172 11 128 166 13 123 195 34 100 54 117 36 46 97 51 88 152 154 181 17 34 21 94 76 37 16 108 130 27 66 101 167 93 138 22 41 123 103 146 36 181 68 32 46 148 104 159 148 17 70 66 187 131 89 26 94 184 163 101 130 3 134 35 196 162 179 10 24 172 162 82 6 11 168 38 105 112 72 132 167 69 188 152 110 91 46 99 136 27 65 113 71 31 187 31 12 3 34 90 16 185 80 40 109 178 8 16 125 125 186 120 14 142 164 126 101 65 167 111 41 19 115 52 30 
96 26 94 16 16 132 25 22 14 5 133 60 158 3 32 79 146 69 116 149 173 136 93 140 36 47 130 100 184 70 59 158 63 150 43 115 6 85 173 2 67 1 186 141 163 102 44 76 185 146 26 159 93 8 146 96 44 84 158 153 191 77 70 141 72 29 163 99 121 141 118 64 65 192 124 19 21 191 95 5 8 50 19 27 198 58 73 195 48 53 200 137 144 164 98 176 174 160 70 161 71 27 139 109 65 80 1 69 99 181 175 135 26 135 65 91 63 146 85 144 8 166 33 174 4 123 157 146 20 66 130 97 147 2 177 61 193 3 166 176 135 2 177 160 78 118 63 33 39 137 
174 146 151 8 137 181 146 68 54 77 62 6 163 145 23 55 6 196 169 40 129 140 183 135 3 30 72 162 66 48 2 183 19 17 12 60 174 47 150 29 190 162 178 68 79 115 3 196 169 181 16 157 129 178 64 199 9 45 111 155 185 183 119 188 197 37 31 101 34 183 146 16 8 144 19 122 59 160 63 123 105 73 142 21 138 152 124 13 83 133 192 85 157 60 30 69 129 48 196 29 80 129 156 117 194 27 53 40 143 31 1 33 142 183 58 49 75 124 40 195 96 54 34 163 114 61 102 122 160 176 195 58 123 188 174 140 42 196 148 92 171 129 107 32 22 138 51 38 120 153 
194 157 64 97 163 170 51 75 70 101 131 32 167 174 110 111 142 59 46 133 78 19 139 42 54 8 5 59 107 80 56 134 72 48 33 160 91 14 97 75 157 144 121 15 47 170 69 151 124 25 186 29 91 43 60 60 45 176 83 157 166 125 87 20 197 13 79 65 138 77 55 161 99 124 70 36 28 131 126 133 5 95 82 142 94 26 200 78 137 11 145 15 56 165 156 21 176 65 182 119 186 199 106 167 147 87 38 177 15 9 1 51 13 175 77 62 197 129 46 72 159 188 149 190 11 153 171 4 188 183 2 122 107 127 166 46 7 72 105 35 72 169 31 148 36 112 37 135 144 83 
25 180 106 177 95 20 178 20 110 170 128 103 60 195 83 67 190 200 158 9 7 100 166 78 30 140 98 131 57 91 120 135 5 129 175 44 145 80 178 72 58 184 126 165 29 153 62 21 199 194 107 106 6 177 158 48 125 103 151 44 147 84 97 187 156 39 61 159 133 191 197 109 41 38 158 86 196 101 199 14 181 176 198 165 140 187 146 31 130 24 3 153 60 22 136 148 161 193 130 124 71 3 29 82 144 198 35 120 85 57 13 178 145 186 102 86 152 7 107 30 72 17 75 70 86 95 49 117 62 86 121 6 145 103 170 144 55 88 92 171 129 16 142 44 59 71 144 110 156 83 
78 160 122 26 106 134 41 147 86 153 45 176 57 163 38 20 64 133 143 131 168 115 117 90 121 182 63 146 21 165 181 30 58 114 190 92 179 93 199 71 43 169 151 82 9 78 120 46 182 24 88 49 80 116 153 159 84 7 17 117 151 72 27 172 146 98 54 40 98 143 55 162 193 179 66 4 191 45 22 184 89 64 171 159 29 78 130 143 191 41 25 183 12 181 73 29 150 2 171 105 136 82 35 48 38 197 130 104 84 54 104 162 5 113 56 81 137 117 95 48 144 185 10 131 61 140 145 12 140 143 146 162 179 31 128 146 128 36 169 164 179 11 4 32 168 46 102 66 171 102 
1 178 31 61 155 103 59 43 81 176 99 36 71 128 61 23 46 160 40 177 117 74 14 114 165 177 197 146 122 142 40 165 16 48 122 66 199 122 186 171 188 187 31 104 50 128 34 104 81 89 130 71 152 156 51 33 37 53 39 19 117 14 82 83 109 175 19 31 95 54 37 68 36 163 87 137 56 128 198 66 123 162 146 65 175 57 39 2 51 38 72 90 90 195 86 34 24 172 67 134 164 184 115 128 153 92 69 184 11 37 149 30 168 42 189 175 188 138 180 98 189 6 102 19 36 10 2 127 101 85 81 103 194 9 23 88 158 42 22 32 163 30 29 153 64 166 95 22 100 39 
80 81 182 165 130 165 104 75 16 51 15 89 141 110 145 26 58 151 11 105 110 171 57 103 148 50 98 178 48 135 159 89 43 185 167 116 65 130 148 49 89 177 186 126 196 116 180 30 97 66 39 158 96 61 127 25 110 197 121 34 167 68 47 45 19 128 7 170 25 24 99 105 94 122 29 180 105 82 199 96 111 165 156 145 195 138 150 45 115 56 154 170 76 6 163 143 69 147 162 122 83 89 12 30 66 161 14 64 69 188 164 8 52 75 69 28 8 142 191 156 76 120 138 18 136 16 19 60 112 90 87 75 192 86 186 157 173 148 45 46 63 16 105 89 54 116 12 38 145 27 
115 101 131 86 148 115 152 66 18 185 8 171 125 146 47 146 175 198 113 73 60 71 148 157 45 133 88 124 10 67 159 4 65 179 23 157 154 4 171 58 76 9 77 183 109 40 190 105 100 174 67 45 46 47 22 162 160 156 120 146 19 141 168 173 132 47 34 14 139 76 84 36 140 119 109 101 24 6 125 62 159 11 198 111 124 94 178 132 181 91 54 14 54 142 77 2 48 33 35 151 155 156 5 97 35 17 79 6 176 145 84 143 159 107 122 162 84 7 51 162 9 161 175 25 10 71 191 18 131 191 176 182 114 129 79 188 187 183 121 21 31 102 133 140 137 114 129 90 31 131 
42 169 179 39 176 143 14 112 153 183 41 176 176 188 20 28 25 46 118 46 31 141 110 67 157 192 7 103 17 42 77 80 106 22 108 197 174 196 46 22 186 27 32 131 34 193 28 146 120 136 18 31 4 58 135 55 70 73 66 76 9 93 187 35 122 197 81 57 119 184 164 186 194 14 150 166 62 102 191 97 91 197 109 95 160 48 122 119 91 115 29 31 29 144 1 17 196 55 152 7 179 155 169 14 125 22 126 74 135 27 71 63 5 56 154 184 191 23 194 87 1 70 197 46 68 157 108 72 145 145 124 49 54 15 198 127 53 6 80 142 48 173 22 185 176 135 114 63 6 134 
190 87 56 165 194 183 37 148 179 40 95 111 73 46 42 115 128 27 115 103 85 75 199 47 139 94 181 82 45 170 177 184 177 161 177 139 199 57 145 188 186 193 113 199 180 65 138 96 179 115 83 161 170 76 165 170 130 144 6 151 135 69 100 133 65 37 136 135 15 53 141 148 194 25 26 59 19 107 77 7 172 26 2 116 54 79 58 100 184 86 30 8 86 104 33 50 80 161 87 3 71 51 100 119 51 19 31 190 184 36 193 144 103 135 140 63 44 87 176 76 72 4 166 43 160 161 51 120 76 69 7 19 153 160 103 25 138 100 69 128 170 77 156 149 84 52 115 63 44 81 
165 195 4 40 58 67 154 66 27 161 4 163 51 2 129 17 4 157 160 108 104 68 125 78 106 174 195 161 179 44 56 142 141 134 88 78 180 102 187 191 196 132 60 85 140 98 97 11 82 15 20 113 43 150 189 28 67 104 44 70 52 124 116 142 75 159 58 52 36 65 148 92 59 71 167 112 69 185 58 143 123 136 42 99 54 8 101 134 191 165 43 186 148 106 50 160 5 199 39 139 189 125 102 99 51 60 50 165 133 67 129 151 163 186 149 70 182 64 90 169 23 34 8 80 183 92 30 126 196 187 102 55 137 142 116 186 192 71 169 134 164 58 63 145 74 109 44 81 196 199 
152 142 156 85 26 57 165 155 2 152 158 93 102 32 112 97 146 28 142 25 124 70 188 143 93 107 149 195 195 113 139 96 60 157 9 106 27 160 88 146 124 185 167 76 9 118 123 187 22 112 114 77 106 21 193 86 178 10 30 106 41 198 90 108 44 50 76 181 4 34 46 55 41 117 192 56 174 119 14 133 137 189 163 52 66 19 92 159 77 87 166 165 98 136 179 168 156 45 65 183 145 12 90 62 67 30 73 102 47 21 187 119 107 54 97 163 174 147 26 106 57 62 26 76 113 92 82 81 12 168 32 107 24 20 125 43 73 52 171 136 135 150 61 193 80 33 135 88 9 24 
125 200 116 42 118 23 126 156 46 103 88 75 104 59 100 20 39 102 59 179 93 61 70 130 115 165 47 22 151 85 107 118 181 122 178 153 117 61 37 143 10 181 186 172 89 131 7 135 11 196 117 139 194 126 161 68 58 39 153 19 160 13 15 153 105 105 99 169 171 16 101 126 99 102 189 44 61 114 16 144 25 151 30 107 137 40 71 11 47 85 43 57 89 12 180 7 89 118 62 94 120 26 80 27 116 134 139 120 119 168 179 112 89 21 173 48 34 192 87 116 34 180 3 55 192 24 190 132 124 47 81 73 116 140 27 116 6 181 131 131 188 187 192 41 165 129 34 87 155 156 
175 84 180 50 13 44 190 182 74 90 164 11 174 179 21 28 156 21 12 21 19 136 151 22 142 196 64 187 83 78 76 130 49 5 44 162 70 123 146 126 64 127 114 155 175 9 157 80 58 107 14 189 58 168 110 14 20 169 147 23 14 23 69 105 117 164 4 114 119 80 188 178 104 123 17 50 142 198 132 164 135 170 190 176 157 62 194 183 13 184 196 82 57 86 59 121 99 46 14 131 43 196 143 74 61 184 180 144 66 6 166 135 46 30 152 130 140 49 140 36 71 88 81 198 139 174 187 22 136 1 28 134 104 35 115 21 41 197 146 165 145 160 103 151 143 146 179 107 111 54 
172 153 124 155 18 179 42 18 133 13 106 96 142 56 51 190 67 72 15 118 123 59 134 168 120 38 149 44 84 82 81 22 51 152 52 14 17 51 83 3 159 49 134 106 63 56 108 93 186 70 158 3 6 92 27 130 96 91 154 195 184 102 108 147 174 190 36 53 196 5 135 75 32 73 126 155 128 130 82 78 39 5 45 96 79 56 176 49 34 5 63 129 83 53 16 11 29 60 160 167 186 49 137 38 33 81 178 131 101 11 87 134 35 55 180 50 146 75 67 163 39 181 38 56 28 52 192 46 136 60 17 102 130 24 57 116 74 198 34 94 171 65 104 174 46 5 73 77 130 119 
45 86 59 155 68 98 97 55 144 161 147 190 153 185 146 92 37 113 147 73 154 37 87 56 7 8 136 113 25 15 133 83 15 183 87 2 196 42 53 128 102 54 77 106 117 185 83 46 52 87 124 34 22 48 67 102 66 89 104 77 83 36 86 200 5 152 35 38 104 172 71 172 67 90 134 189 155 69 22 145 44 133 122 29 54 14 162 79 110 60 129 143 133 175 160 72 88 123 120 74 22 31 185 165 15 150 170 118 194 3 142 81 28 164 80 44 94 41 59 76 187 29 19 106 194 135 188 4 200 24 9 103 10 32 200 179 31 90 182 190 27 42 175 155 59 15 23 113 166 18 
184 187 142 63 31 3 116 183 99 43 31 99 195 120 46 160 192 116 146 180 194 113 151 175 83 128 134 158 141 13 110 172 62 166 117 101 109 18 137 127 167 67 151 19 89 70 59 90 166 81 104 82 151 149 9 54 62 154 96 139 109 20 45 116 63 118 37 25 148 55 196 41 116 53 19 140 49 145 110 9 66 99 58 71 120 67 110 112 47 63 73 139 89 68 61 144 21 126 57 101 89 65 181 53 132 175 28 120 8 6 69 150 43 39 58 54 153 157 22 66 60 129 52 140 73 165 70 73 150 37 75 40 121 140 113 170 31 44 135 53 161 25 187 199 183 116 46 181 65 123 
88 86 112 105 69 162 84 22 191 122 42 121 58 2 34 8 146 192 148 43 82 28 154 126 20 149 24 183 104 34 140 54 36 36 76 128 66 175 11 37 80 5 62 16 178 169 29 93 165 102 46 90 168 55 35 61 145 109 36 50 176 30 94 113 101 188 40 66 164 48 92 165 167 124 60 123 149 131 76 198 125 31 48 60 179 146 67 57 143 59 11 74 197 134 157 32 123 76 166 85 24 53 169 34 98 73 71 200 28 172 91 177 21 11 41 31 166 71 72 187 32 60 133 91 159 124 64 72 103 57 196 81 110 165 5 108 23 200 14 105 62 102 41 129 57 157 137 136 67 25 
32 51 78 100 73 21 68 121 88 67 87 134 77 74 105 113 130 64 16 135 53 39 139 191 145 9 137 138 187 118 88 160 166 2 78 146 83 74 78 63 103 54 152 91 107 12 143 63 173 100 43 82 177 131 40 55 93 51 187 165 105 69 129 102 159 13 193 55 128 37 33 13 112 44 129 158 48 54 8 188 125 166 172 155 61 39 28 135 34 65 24 55 78 51 118 148 79 79 39 197 101 141 31 114 43 76 135 152 128 165 86 93 5 91 192 111 189 68 171 166 4 150 155 107 130 198 187 177 130 19 180 169 33 104 132 136 74 106 24 169 186 126 160 17 117 92 33 61 99 36 
149 27 94 174 80 92 147 70 170 16 188 187 56 126 21 83 168 93 80 42 138 124 140 101 157 93 104 147 45 183 98 146 122 97 178 43 181 189 193 20 117 98 146 72 172 131 46 185 153 196 150 113 21 196 86 12 65 67 129 116 192 122 180 65 185 110 3 4 97 108 17 138 103 12 41 35 108 188 109 6 170 173 111 193 129 120 72 93 99 27 92 7 116 3 74 192 148 108 180 74 157 129 34 4 182 132 148 33 153 165 111 65 20 130 92 84 83 51 14 20 111 99 50 190 79 142 34 127 114 125 14 75 137 99 187 69 33 142 5 194 94 109 11 122 20 40 72 24 61 38 
150 8 171 100 161 194 142 96 97 58 40 181 100 27 62 186 107 181 167 41 132 168 73 106 34 62 182 32 157 153 129 183 67 105 198 28 20 162 69 91 117 151 8 11 25 26 154 56 184 109 186 34 142 145 39 32 110 81 53 139 6 106 103 196 42 9 38 149 161 95 184 76 166 154 166 141 158 191 22 101 130 94 54 127 31 150 125 31 158 51 50 199 26 68 52 118 164 66 6 199 24 27 172 112 122 42 176 4 175 33 165 158 36 191 127 158 37 16 188 128 135 162 33 182 124 20 71 62 176 178 49 36 66 3 129 159 26 82 103 40 164 126 129 54 90 114 107 56 74 100 
79 18 151 56 183 176 19 110 109 200 170 100 43 158 78 179 77 17 86 185 48 15 136 87 196 135 77 24 38 142 30 116 46 138 6 65 186 132 118 24 100 34 192 199 130 30 127 83 81 60 49 166 119 192 193 97 105 34 174 44 156 132 128 54 173 49 14 144 158 166 192 35 110 55 12 3 89 193 118 74 47 16 1 84 89 160 86 143 41 181 199 42 44 19 164 32 167 198 5 155 66 143 26 110 99 68 96 129 46 103 186 122 163 182 124 108 159 168 24 58 157 44 10 125 199 71 38 126 147 181 61 59 86 153 70 36 196 54 61 59 185 155 163 126 44 85 164 17 137 161 
168 123 61 29 84 133 177 16 77 199 90 20 132 88 97 126 198 91 69 36 54 181 167 138 107 128 103 49 99 116 67 64 116 76 174 183 153 60 17 152 102 193 167 101 183 173 169 33 94 182 96 184 111 121 195 122 148 123 30 171 115 6 69 80 155 112 29 6 101 138 150 41 177 138 103 2 163 44 126 40 66 120 137 45 134 127 146 190 121 42 19 47 184 60 183 168 112 191 177 38 1 177 91 186 157 69 56 163 133 142 170 162 51 132 67 140 104 16 163 24 69 145 11 117 40 134 5 179 16 148 120 64 139 183 139 68 100 47 197 168 20 45 85 47 55 77 95 118 7 129 
41 75 43 112 156 85 48 122 15 148 68 109 119 9 101 48 72 24 87 105 123 156 151 34 156 42 125 64 127 96 50 64 128 65 149 122 187 172 17 114 88 140 173 178 112 28 180 80 63 162 11 165 187 176 130 16 153 26 138 198 196 45 135 36 83 92 85 19 80 10 74 42 27 119 72 144 150 193 67 106 192 74 62 59 34 133 198 115 7 116 162 69 147 87 24 27 18 68 144 35 66 118 199 126 188 149 115 191 145 180 122 81 124 147 86 151 44 169 160 3 10 182 119 80 24 168 57 40 159 35 175 130 79 7 17 131 145 140 78 19 199 196 49 122 167 200 80 99 122 194 
85 73 83 61 56 22 22 28 34 151 95 136 32 142 37 73 175 133 137 57 124 14 72 172 84 129 1 63 155 189 165 67 33 125 9 125 86 162 36 62 49 181 109 188 151 179 20 42 113 170 80 100 135 192 188 125 42 54 35 72 106 194 132 103 42 13 137 86 39 172 59 196 124 63 27 128 154 184 127 86 199 51 7 120 58 157 153 185 171 7 119 168 22 31 133 117 187 183 100 194 145 73 1 39 197 109 195 154 97 100 200 146 48 159 45 105 24 17 29 166 50 138 46 186 24 13 146 142 98 97 166 14 43 71 19 94 134 82 71 149 185 3 183 84 16 186 151 154 175 70 
86 50 189 181 181 47 182 184 97 55 44 123 80 161 148 62 120 68 79 17 160 7 170 18 153 152 109 39 167 104 147 123 152 30 1 185 27 182 98 24 51 35 186 36 6 33 125 161 53 44 13 154 178 128 58 118 170 194 25 166 104 48 85 132 47 189 81 177 187 125 13 153 18 130 88 29 147 151 95 97 140 41 36 165 176 159 75 68 108 124 113 86 110 134 114 6 193 55 94 193 144 28 77 167 76 114 74 198 72 121 81 126 147 99 51 73 40 199 145 60 49 75 121 74 29 23 19 27 154 48 114 135 66 48 156 132 93 159 164 71 68 61 81 198 130 55 37 121 136 5 
151 198 53 199 38 81 88 183 189 173 174 42 91 143 106 109 180 94 53 102 144 152 51 155 96 48 178 183 174 138 79 43 23 115 81 180 52 17 163 129 139 32 156 48 152 3 159 87 154 142 117 47 33 138 155 62 72 86 35 115 104 187 135 140 78 103 179 82 38 98 111 4 33 54 97 98 16 143 90 180 52 113 74 49 77 190 36 53 131 181 49 46 10 167 45 197 16 120 57 114 30 60 65 72 141 142 124 2 20 26 85 37 43 97 75 110 13 179 172 23 25 180 196 32 163 169 137 143 26 23 50 79 167 191 176 141 124 80 88 6 160 106 78 48 12 173 157 21 6 188 
143 31 16 77 19 129 171 11 14 37 173 127 106 56 146 125 132 92 190 110 53 24 59 27 169 96 54 135 3 138 1 33 111 46 196 125 13 53 190 138 85 41 99 134 150 162 106 84 70 109 175 156 159 85 155 39 149 68 72 199 112 2 149 82 184 65 51 178 187 6 63 60 66 17 27 97 32 159 56 180 136 175 6 110 136 93 155 88 104 178 43 1 153 81 105 116 82 116 87 88 24 111 68 61 136 88 168 93 11 56 120 186 12 10 52 135 30 41 198 102 95 69 115 30 148 142 30 182 77 1 54 126 171 112 130 2 4 19 34 110 132 106 73 149 129 92 200 187 159 169 
33 7 166 191 64 127 104 72 105 49 1 45 110 16 165 143 200 144 33 132 14 1 98 166 197 189 11 13 33 31 164 23 45 189 38 124 4 136 24 196 76 190 100 54 45 144 85 28 148 102 157 45 162 146 140 85 181 100 180 119 180 12 164 183 44 52 194 159 114 101 135 82 147 172 114 102 160 177 168 35 95 152 46 161 26 149 4 60 200 98 33 182 112 150 29 192 82 181 79 92 58 97 113 49 136 177 124 47 127 191 25 152 17 134 187 111 171 102 61 65 133 60 61 37 160 141 135 100 10 47 164 19 25 33 8 169 132 197 53 53 71 63 74 44 136 55 79 98 9 16 
74 138 142 108 115 72 107 173 102 30 20 19 121 145 26 30 20 48 155 44 192 146 191 161 93 73 141 156 186 139 64 141 169 30 102 15 51 134 114 48 104 64 132 187 70 70 64 183 191 77 159 67 143 41 177 64 149 197 105 14 3 101 139 98 139 192 1 25 196 111 32 7 110 63 85 78 172 118 86 111 81 27 79 103 101 85 49 61 195 51 147 150 58 180 120 174 144 57 29 114 73 43 159 122 108 63 105 171 3 185 41 99 59 131 102 99 54 151 173 132 188 57 50 181 55 41 77 149 130 154 25 25 160 144 165 79 112 80 35 12 114 188 51 185 186 59 71 104 23 50 
92 146 119 5 121 190 157 100 153 94 158 92 35 7 176 83 89 160 83 118 130 200 143 5 190 129 180 23 93 102 170 14 111 88 46 18 183 137 157 96 189 171 172 7 88 48 104 136 72 79 105 109 91 103 178 125 164 153 5 135 46 54 78 8 172 135 38 156 47 142 17 130 34 99 186 173 146 6 62 2 112 76 162 15 31 104 94 199 169 187 135 22 56 149 126 134 6 127 31 170 71 62 84 89 54 118 15 97 77 99 74 183 136 145 131 19 94 43 106 43 152 14 180 103 88 51 114 10 49 131 56 100 5 197 130 102 117 93 2 83 190 6 148 81 32 122 112 199 114 191 
10 59 120 190 72 192 184 98 197 137 26 101 171 30 132 61 126 112 79 93 30 159 199 172 49 100 103 156 115 70 151 125 170 43 65 39 123 1 2 164 44 66 142 4 91 127 175 139 76 188 62 186 154 12 14 111 29 97 136 67 74 68 110 85 170 118 165 176 171 182 31 160 187 48 98 12 121 188 22 155 198 105 71 126 89 112 175 3 166 77 188 84 166 15 65 112 11 48 97 50 191 148 40 13 121 75 122 151 188 194 199 29 32 156 27 1 105 47 31 68 112 4 89 1 119 50 94 66 13 134 169 163 172 83 27 59 71 85 158 84 142 137 66 130 8 121 39 131 163 155 
67 41 7 155 185 164 47 187 152 76 86 21 109 168 84 77 82 198 135 37 112 152 133 7 44 50 88 145 114 40 81 177 63 13 55 177 168 12 40 128 93 78 182 18 18 3 185 149 30 75 21 111 139 116 38 180 188 185 65 181 66 200 73 85 117 9 154 158 36 157 68 74 14 194 36 195 82 25 84 169 172 167 11 55 72 177 96 67 94 167 115 6 198 112 7 126 51 6 197 138 155 66 168 76 188 190 176 19 90 161 140 70 53 83 4 159 160 95 163 97 163 140 49 170 64 153 85 125 99 17 175 18 111 59 178 52 133 174 69 188 86 63 178 60 110 88 44 3 93 100 
121 198 23 10 19 55 17 199 194 195 168 71 24 4 178 134 193 75 150 124 127 123 140 151 153 98 25 46 64 6 151 88 94 189 25 151 185 132 35 60 31 37 180 169 191 40 78 157 33 2 97 136 41 74 99 145 174 31 41 71 26 31 165 139 126 120 20 53 179 150 29 96 41 33 123 52 172 67 125 100 176 178 180 76 136 111 27 65 94 7 13 183 142 63 70 139 186 49 97 150 120 106 47 97 25 194 156 108 90 38 147 141 68 175 168 3 152 175 16 74 11 6 149 136 93 168 40 83 48 117 154 160 39 187 123 74 126 196 76 101 160 1 187 131 154 70 18 144 176 184 
147 46 188 169 96 75 139 73 77 82 12 91 50 22 81 21 189 39 125 84 41 112 124 134 189 64 42 16 117 180 176 93 147 25 70 39 12 9 161 163 139 54 55 33 37 132 77 3 200 1 141 129 137 116 63 24 163 37 62 181 75 20 198 55 78 4 86 18 78 184 199 20 104 83 147 32 8 94 127 136 149 38 128 4 115 138 100 161 196 133 66 85 120 134 49 12 139 200 114 54 176 149 128 110 191 89 120 70 11 148 192 32 157 105 78 191 43 2 1 59 89 13 84 94 2 108 104 88 3 155 190 102 192 99 41 84 13 143 183 63 143 86 86 140 72 72 28 148 129 28 
181 108 145 125 134 137 127 155 185 18 175 71 3 95 109 185 107 70 43 130 174 47 160 182 82 88 85 59 178 145 162 32 7 91 41 8 196 78 171 132 68 100 150 139 172 158 192 186 113 55 135 154 59 11 96 49 5 169 144 94 46 114 118 42 122 165 131 95 17 143 16 48 171 168 111 139 1 174 181 42 68 12 185 111 110 166 55 129 42 186 11 164 112 78 13 168 186 69 178 20 26 56 17 16 79 112 6 46 111 77 44 154 136 72 101 199 63 187 30 20 149 3 132 165 106 146 105 59 36 94 162 41 133 172 43 166 16 46 103 40 60 120 119 119 63 129 124 53 102 110 
176 123 77 41 54 159 97 132 154 108 32 5 117 64 151 70 94 189 135 42 175 18 24 18 57 127 178 61 67 29 22 49 139 77 109 3 197 66 35 52 150 51 193 86 104 33 98 197 104 121 84 149 158 88 103 157 97 110 157 149 121 173 93 61 27 131 16 166 139 190 64 68 143 50 62 141 130 185 58 11 69 194 187 49 80 195 106 89 78 48 154 191 23 107 193 44 109 81 119 89 187 53 125 12 108 49 22 123 84 6 133 162 98 29 137 37 192 186 3 142 105 86 2 151 120 84 59 166 32 122 34 51 13 65 86 138 21 95 131 182 30 56 121 30 46 27 183 134 75 24 
185 16 40 43 17 77 180 28 80 55 128 16 107 144 9 32 109 176 55 103 77 150 144 119 3 198 49 74 49 121 56 155 167 113 43 140 187 186 85 113 74 56 65 90 164 195 82 184 101 168 63 107 153 50 16 88 68 27 141 74 96 131 76 113 111 179 174 74 110 167 62 190 166 98 70 146 115 49 94 65 6 49 127 109 1 82 62 134 169 62 9 67 125 66 84 197 145 25 159 170 150 143 184 74 156 7 51 67 3 130 120 163 86 37 107 99 113 28 93 104 167 123 85 75 91 99 24 114 124 68 101 122 95 88 101 126 92 106 70 96 169 167 31 138 7 98 172 192 176 77 
65 15 153 199 36 44 138 90 3 69 22 77 96 198 51 151 160 113 116 102 92 16 166 144 118 104 62 180 38 117 62 160 40 124 134 14 53 79 74 17 54 28 14 138 125 75 146 152 68 14 126 40 127 73 74 121 115 138 194 47 10 154 14 105 11 130 46 126 55 67 173 126 87 171 194 34 152 95 92 149 39 59 126 73 63 142 62 122 123 168 69 54 198 116 149 143 42 36 42 196 85 124 167 76 128 146 131 169 174 17 49 73 179 154 6 43 133 50 74 175 187 122 175 92 116 42 158 151 175 171 180 163 97 90 9 149 29 44 90 59 180 57 195 165 73 175 165 139 124 13 
169 112 185 116 164 73 152 71 160 135 70 19 163 126 86 114 176 173 52 45 168 190 148 34 194 77 109 36 100 35 194 167 99 185 153 66 135 180 144 159 138 96 172 22 96 183 47 19 89 62 199 105 1 73 140 160 126 185 71 190 68 67 186 148 10 131 182 150 119 19 20 157 114 125 159 137 169 95 77 93 123 83 175 168 117 5 155 49 150 83 182 1 72 30 111 42 44 199 35 185 105 125 42 15 130 134 85 151 16 14 51 81 174 59 54 19 78 179 64 155 87 27 121 195 137 172 125 160 88 9 3 117 130 124 53 106 161 112 19 44 69 29 181 15 97 192 29 23 138 30 
33 170 133 142 166 131 77 137 147 12 41 160 197 69 19 183 95 132 129 66 98 132 35 104 195 56 39 32 62 60 171 132 69 19 142 82 70 81 146 200 193 29 72 82 132 171 196 148 69 92 8 166 13 197 31 66 104 133 55 11 38 84 57 121 114 154 183 80 66 159 194 121 102 177 158 18 83 174 99 63 159 49 100 62 26 88 21 28 10 13 115 93 21 3 82 194 198 34 96 197 27 26 51 185 145 180 184 169 74 129 84 191 13 161 182 200 60 144 180 118 102 199 25 146 173 74 38 114 126 200 9 104 102 4 115 59 190 141 29 2 106 200 32 184 94 184 157 71 140 168 
45 74 141 132 24 174 195 51 82 4 56 117 164 138 174 147 10 6 173 17 121 37 151 13 37 149 178 145 60 27 6 85 87 101 151 59 103 147 128 140 69 77 179 197 66 97 64 63 131 81 150 185 185 62 30 19 182 49 118 117 45 199 5 129 146 57 195 152 181 4 12 23 122 78 29 55 85 37 1 158 10 121 79 80 145 25 63 95 109 146 71 156 20 153 63 8 146 9 196 173 189 57 38 127 87 170 14 145 53 96 51 30 113 174 83 6 123 142 184 81 28 125 184 150 185 165 120 157 24 34 187 108 103 37 86 66 141 160 172 61 125 150 102 136 106 183 42 66 193 137 
150 195 72 150 141 175 104 168 5 63 155 15 29 191 179 169 19 43 195 92 160 22 31 110 69 150 136 116 48 159 192 153 92 162 107 124 87 90 150 116 42 21 102 123 97 111 120 36 72 49 188 148 155 14 199 123 61 144 158 195 123 47 45 154 153 92 151 62 135 118 58 1 183 93 61 26 198 198 90 167 168 41 175 64 104 145 109 126 186 72 157 17 101 150 143 177 136 182 74 89 164 24 198 81 181 76 127 63 161 107 68 37 78 190 88 99 64 87 142 86 116 153 97 21 149 52 100 100 177 76 80 59 135 39 96 54 138 7 42 147 184 195 86 99 95 130 25 111 182 66 
168 59 7 197 109 115 5 190 78 99 122 8 21 2 146 31 2 174 177 110 75 152 103 159 86 178 9 195 165 48 4 147 123 66 179 4 35 56 194 87 187 164 159 117 154 79 129 147 35 80 179 24 71 56 137 124 45 27 96 162 92 134 155 79 26 101 188 74 16 135 112 153 155 190 66 97 103 88 40 91 115 185 43 113 98 1 165 1 163 101 199 12 35 136 158 74 12 196 133 100 73 189 195 188 52 121 108 136 161 3 146 10 105 48 94 78 81 71 80 70 178 147 135 107 141 101 3 68 30 20 103 138 154 137 16 44 98 185 74 110 180 76 121 166 26 171 46 72 14 146 
35 78 141 108 24 64 113 184 12 69 4 120 102 42 199 69 87 13 107 135 92 136 12 192 59 189 39 23 28 132 105 48 131 70 54 78 170 193 200 158 127 132 140 19 129 44 35 18 75 65 116 113 132 84 73 53 147 54 1 91 48 21 86 127 103 181 55 117 29 200 90 25 134 97 182 100 198 189 28 117 154 54 165 139 184 25 172 20 72 72 137 101 61 8 73 25 18 14 44 61 58 18 167 103 83 102 125 133 50 194 110 135 20 133 39 146 98 71 156 35 65 130 6 160 28 49 178 146 49 26 11 73 162 40 121 129 46 162 1 4 72 57 54 10 70 86 61 1 6 137 
189 6 6 31 60 82 186 133 19 188 200 66 183 96 132 80 4 144 1 158 5 33 146 63 139 89 50 140 67 164 18 24 175 193 48 106 3 182 113 114 63 157 106 150 113 21 79 171 197 96 11 90 143 134 77 4 189 106 90 173 60 41 132 76 43 99 112 107 39 164 126 67 15 91 21 107 45 118 103 46 98 158 58 183 149 145 15 4 35 90 41 140 106 157 20 79 169 70 45 118 155 30 167 173 40 42 56 100 29 200 64 125 61 105 198 178 148 88 131 33 24 3 66 125 158 197 2 181 172 195 81 51 57 200 106 18 191 181 134 61 128 39 193 164 187 143 94 159 86 170 
20 127 181 101 83 78 70 173 43 37 51 110 127 79 111 93 12 135 30 195 111 27 191 80 15 192 172 107 38 152 101 90 53 118 18 89 42 117 181 85 102 100 97 94 161 62 131 193 67 11 176 55 83 132 138 107 30 137 68 138 90 6 56 102 9 49 50 176 116 179 180 138 58 21 197 113 30 112 112 63 23 7 157 111 142 135 133 5 165 140 194 84 186 141 124 118 45 75 165 49 110 112 61 184 107 139 104 71 19 116 143 171 10 15 85 115 162 157 118 12 107 161 6 6 75 79 107 18 185 131 93 70 45 161 37 16 183 27 67 188 138 57 139 75 170 99 80 73 157 77 
30 108 22 89 4 58 192 165 188 24 196 107 174 86 123 9 139 12 188 144 46 192 83 181 116 12 41 66 51 91 94 156 92 46 180 43 131 51 6 158 86 16 197 80 84 135 1 3 197 94 97 19 59 96 48 133 188 1 81 84 144 17 53 42 176 102 162 25 133 43 42 114 86 185 116 112 69 35 165 113 39 109 110 157 183 30 42 151 45 158 14 151 163 108 177 109 153 192 4 131 39 1 190 166 137 68 143 19 85 167 58 138 142 17 88 50 40 39 131 159 76 44 135 137 192 114 99 84 43 59 159 41 42 119 72 108 148 58 29 168 77 48 42 49 17 30 179 150 4 127 
120 129 140 55 177 38 102 194 100 36 36 138 182 183 155 117 174 69 93 22 62 15 50 161 59 10 64 73 179 80 148 166 176 146 41 149 161 39 197 161 44 1 152 119 62 184 56 145 68 54 35 73 131 48 32 165 90 50 132 133 69 64 70 65 76 174 188 91 164 43 18 55 106 34 162 36 114 145 8 116 176 16 121 56 140 131 130 193 29 163 196 149 199 132 93 131 127 113 46 200 105 111 51 199 86 168 60 54 195 118 44 169 74 156 36 3 87 6 48 64 164 173 170 102 178 102 10 107 60 53 142 44 58 51 81 86 148 125 185 187 122 57 65 4 58 119 177 96 116 125 
42 95 64 51 42 51 71 125 37 145 150 123 42 38 84 182 198 137 34 200 82 167 28 30 40 32 17 115 54 121 59 140 56 50 116 114 37 94 117 27 29 174 158 130 13 200 24 187 38 138 178 30 90 179 138 192 130 88 30 93 34 23 62 2 171 54 126 174 52 147 52 190 158 142 10 21 102 129 22 14 105 45 107 82 50 52 165 85 159 114 159 47 196 126 147 153 165 194 166 80 191 182 88 101 118 53 40 136 163 43 63 64 193 31 61 151 184 17 40 23 181 177 103 101 176 34 128 132 34 153 99 124 136 59 81 15 184 90 150 166 58 134 185 182 133 12 126 196 25 145 
131 138 114 135 127 119 33 116 60 6 41 176 56 148 162 20 183 62 125 97 117 105 8 119 124 196 83 5 102 100 161 46 129 109 124 138 94 110 111 163 51 2 36 131 196 33 172 116 51 17 181 84 152 17 11 47 124 169 42 2 119 133 151 34 43 172 148 142 185 24 47 187 131 95 99 45 62 10 32 101 91 64 190 127 50 64 11 24 4 182 41 182 19 4 189 92 65 21 115 158 200 57 144 131 3 186 137 103 147 175 67 27 65 181 169 159 164 45 197 64 161 16 170 76 65 65 90 46 120 17 80 151 115 72 19 124 87 10 64 168 170 8 143 26 133 197 7 47 77 61 
139 157 164 163 22 121 170 101 115 28 34 43 189 100 166 144 103 80 60 51 122 23 65 112 190 155 193 138 99 68 193 123 25 176 171 26 30 46 161 55 170 50 167 111 140 189 130 51 111 17 192 177 124 127 39 175 125 43 160 128 47 78 186 166 97 100 56 69 6 68 150 196 107 60 5 62 133 106 186 40 5 123 155 108 93 186 2 131 66 99 145 174 32 39 39 113 181 66 101 77 34 88 50 174 78 90 44 53 163 9 27 75 113 163 126 74 153 4 176 46 76 168 152 11 156 194 147 38 1 133 133 181 35 163 6 80 140 115 108 100 20 135 137 192 198 175 127 165 19 116 
200 94 126 1 127 77 132 93 197 93 35 138 30 178 100 18 37 156 96 59 171 31 29 197 34 65 131 93 163 119 124 31 73 123 59 110 145 149 83 15 56 86 129 73 169 63 7 145 153 150 157 77 39 178 117 93 92 195 189 145 135 88 105 78 172 96 183 143 137 106 34 199 65 157 151 33 16 63 35 10 189 118 127 16 43 143 3 28 79 148 98 52 103 187 51 56 13 192 114 137 44 136 36 42 186 140 101 77 66 145 104 41 38 83 48 123 54 195 99 32 150 21 22 11 107 195 60 21 7 155 84 136 31 91 147 47 80 1 133 3 17 22 78 80 138 48 146 151 190 25 
156 164 170 39 72 46 114 196 15 103 115 64 170 143 43 143 135 134 173 111 110 131 178 156 70 25 70 152 14 160 146 198 64 3 34 173 155 141 139 9 162 154 41 40 73 37 138 180 165 124 7 17 9 139 139 57 46 138 86 70 54 9 19 106 188 108 160 72 56 17 115 119 64 9 168 100 200 161 58 76 2 167 90 20 36 40 99 55 123 185 68 23 172 143 147 169 105 154 35 17 152 157 147 163 58 131 123 198 150 171 33 153 179 47 152 97 115 100 48 25 112 100 95 5 128 48 138 145 159 91 185 129 88 84 87 88 4 121 93 162 26 157 123 33 161 1 161 88 164 179 
145 149 23 67 121 153 118 172 107 172 74 144 159 61 182 51 6 67 72 69 49 55 174 111 85 109 44 86 141 127 10 7 39 100 22 186 200 114 190 47 46 155 2 129 1 172 125 144 127 193 149 19 132 156 92 74 53 16 53 108 171 187 132 88 84 99 69 188 125 159 77 140 141 20 65 124 34 195 115 109 124 155 102 94 123 42 141 123 92 84 34 187 194 30 21 153 114 143 81 100 125 105 134 110 66 46 91 94 146 19 190 67 82 99 184 112 59 177 14 53 140 133 41 179 189 131 57 38 174 44 12 96 184 105 109 22 98 86 171 40 195 157 111 90 184 161 1 11 106 95 
173 200 41 161 173 95 88 49 26 126 58 140 29 107 34 157 190 121 19 83 132 44 76 151 78 103 195 58 71 143 173 117 66 178 35 54 169 157 16 54 38 155 134 104 104 73 156 103 55 33 199 179 196 23 34 134 175 125 183 157 90 67 133 107 83 194 169 2 54 37 178 134 165 171 43 92 87 67 115 14 62 25 192 7 190 127 189 106 28 116 180 127 68 154 145 40 136 1 167 30 87 152 46 16 17 64 144 177 88 169 109 39 131 6 77 181 20 182 61 67 82 197 79 13 48 184 40 82 89 163 114 20 188 110 71 104 143 69 120 73 119 145 167 173 86 86 142 129 103 188 
166 190 53 172 135 19 68 191 188 173 129 50 167 182 182 154 96 78 99 122 116 135 195 23 43 10 122 126 166 81 199 146 175 172 122 133 181 25 27 2 9 79 128 48 165 186 45 86 74 88 154 157 118 188 59 124 159 23 128 92 25 171 38 97 91 199 178 154 86 132 78 200 10 66 130 144 42 83 75 98 130 175 125 67 176 63 112 78 116 43 196 16 181 123 175 45 155 41 114 109 132 151 196 25 125 119 127 25 78 124 52 8 157 11 76 50 71 179 10 168 3 61 199 27 194 160 125 107 186 11 176 95 114 52 146 188 108 127 98 58 71 14 97 130 133 31 77 180 111 24 
178 145 130 95 95 182 145 176 168 72 77 59 113 96 93 8 187 173 137 22 175 117 36 160 56 114 200 54 139 126 167 33 82 39 119 169 44 60 118 26 24 190 140 194 46 94 76 83 142 47 30 81 101 4 155 29 90 38 164 18 75 153 199 49 25 171 79 102 145 114 9 75 89 34 158 87 172 51 193 62 83 53 1 154 130 119 15 48 181 177 101 109 173 100 101 89 30 153 51 169 74 104 9 22 106 73 69 165 105 177 186 100 36 61 195 19 54 31 107 192 175 49 157 67 47 157 33 11 161 80 168 86 54 75 12 65 177 108 146 54 191 81 158 157 173 188 16 7 138 173 
48 177 121 28 160 152 118 28 25 178 161 105 165 14 181 33 128 160 140 27 96 36 26 93 27 171 4 91 45 151 157 159 132 11 30 160 21 94 118 185 151 100 48 84 53 3 108 38 162 89 133 132 94 12 26 146 89 67 92 4 55 90 119 181 54 197 26 25 55 160 39 14 28 130 141 88 121 50 110 159 113 13 16 47 192 178 158 98 120 32 59 101 160 62 152 125 60 11 151 50 183 110 176 97 77 97 156 173 122 64 145 125 181 167 3 89 54 120 128 65 30 93 9 54 37 182 44 177 87 37 71 87 142 189 186 147 75 153 181 166 151 40 142 24 60 31 67 126 49 134 
54 59 163 145 193 150 71 147 107 167 178 141 145 74 158 121 148 42 26 27 129 140 195 127 19 171 80 19 50 106 94 134 155 85 154 31 116 179 157 104 65 197 36 3 103 188 109 71 85 66 188 97 105 180 4 185 37 154 155 175 35 88 147 10 59 62 46 30 137 8 61 36 46 64 36 125 23 155 27 14 68 171 137 131 104 64 127 114 107 199 29 142 70 56 37 49 57 108 195 8 120 70 170 126 41 59 191 60 91 165 138 161 91 51 77 19 198 47 96 70 141 113 36 38 136 14 50 9 82 40 147 135 163 60 193 159 68 89 90 59 34 130 114 191 137 148 180 43 154 196 
157 150 18 79 104 20 15 181 190 82 128 142 69 173 125 93 49 139 128 94 58 112 20 23 120 164 16 122 159 98 3 1 124 145 181 175 38 136 12 129 37 167 113 27 30 116 17 116 101 120 93 161 37 115 183 125 160 104 12 160 93 23 123 199 120 115 109 62 10 184 37 92 27 75 20 99 171 157 136 75 122 41 123 33 121 85 142 178 58 10 112 153 165 46 55 14 102 169 14 94 176 131 68 49 7 24 180 199 5 97 152 13 96 28 64 19 103 191 127 161 69 182 55 174 184 88 106 45 73 177 120 99 132 94 119 102 58 131 144 153 45 130 99 122 156 182 13 121 172 63 
65 87 51 56 8 169 96 151 138 82 128 20 193 176 63 98 63 164 121 6 126 193 49 116 125 4 170 88 134 185 3 64 60 81 160 174 124 54 156 32 12 81 34 194 65 36 191 180 63 72 50 138 79 108 19 36 136 48 94 12 198 35 171 71 50 119 195 11 27 196 127 72 174 78 5 17 187 22 63 80 167 133 96 157 158 147 189 44 103 185 93 113 171 43 41 53 125 153 112 17 69 140 91 154 51 135 180 177 129 159 84 11 100 72 117 126 32 188 9 25 56 2 148 81 86 141 122 7 90 194 120 67 107 156 94 6 120 84 61 160 15 29 89 91 169 98 97 196 4 70 
150 1 120 76 146 47 155 102 191 125 39 33 57 192 133 52 121 140 158 109 5 131 11 154 81 105 17 10 3 64 3 88 155 6 49 27 132 175 85 65 61 53 32 97 155 64 12 182 154 10 95 154 1 68 76 26 158 53 117 4 146 103 94 47 7 70 95 53 44 133 141 66 140 191 60 112 91 119 163 150 168 43 18 185 39 118 141 47 8 41 82 51 48 189 75 81 22 189 29 152 185 79 100 180 21 171 92 113 76 33 164 165 19 185 153 162 165 71 70 38 102 68 11 135 6 99 69 136 20 150 136 8 171 36 82 162 10 180 129 115 104 91 182 55 158 48 167 9 169 6 
60 137 67 156 176 22 168 22 33 58 150 191 170 74 172 171 192 165 172 29 82 42 48 63 148 23 121 144 173 73 187 63 50 170 182 86 30 66 139 79 169 50 67 120 6 160 174 19 110 109 113 101 60 190 41 121 64 23 133 178 49 45 3 20 25 121 174 190 9 116 4 62 96 65 38 53 100 189 131 27 135 29 53 40 38 29 189 178 38 130 121 105 56 12 175 183 119 122 161 156 182 54 127 70 159 191 157 142 157 52 13 146 72 68 135 73 158 24 145 138 144 191 188 86 103 184 151 110 124 56 146 3 13 135 116 172 128 81 120 171 164 113 128 80 85 25 150 180 158 31 
180 150 29 152 90 189 76 13 35 198 15 154 126 61 54 197 132 165 102 61 186 159 23 104 36 6 189 110 45 62 171 67 1 198 57 142 141 143 157 81 164 60 147 94 174 192 198 67 142 93 171 85 109 165 137 79 118 188 153 75 153 116 26 166 146 58 58 124 59 45 78 35 125 167 32 30 188 43 139 16 42 46 89 48 10 119 103 84 12 175 42 84 83 46 6 57 34 76 51 186 65 137 197 142 118 160 52 197 116 6 188 163 25 74 36 32 147 36 154 177 25 26 34 89 170 113 49 160 143 114 27 198 134 88 53 4 5 193 125 169 32 61 180 159 189 186 66 61 34 96 
98 71 53 178 137 34 181 19 120 160 169 118 8 89 23 95 63 114 102 105 153 150 113 194 47 66 103 38 107 167 179 117 97 71 57 101 149 192 32 115 200 40 1 132 163 156 169 193 130 19 159 63 63 109 133 166 23 54 197 131 127 158 17 114 91 90 110 66 194 12 172 51 112 17 56 183 121 8 123 92 128 156 90 22 115 71 183 28 36 157 80 58 20 169 42 23 31 142 174 8 15 149 174 158 126 148 117 25 50 175 116 164 87 113 55 25 56 59 159 104 64 144 137 145 89 77 38 196 82 128 128 132 110 141 125 22 165 60 75 102 147 13 140 38 11 24 87 150 99 5 
182 158 181 61 178 7 55 114 59 57 127 122 78 150 187 193 168 162 39 55 115 11 66 178 193 10 103 124 131 165 134 31 157 163 28 20 35 191 186 64 124 35 104 186 13 126 34 171 39 44 157 90 105 116 24 186 130 6 103 103 100 10 150 143 146 85 189 190 80 10 131 56 123 53 49 34 101 74 26 92 21 172 57 1 58 98 36 61 174 88 31 168 159 23 185 39 132 85 28 181 27 28 163 168 69 152 3 184 165 138 167 199 105 156 14 21 176 145 181 172 125 143 166 118 122 107 137 149 187 48 137 176 21 81 29 4 184 12 178 56 149 55 11 149 173 104 195 5 116 187 
36 57 193 119 166 180 181 16 138 153 25 128 8 185 168 172 158 40 142 197 100 174 50 1 156 1 81 129 183 100 137 146 53 97 6 149 149 37 79 107 173 44 164 9 63 187 41 152 182 119 200 50 7 135 78 88 159 41 40 90 122 192 9 4 89 53 162 106 73 30 185 127 115 193 66 55 109 108 118 163 19 92 182 7 186 138 77 59 192 51 166 14 125 106 34 148 133 75 96 17 171 42 149 163 70 165 167 131 193 82 113 22 108 142 120 72 170 184 71 36 33 65 109 114 185 197 25 41 168 160 163 64 25 160 150 22 130 68 165 141 3 3 194 80 105 44 185 52 180 74 
106 140 102 104 94 191 141 154 137 32 71 114 33 184 150 64 44 70 55 22 75 200 64 7 101 136 21 48 11 148 137 16 124 55 163 133 108 11 174 200 36 131 33 45 132 70 98 157 27 3 113 152 195 183 71 93 171 20 89 122 1 59 113 29 44 51 19 19 170 61 160 10 153 158 115 19 81 165 45 119 130 143 30 170 59 160 76 28 40 182 109 50 14 162 171 17 158 19 34 188 155 35 48 53 132 34 20 139 75 109 166 12 42 16 142 183 136 41 22 68 154 46 60 109 185 5 83 122 143 85 51 56 24 93 15 7 157 31 137 15 40 156 72 176 133 184 166 63 160 32 
83 189 173 23 13 53 157 131 190 116 84 138 106 99 34 187 62 157 23 170 16 39 115 117 42 11 65 52 84 183 40 142 138 100 147 49 9 81 2 179 199 74 10 71 90 57 146 3 33 93 63 165 106 137 23 72 6 136 37 7 80 142 74 62 175 138 65 13 79 94 143 158 187 56 39 90 42 1 87 14 56 136 75 128 34 78 47 54 49 17 13 60 3 135 14 19 61 184 40 101 181 40 8 90 51 30 99 52 56 9 175 182 25 106 102 28 23 167 165 18 49 86 53 132 41 47 127 59 21 182 170 143 30 199 87 76 19 37 90 196 198 18 121 19 156 118 168 80 107 120 
186 78 9 113 129 195 187 183 196 184 90 107 130 9 89 136 38 113 4 195 168 135 96 151 68 196 190 17 121 89 142 72 96 72 76 199 41 147 46 158 50 123 99 16 191 106 71 183 196 71 164 129 6 34 168 150 142 58 155 83 181 24 172 20 97 101 145 146 129 56 194 31 118 196 167 183 94 135 55 84 45 103 199 135 12 84 168 149 43 126 20 118 36 176 95 44 83 190 180 96 9 145 83 31 38 195 150 92 196 33 41 188 80 156 181 162 90 128 161 89 35 90 26 165 56 148 15 65 84 54 168 38 186 42 173 12 54 124 53 52 197 128 106 118 97 110 142 28 38 188 
50 54 44 45 197 60 16 133 166 184 93 145 103 77 4 55 15 18 98 40 158 35 57 69 124 104 130 151 15 141 146 184 117 154 27 154 142 53 126 85 175 61 74 139 172 63 37 95 171 166 6 32 15 74 71 72 148 100 39 162 164 198 157 102 105 151 200 1 198 182 63 100 142 100 42 44 186 110 156 58 100 156 110 138 110 49 159 44 39 112 124 170 27 149 126 94 144 139 186 70 124 98 158 174 69 63 149 52 101 148 144 3 148 101 190 96 166 99 64 59 14 146 138 28 31 144 170 58 151 155 89 114 6 148 136 153 67 103 112 59 187 150 11 197 115 59 162 133 29 150 
189 58 189 87 165 200 173 31 192 86 179 45 85 30 195 89 159 129 200 69 138 22 108 190 102 17 136 117 132 64 149 63 173 22 127 147 43 109 183 190 4 118 179 21 57 177 119 135 80 73 168 86 94 49 135 41 180 130 54 23 199 44 167 16 186 183 24 56 71 63 169 67 16 16 156 34 147 114 2 34 102 115 117 45 39 28 68 52 107 19 199 103 109 72 109 92 46 33 115 5 64 191 162 25 128 92 65 183 80 24 149 109 31 43 23 177 154 109 71 96 97 130 11 1 42 180 138 103 189 51 11 149 117 107 193 191 32 78 144 63 29 75 5 115 193 137 61 59 175 149 
20 50 176 70 187 30 52 3 35 27 184 185 115 42 156 14 86 170 148 116 159 152 104 21 144 92 68 24 35 82 150 59 47 72 120 119 161 15 109 149 14 3 21 181 147 5 125 1 14 29 132 144 187 1 155 16 59 108 180 101 188 6 152 54 129 20 183 61 177 25 164 164 181 91 61 179 94 167 89 63 14 93 113 26 10 123 14 42 182 33 14 172 198 104 151 148 6 94 91 96 157 163 149 137 152 54 114 62 190 179 20 140 31 136 143 192 44 160 87 145 156 40 104 67 6 52 77 133 159 3 98 44 97 25 118 196 51 136 119 2 136 62 164 85 61 77 132 61 115 180 
177 111 121 161 124 104 131 15 69 90 147 179 114 68 172 58 123 94 7 43 87 95 108 188 164 88 178 124 21 112 191 43 176 4 142 159 14 33 142 74 140 164 121 75 168 147 148 27 92 169 189 47 24 56 169 54 67 137 40 47 28 163 186 78 132 45 109 64 158 65 5 81 48 108 163 113 110 133 5 190 6 125 51 62 69 90 3 20 200 18 149 164 94 81 83 132 32 188 28 189 144 88 147 65 56 155 38 100 155 76 28 7 45 11 166 20 90 192 183 105 96 164 33 199 30 30 14 181 69 182 59 184 155 186 163 162 126 166 170 136 11 7 9 87 193 66 125 18 118 17 
119 175 126 184 80 85 60 110 155 184 25 147 117 22 154 5 85 151 3 168 17 98 63 141 44 79 182 106 181 9 144 74 35 197 125 15 182 69 174 114 60 2 130 53 178 98 150 114 76 32 170 18 72 62 115 136 111 101 124 189 53 65 153 157 168 198 99 33 78 108 168 37 60 2 135 168 60 138 4 117 190 152 70 172 125 32 94 146 46 46 168 38 38 6 146 57 65 76 33 188 183 6 86 66 179 167 136 167 163 7 1 35 163 126 187 144 162 173 172 50 184 139 88 120 157 113 190 133 192 118 163 186 50 170 149 81 129 138 55 40 125 191 199 75 5 77 47 130 56 31 
74 138 178 25 25 85 71 140 47 127 112 149 75 75 110 21 111 98 73 65 114 102 177 118 159 57 31 44 50 6 57 152 51 75 72 77 129 42 144 123 189 52 84 146 75 79 6 25 100 193 80 14 183 53 182 30 169 85 63 112 121 70 38 171 84 78 20 5 120 159 110 44 77 113 157 22 153 175 92 50 160 154 157 27 141 190 72 87 107 107 78 105 127 1 149 130 4 105 109 63 5 87 62 196 168 14 135 153 41 131 187 51 28 74 168 182 121 25 113 196 121 171 71 1 109 144 110 119 1 137 195 147 184 155 100 121 29 9 23 148 184 119 152 132 94 165 169 184 142 86 
146 67 100 142 158 10 182 29 21 174 196 191 195 146 133 191 113 19 2 46 96 3 106 5 155 133 106 108 68 46 126 197 72 153 40 19 199 83 56 125 159 64 180 7 140 178 97 73 2 60 111 120 161 79 102 119 161 14 40 115 181 136 46 89 103 95 154 197 89 37 173 57 127 64 30 15 80 168 183 129 95 87 116 107 158 84 147 182 90 120 105 78 63 103 120 125 160 188 23 173 157 199 66 102 130 43 36 57 36 166 22 70 156 120 39 161 110 146 161 182 147 21 84 48 163 13 154 100 19 70 140 15 44 167 98 48 143 129 148 139 88 45 165 166 121 146 51 144 78 43 
182 51 175 78 33 146 9 99 73 6 59 111 58 97 126 14 117 89 55 119 14 153 65 2 79 161 81 23 139 32 200 112 42 143 132 193 11 153 104 9 28 136 89 28 85 77 169 17 103 49 38 15 103 48 73 8 174 53 182 158 142 128 160 176 169 94 95 16 57 145 150 80 70 25 99 186 113 125 62 170 176 142 63 122 164 136 116 180 30 182 115 157 149 24 131 125 183 126 56 98 62 95 161 16 164 196 176 160 50 88 78 91 174 98 90 34 29 43 151 109 165 43 145 98 124 18 72 169 17 76 128 108 2 180 10 31 171 182 17 130 157 158 122 137 139 70 183 63 16 165 
28 26 16 136 101 4 100 93 115 30 186 199 165 98 174 75 54 136 48 126 165 125 104 117 167 45 50 146 46 107 45 169 108 163 5 6 153 144 59 151 159 60 107 115 168 35 137 174 47 119 25 154 169 35 187 199 163 166 17 176 104 186 153 116 159 102 161 106 152 133 82 134 74 40 111 133 52 80 127 61 83 7 33 37 23 64 88 27 132 85 67 82 117 185 48 190 135 136 101 8 2 88 44 188 18 116 124 125 32 174 100 194 130 157 113 102 156 27 6 54 196 187 65 116 136 163 49 155 119 151 46 33 154 171 17 151 195 10 138 2 3 199 123 135 37 151 52 3 42 67 
118 13 109 83 77 109 16 119 73 111 137 122 122 52 117 132 146 121 42 167 168 62 165 76 195 101 91 199 62 13 9 42 128 195 151 38 193 136 181 76 62 92 17 42 97 50 55 90 57 21 56 139 95 174 96 174 16 43 188 8 38 45 41 131 28 198 167 38 41 32 9 86 1 3 7 166 134 42 71 190 126 148 41 127 166 72 114 155 63 22 22 54 73 46 32 135 176 12 27 197 198 111 197 65 48 59 168 128 149 46 7 45 6 162 80 185 109 97 136 15 153 5 93 183 195 128 12 75 105 47 64 134 19 17 16 141 135 15 73 77 5 21 101 18 34 96 118 130 59 142 
97 78 181 61 81 48 111 43 166 56 41 162 102 153 189 192 154 181 89 178 136 101 55 178 171 28 172 40 32 111 190 38 37 178 68 176 10 168 193 112 129 73 27 82 60 10 21 182 18 134 19 77 188 114 17 181 25 190 134 54 126 117 103 134 43 23 20 22 172 197 176 155 44 6 99 152 36 110 74 198 185 80 135 108 175 6 60 40 135 54 196 189 101 73 80 64 189 126 55 171 125 166 133 16 29 71 185 95 134 125 6 105 196 167 52 80 150 161 98 86 110 119 158 32 200 45 147 49 194 35 160 67 14 77 64 148 91 178 169 144 11 111 183 169 55 125 26 152 162 53 
4 45 197 191 66 16 91 163 152 194 186 88 198 158 28 91 42 108 187 73 71 182 80 124 58 45 82 197 26 13 166 41 121 10 113 120 93 147 165 32 71 107 186 159 35 162 51 109 96 158 48 90 130 115 106 1 10 135 95 129 19 176 181 103 187 144 122 171 192 124 41 144 195 138 3 180 58 75 156 180 158 41 93 67 167 184 173 24 14 59 84 154 191 128 120 24 12 53 116 77 137 160 135 77 10 91 197 124 171 116 116 114 168 49 174 102 141 42 95 65 197 120 8 81 194 65 4 164 59 74 181 97 32 61 186 132 48 30 27 117 182 111 113 140 116 67 181 46 145 20 
142 83 101 106 111 109 71 166 16 141 133 85 173 120 114 15 111 106 36 11 78 105 39 91 178 8 38 115 163 169 93 176 4 114 108 83 1 81 103 165 75 45 188 185 67 125 162 27 67 17 86 168 163 23 85 70 102 17 14 1 28 25 123 25 156 49 53 143 112 147 176 96 166 148 151 166 107 112 48 95 27 74 11 161 125 87 164 171 179 6 57 37 111 39 25 51 100 158 148 175 118 88 195 83 38 13 59 107 52 151 33 44 77 19 135 150 120 172 34 49 46 146 164 98 119 130 39 81 130 31 80 116 40 187 32 121 173 34 65 21 70 50 154 76 182 78 80 1 130 130 
140 198 100 171 176 138 55 34 164 163 60 143 40 101 69 101 15 99 117 31 184 180 2 168 108 130 29 132 112 29 20 1 80 151 40 66 71 13 43 151 10 79 70 42 174 140 56 44 22 118 6 23 91 5 108 148 31 101 15 75 21 17 123 68 195 81 119 68 63 15 135 51 186 104 79 59 84 171 157 187 67 124 113 143 127 197 121 184 9 119 68 65 166 22 155 35 126 93 80 51 166 182 30 108 123 117 71 138 31 156 172 193 54 132 60 115 20 159 125 148 119 42 107 10 4 55 128 108 151 10 10 25 100 49 53 124 181 156 102 126 7 185 161 36 174 165 70 109 118 126 
4 116 39 33 102 58 38 142 1 42 1 79 140 99 193 182 20 123 82 113 66 86 22 58 173 88 8 130 146 59 197 66 68 66 81 67 141 141 69 150 62 23 46 48 165 190 123 21 100 116 96 36 86 172 139 138 63 36 155 102 179 170 146 14 59 16 194 72 104 133 151 20 82 26 200 140 137 122 151 132 153 67 66 177 81 179 23 94 159 128 129 70 3 91 34 12 76 160 142 156 57 184 165 73 106 15 46 140 9 82 15 199 157 128 71 61 70 2 53 88 178 146 2 194 165 3 64 111 59 168 6 156 72 152 60 93 19 17 165 9 28 68 40 51 196 60 14 169 171 48 
106 175 146 119 64 77 84 70 80 120 12 41 145 89 75 177 143 151 92 7 184 175 45 74 141 111 129 36 137 195 53 22 78 85 46 52 41 112 51 176 158 96 31 38 140 199 64 111 85 17 72 54 192 165 70 74 64 38 142 83 154 48 64 93 75 4 133 118 65 121 165 44 102 185 129 36 93 53 122 98 3 28 56 146 48 159 158 85 169 198 73 187 85 167 22 98 62 103 165 16 183 187 101 44 64 84 172 111 110 105 38 186 169 124 115 200 51 76 170 80 59 49 110 95 130 56 117 31 178 125 120 117 137 200 49 172 69 122 196 125 31 150 58 108 10 195 65 25 54 4 
91 34 46 193 34 194 188 23 200 83 125 126 34 50 32 94 153 64 55 82 33 50 118 177 106 89 191 105 110 150 46 73 28 1 52 141 51 190 151 7 195 51 144 18 51 96 136 62 71 97 142 30 111 57 51 177 151 105 168 8 152 113 49 126 196 190 28 95 37 88 118 2 163 43 53 30 107 105 68 93 186 9 52 196 97 47 57 8 117 31 176 193 52 55 131 17 48 130 108 115 59 118 134 119 83 108 193 5 111 84 15 54 114 59 193 120 18 70 174 165 107 8 143 148 63 161 125 111 163 84 63 123 6 97 110 53 186 86 107 25 25 160 69 103 84 186 124 158 97 15 
19 118 35 132 92 50 174 132 35 11 155 161 192 32 173 144 120 172 26 141 155 107 37 74 61 102 87 140 184 198 160 28 111 129 42 158 9 156 136 157 148 14 97 179 187 37 19 76 54 80 100 157 137 122 84 175 82 107 36 198 112 16 168 155 151 140 191 135 28 53 103 189 127 130 75 34 91 154 63 35 111 111 14 28 76 17 141 79 59 40 17 174 37 101 188 64 83 94 142 138 102 142 65 29 186 141 172 82 171 199 57 71 124 48 54 60 127 44 111 122 59 4 179 167 183 122 2 38 161 161 28 80 156 177 127 141 6 94 67 112 129 51 87 16 86 96 76 21 179 171 
140 198 57 192 147 185 187 78 117 54 32 177 128 118 8 53 121 4 181 155 191 29 140 60 6 28 90 138 48 122 180 22 193 34 194 200 53 105 112 16 96 72 195 66 136 185 167 127 139 168 64 152 169 94 151 37 94 171 148 99 88 20 133 42 98 179 172 136 15 79 155 176 7 60 162 43 41 142 121 7 173 64 48 83 41 169 112 57 40 91 134 175 197 91 147 143 122 144 118 88 111 151 108 83 36 185 162 151 148 133 75 128 120 154 26 166 72 52 97 189 112 26 175 175 183 52 177 96 9 164 186 140 69 8 156 81 99 176 74 101 170 172 31 119 13 186 2 76 70 138 
3 99 199 134 14 113 79 148 63 39 122 187 69 39 69 126 68 51 82 33 62 168 33 61 140 22 149 183 40 128 36 122 74 81 136 75 18 95 136 72 67 62 178 128 138 109 19 140 120 191 122 39 50 181 187 2 113 76 195 151 159 52 59 45 39 55 175 137 96 119 199 86 189 20 192 47 187 115 69 58 105 136 189 158 58 101 45 84 136 149 157 23 195 52 32 33 170 137 177 138 113 48 89 161 9 7 81 15 16 79 15 13 30 121 174 199 49 26 152 75 192 45 196 133 74 183 199 157 95 83 16 69 166 144 197 107 116 138 146 53 62 114 109 76 5 173 41 134 146 106 
105 93 12 149 25 95 77 125 143 16 59 159 172 166 68 162 168 156 85 185 25 27 58 172 135 179 184 137 69 187 99 147 91 77 157 153 160 17 36 177 10 150 198 166 75 169 195 79 54 98 104 94 149 54 17 195 156 145 59 172 3 76 140 146 141 95 153 69 154 136 88 152 98 74 131 91 33 146 187 43 24 36 86 196 129 7 35 187 127 191 150 46 178 21 171 29 192 178 55 104 138 64 20 64 145 176 29 194 137 45 128 71 20 157 186 193 61 134 55 41 133 48 147 62 117 165 190 197 129 5 88 127 166 39 33 168 48 195 45 145 25 37 163 180 18 96 36 35 99 20 
44 154 29 21 80 142 54 65 164 149 21 24 112 180 1 174 92 181 61 3 119 110 26 38 109 171 110 38 8 138 102 77 16 134 71 135 187 40 8 175 15 112 196 92 157 186 107 80 19 109 2 30 114 12 62 179 120 90 40 122 73 8 53 9 89 110 44 10 192 190 63 70 88 81 48 85 91 29 59 48 38 6 74 83 192 99 167 25 141 158 34 23 19 18 150 24 3 127 159 174 68 95 70 30 142 117 4 115 67 134 118 105 133 120 165 130 179 186 195 36 167 123 5 151 49 169 174 49 71 59 98 57 148 129 11 143 92 99 55 153 150 164 144 198 148 195 84 119 182 113 
21 150 191 164 21 60 56 49 62 102 37 52 143 53 171 182 75 173 132 102 143 131 165 1 80 64 146 148 26 17 57 10 86 106 1 105 73 113 72 77 112 10 60 90 60 129 88 53 197 183 171 125 95 125 160 66 61 132 148 168 143 159 83 143 150 141 16 2 131 188 121 194 101 20 113 53 104 42 5 142 103 7 17 79 195 27 113 46 95 23 80 70 79 135 44 26 115 77 166 122 20 112 157 200 57 156 136 109 71 156 180 26 32 82 160 87 176 37 128 149 26 59 6 26 177 108 118 107 174 23 9 123 158 68 40 122 60 154 64 17 164 118 80 36 123 126 167 141 31 124 
111 140 164 48 67 68 170 59 5 69 12 72 1 44 157 30 143 186 22 73 104 165 166 158 119 8 173 154 28 132 178 167 198 73 131 199 127 64 47 60 164 42 168 169 171 184 152 45 62 199 137 173 101 149 33 121 10 180 114 82 58 50 99 184 190 171 180 110 1 36 78 30 133 15 142 70 146 55 193 84 57 38 78 94 116 2 104 58 134 199 64 53 32 42 104 140 155 108 114 68 75 137 129 88 20 27 183 105 148 6 37 143 82 116 82 160 118 76 180 101 156 9 165 142 108 108 176 97 23 38 59 110 177 197 98 142 4 95 64 72 69 182 113 136 107 162 146 193 176 130 
164 167 189 148 107 152 20 175 94 175 197 180 115 141 32 50 124 45 49 20 199 82 95 76 24 169 166 188 109 193 110 143 58 180 85 131 86 185 45 135 58 49 71 198 175 2 133 70 29 117 101 47 96 91 166 55 52 73 41 132 200 21 26 187 84 175 141 163 1 192 1 18 124 157 15 119 37 89 76 51 41 57 73 59 121 195 118 44 148 4 111 195 128 47 98 112 162 156 175 183 183 13 146 178 35 29 72 98 175 176 111 91 192 155 27 130 135 9 93 58 83 136 78 143 64 194 132 55 134 110 43 16 146 134 141 3 86 151 114 45 36 6 167 154 80 198 9 148 158 198 
92 158 5 55 128 52 40 141 43 129 30 62 9 70 67 159 61 112 152 47 101 81 75 160 108 154 109 121 125 198 31 24 195 175 19 15 149 68 200 36 112 110 59 53 147 175 127 20 128 30 38 175 5 198 60 59 116 42 170 4 146 75 157 17 72 185 33 31 7 17 177 4 109 47 34 165 73 64 129 128 87 82 95 148 16 22 36 63 119 113 54 67 123 100 132 8 83 72 179 98 44 152 48 187 135 99 53 175 47 55 50 153 143 42 182 23 186 78 148 165 183 195 60 62 194 190 157 125 112 81 69 121 178 75 80 123 167 35 121 11 149 167 43 96 186 74 187 100 45 19 
156 117 176 177 127 105 68 138 101 124 67 55 158 28 184 44 36 98 185 110 175 62 72 158 36 44 32 192 71 166 139 101 192 165 188 106 197 161 7 120 170 200 63 89 58 85 198 129 72 50 37 155 44 14 62 185 39 88 18 115 70 113 9 71 23 89 182 128 38 101 97 45 182 154 67 29 172 172 47 139 66 188 116 149 102 39 103 79 159 30 52 83 127 189 192 156 95 76 20 77 173 115 158 54 124 46 189 196 88 118 69 179 98 38 1 57 156 100 68 47 30 160 197 153 175 8 181 177 183 33 59 43 31 124 159 153 189 32 179 109 20 4 124 46 23 140 22 60 83 60 
70 136 37 103 42 65 135 129 171 81 5 96 172 144 48 185 116 37 28 136 176 14 19 24 193 41 170 159 85 99 167 169 189 59 44 179 45 37 58 83 59 168 9 42 28 136 78 173 83 60 142 64 90 105 128 2 122 70 114 124 194 76 73 43 117 143 42 25 32 124 17 68 181 140 83 16 198 80 136 88 139 78 152 54 108 42 200 168 122 42 157 43 139 183 79 61 191 143 192 65 23 98 127 12 72 188 187 66 18 72 145 154 183 172 41 200 90 121 195 96 95 32 22 71 45 157 34 144 151 126 81 185 85 172 153 106 54 127 38 177 151 132 188 8 46 146 122 5 152 194 
127 86 120 86 46 21 188 128 108 77 190 6 6 172 135 95 27 92 62 80 57 92 14 71 93 85 37 145 1 154 200 145 164 55 158 101 39 107 74 8 71 48 81 46 130 33 80 85 57 112 124 13 13 13 138 181 109 10 112 140 132 14 114 160 102 40 79 156 144 118 139 90 178 30 63 193 170 68 76 68 33 3 42 124 114 127 122 111 189 10 25 98 7 80 12 9 146 95 53 189 46 142 39 176 182 152 125 31 78 143 87 38 161 188 194 154 142 173 91 108 113 108 133 142 119 168 195 194 20 109 4 176 90 106 26 121 6 10 168 92 12 99 46 52 191 1 83 180 62 96 
114 59 129 129 49 173 41 72 121 191 111 166 6 61 14 80 196 115 88 106 112 153 15 149 174 128 76 200 45 94 66 159 166 142 157 44 9 186 170 197 150 26 191 109 130 114 144 32 83 97 184 188 35 177 115 198 106 136 23 23 17 131 120 37 29 101 67 180 139 117 62 192 160 148 20 177 132 165 22 36 67 127 29 86 98 103 130 118 28 34 168 125 136 134 73 50 155 31 194 155 137 41 49 96 112 45 29 42 40 60 29 85 126 130 165 69 80 116 71 97 183 139 106 178 52 158 106 170 85 3 60 171 119 15 4 25 26 47 29 60 40 112 93 53 73 187 24 40 171 36 
77 82 198 12 94 136 124 97 182 200 3 120 129 174 111 34 119 30 40 97 198 33 17 54 58 107 70 100 166 51 125 25 45 58 83 16 7 199 131 3 18 44 43 61 82 118 119 172 24 62 34 181 39 3 20 76 153 127 126 135 196 62 68 154 110 169 165 173 175 200 61 21 84 60 48 110 132 78 71 144 92 12 78 37 190 176 66 14 155 195 113 42 66 100 124 34 192 189 56 199 107 139 29 181 29 108 141 100 135 102 71 135 27 13 138 154 87 177 104 57 161 97 108 70 7 8 120 112 62 36 171 41 69 172 136 57 159 146 162 16 80 9 83 144 113 57 42 118 115 187 
50 189 20 186 79 144 39 179 72 192 58 12 143 171 145 82 148 103 199 161 54 26 169 105 81 20 17 76 198 144 191 127 198 139 177 51 109 106 93 83 56 77 125 154 7 82 104 49 65 52 16 56 56 15 184 142 102 110 137 158 188 193 152 150 145 64 65 90 115 59 52 34 196 152 175 111 36 113 114 41 94 50 154 178 20 119 60 2 132 58 31 26 153 186 40 148 8 189 93 6 60 13 130 95 187 138 123 49 160 7 5 63 36 134 74 73 20 152 125 31 95 166 68 121 143 5 94 56 106 192 53 18 41 169 189 175 157 154 171 168 121 81 84 23 49 22 189 5 140 71 
200 133 159 37 125 51 30 82 34 9 196 181 176 144 142 168 78 125 95 26 157 151 111 181 187 174 148 16 34 57 156 133 123 72 122 110 34 122 116 110 12 177 60 165 139 120 108 47 29 118 198 39 119 84 139 143 157 178 156 106 200 170 193 187 140 174 160 72 4 194 154 77 158 93 4 136 147 99 3 80 86 155 171 187 42 121 120 134 127 131 103 109 144 67 76 168 51 74 7 17 118 59 197 87 163 178 46 106 189 134 172 141 50 198 92 137 8 25 63 159 141 56 90 83 114 118 134 163 18 14 95 62 129 93 171 155 119 41 146 25 49 32 64 143 151 116 45 9 7 147 
190 142 143 184 92 24 200 181 104 46 123 120 75 176 115 136 22 120 111 13 187 181 67 44 100 115 143 109 101 196 90 191 97 46 56 103 95 34 49 164 189 175 172 6 78 1 98 60 145 194 78 135 141 53 5 186 82 11 143 171 20 57 73 191 103 120 12 11 10 65 162 126 199 177 31 136 22 5 131 56 138 22 25 69 168 139 51 46 172 131 27 79 79 32 177 124 122 122 127 119 116 123 7 117 111 86 146 71 10 27 72 95 60 78 108 93 86 189 15 92 56 140 149 11 187 1 57 156 22 4 2 25 78 172 21 176 174 105 200 187 57 60 162 116 16 172 10 198 2 167 
17 182 93 81 26 173 120 93 141 45 125 134 107 34 73 194 161 32 76 195 146 37 162 193 29 150 109 33 132 6 103 68 96 71 30 14 55 13 115 31 38 144 120 132 57 39 118 130 78 102 187 38 47 79 71 109 168 190 37 24 68 54 89 35 146 56 44 161 199 160 156 70 176 68 119 131 1 146 190 140 73 139 40 45 184 108 39 31 198 145 63 198 150 33 134 141 87 107 1 86 119 112 80 10 23 189 28 198 9 119 143 116 64 2 32 48 145 198 56 166 75 166 113 119 118 89 107 177 127 180 153 171 178 35 196 21 94 22 52 137 57 147 198 118 79 3 2 17 151 181 
39 55 65 89 67 77 67 118 29 100 12 112 106 83 78 160 91 117 184 91 117 160 134 146 198 12 198 117 66 107 46 178 100 156 11 184 168 47 110 43 149 148 97 166 161 125 15 23 26 77 141 93 93 120 160 134 182 71 13 184 171 55 63 159 185 19 66 160 13 69 175 102 106 138 86 64 158 194 99 87 24 97 160 1 147 71 160 23 48 155 12 63 103 86 49 18 5 39 41 173 121 42 85 33 118 192 187 38 114 142 24 148 25 82 176 86 186 117 100 64 55 66 53 156 184 55 140 183 88 91 67 122 148 169 36 144 163 179 161 18 4 10 136 195 184 106 78 142 115 124 
40 120 37 70 37 174 7 69 25 80 178 53 35 132 137 88 62 188 94 81 52 164 63 110 28 109 83 90 57 169 79 165 8 106 26 114 76 99 68 159 74 178 60 46 8 67 27 166 87 191 61 193 26 102 53 158 66 68 13 42 32 102 3 161 94 12 137 74 24 29 66 80 113 12 136 172 39 127 169 139 54 98 57 28 148 166 24 162 59 35 106 144 43 27 186 95 70 78 188 117 120 49 124 159 148 49 101 9 148 161 155 166 44 100 58 169 184 153 186 174 109 101 197 151 193 11 135 165 175 43 199 153 95 66 9 106 43 31 9 50 188 10 139 69 97 157 102 143 60 162 
197 78 7 135 87 68 86 164 112 15 20 80 170 56 70 1 29 143 174 81 173 16 27 174 195 64 106 170 25 102 57 5 43 156 68 13 123 179 27 97 45 181 192 174 112 112 39 51 155 195 90 159 161 104 84 36 89 116 10 83 125 49 153 31 198 49 59 196 69 179 167 142 132 178 140 196 115 140 112 24 88 107 52 34 79 136 82 40 38 120 54 89 193 147 7 30 87 128 51 88 188 168 168 114 177 66 76 87 137 21 33 144 75 97 110 193 106 178 79 7 22 53 39 178 49 101 46 96 1 74 44 59 42 49 84 153 129 38 103 151 87 116 74 110 43 128 17 100 196 31 
31 73 53 100 154 129 116 157 195 68 105 55 10 17 53 104 107 162 171 132 151 2 17 22 95 79 59 28 197 77 53 136 178 107 138 14 91 169 147 32 35 96 86 127 36 141 104 144 123 69 63 193 83 64 12 117 111 107 56 3 106 71 176 158 46 72 119 56 105 34 194 103 119 51 26 191 34 162 39 171 163 143 110 24 80 152 118 34 47 187 93 65 51 175 191 132 5 174 198 99 182 23 95 128 181 89 107 138 66 37 122 150 200 148 62 42 108 125 33 14 82 13 34 75 124 57 141 104 44 42 126 153 43 131 186 93 9 21 10 17 42 7 165 54 63 29 57 42 34 5 
195 182 195 128 57 117 152 65 127 195 124 33 157 18 164 105 172 112 188 182 173 166 174 19 41 35 57 20 165 6 167 119 174 111 80 180 165 175 185 198 117 41 127 166 161 127 7 13 135 1 24 48 122 127 166 110 89 42 79 93 42 33 64 13 84 10 108 33 116 183 47 183 190 23 153 58 177 122 92 52 20 69 78 110 36 26 139 28 122 113 38 74 153 111 112 117 51 168 4 146 26 81 142 117 162 65 33 86 82 57 74 170 23 103 104 88 8 112 150 55 105 182 107 137 113 178 77 9 105 46 133 155 101 39 174 183 161 89 45 179 137 186 100 35 186 167 171 91 23 166 
