125 4
0
0
1 6 13 58
2 11 132 -253
3 14 79 646
4 14 194 1566
5 14 81 500
6 43 3 55
7 43 146 -249
8 45 86 389
9 50 65 310
10 58 67 326
11 63 137 -211
12 68 104 692
13 76 46 352
14 81 131 1129
15 90 37 312
16 124 135 394
17 125 108 773
18 161 168 833
19 168 53 274
20 184 100 584
21 188 119 -50
22 214 183 946
23 233 18 197
24 234 177 -120
25 242 12 314
26 242 96 818
27 245 176 949
28 284 189 1040
29 298 85 128
30 304 169 980
31 318 37 318
32 338 171 1364
33 346 55 676
34 377 118 1085
35 413 60 773
36 419 181 781
37 419 198 815
38 437 135 1517
39 438 177 1146
40 445 22 621
41 449 48 449
42 473 165 473
43 493 101 1301
44 496 117 964
45 503 145 1373
46 508 7 508
47 519 174 1563
48 529 27 745
49 530 164 1842
50 536 188 2040
51 537 169 1213
52 561 193 2105
53 563 131 1611
54 572 70 572
55 575 165 1895
56 580 23 764
57 603 35 813
58 607 191 1371
59 609 122 1341
60 641 65 1031
61 643 13 695
62 645 42 645
63 646 171 304
64 653 110 1313
65 687 68 551
66 688 47 970
67 689 56 801
68 694 54 586
69 696 68 832
70 697 129 1471
71 729 39 729
72 735 158 735
73 742 134 474
74 742 171 742
75 759 15 879
76 766 111 1210
77 766 63 892
78 771 101 973
79 780 149 1376
80 795 90 975
81 808 85 1488
82 817 60 1297
83 822 136 1094
84 824 130 564
85 843 2 843
86 863 134 1935
87 879 164 879
88 890 133 1954
89 894 158 578
90 908 70 1188
91 913 62 913
92 914 11 1002
93 937 149 1831
94 938 31 1062
95 945 42 1113
96 954 10 1034
97 956 47 1144
98 969 14 997
99 983 51 983
100 983 37 909
101 1000 126 1504
102 1016 162 1988
103 1026 45 1296
104 1027 131 1551
105 1027 133 1027
106 1041 144 1041
107 1059 158 1059
108 1071 39 1383
109 1075 108 1291
110 1075 148 1667
111 1101 101 1505
112 1117 60 1357
113 1118 25 1218
114 1121 58 1469
115 1141 194 753
116 1143 104 1559
117 1146 3 1158
118 1147 6 1147
119 1172 50 1272
120 1173 6 1221
121 1207 108 1855
122 1207 116 2135
123 1233 189 855
124 1237 38 1541
125 1239 104 1863
48 59 103 77 138 1 131 157 11 144 132 137 39 168 105 147 107 10 184 122 198 130 76 59 74 157 16 22 112 114 149 25 43 194 115 21 104 179 182 185 166 52 165 77 190 102 79 106 39 195 68 30 137 129 73 33 24 100 82 6 135 58 87 157 29 133 22 101 155 27 184 185 194 188 72 101 194 152 151 56 6 16 152 76 116 47 30 118 22 175 67 78 96 36 81 145 33 58 2 74 147 136 130 47 2 164 76 28 40 125 102 14 196 39 4 89 195 157 129 176 130 104 135 191 198 
141 140 195 54 39 75 129 72 51 2 19 90 75 45 175 172 108 105 65 73 69 61 87 66 132 148 17 22 115 31 98 149 38 132 29 25 81 6 16 109 51 1 148 95 10 42 69 195 127 176 34 133 9 1 103 89 153 103 3 78 41 88 26 24 121 190 118 132 79 58 119 54 188 192 123 59 168 50 79 95 168 30 116 95 183 123 97 1 139 87 129 159 155 143 41 40 172 183 150 192 189 55 135 138 13 155 151 161 54 34 26 44 118 175 154 88 97 141 150 92 188 158 130 149 160 
32 198 153 106 79 66 27 32 64 160 35 22 179 200 111 118 112 192 99 70 95 93 48 132 101 12 75 66 168 28 44 177 62 143 141 126 65 189 105 91 143 67 190 119 148 79 41 142 168 130 50 14 133 104 13 155 119 68 111 146 66 90 56 3 105 6 4 5 181 8 144 156 162 200 102 43 52 57 66 89 180 18 43 66 183 19 14 21 7 88 193 130 11 157 189 22 176 51 131 190 112 168 87 139 178 141 117 147 143 174 175 35 35 32 4 124 114 82 168 184 25 150 68 193 15 
148 200 29 70 170 134 190 4 28 90 18 131 113 33 137 83 25 146 38 41 93 100 80 195 94 148 120 155 168 2 173 19 159 90 9 186 197 8 125 164 197 151 8 103 29 192 199 199 193 169 46 111 23 27 188 73 48 109 75 111 148 31 104 154 62 111 90 94 7 74 147 181 135 147 8 39 118 67 152 73 103 50 139 12 165 194 178 66 181 198 107 95 33 60 146 132 186 56 10 144 15 79 4 127 33 89 37 92 34 185 75 104 11 38 150 119 191 39 122 155 88 69 23 149 106 
153 110 51 84 136 117 167 171 66 94 120 125 117 34 98 74 149 31 117 96 49 98 144 32 153 67 137 152 98 72 9 194 175 176 199 90 151 96 175 94 97 105 106 28 115 58 40 55 30 190 104 196 91 147 53 176 59 159 1 103 35 71 44 91 165 1 154 20 48 155 193 45 75 106 197 174 54 61 89 162 50 43 115 193 70 123 91 144 53 31 51 164 159 163 147 60 68 14 30 21 137 141 4 65 57 46 148 36 145 111 40 50 42 26 115 33 73 140 90 123 94 45 64 132 147 
70 189 66 150 174 38 144 167 199 185 39 12 76 192 44 155 105 101 190 158 85 69 195 190 26 72 112 167 176 156 96 121 84 148 190 115 121 32 66 181 105 97 182 89 78 151 182 88 67 190 170 140 135 154 154 75 158 22 143 200 190 179 31 8 81 98 154 87 136 197 75 195 193 87 107 139 32 46 168 173 134 171 70 27 180 8 87 184 150 38 66 142 193 120 168 15 40 100 9 41 89 135 74 41 48 156 14 194 184 197 198 9 182 116 78 112 136 105 40 44 176 101 172 114 156 
87 189 191 196 88 199 128 60 193 177 43 21 11 167 153 105 67 33 150 174 31 2 10 109 108 93 27 48 77 37 125 111 12 92 155 95 3 99 151 41 52 22 37 150 139 112 110 139 11 198 36 62 10 15 52 16 100 105 120 134 112 60 11 158 131 21 164 13 111 111 140 62 198 77 20 103 105 168 115 27 76 66 65 34 7 124 11 65 13 166 36 65 93 29 4 145 132 67 67 14 28 152 53 104 130 144 153 55 157 1 50 104 137 7 182 135 120 45 106 24 174 141 197 58 12 
78 175 36 1 162 102 149 17 150 25 14 12 106 106 157 154 93 39 159 160 122 124 4 156 192 65 9 6 144 96 83 137 137 145 167 13 40 161 177 58 168 116 90 180 160 13 104 157 94 172 107 15 42 182 82 92 189 177 108 69 26 75 71 130 91 23 143 77 196 18 118 111 125 187 176 155 124 196 171 177 91 63 44 14 138 97 118 143 35 140 82 187 62 47 94 34 168 31 155 140 27 171 42 13 189 152 51 94 164 93 35 48 139 79 142 100 110 191 156 165 20 76 145 77 30 
131 61 62 13 163 110 18 75 8 10 127 66 194 80 97 61 72 79 37 188 162 154 59 45 77 57 193 181 46 37 132 189 167 26 12 189 177 38 177 106 85 187 145 80 153 59 15 87 86 139 51 157 33 179 113 92 30 55 196 111 23 161 188 23 20 104 180 177 60 193 29 174 116 110 16 94 149 149 100 72 195 84 75 69 130 36 166 88 162 73 92 110 200 45 167 190 73 65 103 61 191 53 143 10 36 108 155 197 179 180 57 115 146 86 127 174 159 81 60 188 93 198 33 92 81 
116 175 189 3 187 183 34 117 6 127 95 46 184 63 117 113 171 164 104 76 111 119 50 73 108 28 176 154 91 61 23 71 180 25 138 162 28 63 17 191 2 13 119 5 104 80 147 121 1 131 144 191 6 114 16 129 79 157 186 18 89 21 197 199 108 131 188 32 173 97 144 139 139 119 198 103 131 142 129 168 20 74 85 58 120 78 169 138 55 5 54 45 30 59 103 130 12 110 113 57 60 75 167 141 153 127 111 29 40 101 45 179 193 90 2 197 141 88 94 10 34 90 7 27 154 
133 161 16 143 132 73 109 146 190 172 46 197 10 26 122 197 78 199 41 43 113 1 155 75 21 190 60 174 181 29 100 86 6 11 160 197 124 176 126 125 144 200 113 21 24 128 189 35 95 166 129 105 13 129 24 69 118 19 11 44 165 83 139 192 70 92 103 170 141 199 198 69 52 187 107 9 74 20 38 87 105 85 79 174 152 151 150 140 160 195 115 188 143 32 25 187 125 121 25 8 35 133 124 13 51 140 122 132 42 179 118 12 111 7 54 98 111 197 45 185 60 2 114 9 182 
105 141 74 131 9 177 164 105 153 144 200 188 135 2 115 27 53 124 54 185 140 64 116 98 162 30 59 31 121 96 19 149 161 127 44 128 126 107 83 68 130 123 184 183 187 160 88 157 11 32 155 50 74 137 74 27 49 32 172 21 177 105 184 169 5 158 89 12 74 186 199 56 25 193 149 156 71 28 162 147 3 81 36 95 75 179 175 149 182 137 184 34 98 44 118 190 195 138 43 179 98 165 164 86 155 154 73 199 152 110 81 4 5 62 36 193 10 153 166 171 40 172 66 160 65 
14 141 82 120 89 162 148 200 177 24 35 182 77 71 49 126 167 36 103 9 176 78 64 174 121 86 170 31 154 108 75 157 34 160 50 31 147 36 25 84 124 34 78 57 152 147 158 97 175 177 165 68 113 9 198 180 165 149 80 174 92 140 161 65 121 19 152 49 133 170 91 90 68 196 1 66 121 36 16 143 185 153 143 100 113 13 137 111 100 125 37 93 55 129 167 156 25 200 19 189 93 51 35 115 135 128 32 128 174 154 11 29 164 68 121 150 51 82 110 87 65 115 145 123 151 
172 60 71 182 132 191 162 120 153 100 106 85 194 76 95 144 122 149 43 195 44 75 168 83 158 129 23 190 171 70 116 25 167 117 106 87 173 84 4 194 46 175 166 112 152 77 31 147 43 190 63 166 180 38 88 71 107 107 94 96 75 132 171 111 49 125 49 31 186 123 77 156 139 154 34 69 90 173 83 111 160 47 146 154 146 136 87 185 101 143 74 159 59 124 41 172 196 150 33 140 128 74 131 95 118 21 183 28 108 59 61 129 42 154 4 46 6 16 101 163 143 57 112 101 81 
127 24 105 119 42 5 161 15 74 100 94 173 31 162 72 156 182 198 17 129 123 128 110 52 166 11 53 98 66 7 3 188 155 200 54 68 168 91 31 140 5 188 184 163 137 123 164 172 163 113 40 69 115 200 76 58 182 108 147 33 57 84 25 30 149 79 53 109 18 12 147 164 116 131 137 69 19 157 184 58 58 14 170 160 194 178 106 72 113 78 71 36 139 39 130 38 135 27 35 130 99 166 97 193 34 47 77 52 198 180 192 103 175 45 107 94 18 132 49 150 61 145 9 158 174 
164 111 119 185 26 18 40 137 142 163 198 31 135 11 14 59 170 88 185 165 162 98 50 147 138 118 59 34 115 36 156 102 141 81 138 71 12 163 3 51 120 13 107 65 91 140 103 70 62 175 162 34 10 103 114 143 13 99 53 184 145 37 3 162 168 190 84 148 58 132 26 62 33 33 197 175 12 8 181 160 136 159 118 159 90 117 146 138 22 141 118 5 174 197 158 110 23 39 135 193 46 11 87 190 150 37 84 14 64 10 174 79 151 131 61 19 8 183 45 97 126 185 50 150 172 
92 47 43 27 153 97 137 199 94 11 160 60 195 105 51 18 168 121 117 60 37 152 188 107 200 107 189 134 55 35 66 169 105 45 46 87 144 85 164 57 146 83 20 124 151 184 164 29 185 154 15 146 192 154 179 117 199 13 16 193 187 34 93 116 182 191 159 28 195 31 175 142 96 111 41 1 179 64 88 40 75 192 156 8 57 178 33 104 58 137 194 34 111 116 55 12 160 74 29 158 2 154 5 173 112 3 24 128 95 104 17 110 57 179 159 14 127 31 110 131 146 158 78 50 25 
74 108 14 165 27 51 21 107 40 110 138 181 60 122 178 196 15 75 170 11 92 154 20 99 48 80 37 162 185 171 16 194 89 16 27 44 188 14 35 177 140 188 45 197 197 96 76 21 30 10 6 161 181 112 23 133 156 135 5 153 155 14 150 59 116 69 71 20 153 162 44 145 23 137 79 10 190 60 34 46 97 14 25 9 126 90 129 13 34 82 67 186 173 39 43 54 114 188 153 80 177 68 18 16 3 194 94 172 36 153 157 12 157 177 2 84 93 183 91 87 115 99 139 38 79 
161 151 92 58 41 10 138 156 27 176 62 190 88 87 13 87 67 81 103 125 70 74 145 91 127 60 162 147 66 149 126 79 197 119 15 165 48 191 136 5 143 149 155 7 178 75 133 63 86 192 131 145 147 172 23 166 178 23 193 101 62 198 15 87 145 119 43 16 189 140 55 15 149 94 165 125 103 58 197 119 112 74 1 45 102 138 29 113 138 85 41 4 91 96 98 80 187 164 139 80 110 55 99 186 92 58 32 185 36 131 99 6 76 195 97 82 94 40 188 141 162 116 197 6 104 
169 50 86 81 58 1 178 92 199 70 24 87 20 158 192 167 116 71 126 184 131 50 15 95 6 66 131 66 95 200 165 128 29 183 98 176 197 34 145 5 106 27 131 42 196 149 82 129 162 31 157 116 12 55 141 70 10 57 95 63 52 72 169 144 7 196 173 62 138 142 109 62 132 35 54 88 2 145 200 35 116 78 193 23 71 190 13 99 36 57 19 149 180 25 114 152 106 13 76 126 137 184 50 148 67 39 34 82 67 137 1 102 180 72 168 172 78 45 32 87 105 158 49 109 152 
43 24 126 72 114 56 24 20 88 179 123 101 3 114 65 177 175 86 147 109 66 66 91 189 179 31 85 30 154 12 48 151 90 56 152 75 12 118 107 186 162 179 162 194 4 112 148 184 22 170 49 51 5 2 62 161 111 143 67 66 106 187 116 79 118 115 113 100 60 2 50 155 34 174 57 167 80 89 78 25 162 109 127 145 46 148 105 122 56 109 35 105 30 55 60 87 118 174 3 85 189 167 140 131 139 172 99 189 95 199 27 139 87 190 98 14 60 106 176 162 14 50 157 170 158 
119 3 180 50 71 23 115 184 84 165 147 5 120 102 97 175 28 2 13 105 131 195 157 162 103 62 85 61 123 145 80 23 17 49 80 48 45 141 42 51 3 179 39 188 111 45 25 37 157 19 32 18 70 160 39 63 78 192 163 30 167 122 17 99 24 18 110 41 127 110 161 83 135 11 84 49 126 104 52 149 128 197 197 36 130 148 134 58 160 3 119 24 84 34 187 171 150 20 94 132 43 26 127 85 37 81 46 171 52 41 179 49 145 37 15 33 74 200 165 128 193 89 126 161 155 
177 154 86 174 31 22 151 116 159 163 95 173 62 194 90 171 43 84 162 57 62 196 183 72 126 97 156 64 113 3 63 7 148 6 120 109 65 148 123 40 146 127 89 104 40 116 26 184 145 174 162 117 124 33 57 24 80 50 119 91 90 51 61 125 161 81 160 149 79 198 105 33 75 112 1 44 162 143 42 176 56 139 100 192 12 24 7 36 117 36 10 126 28 85 77 7 52 111 129 181 66 187 46 82 110 71 78 75 108 25 168 40 14 107 182 125 200 169 157 78 7 145 115 131 162 
135 122 199 65 95 102 20 79 119 111 169 79 91 148 87 180 93 191 193 125 163 122 97 62 150 122 65 171 142 171 76 22 123 98 148 77 165 23 154 175 140 128 107 126 46 65 162 138 72 85 29 45 44 68 142 100 144 151 128 164 101 70 85 2 95 62 49 183 11 147 181 24 148 123 79 9 23 28 16 165 162 154 40 12 78 123 21 97 169 107 22 26 22 164 22 73 28 193 37 2 38 32 147 98 140 73 23 142 81 182 81 189 194 121 12 138 102 17 61 115 110 166 193 189 192 
130 129 65 33 98 142 2 38 154 188 117 55 86 143 175 86 55 11 24 51 165 113 191 14 164 177 160 158 74 144 30 7 31 5 161 133 107 100 174 5 2 75 64 162 45 41 178 152 195 193 50 159 177 70 58 166 144 195 84 50 83 29 139 95 37 144 135 68 197 131 132 62 19 39 79 134 2 195 92 111 5 9 33 184 74 153 119 44 54 145 118 55 186 109 74 137 184 18 76 40 29 9 187 42 115 97 79 124 113 192 80 114 14 136 30 87 169 14 134 7 2 13 132 91 62 
96 28 19 85 164 140 88 67 22 133 141 43 96 66 106 75 77 30 53 119 169 188 57 124 33 100 149 8 43 145 174 70 177 143 103 34 123 42 98 96 34 113 169 199 8 14 157 68 132 108 28 68 143 62 85 187 54 83 189 186 52 105 62 1 155 52 71 164 175 124 163 185 101 63 174 160 33 184 88 27 94 187 6 182 195 107 33 160 81 46 104 102 162 89 107 32 48 144 71 35 165 200 40 177 43 154 178 36 166 171 112 115 162 84 9 162 80 39 192 18 56 25 26 90 117 
185 93 81 151 196 149 19 2 110 62 177 109 14 2 66 8 126 98 21 184 176 121 42 6 196 66 42 128 180 94 24 40 27 3 40 72 14 140 66 185 88 51 85 60 54 162 9 94 6 46 107 174 94 81 19 126 90 99 120 54 166 41 187 35 167 5 180 87 104 52 71 143 64 152 45 70 155 153 112 36 183 9 49 120 23 102 138 133 132 171 96 57 112 174 22 91 125 69 30 73 150 25 82 187 163 86 192 61 34 88 89 25 58 118 53 114 18 105 117 33 122 28 128 25 195 
48 80 161 137 54 50 170 38 15 191 137 123 123 70 78 26 159 92 72 143 84 192 148 132 64 66 111 43 77 58 8 175 122 44 101 40 184 33 150 137 139 161 116 198 79 14 74 9 144 76 22 129 118 69 119 77 64 183 138 86 124 119 144 155 194 149 76 22 132 165 98 151 27 137 92 198 32 186 192 189 30 118 130 76 158 103 103 199 168 140 39 173 101 170 28 70 181 143 161 194 51 87 61 122 30 9 91 49 134 74 5 49 116 151 1 182 94 94 195 142 110 35 138 26 113 
198 65 136 21 112 168 89 93 117 50 194 121 103 141 83 15 13 117 2 143 14 91 16 141 193 189 123 121 1 137 160 78 142 167 148 96 69 18 149 90 29 19 126 12 140 186 29 151 171 84 135 12 23 196 46 177 5 67 132 135 100 155 5 162 107 5 154 108 162 5 8 2 56 150 145 5 28 114 173 16 151 140 126 151 96 91 71 102 36 81 141 125 6 200 12 163 152 41 17 73 144 118 112 173 180 133 145 73 66 37 110 25 43 141 127 50 138 129 30 72 191 125 121 98 163 
43 6 5 149 59 73 78 11 151 62 14 30 100 169 4 71 141 5 178 95 96 185 127 190 197 189 76 122 147 76 24 31 10 72 150 38 117 25 134 153 140 120 93 70 40 122 143 19 157 179 157 152 32 127 123 51 133 191 84 104 136 87 177 82 196 15 155 54 160 32 41 169 2 1 150 29 33 144 117 81 122 18 191 63 6 161 148 1 50 89 31 86 146 89 151 56 2 199 50 15 181 80 9 32 58 43 162 114 115 188 86 155 114 97 35 143 42 199 88 149 37 166 163 64 80 
123 141 72 12 82 51 165 45 53 143 22 122 177 162 180 7 95 70 10 130 54 166 63 198 84 141 80 71 152 192 164 8 61 189 156 63 8 23 144 180 34 28 26 117 12 123 163 122 143 136 48 162 66 127 31 35 154 169 103 109 130 141 152 13 42 74 53 91 67 171 133 175 51 128 110 103 104 186 152 200 135 156 123 6 34 85 48 145 65 145 112 26 56 80 157 183 60 40 36 73 170 16 126 45 99 139 21 60 186 34 90 169 105 97 151 184 194 52 16 185 94 106 62 176 11 
144 184 66 111 176 71 56 74 146 26 178 181 41 96 139 25 48 150 180 53 116 64 87 62 76 184 62 123 45 95 93 119 38 121 38 196 43 113 102 61 105 124 120 184 142 185 33 2 33 135 141 47 185 177 38 13 129 38 181 165 115 83 152 123 121 87 161 41 150 115 62 192 185 168 150 168 67 185 138 123 99 91 190 191 62 188 78 177 43 12 75 199 86 124 31 172 62 161 131 8 105 17 33 133 186 167 192 25 148 109 55 72 38 106 180 172 133 146 8 95 25 44 167 20 178 
153 38 82 47 16 139 31 82 76 176 54 89 46 112 42 97 41 124 61 185 17 4 199 30 151 90 117 86 140 160 184 23 151 46 42 197 195 29 63 93 37 156 171 126 127 190 89 193 189 12 126 196 61 195 115 89 40 71 168 126 111 87 62 115 24 182 198 166 116 182 104 74 71 90 56 142 125 34 105 43 29 138 132 29 19 196 61 61 74 160 65 13 28 44 11 135 176 124 157 161 111 169 78 99 117 65 190 41 77 129 125 170 15 89 74 2 144 23 15 108 101 22 134 66 43 
91 83 101 128 42 37 5 131 36 132 12 87 173 81 120 72 131 18 113 75 49 91 93 78 200 100 66 60 72 185 198 41 90 131 51 33 170 76 155 132 15 97 78 103 64 50 22 31 143 143 99 136 157 100 11 187 112 149 157 182 75 175 127 193 99 189 166 11 140 57 152 70 148 146 36 17 56 120 194 117 95 48 165 167 174 182 15 71 176 71 180 160 35 59 107 182 150 14 46 173 143 37 32 130 60 196 7 35 58 170 62 95 145 128 196 28 107 5 24 51 188 112 188 151 75 
10 149 51 157 141 39 87 160 132 192 77 64 13 138 187 67 93 172 77 29 137 3 122 96 36 166 79 182 61 35 98 183 125 4 176 84 159 20 65 128 185 190 55 65 187 190 166 65 154 6 119 7 31 93 180 160 24 14 88 197 199 147 166 88 10 10 197 192 139 103 9 122 33 189 125 176 160 54 119 183 110 1 143 37 162 37 161 138 11 160 95 158 116 191 69 45 141 30 98 22 53 70 193 83 109 108 94 9 88 52 34 93 14 54 158 175 15 5 172 183 133 45 175 197 186 
29 52 96 29 155 107 75 162 185 179 71 85 69 15 148 37 150 62 29 79 194 174 31 49 52 174 104 146 122 42 26 35 58 195 192 164 66 76 146 67 101 194 41 77 153 198 183 111 116 59 103 97 139 166 21 180 35 125 147 166 188 16 135 27 69 153 181 142 152 17 57 153 128 130 135 123 74 1 179 18 173 30 52 93 184 39 11 73 108 100 109 60 139 106 198 160 172 94 98 12 13 46 89 98 4 29 166 71 166 128 190 37 57 73 128 185 72 56 120 24 4 102 127 78 55 
176 24 82 109 150 162 19 101 8 6 42 160 41 149 52 171 175 3 147 140 98 72 27 195 9 174 195 196 187 125 120 129 79 171 90 142 184 169 129 80 165 55 75 12 26 76 73 134 111 91 123 99 11 150 138 35 121 193 42 129 56 123 85 80 200 61 176 185 127 71 32 8 78 17 161 4 104 99 91 125 193 99 49 23 38 171 16 135 73 147 68 61 131 181 166 106 118 12 84 49 183 131 84 168 118 75 133 134 2 48 93 138 118 18 68 141 103 187 4 62 101 99 109 102 148 
94 48 61 162 45 70 49 112 163 64 145 2 72 105 87 36 138 176 156 148 125 125 74 84 131 141 12 40 95 46 119 59 93 47 50 43 83 146 59 31 25 89 57 86 104 158 138 180 64 34 73 54 157 96 150 131 194 52 149 173 122 110 132 179 95 86 142 192 148 91 166 157 121 175 174 85 194 181 193 12 191 170 121 148 101 109 59 199 86 168 1 37 197 185 24 155 66 137 111 22 170 75 18 150 21 34 92 132 131 93 24 40 90 33 101 104 89 57 197 157 125 112 200 146 36 
85 15 190 111 5 149 189 170 77 84 120 121 21 94 70 143 169 33 177 108 73 67 150 108 49 100 83 164 110 143 188 22 122 152 115 29 4 106 182 37 58 156 117 189 72 107 18 3 1 102 13 24 9 197 23 147 88 37 148 128 195 33 47 75 25 178 177 34 124 168 132 19 46 177 200 36 64 130 158 29 102 12 10 164 60 72 52 137 66 172 13 24 165 168 41 3 88 135 143 133 127 32 29 80 30 179 47 7 53 135 167 140 20 177 135 134 8 120 113 63 16 49 87 99 73 
127 180 38 141 115 157 28 153 122 173 6 109 179 174 86 142 41 16 86 187 11 176 194 136 122 124 78 53 90 173 93 46 67 130 72 145 89 32 26 27 81 124 154 64 95 129 134 106 96 108 17 147 126 74 66 180 76 176 98 161 29 46 1 132 133 51 58 151 20 112 69 91 165 168 77 38 73 6 133 198 67 142 196 148 78 196 155 98 197 52 27 33 144 24 68 57 136 186 193 30 111 45 111 156 125 154 176 48 171 188 77 113 138 92 195 129 126 183 117 55 32 126 96 198 187 
19 57 11 99 144 68 53 76 34 63 64 110 36 45 153 153 180 170 22 131 49 142 166 75 27 96 18 67 196 58 45 92 113 191 115 11 45 165 34 78 163 52 39 185 109 53 173 114 188 71 7 103 98 187 131 139 178 127 109 107 22 190 115 94 110 94 133 196 22 3 37 80 85 198 75 108 170 83 6 6 181 67 121 151 194 55 78 68 75 37 10 25 79 160 173 54 117 166 31 26 63 193 12 191 34 11 194 189 30 95 122 133 63 77 76 97 136 170 84 194 163 70 18 116 196 
2 77 199 185 35 92 11 156 92 187 40 45 89 53 63 4 109 106 108 96 160 85 119 12 125 102 200 67 33 171 16 3 111 188 131 41 141 31 190 32 94 108 5 5 33 11 74 172 11 88 94 66 38 161 147 11 125 142 62 191 189 175 104 184 84 30 30 83 116 15 133 22 193 135 142 140 190 73 143 8 52 128 94 68 198 85 125 189 178 163 120 160 163 74 176 39 62 75 136 169 198 21 28 59 117 182 150 120 127 192 96 100 8 14 115 85 126 131 88 13 150 184 139 49 102 
75 110 83 44 153 162 94 8 90 10 100 64 122 82 197 29 160 71 94 120 2 42 181 1 17 142 24 169 147 98 104 89 98 99 105 56 150 186 200 39 150 192 137 18 190 146 91 158 174 164 100 53 115 75 135 192 139 186 100 45 119 177 113 109 177 166 153 131 140 164 130 58 62 137 113 11 43 159 132 125 35 33 43 170 114 128 36 34 193 120 2 163 199 65 200 52 149 93 67 90 75 104 103 62 109 65 27 99 136 167 39 92 77 43 152 51 115 61 53 121 77 17 18 191 67 
21 157 121 77 188 76 37 124 128 19 94 44 99 109 12 61 148 34 8 144 7 13 63 1 188 187 123 171 15 21 60 70 36 60 27 159 5 2 191 89 188 62 60 147 91 62 154 33 5 182 124 170 116 46 55 199 52 167 91 125 78 61 83 79 101 92 23 96 51 45 70 187 190 130 192 49 117 117 37 84 34 184 147 123 99 133 26 52 6 40 107 86 75 32 33 82 20 122 68 135 42 46 154 152 160 8 171 25 127 49 174 195 139 166 92 184 47 175 175 181 7 25 27 16 190 
101 98 7 129 162 26 51 190 16 15 21 142 119 66 8 4 94 97 41 178 44 55 51 115 113 191 30 127 47 168 177 127 26 21 102 133 140 190 18 73 94 127 35 128 80 117 70 43 198 11 192 11 43 189 153 92 105 46 147 194 83 96 135 194 33 90 97 194 60 3 188 106 192 18 86 67 191 68 7 40 41 75 102 148 96 22 186 166 7 134 89 43 190 77 178 148 191 197 86 102 65 17 117 14 151 146 164 109 133 193 91 98 19 111 37 133 136 10 44 89 11 123 140 23 72 
40 36 86 166 43 14 139 175 200 179 126 81 160 74 79 20 29 84 51 28 54 84 98 110 188 125 21 132 97 123 118 93 100 47 19 82 94 95 122 174 125 198 57 92 14 24 196 46 100 35 80 186 64 37 5 85 47 193 32 20 77 48 119 172 152 160 179 67 145 25 80 62 192 36 153 99 177 131 52 116 159 54 110 186 50 114 175 65 182 126 38 38 175 130 41 98 30 184 5 88 185 69 88 70 131 192 122 115 199 164 70 37 189 154 151 180 144 112 2 26 24 47 38 47 144 
60 58 74 107 37 179 120 194 174 87 91 174 84 26 198 12 2 84 163 12 119 55 102 153 186 123 128 26 156 44 71 61 35 21 54 6 151 123 128 198 132 151 167 120 168 114 34 148 74 69 164 113 41 188 173 63 21 24 150 122 166 6 85 33 16 114 34 197 119 46 7 107 93 87 106 44 169 31 197 105 154 40 122 191 51 122 77 68 83 169 100 184 125 125 91 73 59 68 60 180 178 56 43 102 189 117 56 1 70 30 96 57 1 143 95 26 54 100 195 51 96 88 19 107 30 
61 172 104 173 88 174 37 37 116 106 144 92 93 96 111 151 43 21 124 78 109 194 33 197 35 113 38 59 175 102 31 52 194 3 172 12 24 33 14 141 22 36 112 59 192 101 66 46 45 5 97 140 160 130 172 63 17 11 162 112 86 104 122 45 77 96 61 137 138 6 29 58 168 5 81 104 154 110 175 22 16 100 46 43 63 113 51 151 95 90 5 35 122 86 46 46 92 7 117 17 171 103 17 18 149 61 152 44 8 161 35 200 156 182 106 30 199 128 140 74 147 198 88 23 81 
73 95 55 13 133 135 97 172 92 194 137 16 17 17 49 68 147 10 161 147 165 182 48 159 157 22 10 33 122 54 172 25 117 93 196 11 164 88 121 94 139 200 60 11 115 17 77 184 69 139 123 20 25 67 60 35 21 70 106 190 71 114 176 98 10 89 185 42 29 32 131 47 128 53 164 200 64 154 90 160 98 194 162 142 27 34 175 29 185 123 184 124 31 190 182 71 64 136 123 176 178 134 187 155 20 123 84 103 37 114 198 144 12 132 188 173 107 120 92 49 108 150 59 131 96 
12 149 61 82 71 166 82 93 138 195 90 68 96 173 71 189 109 115 36 58 153 27 97 96 48 65 116 69 6 64 84 50 8 123 110 126 15 65 119 6 149 7 8 93 57 79 78 157 10 66 44 86 197 46 17 118 111 103 13 87 174 30 167 90 146 135 87 55 123 53 104 33 97 30 61 23 143 81 72 125 166 180 121 48 193 116 30 58 197 52 127 53 191 109 73 121 4 34 132 98 54 120 188 39 58 197 77 116 87 184 122 152 36 43 184 59 43 168 10 138 110 175 101 59 150 
49 71 196 95 95 93 129 117 104 188 28 188 60 143 11 196 56 179 86 92 14 5 68 50 195 48 132 24 38 1 114 39 163 196 58 159 83 105 25 89 92 9 89 118 40 51 59 4 145 150 186 179 35 163 33 131 57 84 46 128 44 31 119 115 28 109 188 155 130 148 121 137 148 189 139 132 133 14 139 159 141 8 72 113 88 98 52 99 116 119 49 121 154 158 160 174 132 96 59 80 40 51 84 116 165 154 176 25 5 156 76 177 64 150 137 33 47 40 156 75 31 42 92 52 16 
127 172 71 149 59 7 89 152 58 53 151 115 87 102 162 168 154 58 112 121 66 147 169 56 164 38 77 90 125 173 18 187 1 147 70 129 190 177 193 184 82 158 159 94 132 154 157 13 122 13 150 1 68 107 81 32 190 114 67 118 129 49 162 140 53 164 160 86 85 6 158 62 69 165 17 73 75 79 140 18 173 4 151 62 56 147 148 140 190 44 173 174 3 106 65 196 138 51 170 54 9 197 177 22 43 49 72 63 98 164 131 16 186 71 7 100 64 79 67 115 7 200 110 33 183 
32 29 161 180 104 122 132 79 136 136 155 57 165 23 11 58 114 33 66 34 187 62 57 144 135 13 137 115 17 103 154 189 168 105 78 108 44 48 70 68 88 99 24 177 102 157 71 146 10 17 126 45 110 171 10 28 69 35 53 191 78 54 195 164 198 174 71 81 77 150 138 6 29 164 60 11 22 59 50 113 98 146 143 128 46 200 141 169 77 138 12 154 199 132 105 95 61 182 80 13 130 144 126 116 115 106 94 16 41 95 99 140 84 85 27 51 168 4 50 23 112 146 59 123 6 
193 174 90 36 195 139 83 109 195 197 105 88 143 189 160 177 56 177 195 6 140 135 152 49 197 48 58 123 132 29 106 140 181 152 107 59 39 112 44 50 115 164 137 157 19 174 186 65 133 42 174 191 58 44 95 193 139 22 162 85 51 101 16 67 106 178 38 183 171 31 176 7 56 112 47 175 114 165 47 116 192 39 1 41 186 173 123 162 108 29 92 11 192 122 61 147 187 150 52 82 98 164 9 182 181 23 83 38 7 160 19 18 180 160 81 91 47 151 177 44 165 107 171 181 75 
48 167 11 67 167 173 100 176 122 55 49 64 170 68 170 16 28 29 119 99 80 191 142 74 147 152 60 14 120 165 159 81 74 29 98 55 191 130 64 47 65 63 190 106 177 197 139 188 57 94 103 43 46 152 199 108 101 41 60 21 119 126 104 112 19 187 105 126 49 143 165 115 116 121 124 83 33 147 186 3 54 152 129 157 52 56 12 134 130 103 4 93 174 112 69 178 86 69 190 11 169 60 2 158 91 156 11 14 117 168 81 12 98 152 127 72 88 157 138 109 105 69 189 66 134 
44 148 106 127 103 141 124 152 151 146 121 17 104 3 75 123 151 135 194 160 168 41 178 64 158 29 126 132 89 37 15 137 80 110 121 16 52 182 136 47 116 195 114 22 87 106 160 129 143 9 45 3 99 174 19 72 11 66 145 200 37 41 26 88 129 131 52 61 51 63 198 62 40 27 94 61 58 39 172 62 56 117 193 133 188 196 108 45 60 85 115 185 52 177 54 9 32 4 167 118 66 179 10 85 73 35 107 134 60 149 143 113 82 35 5 174 184 21 1 32 123 15 199 176 130 
52 100 184 138 62 200 64 175 188 54 50 59 168 152 124 74 166 43 2 107 52 53 63 144 56 145 65 105 122 124 7 100 28 130 40 104 147 80 117 33 80 162 142 56 32 6 38 82 178 55 112 157 123 98 71 76 71 151 155 168 141 37 112 180 47 147 23 118 20 29 103 183 198 80 74 111 15 196 171 87 103 134 20 121 3 166 97 168 68 190 148 30 23 21 96 174 166 152 94 8 29 65 138 106 121 64 93 176 113 79 188 176 144 122 151 40 181 32 190 186 20 7 189 194 67 
162 88 105 58 109 68 20 146 28 86 25 57 113 42 25 49 54 111 170 13 14 109 148 145 187 59 125 56 190 180 141 124 112 72 64 27 12 132 133 199 185 132 103 172 187 150 83 51 74 197 70 68 108 37 189 198 194 80 197 136 41 121 127 87 99 197 197 102 190 141 133 145 174 192 47 137 47 34 158 27 173 123 183 97 8 165 37 196 158 155 90 191 133 188 74 15 188 49 146 167 190 198 70 98 21 153 140 37 152 175 16 70 172 140 124 191 87 59 22 51 78 76 148 149 3 
49 47 106 183 174 14 134 175 14 56 4 43 8 115 31 195 191 80 155 16 54 171 53 130 130 122 199 190 165 120 7 161 107 104 28 102 111 192 27 113 18 16 122 27 74 92 74 115 197 93 172 145 80 72 17 136 45 132 6 91 150 7 37 160 82 64 5 77 148 6 115 43 101 87 75 119 32 34 90 82 183 196 38 11 98 198 147 25 69 92 48 109 172 62 125 176 11 31 54 12 89 158 154 41 131 83 38 132 187 80 104 181 124 78 167 166 31 150 96 26 77 7 60 3 159 
16 164 178 56 57 57 82 91 166 152 4 150 197 16 71 141 186 88 84 141 169 40 55 119 194 13 89 73 76 119 158 69 5 173 133 105 48 199 88 13 88 93 120 179 74 110 146 114 133 11 177 115 120 178 53 29 191 56 187 42 126 72 189 50 184 171 47 182 138 10 39 181 36 176 10 35 118 134 38 142 92 100 88 161 37 49 4 16 133 75 181 37 111 15 112 121 50 182 150 84 133 121 95 9 107 163 40 182 97 197 161 137 143 122 124 142 9 5 62 15 40 189 97 112 17 
16 74 158 169 67 50 65 104 184 88 105 6 40 158 93 49 53 69 126 138 2 168 61 59 69 16 134 166 38 166 144 44 171 29 86 77 25 55 49 1 112 127 32 15 126 27 183 94 75 100 114 116 32 178 31 51 88 168 84 168 51 9 187 59 198 132 199 31 97 178 86 115 133 105 72 93 170 124 163 18 41 72 122 134 105 31 20 11 31 86 135 158 128 121 38 162 23 117 44 60 136 190 160 83 149 21 103 126 24 2 156 71 164 170 182 31 23 109 18 6 171 151 108 7 85 
109 96 172 35 57 133 107 141 103 147 36 91 27 32 175 115 121 81 136 173 66 50 74 17 87 89 148 129 90 67 25 143 43 134 120 113 180 118 67 161 52 165 144 138 165 185 67 68 147 43 105 83 174 187 174 84 176 43 33 76 103 101 84 147 116 78 163 121 54 49 109 43 79 7 70 175 64 147 118 138 20 15 163 72 160 166 86 78 2 192 92 83 37 182 162 83 155 131 16 135 130 12 103 73 174 166 57 3 19 197 100 27 88 96 108 167 109 186 29 49 95 200 187 80 4 
161 128 72 125 134 47 197 186 75 26 176 152 10 145 196 28 175 120 185 149 20 10 166 108 155 32 173 113 132 68 155 175 1 104 148 18 73 53 52 56 25 117 146 45 16 49 72 111 15 199 198 107 105 92 199 128 115 54 145 9 200 3 34 162 10 1 151 135 33 133 129 137 141 107 69 195 168 35 180 104 193 153 96 12 44 163 55 26 36 145 84 189 98 14 139 51 173 119 11 174 97 51 150 49 12 177 75 193 28 95 94 191 50 36 127 155 24 137 180 185 79 71 154 189 152 
3 91 85 53 62 88 15 19 8 79 159 133 39 105 75 32 127 101 190 133 10 33 141 172 41 129 68 165 158 161 40 28 49 133 35 153 79 8 180 51 163 96 49 15 88 119 8 40 83 185 40 40 126 145 42 136 70 135 91 36 64 162 114 111 185 40 157 45 59 92 20 75 104 44 82 28 115 116 66 21 199 109 63 168 130 3 32 56 139 15 189 45 55 160 190 184 36 67 92 170 172 199 4 124 75 37 31 70 115 56 119 23 92 102 46 95 160 15 77 111 138 170 117 20 189 
24 184 19 178 119 66 96 141 136 76 28 12 31 124 68 65 140 41 163 104 146 169 167 54 38 150 61 142 184 180 1 96 113 87 84 200 192 16 119 50 90 95 95 118 146 185 25 40 120 165 107 84 155 17 126 66 40 77 76 154 25 94 8 173 124 134 194 134 156 148 182 130 39 148 176 43 19 152 135 38 87 138 177 179 144 128 96 96 110 132 116 162 174 133 152 22 62 186 123 197 192 48 106 197 185 183 87 83 28 50 162 166 29 54 50 170 43 140 163 160 114 83 149 164 11 
148 120 1 117 111 27 33 136 197 58 183 63 50 71 33 31 195 186 45 115 61 4 81 182 144 171 168 46 76 180 167 64 135 166 164 134 130 148 63 135 180 153 195 15 42 3 37 63 8 44 125 148 15 175 184 103 81 29 95 174 174 26 79 80 67 146 98 72 176 114 17 105 36 156 34 45 13 156 69 64 27 189 190 13 128 75 91 189 104 185 65 134 68 109 80 75 76 166 75 119 82 39 40 146 28 40 112 200 113 58 82 72 51 29 119 108 77 53 4 51 130 59 32 126 181 
65 131 85 35 75 124 171 180 163 97 48 48 28 13 100 66 116 103 9 98 29 40 82 42 107 141 126 161 89 179 7 161 45 92 17 186 194 178 165 142 126 126 27 39 88 160 139 8 114 47 171 88 19 40 188 46 170 70 41 168 158 63 33 161 112 194 9 33 169 173 96 100 71 130 24 155 93 127 57 147 15 63 5 64 65 179 138 37 19 171 57 149 108 126 40 196 126 168 142 96 46 196 108 133 123 113 21 58 100 55 184 9 99 115 45 163 146 102 6 84 151 166 130 176 102 
135 101 140 161 107 159 56 106 112 90 141 113 70 103 191 49 140 169 119 10 64 84 134 198 61 91 10 94 106 109 42 51 6 88 28 145 16 21 199 181 12 126 182 14 172 132 140 181 21 102 99 114 134 120 13 6 161 147 68 26 54 174 62 71 158 148 37 52 52 156 55 198 196 28 172 45 145 61 18 176 30 77 67 158 18 138 2 91 55 83 27 69 98 88 162 73 178 115 37 61 84 145 140 106 156 187 46 168 103 165 194 178 52 63 90 83 157 144 153 175 73 55 198 24 51 
67 131 127 184 146 42 183 81 137 51 39 125 196 40 54 111 13 180 13 170 2 144 83 79 197 147 49 47 28 31 187 149 39 194 141 181 73 50 195 64 53 44 109 80 160 53 117 38 5 140 136 109 95 186 174 96 45 155 77 68 57 54 55 135 142 131 68 134 93 95 82 185 70 14 166 82 179 14 74 145 98 121 15 123 87 4 50 122 144 68 52 80 161 124 94 164 115 132 191 40 124 21 93 109 155 137 149 100 65 46 20 81 45 145 2 1 200 108 153 192 197 1 15 196 198 
71 104 42 111 120 122 80 93 198 8 33 53 52 124 35 26 180 110 157 120 168 156 95 72 1 168 153 68 161 177 135 172 71 34 37 160 140 41 64 158 74 101 105 125 98 152 89 17 77 191 85 114 61 21 166 88 87 157 73 94 185 81 140 106 92 169 192 85 114 177 55 185 40 106 73 141 189 31 138 161 79 38 179 99 177 107 187 26 62 151 100 163 78 22 104 143 107 145 10 14 67 58 83 31 191 62 47 29 175 199 190 59 126 82 135 14 117 72 158 75 116 196 36 159 10 
36 87 90 101 200 136 90 106 171 23 82 6 161 175 173 149 187 125 34 182 9 200 132 17 166 119 185 127 97 164 144 157 27 157 60 132 46 98 160 199 93 14 142 172 76 72 92 147 5 197 193 32 78 109 97 148 44 3 128 9 173 45 24 137 123 144 129 144 140 174 127 165 142 58 129 36 113 47 157 158 19 41 27 28 143 144 85 6 127 108 147 195 22 117 27 27 31 94 47 181 145 143 142 179 163 29 173 96 125 146 11 167 52 188 161 51 173 59 172 86 160 8 89 95 113 
116 157 88 144 80 173 57 35 159 200 10 33 89 75 44 61 135 30 52 83 65 48 66 77 154 74 174 146 93 191 200 42 15 3 61 97 134 28 11 170 197 88 3 131 107 191 46 81 164 135 134 48 149 134 42 200 20 29 61 86 41 142 26 134 59 80 53 167 102 162 146 25 103 98 16 37 105 112 150 128 190 15 115 134 185 89 85 188 149 183 125 176 132 190 1 98 20 126 11 72 137 71 35 175 125 18 168 125 6 1 49 193 161 186 89 164 188 132 28 166 92 160 65 3 197 
35 194 110 33 113 83 147 41 90 154 76 117 47 25 167 3 154 14 156 118 113 128 118 5 107 180 33 121 63 178 170 5 25 197 19 8 98 47 120 150 127 14 115 58 173 126 196 155 14 108 171 171 22 101 90 46 70 163 97 152 69 106 199 197 32 98 33 65 29 114 84 159 113 56 149 12 143 100 173 141 161 92 94 67 126 154 198 97 47 26 193 165 193 16 183 157 94 32 9 175 40 129 65 135 162 149 72 123 181 32 185 29 124 162 92 154 111 95 33 83 87 53 56 166 51 
118 109 119 188 75 92 76 73 171 197 115 91 20 20 161 51 151 56 92 90 95 64 110 143 1 121 47 194 60 87 172 29 22 121 154 167 3 169 73 55 179 108 179 60 183 181 176 58 132 149 108 7 113 134 59 68 198 114 68 141 32 52 102 44 51 188 86 10 127 89 4 156 88 28 127 79 170 84 130 9 198 130 65 49 109 1 104 198 88 137 120 175 21 178 121 93 67 108 112 33 44 167 158 122 51 183 10 200 141 93 190 158 188 196 121 12 98 46 45 10 134 22 116 53 108 
116 155 185 136 194 89 162 142 10 180 88 120 173 91 14 143 198 59 25 198 100 93 89 187 79 146 2 110 58 175 171 150 169 146 167 97 130 174 124 96 129 194 98 52 48 167 109 14 147 91 107 70 198 55 109 33 84 120 16 151 111 52 152 187 50 93 178 151 73 153 184 184 191 140 161 66 99 176 68 92 10 76 142 106 166 197 25 134 190 176 38 144 93 85 124 47 23 40 80 99 133 152 15 67 171 176 1 9 28 117 57 57 34 98 75 182 22 99 68 90 100 145 35 50 100 
182 148 68 37 78 57 126 6 119 61 121 52 162 110 130 179 17 57 86 102 194 54 84 167 186 167 161 88 31 166 140 109 169 107 192 194 112 196 195 158 175 105 60 121 60 48 66 121 37 182 135 131 194 156 143 8 170 46 101 155 140 73 167 194 173 142 157 52 127 51 45 11 48 24 50 186 96 200 138 85 133 136 169 68 77 53 76 186 125 114 140 19 77 21 72 196 21 86 190 76 34 94 100 39 15 154 42 40 199 182 104 148 11 126 79 123 192 7 72 133 43 72 46 176 144 
154 39 165 23 117 128 35 177 194 108 133 148 161 107 127 124 72 28 129 70 40 62 165 134 147 167 161 145 111 97 129 88 183 41 139 127 197 111 182 125 170 163 131 74 7 179 24 162 51 28 32 50 185 70 175 121 146 64 105 180 196 127 198 128 98 125 27 45 94 101 116 146 72 94 88 40 34 38 148 131 92 92 26 134 114 25 184 141 119 124 170 105 124 25 200 88 77 193 55 28 116 185 5 93 28 167 194 173 77 178 28 82 112 28 189 151 79 146 95 189 33 2 152 176 133 
123 98 49 200 108 173 2 157 197 133 68 82 171 6 40 104 2 200 94 162 1 192 175 58 123 75 189 43 45 20 44 162 144 108 179 38 175 39 52 126 6 20 22 184 21 21 197 194 133 7 158 65 140 118 100 17 106 117 172 118 100 96 160 48 51 37 73 140 94 125 121 1 52 123 161 18 14 13 116 102 70 22 147 144 31 35 142 99 42 188 128 70 108 6 167 200 45 162 171 40 112 141 175 25 180 94 164 65 180 77 101 111 105 7 24 27 39 100 199 78 193 13 186 146 135 
62 65 51 106 47 50 152 59 29 26 64 64 39 133 170 145 141 156 24 31 102 5 179 175 114 177 32 18 165 104 65 20 75 31 169 159 9 12 170 173 69 42 56 87 69 162 75 185 179 8 14 140 90 55 14 29 57 190 66 170 175 159 145 111 113 76 104 16 199 126 48 32 160 149 186 64 50 81 191 111 78 87 67 169 32 22 178 149 151 166 178 5 25 190 86 107 188 128 131 105 74 159 5 73 109 141 90 153 67 101 181 138 115 142 178 142 37 152 194 122 196 177 78 185 123 
22 145 186 8 111 113 109 47 111 65 156 176 168 38 82 9 137 194 63 14 196 70 179 124 68 77 134 135 72 169 157 77 85 198 159 121 130 16 159 98 69 148 2 196 160 61 22 25 112 189 26 26 55 124 86 23 18 119 36 104 140 85 158 161 92 83 85 154 184 152 88 95 116 67 131 75 118 121 145 135 99 91 89 117 199 108 129 94 34 118 189 127 89 152 83 68 25 184 49 21 148 175 146 68 175 189 130 9 145 76 181 79 181 129 112 9 29 131 183 133 147 39 49 58 123 
6 69 131 18 54 101 30 69 49 28 35 67 47 193 50 199 131 123 23 10 140 92 3 19 20 153 58 90 137 125 45 19 34 35 187 161 182 147 189 29 126 34 75 143 6 50 119 146 52 186 61 22 116 84 92 91 152 88 29 198 138 80 132 48 145 133 88 156 118 20 26 122 112 59 87 31 171 119 8 95 86 99 42 199 116 165 163 68 104 195 28 21 88 127 139 123 1 148 24 137 33 156 135 100 80 19 58 137 3 107 33 27 28 38 75 187 20 189 34 45 2 4 21 117 92 
155 74 68 73 174 20 171 184 153 16 19 39 108 2 139 89 64 160 171 105 93 150 40 95 108 122 125 50 49 89 185 181 128 2 53 32 163 181 31 164 152 99 24 74 87 121 139 124 165 119 74 147 107 96 74 73 72 105 129 100 83 2 144 174 31 183 49 148 67 131 100 46 149 36 106 103 132 88 180 155 75 106 178 46 103 45 181 124 178 166 103 128 139 64 98 78 88 39 23 59 152 88 169 172 79 74 155 106 100 42 83 161 155 52 163 193 61 18 31 46 2 15 200 129 120 
94 191 134 6 174 190 173 166 154 177 43 141 74 181 88 187 190 143 93 18 76 45 104 168 159 100 194 67 60 198 170 99 81 107 159 151 117 49 192 114 108 64 93 66 136 196 21 143 105 172 74 156 140 49 172 142 53 140 58 68 49 177 121 4 79 118 14 78 1 199 138 120 125 30 190 54 150 70 15 180 15 69 78 195 129 115 199 58 196 36 162 81 196 164 128 147 79 192 48 21 36 195 128 96 10 194 31 57 192 153 192 18 146 41 57 150 24 101 70 4 93 103 100 109 82 
99 26 24 62 77 102 37 67 72 101 200 66 134 3 98 193 194 87 115 94 200 81 128 39 82 158 105 108 24 149 171 117 55 92 87 176 180 119 113 134 135 194 142 157 110 170 133 150 54 129 3 97 151 30 45 191 64 182 91 194 89 73 34 140 173 191 154 155 92 165 88 163 164 51 111 141 127 145 43 174 96 199 132 196 54 198 190 2 35 163 45 146 129 27 197 145 82 38 31 16 119 154 92 34 101 97 43 109 200 64 169 113 49 19 28 78 118 46 28 21 154 99 85 56 95 
65 97 141 7 73 178 47 191 9 129 86 84 7 108 26 199 142 78 108 59 192 22 114 79 140 103 125 140 196 191 74 16 140 132 130 142 180 125 178 156 180 159 9 47 6 64 102 174 138 154 127 180 126 149 108 109 164 175 185 147 67 76 71 182 161 82 147 184 87 126 54 118 84 16 164 26 200 66 67 158 178 129 161 149 160 32 124 149 167 178 121 70 192 164 6 67 179 178 158 117 147 84 81 140 64 115 114 35 165 112 107 155 162 56 180 200 36 140 63 115 52 30 151 78 94 
148 3 9 118 59 157 71 166 141 141 64 157 13 185 69 50 109 92 64 84 173 69 58 99 158 84 182 160 183 40 70 5 40 18 49 116 172 23 66 33 147 179 134 22 157 9 178 195 68 65 161 188 29 194 75 158 124 166 154 176 20 140 82 105 83 13 9 89 45 16 123 135 155 180 45 142 182 85 14 91 155 31 125 87 29 98 109 26 14 66 198 107 168 81 144 2 84 145 70 139 21 124 48 198 184 157 92 32 26 160 24 127 11 185 164 83 160 183 166 76 86 3 127 144 64 
178 44 197 94 82 132 42 175 194 16 68 121 121 53 161 121 28 75 154 106 33 126 17 71 77 37 32 34 78 94 151 15 38 183 140 15 114 67 185 151 54 35 45 195 199 78 168 59 116 4 6 147 70 131 149 86 165 163 156 169 155 112 123 3 158 110 45 43 14 18 17 54 93 195 114 103 43 72 32 32 41 113 91 190 139 16 186 106 97 90 96 105 185 7 168 132 84 85 144 187 152 101 180 41 197 158 190 16 11 89 156 116 189 138 157 177 124 112 170 83 182 149 85 77 112 
150 155 19 109 184 70 175 131 73 67 141 56 196 3 157 78 15 170 129 64 136 99 193 6 69 41 58 55 18 45 140 178 127 189 94 132 15 12 181 138 11 189 60 22 102 111 198 66 172 153 43 86 106 138 33 91 175 164 5 5 80 55 43 43 199 138 96 156 136 177 160 141 14 130 63 170 60 65 46 177 131 98 59 8 69 65 44 125 37 12 69 125 104 1 155 99 50 184 14 168 48 32 76 38 37 82 199 161 154 156 110 142 120 51 172 191 30 128 13 94 103 1 20 126 190 
119 41 136 81 108 119 106 92 44 128 149 186 49 159 189 172 134 175 16 27 104 177 88 121 88 119 32 41 13 101 180 158 61 146 25 118 132 7 114 178 41 165 124 106 43 88 156 194 154 91 79 76 116 57 56 110 24 61 57 46 189 77 137 92 132 144 157 6 161 39 176 40 73 13 174 141 146 16 5 189 25 97 97 55 65 57 75 28 186 73 172 71 97 104 157 57 200 123 99 184 166 6 61 57 14 197 192 148 14 24 116 14 194 168 133 191 160 148 72 122 104 178 58 147 3 
134 180 167 119 186 81 10 57 129 167 52 79 182 81 87 170 77 48 139 174 162 138 81 200 16 189 133 36 154 92 38 169 15 131 187 59 122 19 178 42 183 198 176 132 90 105 196 32 30 16 96 155 190 23 56 90 51 8 40 173 133 7 45 140 44 103 19 57 74 159 18 184 83 44 189 40 190 90 82 189 146 9 168 63 200 108 138 9 131 84 121 76 121 45 127 35 83 100 128 195 195 188 199 71 157 36 148 189 135 27 30 176 90 39 56 9 166 92 112 116 156 16 85 188 198 
83 25 4 32 108 147 11 80 64 36 2 155 18 128 179 131 136 16 68 125 80 101 58 38 195 50 151 97 65 172 132 180 48 71 119 134 56 194 180 92 192 147 173 123 147 151 68 72 32 131 54 100 136 136 84 53 108 85 104 134 4 76 149 20 152 34 181 71 199 177 190 77 174 167 33 56 145 50 72 84 69 49 199 4 178 148 150 72 71 128 79 107 126 171 115 89 179 19 24 155 106 196 56 107 152 79 3 19 75 34 54 128 188 57 142 26 183 41 181 147 51 169 54 197 9 
158 81 55 114 182 91 63 133 129 49 101 193 182 156 15 103 46 151 21 25 157 158 28 1 14 161 187 131 74 178 34 50 121 66 147 79 16 133 157 189 155 77 96 31 133 108 143 128 128 184 82 70 167 153 68 70 140 192 97 45 17 196 34 53 175 132 130 115 172 41 160 196 70 122 195 9 40 170 48 82 155 173 182 140 55 83 175 14 61 180 11 126 160 174 64 184 27 14 133 107 159 191 71 102 157 157 104 161 13 35 74 120 141 138 4 152 184 107 177 153 27 41 17 49 168 
70 131 132 119 121 147 132 104 121 85 182 65 8 176 122 155 30 15 197 56 43 30 173 138 150 169 44 138 78 70 162 122 172 163 161 52 99 178 98 48 37 8 73 164 32 44 71 200 134 101 199 34 166 70 96 114 169 68 49 28 142 52 6 101 35 3 93 84 159 43 133 13 51 98 1 22 59 35 9 65 117 160 77 64 48 18 33 113 98 16 22 65 107 93 169 152 33 88 31 185 198 197 102 17 199 51 175 61 193 66 166 188 196 199 148 166 116 114 105 108 136 38 126 100 148 
177 51 179 146 19 188 97 128 80 118 46 115 82 200 161 37 3 93 26 9 66 46 20 4 96 90 144 40 185 14 172 36 116 76 5 28 44 66 132 165 154 94 161 170 10 124 148 20 112 81 69 7 102 83 182 20 168 32 183 164 76 73 107 119 14 77 123 6 193 183 55 124 147 49 168 75 65 166 139 20 160 69 151 179 181 42 72 72 183 100 26 42 12 47 96 6 109 64 8 68 112 156 76 187 52 48 167 104 193 161 199 123 109 6 31 147 117 192 103 4 195 117 17 72 132 
65 101 114 198 32 50 50 134 113 24 144 179 102 45 133 34 186 37 173 6 125 156 138 132 196 180 154 147 5 166 49 56 66 29 116 20 64 3 152 156 132 151 112 15 1 47 103 85 39 134 83 115 126 50 14 81 82 187 159 24 157 33 110 121 28 165 44 46 8 121 125 55 25 126 99 2 101 135 114 131 167 120 71 194 136 106 88 62 132 24 96 26 104 29 176 127 195 62 30 144 125 180 48 42 62 50 83 77 124 175 116 48 139 148 98 66 56 83 152 121 65 183 77 148 175 
122 193 15 24 67 171 168 88 152 4 160 106 15 82 141 108 94 144 84 183 79 94 184 142 78 98 101 65 162 128 84 77 177 130 116 127 196 100 117 15 39 76 15 126 125 175 166 47 25 108 68 118 53 76 66 57 36 189 64 110 44 188 89 112 169 6 160 101 25 190 163 20 193 131 61 86 37 93 47 140 97 143 45 17 33 191 30 4 9 189 120 197 152 13 146 38 7 147 74 6 31 1 33 149 47 34 41 189 27 139 39 26 88 37 6 189 126 55 48 59 72 26 88 139 189 
168 75 168 36 6 130 104 16 26 174 114 142 191 157 157 73 30 110 42 139 167 13 116 151 10 148 98 66 26 2 159 193 131 105 59 143 171 45 30 33 45 54 96 93 11 2 119 170 69 137 144 23 150 182 114 103 26 178 9 123 42 8 185 116 104 89 85 94 177 100 20 44 108 157 200 175 52 78 172 130 63 181 132 34 16 123 167 78 69 171 188 79 36 151 120 65 60 117 183 195 6 30 92 176 122 171 51 67 34 17 125 108 4 144 159 179 158 37 186 124 41 38 145 186 122 
16 141 170 167 59 142 142 161 40 77 11 191 161 187 69 40 190 141 145 150 56 89 4 68 74 19 136 155 77 161 172 61 93 65 155 95 177 198 138 185 147 105 59 135 122 170 1 15 134 2 112 180 53 85 7 86 94 110 145 28 103 112 179 152 5 65 125 5 62 175 156 70 121 38 125 3 162 78 142 86 177 167 112 11 55 197 73 198 141 35 137 24 48 99 196 194 85 157 39 64 139 78 94 156 37 49 120 121 37 68 189 184 36 15 190 112 177 200 88 68 62 150 88 1 131 
148 173 93 108 178 84 177 187 119 179 174 33 182 19 152 138 50 33 34 187 182 143 28 200 50 45 79 8 169 69 100 176 152 87 180 164 85 93 70 161 145 69 129 133 85 31 6 135 61 24 184 178 95 84 182 175 14 171 74 19 177 105 198 119 81 93 11 91 149 121 12 78 123 88 162 24 4 69 123 135 173 193 62 182 167 200 69 180 197 49 96 135 188 184 86 174 147 22 178 199 3 91 152 13 68 94 190 60 188 173 44 63 102 163 127 175 75 92 167 96 88 30 81 51 70 
169 103 73 108 79 136 150 26 125 58 32 83 199 163 191 73 36 32 52 188 199 27 175 184 112 76 70 170 56 58 63 106 54 125 44 140 186 10 125 187 101 144 138 87 44 71 50 45 147 44 30 176 167 149 40 114 8 38 124 112 12 181 46 50 75 71 195 53 43 161 137 19 61 162 136 84 173 9 129 78 66 98 103 189 129 49 3 112 131 26 66 13 86 63 181 110 192 173 108 18 182 110 129 174 81 30 55 53 93 118 124 184 38 198 21 50 36 92 82 100 5 97 168 2 162 
112 95 169 106 191 154 39 156 73 140 85 66 121 145 7 147 36 19 131 66 159 57 199 102 89 69 172 164 151 54 120 122 71 83 14 92 127 21 155 37 15 80 193 121 64 73 19 190 8 102 32 48 36 175 117 177 104 188 67 137 47 34 84 99 103 156 6 42 107 8 42 31 125 161 133 192 12 12 165 10 13 81 16 62 36 154 121 62 40 188 184 145 119 85 139 96 64 98 160 4 135 113 137 81 85 176 5 66 19 49 74 122 149 172 183 87 154 28 41 26 103 59 114 66 38 
144 187 168 128 184 184 182 41 199 80 177 111 81 9 177 162 193 61 196 53 11 117 9 70 41 152 101 23 186 127 5 197 76 86 168 96 134 2 167 169 75 25 140 2 185 22 143 171 101 128 34 110 184 22 169 71 72 71 69 128 199 148 151 150 143 82 57 91 38 148 5 127 189 65 88 54 93 192 132 83 28 69 72 2 109 38 166 35 112 42 74 126 200 153 155 116 199 12 36 85 21 176 4 102 186 14 92 95 44 6 28 147 56 10 189 63 134 22 75 38 7 125 191 73 104 
98 117 39 156 33 177 69 157 179 175 43 106 156 1 46 105 67 106 126 172 47 164 138 65 132 139 2 112 26 103 74 92 71 27 99 81 2 18 174 125 32 61 173 23 102 190 182 107 64 178 73 172 127 46 145 6 120 17 79 16 40 46 47 103 114 29 108 112 55 26 180 28 147 119 59 29 131 98 59 47 51 127 8 124 146 154 159 51 129 50 177 186 166 96 160 65 91 117 182 173 117 34 151 50 133 9 76 127 42 5 36 69 200 124 118 106 122 115 70 132 73 146 56 34 5 
60 97 35 105 71 77 46 154 129 126 131 158 77 168 49 6 192 187 177 75 15 54 44 20 11 180 70 126 88 23 31 28 165 2 52 15 156 93 79 113 180 119 56 17 64 144 70 191 39 24 183 62 41 156 41 140 2 107 131 115 31 161 50 26 119 163 73 34 171 121 168 108 45 10 123 11 200 45 176 157 103 169 134 131 10 163 11 117 141 171 152 72 11 38 99 175 158 187 163 115 115 76 83 68 11 177 54 189 43 25 94 92 62 143 116 142 69 53 171 142 144 125 103 149 96 
69 24 138 195 166 189 21 119 29 97 168 28 116 82 175 5 121 86 82 115 70 34 89 133 40 76 177 144 105 124 36 37 48 107 177 157 41 166 69 173 8 124 69 19 159 28 129 65 137 114 154 114 164 26 120 105 62 29 198 101 141 7 110 35 187 78 194 142 100 171 166 137 71 192 18 117 4 108 11 121 3 111 75 90 126 117 173 199 104 57 72 197 142 107 138 89 192 12 195 96 4 110 43 98 192 93 112 70 85 157 99 154 178 108 115 37 98 162 21 62 105 127 159 80 23 
197 166 135 187 4 147 38 89 143 112 118 55 118 27 34 172 51 137 58 90 128 170 94 169 58 167 186 23 149 200 33 148 27 146 71 64 188 198 103 145 18 35 32 104 129 132 150 104 181 175 135 47 192 166 105 31 169 127 46 164 85 144 185 2 182 56 55 7 158 15 132 193 27 161 134 182 194 142 163 48 199 190 102 45 61 197 27 8 48 113 185 41 31 11 67 118 85 168 32 48 179 154 148 86 180 92 82 173 87 97 12 148 26 42 49 126 16 45 92 43 97 104 44 4 161 
194 73 21 129 185 103 98 129 87 58 73 84 27 129 175 24 181 48 57 115 84 41 197 182 40 99 21 11 9 68 156 10 118 139 89 99 90 125 43 5 167 120 1 180 26 47 125 146 174 46 19 79 79 108 196 187 177 1 162 62 200 30 60 152 111 165 128 186 8 61 90 64 179 30 9 123 37 183 181 14 38 155 59 139 181 183 89 49 194 65 61 66 150 179 134 36 198 61 12 40 79 56 144 68 156 187 150 23 145 116 171 22 101 148 163 79 139 107 11 103 54 122 125 42 185 
144 122 53 36 33 181 17 199 177 10 68 150 180 157 97 89 190 115 123 197 148 189 195 83 171 175 195 114 179 117 176 91 141 179 134 132 156 96 27 112 175 107 25 78 19 167 8 87 21 92 140 189 71 75 117 180 143 199 145 192 5 163 162 21 146 76 171 135 127 89 72 43 166 163 135 143 95 77 58 144 96 155 123 35 59 70 105 53 162 159 93 124 145 39 86 189 41 4 154 173 131 134 18 16 182 160 133 154 136 177 74 189 188 107 177 132 11 175 4 186 4 39 100 18 29 
168 188 101 65 172 155 166 58 20 138 65 119 86 7 92 166 133 46 136 144 57 198 111 87 21 12 99 152 142 190 83 184 24 7 67 77 108 86 144 186 64 161 77 190 152 131 76 102 81 20 24 189 106 99 192 162 62 18 105 59 75 42 183 91 50 45 189 20 40 45 7 41 21 65 5 197 136 159 113 122 119 70 69 131 6 169 74 137 155 120 77 110 7 126 63 124 200 124 3 24 19 114 138 190 122 126 32 91 80 165 129 115 82 16 139 175 172 155 144 199 62 188 191 101 121 
62 7 198 39 2 1 25 62 176 157 41 83 46 68 116 56 2 10 5 38 137 26 149 59 190 86 166 121 34 171 52 108 45 57 66 198 140 137 127 195 27 180 180 72 103 137 175 45 84 197 96 162 92 180 116 3 184 136 22 46 81 58 18 82 197 134 24 148 95 166 92 184 182 195 151 136 68 8 5 120 44 51 163 2 28 115 156 44 92 171 117 161 11 133 80 87 3 197 80 138 66 177 63 178 53 32 58 37 120 76 194 141 185 89 200 5 180 94 48 98 168 82 127 144 24 
199 147 18 162 96 34 106 41 26 46 127 169 110 19 128 65 115 82 86 50 32 79 144 41 132 171 78 113 181 89 24 59 118 32 183 129 196 70 175 183 69 96 175 71 166 174 112 17 58 181 46 40 54 162 52 121 145 190 35 29 127 134 14 3 181 29 86 128 72 8 73 100 191 61 100 106 14 14 19 178 18 102 39 120 185 15 174 18 92 89 132 26 192 102 20 124 84 48 70 68 35 198 54 188 165 158 22 85 25 61 18 36 130 62 56 95 74 120 187 101 142 24 67 151 1 
127 13 54 42 60 195 46 150 35 150 79 162 52 200 89 163 34 35 50 30 4 109 141 35 120 90 63 172 113 137 199 192 101 67 57 104 99 159 134 105 193 16 128 1 21 160 179 2 187 130 35 25 160 153 189 160 3 102 108 37 1 20 35 114 155 151 157 10 2 136 193 82 175 140 44 70 14 68 16 138 58 112 74 127 46 147 19 69 89 99 29 166 6 140 19 126 89 114 194 160 113 18 195 47 151 99 86 72 25 131 109 162 20 77 182 143 96 100 139 126 170 192 56 21 148 
98 172 176 60 196 120 159 46 136 198 89 41 83 61 117 118 194 65 107 18 101 63 125 159 103 106 134 166 181 191 15 84 176 151 67 35 166 42 33 191 138 74 63 195 170 90 16 32 82 178 133 98 131 111 64 128 59 193 185 80 159 88 75 164 28 140 72 150 16 188 114 122 123 72 160 131 151 169 99 155 109 180 146 51 81 191 64 145 90 173 70 166 195 76 73 79 12 92 146 176 148 192 85 117 71 81 144 43 34 67 28 48 53 42 73 192 9 193 172 18 129 175 144 72 145 
121 43 73 17 28 84 51 61 22 195 83 99 156 88 176 22 137 32 39 169 191 102 82 197 82 24 147 110 42 158 44 192 195 196 66 73 158 2 56 189 37 73 139 116 165 30 149 165 90 49 13 154 135 179 120 127 70 5 130 86 26 123 153 163 122 81 66 161 151 42 2 74 119 151 19 117 23 147 69 95 34 114 184 147 195 142 17 28 200 91 141 102 79 181 116 185 45 195 130 38 59 149 67 84 22 82 34 64 57 163 125 161 46 144 146 103 195 10 116 7 12 79 171 159 66 
33 100 115 125 19 115 148 89 44 57 182 106 86 160 112 88 150 176 183 124 89 144 115 11 189 11 65 80 67 33 195 128 179 27 100 69 122 185 49 11 124 135 195 2 112 39 134 44 99 160 19 188 192 184 80 53 131 137 63 117 24 69 15 11 101 172 170 177 11 74 95 134 74 75 18 92 43 176 99 12 98 22 149 195 127 6 164 34 114 133 108 9 120 118 85 25 98 61 59 109 24 130 19 54 108 156 16 77 114 13 54 7 98 185 193 102 105 138 20 161 128 188 158 16 44 
166 136 32 11 197 95 179 197 59 174 165 87 196 104 103 90 97 60 100 124 198 136 56 59 12 59 120 144 26 108 181 193 21 156 159 196 3 26 130 174 142 133 13 76 31 90 40 96 21 200 198 91 79 131 169 13 131 9 169 79 41 115 52 65 18 49 149 165 44 93 41 85 52 72 55 89 125 116 111 60 139 95 178 5 169 189 190 177 15 83 66 88 181 120 123 148 46 54 165 81 141 84 186 144 65 84 16 84 184 123 195 8 126 192 69 81 70 75 98 183 42 97 90 114 66 
14 11 62 101 176 31 74 42 154 199 160 107 121 39 83 71 18 17 23 32 111 3 92 159 76 128 138 1 75 76 125 129 124 185 160 62 107 89 84 172 108 85 144 156 164 126 67 9 144 62 84 40 171 38 162 121 197 3 125 121 199 20 65 188 184 53 99 162 188 126 176 64 129 89 47 187 81 123 200 5 103 114 112 18 173 34 129 91 10 64 26 115 25 111 65 151 16 189 49 140 124 18 10 187 68 84 191 174 106 160 104 104 27 20 24 158 86 82 174 169 84 11 34 167 187 
109 173 90 84 156 199 97 150 48 148 122 129 26 31 128 27 154 198 3 114 14 40 152 39 65 168 134 43 149 119 125 175 4 100 86 111 108 49 198 34 164 126 39 118 49 60 199 187 169 196 31 35 135 96 141 70 73 158 86 137 192 182 39 116 63 156 18 67 177 152 181 162 38 37 19 178 4 167 126 69 167 131 88 194 111 12 169 167 107 128 114 106 108 163 189 198 97 64 107 186 56 123 55 171 168 170 91 119 28 43 148 199 178 197 62 179 192 45 94 90 160 125 4 154 10 
51 85 38 20 49 169 80 2 171 39 182 151 158 54 23 171 178 163 186 115 14 114 26 115 19 182 161 120 91 63 190 160 164 150 32 52 62 51 173 130 96 154 13 80 107 191 181 61 69 21 167 115 11 145 105 182 144 98 90 192 50 143 56 191 88 34 200 71 191 170 138 122 113 16 91 63 198 77 106 122 151 158 19 2 132 120 91 171 9 111 141 110 25 26 79 27 163 45 102 1 12 86 63 145 169 160 185 55 108 36 145 63 9 20 11 150 113 167 148 153 92 73 71 67 32 
130 111 37 89 52 40 122 38 54 113 145 193 98 154 2 91 180 168 8 140 85 72 144 43 34 79 15 36 145 163 193 59 44 1 104 188 44 164 111 104 10 196 39 22 126 76 150 54 152 4 25 95 75 63 153 119 18 10 189 85 71 33 70 101 192 107 23 39 37 37 165 24 45 31 44 115 139 123 192 2 19 44 173 63 54 35 156 19 175 38 16 27 20 194 99 71 18 32 194 22 149 50 19 145 101 99 58 59 34 167 109 131 16 5 2 197 58 142 1 19 181 192 24 113 119 
73 57 117 86 43 87 130 88 104 66 103 91 140 153 127 113 9 196 15 83 141 190 189 104 54 44 102 124 189 43 148 162 131 92 111 66 174 132 177 89 129 181 44 197 194 16 111 46 8 132 118 104 45 113 200 20 69 55 9 188 10 191 138 18 2 44 188 95 23 111 123 75 132 68 6 37 6 103 106 164 169 76 187 80 85 88 26 4 95 24 7 128 151 77 70 119 55 9 15 94 200 168 43 125 44 150 191 20 115 174 160 146 129 56 116 124 49 150 33 180 79 152 87 128 188 
70 135 131 84 129 108 147 159 187 43 65 82 95 182 92 2 87 156 26 1 150 35 31 91 70 11 70 18 73 178 46 197 177 20 93 83 84 190 189 147 146 118 181 19 74 1 74 29 129 174 106 135 106 79 74 17 9 40 80 36 135 125 115 143 62 150 199 89 41 189 154 123 60 149 161 110 140 24 191 153 159 60 184 190 192 168 108 80 79 74 134 77 50 101 30 40 4 65 29 76 92 57 35 171 121 133 69 112 147 15 183 134 191 33 44 80 52 31 200 200 82 143 138 142 37 
44 154 25 7 142 151 166 169 172 67 186 200 181 61 159 79 3 110 181 21 140 166 90 157 178 20 122 19 65 95 173 80 170 123 148 58 85 199 51 100 46 31 61 26 7 85 138 53 59 5 127 140 9 80 21 131 58 31 188 25 147 108 111 146 46 11 142 58 24 21 7 97 172 102 14 1 71 70 5 129 21 113 119 75 43 42 66 133 199 193 27 24 78 38 190 2 164 25 104 187 110 33 93 63 88 147 30 117 135 152 48 80 185 49 74 54 160 85 185 183 180 169 129 137 169 
4 148 44 83 24 78 81 58 75 22 138 85 146 1 194 107 11 5 131 158 125 194 131 158 146 78 108 2 188 146 28 191 57 77 111 150 55 52 47 139 23 28 50 158 8 26 46 12 113 160 92 197 154 182 194 45 101 72 30 197 178 116 74 140 51 131 99 44 118 173 187 165 59 74 18 104 106 116 106 93 142 197 30 84 181 112 40 36 175 38 106 169 82 70 171 26 47 86 83 33 105 30 192 152 85 152 154 47 165 193 75 109 156 30 33 4 11 155 148 106 44 104 99 99 22 
148 21 134 136 161 82 1 93 188 176 129 156 25 106 8 97 80 157 150 12 94 77 171 186 148 134 24 16 176 161 167 38 155 123 152 13 81 187 53 173 66 49 61 51 31 85 137 57 80 171 176 43 122 144 194 106 118 78 117 89 22 13 119 131 61 168 41 79 5 86 51 175 9 3 99 147 41 155 187 182 176 96 79 67 152 11 107 47 196 78 56 11 68 32 61 152 180 41 103 47 65 150 32 20 180 144 138 155 98 137 72 193 60 119 164 162 46 182 83 186 103 142 115 19 178 
85 172 118 99 144 107 141 121 71 167 10 47 34 95 53 147 44 40 92 181 197 24 193 164 129 40 21 124 113 151 102 105 116 190 39 81 164 164 38 63 30 137 134 66 117 78 70 147 82 137 114 101 40 55 45 21 56 132 194 193 187 183 1 27 102 97 17 136 147 139 45 28 69 141 114 30 195 28 50 9 11 180 169 159 121 125 33 111 179 171 78 28 164 63 45 41 32 119 13 53 100 6 177 194 50 160 152 96 53 77 3 130 95 129 130 32 74 91 2 59 146 147 18 101 99 
