100 4
0
1
1 7 5 37
2 41 123 -205
3 81 120 321
4 159 20 319
5 167 16 231
6 171 2 187
7 223 8 271
8 233 97 1009
9 270 92 454
10 273 52 481
11 285 28 285
12 307 47 495
13 393 199 1189
14 425 146 1593
15 457 22 589
16 466 154 1082
17 466 198 70
18 488 165 158
19 547 128 1315
20 696 1 702
21 709 136 1525
22 729 63 1233
23 788 32 980
24 815 131 1601
25 837 43 1181
26 985 63 985
27 1007 158 691
28 1025 10 1105
29 1071 11 1049
30 1152 29 1326
31 1156 190 2676
32 1183 47 1465
33 1185 102 981
34 1223 126 971
35 1264 12 1336
36 1271 37 1197
37 1301 61 1667
38 1326 5 1356
39 1348 180 2428
40 1352 2 1356
41 1353 61 1353
42 1366 170 1366
43 1413 147 2001
44 1414 23 1414
45 1418 94 1794
46 1441 134 1977
47 1563 114 1563
48 1570 113 1570
49 1586 25 1786
50 1598 123 2090
51 1607 65 1997
52 1632 97 2408
53 1653 11 1631
54 1656 198 1656
55 1678 65 2068
56 1717 131 2241
57 1771 31 2019
58 1806 31 1744
59 1814 115 1814
60 1820 113 2272
61 1880 181 1880
62 1913 68 2049
63 1929 61 2295
64 1930 55 1930
65 1952 144 1952
66 1976 88 2504
67 2029 173 2029
68 2049 77 2049
69 2077 103 2695
70 2106 120 2826
71 2113 40 2033
72 2127 177 2835
73 2141 40 2141
74 2198 1 2198
75 2200 2 2212
76 2255 85 2595
77 2272 63 2524
78 2277 137 3099
79 2296 172 2640
80 2328 172 1984
81 2346 82 3002
82 2361 57 2361
83 2364 23 2318
84 2368 103 2780
85 2493 157 3121
86 2529 80 2849
87 2541 52 2957
88 2563 113 2337
89 2564 71 2706
90 2657 179 2299
91 2667 88 3019
92 2717 49 2717
93 2738 103 2738
94 2744 55 2854
95 2806 16 2934
96 2810 139 2532
97 2869 200 4069
98 2931 197 4507
99 2939 106 3787
100 2957 113 3861
173 3 151 68 199 85 200 48 59 56 129 110 113 170 141 141 59 80 79 18 121 63 120 200 141 93 107 17 40 155 145 166 119 114 199 79 87 154 137 40 166 64 191 83 74 50 95 119 167 176 155 156 79 109 102 193 167 3 89 191 4 3 118 93 70 9 97 178 182 19 87 89 177 183 23 82 70 101 29 176 87 147 183 91 125 5 137 198 46 85 158 29 178 7 7 158 62 113 68 72 
157 113 114 68 48 122 173 179 168 118 111 119 172 10 40 74 175 26 180 86 115 19 138 119 174 64 187 127 112 136 81 108 107 126 99 96 16 189 108 173 176 103 113 171 18 2 147 65 79 198 4 33 48 192 32 75 48 83 62 52 155 50 8 143 90 132 102 22 63 53 51 39 189 127 135 90 41 139 50 136 101 86 32 187 169 197 85 111 86 104 143 52 121 77 81 168 78 189 47 142 
193 119 182 101 178 22 7 54 105 176 60 73 35 115 19 180 36 158 38 111 113 18 11 156 40 116 137 182 72 152 68 186 145 120 88 103 145 150 142 191 59 164 23 110 150 142 67 98 59 21 107 176 162 148 178 63 87 34 126 26 91 134 34 73 93 186 145 8 133 171 128 177 32 51 196 175 80 186 120 152 179 192 194 184 189 169 34 188 12 45 173 59 41 92 153 136 45 119 194 121 
28 23 126 65 102 82 113 25 188 93 49 124 156 150 21 30 155 171 73 198 39 25 144 146 134 183 18 13 61 118 91 23 175 33 194 55 126 200 100 149 161 18 68 147 199 112 92 74 108 9 190 98 20 85 197 115 194 151 88 80 25 169 63 109 98 183 39 101 128 184 88 68 182 32 22 140 104 109 106 165 112 114 131 183 25 118 165 8 136 92 93 59 116 24 13 74 88 158 128 36 
195 87 4 180 186 157 42 110 129 20 147 180 102 119 12 133 127 107 168 7 14 158 6 98 161 33 177 194 62 17 13 153 120 70 19 73 25 155 181 183 14 144 127 180 85 148 191 86 67 167 56 86 7 145 95 5 5 180 96 152 134 126 59 175 34 155 182 9 57 154 91 157 82 135 120 126 184 158 127 142 196 83 105 155 49 157 58 76 160 184 22 38 153 97 41 57 141 152 47 83 
125 71 127 70 125 5 118 115 168 181 18 181 184 79 179 14 6 125 106 101 36 75 77 177 183 137 108 6 159 133 6 109 87 68 76 47 193 188 190 184 131 143 120 35 56 181 171 54 138 87 108 45 2 2 32 62 147 193 71 24 130 185 112 155 46 52 32 129 196 73 121 116 129 6 29 14 124 188 110 25 167 118 49 133 11 6 154 3 135 160 170 53 94 95 169 68 199 43 164 68 
145 60 12 68 40 163 1 132 60 108 127 21 89 140 121 182 154 50 97 22 39 62 16 110 76 178 83 139 83 107 43 139 127 89 185 91 152 198 88 94 82 1 96 180 27 12 6 157 48 83 149 71 140 133 179 81 167 175 30 111 159 175 24 189 124 107 109 88 14 48 94 23 26 142 6 48 78 114 38 178 130 79 140 161 124 177 159 26 123 55 34 164 45 18 132 135 11 33 6 166 
36 106 46 11 47 151 91 66 43 181 199 175 174 174 45 47 93 176 161 43 185 92 137 8 193 24 189 7 6 104 51 181 189 184 144 140 36 174 175 132 14 31 100 91 93 26 125 3 95 174 199 81 60 19 148 23 153 163 90 138 146 46 68 167 115 186 105 61 50 23 66 61 25 19 181 46 114 25 132 59 196 134 46 137 47 49 50 146 156 150 158 166 106 24 77 125 154 6 12 31 
46 127 35 13 58 185 145 55 62 102 7 126 150 110 145 17 94 2 65 88 84 82 12 110 18 125 19 179 66 49 36 106 23 68 33 63 78 189 172 112 40 161 42 79 100 141 99 149 180 58 127 98 19 91 200 190 176 68 163 108 149 9 140 49 97 33 22 118 140 28 187 43 154 27 66 16 161 57 15 42 190 153 56 119 136 157 104 198 192 179 117 161 191 144 132 178 24 138 197 100 
106 151 48 81 120 68 46 60 196 25 29 131 129 165 200 138 99 158 129 42 42 30 17 134 56 100 130 136 182 165 5 40 31 188 160 87 195 194 198 18 89 83 15 124 130 52 13 191 74 18 116 74 2 77 185 13 148 103 157 18 41 138 179 70 197 83 87 75 184 24 45 46 11 192 75 112 78 45 58 98 17 126 138 131 188 98 150 137 45 100 108 107 116 113 135 23 145 116 176 29 
180 34 84 85 104 81 179 50 173 50 129 29 147 12 84 139 66 52 32 44 107 115 95 128 42 171 183 87 193 151 131 14 159 183 33 124 90 46 104 67 1 113 94 19 150 100 136 184 147 23 86 175 147 107 175 61 160 11 82 150 30 105 149 68 79 116 30 156 96 144 59 154 55 48 51 164 6 154 165 105 8 51 191 133 29 141 15 195 184 192 193 139 63 51 23 17 171 70 176 173 
28 121 196 141 49 188 107 23 128 77 1 27 81 160 7 139 172 102 12 23 200 18 159 22 57 173 174 117 97 17 91 53 163 193 78 118 106 193 59 129 52 120 167 136 19 144 132 49 134 19 53 15 57 108 3 162 173 106 83 5 46 1 193 40 65 120 15 12 169 195 37 115 198 157 155 14 81 25 113 15 33 135 9 105 111 34 152 147 79 11 189 16 95 2 148 51 192 78 34 121 
88 57 154 89 161 25 174 9 97 53 68 42 186 20 98 126 169 171 98 184 30 191 119 25 123 142 66 7 87 181 194 98 39 28 51 69 84 33 166 150 55 132 72 79 172 148 15 173 166 116 113 185 20 102 10 37 93 79 111 10 185 51 121 142 46 57 200 195 145 166 121 193 144 190 101 113 73 154 165 180 198 93 195 40 92 125 77 162 57 98 73 130 37 41 193 23 42 5 193 200 
61 125 45 121 11 49 194 91 91 108 199 125 72 4 90 142 103 125 27 123 17 75 129 159 77 79 28 142 107 75 167 108 28 6 12 173 69 86 88 89 36 164 57 130 165 53 187 45 116 93 44 83 3 130 128 77 32 171 30 174 84 6 70 147 133 11 200 39 108 17 1 21 148 199 4 32 115 17 183 143 51 42 20 56 152 54 29 106 60 86 191 192 67 13 197 167 191 68 13 59 
195 200 109 159 62 28 24 191 104 20 156 52 165 89 70 141 46 38 191 70 164 120 171 24 136 95 84 72 163 67 194 173 108 43 197 155 90 105 84 89 16 56 109 33 166 90 57 93 73 42 150 105 115 82 19 109 176 109 6 177 181 29 26 159 29 45 167 183 146 19 101 189 27 113 104 184 145 83 2 109 102 104 190 21 105 23 18 96 77 72 120 84 137 35 149 160 157 97 124 1 
194 26 184 16 62 95 130 195 111 168 154 157 132 20 102 126 74 109 70 189 189 154 194 18 199 15 154 193 120 168 52 83 127 79 132 102 163 73 86 47 81 56 35 143 95 23 116 58 172 26 67 85 142 28 56 51 98 56 113 72 89 32 107 5 184 85 92 175 40 101 146 161 40 37 118 31 88 48 80 178 11 34 115 163 98 103 135 46 41 54 135 127 68 170 129 8 37 123 150 8 
5 20 17 122 96 129 122 61 192 103 194 13 171 194 34 18 76 29 41 138 146 180 193 166 119 143 150 185 40 75 163 26 99 14 115 171 35 90 123 27 72 12 173 107 5 58 130 28 151 195 144 62 148 89 99 45 81 152 124 5 112 57 22 18 71 128 69 12 150 109 136 82 23 52 73 114 162 71 115 16 85 113 129 200 126 22 145 58 91 99 22 81 189 170 187 147 6 48 114 195 
59 20 135 107 91 197 191 162 62 114 37 47 104 174 7 74 168 5 197 193 48 29 8 189 158 16 165 192 154 137 20 190 121 152 6 109 89 66 28 146 170 64 148 71 70 114 132 128 127 167 108 151 161 180 90 23 107 81 133 90 26 132 93 130 22 133 16 58 45 37 186 19 127 107 32 173 123 5 180 33 113 172 137 133 196 159 26 65 200 139 148 87 128 108 181 65 33 15 62 17 
88 37 95 158 132 140 140 94 164 159 100 182 143 65 151 87 41 71 152 61 158 118 163 110 125 31 1 11 1 111 12 187 19 114 33 35 28 190 113 88 200 146 27 158 85 139 188 69 171 73 12 154 9 120 122 58 10 2 163 83 189 13 77 115 68 106 64 76 194 126 88 143 2 8 15 58 156 60 193 153 41 110 90 119 139 7 42 74 120 23 26 64 14 53 47 8 155 196 15 67 
60 97 162 158 110 60 170 177 198 87 188 133 158 160 78 180 121 47 122 74 163 44 1 54 86 42 24 131 156 50 68 16 62 32 14 49 167 87 71 50 20 33 199 83 171 134 172 23 158 69 11 98 120 35 130 124 159 104 167 123 83 133 46 177 181 200 132 75 91 177 72 157 133 174 94 163 52 173 114 45 22 64 88 122 114 49 69 89 190 127 129 200 125 132 193 41 166 116 172 29 
130 92 113 90 139 62 132 26 152 56 114 142 122 197 83 168 150 39 39 37 197 176 5 103 113 121 1 166 153 14 101 131 116 127 22 47 2 8 55 157 52 154 54 1 44 15 43 160 62 153 176 85 145 98 165 91 152 151 3 186 36 59 191 112 67 41 154 20 90 125 171 128 138 88 167 54 35 23 62 99 69 16 125 47 32 105 75 166 20 34 90 136 128 30 47 86 4 136 134 64 
68 62 125 83 86 200 171 128 92 156 101 162 107 27 76 135 70 143 30 135 40 190 92 41 123 183 52 195 150 191 160 134 42 84 171 6 83 49 191 97 99 195 198 6 36 183 119 125 146 197 74 19 102 27 15 116 34 139 195 177 70 126 135 74 27 143 57 64 105 82 180 62 56 73 88 5 123 160 60 15 20 32 177 133 144 3 43 81 77 193 24 94 166 179 131 164 43 95 54 183 
97 111 150 105 167 9 86 19 142 184 189 162 36 153 177 109 5 190 196 63 195 18 48 62 178 156 153 179 34 142 55 136 193 66 154 66 157 183 167 178 117 106 43 163 167 100 148 74 174 119 93 59 72 106 115 43 128 42 160 142 8 150 31 148 27 183 63 69 200 55 200 141 48 117 139 129 83 19 44 126 57 89 168 51 183 2 182 67 34 190 119 165 66 101 73 136 28 144 160 107 
15 120 129 90 3 166 170 6 7 197 112 97 1 138 99 47 5 44 68 3 168 160 59 54 154 60 64 126 64 39 165 163 96 70 125 75 51 133 107 27 186 5 154 52 17 78 91 119 82 39 71 11 24 19 127 97 147 25 162 93 36 198 199 69 26 193 192 26 24 25 174 53 188 22 113 160 3 149 149 72 142 159 87 141 41 37 141 184 24 200 195 176 155 120 120 31 101 65 75 121 
72 83 175 117 145 144 186 130 148 130 82 29 60 123 87 161 8 67 186 156 147 178 159 128 18 183 127 190 53 12 10 194 14 160 23 180 53 45 193 52 87 137 15 44 192 119 45 25 90 43 27 155 98 72 191 55 31 120 115 103 145 2 200 148 178 53 191 92 55 112 124 8 74 90 137 184 22 57 38 124 18 137 34 15 93 77 159 79 125 3 118 57 160 121 158 161 53 109 72 93 
175 108 70 28 155 52 145 180 106 168 50 130 133 50 164 112 35 174 183 148 126 46 42 55 79 166 102 108 98 42 56 6 143 93 14 141 112 182 175 25 171 185 56 45 176 134 65 93 30 195 125 160 170 158 199 71 75 191 119 33 184 162 161 62 50 125 13 79 105 57 83 105 155 129 184 56 40 47 31 123 38 138 28 143 67 199 92 177 23 1 185 101 95 134 32 63 107 111 152 161 
191 75 43 98 123 184 161 198 183 6 1 96 157 138 184 45 23 111 106 39 10 190 107 19 126 43 119 54 43 186 194 50 67 33 103 100 96 127 180 99 66 2 126 106 188 8 137 4 37 176 130 4 173 131 160 92 37 191 140 53 116 173 114 149 166 81 49 176 97 161 161 118 135 118 116 62 168 30 109 89 57 45 146 135 77 11 177 55 17 109 166 35 112 102 16 116 199 147 40 181 
143 136 132 134 130 166 199 67 112 66 143 116 131 2 92 11 155 160 117 185 163 114 146 198 11 16 20 129 138 11 102 25 12 109 128 165 12 18 126 70 171 17 55 16 98 162 63 13 81 161 87 64 133 156 140 10 81 81 9 89 196 120 190 198 182 62 200 195 139 121 166 98 125 153 2 159 2 51 163 150 142 53 64 79 52 77 135 135 82 136 65 57 90 42 108 9 138 197 171 57 
46 11 177 141 105 112 174 60 4 31 26 29 50 165 68 72 197 121 76 147 77 192 53 54 133 132 23 77 156 44 54 157 177 17 26 154 110 103 75 173 9 147 60 171 176 26 75 69 107 182 63 126 85 182 196 118 69 67 31 194 136 8 116 11 162 58 147 113 98 186 140 2 145 46 120 141 74 20 114 52 177 17 22 64 21 40 96 56 50 94 173 176 74 104 155 25 80 46 45 46 
65 158 40 145 47 151 136 24 125 185 194 7 185 101 164 185 22 116 179 183 118 108 165 72 24 88 77 61 42 133 189 22 161 14 75 29 35 160 17 19 101 199 28 86 75 184 56 73 170 17 182 175 55 68 161 76 166 176 161 79 61 115 78 108 101 134 42 110 170 198 55 93 183 168 172 86 197 112 26 53 64 90 24 146 80 110 4 14 169 149 75 188 85 104 173 70 24 13 52 134 
150 17 94 113 154 76 52 78 180 153 170 120 129 10 162 64 163 141 89 154 177 132 129 91 199 159 154 154 199 58 96 60 133 115 35 49 88 63 193 24 127 130 140 139 26 182 36 10 10 147 136 54 9 105 79 14 88 54 50 190 162 119 110 65 51 38 20 160 158 138 143 71 17 10 137 132 155 117 46 139 24 183 66 138 97 58 4 72 117 122 9 11 44 76 64 175 37 127 189 63 
89 74 25 98 107 167 70 18 93 128 57 73 18 135 6 58 160 116 14 80 23 176 6 166 105 122 191 45 66 41 91 141 102 173 52 163 18 16 80 20 140 118 81 124 64 42 162 130 56 8 168 175 41 80 191 31 26 121 135 50 196 19 5 175 78 2 70 65 59 110 140 80 171 159 158 194 69 135 119 177 60 21 193 55 21 4 32 172 59 30 26 126 102 100 119 187 81 156 148 139 
26 11 164 77 179 80 33 107 135 193 168 13 186 140 29 152 78 166 188 117 90 32 61 98 116 54 11 28 196 111 150 185 88 57 21 134 196 147 3 75 67 59 12 139 149 67 47 65 183 38 108 39 155 4 97 187 185 55 130 157 16 179 189 82 72 48 143 188 19 14 194 119 108 71 165 127 183 85 114 95 81 38 117 111 164 63 43 16 173 192 20 44 190 126 86 196 5 10 97 168 
175 79 2 120 126 182 59 137 21 68 157 137 53 93 90 49 56 177 36 197 179 188 13 114 67 121 181 157 93 30 126 46 121 2 157 178 193 107 192 107 23 79 30 34 144 143 97 104 120 3 109 132 102 38 153 54 20 86 183 129 156 89 111 179 54 99 153 145 32 94 47 181 122 122 44 113 23 41 197 76 33 107 155 110 135 17 48 179 124 25 50 191 113 72 77 76 108 133 95 8 
69 116 182 176 20 46 159 47 74 13 14 59 198 55 26 27 139 177 78 155 189 115 105 176 123 196 131 156 95 194 139 2 85 73 111 19 12 142 1 3 140 111 195 31 45 84 79 98 185 17 172 181 179 101 16 25 103 144 16 132 95 165 8 189 186 39 59 69 37 198 54 178 153 138 32 129 62 89 85 45 2 112 29 93 114 28 171 151 69 17 40 119 10 33 139 12 16 134 134 169 
199 1 46 27 160 75 195 101 61 146 26 198 180 173 89 178 41 91 149 4 42 140 44 106 79 67 53 25 17 41 131 115 138 182 14 191 14 115 106 144 184 67 169 68 9 65 31 118 28 189 172 69 170 159 193 169 17 11 132 113 199 67 133 17 115 142 189 37 52 168 143 110 137 20 199 53 104 82 54 137 122 33 181 192 112 93 45 179 128 41 107 45 151 31 66 1 124 153 36 39 
63 31 17 86 79 154 29 60 190 6 72 62 66 99 97 126 174 86 167 54 163 20 85 19 115 53 60 113 23 54 2 29 94 169 183 23 22 18 173 43 126 170 39 121 154 130 129 172 24 49 80 115 57 146 24 18 106 181 144 66 173 142 190 55 199 107 64 36 92 113 33 195 13 12 128 46 37 109 29 41 10 103 137 192 178 68 81 106 127 3 96 81 36 23 189 165 171 111 121 94 
39 52 146 134 40 170 18 32 45 123 185 70 132 171 49 161 185 80 124 113 95 80 191 179 102 136 200 42 58 160 129 39 192 142 150 107 80 182 116 166 41 101 34 192 189 197 22 164 117 199 28 73 146 111 200 26 83 153 151 180 70 198 26 65 148 140 102 96 49 24 44 182 64 107 104 49 49 105 120 132 5 84 182 30 24 173 171 164 57 85 187 171 185 174 14 62 98 106 139 82 
131 109 147 57 164 135 183 161 119 35 151 179 24 161 91 102 171 111 116 90 149 44 192 199 42 58 179 115 185 151 95 54 117 86 163 122 128 173 72 36 78 118 21 101 143 114 6 86 109 155 51 88 113 172 127 104 177 43 98 114 179 145 184 176 112 198 10 118 167 106 174 138 66 105 38 22 39 19 182 13 84 158 119 156 35 59 172 62 125 195 197 10 46 27 34 196 181 138 177 134 
72 197 57 175 24 105 175 91 162 134 73 35 106 176 31 102 198 127 36 42 144 58 153 174 101 123 114 70 33 86 158 48 192 56 191 135 155 33 138 68 72 59 101 5 14 55 72 91 171 141 185 115 120 77 27 16 199 71 65 43 75 180 148 99 146 48 175 40 96 66 136 161 64 174 67 12 47 75 165 113 81 111 3 187 39 180 173 21 197 122 185 12 94 179 5 3 110 38 70 55 
193 168 162 180 189 41 125 168 58 62 103 117 168 166 84 185 118 66 123 106 95 197 141 19 6 194 55 29 165 92 60 64 152 60 157 188 158 44 161 183 5 196 93 113 45 168 97 9 21 86 31 23 174 172 69 94 35 158 167 34 156 137 160 64 73 134 139 39 186 140 25 127 170 138 90 165 116 185 153 12 182 187 99 59 115 110 199 156 17 84 133 163 163 83 126 164 124 2 176 188 
159 158 120 155 102 148 54 112 128 18 168 172 81 110 123 86 177 79 25 129 150 40 196 131 161 42 36 127 193 6 103 190 57 136 27 78 54 172 56 195 120 13 75 134 156 10 149 88 40 175 8 48 88 141 128 139 62 88 145 82 182 130 102 57 196 164 25 188 61 8 120 98 200 53 192 12 167 75 76 114 200 128 42 93 184 129 102 142 6 133 24 175 151 133 99 1 127 46 196 147 
7 119 121 140 21 66 19 153 50 30 55 27 153 116 46 86 111 102 86 100 22 129 139 199 2 39 42 154 79 150 37 143 49 132 24 19 118 194 145 43 87 47 195 145 84 33 54 123 179 107 123 172 160 182 169 55 140 191 145 195 174 198 81 43 70 91 37 191 126 42 139 18 195 157 144 200 13 149 36 118 33 5 161 98 73 190 111 87 137 36 171 126 57 54 200 162 20 150 124 44 
196 121 13 67 4 185 184 53 21 78 46 78 37 30 30 98 165 145 104 42 117 77 138 160 66 142 51 140 184 185 163 158 98 105 160 198 9 17 154 87 125 8 114 107 128 51 183 31 110 136 100 62 83 65 19 186 16 149 163 138 31 68 15 36 63 81 106 170 145 66 16 149 115 50 139 75 197 73 45 7 112 135 36 71 68 14 180 105 46 56 144 39 194 91 54 24 195 174 125 60 
27 109 73 128 106 31 126 43 164 56 127 3 177 200 104 164 87 136 114 146 90 145 24 193 195 100 161 175 159 91 16 107 194 162 186 8 162 89 174 33 46 168 124 52 16 157 72 142 82 171 143 160 197 162 58 182 104 122 57 99 66 152 49 17 146 41 23 170 167 29 20 88 139 66 63 134 176 198 150 13 81 200 131 31 182 32 195 199 65 94 51 87 50 92 147 51 140 3 147 95 
113 188 15 186 146 146 178 25 70 128 82 39 43 118 178 124 195 123 84 5 64 192 14 162 103 45 190 197 60 99 196 157 42 25 103 143 32 171 48 175 15 95 150 50 196 138 163 55 137 133 90 2 137 182 45 122 46 122 96 31 36 91 175 139 118 118 75 170 53 127 146 133 130 38 112 75 35 162 173 70 5 190 116 175 1 86 141 28 191 12 87 29 142 171 28 19 197 9 17 78 
83 146 56 21 86 39 153 157 81 83 171 32 101 62 94 27 48 40 153 43 57 31 57 87 116 44 59 149 198 110 11 164 45 59 41 167 119 163 152 195 199 64 193 80 171 105 83 160 170 41 156 78 59 102 189 59 134 134 93 46 100 159 133 146 1 151 47 118 86 14 58 31 92 191 195 141 137 32 114 141 24 134 115 164 97 11 150 126 179 166 85 75 173 16 9 107 42 86 78 132 
196 80 68 173 41 176 107 195 181 169 22 108 37 19 134 60 38 105 73 117 146 123 129 20 88 10 55 155 7 110 118 190 61 123 70 38 181 63 148 4 191 13 12 182 40 197 141 113 102 157 116 151 122 93 65 131 17 181 71 185 98 76 148 43 51 24 1 118 24 136 37 139 170 20 88 80 102 59 101 188 168 167 137 23 176 161 54 124 84 88 156 93 80 40 160 149 145 39 33 160 
163 41 162 150 28 158 129 118 114 187 28 14 18 52 11 73 7 140 118 139 21 51 167 131 183 173 82 190 81 139 77 151 152 148 75 82 51 88 112 105 111 196 159 66 32 112 142 27 112 196 15 170 25 29 141 93 55 103 65 93 47 161 55 172 78 15 34 32 72 188 3 105 45 169 111 178 3 184 197 89 118 7 163 60 57 78 131 174 23 107 166 181 180 151 163 197 104 95 25 44 
77 15 109 26 180 26 136 155 89 131 103 102 6 195 66 90 43 45 46 109 148 133 17 110 33 118 13 150 184 147 8 81 184 43 110 27 186 80 65 50 82 88 116 194 34 111 172 192 102 60 104 181 198 33 184 63 64 182 179 108 150 86 145 42 22 176 14 57 63 157 20 146 30 165 133 145 163 122 84 4 115 51 168 112 192 106 91 106 142 59 5 157 158 40 47 29 13 8 22 113 
90 38 132 141 78 48 117 92 171 80 148 140 48 27 13 171 180 64 135 199 121 120 91 182 109 169 112 184 95 126 84 149 41 18 61 176 180 181 196 32 171 185 187 46 153 170 119 159 175 37 79 52 46 93 157 183 4 7 147 126 20 167 79 153 166 7 5 43 82 163 175 58 51 1 184 157 1 79 182 86 127 129 37 129 120 140 133 24 74 84 145 75 135 29 125 175 49 89 8 144 
183 8 160 88 133 133 102 131 68 141 65 185 1 51 155 92 16 127 76 54 54 57 120 188 190 196 167 169 189 88 21 49 150 158 164 104 159 58 135 146 131 77 155 47 183 81 141 92 13 87 78 2 110 30 141 81 156 100 34 3 12 186 154 44 53 147 6 114 79 111 51 4 37 131 88 78 102 18 146 133 35 71 28 28 133 121 82 170 131 49 22 12 186 127 85 157 142 189 27 129 
27 176 111 166 77 80 5 82 93 139 85 174 130 61 29 46 197 69 22 180 80 3 179 155 128 69 34 117 87 82 80 37 177 56 52 10 137 110 4 128 70 137 194 52 60 179 30 141 150 187 26 152 194 80 192 144 11 59 167 1 192 82 102 31 105 186 121 198 63 76 162 98 83 179 89 148 135 123 69 48 85 89 9 107 48 112 170 108 6 28 73 95 155 3 116 39 2 145 187 70 
169 163 51 178 128 158 28 169 26 17 36 194 79 128 75 150 101 32 174 33 83 100 64 43 192 56 173 24 77 53 115 194 151 192 121 120 163 8 195 197 155 44 16 132 200 67 168 26 155 63 148 114 129 76 75 60 49 162 2 111 82 141 122 107 104 109 64 163 34 20 7 115 199 119 149 71 131 110 192 102 147 14 12 67 197 44 137 159 1 28 55 157 56 180 70 163 119 15 68 94 
45 181 125 119 199 78 51 83 74 175 134 112 114 88 130 181 152 151 181 185 69 16 189 121 188 120 88 140 137 155 175 190 95 54 179 193 196 131 167 169 11 10 103 14 92 114 118 84 66 90 175 170 88 28 92 17 116 52 111 103 14 190 133 175 142 154 151 188 190 140 45 41 197 152 34 124 143 51 185 164 187 95 115 49 10 85 122 49 192 103 172 2 105 180 98 49 133 59 148 27 
134 122 72 138 107 164 198 108 49 34 93 199 162 131 181 3 172 75 75 46 95 187 137 77 184 152 191 45 67 165 167 20 100 193 29 155 188 189 50 187 52 52 179 189 87 49 44 9 85 28 127 185 112 158 182 58 114 124 197 119 25 48 99 111 26 149 20 98 91 133 147 184 37 156 39 108 152 117 186 199 12 80 168 191 119 56 128 118 168 181 179 116 43 79 54 8 136 22 133 158 
78 158 43 40 160 196 147 126 3 2 114 156 130 146 99 10 146 126 155 198 31 139 153 20 196 155 86 162 50 128 129 5 87 174 162 78 4 115 181 101 142 195 147 129 88 112 183 124 188 19 49 78 33 81 9 190 105 191 97 166 150 134 47 12 64 81 1 76 11 155 80 200 72 25 38 36 10 151 51 153 115 75 137 28 101 103 88 104 134 176 117 43 61 179 189 32 52 172 90 164 
195 192 38 93 161 29 184 44 90 163 151 3 179 103 71 9 53 96 166 127 171 120 135 183 145 32 105 162 181 166 58 88 176 58 116 80 25 44 193 42 143 79 126 120 165 39 109 122 31 150 178 196 63 34 180 160 50 27 27 171 197 200 129 113 84 12 112 67 198 10 11 96 40 182 119 7 89 131 46 20 130 52 170 168 64 1 121 86 59 188 116 93 51 50 69 106 13 71 130 51 
6 37 17 75 183 126 111 95 69 13 97 42 73 182 126 191 70 28 156 44 85 68 144 89 134 36 1 170 193 165 172 150 129 5 153 172 59 191 4 118 151 150 73 29 129 125 189 74 18 76 175 180 42 164 200 114 90 47 62 96 38 167 125 86 99 23 88 25 84 32 141 151 191 100 188 52 132 184 81 89 82 80 121 174 142 133 187 191 22 18 181 184 130 149 72 132 170 98 85 134 
150 184 157 90 12 77 2 158 160 125 182 186 26 145 197 83 127 171 132 126 156 148 16 52 33 108 64 156 116 21 196 53 11 39 100 1 141 69 146 21 193 18 200 57 2 185 145 92 171 52 179 98 3 29 134 52 86 50 60 6 126 131 181 60 29 121 141 167 72 36 131 148 166 60 31 46 26 40 164 21 153 45 18 165 2 25 131 172 52 103 85 60 8 197 128 151 195 70 114 67 
77 67 6 1 198 44 69 127 92 44 172 107 36 74 125 30 145 114 18 140 102 109 31 175 91 131 43 14 7 42 3 199 20 121 188 106 48 94 46 89 140 91 6 70 162 97 184 39 125 195 16 190 125 63 152 105 118 121 16 120 92 165 180 55 61 143 112 169 126 129 148 31 166 67 120 116 3 22 7 141 174 35 62 103 172 158 50 152 184 159 47 158 11 126 115 29 197 51 185 123 
88 72 115 113 88 33 29 161 168 183 191 82 124 197 84 44 111 3 177 137 182 176 181 37 147 93 134 198 158 76 164 110 192 167 116 121 91 35 200 180 3 106 172 147 34 9 40 104 21 128 193 140 107 70 42 126 30 73 146 65 31 89 136 2 173 69 122 160 176 179 24 21 65 65 8 187 47 146 49 168 114 90 95 125 25 60 15 185 195 56 81 129 82 64 74 149 172 32 120 80 
164 46 75 119 82 193 177 69 26 134 54 41 73 104 87 177 71 172 49 124 69 71 40 179 164 45 108 12 30 118 59 62 192 56 17 116 107 164 164 44 26 43 63 98 84 182 156 55 22 149 165 118 1 183 191 17 172 61 171 90 174 81 68 113 172 66 161 23 197 23 111 3 200 88 148 129 188 154 95 90 42 167 146 85 89 121 45 25 144 75 38 21 186 22 99 67 79 162 31 2 
84 52 141 171 80 180 29 121 19 186 53 116 34 146 114 197 191 16 27 132 184 135 79 63 199 178 52 139 41 28 68 9 77 122 131 23 122 77 31 109 162 82 93 3 14 47 196 149 194 154 148 47 195 26 134 178 121 26 34 16 65 92 94 174 54 195 172 128 100 161 126 106 173 156 184 100 194 162 8 184 120 76 20 174 161 23 141 155 180 131 54 43 140 173 27 118 105 116 189 146 
44 158 41 175 129 57 114 35 191 91 9 142 64 162 37 155 71 61 149 136 124 153 14 50 92 148 11 99 149 16 31 97 148 15 53 200 54 60 147 97 45 125 7 130 24 35 198 114 188 152 157 193 30 163 178 190 133 180 52 133 109 67 22 187 34 197 127 191 147 14 56 178 102 68 140 38 75 163 183 51 117 141 105 153 138 145 144 46 154 173 90 107 157 58 120 9 61 158 144 7 
99 65 94 66 159 92 91 91 180 151 158 69 85 96 128 197 166 106 97 25 49 2 75 193 181 95 21 26 39 125 100 130 181 145 171 12 166 5 151 150 107 18 169 49 72 81 75 165 49 2 35 130 67 71 150 107 82 165 57 88 64 58 1 57 47 133 8 197 146 57 52 196 148 161 110 148 45 60 198 123 30 47 166 93 191 131 101 105 183 124 145 197 135 200 105 139 94 98 90 86 
186 151 110 86 71 49 139 182 123 92 72 29 166 12 44 79 47 119 128 149 53 111 192 39 133 4 199 2 120 53 33 132 105 117 1 140 135 25 13 97 197 140 107 8 152 181 100 97 87 28 28 185 132 16 24 43 117 10 177 53 155 190 12 121 159 49 175 81 139 162 94 196 192 76 156 71 100 195 188 117 187 114 43 182 169 187 89 48 161 169 116 137 21 92 75 76 179 146 75 134 
168 187 79 142 143 119 86 195 78 63 159 49 42 136 38 181 120 26 145 136 69 189 186 131 174 199 110 74 102 63 181 49 56 146 113 69 183 6 111 2 27 63 184 67 157 103 53 143 113 115 63 21 83 133 77 157 35 72 99 61 136 141 181 56 47 187 29 74 64 125 70 196 130 199 48 180 77 108 126 17 75 178 132 64 192 45 187 44 73 104 147 134 172 177 89 37 162 102 142 35 
76 132 131 139 108 32 52 56 106 104 45 138 106 37 86 137 109 24 142 166 189 17 159 85 137 130 133 187 193 159 143 193 65 181 69 155 11 115 131 115 1 80 176 5 174 23 95 11 113 33 57 135 72 95 185 39 130 77 31 161 197 14 104 13 190 15 151 92 55 48 5 91 146 41 106 31 84 183 129 53 155 46 12 15 101 158 148 58 108 82 148 123 77 145 128 28 33 126 153 97 
37 157 36 149 74 74 6 124 197 200 114 30 36 109 58 113 73 117 161 180 56 92 135 58 89 162 185 111 37 9 27 133 157 48 26 86 14 33 72 155 39 190 122 93 119 93 195 70 187 62 38 111 159 177 131 3 171 68 111 101 136 196 1 65 6 27 124 46 59 200 131 174 71 110 107 174 103 83 182 107 196 60 157 26 31 7 117 142 179 30 20 190 131 61 195 142 86 155 16 1 
10 1 187 130 172 135 45 103 56 182 152 9 62 179 126 162 182 189 45 44 42 105 188 167 123 30 38 169 52 33 136 50 25 7 127 89 66 102 135 200 184 137 124 18 163 135 152 21 48 50 10 100 11 107 41 46 114 83 165 139 34 71 179 51 129 52 102 21 81 154 166 14 148 83 166 109 110 91 42 172 94 23 15 180 12 83 18 166 177 143 171 165 129 72 116 200 46 6 5 179 
75 153 22 168 10 172 127 77 130 25 108 33 113 151 37 102 83 174 40 103 87 31 74 67 7 70 19 34 174 48 61 23 120 102 106 64 168 139 86 54 24 148 75 183 47 193 194 127 46 189 78 104 64 140 22 70 73 99 14 183 131 75 96 70 24 69 103 192 47 155 127 79 162 157 45 15 196 176 133 154 38 24 170 98 177 133 184 8 157 81 113 184 68 116 197 65 78 190 153 48 
108 159 57 82 113 128 108 150 23 44 121 20 158 159 47 60 186 129 75 65 106 197 51 87 69 122 81 56 172 117 77 17 131 147 56 62 195 94 156 55 171 121 85 176 103 60 47 199 193 2 115 138 126 10 138 84 148 186 145 80 106 191 159 26 199 153 21 140 109 133 26 188 119 67 128 121 180 85 144 138 167 79 68 67 151 8 122 18 64 80 105 90 138 193 20 98 196 119 70 17 
39 193 194 183 165 159 82 181 104 43 93 136 128 57 88 151 46 32 61 112 183 4 127 118 20 121 103 184 2 78 122 179 59 102 93 18 174 67 11 149 28 163 90 6 64 61 72 107 190 111 10 121 131 192 132 78 16 13 43 106 9 37 130 4 53 50 181 164 90 148 179 1 181 135 11 182 52 173 126 130 149 188 42 38 31 115 158 41 153 27 76 39 102 151 50 56 152 48 104 66 
53 143 171 16 66 14 6 82 95 6 58 167 162 199 120 96 9 99 59 194 23 135 156 90 51 128 39 114 107 61 111 154 18 148 12 146 82 170 132 34 155 123 135 168 95 92 189 185 119 41 37 126 34 85 129 83 10 195 133 191 112 66 150 71 79 169 91 24 6 18 191 79 168 124 68 24 143 119 125 89 19 27 176 91 49 100 80 34 41 175 174 66 69 159 44 122 184 57 26 159 
50 36 83 110 130 124 41 45 155 191 144 24 83 10 156 153 25 103 54 176 46 122 192 178 134 192 119 27 105 9 143 129 141 129 29 121 185 23 32 75 17 83 164 67 125 154 168 8 97 18 33 68 38 145 114 135 83 121 152 161 154 50 105 41 98 174 55 161 24 147 181 153 178 142 4 190 156 11 12 85 188 158 37 107 115 175 134 170 46 153 136 186 36 102 30 64 186 186 112 53 
116 177 32 76 146 110 113 116 199 148 115 122 155 181 95 59 167 127 124 54 128 131 161 185 112 13 53 194 59 115 136 6 65 164 44 19 78 106 57 175 35 109 63 133 33 153 110 187 31 94 49 100 85 194 21 191 71 61 112 44 2 26 150 12 67 155 58 132 92 23 180 17 119 109 189 37 31 163 93 92 176 91 197 24 118 164 11 137 108 130 37 101 188 162 117 139 84 149 140 141 
89 5 110 165 39 15 169 127 161 153 37 13 95 9 46 192 21 19 62 139 156 82 133 21 102 173 154 55 142 36 62 134 56 111 185 18 72 181 72 116 149 104 112 138 113 87 48 23 15 26 135 132 194 134 14 39 44 181 102 26 190 34 91 55 65 164 12 12 60 175 111 77 71 107 100 72 99 188 139 52 149 106 115 123 87 139 160 61 42 193 47 6 74 190 185 186 29 192 152 114 
125 22 32 152 110 103 22 13 58 121 8 191 160 57 112 5 37 6 36 28 198 113 46 22 177 162 194 28 120 186 182 152 145 174 189 143 176 86 33 120 184 192 21 179 153 53 137 55 147 193 112 177 8 20 17 59 76 155 47 93 74 13 71 190 39 182 5 100 33 121 147 142 101 177 68 124 126 144 142 156 177 125 119 150 55 194 148 25 8 87 165 52 162 103 131 157 108 136 3 126 
6 32 100 35 182 162 5 82 90 54 92 178 40 135 137 156 70 91 128 6 136 53 151 156 65 152 97 7 62 92 82 75 89 30 96 41 99 110 48 198 39 125 172 44 154 82 139 37 49 6 199 132 135 76 136 18 34 87 122 41 167 19 126 86 130 161 16 3 111 51 22 121 83 52 59 186 182 166 4 64 105 62 113 170 170 70 48 75 38 31 94 195 152 119 82 60 33 123 48 183 
113 16 158 37 82 162 2 42 67 68 9 43 162 125 50 59 110 182 154 97 10 199 20 151 164 56 43 98 126 110 11 30 148 83 105 111 103 13 82 187 3 185 102 40 196 48 178 29 166 60 181 96 85 56 45 63 196 184 113 184 102 126 76 157 200 156 167 191 101 19 45 200 2 2 102 1 62 199 6 182 21 118 45 12 117 86 2 198 133 45 12 24 153 121 197 3 159 29 86 134 
65 36 39 127 145 158 8 39 132 139 119 109 97 190 71 130 189 7 52 179 19 28 25 106 119 96 199 149 130 198 29 28 137 170 169 109 131 55 166 183 125 193 65 138 99 23 186 23 36 15 184 10 25 132 86 113 148 169 53 65 48 182 111 187 6 110 59 80 87 27 200 46 103 114 87 68 8 6 70 73 183 60 89 108 30 142 94 182 138 148 90 147 111 44 192 70 154 93 38 53 
41 63 179 118 39 128 155 6 4 75 108 149 102 17 108 99 147 155 126 122 91 140 81 200 180 103 190 187 18 8 122 54 121 1 155 181 130 192 47 84 144 30 20 40 117 1 189 183 124 20 31 111 140 195 171 200 33 117 112 6 74 89 156 35 186 12 24 38 39 143 95 180 8 74 165 118 46 97 108 165 106 86 107 82 55 57 144 177 11 168 13 59 164 44 200 71 89 9 106 133 
8 55 29 117 174 1 196 119 8 34 111 161 4 179 110 2 134 98 154 28 196 137 64 25 59 6 183 7 105 137 132 3 43 83 48 104 163 179 87 173 154 84 124 115 44 104 164 151 80 95 40 191 67 140 39 191 154 103 61 138 63 103 92 4 185 88 172 116 7 92 155 58 37 187 127 91 61 149 148 102 35 169 165 169 101 94 62 186 145 48 124 193 80 145 152 176 175 72 105 33 
135 97 69 8 99 22 90 163 76 37 35 52 144 40 103 14 59 40 72 50 193 13 121 75 42 168 39 10 128 72 150 18 171 45 180 115 192 62 188 69 31 49 71 130 153 97 6 155 188 138 90 43 148 58 82 184 50 54 79 153 145 10 119 87 24 76 73 48 61 117 41 133 87 97 191 33 135 122 36 52 32 122 11 37 180 17 69 94 192 102 152 84 174 161 164 14 108 58 115 42 
126 75 154 96 1 103 170 34 82 50 78 173 160 28 94 73 115 68 63 88 135 111 154 13 98 140 147 14 115 49 71 111 44 148 85 77 197 196 80 95 85 34 45 34 32 12 165 150 10 178 88 29 81 140 16 8 50 37 72 79 115 65 127 35 161 192 111 50 49 199 76 30 73 44 35 134 157 52 114 95 79 77 93 148 104 118 89 152 33 61 180 4 74 190 161 149 38 195 150 65 
186 42 127 152 156 196 166 3 133 121 147 108 152 123 88 76 143 11 82 147 62 57 91 150 170 54 173 181 63 108 179 56 194 80 26 11 170 46 37 46 45 185 75 143 148 84 186 197 110 21 89 122 84 93 185 198 67 160 149 82 162 165 26 164 82 30 112 38 189 106 27 114 72 34 140 54 190 39 143 4 56 124 119 59 52 99 176 99 142 183 195 127 175 45 141 61 80 133 114 62 
164 101 33 198 40 196 48 200 147 124 22 193 109 86 173 51 10 190 97 35 84 179 161 112 120 18 114 180 150 61 31 8 3 5 37 16 19 173 122 3 143 118 148 187 49 108 185 167 75 186 30 169 23 176 93 183 171 76 76 134 70 106 72 54 69 63 92 78 106 144 137 60 26 172 41 146 15 120 69 11 21 25 119 133 110 179 110 131 87 6 56 59 148 183 79 172 33 129 172 65 
12 196 176 193 146 148 36 41 93 1 9 138 130 166 166 178 27 79 61 33 172 141 35 14 34 27 73 121 47 92 39 148 6 172 37 75 97 198 25 127 41 136 174 162 16 43 18 144 67 161 117 188 40 200 162 81 44 86 130 20 145 186 143 98 169 150 23 13 137 65 74 80 120 110 143 12 51 196 107 65 124 3 197 37 31 71 127 145 176 43 89 41 19 51 23 30 75 174 20 175 
198 133 74 128 110 105 101 140 35 156 80 64 130 172 45 93 173 157 147 46 30 115 115 72 95 46 84 46 20 165 14 95 70 13 18 44 20 71 35 138 109 46 169 55 63 26 57 55 142 69 128 5 35 173 19 148 58 185 17 21 118 72 152 52 152 116 114 12 140 132 2 107 7 179 18 176 6 71 13 59 54 27 40 134 43 164 192 41 187 33 197 98 80 184 95 7 70 141 137 102 
114 184 151 73 195 23 79 166 37 104 6 36 84 133 134 87 27 33 5 44 69 160 26 182 26 59 138 31 38 94 70 24 156 59 161 38 138 41 142 92 73 187 176 117 64 47 1 161 84 166 81 123 68 37 52 148 66 73 196 97 35 3 20 15 74 155 63 86 81 99 27 175 84 122 191 103 129 75 8 184 123 169 47 123 195 118 20 160 58 132 129 24 152 96 57 72 45 174 146 185 
93 83 120 75 17 96 59 27 113 36 20 169 80 15 168 129 60 24 116 64 181 114 92 118 82 68 186 120 166 18 73 175 127 170 101 180 38 134 31 104 139 175 45 68 102 46 32 193 94 62 103 32 42 183 71 20 63 9 181 45 78 118 137 90 46 144 83 122 17 42 34 108 60 94 195 2 31 134 40 186 104 108 11 40 36 119 91 69 35 155 78 8 125 113 161 90 60 10 86 160 
155 96 77 190 139 110 126 140 34 198 95 57 63 184 185 83 198 200 105 41 165 166 1 96 40 118 85 196 77 191 98 9 7 167 146 138 34 48 99 13 4 75 95 56 134 19 152 131 30 42 119 48 135 197 56 98 12 148 188 45 129 95 131 110 38 172 179 64 9 45 197 46 151 169 65 120 114 85 140 118 165 83 135 44 63 9 158 94 16 114 71 136 83 73 38 108 160 62 146 196 
117 171 143 25 62 192 168 19 149 90 28 17 22 54 99 164 200 26 176 54 36 74 123 191 98 137 29 193 168 106 128 200 71 130 92 139 197 16 172 178 146 125 146 107 36 149 197 7 81 162 16 20 152 177 183 95 45 144 93 98 152 20 35 17 199 98 112 38 74 42 12 47 112 28 44 173 142 41 179 49 149 77 16 173 123 87 129 200 22 80 156 161 100 13 35 55 7 96 5 163 
99 81 116 7 114 130 178 53 70 179 69 82 190 70 178 81 17 93 92 132 51 3 77 1 200 149 4 182 73 185 13 188 183 78 162 53 34 101 56 191 22 50 122 105 82 163 43 105 149 172 3 124 167 24 115 93 37 166 89 175 15 125 145 105 50 151 67 68 31 76 145 97 148 39 66 154 164 14 135 174 56 105 54 13 73 184 86 195 106 151 65 162 98 80 60 87 33 22 124 58 
96 13 51 197 16 189 194 150 56 113 163 37 98 38 63 70 122 151 176 76 17 35 113 190 92 3 80 69 26 200 102 55 20 149 127 86 60 171 30 48 118 1 47 196 193 34 182 80 92 163 158 141 44 18 14 109 175 98 12 92 58 33 146 170 54 11 34 121 189 94 28 50 19 149 141 130 150 106 104 67 32 8 162 105 95 53 112 111 14 12 86 187 76 54 106 128 26 131 94 41 
39 13 32 134 2 40 173 65 49 58 71 185 146 78 181 102 197 109 169 141 16 5 87 151 59 28 70 117 124 108 120 7 81 31 6 195 112 61 32 46 78 187 31 129 196 190 20 169 116 76 1 99 163 149 32 139 105 98 37 179 91 111 184 154 49 104 104 45 191 39 35 136 129 187 155 85 39 140 79 183 126 126 199 105 149 118 158 114 6 100 57 28 17 1 61 45 55 40 121 65 
4 81 100 154 29 110 149 62 167 47 152 182 16 151 172 5 177 175 13 186 68 3 65 50 124 128 196 84 116 144 172 107 160 123 60 63 178 105 81 14 195 106 85 55 185 20 128 197 34 155 121 79 189 11 62 75 185 115 109 52 152 140 161 90 113 159 27 112 157 3 197 113 31 72 134 141 140 99 176 74 189 78 180 29 147 3 178 42 114 108 48 56 53 34 140 18 79 19 80 191 
91 98 150 159 48 187 80 196 156 67 33 37 200 196 178 158 49 157 12 118 17 146 72 83 133 195 83 53 117 148 146 140 19 196 141 181 77 44 85 181 42 152 51 171 33 93 187 135 14 77 193 186 94 37 15 180 40 161 110 164 49 146 121 3 106 2 93 18 129 30 94 136 195 129 76 48 135 200 117 143 17 14 98 118 155 168 136 149 1 104 140 127 60 195 95 194 111 86 11 116 
11 61 51 88 186 8 185 131 17 4 115 36 7 40 77 123 135 1 110 46 45 192 106 21 159 144 63 82 108 93 109 170 163 113 165 21 86 109 90 164 153 40 82 72 147 95 55 16 111 198 5 27 185 89 162 60 147 17 134 152 51 130 145 89 52 134 27 181 8 49 144 46 160 26 25 43 24 23 9 34 11 117 44 16 182 70 158 163 162 23 127 126 125 165 154 146 64 170 86 5 
170 147 191 186 8 192 58 196 41 85 19 126 100 17 73 87 33 85 119 2 33 17 188 196 122 179 135 166 168 126 74 147 1 154 139 147 4 47 60 192 93 156 93 115 133 198 52 36 151 2 197 9 129 135 87 190 119 58 113 75 71 149 23 173 161 20 11 191 173 145 128 130 157 84 51 119 100 65 67 119 180 94 160 183 76 15 190 32 157 67 179 95 42 142 98 179 45 189 74 70 
