50 4
0
1
1 5 101 207
2 25 56 137
3 48 11 26
4 60 12 36
5 83 159 401
6 123 33 387
7 124 133 124
8 131 118 839
9 166 17 302
10 176 135 716
11 184 75 484
12 201 177 1263
13 202 13 176
14 222 77 222
15 290 67 558
16 292 46 568
17 318 25 518
18 321 167 989
19 439 107 867
20 471 50 671
21 527 103 733
22 540 187 1662
23 558 61 680
24 616 161 294
25 638 114 1094
26 640 56 976
27 706 36 850
28 719 152 1023
29 786 42 786
30 824 132 824
31 855 197 1249
32 855 106 855
33 872 96 680
34 984 52 880
35 984 32 984
36 1201 26 1253
37 1204 18 1312
38 1223 54 1115
39 1264 159 1582
40 1267 51 1471
41 1269 13 1295
42 1302 177 1656
43 1310 65 1310
44 1369 70 1509
45 1370 84 1538
46 1382 100 1582
47 1417 197 2993
48 1442 168 1442
49 1449 98 1449
50 1477 152 2085
189 62 60 21 62 74 158 47 82 185 198 48 42 37 4 175 87 187 107 116 83 131 121 86 38 85 130 73 105 130 122 154 177 135 175 36 91 114 164 165 81 164 97 177 22 182 9 72 95 186 
173 103 128 69 94 44 95 111 129 157 84 69 126 125 104 90 67 44 69 29 53 1 124 197 113 162 111 132 92 139 42 5 163 178 114 176 97 159 162 84 37 15 66 121 1 151 66 147 198 155 
5 124 157 68 54 171 7 139 78 67 186 111 71 164 27 186 77 97 71 43 104 78 105 102 27 117 198 166 90 73 97 3 100 60 180 113 177 74 127 76 46 149 24 127 10 44 30 19 194 124 
150 49 190 20 138 35 48 174 143 165 17 146 144 41 51 180 11 90 45 9 52 134 126 97 154 155 18 171 81 78 33 20 105 5 165 75 104 42 117 79 125 130 16 68 8 135 195 70 106 24 
200 70 16 30 31 27 199 48 55 198 102 107 10 47 141 141 133 184 5 137 85 34 72 31 17 12 113 45 164 82 73 164 119 7 119 76 27 196 147 157 5 21 148 141 72 186 107 57 139 178 
174 126 153 172 21 79 183 198 165 55 150 48 141 152 151 156 24 165 138 10 157 102 99 110 137 1 144 154 109 70 108 154 80 164 111 110 5 25 173 131 32 45 4 61 32 33 196 66 54 146 
198 176 17 175 80 44 150 188 51 14 29 109 111 106 28 56 177 192 123 49 136 161 47 69 106 141 72 18 65 52 198 65 167 144 118 85 185 25 9 192 116 68 118 57 177 178 39 112 92 175 
136 12 151 198 179 25 108 106 65 85 168 10 199 147 29 38 195 73 32 26 20 167 37 81 153 165 8 19 190 113 131 143 98 20 61 40 72 51 133 128 189 156 24 94 162 175 116 173 18 96 
105 7 170 149 1 131 139 48 1 82 15 27 168 100 37 64 135 130 94 114 200 1 98 178 141 152 145 31 141 133 117 101 12 174 136 6 94 63 21 165 51 102 117 104 161 133 198 150 62 102 
102 107 173 149 113 60 176 129 25 52 183 23 84 54 56 163 48 135 106 166 134 120 54 31 153 54 12 98 146 70 178 88 90 106 81 114 141 9 166 43 171 165 61 108 3 32 193 78 37 99 
130 37 43 154 96 138 79 129 52 106 142 144 155 67 24 108 161 67 100 138 78 62 195 44 187 191 83 54 159 152 6 158 142 108 143 97 42 159 163 185 180 159 52 117 37 189 189 85 198 172 
61 106 190 30 168 182 153 89 51 130 161 63 106 185 98 73 195 186 174 4 122 11 68 196 101 101 94 193 150 194 35 181 159 147 173 51 135 61 164 171 125 34 191 3 23 80 65 103 181 128 
102 107 82 181 151 164 14 132 189 159 190 162 28 111 124 112 78 93 133 164 140 5 149 35 46 182 78 10 41 26 79 30 3 153 74 190 75 168 190 72 191 120 83 105 141 152 181 127 109 166 
148 80 67 188 35 181 94 12 195 5 15 115 166 143 28 88 89 89 55 26 16 4 160 171 84 47 56 113 39 80 12 69 122 54 147 84 88 182 84 29 84 17 146 4 173 162 184 99 120 89 
140 106 190 34 37 199 188 176 47 138 160 11 39 111 2 64 145 61 173 67 190 91 32 99 58 19 110 26 7 92 175 21 108 137 107 198 117 185 197 131 20 142 107 135 21 97 12 169 138 199 
159 162 96 118 26 41 122 36 103 107 3 70 31 85 100 93 102 24 123 176 180 195 154 148 148 29 49 193 94 31 110 36 122 147 62 139 160 122 11 122 133 127 83 200 38 81 176 83 65 24 
36 24 86 182 197 75 98 82 11 167 66 70 22 110 138 181 158 185 120 187 180 29 14 75 175 98 22 16 149 103 6 24 88 23 166 61 8 174 28 75 95 124 77 120 163 161 124 174 120 17 
90 49 175 87 12 187 127 180 117 135 10 91 18 103 67 138 108 119 134 52 31 164 95 162 115 70 72 176 186 4 195 118 10 144 44 10 79 1 179 132 119 166 192 28 165 51 43 42 76 81 
134 17 108 136 62 60 192 81 97 134 77 168 35 22 179 148 74 137 180 1 20 110 119 139 111 175 175 163 18 1 90 18 48 118 70 71 116 92 144 3 189 46 23 55 193 165 89 196 162 67 
161 78 64 65 44 86 109 39 159 92 78 72 152 149 132 103 116 19 50 168 150 172 105 15 41 182 56 148 27 83 9 53 131 113 70 192 92 24 99 107 1 147 123 9 195 120 115 11 136 56 
44 163 55 74 127 116 10 175 189 138 94 65 107 195 17 122 7 189 167 48 171 113 13 47 21 27 121 78 19 68 178 86 130 26 19 91 99 192 129 177 98 150 14 50 27 181 187 103 15 128 
82 31 189 10 189 16 154 59 193 73 78 191 162 75 37 106 18 87 5 146 30 157 7 19 116 85 97 164 148 155 44 37 197 8 111 51 20 11 169 130 181 5 28 178 122 146 14 53 168 152 
184 83 146 159 84 178 62 56 85 32 15 116 142 52 154 92 133 111 56 79 13 117 3 122 97 114 172 128 89 164 78 180 62 173 158 155 184 21 42 49 17 174 92 89 149 115 174 105 117 172 
96 5 146 113 125 145 9 86 19 53 44 8 179 106 37 29 63 150 32 42 139 85 29 170 30 42 105 161 113 23 118 95 98 98 68 175 185 59 142 5 25 167 115 49 58 193 109 182 110 24 
90 62 110 89 75 73 174 200 1 84 17 139 5 3 135 29 177 143 133 85 22 190 167 183 29 104 45 121 118 96 71 145 134 174 65 2 148 23 128 97 125 181 148 58 79 169 186 69 141 41 
165 107 60 190 179 71 163 173 30 79 65 176 175 117 6 199 95 180 48 133 98 69 121 147 195 195 57 46 116 72 150 117 169 136 152 175 132 82 89 94 34 105 55 196 5 97 189 137 171 122 
102 127 13 142 166 144 18 189 103 180 131 167 140 100 42 125 37 190 34 4 193 109 108 49 149 110 52 31 178 154 141 157 180 167 189 104 14 51 75 40 27 55 112 29 161 194 14 82 126 146 
191 184 17 179 56 32 142 114 49 91 77 166 24 26 174 15 121 39 44 180 34 13 136 168 29 47 135 24 105 187 6 117 174 19 196 74 9 185 100 120 37 27 57 79 196 22 192 50 171 116 
53 122 12 93 136 173 44 175 153 16 199 91 50 159 17 114 118 107 103 19 176 29 136 157 105 144 50 8 36 102 98 104 32 103 126 120 53 111 68 53 127 148 70 6 152 18 91 7 144 167 
90 55 98 31 62 145 68 120 50 8 195 75 38 140 61 161 160 80 141 161 33 169 140 107 195 171 15 142 22 152 53 189 154 94 150 167 154 22 200 37 82 191 181 69 64 104 111 195 145 12 
117 110 48 169 167 198 45 162 135 189 127 63 86 170 9 162 186 1 196 172 173 142 41 149 38 76 147 168 2 71 157 57 96 38 88 155 65 47 47 79 77 61 30 193 138 84 35 110 98 126 
106 131 14 107 106 59 34 104 40 41 135 28 73 69 6 183 22 32 1 28 166 43 15 71 121 114 85 174 24 13 140 90 134 107 189 94 157 45 39 15 77 165 168 119 173 92 6 154 119 86 
1 11 117 97 168 30 162 187 23 72 33 47 42 17 195 83 158 177 180 88 22 7 51 131 14 32 181 200 93 110 98 155 136 25 126 153 18 148 100 73 90 86 149 172 50 195 77 46 123 84 
20 106 179 45 51 168 85 158 155 164 40 127 126 145 59 87 181 30 130 10 192 112 41 37 89 47 141 123 26 58 23 112 200 133 84 174 183 64 39 148 47 159 3 115 123 108 104 96 150 160 
69 164 180 180 120 50 22 64 186 99 62 54 73 101 119 112 31 80 2 154 185 53 28 105 29 26 40 139 181 109 25 124 17 15 165 116 192 200 124 68 29 111 83 159 63 60 82 80 136 100 
179 111 102 177 173 53 163 60 78 165 135 51 7 1 158 107 126 137 166 70 85 189 159 98 162 160 54 132 105 60 68 125 182 4 171 87 91 34 36 138 22 179 92 66 18 200 99 40 48 167 
43 29 9 76 106 124 105 169 168 70 57 130 112 48 50 23 130 122 23 39 31 167 152 136 133 37 180 56 183 165 192 32 81 8 11 63 11 158 192 17 119 116 33 85 172 190 34 13 41 151 
53 26 142 10 71 136 46 1 99 197 164 9 125 98 9 146 180 147 176 186 195 169 21 166 61 17 170 42 80 21 17 196 158 166 108 23 170 13 192 28 198 188 197 97 102 140 120 106 52 41 
85 184 170 61 85 84 159 139 84 94 186 118 167 21 6 54 169 106 131 73 37 26 167 118 143 73 78 8 158 38 25 114 65 85 151 137 91 163 119 63 152 40 89 160 113 25 144 158 133 193 
1 161 186 15 44 139 84 90 136 144 185 100 167 196 163 179 172 67 1 126 142 90 181 55 189 74 50 164 172 182 53 41 169 112 88 143 29 107 173 117 85 47 61 152 148 75 58 38 79 12 
166 93 118 26 63 36 83 194 175 17 46 198 175 180 76 142 126 109 34 194 108 28 49 161 87 193 105 50 88 167 197 178 26 58 99 28 188 104 138 11 88 189 97 35 141 108 190 53 194 22 
165 121 73 189 98 110 19 105 9 128 12 68 155 67 57 74 92 128 65 9 126 88 185 125 77 171 144 169 178 183 197 119 78 126 23 85 55 76 34 156 132 41 69 162 52 29 117 10 194 68 
163 199 96 29 88 176 30 50 73 63 8 148 140 3 152 196 110 106 15 52 86 44 100 70 100 127 51 137 126 103 171 44 119 81 78 60 35 4 72 175 74 155 123 19 151 195 52 193 94 12 
71 118 174 92 29 5 4 12 159 115 105 35 130 92 94 59 21 191 39 29 133 188 72 192 118 97 112 122 75 16 149 103 60 163 183 145 116 181 63 36 165 75 148 42 9 132 48 70 85 115 
2 108 96 106 188 31 116 100 6 110 60 119 2 33 67 164 112 125 147 31 133 183 46 178 3 105 44 104 115 51 175 122 79 167 61 102 60 12 156 135 76 167 47 142 60 87 68 6 20 66 
87 29 80 34 50 14 198 173 49 93 119 6 35 181 194 163 52 58 190 80 137 83 120 82 102 144 102 33 119 86 7 28 10 107 114 123 67 195 13 37 83 138 114 109 36 190 150 24 195 98 
163 52 99 57 37 141 79 15 192 152 190 26 193 198 165 75 78 30 158 140 109 156 118 35 184 105 43 63 154 54 122 23 64 121 159 36 144 8 119 179 102 150 105 189 195 21 174 57 38 40 
104 60 78 125 158 191 58 62 18 13 183 108 124 57 21 159 31 167 174 103 94 68 70 76 134 4 84 5 9 22 115 185 22 56 25 41 166 85 82 24 118 96 21 19 138 36 153 96 79 153 
79 56 13 179 74 68 15 115 38 145 168 94 180 20 78 27 27 153 156 14 100 45 57 83 131 168 116 39 181 16 169 145 47 78 187 98 27 12 33 6 81 155 161 66 150 54 66 170 79 38 
76 7 57 59 158 49 84 165 8 30 189 9 39 109 40 114 142 193 56 126 73 135 45 95 94 82 124 140 183 4 131 182 127 184 27 20 148 94 69 66 7 9 20 18 15 149 154 88 140 95 
15 196 104 73 120 9 83 147 156 102 162 118 174 6 166 22 5 6 52 71 150 138 8 80 130 153 59 101 176 68 119 153 190 109 185 166 10 124 135 56 53 152 45 173 175 115 188 56 118 154 
