50 6
0
1
1 8 5 28
2 14 42 350
3 43 101 -159
4 50 139 -228
5 50 144 -238
6 67 147 1243
7 68 8 116
8 72 29 14
9 97 137 919
10 101 56 549
11 116 190 -264
12 130 95 130
13 134 56 470
14 142 200 1742
15 150 1 152
16 154 175 154
17 166 67 32
18 170 135 170
19 172 142 1308
20 204 131 204
21 204 149 1098
22 207 148 799
23 208 121 692
24 237 178 1305
25 263 95 833
26 293 137 19
27 305 160 1265
28 346 6 382
29 391 133 923
30 408 116 872
31 441 146 1609
32 489 147 489
33 525 153 831
34 548 54 980
35 580 79 738
36 587 42 839
37 671 52 879
38 732 119 1446
39 769 97 1545
40 818 80 658
41 823 171 1165
42 854 72 710
43 870 153 564
44 874 26 1030
45 877 23 923
46 891 3 903
47 917 186 1661
48 947 90 1307
49 975 7 1017
50 999 44 911
182 62 126 38 162 114 151 165 41 22 50 163 42 170 133 39 128 78 168 91 38 172 178 48 168 12 166 88 182 169 137 25 124 51 199 179 25 30 164 185 141 55 38 99 19 107 57 76 91 93 
89 167 66 28 123 124 183 170 68 124 197 91 196 36 183 187 74 24 5 110 9 94 124 152 143 154 180 113 115 42 33 182 33 196 44 86 160 66 187 5 193 118 26 37 79 13 183 72 29 9 
34 192 105 107 75 56 112 96 84 187 166 72 163 62 137 125 200 125 134 186 100 199 96 39 200 35 151 33 195 161 82 99 12 58 170 196 189 176 184 162 151 177 34 180 159 152 182 119 174 161 
130 140 176 6 27 19 83 134 177 184 156 74 108 23 120 148 158 69 70 119 159 172 178 153 2 140 73 45 170 55 122 195 43 109 46 49 157 123 171 54 151 121 135 108 36 65 135 56 54 152 
158 164 179 175 193 165 103 137 171 128 180 71 33 98 68 20 120 72 190 22 36 12 153 31 112 92 104 77 96 26 169 52 189 73 41 193 111 9 167 129 106 131 41 28 86 30 45 20 4 19 
163 27 101 39 28 75 143 118 63 67 39 26 10 26 61 94 156 48 68 168 86 73 168 48 26 9 134 118 132 178 4 71 58 34 58 70 51 152 110 109 35 108 133 198 75 85 21 122 121 99 
73 25 53 116 121 76 149 80 49 2 95 96 149 193 9 99 78 97 118 35 102 30 110 64 192 87 169 184 127 165 38 179 131 60 161 191 108 11 33 57 4 90 197 77 52 19 187 101 27 158 
166 55 53 97 187 78 115 78 10 165 102 140 197 63 51 170 192 46 14 94 147 71 148 169 75 93 122 106 107 28 45 148 116 155 65 145 104 108 54 34 103 21 94 24 43 108 130 40 8 130 
34 183 80 179 139 75 181 109 7 186 48 22 116 103 118 117 128 30 59 35 64 103 84 28 177 9 18 14 133 173 24 156 127 134 17 109 148 137 109 132 92 39 93 177 186 35 69 59 142 109 
119 85 183 195 85 88 146 178 128 164 12 168 39 174 84 187 108 103 78 4 78 87 156 195 93 112 58 56 183 95 181 92 126 153 197 173 154 154 44 116 150 97 52 166 34 154 131 83 1 96 
56 191 146 129 134 186 53 48 37 57 85 120 168 65 130 185 131 39 59 156 184 197 193 147 183 151 177 35 117 190 184 160 89 27 174 44 35 44 22 126 11 55 40 84 103 185 27 18 156 135 
21 117 39 89 178 56 46 136 112 141 181 26 81 41 47 129 98 39 178 16 34 199 69 180 86 93 71 192 112 197 191 179 36 45 102 76 154 111 148 148 63 107 52 134 189 132 59 129 95 152 
21 141 1 86 27 192 85 23 194 121 55 25 140 12 19 134 159 142 200 120 154 42 158 67 46 181 25 103 11 183 147 78 39 16 115 102 137 18 126 72 71 129 27 152 68 105 189 73 196 137 
42 14 166 91 79 40 135 186 111 168 106 39 102 23 119 76 200 7 161 113 102 84 26 127 136 148 179 42 102 61 159 22 3 169 4 79 179 189 57 27 145 98 72 30 120 22 5 128 5 95 
131 200 142 63 111 25 140 10 79 122 170 37 198 165 190 182 173 4 172 135 81 43 127 17 88 174 45 1 3 21 12 52 52 170 190 95 33 105 147 163 14 26 1 141 91 1 183 134 164 35 
37 154 189 198 95 69 126 42 123 118 93 147 79 200 107 88 81 121 77 144 199 41 98 119 155 43 186 8 91 92 195 102 64 97 47 198 22 102 200 81 194 174 118 50 103 121 160 61 190 80 
169 48 119 10 66 159 156 135 115 183 105 66 42 109 21 5 151 39 172 194 107 55 16 78 104 31 55 58 12 33 7 150 181 121 151 98 150 44 87 6 50 84 49 94 196 187 123 191 119 44 
199 155 125 187 151 40 22 74 8 11 114 105 199 49 194 127 51 136 193 36 55 187 190 9 144 158 118 13 148 189 107 90 77 5 171 129 160 87 16 9 82 146 141 122 47 133 170 81 112 46 
32 166 58 62 141 58 54 119 75 96 29 143 167 25 51 37 55 20 60 191 152 161 39 131 149 21 81 164 172 16 32 164 117 165 191 109 178 140 138 48 176 100 142 197 16 80 65 69 59 37 
71 72 35 14 23 189 155 35 49 183 155 37 148 72 56 114 2 122 95 50 155 70 69 187 143 177 76 136 40 145 120 147 15 165 133 1 196 96 4 132 180 94 2 142 81 29 110 31 106 163 
80 107 24 125 176 36 167 94 138 70 18 182 179 30 125 178 76 42 95 88 199 55 121 81 130 137 128 116 51 173 114 27 192 88 89 73 97 55 14 200 3 118 152 147 129 169 192 123 26 64 
180 45 133 22 64 68 67 75 166 152 144 78 98 36 27 151 181 167 43 137 149 22 129 80 19 169 70 21 57 70 24 200 178 177 22 70 144 56 8 141 10 54 13 143 171 193 72 64 170 181 
188 155 134 177 114 200 177 95 136 161 141 136 13 110 51 58 73 175 59 66 106 155 56 164 183 22 158 151 173 26 105 37 109 63 60 32 62 122 199 136 148 111 44 109 9 47 109 53 137 14 
50 97 112 71 26 84 114 147 122 122 3 163 62 66 49 124 38 31 24 177 186 95 196 148 106 55 184 48 99 155 22 52 56 39 134 156 11 157 118 113 45 189 26 196 72 79 93 16 151 60 
160 87 183 192 114 156 169 61 52 93 143 167 125 31 184 200 122 13 167 158 56 180 39 40 56 44 184 36 160 31 117 173 14 5 10 27 145 44 78 7 75 53 163 147 156 164 144 18 21 24 
137 102 142 130 196 177 102 78 61 4 172 195 90 90 56 37 106 159 160 114 114 177 38 28 168 86 70 136 114 28 147 33 3 79 41 93 6 90 23 179 34 136 4 173 86 176 61 160 55 101 
82 4 123 176 16 103 196 62 199 172 136 137 175 139 196 195 161 126 119 128 154 13 194 193 15 104 85 82 4 186 143 118 73 88 39 88 43 129 7 115 107 111 180 183 127 171 47 127 63 107 
92 154 178 128 135 136 199 65 4 196 152 164 69 143 52 1 46 125 17 47 18 14 50 197 63 83 94 114 149 139 166 185 127 42 80 148 41 50 100 154 69 32 84 157 18 142 112 98 113 29 
2 1 184 76 175 9 161 1 177 55 25 115 169 85 104 162 172 154 121 150 8 134 60 113 141 198 56 95 86 66 39 87 151 181 169 184 59 174 11 30 113 5 128 104 46 172 192 70 120 56 
60 131 180 197 188 1 39 84 181 156 130 120 127 179 165 24 178 116 125 1 132 178 141 91 84 84 133 100 26 161 46 147 75 94 142 198 73 128 50 144 48 32 83 170 87 58 176 86 81 120 
99 85 181 124 50 109 79 101 33 164 95 111 159 67 36 16 142 38 147 26 81 159 150 137 142 182 162 54 85 66 31 164 191 145 107 20 121 1 42 56 52 43 90 188 182 130 37 105 118 16 
22 42 36 52 144 103 141 4 33 82 52 168 31 1 50 15 193 135 171 54 36 102 121 147 61 118 104 54 21 179 149 171 107 53 103 157 11 189 200 65 87 113 123 177 101 88 169 46 190 50 
37 106 101 24 97 23 43 74 101 116 44 44 169 51 154 137 128 23 99 48 110 100 99 50 165 85 105 12 135 162 74 112 188 182 58 81 153 178 187 106 120 88 78 43 39 187 73 50 130 186 
114 130 31 50 140 124 37 53 39 184 31 190 129 15 74 33 61 141 171 114 83 132 10 200 1 56 96 13 123 133 159 32 124 160 55 80 56 16 147 180 69 180 80 107 176 15 97 87 156 182 
89 27 111 50 66 105 76 36 177 52 141 177 133 147 140 117 30 108 99 58 118 106 196 184 21 98 175 61 149 174 130 23 1 178 82 197 94 74 197 75 9 109 24 110 31 170 5 19 128 87 
124 84 34 132 38 80 50 47 74 74 108 173 29 6 165 73 133 68 9 95 155 21 154 95 25 29 57 186 73 63 36 186 45 170 141 174 86 18 9 192 57 143 8 50 158 109 167 51 150 135 
83 121 200 41 173 66 22 187 92 16 192 12 82 178 51 175 118 8 134 141 85 59 164 155 2 44 47 87 74 163 138 157 152 193 167 45 116 115 169 130 86 41 64 21 31 145 88 172 44 58 
52 18 10 51 83 177 42 93 175 133 178 152 137 33 76 73 96 140 150 159 180 175 115 44 40 66 141 164 200 44 69 191 79 151 55 122 2 130 194 102 27 183 9 43 114 123 172 183 70 118 
49 165 32 159 196 75 62 85 18 129 16 120 172 48 163 51 122 150 94 195 94 113 182 139 43 23 31 1 73 112 193 38 113 153 89 139 35 57 166 64 108 25 90 80 66 67 103 57 4 44 
62 46 79 175 151 172 121 180 160 159 40 66 52 134 61 110 116 24 191 90 191 53 38 196 51 177 200 147 62 165 99 35 18 17 49 63 182 102 106 67 58 117 69 179 123 176 184 177 197 148 
144 64 141 20 181 176 139 159 37 2 24 141 102 187 107 13 179 42 86 181 130 101 143 124 123 48 6 185 95 98 171 51 152 198 103 7 12 182 20 163 114 56 101 76 47 118 87 155 194 76 
140 89 45 94 185 77 19 25 112 13 126 83 132 125 151 123 63 193 183 65 61 66 191 46 146 181 177 189 195 91 86 106 179 112 118 197 187 126 97 15 180 39 46 49 49 128 97 112 110 43 
46 10 62 35 176 8 109 52 8 76 29 185 108 196 2 166 136 84 170 31 86 184 107 97 199 198 197 166 36 25 177 146 21 109 169 17 21 16 70 112 82 134 77 157 155 44 30 17 124 35 
7 94 139 5 197 123 181 182 115 24 57 103 176 13 39 82 20 81 164 79 135 86 21 173 74 195 79 52 123 55 176 178 106 44 110 65 51 143 8 66 115 44 55 80 118 113 65 121 140 104 
25 30 70 117 82 152 136 134 180 19 88 93 16 117 132 21 174 89 128 143 20 59 144 15 84 54 135 40 32 142 78 126 65 147 197 189 126 87 165 73 171 197 188 137 115 199 158 143 145 156 
117 116 6 27 156 52 87 170 48 22 163 51 195 74 9 94 136 13 41 104 143 47 110 162 16 31 12 90 42 47 107 99 43 7 72 25 181 115 25 54 3 79 5 99 114 17 87 187 157 116 
162 5 194 72 61 64 199 24 110 98 48 134 182 147 61 125 88 103 181 23 60 142 159 92 146 29 88 176 128 140 87 45 53 115 62 200 34 119 25 82 80 41 8 177 71 200 199 35 151 176 
21 178 11 87 101 73 11 122 39 30 5 41 11 132 110 82 17 81 106 126 38 169 67 82 191 152 95 46 13 198 86 97 89 43 132 118 66 142 51 173 157 36 144 139 49 90 152 108 171 19 
156 136 100 2 155 20 88 151 197 76 71 46 92 159 67 46 46 90 47 109 178 151 65 47 184 136 62 70 40 27 8 143 127 93 86 73 65 117 98 74 31 57 22 30 35 177 120 38 100 14 
153 147 36 127 113 108 194 58 136 133 47 19 186 12 175 76 145 183 181 188 192 169 152 77 189 73 195 21 181 98 54 138 119 186 113 163 12 197 13 119 121 98 127 153 135 112 165 81 197 70 
148 110 118 27 197 39 164 31 143 89 134 187 25 130 123 157 12 60 122 126 139 145 151 17 58 149 156 115 197 128 90 188 53 117 90 47 46 149 129 14 11 194 170 188 102 38 141 23 127 65 
