75 2
0
1
1 15 4 15
2 113 198 509
3 143 50 543
4 163 63 289
5 229 133 1027
6 273 195 1053
7 342 82 670
8 452 76 452
9 454 193 454
10 618 159 1890
11 628 136 356
12 647 193 2191
13 716 107 930
14 717 186 2205
15 717 44 629
16 870 92 1238
17 871 93 1615
18 984 84 816
19 1152 88 1856
20 1154 87 1328
21 1208 157 2150
22 1244 16 1308
23 1312 74 1164
24 1317 135 1857
25 1348 151 1046
26 1423 26 1475
27 1425 45 1605
28 1452 170 1792
29 1490 23 1536
30 1529 35 1529
31 1597 169 1935
32 1696 88 1872
33 1860 6 1860
34 1897 191 2661
35 1901 90 1901
36 2153 11 2197
37 2159 137 1885
38 2250 131 2774
39 2263 112 2263
40 2270 136 3358
41 2379 68 2515
42 2386 154 2078
43 2471 187 2471
44 2527 1 2535
45 2583 158 3531
46 2667 94 2479
47 2766 116 2998
48 2766 135 3306
49 2801 37 2727
50 2830 147 2536
51 2831 11 2875
52 2848 180 4288
53 2874 34 3010
54 2930 5 2960
55 2950 112 3398
56 3050 200 4650
57 3112 136 3384
58 3138 182 3502
59 3144 13 3248
60 3180 153 2874
61 3257 194 4421
62 3313 21 3271
63 3318 151 4526
64 3333 141 4179
65 3663 36 3735
66 3712 60 3952
67 3902 197 3902
68 3922 143 4780
69 3978 47 4260
70 3984 138 4536
71 4341 186 4341
72 4398 91 4580
73 4407 141 4971
74 4430 24 4526
75 4488 199 5682
177 134 115 92 70 188 28 130 49 154 181 71 14 33 145 155 137 152 111 133 65 87 3 87 28 125 131 180 167 110 71 36 187 70 68 59 89 19 192 177 106 168 13 156 51 88 195 51 190 93 71 12 198 36 21 44 64 84 92 19 195 180 162 19 71 29 17 79 182 114 93 49 100 14 102 
177 172 192 35 149 74 110 173 161 25 22 181 197 68 57 16 38 96 117 3 20 57 3 145 118 54 35 159 57 133 2 32 146 139 75 13 1 170 144 127 128 102 191 115 170 119 39 200 138 77 90 72 91 114 127 194 80 118 48 132 167 135 190 94 145 155 50 188 70 176 54 77 172 37 51 
191 58 71 23 146 27 104 49 160 25 185 144 66 79 35 11 23 63 84 40 112 75 49 91 103 32 93 58 56 122 138 46 48 24 127 50 34 34 113 107 115 165 56 31 98 16 106 21 174 83 70 108 67 177 192 101 153 121 158 4 102 189 48 178 32 68 158 40 198 29 117 71 116 68 171 
96 46 167 87 145 145 51 92 187 91 45 58 165 150 135 105 32 16 143 109 189 194 121 22 167 114 97 167 189 185 93 186 65 114 143 155 141 163 107 57 52 11 127 87 173 135 105 160 81 195 32 50 37 143 42 5 171 177 27 24 70 70 94 123 179 154 124 75 42 60 15 117 20 50 102 
78 159 67 24 129 103 169 9 125 38 78 164 144 2 65 66 19 169 106 133 120 12 132 26 23 39 121 73 80 46 188 141 151 34 69 180 141 3 27 181 39 122 200 164 194 93 139 57 28 27 125 161 39 90 132 138 121 116 158 157 120 17 81 100 11 93 183 20 164 59 77 48 43 23 7 
127 2 173 43 8 71 152 165 16 39 49 54 181 123 148 64 135 104 102 92 75 57 27 62 145 92 115 93 66 97 120 184 41 67 113 150 116 107 105 42 170 99 63 40 31 184 81 56 46 131 48 66 20 77 55 181 16 113 82 162 64 36 95 131 11 18 61 76 73 131 29 159 95 167 20 
163 44 40 57 54 159 111 74 14 104 174 91 21 50 6 196 94 143 69 77 150 160 153 6 91 195 9 109 192 15 48 67 119 90 72 30 171 7 84 5 149 100 40 173 179 67 81 173 170 183 190 163 63 112 61 59 7 169 108 183 200 102 17 185 40 125 113 39 107 147 77 60 136 55 53 
107 32 7 61 66 40 62 49 8 61 41 86 16 32 79 39 101 177 35 155 34 180 6 191 135 115 152 117 82 37 173 125 72 98 157 156 199 187 85 116 62 174 132 174 26 149 118 137 135 52 128 154 54 145 14 1 160 189 126 158 161 140 192 154 195 137 172 81 191 89 95 159 168 166 24 
151 64 28 43 46 94 25 4 52 158 127 107 73 200 14 123 105 142 70 141 6 179 21 102 17 10 177 146 34 88 177 81 168 182 69 142 131 186 183 31 159 137 55 119 137 25 3 146 169 158 148 123 137 185 81 115 9 154 9 16 39 159 8 2 124 167 154 37 75 58 35 166 94 69 17 
199 15 11 41 18 173 126 144 160 169 97 35 179 200 137 42 32 134 57 190 75 144 147 142 130 55 109 48 85 165 139 100 173 61 148 55 37 183 78 150 28 115 143 92 48 94 139 12 27 92 21 89 63 60 176 193 51 53 61 115 110 184 119 107 150 96 151 161 102 166 169 150 95 65 151 
189 190 87 138 86 58 167 190 77 77 78 153 174 2 160 81 113 131 83 119 5 76 110 168 121 171 6 107 123 37 128 60 66 153 80 81 112 188 14 110 166 30 22 48 42 31 174 89 148 52 181 196 136 162 39 151 30 178 20 112 21 143 112 91 32 175 165 9 72 176 130 120 55 55 131 
48 6 86 189 150 188 88 127 155 200 99 82 37 81 136 39 59 105 111 1 179 93 163 169 194 8 94 163 59 151 78 140 34 6 88 29 34 194 170 64 25 99 14 22 200 142 89 178 66 111 161 8 145 34 21 109 169 68 160 78 141 87 82 154 35 160 5 73 130 51 89 38 93 73 30 
105 182 197 23 31 112 132 67 198 125 89 44 116 144 165 134 54 92 40 165 43 11 182 191 157 198 63 113 77 9 138 158 111 25 149 127 189 64 171 187 40 38 75 64 147 16 104 88 160 111 60 43 116 142 147 97 113 98 167 8 39 143 112 18 130 36 4 78 53 188 43 122 200 14 102 
136 17 117 111 194 97 93 193 103 72 113 9 139 178 166 157 197 17 148 55 121 171 67 25 90 54 176 165 25 159 187 87 15 200 131 135 154 35 148 83 7 189 180 112 175 62 137 150 144 189 5 157 57 62 1 160 147 23 14 193 79 62 156 23 140 98 34 115 169 160 63 32 16 21 105 
168 7 80 188 78 103 75 53 122 97 129 35 9 164 83 100 13 8 116 149 48 136 28 147 66 127 136 41 8 84 126 134 119 161 164 193 27 51 172 123 176 21 17 59 199 30 101 91 153 175 25 71 171 155 119 78 178 174 48 196 41 136 5 50 129 63 135 8 72 52 174 7 131 48 86 
39 64 103 199 50 8 24 86 161 2 64 140 171 61 150 112 9 6 73 147 3 106 139 138 125 84 58 14 175 117 76 55 169 57 164 183 60 77 4 176 88 33 12 17 120 139 109 31 180 126 169 85 144 44 147 190 57 105 58 26 154 173 49 18 75 178 152 118 96 1 53 188 62 42 142 
153 35 65 118 143 29 179 199 185 30 4 132 54 87 34 134 116 182 62 124 192 110 139 8 72 65 68 53 193 79 182 47 37 148 111 93 94 185 144 187 74 2 194 56 29 99 43 17 93 169 47 122 23 130 90 104 100 182 178 198 134 115 117 7 8 149 179 119 87 72 193 147 120 23 33 
198 44 188 150 101 72 4 23 191 87 23 194 5 124 99 140 104 136 15 90 79 62 170 196 75 162 85 96 17 42 36 173 147 16 120 148 181 148 153 121 103 90 168 80 99 171 132 29 76 56 139 178 59 66 15 119 197 42 100 163 174 131 136 63 184 23 56 110 36 100 83 178 157 71 200 
123 127 192 141 46 149 15 100 138 93 90 200 156 190 75 13 78 94 14 178 96 83 9 107 99 159 79 192 167 5 75 154 50 19 44 188 198 83 182 101 34 4 92 87 46 142 74 94 62 178 15 124 38 180 141 197 164 149 131 62 67 185 192 28 167 73 50 13 27 17 131 52 91 131 4 
83 160 139 24 14 173 113 43 161 88 38 196 64 48 66 139 36 7 17 144 141 33 36 186 64 168 137 64 170 75 86 168 108 144 130 154 78 66 81 116 177 33 146 122 61 157 190 155 138 98 75 22 48 188 167 186 70 152 32 150 31 41 188 89 12 159 82 164 65 110 113 157 113 18 26 
47 96 93 25 177 11 79 183 72 199 34 9 134 3 73 42 14 104 88 168 45 196 136 28 94 78 21 171 83 184 77 48 140 88 129 147 85 160 101 63 46 97 161 40 154 58 29 20 138 150 149 148 128 96 40 38 161 180 70 38 7 112 131 161 40 81 8 192 21 58 68 38 74 123 186 
98 29 30 43 92 68 26 168 40 115 103 10 85 91 33 31 9 111 167 37 156 50 33 96 170 176 184 11 78 164 34 30 162 134 80 14 75 166 119 2 6 106 8 159 7 61 58 123 150 171 141 142 164 65 43 110 93 90 159 53 140 182 144 149 76 171 50 74 75 174 16 19 185 72 174 
6 141 163 85 198 142 98 162 14 73 5 75 164 45 138 86 164 32 126 9 10 25 7 166 138 52 175 63 39 10 87 131 114 150 98 171 108 77 48 23 72 77 38 6 138 20 90 25 182 86 26 97 5 36 168 78 22 170 197 153 47 194 166 60 164 115 79 87 50 50 129 184 29 131 158 
54 67 70 184 60 72 163 129 30 117 112 130 40 70 136 104 79 89 35 157 29 46 35 144 178 2 181 184 45 172 1 8 74 160 152 92 112 171 76 31 70 104 176 36 180 53 200 13 144 111 60 127 134 119 17 11 6 115 68 167 108 176 123 184 156 3 52 115 157 148 112 164 194 34 35 
141 180 20 153 187 70 162 117 91 41 85 146 50 97 61 53 141 80 139 84 195 6 79 148 124 14 14 129 144 68 99 188 165 172 103 182 95 49 39 43 1 197 93 150 119 78 81 25 62 60 169 99 110 176 33 93 46 126 143 49 135 94 58 186 85 83 75 162 153 190 48 53 45 23 97 
59 80 123 148 155 173 64 27 24 11 30 75 145 182 62 28 172 118 189 8 48 160 120 138 128 182 60 144 168 122 39 59 200 163 178 46 22 85 69 37 193 45 154 44 96 115 162 90 113 178 38 150 72 112 136 145 194 171 61 15 38 38 185 29 91 191 67 99 142 191 63 37 106 176 188 
118 139 91 191 55 52 3 94 156 47 41 22 132 97 154 191 75 172 143 182 59 129 124 123 18 12 155 30 132 109 103 130 114 140 46 88 180 143 155 12 133 5 90 12 80 68 154 106 106 15 4 181 21 49 54 80 104 94 115 65 182 68 91 157 101 155 76 65 159 135 26 98 168 125 139 
13 117 161 82 116 136 160 36 159 188 149 124 187 92 173 169 77 173 64 22 192 60 192 59 167 166 17 15 56 157 187 2 124 195 142 177 85 188 36 44 89 94 148 136 96 151 73 7 116 119 128 7 114 59 124 178 120 138 100 110 62 14 94 103 28 2 93 5 67 124 48 9 164 15 185 
146 105 155 187 120 153 177 181 167 189 163 194 8 45 16 12 94 54 14 157 150 24 68 51 199 40 20 159 46 72 117 136 15 27 141 193 18 157 9 182 49 48 18 72 160 52 61 147 143 55 101 106 122 131 117 110 12 24 143 174 25 99 72 84 9 165 39 47 156 99 80 155 161 46 94 
182 182 126 112 182 187 10 138 95 82 45 166 135 56 98 113 4 73 67 32 14 111 200 140 103 94 194 13 102 164 199 60 77 95 74 27 151 41 75 191 14 148 83 188 194 188 25 15 8 16 85 24 180 11 175 82 29 140 146 139 72 99 198 167 149 90 193 72 192 162 186 106 174 15 115 
187 172 99 111 96 90 66 102 170 191 111 80 22 174 57 106 57 30 8 8 7 178 31 166 11 195 141 10 39 37 122 82 29 167 50 114 160 145 139 29 52 181 38 61 42 92 56 66 107 59 39 158 143 18 20 117 117 153 81 168 61 87 80 12 85 106 71 188 169 174 148 32 12 5 100 
58 199 107 167 23 117 144 141 81 38 143 53 146 127 141 77 90 162 190 49 167 100 82 200 190 58 101 53 186 176 135 164 197 185 32 142 101 81 153 18 166 74 99 132 167 80 82 72 105 4 116 167 196 138 70 140 31 122 123 135 27 137 52 155 20 19 184 87 36 122 81 138 80 88 49 
97 87 113 109 88 171 84 74 108 86 47 161 150 90 112 166 31 46 121 108 173 173 178 63 68 14 63 26 117 157 45 197 70 115 37 59 150 159 107 167 155 93 174 190 14 175 81 162 105 62 162 123 156 8 22 94 81 179 48 185 188 22 72 192 42 43 180 34 168 40 120 128 138 172 135 
31 24 78 85 105 200 160 181 141 167 170 33 136 180 9 187 149 69 187 173 21 180 27 53 67 23 37 154 155 186 37 165 141 19 127 179 160 199 78 164 155 162 75 82 194 187 13 146 125 193 142 34 85 24 127 1 133 31 27 10 6 193 149 5 14 120 31 73 198 111 194 190 137 86 106 
109 165 159 101 19 57 120 67 73 172 34 162 15 39 78 105 195 77 9 92 114 200 136 162 151 91 176 70 31 67 42 146 50 138 139 152 142 123 3 113 151 47 150 134 157 50 133 24 157 104 155 80 107 132 59 117 155 54 127 112 157 152 167 116 96 73 47 88 33 155 87 156 56 157 16 
183 22 3 189 94 65 147 39 84 107 190 23 130 177 176 191 58 58 149 177 15 77 147 135 187 161 146 159 168 191 82 24 190 4 179 31 4 112 7 42 154 135 114 109 21 139 136 178 13 143 88 162 16 23 191 200 164 191 63 37 181 121 161 139 197 102 101 6 98 98 154 100 49 163 91 
196 103 187 177 156 118 188 181 59 17 29 174 9 151 148 144 157 55 116 96 83 114 137 142 96 101 99 120 127 104 31 11 178 20 134 78 26 70 11 105 67 22 49 74 80 88 96 168 31 56 56 118 31 65 98 148 43 31 187 132 79 2 108 96 15 50 190 30 200 24 139 108 70 152 195 
41 120 1 107 93 54 126 170 93 58 76 191 138 22 66 105 119 150 96 50 136 119 17 161 101 150 24 14 102 189 140 31 8 138 198 23 62 57 164 183 143 45 128 52 162 177 77 142 14 160 3 98 56 200 94 95 158 97 142 36 155 39 34 58 79 35 126 172 50 132 96 194 103 199 196 
85 169 193 199 144 61 107 189 102 54 41 66 90 2 169 108 157 95 66 13 66 67 187 116 188 59 154 63 24 15 111 190 190 154 156 19 106 7 164 144 27 24 164 190 22 169 76 102 77 5 188 29 170 133 153 105 50 109 189 12 8 101 196 129 187 98 152 180 56 154 88 54 113 4 111 
63 55 153 105 6 113 176 15 15 30 177 120 86 146 117 2 179 144 22 97 25 191 56 188 142 153 147 135 103 1 87 167 78 189 87 57 25 147 182 9 73 124 34 140 49 190 28 156 130 80 122 28 112 136 30 153 80 142 164 64 168 63 75 11 36 155 33 173 120 123 8 98 196 122 121 
48 52 151 149 142 90 103 140 38 118 25 35 43 39 172 59 144 184 196 149 30 85 76 189 151 7 189 192 171 85 20 166 132 60 174 61 163 170 115 106 189 47 102 143 75 173 44 3 80 120 76 76 148 178 165 138 169 19 59 59 156 8 155 165 190 8 87 167 64 7 29 75 151 110 142 
58 83 61 45 10 63 192 6 64 17 36 105 153 160 122 109 90 30 129 135 170 188 41 133 13 49 145 83 98 184 85 73 195 109 14 65 122 177 128 72 122 100 198 17 87 120 77 92 38 41 165 175 144 80 61 119 86 151 95 59 195 137 16 172 108 35 126 25 54 91 156 193 73 173 79 
156 76 77 68 76 115 182 120 84 118 108 30 17 5 169 36 20 172 10 155 140 187 163 30 4 88 83 4 42 70 79 177 16 51 176 68 35 21 10 119 73 100 22 74 75 191 145 130 82 68 33 69 104 106 77 164 85 94 192 65 78 170 90 189 79 55 127 29 153 171 32 134 77 160 135 
106 13 38 49 129 99 196 128 173 43 156 95 16 60 180 7 92 7 188 159 30 20 57 85 53 137 4 140 70 181 152 126 156 139 28 25 66 192 56 4 145 84 184 6 188 150 32 200 170 16 91 191 10 3 57 177 74 23 8 154 59 198 38 49 175 97 153 42 101 145 138 30 37 72 15 
22 12 189 112 66 97 56 142 101 64 191 119 197 184 184 87 28 82 17 154 134 196 94 178 181 29 60 48 9 162 115 41 127 72 185 184 127 160 89 72 108 159 200 157 185 94 199 60 11 83 103 14 9 67 48 61 180 72 93 126 95 84 171 124 200 57 197 165 44 54 58 86 166 26 198 
14 148 105 184 51 65 71 95 31 123 16 193 32 40 179 42 118 65 6 65 52 177 174 194 164 58 22 192 64 141 15 4 104 23 103 105 40 87 65 113 131 188 56 27 67 65 142 58 194 24 160 73 77 165 121 68 161 182 110 18 23 66 122 9 99 11 121 137 15 99 4 84 116 68 52 
187 122 189 147 91 171 139 195 180 165 117 175 50 194 99 181 18 58 192 93 131 80 127 185 178 40 174 16 117 184 101 156 83 80 171 82 15 139 193 158 42 40 142 198 153 157 107 72 90 194 114 188 150 187 131 67 4 110 133 94 87 178 74 35 103 100 88 81 158 163 126 108 40 168 163 
59 14 48 82 169 141 29 191 83 171 16 35 117 77 3 52 124 140 142 181 195 107 197 153 181 49 43 1 27 63 11 75 11 73 164 194 152 151 95 159 153 152 59 182 137 59 190 90 152 156 13 39 140 9 178 71 136 196 161 160 148 15 61 91 17 120 170 118 73 125 47 130 185 170 10 
97 188 144 20 189 30 83 60 19 119 79 83 127 37 45 45 134 98 143 29 128 96 44 186 130 168 62 102 176 190 37 176 37 81 53 54 158 24 125 191 6 44 154 29 25 17 16 109 146 144 132 183 146 109 110 144 154 171 107 165 175 68 187 90 66 103 180 72 98 91 167 10 147 164 119 
25 109 31 133 41 82 88 84 170 7 113 185 136 33 109 103 126 81 10 14 135 113 149 117 84 151 146 151 20 144 181 153 26 191 171 9 119 106 199 125 81 138 30 106 139 55 62 104 123 71 122 85 129 72 132 4 143 113 155 103 94 16 123 14 128 25 191 106 117 156 44 153 124 11 116 
72 75 190 169 5 109 70 36 177 36 68 61 75 191 110 35 80 86 54 182 72 77 141 43 119 107 22 164 161 88 169 57 199 16 103 176 97 173 45 113 103 36 197 119 133 33 119 28 100 5 121 119 71 174 9 69 187 13 75 116 188 7 25 111 52 75 169 87 142 22 138 41 197 171 134 
63 74 141 189 143 107 104 121 66 92 109 199 165 108 84 1 49 17 46 81 62 134 27 46 104 194 44 65 156 64 61 146 74 62 123 64 82 47 189 93 177 161 175 159 157 156 19 62 137 124 47 200 151 89 156 32 116 74 40 45 169 41 153 189 170 91 195 183 142 191 169 85 30 163 95 
193 76 171 43 178 91 111 55 21 78 196 10 187 129 100 167 100 44 175 100 139 15 48 160 148 165 16 144 17 42 80 32 46 10 61 44 145 198 123 109 194 162 123 94 37 58 144 138 57 37 106 43 200 100 42 5 124 159 2 11 111 79 18 136 111 70 114 21 87 124 112 116 174 140 158 
60 163 42 61 181 121 165 99 154 80 156 117 149 81 33 197 170 127 45 65 35 36 156 56 46 166 58 144 76 90 130 68 182 94 35 84 31 97 122 132 96 191 179 42 139 80 130 45 40 7 55 136 6 61 85 21 196 59 48 156 115 127 115 140 149 36 68 7 117 42 184 4 55 90 140 
2 75 119 61 30 56 51 172 166 102 71 190 169 122 46 37 22 160 30 127 14 2 21 126 164 155 75 53 199 127 124 95 176 166 172 23 90 9 117 112 21 142 84 97 156 8 140 106 139 91 200 176 164 156 11 162 20 34 190 118 70 199 115 118 20 28 9 160 156 66 59 95 58 185 77 
157 162 187 66 33 161 132 180 123 25 52 131 58 116 156 127 194 39 46 108 89 100 14 10 24 102 100 199 40 7 197 32 101 176 158 94 137 40 21 61 96 45 75 165 120 43 164 84 140 2 17 175 56 122 190 99 185 136 106 38 142 11 146 150 102 82 142 11 6 185 109 134 71 17 163 
89 108 148 13 52 84 91 77 157 62 161 1 17 162 120 77 21 115 151 63 191 5 188 192 140 63 166 32 69 10 197 133 129 163 196 170 194 155 182 181 156 85 64 139 31 155 99 39 41 143 47 68 159 31 57 28 162 96 58 4 59 7 82 101 92 191 48 117 130 136 8 55 124 167 155 
99 171 23 112 66 124 103 170 32 91 129 46 63 85 86 97 85 190 195 43 139 122 138 14 73 137 19 63 56 16 79 15 147 105 192 67 58 86 151 2 187 2 133 45 28 109 11 96 176 155 151 51 11 78 31 139 56 156 102 60 184 84 104 139 94 42 33 172 45 15 165 139 198 31 145 
130 39 158 109 179 136 134 119 54 47 128 134 106 93 34 184 70 131 69 128 13 104 95 84 83 110 23 179 17 47 34 155 180 40 183 105 114 29 103 74 1 153 131 130 36 164 8 177 139 172 90 85 170 133 157 61 179 132 199 122 51 10 84 32 176 164 136 154 83 140 36 174 16 147 72 
9 5 55 135 95 126 31 189 8 4 121 128 75 185 192 20 87 137 4 169 118 86 126 57 119 10 79 198 25 181 80 84 139 156 40 122 69 1 178 112 70 65 156 153 145 29 19 128 178 179 19 93 129 35 50 189 38 11 184 40 43 19 29 45 140 160 86 117 33 186 4 16 114 146 83 
126 169 37 156 166 22 185 161 124 197 127 166 81 20 163 68 45 39 118 200 130 175 73 24 55 138 169 173 91 165 4 104 190 51 106 120 25 75 132 164 14 142 47 99 186 46 129 137 134 114 76 173 182 200 58 185 76 167 186 83 166 112 166 29 166 104 96 38 74 99 88 62 57 195 65 
69 90 67 142 187 197 127 189 41 85 176 3 139 80 64 157 155 102 4 32 62 81 194 119 160 29 85 173 183 78 69 14 168 103 154 197 145 73 165 62 13 98 46 109 119 166 37 151 34 2 27 25 151 154 113 194 43 70 50 1 163 198 160 138 118 152 1 20 1 29 3 38 161 115 50 
131 63 30 194 197 107 185 125 56 27 154 92 79 160 15 102 87 21 156 161 110 153 54 47 149 48 57 162 77 21 24 67 36 7 47 4 138 19 82 39 147 108 185 64 188 31 30 67 17 193 54 66 101 82 188 81 97 24 115 97 169 135 166 54 153 24 101 18 136 181 24 48 78 31 88 
173 64 140 87 176 122 7 56 72 143 12 73 58 156 192 188 111 19 108 188 88 115 107 137 169 146 30 99 7 133 67 63 7 146 116 80 144 76 96 171 129 87 117 71 49 69 165 30 145 127 157 128 108 157 122 129 64 12 141 158 97 156 44 120 103 200 191 162 161 133 8 19 81 1 40 
174 87 174 175 123 52 12 138 76 197 36 24 177 78 132 69 56 129 98 30 173 56 11 185 93 165 145 135 40 24 1 175 153 115 108 187 149 109 93 91 101 62 173 109 126 33 51 140 10 171 181 58 11 101 151 182 125 6 128 15 180 169 165 135 35 143 111 60 185 149 151 66 22 161 94 
76 44 109 157 196 147 133 24 31 197 46 10 152 161 184 177 12 87 27 108 180 27 92 1 15 41 10 28 183 169 184 111 33 115 30 167 140 1 175 89 24 166 44 147 30 63 150 161 75 23 186 194 148 195 178 163 162 160 19 21 112 158 120 158 63 3 90 43 37 151 156 58 83 4 13 
115 54 186 125 195 56 90 72 138 92 124 131 74 69 192 104 8 61 175 98 27 192 158 42 176 35 84 159 10 122 149 101 36 199 110 155 155 188 101 46 53 141 19 41 113 104 25 24 102 107 3 11 196 31 84 155 77 31 105 108 151 192 178 136 98 39 167 80 55 40 46 134 130 68 154 
16 118 182 119 8 60 73 82 37 148 66 20 26 134 73 114 190 94 14 9 94 138 42 8 117 1 144 169 80 146 14 30 89 167 72 131 93 152 35 197 125 52 69 33 34 97 163 102 5 8 37 172 5 66 141 181 68 170 160 4 47 155 60 128 63 96 130 101 162 82 16 7 199 7 112 
83 113 70 8 181 53 17 158 184 148 110 18 44 61 62 13 74 49 171 118 183 14 31 26 24 121 67 93 29 113 42 12 55 179 29 123 160 22 177 154 162 51 68 189 164 41 138 135 78 101 128 9 137 53 88 71 194 6 125 15 90 142 149 171 100 66 66 142 42 149 88 77 102 53 10 
16 158 67 101 193 147 140 101 113 188 121 184 152 191 130 125 194 66 188 41 147 44 109 67 36 182 135 120 180 57 22 62 68 100 188 186 119 129 62 189 5 175 200 172 114 123 198 117 86 15 130 185 84 88 94 144 111 156 12 11 63 172 45 126 134 62 60 191 108 119 5 189 132 95 187 
184 136 26 76 184 49 93 63 66 110 71 43 28 148 80 101 142 80 135 165 119 61 106 133 137 90 37 193 35 183 38 17 147 95 9 99 89 178 172 160 169 199 23 149 200 128 91 149 62 149 11 197 91 70 78 51 135 34 71 90 10 103 80 121 114 32 154 115 70 19 135 160 132 119 9 
153 174 79 130 164 178 189 67 104 99 61 25 94 51 30 177 94 17 183 100 130 135 85 88 67 59 29 169 70 14 18 91 86 165 174 153 96 111 91 139 132 56 78 137 2 24 25 67 70 126 65 198 10 18 108 21 122 191 45 101 101 196 74 145 107 137 93 189 59 57 39 13 81 50 45 
18 83 179 5 26 193 183 10 164 33 140 61 88 159 134 115 48 28 48 134 80 1 3 151 97 39 135 134 192 166 64 198 153 14 127 79 128 68 189 51 19 128 143 154 176 58 109 39 31 98 159 117 109 55 71 147 51 96 149 132 158 75 123 44 195 30 83 22 57 91 68 48 118 180 135 
111 1 99 68 2 136 122 54 140 22 155 93 20 122 31 61 13 142 150 151 116 184 127 141 12 166 143 58 118 5 26 90 110 75 44 158 33 129 67 133 27 41 91 21 89 2 147 181 85 32 149 33 24 25 109 86 192 115 27 95 16 193 33 173 152 95 177 55 70 154 141 11 51 186 158 
54 111 61 1 23 22 9 50 119 39 52 67 176 183 139 80 109 75 36 166 166 107 113 91 31 42 179 127 116 25 161 58 159 33 64 162 44 114 8 65 46 14 112 115 15 200 16 81 98 13 133 92 30 85 113 164 123 113 125 108 112 169 9 28 152 34 181 17 199 12 67 195 86 94 66 
2 168 51 128 124 114 198 88 141 154 80 169 89 44 39 185 120 128 107 5 99 100 121 92 133 154 154 128 87 193 197 66 152 39 68 75 92 29 25 176 19 200 191 14 80 67 109 102 63 108 81 103 144 79 195 190 22 57 136 139 55 53 178 176 93 22 92 185 82 54 37 63 112 72 74 
