125 4
0
1
1 19 116 483
2 33 69 447
3 34 109 688
4 79 108 -137
5 104 140 664
6 119 21 77
7 188 80 188
8 196 31 320
9 212 157 526
10 224 85 904
11 337 139 615
12 399 53 399
13 453 184 85
14 470 15 440
15 499 107 499
16 624 109 842
17 651 174 999
18 699 174 1395
19 733 194 1509
20 770 73 1062
21 787 72 1219
22 790 12 886
23 803 79 1435
24 850 168 514
25 859 45 1039
26 870 140 1710
27 925 75 1225
28 951 91 1315
29 975 132 1767
30 1008 43 1266
31 1038 38 962
32 1063 146 1939
33 1071 107 1713
34 1099 190 1479
35 1119 117 1119
36 1129 154 2053
37 1136 117 1604
38 1148 72 1292
39 1202 116 1202
40 1228 138 2056
41 1257 123 1749
42 1259 175 2659
43 1269 31 1331
44 1281 136 1009
45 1286 36 1574
46 1344 77 1652
47 1349 58 1233
48 1351 26 1403
49 1355 80 1995
50 1406 195 2186
51 1411 6 1411
52 1513 191 2659
53 1520 95 1520
54 1566 59 1448
55 1589 138 2417
56 1613 61 1979
57 1629 68 1493
58 1660 131 1660
59 1680 104 1680
60 1706 169 1368
61 1724 46 1724
62 1735 59 1735
63 1780 78 2404
64 1804 187 2178
65 1975 18 2083
66 2058 158 3006
67 2131 15 2101
68 2141 98 2337
69 2235 88 2939
70 2267 192 3419
71 2268 95 2838
72 2285 16 2413
73 2387 182 3115
74 2406 145 3276
75 2431 141 3559
76 2476 200 3676
77 2497 154 3421
78 2566 130 2306
79 2592 69 3006
80 2617 144 3481
81 2620 161 3908
82 2621 53 2939
83 2648 154 3264
84 2681 20 2681
85 2696 3 2714
86 2698 195 3088
87 2762 117 2762
88 2824 41 2742
89 2826 31 2826
90 2841 124 2841
91 2924 10 2984
92 2934 172 4310
93 3021 178 3021
94 3044 194 2656
95 3063 59 3535
96 3067 79 3225
97 3098 61 3342
98 3113 161 2791
99 3137 126 2885
100 3174 18 3174
101 3186 33 3252
102 3224 34 3496
103 3246 155 4486
104 3317 22 3405
105 3340 149 3340
106 3370 6 3358
107 3373 31 3311
108 3389 75 3239
109 3451 82 4107
110 3489 170 3149
111 3528 92 4080
112 3565 71 3707
113 3565 98 3957
114 3573 50 3673
115 3591 70 4011
116 3629 119 3867
117 3658 117 4594
118 3660 117 3660
119 3661 66 3529
120 3676 175 4726
121 3697 52 3905
122 3712 65 3842
123 3719 181 5167
124 3720 130 4500
125 3726 150 4026
18 31 175 23 3 172 83 9 62 168 178 153 124 125 169 194 149 44 49 92 144 69 119 58 35 175 111 103 102 131 46 57 140 18 27 115 90 167 98 121 161 165 170 14 35 140 175 67 145 8 111 178 33 37 90 75 8 102 114 196 188 68 134 166 40 2 67 5 172 136 41 119 150 126 37 50 9 95 131 188 9 200 162 185 159 137 30 11 171 28 52 51 103 137 23 94 9 32 9 177 117 56 74 197 167 83 200 75 182 59 184 3 80 64 135 65 65 167 155 84 122 117 110 61 55 
65 129 183 50 146 144 73 183 97 108 154 157 200 156 176 189 71 43 26 36 170 147 37 165 140 4 76 149 86 21 36 183 29 196 97 135 74 107 109 146 38 71 187 59 65 132 184 38 135 54 83 196 8 196 105 164 43 27 107 103 26 69 118 152 158 23 33 14 135 7 85 131 49 51 123 131 10 60 64 194 129 135 74 88 82 162 55 80 113 123 112 158 57 78 15 166 178 73 19 140 183 171 45 110 123 53 33 42 162 146 82 149 23 39 64 195 7 199 171 86 108 119 92 198 91 
167 87 92 90 38 166 174 41 140 166 125 140 168 196 63 17 125 50 94 86 89 193 101 134 71 161 126 142 38 102 32 37 53 50 124 17 68 44 114 188 141 18 174 16 180 164 17 167 31 96 60 116 143 56 8 128 115 109 104 14 79 167 172 194 102 6 172 26 69 26 89 80 60 190 164 22 200 19 5 40 68 69 74 122 49 68 177 141 14 105 117 114 185 24 49 114 188 28 91 54 43 109 4 142 118 191 95 160 87 92 4 12 149 35 32 117 50 188 166 160 34 9 50 83 169 
6 137 145 124 165 102 138 77 36 167 171 25 23 6 8 122 9 115 134 11 20 178 66 87 133 8 63 7 73 109 40 186 165 106 146 57 159 52 26 77 165 146 86 195 170 150 7 101 191 75 187 106 112 24 165 37 18 82 138 153 187 200 60 96 59 112 39 131 67 96 184 3 101 22 37 92 66 149 12 167 197 141 170 91 72 103 105 123 64 131 28 141 115 118 123 99 111 86 155 94 121 66 16 99 116 15 15 14 36 194 75 83 193 118 120 91 189 195 135 164 118 111 74 94 199 
125 16 134 131 143 174 169 9 116 106 183 109 146 130 84 48 195 166 91 59 81 101 120 33 172 146 87 144 87 183 128 131 24 60 118 38 63 100 143 99 54 167 168 116 107 87 196 155 192 46 81 12 14 118 145 101 173 98 38 44 69 78 78 9 95 186 33 173 139 61 183 48 94 13 200 184 141 119 171 167 33 177 81 85 115 191 152 87 95 154 32 38 166 133 19 43 189 69 58 12 167 187 6 155 75 110 194 62 132 127 40 65 173 18 9 148 40 177 150 142 68 151 85 139 54 
51 62 119 177 121 192 106 137 9 138 39 2 109 132 103 20 185 58 92 21 197 186 181 125 41 161 130 60 58 132 111 46 45 41 57 62 93 118 131 76 179 148 158 51 193 8 134 105 65 36 80 28 56 50 13 3 185 144 181 101 122 75 87 127 183 156 51 55 1 195 6 99 3 191 116 92 48 37 55 72 183 150 59 122 17 200 147 141 19 7 62 37 116 57 33 92 137 179 10 145 140 119 5 53 146 101 171 132 63 82 11 63 182 164 139 11 131 179 109 69 11 83 52 21 170 
170 167 141 99 106 145 136 113 197 29 196 127 124 47 49 46 98 159 31 16 36 48 51 153 87 22 12 130 79 110 200 73 161 46 74 156 147 180 142 131 41 112 132 82 167 36 107 180 192 120 191 14 85 101 8 13 89 105 149 36 146 51 119 179 54 58 121 84 99 196 196 47 155 104 108 79 104 96 112 75 149 49 138 124 180 162 106 136 66 145 26 53 50 133 179 77 163 54 74 200 136 19 162 168 135 196 30 107 159 67 95 100 98 170 79 173 45 89 179 132 160 22 126 188 53 
151 119 21 91 186 114 7 42 154 179 129 120 24 144 171 130 177 59 127 133 112 20 112 121 46 124 134 65 92 127 67 81 127 92 35 167 107 83 13 104 142 140 76 73 3 127 155 9 92 65 52 74 177 39 125 13 18 39 139 48 108 67 62 116 4 162 5 92 23 165 101 115 35 129 21 63 172 45 164 183 41 44 106 115 51 94 155 56 100 147 40 78 146 89 59 153 190 122 23 39 142 34 177 169 193 74 89 3 125 85 197 93 83 140 127 61 51 198 61 147 118 83 130 26 189 
36 6 80 43 34 185 6 168 90 59 107 200 94 36 109 128 194 24 168 27 54 179 13 149 77 54 57 141 113 147 79 152 120 124 90 56 74 117 29 145 113 43 77 177 83 22 52 8 16 103 5 140 66 147 115 88 101 90 148 133 35 100 2 168 78 19 97 194 175 73 122 161 113 86 46 69 168 60 44 22 102 2 166 59 161 33 20 60 181 17 143 48 196 119 65 3 57 32 129 120 84 6 125 109 168 43 18 73 109 192 59 50 101 107 182 155 195 52 62 64 162 8 166 32 151 
18 104 35 131 124 3 193 186 159 81 85 97 183 196 88 174 73 119 30 198 18 46 172 173 191 133 87 78 5 152 91 32 174 76 154 178 22 172 94 188 34 150 123 141 20 93 156 184 129 126 8 132 40 10 133 143 12 150 91 125 190 54 89 38 158 8 41 115 38 176 191 18 139 8 15 140 187 157 60 179 76 83 102 196 186 189 118 134 48 7 90 122 129 149 157 176 20 65 187 200 170 124 93 173 51 191 125 186 42 181 86 123 8 147 67 175 138 68 6 122 127 45 111 18 183 
126 172 63 7 105 93 21 17 199 86 25 70 134 21 186 145 161 189 60 62 103 1 148 135 74 117 77 19 143 174 105 51 117 74 15 70 63 79 83 52 126 23 133 117 166 169 30 15 162 200 172 160 152 136 43 69 143 64 95 154 194 179 154 24 155 111 114 80 200 129 48 79 133 89 139 106 157 9 52 24 196 43 13 27 47 174 156 111 157 150 23 151 174 123 192 70 23 28 147 102 57 137 119 141 9 65 178 55 179 194 30 182 18 106 58 182 44 128 183 33 196 1 183 109 167 
54 191 30 127 187 6 192 70 160 64 65 124 132 58 30 44 121 87 101 184 79 195 24 100 92 19 3 118 39 34 88 104 2 171 40 118 169 46 2 21 36 149 115 139 23 162 32 78 107 145 95 137 74 163 103 43 198 133 111 176 39 50 23 14 142 111 72 34 152 37 129 190 140 34 166 23 104 154 90 112 117 43 2 166 125 16 161 116 70 2 130 76 61 35 155 194 63 105 132 97 144 22 4 92 99 97 151 175 22 50 161 44 60 118 116 45 192 72 111 20 153 99 100 110 159 
161 89 82 64 199 137 167 97 143 125 151 196 69 52 182 30 101 139 149 95 17 33 87 114 22 174 138 21 11 34 17 164 24 181 10 179 194 74 163 117 119 57 19 110 58 77 186 30 190 46 121 85 131 97 153 85 92 153 3 77 174 173 92 143 182 55 76 20 185 87 25 73 71 45 159 97 13 143 19 60 128 13 60 9 33 3 81 135 48 54 151 185 117 171 72 129 6 95 139 58 73 74 185 86 86 85 188 37 15 181 195 7 124 74 51 161 100 107 120 110 112 125 32 2 140 
78 126 169 84 176 107 99 167 57 119 125 161 78 91 80 140 101 119 158 127 171 198 49 54 50 61 147 198 17 74 62 130 151 172 1 82 138 19 139 75 91 135 8 8 158 194 142 76 112 91 191 149 192 137 122 46 73 74 188 125 94 76 38 137 141 161 117 63 98 176 179 37 198 126 165 177 183 159 1 1 73 77 184 5 159 192 13 145 33 111 191 24 181 99 172 112 119 152 162 175 18 96 182 44 101 140 92 59 194 166 99 37 166 102 17 106 166 138 106 145 58 52 142 148 149 
187 33 197 175 133 19 182 127 177 153 83 91 133 65 185 63 166 152 195 101 75 127 80 19 71 8 199 94 71 27 143 93 24 138 170 195 140 98 108 44 41 185 49 138 86 197 97 165 128 146 77 76 138 64 7 44 76 172 131 7 90 56 58 17 35 86 5 174 2 67 186 183 92 119 21 28 127 83 92 84 33 196 94 66 169 24 91 166 46 95 94 140 103 72 68 62 19 185 93 70 87 88 105 135 33 171 34 11 111 189 128 84 137 134 145 112 92 53 87 97 113 161 193 127 1 
132 32 100 12 74 180 77 77 83 199 61 92 78 43 76 148 34 84 150 4 187 98 146 113 120 155 96 177 4 153 135 128 115 200 113 57 6 186 156 36 13 137 37 137 66 61 43 175 109 108 20 67 100 177 33 100 24 189 192 151 51 152 29 92 19 26 80 95 139 12 103 74 186 137 60 111 141 170 118 59 162 140 18 96 54 51 86 111 123 138 156 156 200 1 13 57 189 102 58 43 45 49 128 41 191 97 113 146 124 193 4 194 134 13 131 122 181 113 72 44 110 114 36 81 152 
54 173 76 14 107 136 131 44 149 103 109 114 159 129 14 131 163 93 158 127 15 50 97 154 195 138 80 180 118 183 72 126 19 54 186 140 14 56 70 144 176 141 171 33 70 135 69 179 147 40 17 39 18 185 159 152 147 12 32 25 125 32 127 145 170 35 83 134 142 129 125 122 186 55 184 25 178 66 136 22 138 118 74 87 86 149 119 151 196 119 137 120 3 171 79 110 111 149 149 86 161 104 187 127 199 91 104 31 155 166 141 15 4 194 36 166 136 23 77 182 79 18 88 16 183 
161 182 170 75 182 151 181 171 99 130 28 190 10 200 84 190 126 194 97 187 121 71 169 68 192 147 166 174 149 177 10 106 136 173 129 30 163 111 98 24 133 86 52 92 195 48 112 97 60 167 114 37 156 74 61 63 15 33 151 53 73 167 32 23 70 64 151 30 98 101 183 104 152 178 185 67 118 5 30 94 160 146 48 66 185 200 64 26 54 125 37 185 60 89 34 20 117 46 138 70 37 43 56 145 126 71 110 94 179 96 70 28 32 4 74 187 184 147 129 148 92 60 21 135 175 
74 178 41 16 34 176 129 167 119 100 191 14 94 75 5 120 120 112 127 21 25 5 40 121 148 110 164 179 171 186 62 56 105 19 171 139 135 46 169 28 47 90 130 183 191 183 109 63 22 158 136 128 183 180 189 47 122 67 131 16 177 3 14 109 18 156 13 89 39 179 177 20 20 86 151 140 13 60 31 147 40 187 17 139 6 101 120 94 88 76 118 104 91 25 173 188 200 91 107 99 179 17 160 91 189 193 151 143 17 105 166 55 13 74 95 54 37 125 95 65 12 77 179 8 166 
16 117 55 191 185 122 87 199 117 27 120 153 117 123 95 115 57 83 15 103 192 131 56 18 33 2 22 72 185 54 121 135 117 82 39 50 186 28 129 179 146 151 158 143 37 159 38 198 171 191 115 123 172 147 81 11 31 163 87 52 70 155 88 153 192 62 162 101 147 22 76 115 150 164 10 46 47 178 170 15 5 194 180 43 179 138 41 114 84 19 99 45 174 164 116 37 24 192 101 158 188 65 189 87 176 69 17 130 20 176 169 113 136 198 93 178 152 124 148 80 38 174 130 68 27 
191 95 197 85 92 124 31 153 148 194 43 90 23 172 70 56 165 114 66 145 146 191 78 170 81 84 8 188 187 65 28 9 82 171 72 94 32 97 11 115 74 134 4 14 94 52 136 37 143 12 44 182 160 111 98 108 147 132 188 193 96 191 30 39 194 85 58 74 52 90 97 95 157 85 45 114 77 147 11 9 45 154 193 83 139 1 165 192 78 133 71 71 54 80 200 72 100 11 67 134 158 14 194 168 141 47 140 105 28 62 78 39 154 191 133 85 12 2 170 55 93 114 162 172 165 
72 133 71 163 141 178 28 177 101 52 158 93 126 2 143 56 85 164 16 146 55 144 118 157 57 129 123 108 120 29 175 2 41 146 170 188 37 159 69 30 174 197 200 21 98 86 7 108 92 36 176 169 82 68 145 4 156 121 42 108 186 190 43 123 192 164 86 44 36 83 199 12 127 180 177 72 74 121 85 86 64 61 64 45 196 66 45 70 19 18 157 102 122 141 173 133 11 193 42 154 199 112 85 146 189 165 25 92 66 95 131 106 109 18 120 30 4 138 178 49 79 159 179 69 49 
48 96 19 109 15 181 183 32 169 59 101 73 41 89 171 11 189 6 161 132 169 10 64 178 84 149 191 111 39 60 114 37 116 160 170 28 48 125 115 17 55 198 101 104 173 188 126 62 69 99 84 197 123 10 158 90 147 11 155 145 2 76 133 86 107 8 46 116 3 74 14 83 167 20 164 183 57 50 40 44 188 38 143 180 135 96 118 134 58 104 121 188 119 197 174 19 116 128 138 157 68 164 81 178 109 10 160 163 38 7 79 191 10 68 145 113 12 192 119 168 121 27 148 124 88 
95 72 136 52 129 91 152 62 168 101 123 174 194 41 65 42 87 125 170 38 147 60 170 110 5 115 4 9 6 42 148 114 118 111 196 149 74 135 53 47 102 150 119 15 52 127 178 180 78 76 115 188 103 165 176 58 97 41 83 156 107 49 126 148 171 1 96 181 161 38 79 68 116 144 174 195 105 19 86 42 171 192 108 66 38 49 98 82 121 199 163 95 121 152 124 3 93 79 178 125 135 47 197 94 9 61 95 53 104 144 44 12 163 137 188 88 73 51 168 21 23 17 147 191 178 
191 18 102 34 36 172 38 168 194 109 195 187 34 117 84 36 62 79 39 62 174 4 186 134 87 126 65 127 159 194 118 31 43 144 47 157 172 94 148 61 7 99 165 123 137 93 182 20 12 153 76 162 36 184 107 64 59 120 68 9 187 151 26 112 131 158 141 153 90 90 118 76 58 156 47 95 107 29 56 109 100 83 104 136 186 39 41 179 24 81 36 97 87 83 157 91 85 172 196 102 188 142 153 192 170 149 129 101 76 189 12 152 10 135 35 171 108 200 25 108 199 41 30 151 121 
31 31 77 66 183 189 167 82 21 193 11 159 61 19 39 53 33 53 183 145 3 38 140 191 64 35 191 56 144 174 115 88 139 177 62 79 113 128 194 179 44 5 24 94 148 96 99 24 64 184 183 56 190 26 63 149 114 56 144 163 89 24 31 121 200 85 25 78 81 181 105 34 192 14 83 50 75 192 97 31 196 127 11 108 95 108 50 107 29 142 185 112 117 167 142 91 84 175 90 13 92 195 41 57 94 83 116 1 99 32 87 157 113 99 140 104 179 102 105 144 173 109 181 166 35 
62 16 14 8 143 6 60 58 72 144 193 26 197 144 57 135 110 110 70 72 178 17 195 110 128 123 193 116 14 74 177 113 118 105 122 129 33 129 176 194 36 91 1 114 2 34 13 132 61 1 115 127 85 95 83 125 116 41 87 97 16 35 143 9 97 152 43 188 26 115 124 149 157 93 78 192 94 36 109 92 117 124 140 130 163 33 60 166 71 107 189 24 157 51 119 10 6 119 106 22 10 125 56 81 21 15 6 72 54 84 46 73 109 153 66 154 58 133 128 95 135 153 163 69 134 
16 103 90 109 51 108 1 10 39 84 86 44 153 6 150 32 86 168 52 67 146 181 43 41 21 153 80 165 52 38 110 111 161 128 17 72 68 150 55 60 39 140 156 139 50 115 46 27 145 38 127 46 126 103 81 132 197 11 197 159 129 32 178 148 130 129 179 46 156 131 122 95 46 98 34 125 165 151 14 128 151 176 35 175 105 66 175 174 47 159 15 194 8 73 185 115 20 28 39 54 13 133 65 38 64 103 174 50 64 60 112 102 113 150 155 85 164 68 163 110 191 104 104 166 129 
12 182 78 64 182 184 37 76 91 142 141 17 1 149 50 22 61 145 149 118 43 139 31 187 74 122 179 71 69 20 124 119 19 182 77 122 141 104 25 87 64 82 124 19 44 116 199 64 112 192 143 174 90 140 67 119 41 198 13 88 36 118 100 128 121 99 195 166 121 71 122 56 100 10 5 93 133 152 18 130 134 99 154 103 63 182 61 72 28 52 83 155 165 154 148 137 89 139 11 60 50 159 157 185 174 159 161 109 36 113 162 113 138 25 47 111 108 100 197 194 6 76 174 67 98 
28 169 157 91 48 149 1 195 99 9 59 10 26 51 90 167 196 164 47 188 29 90 97 130 161 11 143 71 181 173 167 63 168 156 126 177 87 156 127 33 52 68 194 37 183 114 117 125 55 73 182 128 167 151 179 61 83 109 1 68 134 23 161 4 124 11 103 186 82 43 149 27 49 21 162 10 44 108 189 136 72 153 112 88 71 13 181 53 10 79 188 23 39 179 183 46 94 123 93 46 91 63 90 58 155 145 191 166 46 186 156 130 176 165 162 111 135 154 71 39 179 111 129 104 181 
174 158 15 46 20 157 170 199 68 86 11 27 153 95 31 124 73 54 3 110 41 184 62 179 200 105 4 84 156 129 183 162 133 24 60 17 23 166 94 59 146 120 117 43 154 30 64 52 7 66 146 72 47 114 86 70 164 156 134 60 164 150 43 65 68 37 62 100 119 126 167 190 189 196 178 170 82 78 14 192 84 150 92 118 144 18 1 191 130 37 46 176 40 132 106 162 164 86 60 192 45 103 83 141 14 30 193 128 166 8 148 128 29 35 149 128 188 134 151 44 55 165 162 24 122 
194 36 152 139 125 54 11 30 105 82 88 94 117 49 64 87 174 72 121 30 114 126 92 7 80 81 130 108 155 118 101 183 136 48 50 106 152 27 120 36 128 193 51 111 130 191 198 135 186 69 11 155 174 50 169 59 9 79 115 100 81 64 62 56 53 63 123 195 190 173 133 68 50 110 77 40 13 8 114 41 44 136 40 134 190 5 88 186 183 21 160 53 168 129 49 131 151 141 96 85 42 200 45 156 44 88 133 36 177 184 98 10 106 118 182 67 36 79 42 144 166 136 167 12 145 
22 123 99 171 34 69 20 50 58 172 157 129 14 174 171 3 30 183 129 52 151 105 1 154 9 136 72 152 196 160 129 199 32 56 36 198 67 194 178 59 4 187 188 178 44 19 10 113 3 13 93 127 152 114 172 107 107 35 19 93 24 117 123 159 128 44 93 34 197 81 183 20 188 19 28 170 65 149 71 165 83 5 163 65 174 177 194 158 167 69 108 35 176 49 123 60 184 10 81 28 11 75 38 191 114 196 102 104 166 44 142 153 189 196 121 162 96 116 80 54 125 100 66 24 150 
91 64 199 86 98 140 39 143 4 170 13 156 145 54 150 170 75 33 37 142 102 160 71 33 98 27 183 165 14 88 50 21 198 91 69 22 106 70 170 131 143 19 86 19 55 112 2 112 99 125 6 75 21 155 95 79 97 132 177 103 9 13 51 199 140 198 29 64 159 162 81 16 171 108 187 83 26 171 14 200 179 161 67 193 167 199 111 96 89 134 155 122 93 193 61 90 51 156 116 181 191 200 33 44 92 72 121 183 139 171 41 130 141 75 43 144 19 137 100 88 96 30 52 17 92 
173 53 115 7 11 146 39 190 173 39 28 11 85 87 2 94 142 95 191 90 140 179 190 102 177 69 182 197 180 119 1 40 167 147 71 188 56 35 45 105 106 148 87 77 145 131 26 46 94 149 113 161 128 97 182 121 186 57 68 150 68 32 199 185 103 93 174 33 42 153 190 69 24 185 63 26 59 147 92 12 120 21 79 92 141 156 14 51 107 132 151 156 141 63 20 162 148 82 54 1 108 53 17 169 59 44 50 27 110 168 7 113 92 175 169 183 33 184 156 31 31 184 160 13 88 
86 195 32 196 182 182 189 166 116 32 22 179 156 145 185 71 105 120 111 82 184 141 20 109 52 139 46 64 193 127 161 135 13 31 73 117 167 98 4 182 46 104 91 103 106 36 171 70 165 122 154 153 131 56 90 167 197 77 180 78 151 65 105 64 94 199 14 130 77 61 16 128 180 88 12 84 99 85 73 84 118 53 14 1 187 64 152 13 12 113 71 77 98 186 101 81 141 44 76 75 104 16 155 127 147 80 89 180 59 88 187 83 38 10 198 74 157 10 133 189 174 94 197 119 9 
109 180 90 108 192 48 24 129 64 89 175 100 70 13 104 179 82 178 196 132 10 153 21 19 24 97 57 141 113 152 160 122 67 153 169 41 172 137 161 161 142 24 157 6 106 54 19 87 107 43 125 117 159 200 149 138 53 166 28 116 87 44 55 101 190 59 117 108 183 197 163 174 70 38 61 68 30 44 120 94 69 74 86 195 101 182 54 167 7 158 112 194 171 84 162 122 29 188 151 41 112 110 35 151 184 47 173 55 187 77 44 132 177 128 63 5 137 168 49 83 32 171 73 180 37 
64 46 198 118 128 55 23 157 10 101 181 192 41 181 35 129 50 135 130 124 28 15 167 132 189 43 133 127 161 147 127 47 6 193 200 20 188 8 159 195 147 95 9 175 113 191 177 9 183 175 3 116 18 9 146 181 98 57 38 167 87 158 133 23 162 171 51 24 180 128 196 186 181 12 182 153 188 168 2 53 177 77 101 134 159 127 4 25 75 159 8 175 50 180 103 135 111 100 138 54 189 157 70 183 37 123 198 187 161 115 36 159 21 116 139 133 19 96 121 55 106 113 28 186 133 
65 165 101 190 165 21 56 23 165 71 6 111 171 172 115 175 112 79 21 125 12 25 93 79 94 199 23 181 41 180 184 196 94 163 22 191 56 87 187 92 64 113 109 6 75 5 182 18 39 102 197 137 42 179 4 40 103 156 74 48 87 123 180 70 134 170 156 62 185 136 193 43 94 195 189 199 186 153 87 135 20 188 14 27 183 53 136 78 141 151 113 125 36 31 181 113 37 4 198 182 16 163 134 165 71 98 48 177 5 125 2 79 188 45 46 186 41 141 92 180 131 195 107 33 75 
33 149 133 44 95 131 133 115 175 106 66 160 122 159 102 96 42 107 65 110 130 37 169 117 117 142 86 17 79 5 129 114 57 74 126 69 8 46 67 32 26 128 58 40 185 186 197 163 98 179 193 49 142 7 81 24 33 126 162 174 121 61 180 18 92 184 105 89 53 149 82 118 81 70 138 172 176 155 157 59 77 158 86 84 165 3 166 103 50 173 4 13 38 79 167 189 181 125 58 86 11 143 95 113 39 28 109 154 103 167 66 139 127 55 119 121 110 19 129 81 168 57 146 117 193 
148 141 23 34 63 80 80 27 167 93 34 132 87 103 54 85 24 144 110 137 85 163 135 180 34 93 62 17 123 63 191 12 132 141 74 11 146 116 52 137 59 26 101 169 163 57 33 189 113 151 143 123 148 92 125 69 69 51 66 85 169 195 97 39 93 142 95 171 157 81 174 42 71 91 163 87 81 180 31 97 22 67 77 192 61 118 170 46 192 138 123 192 149 29 97 27 107 75 88 46 183 190 78 200 32 122 35 136 99 151 196 157 82 200 193 8 137 151 113 23 108 200 85 107 109 
73 18 148 167 2 30 117 76 150 188 95 190 11 29 198 61 75 157 93 1 45 18 134 62 115 186 140 82 150 96 125 107 42 135 105 58 119 27 147 92 16 29 96 38 145 126 184 195 166 103 34 85 152 53 143 21 121 198 93 68 117 142 128 149 89 86 15 187 61 45 111 105 133 189 129 200 146 60 9 185 22 22 42 36 34 31 76 6 9 167 87 141 122 45 177 154 71 41 27 22 77 198 9 141 3 141 105 198 135 149 167 23 103 149 46 169 35 59 199 81 16 187 163 48 174 
32 20 123 20 5 90 157 41 42 58 162 9 175 109 65 32 2 84 178 59 75 18 84 193 100 183 192 40 162 111 45 109 1 100 13 46 166 131 130 57 107 75 144 128 114 95 165 61 200 177 58 19 36 14 76 102 31 175 21 129 20 83 158 185 95 38 162 199 11 84 96 5 63 21 17 66 37 196 26 40 16 73 122 125 181 110 39 174 13 55 53 17 34 186 76 59 14 108 92 149 197 59 94 155 158 193 148 13 142 150 148 54 34 84 166 144 190 151 19 191 74 159 158 171 147 
167 103 162 127 90 156 87 5 87 13 53 153 24 29 151 29 45 143 89 185 126 48 51 104 59 140 173 173 40 171 19 63 9 173 152 173 156 199 140 80 196 155 145 94 192 3 85 103 77 55 78 131 138 195 186 13 54 21 95 146 60 30 163 62 171 64 39 168 67 197 189 50 72 81 50 85 176 4 155 81 11 44 120 132 77 199 33 40 170 169 31 63 35 34 50 92 137 71 102 169 29 55 59 172 125 98 25 64 63 41 133 86 53 188 191 132 121 99 27 55 88 63 69 136 93 
172 101 139 138 88 92 18 145 173 79 187 82 130 61 45 49 36 92 154 187 133 88 147 68 121 39 114 1 164 12 33 147 121 119 132 67 138 11 115 142 55 180 180 19 122 199 33 162 89 181 4 10 77 164 43 133 189 12 158 89 112 17 111 161 3 138 16 57 188 10 48 2 7 37 6 117 87 117 150 23 88 133 31 170 27 24 95 12 43 22 65 188 179 184 50 182 84 149 173 26 180 182 17 53 86 62 83 42 197 107 30 172 11 137 200 137 75 151 145 156 141 22 172 116 73 
8 110 105 156 53 199 114 69 81 116 127 18 188 158 47 49 90 177 2 5 34 191 171 106 109 114 124 87 106 59 44 138 31 84 110 61 160 123 17 196 149 85 14 128 35 193 78 139 107 151 34 193 126 189 167 54 182 137 22 112 198 124 108 160 11 64 183 131 18 47 122 148 15 56 66 142 83 166 17 23 119 56 125 157 1 186 29 99 6 43 56 67 4 32 58 94 151 39 20 65 28 3 192 51 191 141 167 65 180 197 34 169 80 6 131 21 145 103 54 99 68 36 86 152 178 
14 18 88 82 14 200 159 141 163 10 29 53 80 181 65 164 60 142 9 126 171 55 9 23 101 160 40 155 10 89 91 88 39 132 35 35 55 3 11 29 150 39 147 83 60 126 128 23 183 88 12 79 45 132 70 116 170 93 27 85 181 133 27 80 181 28 181 133 128 138 99 66 106 67 77 173 139 50 12 91 45 64 37 30 5 17 15 38 5 61 66 170 130 86 45 182 105 57 97 144 169 77 80 60 2 103 128 132 33 161 143 185 50 21 175 34 151 101 9 199 3 76 146 127 174 
165 85 191 32 59 171 99 161 98 193 62 34 179 172 56 12 53 161 104 168 17 97 190 153 95 152 91 75 121 92 33 38 190 128 63 41 78 47 14 21 115 125 193 22 129 52 32 40 98 12 65 95 155 57 51 128 125 129 191 134 87 101 28 75 55 147 194 114 147 184 56 175 127 200 181 33 106 14 40 76 99 137 196 102 57 21 107 38 47 175 58 107 28 142 131 11 60 176 57 84 181 77 44 168 33 48 168 9 160 66 106 146 156 11 2 91 106 61 162 99 77 46 173 77 147 
180 189 180 18 29 172 5 82 181 64 47 103 178 189 104 85 122 101 172 126 48 151 74 134 87 115 54 162 3 82 95 7 67 116 197 135 156 100 20 25 136 28 14 2 52 86 27 82 93 84 170 63 133 105 34 115 126 169 46 83 133 114 30 110 95 187 36 31 64 13 60 160 23 36 178 103 131 121 177 84 120 63 123 69 76 128 142 139 79 5 192 19 39 141 57 189 176 104 173 161 174 98 119 16 147 111 96 19 78 179 140 7 71 88 27 120 120 49 24 146 120 15 137 79 37 
28 25 89 36 94 146 101 93 39 41 90 180 12 184 133 169 128 38 77 135 74 40 159 132 80 90 31 90 192 182 27 163 84 118 56 134 66 23 15 120 78 68 14 176 99 164 71 185 199 117 197 157 132 48 187 174 11 28 37 33 86 89 42 180 57 94 51 57 162 76 98 113 51 159 30 125 181 190 40 2 147 175 78 135 58 13 199 190 171 169 104 122 14 125 127 143 162 108 176 74 25 54 110 195 94 200 182 187 184 53 82 49 27 11 64 184 182 169 54 98 21 114 15 3 19 
17 181 137 116 18 19 148 152 148 74 13 88 88 153 46 4 134 49 137 56 186 56 11 148 170 44 129 92 56 75 97 70 4 1 164 145 112 60 45 150 133 176 186 4 29 145 133 199 136 3 13 158 137 149 18 4 139 106 55 170 154 197 130 186 79 142 15 27 144 11 128 196 157 12 17 188 98 94 168 77 156 121 124 8 57 123 153 149 163 60 60 126 45 55 50 188 10 69 95 130 40 163 160 128 178 128 101 44 73 141 152 154 60 152 73 4 88 58 170 119 161 159 8 151 104 
38 164 111 157 179 77 59 138 29 121 127 110 165 104 165 192 147 119 9 76 39 91 134 40 12 99 19 186 129 102 95 62 83 125 103 37 2 141 157 140 23 70 19 59 84 113 36 25 120 32 101 131 135 84 52 20 198 11 75 190 167 52 56 34 101 177 1 117 102 143 13 16 90 131 129 180 74 83 96 21 91 180 158 174 158 123 195 18 73 173 142 47 191 190 99 15 182 160 178 1 102 17 65 174 124 97 28 120 102 192 67 104 37 126 24 3 57 172 178 121 127 29 141 183 172 
58 105 75 12 168 92 1 191 11 48 110 46 32 151 126 157 150 7 93 182 25 137 37 9 198 125 91 149 37 25 71 63 136 101 153 54 170 73 134 182 130 78 70 34 80 186 196 129 149 116 153 124 177 138 182 132 101 170 64 69 177 117 75 86 63 41 50 137 121 27 62 52 31 142 166 146 196 10 36 179 5 139 50 93 160 73 120 91 31 91 2 125 10 68 49 112 67 54 52 19 83 118 11 48 140 52 147 46 80 194 13 21 16 145 110 42 10 88 152 137 98 73 191 133 91 
174 105 139 196 18 28 162 134 137 169 108 11 167 61 111 51 153 105 155 133 8 90 49 123 179 83 121 76 131 39 149 38 178 38 10 118 129 52 119 100 147 133 118 6 45 137 100 156 46 181 48 128 78 162 177 41 71 133 69 147 64 74 83 10 122 58 80 28 102 15 41 52 25 7 187 112 127 60 150 83 175 177 28 56 13 194 88 161 200 129 77 71 192 149 131 113 167 114 30 87 153 176 188 164 4 119 94 109 86 59 144 130 198 136 181 112 180 41 37 166 32 158 105 140 58 
77 107 58 99 115 125 135 4 152 42 104 18 128 140 105 28 173 32 173 162 129 180 23 46 88 185 12 175 171 31 29 119 14 88 76 94 82 93 67 80 32 18 96 139 107 138 182 88 84 86 16 6 125 59 104 41 79 16 126 188 190 13 42 100 47 75 162 92 104 67 8 196 152 154 161 76 86 90 12 13 79 172 184 108 117 55 41 50 76 78 76 26 48 87 65 186 160 167 190 57 30 154 46 95 142 22 129 198 198 46 74 18 42 171 163 68 76 70 169 54 124 196 70 125 53 
167 34 101 199 30 150 58 12 136 21 27 62 113 61 175 94 127 2 198 109 194 175 28 171 56 119 173 33 54 72 163 142 34 193 135 57 134 199 30 197 115 40 129 176 170 35 118 55 192 23 191 64 109 176 181 45 65 72 10 131 93 191 38 31 182 13 109 196 142 54 126 120 181 189 149 111 57 66 176 61 1 28 39 152 93 94 18 30 135 82 163 41 129 196 46 15 81 192 2 113 144 110 142 141 183 13 123 192 13 143 96 158 123 42 3 171 8 124 150 190 88 184 137 159 30 
175 20 199 123 175 151 181 118 131 3 31 189 135 146 151 158 186 192 170 112 160 49 168 66 161 55 73 178 184 148 71 132 161 27 175 170 105 79 67 170 4 33 141 45 145 44 102 39 18 153 113 141 55 146 177 29 180 85 120 124 187 153 58 139 182 56 199 135 176 44 170 117 105 40 10 9 7 173 110 187 52 182 177 45 13 150 189 200 43 101 129 155 178 107 144 90 187 196 44 196 24 110 72 120 152 85 127 126 96 130 182 16 22 183 154 164 180 122 169 82 174 187 193 70 134 
129 23 146 19 100 72 40 35 139 150 174 151 17 96 24 110 42 107 178 122 8 70 175 136 48 55 105 186 101 111 154 126 173 30 78 38 44 60 156 182 72 51 116 53 36 121 93 19 14 8 141 65 43 3 123 19 24 173 198 48 153 97 37 3 22 101 139 38 165 192 181 167 90 186 69 157 38 173 17 61 103 46 120 23 168 131 169 9 195 181 50 22 78 61 86 130 168 93 48 151 66 147 41 146 68 127 69 30 154 86 11 118 200 142 151 195 166 52 112 70 191 152 158 161 104 
100 26 83 162 124 165 37 31 91 84 37 113 77 129 169 48 168 84 135 139 86 180 121 85 175 46 103 31 187 49 30 94 101 93 132 111 73 72 193 63 167 53 179 51 100 111 38 123 62 3 188 66 25 137 190 157 76 62 78 150 95 49 175 174 118 39 38 58 49 109 23 108 30 136 22 191 171 70 165 60 150 138 97 44 135 134 62 8 189 101 120 110 89 144 173 72 141 163 154 174 162 138 45 191 76 28 199 70 195 12 87 70 117 8 129 193 82 180 136 102 134 194 59 153 128 
78 79 20 157 117 179 40 119 21 15 101 113 138 198 115 20 119 169 110 29 126 154 193 147 118 183 96 62 195 191 79 182 95 133 194 149 3 60 143 35 117 179 141 119 67 133 128 147 120 148 32 107 11 8 195 55 115 183 154 65 59 156 199 139 19 165 124 19 118 101 124 166 2 149 65 166 5 69 26 37 96 18 143 41 173 148 132 100 5 189 121 13 193 153 41 127 75 175 95 131 170 102 73 70 45 150 196 144 107 153 29 6 129 138 50 77 95 181 39 3 80 55 103 55 136 
21 55 23 115 190 48 9 123 116 150 63 168 62 101 56 57 192 175 13 148 58 64 103 198 177 158 170 49 125 92 155 182 24 77 120 175 93 31 132 98 51 69 12 103 197 23 160 118 117 177 60 168 142 59 8 36 28 132 132 112 122 129 156 94 53 25 197 51 115 67 177 140 160 181 189 135 48 182 108 167 135 190 7 166 19 66 17 119 196 37 181 134 87 101 132 129 7 121 14 139 16 170 80 120 80 112 32 146 97 77 138 117 81 150 82 62 170 11 64 71 10 99 128 55 63 
93 131 39 101 180 107 44 183 128 184 104 53 159 92 5 28 169 153 89 45 151 4 4 129 27 165 39 109 48 110 42 173 26 173 79 38 78 70 4 106 148 35 2 81 39 5 107 53 64 134 72 84 116 102 95 190 199 126 144 184 91 34 120 131 179 85 17 87 44 152 22 19 192 130 33 160 72 194 51 5 37 3 13 59 189 186 85 181 43 177 105 112 119 172 138 125 189 161 167 197 39 13 24 72 47 153 193 10 93 100 40 164 167 8 199 81 8 45 23 143 81 199 1 71 23 
41 104 166 142 196 159 180 180 98 6 147 173 48 38 83 157 80 69 35 3 79 54 140 87 64 148 179 84 94 170 11 166 100 29 159 140 57 187 19 175 157 96 137 48 119 97 58 119 197 137 186 128 85 49 76 45 154 52 6 96 107 189 40 116 52 165 52 103 33 148 117 23 42 7 170 85 88 21 23 91 23 93 65 94 48 50 66 121 166 200 81 74 170 100 125 38 60 181 55 42 150 130 89 13 114 137 31 123 180 153 94 137 53 63 58 127 120 63 1 189 74 151 165 21 137 
187 7 62 70 60 149 40 21 101 23 134 179 198 137 111 34 44 67 146 86 57 57 193 181 116 189 193 145 17 20 124 185 95 90 96 25 30 65 53 20 185 25 191 86 178 140 189 87 155 68 71 1 191 161 61 9 98 145 10 121 170 81 118 177 34 38 90 124 44 85 135 187 145 29 184 24 55 144 194 159 170 73 109 60 75 24 10 142 16 76 32 145 129 168 82 90 133 58 110 127 129 97 135 131 65 33 80 153 156 27 49 3 200 94 176 116 125 189 186 86 122 172 141 99 165 
146 196 31 74 22 82 193 118 173 175 92 112 35 161 178 174 164 82 132 160 54 128 64 89 91 73 18 17 124 12 66 88 181 196 182 26 147 196 200 76 73 190 39 17 69 37 180 195 165 134 103 72 21 108 155 166 154 128 157 52 49 91 21 8 76 135 167 188 92 168 125 192 199 74 176 53 118 24 35 151 185 64 115 8 4 163 186 186 71 115 166 192 141 199 116 137 193 12 124 85 88 103 171 155 25 155 184 58 18 38 143 106 169 88 179 71 114 185 171 129 53 54 156 43 138 
30 81 57 98 169 165 172 200 134 148 58 148 78 81 94 176 119 12 153 131 20 120 7 40 10 164 45 12 18 9 35 193 200 198 18 96 74 114 192 83 21 18 74 4 152 136 93 150 149 31 32 130 176 101 111 28 66 118 186 95 23 118 122 45 44 190 153 80 181 103 13 82 175 174 75 8 170 81 196 100 138 23 49 109 120 134 109 74 104 25 72 6 45 136 86 101 11 19 17 75 170 18 77 112 99 135 127 151 197 5 157 186 123 160 49 103 69 199 4 21 187 121 6 168 66 
127 191 169 76 49 32 153 175 165 51 121 153 39 7 70 13 38 65 100 31 164 163 41 78 199 20 40 167 185 123 112 104 32 185 60 9 21 179 150 36 130 72 46 144 156 11 60 41 83 148 156 146 78 157 51 95 197 156 8 135 104 67 10 150 138 40 124 22 55 13 96 120 159 45 161 17 183 9 133 16 55 64 172 177 197 25 43 43 116 195 71 12 152 189 111 68 89 9 171 71 112 116 45 181 167 130 137 147 113 71 42 53 191 110 106 131 29 88 20 29 105 110 142 116 79 
59 167 49 100 92 76 107 182 89 128 45 113 197 138 78 60 184 152 144 128 90 131 131 89 170 2 142 14 192 72 65 65 25 31 89 50 65 70 116 116 50 41 125 186 162 174 60 106 179 148 10 162 174 4 58 197 199 29 190 52 116 40 8 146 137 21 196 109 70 32 115 82 118 138 114 40 38 13 45 9 16 33 187 97 111 43 171 33 23 87 189 32 113 135 82 112 85 16 91 31 172 91 26 26 73 100 119 200 33 121 72 98 178 135 6 150 192 193 14 27 124 8 31 15 108 
181 109 168 170 137 73 65 46 195 178 172 187 134 192 68 194 171 195 51 77 13 81 58 162 124 100 104 3 175 198 76 176 8 98 23 189 129 155 46 39 1 81 62 169 98 112 26 9 24 200 124 181 69 114 116 38 192 181 144 95 162 54 49 50 134 39 9 71 64 116 135 195 17 102 121 1 119 29 179 133 140 147 99 49 30 38 182 70 30 19 180 184 149 38 69 9 69 94 176 175 135 63 38 170 16 193 82 23 8 152 88 120 114 181 63 35 153 19 49 31 189 163 110 192 186 
91 13 143 194 82 129 185 25 23 45 188 142 144 137 97 154 114 179 30 77 167 92 197 142 34 29 157 119 150 61 45 147 110 99 112 148 140 18 97 146 70 73 107 50 35 1 132 89 112 9 75 160 82 72 197 123 170 196 25 90 89 112 199 58 72 124 32 83 112 60 29 53 178 58 48 19 34 24 9 119 48 141 45 82 164 135 90 46 73 172 160 105 33 64 36 12 175 127 71 111 28 107 118 59 59 108 22 139 29 175 92 102 91 155 2 21 118 36 174 126 51 67 41 15 160 
70 2 151 149 48 3 97 78 146 19 14 118 107 49 112 95 197 113 124 121 180 140 91 57 48 23 184 62 103 163 31 184 25 189 25 39 62 29 140 171 149 190 113 168 135 70 173 30 101 103 17 162 10 10 179 80 174 42 193 131 186 61 195 63 156 55 194 161 167 86 106 146 142 175 78 118 92 104 50 2 35 6 125 54 152 118 71 31 197 9 179 198 193 33 98 175 136 185 173 97 7 152 85 15 149 98 56 106 57 74 169 188 143 19 1 13 112 134 144 140 105 136 101 164 49 
4 80 138 139 145 156 149 169 85 58 77 92 168 22 21 29 63 73 99 127 105 76 196 54 154 188 62 142 122 194 140 165 190 41 120 155 131 19 2 116 9 154 13 88 31 37 82 117 4 101 194 57 87 153 115 87 1 147 70 148 174 159 187 16 22 7 178 141 94 129 163 25 165 53 87 169 71 132 112 26 199 114 66 47 144 18 37 8 21 102 200 28 20 91 103 33 78 179 169 85 135 185 35 44 86 21 42 62 3 3 28 178 150 159 28 42 109 138 170 65 13 172 154 69 139 
2 106 199 191 11 86 124 189 105 186 15 11 165 28 119 120 17 52 89 32 115 69 108 146 141 36 51 53 23 195 135 74 158 22 13 152 51 135 81 2 193 94 72 139 55 115 20 73 101 27 140 105 8 45 60 174 72 101 192 115 138 118 48 90 15 136 142 125 14 18 118 192 178 100 183 86 150 84 2 15 167 50 10 75 68 149 57 69 101 6 118 149 78 77 152 196 94 132 188 146 21 24 143 168 129 62 152 85 13 113 83 30 141 69 20 22 62 119 16 139 134 147 174 24 97 
116 47 100 117 172 126 135 9 192 164 114 108 200 56 167 196 150 94 26 63 114 111 174 136 85 95 88 24 92 102 198 117 187 40 121 146 107 6 155 144 58 148 117 146 76 147 85 45 79 149 189 13 196 64 182 133 112 71 24 54 94 67 152 16 182 114 101 172 54 82 144 105 166 44 169 52 51 1 6 153 57 33 21 186 4 86 148 53 87 100 47 121 66 115 55 182 105 81 38 114 74 170 142 164 27 66 64 138 30 69 187 134 40 100 6 46 192 154 22 141 118 58 56 11 68 
170 82 39 142 106 184 47 30 70 50 64 21 188 113 155 51 94 120 13 102 96 164 105 38 147 105 113 25 39 37 82 22 135 43 137 4 172 1 83 128 166 18 19 99 87 188 48 26 5 49 172 45 9 166 27 147 55 109 179 116 147 159 176 26 134 124 183 22 109 150 47 60 187 107 58 130 183 182 170 130 95 25 152 49 1 15 100 44 56 5 128 172 9 159 116 104 14 162 106 70 77 56 140 142 13 156 60 36 128 137 160 58 25 180 162 89 151 23 48 27 106 138 61 53 19 
196 66 58 157 133 1 22 187 136 157 130 3 182 10 73 194 38 174 175 129 159 185 1 170 102 167 148 158 17 112 115 25 12 101 74 34 44 179 12 19 88 80 86 55 37 134 119 31 81 163 158 6 107 136 45 51 101 75 84 80 12 155 196 13 41 147 112 161 24 12 66 99 194 2 167 115 116 19 172 30 184 72 44 14 178 50 37 42 42 7 108 59 156 108 75 76 153 8 51 43 34 42 118 114 167 108 82 110 161 100 12 185 77 90 129 141 125 39 85 80 111 161 30 66 161 
176 20 169 13 51 107 129 23 124 16 109 167 129 163 132 43 74 12 131 62 100 67 177 23 176 181 152 65 86 69 185 174 41 15 1 112 157 79 154 112 123 165 65 26 37 63 86 175 177 179 96 197 98 31 117 165 115 113 150 197 132 60 178 193 33 28 160 134 59 46 99 151 68 6 117 108 165 94 169 177 67 142 108 131 137 197 97 39 94 199 105 17 192 74 105 128 167 30 174 186 175 94 145 72 136 103 58 11 41 101 182 84 16 79 40 149 4 39 135 25 84 75 133 135 168 
120 143 54 193 58 69 116 189 93 199 9 114 131 27 110 98 103 161 113 123 101 172 1 78 121 165 55 25 96 122 79 21 153 191 165 74 153 62 146 73 40 181 138 183 159 195 80 50 133 114 156 14 104 42 94 8 68 128 123 136 188 61 111 147 181 137 33 37 117 17 137 116 125 140 173 124 167 48 50 176 152 66 48 61 79 69 77 194 144 186 48 108 123 61 173 80 167 114 85 105 121 42 14 84 103 1 23 180 7 92 103 152 112 153 54 13 122 6 101 170 128 168 80 71 155 
74 101 21 6 136 103 149 41 65 150 93 136 107 86 91 96 22 175 176 67 103 146 49 96 91 57 146 101 193 162 75 107 192 76 140 44 131 36 179 30 196 37 31 21 155 195 134 87 138 177 83 106 14 106 34 36 95 101 33 103 73 81 75 114 31 27 97 146 98 104 58 23 141 87 97 90 182 84 161 16 48 138 32 100 16 71 57 14 43 21 91 155 149 162 16 28 58 182 200 93 95 71 51 8 138 31 162 71 128 164 166 153 52 90 162 170 67 192 155 66 156 183 95 32 175 
196 123 172 197 53 194 183 24 143 158 95 16 58 48 131 124 23 81 90 65 152 6 96 58 102 106 1 83 188 182 40 1 197 173 13 161 120 99 123 147 14 133 165 75 156 158 33 105 101 102 59 116 131 134 89 38 196 148 34 100 17 31 135 21 26 21 66 99 45 97 185 27 135 115 117 112 61 151 169 168 45 99 162 95 71 112 167 175 96 111 65 39 30 198 40 63 17 141 168 135 172 148 102 127 39 163 70 117 168 53 86 197 185 91 94 47 17 117 33 20 177 196 32 152 80 
123 98 189 54 82 54 136 84 48 27 156 70 174 24 55 139 36 84 56 64 179 151 32 48 147 158 88 88 91 58 193 40 114 27 193 49 71 105 188 60 143 2 95 187 142 21 62 92 121 146 92 39 140 32 128 194 27 18 157 101 161 77 175 125 200 38 88 72 37 155 33 140 24 138 59 115 132 73 130 112 41 45 169 16 107 187 58 70 199 173 146 181 39 159 188 45 186 31 22 87 26 160 53 61 109 147 103 172 22 105 171 190 200 100 12 1 122 141 99 76 48 199 143 40 2 
125 179 176 127 47 31 64 104 67 72 28 123 146 174 2 116 191 195 29 27 174 138 114 125 111 21 166 167 184 133 143 47 53 92 103 98 93 143 159 9 57 109 23 117 196 187 58 110 151 136 133 67 16 75 9 164 72 126 90 75 111 150 158 182 169 99 188 123 181 95 152 87 113 97 98 104 197 146 88 73 73 29 66 92 146 20 45 173 152 50 148 54 99 194 83 17 52 27 137 124 48 171 111 183 199 79 97 62 33 190 13 82 146 118 170 104 166 116 31 167 100 30 42 10 110 
175 89 167 158 138 75 100 35 128 168 13 108 174 124 147 1 193 33 10 141 192 160 36 44 126 47 41 54 92 75 101 194 25 88 72 131 108 182 98 145 151 142 24 197 43 73 190 118 33 171 77 48 197 91 171 114 90 58 50 137 56 165 165 179 11 174 168 77 183 164 108 58 133 39 128 167 92 169 192 178 129 18 147 200 36 143 112 5 156 38 16 114 200 57 110 98 33 35 47 154 122 107 70 102 20 171 139 35 120 49 180 182 118 95 182 117 49 83 48 93 199 14 57 153 166 
58 82 38 3 107 66 103 14 159 129 158 168 5 135 71 171 169 26 70 15 24 38 36 72 14 21 178 16 191 161 69 15 173 185 69 98 135 131 102 170 166 37 97 37 187 31 41 116 48 197 11 70 117 34 13 198 165 101 149 2 88 153 32 13 191 21 197 71 121 89 195 175 163 37 25 140 75 113 182 87 105 175 10 89 154 200 83 14 34 85 182 50 66 181 74 88 28 54 154 30 39 85 171 68 12 8 135 75 96 19 103 192 172 134 57 9 23 186 25 58 116 177 120 189 77 
103 134 199 19 24 183 183 169 87 155 110 55 22 151 81 199 38 74 178 40 62 122 83 144 156 94 178 68 65 52 3 87 71 75 152 107 55 21 77 116 79 19 71 4 119 11 126 145 73 162 163 178 128 131 49 10 167 194 101 170 22 135 125 6 12 68 61 75 141 40 137 95 197 102 135 25 38 75 7 54 11 126 7 86 125 44 112 121 2 63 140 7 31 75 13 28 117 35 152 190 128 193 38 199 177 19 187 158 110 138 49 62 175 32 104 1 6 93 196 75 183 93 56 103 54 
40 193 38 134 65 61 85 119 88 21 120 162 102 19 102 147 126 167 159 120 189 67 34 23 5 130 75 163 121 72 20 170 69 185 46 138 134 40 84 107 50 45 39 91 148 2 9 115 64 18 177 44 143 47 77 163 166 32 107 64 159 72 49 152 92 20 189 194 24 194 6 123 54 117 44 198 110 106 24 21 106 159 175 88 100 90 135 103 47 137 34 76 68 112 165 135 140 131 7 171 21 36 68 19 178 167 98 61 39 48 7 165 185 92 198 60 165 129 195 95 76 150 66 27 82 
164 174 161 58 2 5 184 130 100 174 186 97 101 111 44 111 126 43 161 48 115 92 170 72 109 72 198 80 142 106 116 145 55 71 103 24 45 91 116 60 165 108 61 104 181 175 117 197 189 5 54 153 114 144 15 56 35 10 2 104 170 180 38 91 11 174 197 26 42 35 141 132 57 11 178 65 65 188 92 53 3 111 196 78 198 85 111 10 130 56 108 15 119 70 194 121 171 25 164 9 123 145 19 89 40 191 169 3 52 101 191 6 141 54 157 164 108 138 170 121 91 127 162 143 125 
198 61 74 101 168 186 64 134 83 67 131 73 13 45 124 178 142 141 135 197 10 69 161 79 121 141 108 104 84 6 16 185 95 67 16 152 177 65 187 143 45 145 140 153 46 71 41 63 106 78 8 139 150 171 162 135 66 152 21 54 187 155 174 78 162 181 30 137 178 156 39 106 144 105 23 165 105 89 90 112 118 187 17 48 176 124 47 69 8 194 67 29 71 110 24 126 48 38 179 27 27 104 45 137 12 184 149 172 20 51 35 185 56 114 31 161 10 5 3 31 138 53 95 96 143 
165 167 23 82 88 25 57 96 186 188 177 29 14 99 142 57 69 148 96 3 31 175 27 74 63 92 90 186 169 11 27 92 15 92 191 193 137 198 174 77 103 86 200 113 166 65 79 108 194 195 53 141 113 27 13 114 111 144 121 69 131 98 121 198 166 191 32 143 180 39 167 57 150 173 124 22 177 62 154 143 142 174 179 91 76 41 35 191 81 21 186 179 117 51 182 96 42 8 36 164 147 90 141 192 92 66 159 183 124 45 90 133 45 8 5 61 51 93 47 42 56 100 22 30 4 
94 79 18 120 162 182 197 66 14 107 79 67 165 136 184 161 141 167 41 64 90 111 123 178 147 193 29 14 123 172 2 74 162 90 24 105 4 68 176 40 51 87 151 135 174 151 143 25 94 173 137 33 100 62 52 88 90 163 78 75 19 76 93 184 56 43 185 40 124 184 83 32 156 72 154 95 191 74 182 175 169 52 70 28 79 113 5 126 138 37 28 64 136 25 183 20 160 114 152 14 200 149 169 70 6 37 99 137 190 137 31 1 75 106 7 100 121 31 129 34 54 155 191 34 173 
170 60 95 42 55 1 173 40 52 105 77 107 122 148 91 143 27 123 160 196 8 180 181 14 52 16 44 119 32 89 120 172 17 147 59 92 42 198 42 132 198 37 88 135 48 60 186 116 21 73 81 155 37 51 6 106 113 90 97 67 192 65 148 73 58 17 129 111 125 4 165 19 6 87 102 50 155 13 64 41 47 90 181 87 67 50 95 126 33 74 62 65 30 176 74 164 60 83 33 65 119 34 13 59 72 16 112 73 36 19 191 45 133 45 168 117 77 88 51 9 143 56 77 82 39 
65 107 182 78 155 20 18 178 66 190 82 172 105 19 97 90 165 187 70 61 179 123 193 185 70 51 159 200 40 79 185 61 68 196 133 39 116 109 108 127 37 99 176 123 119 124 100 83 200 186 151 62 152 184 191 108 173 198 149 86 32 124 51 152 87 172 84 194 92 90 136 153 73 176 155 49 99 135 144 69 131 157 180 176 48 169 142 164 77 37 2 2 12 15 2 9 75 45 187 159 51 108 107 83 46 146 71 173 188 37 3 81 52 94 194 70 129 135 20 28 46 87 103 7 191 
86 70 35 62 21 105 52 147 125 145 48 148 71 152 88 113 142 6 25 187 83 166 148 85 1 136 184 2 197 137 116 36 167 35 2 70 71 43 111 196 75 170 175 131 94 132 68 97 77 20 200 11 101 70 104 173 200 90 31 183 160 200 144 127 162 109 170 47 106 129 89 180 125 48 99 51 155 68 105 116 93 124 113 159 18 95 36 89 18 20 17 47 18 26 110 137 198 114 55 175 87 157 136 101 69 49 25 119 67 199 9 28 176 162 32 45 129 40 88 146 11 62 66 30 24 
124 75 14 4 189 98 10 71 44 107 84 133 135 148 138 106 56 190 73 46 160 146 91 39 109 150 49 63 145 131 85 58 97 122 129 73 119 78 42 15 20 54 134 138 123 7 186 44 47 198 84 168 83 137 74 68 153 2 90 156 63 28 132 73 97 76 127 163 37 63 48 12 96 21 82 109 171 130 21 26 150 152 156 19 52 32 5 81 75 108 58 79 77 190 192 187 3 63 184 198 184 181 163 158 4 132 154 138 19 151 30 22 25 190 67 86 21 184 127 103 197 191 117 83 121 
150 143 114 160 23 199 92 34 74 122 59 182 58 123 162 56 2 158 27 57 19 169 82 158 37 93 94 129 15 191 24 3 19 134 191 24 35 74 4 38 58 56 137 184 34 123 198 163 85 127 129 121 109 155 197 55 191 71 127 168 104 112 92 78 143 194 74 64 56 21 146 68 176 3 186 43 106 106 34 188 125 29 41 181 26 72 180 199 17 165 73 57 21 37 31 87 133 111 129 83 190 63 177 163 73 190 77 72 79 4 33 190 9 182 125 50 68 13 160 101 24 166 55 65 175 
31 135 74 88 164 191 194 83 155 9 136 200 173 2 4 68 35 168 185 90 187 58 82 113 36 142 145 191 97 182 85 85 113 17 196 111 5 117 109 147 186 154 166 66 163 168 148 169 52 26 168 128 56 16 121 56 126 90 131 180 112 31 56 8 69 172 61 52 56 181 62 56 29 91 78 132 80 152 169 39 171 97 136 99 106 178 76 122 144 4 68 173 57 31 185 145 27 136 165 30 41 50 193 24 27 181 186 31 131 161 101 151 194 137 133 158 62 74 64 148 45 107 190 21 73 
82 16 185 53 42 145 54 118 120 88 132 160 160 44 26 162 149 164 131 25 129 98 114 141 19 172 82 88 169 93 181 30 177 184 65 85 59 168 110 42 170 3 54 92 113 91 180 79 18 19 68 184 83 104 174 140 38 85 36 146 99 11 58 101 44 98 187 152 105 28 113 29 179 110 97 13 107 142 115 98 41 7 181 185 33 109 163 106 72 180 134 134 199 186 189 113 19 21 142 14 136 170 136 81 167 2 151 103 173 109 116 178 154 22 103 139 125 123 138 114 59 45 151 171 143 
101 119 68 52 131 176 199 185 36 24 79 194 25 173 197 72 79 37 38 24 69 80 46 4 171 117 68 19 69 52 63 111 116 183 94 16 22 86 31 93 18 132 98 107 103 31 56 76 147 102 149 139 82 67 175 122 115 128 160 102 76 39 49 22 120 77 148 195 50 156 189 91 16 26 61 7 51 89 159 138 29 179 115 113 116 139 172 184 94 73 119 176 157 73 116 155 149 136 108 137 90 31 17 127 49 55 53 22 35 125 111 186 34 123 68 64 107 186 49 172 149 148 167 39 59 
147 140 192 71 150 62 92 186 108 20 191 35 173 73 132 50 25 127 121 153 34 184 105 166 139 67 146 11 104 145 93 158 173 34 66 123 46 113 149 92 147 77 163 111 109 92 81 71 106 144 15 65 51 54 158 69 122 109 53 71 18 61 154 25 7 104 166 16 198 110 40 37 158 153 49 148 81 134 123 128 145 23 188 43 183 22 136 145 76 44 187 187 42 36 76 49 135 12 189 66 136 128 172 159 142 178 53 77 197 113 14 28 188 73 126 116 29 23 6 157 135 172 16 119 188 
84 12 37 51 175 49 4 188 96 110 57 151 15 109 133 115 139 111 154 16 56 60 61 79 51 77 160 146 190 142 72 95 117 139 98 101 130 170 36 10 152 190 149 38 29 7 45 78 72 144 100 181 31 57 37 44 112 158 14 136 80 171 63 187 133 101 191 87 190 83 135 47 142 55 62 161 183 127 76 173 147 161 122 127 199 161 107 153 26 37 137 54 114 36 174 58 87 88 28 34 108 21 159 32 166 28 122 178 97 115 87 35 154 142 62 39 16 13 54 63 14 79 62 69 43 
53 13 19 168 5 147 177 20 99 101 166 178 133 53 103 147 191 115 103 143 94 51 151 47 93 93 166 51 199 165 182 136 109 138 40 109 114 46 88 100 194 108 50 39 144 16 102 123 180 60 47 40 159 108 2 150 73 32 153 3 188 9 46 61 125 51 97 35 98 65 139 44 26 181 6 74 195 23 46 3 35 145 176 112 122 95 168 131 40 174 89 13 70 47 199 73 62 15 134 7 111 125 36 121 54 112 29 77 122 198 57 105 78 98 183 160 125 73 155 111 134 197 6 159 137 
121 153 129 188 73 177 105 62 62 119 16 84 145 170 123 169 91 134 108 105 148 102 98 41 87 171 137 88 183 196 132 185 161 59 193 87 63 89 70 178 76 4 81 80 82 143 54 76 87 99 96 189 197 4 149 80 105 44 63 162 12 117 68 157 166 160 173 137 15 195 134 160 144 166 113 39 56 160 178 37 24 3 25 76 195 92 197 192 198 22 150 189 69 165 103 110 167 96 195 33 180 53 170 69 89 71 98 93 89 195 78 116 114 31 6 17 145 150 76 64 173 195 17 103 9 
94 123 148 45 14 159 62 186 85 34 111 90 91 109 57 81 191 144 64 89 168 187 149 27 77 58 86 20 61 105 131 27 43 200 146 172 49 57 159 6 38 183 74 157 100 53 118 75 53 157 83 70 190 135 101 123 146 49 90 95 45 59 6 174 34 40 67 29 182 187 36 11 127 133 71 120 7 190 80 184 52 5 198 163 90 8 58 155 69 135 18 65 176 138 106 85 196 160 37 19 73 10 153 9 21 109 3 100 147 45 42 193 40 179 194 78 54 98 74 73 191 178 89 22 185 
10 139 171 122 16 156 173 192 140 137 125 129 71 175 30 105 52 179 170 160 200 117 90 41 187 159 113 82 45 71 34 80 125 97 189 49 58 7 32 142 152 120 106 87 92 68 186 159 129 190 124 131 107 177 28 140 174 115 8 76 101 112 48 114 173 41 30 86 57 16 137 167 152 139 7 131 188 103 175 21 187 104 36 132 55 94 132 102 156 59 115 174 189 70 33 83 53 65 182 43 154 20 18 80 81 88 88 56 57 153 148 15 127 64 92 4 128 49 93 193 36 151 192 75 177 
133 126 182 61 70 28 27 154 70 64 137 109 103 159 189 159 156 62 176 50 86 4 131 12 46 171 60 79 177 111 110 93 57 98 189 57 22 10 117 171 65 160 9 43 111 125 7 23 191 136 50 186 187 134 168 109 133 36 76 187 139 98 137 88 98 117 106 138 13 71 26 92 189 150 159 191 195 47 189 133 8 181 150 140 3 20 123 125 137 122 78 145 146 87 29 98 191 9 65 190 131 102 43 98 35 12 47 44 19 139 185 160 64 8 35 186 2 162 173 10 54 143 65 157 191 
161 24 128 53 184 149 128 185 117 184 162 153 178 3 132 195 72 29 148 24 142 63 68 141 118 168 3 103 21 10 27 144 3 110 134 129 61 119 104 180 75 167 13 187 199 22 98 78 152 14 137 27 45 49 59 31 189 25 189 22 181 45 10 99 178 121 62 133 97 130 55 184 116 153 71 16 180 162 141 174 2 67 36 44 7 140 23 154 41 8 178 57 65 116 168 10 59 194 196 5 31 4 19 148 133 59 86 16 63 2 62 60 95 138 98 40 136 125 117 102 171 121 178 164 52 
114 42 139 198 147 172 22 67 118 40 19 102 62 76 66 194 179 44 68 7 178 94 199 8 199 60 95 143 184 97 118 118 98 10 122 180 192 176 172 86 90 106 23 148 114 90 141 185 58 43 105 25 79 154 62 65 22 165 28 174 92 143 99 179 72 129 23 184 191 18 167 131 32 77 174 142 130 182 99 175 200 34 148 116 100 71 92 169 53 60 110 180 4 62 40 75 1 147 191 6 106 35 115 47 135 159 172 64 18 46 17 112 21 49 153 100 129 136 142 135 90 115 38 175 131 
95 178 28 18 48 42 109 68 192 141 74 76 199 112 56 122 162 194 48 96 88 27 198 153 113 177 24 16 156 138 176 137 161 122 33 153 108 131 183 179 176 93 100 28 97 37 95 131 175 143 132 122 180 161 110 115 137 167 111 49 154 121 78 156 142 181 54 72 49 152 90 23 48 95 187 86 159 22 19 171 81 199 36 25 41 159 169 84 39 82 122 187 99 160 60 176 192 129 19 128 149 163 47 185 155 48 7 124 12 166 159 68 66 120 182 95 102 125 72 157 48 112 110 185 200 
113 37 5 75 194 116 178 104 191 110 53 27 128 92 149 65 77 155 182 48 83 158 195 185 103 26 189 122 141 63 90 80 156 95 67 99 172 194 68 105 54 192 7 32 196 44 169 65 194 16 14 13 68 67 175 3 104 196 123 23 144 173 51 200 67 12 150 22 42 16 23 120 28 68 10 66 200 2 26 124 166 162 101 107 182 112 38 152 182 39 166 24 63 92 81 40 167 94 176 9 61 88 57 155 131 12 101 72 102 174 84 182 184 148 53 110 147 105 86 196 20 155 2 54 115 
68 68 92 4 1 96 131 161 109 1 115 55 30 179 4 7 1 131 76 45 77 104 195 127 25 83 38 84 120 109 41 118 69 102 96 14 167 136 12 27 140 19 168 174 58 98 119 106 93 145 93 94 97 151 176 105 57 170 159 193 156 83 148 149 163 50 198 147 33 96 36 102 15 88 47 116 93 77 10 91 94 10 76 149 90 125 76 61 13 61 137 81 115 108 193 90 7 109 82 34 115 140 104 159 133 150 197 116 134 75 63 200 90 150 188 167 177 198 121 59 173 69 55 125 86 
184 6 80 157 85 91 190 17 17 189 111 132 15 196 90 179 1 150 38 40 109 135 97 118 164 140 97 50 121 198 16 178 23 182 22 52 144 88 31 53 179 70 33 31 117 134 1 125 93 188 101 139 164 50 45 158 124 146 193 34 22 59 2 32 5 199 47 125 54 160 29 84 55 83 114 49 8 76 75 60 189 123 145 160 43 183 76 115 195 12 65 64 196 182 87 103 104 33 100 113 49 72 64 5 37 181 78 42 47 14 73 190 52 159 106 176 129 116 47 145 59 131 163 133 48 
42 42 6 173 148 31 101 94 138 130 108 83 51 198 116 126 13 21 27 66 80 56 119 132 131 15 74 161 74 82 85 167 16 15 49 150 138 64 2 95 193 105 116 161 192 35 15 127 39 164 132 148 200 179 62 88 63 10 195 175 7 29 159 90 146 145 149 188 158 126 146 111 136 34 182 136 103 188 132 197 106 53 137 132 29 91 83 189 53 53 26 25 82 22 38 7 64 43 87 72 45 109 163 8 19 16 144 22 68 115 81 129 174 164 49 184 48 149 111 63 94 29 53 58 172 
170 198 101 19 93 28 99 81 100 69 96 86 167 46 46 136 161 174 180 11 91 85 119 12 169 193 167 184 186 38 47 180 127 1 96 125 18 104 47 150 190 28 141 75 13 180 198 69 164 167 191 2 6 34 75 45 21 192 14 109 114 10 61 171 104 75 141 39 8 109 132 120 93 56 149 97 84 108 16 33 104 159 10 100 116 135 160 147 2 34 111 50 4 15 72 197 172 25 163 116 78 25 23 152 173 193 118 85 182 15 180 115 15 86 101 122 73 184 49 189 100 79 22 148 12 
90 163 130 193 38 180 188 86 174 106 116 166 51 92 59 30 69 38 141 12 33 35 28 191 28 170 167 148 121 142 11 3 36 168 190 29 141 34 54 21 16 81 76 30 188 97 80 109 1 165 114 126 101 116 97 164 117 176 116 81 84 190 152 100 38 191 59 190 34 23 84 36 108 100 35 44 180 161 159 143 154 186 102 69 157 96 125 125 68 29 110 92 174 182 1 18 92 160 165 119 34 59 168 22 111 144 63 55 131 185 7 50 66 163 72 13 200 80 102 195 15 16 76 26 157 
6 127 198 60 62 108 8 57 31 104 38 143 23 169 95 102 122 33 169 101 143 58 188 71 91 108 154 163 41 104 119 79 153 128 42 79 175 168 181 59 45 81 181 142 47 46 198 168 183 66 116 20 108 93 29 94 127 200 163 94 167 10 39 117 108 193 150 29 193 192 198 182 115 151 165 191 111 100 166 159 66 112 136 183 139 18 74 155 25 42 19 199 184 73 32 95 120 32 176 74 100 139 158 41 23 12 150 154 111 94 99 80 183 85 142 138 177 193 23 162 192 105 120 32 41 
51 9 129 47 39 49 62 29 196 146 50 46 13 135 10 13 10 151 91 148 172 151 186 2 23 12 36 118 124 18 73 91 143 188 180 77 147 70 159 48 58 78 93 75 157 28 42 65 141 44 122 152 131 88 82 37 89 178 153 77 51 26 65 69 179 70 78 40 97 24 21 50 3 29 110 99 43 57 110 7 171 180 41 102 72 39 155 121 161 44 133 59 108 95 2 76 28 146 108 85 141 76 15 132 114 21 51 141 108 77 27 148 171 154 140 167 179 86 73 39 190 163 22 139 166 
14 29 169 134 51 44 188 20 35 12 101 181 111 3 31 112 103 18 35 10 120 96 163 36 200 153 18 17 187 198 169 133 173 141 109 160 44 57 155 123 44 164 4 129 86 138 124 65 56 31 136 159 171 164 159 146 135 66 186 20 115 10 141 185 53 177 186 166 107 194 30 68 10 109 197 128 169 185 7 27 88 9 103 152 25 157 183 29 112 86 19 58 137 25 174 159 67 105 140 9 167 191 48 111 144 28 107 128 131 137 130 116 55 54 139 59 107 9 21 195 145 132 148 127 185 
132 1 120 65 56 167 148 76 171 57 176 58 4 71 23 8 165 25 137 39 133 101 131 118 99 9 123 198 64 162 118 41 194 145 17 125 127 13 79 26 11 129 104 137 153 197 179 167 79 137 174 150 154 182 2 160 136 81 8 85 7 118 181 145 129 37 103 16 61 114 198 170 145 113 156 62 13 66 69 20 141 99 91 128 168 106 84 140 88 34 117 22 25 185 30 158 176 183 82 169 120 135 15 90 118 108 93 180 151 70 41 106 133 21 98 171 116 104 22 67 169 187 140 159 79 
65 175 176 8 161 139 140 112 191 141 171 23 182 5 72 26 164 54 97 27 78 193 158 162 7 121 71 141 2 79 11 184 125 27 173 36 7 53 7 20 196 27 37 57 117 173 60 134 91 87 180 96 104 65 141 22 189 68 198 55 150 134 145 49 106 128 111 17 59 187 2 92 181 74 83 161 43 28 94 197 154 68 55 4 160 76 169 141 67 5 49 55 127 94 28 137 79 168 149 181 51 6 194 45 8 104 30 35 92 137 4 23 87 89 148 106 69 114 156 129 196 43 75 170 13 
63 144 124 9 10 65 19 193 66 100 159 173 200 53 4 13 156 98 136 164 138 166 135 7 106 35 159 154 169 147 161 134 39 21 128 93 160 167 35 51 92 136 42 81 162 156 167 100 146 195 152 174 95 161 24 38 54 68 138 142 128 67 95 153 178 96 99 60 167 79 198 23 11 153 35 149 179 7 140 49 50 129 92 60 183 83 51 99 167 11 28 178 5 119 32 122 73 76 2 158 17 193 44 105 31 170 160 58 164 147 43 43 115 161 171 9 141 82 199 118 50 5 65 199 95 
116 133 85 52 140 151 3 196 196 169 86 101 181 111 4 27 166 199 107 135 3 183 71 19 47 61 134 159 22 165 119 104 193 48 171 176 117 161 62 18 151 41 107 118 103 148 34 109 115 151 8 74 192 44 60 96 95 9 117 107 46 45 52 191 15 149 15 185 74 117 21 29 123 123 178 198 144 169 169 29 52 24 4 76 18 9 19 72 91 36 184 178 88 115 138 145 100 66 1 13 6 29 60 33 101 100 198 75 43 141 153 43 169 1 36 15 93 38 166 66 116 51 6 139 20 
197 171 48 148 172 117 127 178 15 168 159 185 72 4 129 189 138 87 177 133 48 34 52 123 133 17 50 108 77 19 103 133 95 197 38 34 145 186 177 78 3 140 20 196 12 69 198 87 60 98 127 161 91 172 125 186 183 153 185 87 54 59 24 89 8 13 184 164 61 134 84 192 150 139 104 145 177 154 36 75 176 140 57 37 108 39 192 197 132 88 22 66 60 62 96 89 176 25 58 112 171 97 94 195 181 149 20 146 111 5 188 106 53 18 38 89 46 88 124 148 89 101 13 127 83 
164 127 60 152 10 165 101 111 62 74 37 165 49 200 161 171 100 38 81 13 172 78 20 140 47 23 60 70 186 55 121 185 39 67 7 50 197 27 39 126 112 32 178 37 14 179 121 80 171 20 36 50 59 154 164 66 165 82 114 26 85 186 165 30 152 158 83 155 131 98 56 136 179 27 57 103 9 126 143 20 82 153 183 200 5 111 140 77 3 167 60 162 139 66 89 36 200 31 95 143 115 91 44 79 100 41 31 65 184 31 27 121 117 38 93 33 90 96 175 77 21 194 74 52 168 
7 131 59 141 196 124 174 106 13 45 189 173 63 49 13 189 83 69 177 144 199 8 75 163 190 16 64 149 36 80 20 121 170 148 169 157 137 131 148 111 33 120 128 47 174 95 190 57 58 160 46 81 50 24 85 122 124 187 83 10 65 158 13 5 110 42 149 158 197 65 79 12 158 86 64 191 139 113 94 122 110 11 90 192 40 128 8 176 23 119 179 103 112 199 196 129 113 125 102 21 175 73 81 196 184 42 156 81 179 29 29 86 107 13 187 48 164 66 59 51 156 102 40 64 199 
12 82 17 200 82 61 72 18 84 166 48 186 75 75 189 160 142 155 59 160 144 147 43 116 158 73 78 52 137 127 92 134 47 115 182 181 133 194 79 76 86 11 114 35 122 16 168 88 100 25 180 187 158 15 40 155 101 72 92 163 99 66 79 116 155 23 128 160 99 6 127 108 53 88 29 58 182 123 34 17 170 109 173 143 100 56 18 54 160 13 189 140 108 151 62 3 97 39 180 72 99 42 173 105 177 41 68 139 123 19 31 101 171 9 40 85 195 117 2 64 91 99 140 26 137 
175 100 6 188 192 27 128 172 199 158 186 197 172 185 175 9 170 144 130 7 200 158 65 37 92 32 8 113 42 65 50 143 60 38 116 177 143 81 182 24 131 84 198 100 190 6 107 135 112 72 154 97 169 95 29 177 2 177 120 56 60 73 142 145 195 162 80 74 74 135 123 109 190 95 54 140 166 81 182 28 90 176 184 95 66 70 54 151 169 33 95 9 48 24 119 191 169 152 134 107 16 197 140 153 133 66 111 160 115 50 81 197 103 54 179 96 16 180 76 183 178 117 80 98 144 
