50 4
0
1
1 4 114 4
2 17 169 1369
3 66 143 638
4 86 50 86
5 115 26 167
6 135 82 -29
7 234 17 268
8 266 51 266
9 270 87 270
10 286 175 1686
11 289 17 323
12 297 147 1179
13 303 84 303
14 307 109 307
15 408 192 24
16 412 141 1540
17 441 65 831
18 474 190 474
19 501 76 501
20 507 108 291
21 535 32 471
22 556 55 446
23 557 48 749
24 566 96 1142
25 598 93 970
26 653 196 653
27 666 52 1082
28 668 111 446
29 732 21 774
30 764 192 764
31 774 48 966
32 795 11 861
33 856 142 1424
34 949 71 807
35 1012 50 1212
36 1073 87 1073
37 1089 184 1825
38 1092 21 1176
39 1106 29 1338
40 1144 66 1012
41 1257 186 1257
42 1265 99 1067
43 1280 163 954
44 1307 183 1307
45 1390 189 2902
46 1438 67 1974
47 1441 155 1131
48 1442 61 1808
49 1458 119 2172
50 1481 147 1775
27 7 150 4 118 112 188 146 132 115 94 15 126 53 186 160 189 57 75 171 120 192 186 43 60 21 95 75 66 9 122 141 151 86 136 153 162 164 158 4 2 70 154 101 193 98 114 50 108 7 
31 198 61 58 48 200 144 16 77 17 63 191 188 32 79 133 146 99 178 10 31 43 25 38 163 79 8 174 49 100 131 42 72 134 57 61 37 177 63 4 148 158 114 106 9 167 137 59 182 154 
97 177 166 152 64 182 166 129 43 128 138 168 194 154 22 105 83 136 134 88 120 170 86 55 20 17 167 15 25 54 4 75 187 127 79 107 21 31 152 80 98 177 105 89 48 67 114 33 63 132 
194 97 166 161 157 36 107 11 134 199 197 11 176 8 63 15 47 46 88 83 166 26 200 122 154 193 161 152 144 14 163 58 180 32 35 169 15 39 3 119 14 112 165 120 170 1 101 59 51 157 
126 8 64 26 71 104 117 58 116 102 32 95 125 64 156 131 70 44 140 148 36 89 194 63 73 44 144 119 111 121 36 83 199 143 116 24 98 77 50 16 12 197 98 31 122 74 106 83 161 75 
6 43 58 101 144 63 105 103 104 20 150 84 109 34 125 23 75 2 80 27 175 176 91 187 164 3 160 135 176 163 45 22 72 40 125 178 79 194 62 51 17 98 120 52 79 82 158 86 164 117 
62 44 122 11 132 32 110 123 17 79 153 41 171 185 90 7 44 182 177 131 140 83 162 81 166 139 141 115 197 157 70 135 152 149 8 38 147 75 96 32 89 139 146 12 44 113 36 167 188 77 
116 100 190 199 154 161 48 175 164 75 66 128 49 200 80 154 29 96 143 152 58 23 122 18 158 159 117 106 124 1 123 145 51 87 75 166 141 48 125 2 157 124 139 141 152 165 53 194 193 52 
70 121 89 118 42 114 140 188 178 138 191 102 144 40 168 126 69 107 136 70 65 160 35 15 198 21 32 29 172 41 32 71 69 65 155 133 66 12 177 11 11 9 55 200 21 80 126 162 114 121 
138 123 72 17 130 164 35 43 44 138 190 57 130 167 200 17 125 114 35 15 21 38 57 25 100 142 64 44 120 63 165 58 133 1 118 99 34 61 155 137 40 82 181 190 25 143 83 85 115 173 
154 52 188 133 59 183 198 119 42 123 64 178 138 137 152 199 192 150 69 132 20 197 162 77 161 38 49 92 123 78 26 4 171 140 145 116 113 178 83 119 194 88 24 79 173 147 67 91 97 196 
136 146 15 198 34 154 161 122 164 24 10 152 184 130 149 15 153 108 153 104 143 133 129 27 122 46 108 136 93 143 72 102 45 10 145 180 93 37 91 73 19 101 111 199 79 171 189 163 88 5 
80 142 97 107 92 187 64 150 112 135 131 63 18 167 120 194 76 103 121 24 139 183 23 173 84 28 124 71 186 43 189 134 178 132 66 51 23 82 22 79 10 166 41 8 175 42 80 183 171 167 
136 28 173 61 124 162 46 161 41 62 38 86 78 106 135 181 171 109 57 61 89 75 100 101 182 2 190 163 160 180 109 109 52 40 190 145 147 111 60 137 93 57 157 43 135 114 39 109 169 118 
99 52 33 105 116 156 129 168 164 158 127 200 162 3 186 87 88 95 171 40 146 192 183 141 177 95 26 112 138 156 196 94 82 170 46 186 53 166 165 185 154 33 135 132 189 63 146 46 95 184 
52 15 25 58 176 184 66 92 151 138 138 32 113 164 41 113 93 6 149 1 108 28 23 184 183 200 6 45 8 54 5 176 179 113 178 174 83 95 114 111 141 191 142 44 183 24 46 110 59 11 
184 189 139 87 124 17 25 5 46 188 184 139 96 82 121 125 99 107 153 11 9 48 91 161 81 131 23 147 139 60 148 186 119 100 175 120 102 175 62 196 128 140 57 105 15 27 156 64 180 95 
129 74 81 14 56 97 49 170 170 128 153 188 56 71 137 39 30 41 125 9 130 73 169 14 188 148 180 180 24 145 7 103 81 18 17 3 142 35 64 86 197 134 108 73 132 152 118 31 93 89 
25 113 38 168 178 179 39 112 90 106 13 166 35 54 71 86 26 70 193 86 140 119 117 67 113 21 31 11 8 77 91 143 163 160 158 182 53 132 144 64 41 97 28 6 194 97 85 109 192 108 
194 187 137 153 195 67 134 89 47 25 70 123 43 131 165 113 109 23 36 66 80 43 114 132 72 86 18 189 6 46 38 87 10 59 186 78 171 183 114 78 115 190 179 107 60 132 191 194 187 132 
82 60 185 169 154 162 52 27 88 90 178 3 49 83 123 34 1 185 8 37 75 122 158 142 164 97 86 197 109 133 32 57 33 125 74 168 10 78 109 29 177 183 198 105 166 97 55 145 70 101 
117 93 161 75 23 140 50 191 117 141 51 73 170 96 39 111 6 162 131 31 29 136 115 63 110 172 115 12 110 146 62 23 134 91 122 98 24 14 184 94 1 134 175 32 48 16 120 21 198 100 
164 85 53 154 150 119 120 91 76 39 11 172 172 85 44 33 119 164 28 18 42 121 183 30 181 74 63 12 196 6 50 121 25 180 178 37 24 98 152 29 127 166 128 35 104 138 100 186 91 40 
39 53 174 189 117 186 178 116 157 140 164 44 181 164 138 16 82 154 173 169 180 102 149 12 151 179 144 124 4 35 182 91 20 6 145 81 114 47 183 79 103 3 64 168 135 111 146 130 123 71 
142 150 150 52 42 171 172 17 75 142 118 55 149 3 9 29 77 151 57 78 160 194 190 95 73 139 78 97 125 72 148 55 148 11 41 58 199 60 113 67 14 49 158 106 4 72 56 156 6 159 
63 43 11 27 68 153 127 81 140 133 42 79 62 186 134 151 156 92 58 1 23 85 3 161 169 57 35 175 199 66 103 7 30 35 7 50 17 190 82 9 43 15 36 177 173 61 61 69 151 93 
24 138 134 191 153 36 109 59 66 63 13 35 97 32 188 142 76 122 29 41 93 171 46 155 26 163 146 99 88 181 170 120 86 86 104 78 108 164 133 105 108 175 63 3 21 56 67 116 68 129 
110 43 20 128 71 13 65 110 95 22 121 56 15 116 149 19 119 102 171 40 124 195 22 51 181 7 198 25 174 115 192 3 119 167 111 102 1 91 110 135 191 120 2 128 141 64 41 29 77 191 
117 10 51 45 147 178 21 96 145 86 9 74 33 42 161 200 34 164 59 31 127 185 194 169 127 10 6 192 99 12 114 19 92 100 49 78 186 110 198 79 180 51 29 32 100 103 95 112 147 30 
83 52 142 159 61 123 170 84 191 193 66 124 131 128 16 49 26 26 8 9 174 149 100 104 131 28 33 57 148 166 136 160 30 97 104 55 74 92 29 144 38 181 177 173 79 175 27 87 150 49 
174 187 79 43 156 200 101 79 163 36 144 64 72 137 100 138 9 192 148 190 185 81 66 108 173 111 185 115 194 64 1 183 147 1 81 146 165 32 80 188 14 168 153 100 131 187 8 91 55 70 
93 173 52 191 125 44 99 116 20 29 104 12 65 47 83 10 95 117 98 49 105 136 102 23 151 160 143 179 116 70 179 133 161 59 106 165 131 160 19 200 128 193 123 142 44 127 93 192 33 112 
166 99 169 16 29 160 14 162 131 151 200 18 185 168 118 76 180 87 17 7 158 76 72 96 113 39 5 180 132 191 17 105 158 177 56 63 114 190 146 158 21 92 2 45 147 21 45 33 81 71 
3 54 64 105 84 125 160 107 48 135 133 75 106 61 37 35 190 149 69 152 173 53 187 64 103 3 6 180 16 72 91 75 35 129 2 44 16 152 171 53 189 82 56 39 29 25 58 87 117 49 
38 137 63 170 6 67 78 36 184 78 169 135 199 111 41 74 155 200 53 94 86 21 88 171 145 165 158 59 28 86 89 139 52 141 119 172 23 16 115 198 167 22 63 56 125 51 44 159 107 36 
59 102 49 112 26 118 148 127 175 105 113 48 6 94 103 44 93 125 23 103 138 84 79 117 139 139 2 29 170 115 173 100 55 76 15 118 176 57 162 137 154 24 112 185 129 84 75 129 66 195 
52 14 76 104 80 143 191 110 138 133 77 170 25 73 166 167 86 44 196 129 166 50 26 70 113 25 29 113 181 41 19 64 89 58 92 5 154 127 79 10 136 66 66 7 38 80 138 153 89 51 
95 190 49 35 24 198 194 152 78 35 182 177 27 143 114 14 59 183 149 8 100 23 47 185 197 27 163 148 54 44 191 87 77 191 138 116 130 148 114 40 10 80 66 125 157 190 20 187 19 131 
119 90 107 7 173 144 49 25 67 35 19 151 112 190 192 133 65 94 78 171 152 93 130 148 88 144 111 118 117 114 57 15 33 24 11 195 26 76 76 17 4 161 27 77 22 14 4 64 192 76 
40 188 121 183 144 48 185 94 107 127 37 58 144 116 107 119 140 108 125 32 138 60 28 75 135 25 21 198 137 169 132 103 138 181 192 27 5 82 191 99 128 120 30 194 84 136 197 196 31 80 
100 9 42 174 57 137 67 195 89 74 57 7 47 12 57 198 128 127 189 14 139 165 2 2 94 94 186 131 135 69 168 37 25 54 179 131 22 122 80 197 171 14 110 188 45 25 69 171 28 49 
128 165 128 161 88 145 143 108 153 115 62 64 69 56 26 29 146 131 38 162 14 13 145 60 80 47 89 120 151 94 1 21 187 142 190 12 64 179 89 32 95 109 121 54 27 169 133 35 198 143 
154 139 1 15 104 65 148 27 128 98 123 131 40 126 94 43 146 153 143 156 23 25 19 195 49 66 95 185 3 166 95 96 19 92 67 152 62 34 121 48 66 11 47 6 42 37 74 162 15 52 
140 142 15 12 167 31 124 14 48 113 40 62 148 71 137 16 82 170 33 163 86 139 107 165 121 43 184 37 175 56 197 104 61 88 46 43 84 10 176 53 130 77 45 60 78 170 196 63 125 88 
54 118 37 77 185 40 193 107 197 196 90 65 26 57 169 143 86 122 183 200 15 41 60 54 37 6 162 5 197 194 187 103 98 44 162 127 78 12 151 28 20 53 75 175 118 189 67 163 110 68 
132 89 151 11 39 65 155 91 184 159 71 108 48 103 152 188 98 35 35 192 191 76 175 54 95 23 97 42 176 65 187 143 103 121 190 89 155 137 46 89 21 187 120 169 40 117 191 98 47 183 
165 22 186 174 64 58 42 190 33 58 84 149 126 25 128 125 91 18 118 1 65 28 61 104 100 175 189 102 151 172 168 160 81 128 146 59 101 6 177 114 196 45 47 182 45 33 173 190 88 138 
116 7 109 54 160 49 148 15 76 25 165 165 144 54 52 116 131 81 132 66 69 60 94 163 34 193 37 11 110 78 70 36 49 85 22 135 30 199 144 38 25 143 79 58 120 54 58 117 155 178 
189 198 124 51 95 196 122 92 138 143 72 150 10 132 37 159 60 52 199 133 141 12 195 189 149 152 55 80 124 128 86 104 58 192 25 171 15 146 151 15 61 139 37 40 180 118 20 14 95 115 
198 176 15 162 176 71 73 180 149 180 187 163 166 70 98 152 198 192 105 115 125 53 196 89 57 6 156 165 117 94 23 100 122 5 31 35 140 128 91 123 58 11 110 12 35 188 32 56 199 68 
43 41 79 110 129 167 148 76 31 41 190 172 71 65 19 38 189 108 195 69 128 123 109 70 63 172 129 50 68 179 96 128 184 85 168 121 158 116 72 178 67 150 3 149 108 95 98 78 182 90 
