100 6
0
1
1 13 146 305
2 18 74 -130
3 55 172 743
4 66 183 798
5 79 188 1583
6 80 13 106
7 82 171 424
8 108 92 108
9 139 47 233
10 149 184 517
11 161 195 1721
12 167 177 167
13 218 20 178
14 218 17 184
15 221 177 575
16 230 180 230
17 239 184 -129
18 258 56 370
19 268 106 480
20 291 69 153
21 307 154 -1
22 319 142 319
23 332 151 1238
24 338 56 338
25 343 138 67
26 427 134 695
27 450 190 1970
28 467 44 643
29 547 105 1177
30 599 127 853
31 652 40 572
32 672 53 1096
33 685 124 1429
34 695 57 1151
35 704 88 1056
36 777 134 1313
37 812 163 1138
38 820 129 562
39 822 67 822
40 841 175 1191
41 843 199 445
42 844 51 742
43 845 134 1381
44 850 64 1106
45 871 59 1225
46 893 54 1325
47 916 143 630
48 960 152 1264
49 965 48 965
50 974 88 1502
51 988 45 1258
52 989 150 1589
53 1029 113 1933
54 1082 69 1634
55 1141 13 1167
56 1150 67 1016
57 1200 127 946
58 1204 28 1316
59 1208 181 2656
60 1223 138 1775
61 1251 44 1251
62 1266 145 1266
63 1280 162 1280
64 1291 7 1305
65 1361 148 1065
66 1374 62 1498
67 1382 115 1152
68 1400 145 1110
69 1406 41 1324
70 1411 36 1339
71 1442 181 1442
72 1443 53 1655
73 1476 188 1852
74 1478 18 1442
75 1488 79 2120
76 1495 119 1495
77 1511 11 1599
78 1519 66 1783
79 1544 111 2432
80 1548 60 1668
81 1577 107 1577
82 1646 72 1934
83 1663 194 1275
84 1673 133 2205
85 1674 129 1932
86 1681 200 2481
87 1705 179 2779
88 1709 180 1349
89 1711 66 2107
90 1725 142 2009
91 1736 99 1538
92 1738 185 3218
93 1876 35 2086
94 1881 127 2897
95 1887 131 2935
96 1906 159 2224
97 1968 176 1968
98 1973 16 1941
99 1978 87 2152
100 1999 176 2703
146 195 9 85 156 173 66 171 118 130 68 116 76 184 154 173 101 45 30 79 182 60 43 31 150 176 45 127 46 144 190 137 123 67 191 137 110 20 53 14 5 68 86 172 111 162 30 109 122 19 87 25 111 168 78 154 134 37 145 193 108 191 10 18 105 178 165 127 155 164 19 86 21 116 141 69 122 35 176 119 198 62 106 112 120 180 150 78 142 85 183 28 112 137 86 153 7 54 190 194 
170 185 125 195 153 155 6 117 34 109 57 110 30 1 181 165 15 16 35 42 167 145 38 128 121 199 159 96 135 132 198 114 46 11 54 113 33 39 198 31 144 192 61 101 93 114 83 94 152 122 193 62 13 109 184 4 131 34 20 20 180 6 28 126 34 9 180 34 111 182 20 155 161 159 136 89 100 87 15 16 79 110 110 98 16 86 187 161 87 169 94 157 30 186 39 111 145 175 78 66 
105 182 72 16 192 147 4 187 111 81 124 74 110 36 65 22 132 16 128 76 45 159 184 13 87 181 185 60 110 147 80 140 176 98 129 128 169 147 55 18 64 185 36 149 144 172 91 70 111 96 106 183 80 169 169 44 20 19 171 115 68 121 6 1 135 114 180 81 59 192 175 104 175 81 83 172 76 35 198 77 196 171 114 12 196 119 4 1 47 82 77 102 192 65 40 117 14 106 130 145 
88 72 135 58 16 127 71 4 102 99 130 172 170 89 152 96 163 101 6 93 45 172 152 8 86 21 30 167 6 180 138 6 141 138 146 90 34 108 32 142 16 188 70 73 84 161 111 99 145 33 73 26 69 73 124 97 147 124 33 13 105 45 67 35 66 160 157 3 166 145 183 105 78 179 10 74 194 100 182 47 183 30 36 142 62 83 15 32 126 92 22 76 199 38 11 74 9 172 190 60 
139 99 178 171 82 61 40 110 88 109 80 95 86 20 138 6 18 56 157 55 192 97 193 197 76 110 2 129 187 44 145 122 54 120 167 108 20 171 198 164 170 65 28 138 16 180 117 78 190 4 12 84 185 189 173 69 52 179 181 60 187 100 104 103 44 104 114 82 74 43 62 168 7 67 34 90 67 77 28 199 105 130 146 96 161 73 39 72 109 3 177 66 100 129 188 132 57 7 146 165 
67 126 95 176 32 180 142 197 22 28 74 144 199 107 62 177 155 42 144 133 191 73 155 135 80 117 108 96 100 96 19 97 80 193 160 74 163 64 59 191 121 16 139 118 152 193 138 29 75 190 86 8 97 45 144 153 174 95 103 115 192 148 159 20 54 133 108 191 164 76 186 200 89 100 162 98 107 166 36 172 132 169 63 190 103 56 3 176 137 179 130 168 29 56 197 19 179 170 169 143 
55 182 169 10 20 43 61 154 158 58 138 160 114 87 92 104 154 176 123 121 163 66 140 127 33 64 82 89 149 150 43 54 40 92 167 87 181 21 106 179 8 74 160 5 39 76 166 36 135 31 103 81 7 141 111 12 84 155 160 145 82 145 6 117 117 50 190 67 195 52 20 155 119 1 46 42 55 30 111 133 194 94 49 116 133 2 85 145 115 115 21 182 14 142 53 66 21 32 15 142 
34 129 99 174 158 159 162 14 124 68 107 58 57 190 7 129 7 188 80 34 67 162 182 123 21 128 47 39 42 91 115 91 43 52 13 151 133 200 8 161 131 14 64 154 37 133 141 144 183 180 178 179 197 83 88 3 92 151 141 48 180 11 130 96 8 156 88 4 169 38 186 50 114 101 174 24 149 103 181 45 87 96 1 128 193 136 1 183 166 100 104 27 159 31 177 106 31 114 34 87 
133 168 116 125 91 199 94 61 56 154 74 8 14 154 48 87 112 67 152 11 39 199 70 165 199 125 43 131 61 113 7 142 19 172 103 163 104 187 148 103 107 178 122 172 93 85 187 66 4 83 29 187 24 187 66 126 194 41 177 176 36 90 114 96 189 99 41 17 63 106 20 120 97 93 48 196 152 53 24 113 130 15 26 139 33 183 56 136 142 78 7 133 21 85 105 67 91 198 79 143 
38 80 3 28 82 123 150 137 67 37 2 50 14 188 81 25 133 182 43 114 76 147 176 156 151 33 168 172 82 39 8 23 55 78 147 166 110 63 36 117 151 112 2 24 73 15 154 51 105 123 45 101 106 97 144 26 128 113 37 78 146 83 142 192 68 1 108 92 74 165 151 142 79 50 145 189 124 53 18 38 153 163 127 65 42 105 26 74 190 28 52 84 48 113 52 4 182 171 27 165 
51 96 38 51 8 138 160 40 59 26 114 71 145 119 162 60 107 191 22 124 138 177 163 44 51 18 62 194 117 10 152 115 147 192 79 115 151 28 119 21 177 71 74 10 200 107 102 66 125 191 17 116 17 184 152 44 136 185 102 57 136 160 108 72 80 189 182 84 120 5 75 144 164 120 164 78 126 29 170 189 84 50 135 57 14 69 180 1 59 52 13 120 101 68 145 90 52 127 29 47 
119 6 81 175 88 144 37 70 41 17 186 68 152 98 154 155 141 59 2 150 200 52 194 107 125 148 105 59 177 3 114 149 31 5 166 119 176 145 165 146 33 199 125 103 72 43 7 115 88 69 94 23 89 158 21 134 188 86 106 166 112 85 169 93 46 114 127 165 169 27 173 122 35 15 7 11 38 156 126 109 121 54 106 66 182 2 187 198 23 171 183 161 75 4 47 177 131 80 151 125 
91 81 7 79 58 91 140 155 69 130 176 175 89 174 193 142 137 31 152 24 178 14 41 76 156 23 70 117 184 42 62 114 195 135 68 193 32 34 61 174 118 106 176 53 1 101 69 85 152 139 36 147 194 61 170 155 53 49 94 65 100 57 62 179 103 173 176 69 117 72 183 158 62 92 96 193 101 70 136 62 51 161 45 90 119 50 170 37 188 90 97 148 181 171 18 94 126 181 28 30 
185 96 131 27 186 172 105 20 79 35 72 105 184 163 31 142 118 37 68 95 177 166 101 115 107 115 84 154 64 92 31 117 64 160 138 134 131 35 126 71 64 149 115 109 200 145 69 43 178 154 176 123 150 9 11 68 167 65 89 138 120 93 196 167 146 54 53 175 83 200 77 167 24 1 25 19 195 84 183 123 156 30 93 67 132 10 20 180 81 164 58 125 135 113 23 40 173 117 47 173 
105 74 36 95 88 77 84 181 22 75 106 95 133 82 86 164 46 1 128 156 134 121 169 51 89 197 3 143 115 53 119 73 103 84 58 116 126 182 140 162 146 84 195 140 174 79 114 126 13 4 41 175 37 105 190 8 7 104 42 156 79 90 2 45 78 191 29 85 48 27 71 58 137 94 175 24 78 74 93 1 8 60 95 157 128 175 24 48 51 108 146 117 79 57 55 40 124 161 83 27 
5 96 46 186 33 183 48 124 23 37 52 121 127 153 110 127 7 14 177 178 117 198 180 199 3 29 7 149 112 100 42 176 54 79 117 11 107 83 39 37 126 60 81 116 181 10 92 127 179 48 155 137 182 45 98 43 21 175 174 19 184 51 198 180 79 189 67 187 20 46 5 192 78 134 48 130 195 26 146 82 115 166 59 35 13 190 42 132 95 24 119 103 31 14 195 186 150 12 30 79 
87 172 147 188 78 151 21 74 130 160 194 15 36 56 88 199 122 175 126 165 128 24 118 19 129 150 28 193 115 179 12 52 59 133 124 71 150 106 171 26 8 196 119 93 16 8 55 44 118 76 177 200 137 13 47 13 117 129 134 151 57 147 86 159 21 169 46 170 2 129 192 133 126 51 57 189 75 74 7 72 18 116 78 92 101 30 2 56 185 75 29 29 194 96 132 119 164 132 163 14 
39 32 151 98 17 65 145 51 9 95 185 52 108 8 25 121 196 153 71 168 13 193 170 83 85 110 31 15 10 151 122 51 116 166 101 88 101 72 43 198 20 198 22 61 63 16 43 67 106 186 105 93 175 117 60 175 190 109 87 155 176 192 86 128 74 17 67 182 17 2 114 145 129 28 39 106 75 135 30 161 118 149 116 48 54 4 99 68 76 71 196 44 130 4 142 156 80 188 73 38 
2 83 73 183 85 93 51 179 171 116 118 16 71 75 141 77 164 143 136 131 184 115 76 49 55 154 137 18 8 100 159 69 1 196 179 118 185 112 63 52 48 92 43 46 36 105 101 31 109 88 15 197 154 110 153 92 9 3 198 38 39 64 132 102 14 137 49 55 51 95 80 98 168 33 196 78 167 177 78 4 179 68 199 171 149 81 124 178 154 158 123 31 116 39 166 128 29 173 3 136 
36 191 194 40 135 135 114 172 60 57 160 31 1 107 151 144 23 162 43 65 155 133 184 2 151 198 161 195 21 154 150 151 120 147 72 49 171 163 134 136 62 185 48 146 46 60 92 104 38 63 15 42 151 135 88 114 166 18 105 126 173 140 75 47 14 65 30 78 113 82 100 54 4 164 67 135 141 61 126 137 60 128 84 59 45 131 34 139 102 32 194 15 3 164 153 158 158 192 195 57 
68 36 188 104 37 161 35 123 87 51 161 185 91 81 52 133 14 145 191 6 1 175 34 142 80 1 152 20 162 104 97 52 185 140 78 137 118 53 162 1 46 54 29 152 79 189 123 25 197 38 45 148 4 177 54 40 158 185 63 193 12 23 14 101 28 49 79 164 27 180 78 60 20 183 62 200 99 27 102 146 190 68 200 86 149 52 36 88 39 115 25 18 97 60 117 7 188 189 136 2 
192 51 197 190 77 36 153 65 88 14 37 27 146 26 125 116 81 113 118 41 65 93 168 196 149 114 78 2 47 171 22 90 126 164 48 5 107 193 173 157 85 117 137 12 69 80 70 48 92 115 196 7 54 191 136 100 42 68 165 182 127 24 58 44 1 99 80 67 129 152 28 171 105 68 17 79 86 96 189 191 118 145 140 25 102 31 10 162 145 61 103 155 8 147 98 176 107 94 71 179 
10 41 134 92 39 62 149 149 85 10 181 64 72 100 17 186 27 22 200 142 143 83 188 102 49 47 53 31 73 20 158 90 109 10 199 185 125 50 108 139 2 62 41 10 134 64 91 156 18 131 63 193 149 98 199 132 66 186 102 141 32 43 152 26 87 161 54 61 179 140 91 12 128 105 91 131 184 158 65 157 199 95 91 81 139 17 108 3 3 73 94 132 98 55 165 133 10 180 129 128 
78 19 170 30 31 62 64 108 67 112 150 127 86 86 82 66 146 22 69 41 21 28 54 192 178 12 182 110 73 175 7 59 83 117 36 167 195 156 159 45 92 176 10 145 135 43 147 96 97 83 51 198 124 10 120 116 11 131 193 21 111 150 120 23 97 187 102 101 82 161 164 56 184 67 141 42 142 35 181 200 67 178 164 181 16 163 150 7 62 176 138 13 130 113 78 107 174 87 76 195 
127 86 116 21 3 149 160 182 64 86 79 189 8 158 27 168 62 81 153 122 1 57 162 73 134 159 23 131 11 168 23 168 21 153 2 110 180 195 116 110 184 18 39 135 94 17 23 70 137 49 15 18 31 186 191 175 174 23 127 96 155 177 132 35 17 37 112 144 45 4 37 35 166 183 103 195 114 163 51 127 8 78 170 124 196 181 53 28 150 169 25 114 115 142 145 83 118 156 97 24 
5 42 174 136 56 173 149 154 72 136 92 103 49 13 14 97 10 60 58 103 46 87 54 96 162 23 181 183 177 103 126 41 126 123 35 169 62 148 53 167 39 184 171 183 82 95 144 92 118 147 180 108 154 44 179 186 156 145 5 47 101 124 54 122 45 15 161 22 67 163 50 87 162 58 97 167 133 139 24 186 181 169 29 4 54 37 103 95 78 156 142 199 8 177 139 190 99 88 110 7 
118 104 23 17 114 10 195 197 30 189 199 126 14 162 116 119 68 101 116 152 24 134 180 163 122 95 87 3 116 149 130 162 15 86 108 49 94 89 126 42 155 70 128 23 29 186 19 121 76 15 195 19 52 104 10 80 19 183 118 59 182 94 187 105 94 99 159 153 45 5 17 5 185 108 25 67 79 154 35 110 154 159 172 79 110 98 158 79 45 135 102 29 161 13 182 70 26 62 53 42 
69 159 179 100 65 6 146 72 168 179 93 17 157 137 78 148 42 187 162 199 72 50 188 193 33 100 133 196 33 99 58 116 132 33 58 30 59 154 182 190 123 48 49 195 40 69 167 40 102 179 101 186 148 150 112 189 6 135 153 192 192 113 157 93 42 57 100 171 65 126 62 3 45 158 37 175 24 130 137 140 33 151 25 196 68 134 12 89 56 168 98 35 191 139 104 106 164 51 80 112 
62 73 40 115 51 150 122 160 188 144 180 143 183 68 172 154 136 83 143 171 72 188 12 74 22 32 33 195 81 86 167 197 8 176 56 120 185 143 9 120 96 4 101 180 43 100 128 112 94 198 83 86 152 95 150 137 25 11 109 59 60 62 15 27 145 25 55 31 169 69 47 33 166 144 101 127 24 185 10 17 117 140 8 129 60 34 67 4 173 17 1 160 93 196 86 74 87 79 168 54 
146 188 159 16 144 29 111 188 62 121 171 121 16 26 115 43 196 174 166 197 136 108 21 104 36 172 114 154 144 115 86 36 195 10 186 89 165 117 137 183 82 77 86 147 41 124 39 28 2 135 30 40 102 121 190 119 171 21 191 177 180 26 67 40 30 163 162 199 173 91 169 131 143 56 170 149 170 20 166 125 90 26 160 128 199 171 58 73 66 33 135 60 130 164 113 187 174 99 163 120 
1 167 103 200 131 171 91 136 15 60 120 32 8 58 63 188 63 58 23 92 149 34 193 26 176 8 10 88 1 169 78 137 182 69 145 167 78 188 146 79 82 188 162 54 84 99 99 141 33 150 118 132 54 100 119 116 9 197 130 59 21 200 194 79 5 153 15 61 118 136 87 140 161 155 38 53 179 173 138 160 42 119 151 190 50 5 117 10 187 137 102 151 125 64 193 162 78 191 79 166 
6 86 14 160 121 96 81 91 5 179 47 71 60 105 40 94 114 144 55 178 130 162 117 58 2 187 144 141 9 97 101 84 86 22 121 102 87 13 44 3 61 102 123 55 120 133 184 158 98 162 37 31 20 96 84 40 128 84 77 22 129 184 113 107 192 67 178 192 51 72 40 80 134 143 103 77 23 28 109 138 143 196 116 99 47 146 106 82 52 46 73 182 137 104 197 28 192 186 130 73 
86 54 69 37 161 53 6 73 200 69 73 125 174 63 3 185 167 35 97 130 184 164 151 181 125 98 81 15 108 154 189 53 64 85 74 126 68 101 109 45 108 57 68 142 6 72 74 122 62 146 64 200 98 29 141 109 111 107 111 28 169 66 45 84 132 23 16 21 25 132 143 64 56 1 112 50 183 81 156 150 164 37 152 61 2 141 129 11 134 180 169 148 45 143 73 75 152 131 53 148 
116 85 14 109 149 110 96 101 129 16 92 166 95 83 63 19 6 8 24 4 108 22 133 60 29 30 85 159 122 80 168 131 51 197 35 27 84 6 117 152 37 49 195 60 176 58 65 49 43 179 192 188 104 103 57 106 121 38 195 133 187 134 131 116 129 194 66 75 70 24 2 162 175 30 103 4 148 73 91 192 75 28 3 136 52 1 169 46 107 31 200 91 170 11 131 182 192 5 25 183 
188 152 25 78 75 19 59 82 75 197 154 99 88 176 78 34 154 163 83 80 188 104 152 46 128 90 38 170 121 111 163 134 107 17 171 43 101 65 132 106 67 149 190 186 1 191 114 138 119 60 88 71 53 196 106 183 35 155 42 49 190 31 139 50 99 150 176 76 198 4 82 46 193 42 122 151 61 58 160 14 139 75 114 126 59 93 21 199 28 146 158 186 50 114 24 81 136 15 152 98 
140 63 90 172 179 134 103 172 155 101 100 139 81 123 49 12 173 69 160 153 115 106 19 15 134 87 172 185 109 156 126 190 108 118 62 190 4 19 80 30 4 182 61 160 150 108 54 99 34 60 33 113 110 157 193 133 71 144 4 192 84 15 150 22 68 180 10 184 38 59 163 200 144 134 41 141 173 182 167 141 191 60 150 77 151 185 32 151 12 53 193 127 120 177 142 10 180 197 40 191 
111 171 178 7 143 31 85 186 48 153 90 17 157 123 183 43 165 200 151 37 132 124 21 14 39 95 44 169 95 92 27 109 13 84 159 55 124 162 126 62 158 159 99 30 79 41 48 61 161 168 64 69 1 76 189 143 15 186 136 57 95 66 117 40 73 172 192 43 146 148 107 52 91 37 197 68 159 124 79 173 35 160 136 52 188 3 133 12 91 27 90 32 29 113 157 17 72 126 116 132 
141 174 85 164 67 176 85 55 171 53 73 184 189 131 199 181 167 58 18 143 81 144 8 58 67 155 134 106 159 4 59 73 61 19 103 12 147 186 155 8 199 83 164 140 180 31 30 84 157 172 22 168 18 134 140 79 150 1 86 116 86 24 26 96 76 112 15 130 34 53 20 1 186 194 37 66 135 81 156 53 53 102 76 111 190 192 119 7 119 156 139 9 198 80 58 157 53 147 66 21 
162 37 56 125 122 140 5 149 85 118 74 193 110 185 48 16 92 44 56 96 39 165 113 194 83 130 129 43 67 55 19 90 83 110 140 115 153 16 184 14 6 176 141 41 89 134 79 37 94 48 47 33 58 43 100 93 59 65 29 45 199 153 70 87 66 170 68 88 127 15 10 119 106 146 10 195 27 83 139 129 32 84 105 22 10 125 35 159 32 149 47 171 147 106 183 3 54 174 148 15 
171 71 45 69 167 156 199 25 149 161 60 38 55 34 186 185 128 142 186 181 80 183 155 108 170 40 151 187 158 43 101 141 153 190 159 170 153 174 94 84 80 8 144 84 130 161 135 141 135 1 180 30 2 68 1 196 24 38 157 187 123 70 34 16 20 163 131 175 28 38 161 118 80 140 119 57 2 173 179 137 49 134 176 134 36 140 198 159 83 92 162 89 177 135 9 42 19 35 111 82 
179 165 63 69 163 129 199 133 148 47 80 161 73 42 114 7 33 48 112 5 181 32 138 178 136 81 129 31 171 109 111 60 191 18 52 70 106 135 15 100 194 121 16 162 169 108 99 49 183 126 116 108 182 131 194 171 156 182 154 32 141 175 49 119 159 185 140 81 35 122 139 198 37 119 43 120 196 33 86 180 6 180 78 24 10 55 132 33 11 27 75 45 72 19 129 186 132 142 71 122 
83 135 118 172 188 90 100 180 169 36 45 161 144 91 199 124 73 33 104 55 164 137 118 10 12 67 50 38 96 191 85 89 3 171 70 110 185 160 169 127 121 162 160 151 31 48 123 170 52 26 133 113 82 108 160 77 125 192 117 81 132 113 131 79 166 196 125 154 34 100 125 172 177 29 196 29 26 94 142 110 94 93 91 61 19 1 145 110 123 44 188 92 179 74 152 133 40 49 84 137 
133 21 125 138 38 31 73 111 41 117 29 41 114 120 122 39 34 59 124 5 25 52 48 24 47 101 173 68 185 86 100 82 163 133 93 175 103 18 55 150 194 8 75 74 47 14 87 78 73 62 136 198 2 197 55 19 87 176 139 8 141 191 177 13 91 187 169 127 110 67 144 52 53 156 165 145 184 124 191 64 128 192 129 18 146 143 10 145 46 48 149 78 69 17 25 113 77 10 37 12 
133 10 83 108 119 156 8 78 161 68 143 3 114 47 133 163 170 21 168 185 100 158 89 25 191 2 74 69 1 71 179 70 154 62 105 122 51 132 27 24 190 142 188 62 133 185 31 128 117 68 99 173 160 187 69 193 7 32 148 58 152 88 46 38 14 83 184 137 130 55 35 40 182 168 173 5 138 193 184 128 65 128 46 154 158 105 160 79 114 73 117 31 178 159 127 195 144 70 142 84 
191 160 163 140 46 26 19 174 171 118 130 7 131 104 73 168 109 49 11 91 136 84 10 85 58 40 80 43 11 148 127 38 73 12 110 39 43 8 62 155 100 189 84 6 22 17 80 34 166 164 93 93 123 135 104 6 182 77 113 174 11 133 119 9 74 87 136 104 55 98 53 95 57 135 145 10 5 45 145 116 19 49 150 87 82 57 166 154 46 59 143 43 31 6 178 190 122 36 17 139 
133 161 19 31 12 61 3 107 74 76 1 165 143 180 129 68 4 37 55 52 118 15 51 56 77 185 22 20 86 42 198 190 21 184 153 101 183 137 95 71 13 1 90 35 2 56 14 4 7 29 43 109 82 160 150 171 59 119 11 168 181 90 51 59 153 100 83 48 48 153 139 106 84 190 138 19 64 70 3 81 146 44 58 100 13 194 94 150 19 53 131 68 82 122 156 6 121 85 1 181 
91 143 9 199 40 123 125 13 95 172 56 38 41 101 126 20 48 140 117 133 130 85 90 53 57 116 2 180 199 146 87 54 168 82 40 50 168 195 13 167 138 168 125 37 103 119 17 45 27 82 142 97 146 48 28 173 95 116 128 39 194 118 139 163 109 98 6 103 149 83 164 112 38 150 187 56 73 80 47 2 40 94 145 42 151 127 137 12 18 51 117 46 154 157 82 97 32 47 102 102 
112 72 36 42 121 141 103 58 57 149 151 117 10 65 79 168 153 76 109 12 46 175 12 182 66 24 190 25 184 191 42 140 115 3 161 29 131 36 143 31 139 34 97 172 187 173 170 100 42 21 149 25 100 132 65 6 74 195 142 127 187 117 50 9 200 124 84 1 200 31 136 25 85 126 180 106 17 114 101 183 70 29 50 145 14 71 160 187 105 135 35 198 148 133 93 129 20 71 167 67 
57 164 177 173 113 179 162 145 16 108 103 128 72 138 142 126 112 15 89 48 193 42 127 98 157 156 47 175 168 197 23 17 25 198 146 144 75 106 33 63 191 177 150 89 172 65 64 56 168 87 105 2 108 31 145 156 176 18 154 44 88 56 83 170 179 30 126 5 69 7 29 9 87 142 52 21 139 132 195 104 143 192 10 102 1 38 19 63 160 90 110 169 119 160 32 97 49 32 89 4 
139 169 134 24 126 177 192 71 169 29 165 147 124 36 36 148 55 175 179 164 71 189 82 53 8 37 151 13 89 30 54 127 27 56 136 145 50 99 35 147 178 183 43 197 121 121 28 116 146 160 57 47 72 164 12 128 119 50 196 162 46 160 66 135 191 109 181 29 7 2 110 195 183 91 51 191 162 56 32 123 72 113 10 108 157 81 63 80 29 67 170 158 40 90 4 121 170 117 150 140 
159 112 81 110 70 85 146 140 70 187 63 42 4 40 30 36 4 173 192 188 157 144 197 175 10 193 106 134 122 45 95 193 52 80 148 79 179 190 127 39 31 87 116 136 170 167 152 173 126 132 25 33 30 150 58 157 115 149 113 46 36 94 173 34 67 142 138 32 149 37 55 114 141 169 121 40 78 95 124 186 198 114 44 42 147 159 184 4 71 170 61 51 193 53 147 21 160 158 138 25 
160 140 36 186 156 7 48 80 70 99 169 97 192 5 128 186 42 65 27 68 166 164 105 187 7 110 87 47 43 33 188 21 181 88 21 72 164 87 115 40 37 8 167 144 121 169 64 3 20 110 71 193 189 94 10 72 40 5 151 42 170 54 198 98 85 73 145 100 86 168 159 121 159 39 195 164 78 135 94 25 86 98 170 200 39 159 147 84 199 68 169 88 192 171 130 98 34 50 21 156 
177 132 37 1 167 38 58 1 147 11 46 22 123 74 103 154 94 167 46 104 150 120 198 152 85 6 79 193 168 177 127 3 198 116 200 77 109 48 121 124 108 181 72 116 14 93 158 93 193 28 184 12 63 89 111 85 169 120 6 116 97 161 197 147 22 18 187 15 159 122 86 87 69 13 164 168 147 97 28 145 111 26 147 6 26 80 24 105 182 41 35 137 187 27 192 55 195 98 5 29 
116 23 175 44 124 44 157 73 61 157 36 80 26 31 146 1 71 33 12 170 196 81 49 135 140 124 137 155 84 66 78 6 79 169 70 144 77 195 15 9 117 39 77 166 105 51 176 15 181 155 178 120 116 177 46 194 193 23 89 150 32 195 170 24 140 30 183 4 40 88 39 129 131 23 33 189 114 44 101 59 102 174 32 3 82 114 83 166 96 176 149 95 91 105 5 165 155 110 48 200 
189 11 191 112 123 119 150 77 42 143 174 62 186 114 46 53 55 83 193 186 18 6 56 108 104 24 105 3 23 110 117 90 196 102 43 104 146 121 193 158 54 92 41 104 31 153 198 156 81 33 42 141 81 91 97 50 132 17 161 195 125 166 135 182 146 185 63 60 45 39 148 101 59 71 133 17 149 22 144 22 132 45 98 182 108 147 71 8 117 71 67 99 110 193 112 7 148 77 150 82 
127 1 194 71 111 144 127 151 118 1 116 157 126 194 161 37 50 89 193 155 79 53 81 124 187 36 156 122 195 6 194 39 148 198 75 156 38 138 154 109 141 97 47 66 103 148 151 62 176 82 60 114 147 42 74 188 102 131 138 20 115 147 111 72 57 151 63 19 131 22 106 3 132 102 102 60 163 42 25 189 167 157 36 94 142 134 52 63 45 134 174 66 193 80 4 121 116 5 100 80 
189 124 44 81 66 23 28 98 40 101 33 75 111 164 54 189 110 100 194 176 14 106 149 69 19 147 111 163 28 196 17 171 62 17 167 118 178 97 168 128 83 19 71 64 68 40 161 32 121 157 118 129 109 102 194 26 183 76 66 105 199 9 91 68 2 54 53 22 137 47 109 26 194 136 184 134 26 112 155 133 7 52 45 39 142 116 127 79 176 119 22 112 96 5 159 138 72 77 103 100 
176 141 42 29 142 65 77 82 92 39 31 41 166 161 178 156 123 119 5 7 196 62 143 123 156 140 145 73 30 15 58 176 88 48 169 149 172 164 94 168 37 7 118 65 51 132 80 7 166 60 180 102 13 43 11 92 15 7 51 10 100 178 87 127 114 40 140 152 158 57 148 32 36 194 150 28 103 104 128 188 98 68 86 65 160 68 40 126 176 157 79 49 107 147 46 101 159 3 98 19 
71 24 22 82 3 188 104 85 1 70 177 191 101 104 123 125 77 53 45 182 68 100 184 153 141 67 194 37 123 54 98 29 176 107 110 34 82 134 100 180 184 3 46 64 93 76 123 180 25 19 67 158 193 195 118 43 111 143 127 13 181 162 150 195 46 193 78 74 134 77 86 160 99 70 36 43 86 97 7 149 30 185 49 200 40 129 140 156 46 130 190 127 104 65 133 1 13 131 59 71 
53 191 181 154 10 117 125 33 82 160 162 91 37 189 159 163 48 32 57 154 149 164 143 90 191 115 191 81 122 33 136 166 129 124 83 134 58 130 63 23 125 3 108 150 199 151 24 167 190 120 115 131 96 62 85 22 189 134 38 137 90 51 98 39 132 65 82 178 122 101 66 132 53 18 102 141 89 153 59 134 167 37 175 78 77 173 127 198 59 76 140 3 177 92 113 133 136 131 168 70 
179 180 129 59 158 60 57 28 111 14 114 134 54 173 152 61 20 173 99 122 79 17 117 92 172 18 120 52 151 2 175 167 121 38 155 135 117 66 110 118 111 14 84 49 97 141 60 96 142 110 23 12 117 16 164 155 39 138 50 175 92 71 141 18 169 160 72 62 5 148 2 9 15 45 137 72 164 118 92 159 199 144 18 25 54 47 167 192 197 19 9 10 132 174 97 150 164 78 105 150 
81 33 96 28 87 109 175 33 75 83 67 84 92 47 183 178 93 13 121 80 122 86 72 15 33 197 61 36 50 143 44 186 76 27 186 6 81 29 20 180 42 190 31 99 199 169 40 197 180 109 200 73 169 93 13 50 71 55 62 88 144 112 32 60 66 182 94 151 117 159 157 194 19 109 69 164 75 161 92 115 52 48 131 108 80 189 63 69 61 47 78 32 41 73 12 143 58 133 62 109 
126 182 100 58 103 196 185 146 172 130 166 41 153 22 32 76 165 81 186 63 42 10 123 132 16 85 135 67 13 198 6 69 77 71 35 64 75 106 102 102 44 1 117 86 126 4 199 160 52 55 169 57 107 53 196 141 94 185 159 191 12 45 46 131 181 185 64 13 163 177 116 167 45 99 89 65 84 193 8 56 160 115 123 174 188 88 28 9 17 183 71 112 124 61 62 18 33 161 93 2 
51 47 159 126 154 13 156 149 127 99 72 88 152 12 186 14 154 192 153 200 161 125 2 46 36 129 20 42 95 181 35 51 115 145 27 87 65 62 2 166 158 145 189 21 47 77 139 143 117 161 95 17 89 186 52 161 29 72 199 160 117 39 194 159 197 14 165 194 105 117 20 63 188 77 78 168 93 7 153 181 88 44 10 123 47 3 124 59 145 31 18 34 58 121 4 15 144 153 56 169 
129 38 67 170 52 171 100 26 2 121 1 70 87 21 187 74 166 44 179 62 124 192 46 128 168 87 105 81 120 49 165 156 133 66 70 8 22 155 199 91 171 3 106 56 158 130 180 163 68 113 42 10 120 160 148 174 28 177 183 4 193 106 126 110 138 49 147 41 9 108 130 119 151 6 57 84 118 25 156 146 22 184 93 37 1 177 88 116 85 114 122 23 69 122 93 125 169 134 189 165 
151 71 77 131 198 66 180 66 164 111 77 29 66 173 113 171 140 35 51 187 153 9 55 99 97 131 150 70 150 33 161 98 62 49 115 151 154 50 49 114 68 170 8 33 193 60 65 49 82 184 45 154 186 170 91 154 113 57 47 96 14 84 178 81 168 55 105 178 169 77 175 176 28 181 190 177 34 76 167 113 8 18 146 24 173 100 54 84 75 40 91 141 140 72 83 40 89 56 7 189 
156 40 146 180 160 171 84 126 96 109 143 28 33 130 182 106 43 111 66 179 60 133 8 74 175 169 23 111 161 125 158 112 53 77 5 105 116 35 177 99 193 14 58 151 99 59 117 181 120 141 198 167 23 58 169 159 99 14 143 22 200 72 153 39 65 4 42 182 166 64 21 195 73 43 81 39 10 103 51 156 33 15 6 103 58 94 92 112 177 5 98 199 76 9 61 135 106 12 149 134 
132 153 113 84 129 31 56 164 165 46 125 163 126 162 194 198 189 13 39 118 74 51 143 88 76 172 28 4 121 193 50 131 163 38 127 165 185 71 66 114 117 150 14 137 159 131 95 80 134 197 51 20 144 170 65 40 175 31 54 61 41 35 91 69 30 157 177 66 184 102 71 112 113 4 41 73 163 8 16 135 107 82 45 133 10 72 64 1 54 117 196 26 135 130 89 135 147 23 129 58 
18 89 149 102 16 87 156 29 174 4 182 111 41 18 63 47 196 17 36 153 76 153 130 167 196 190 101 80 100 26 111 179 133 185 59 181 121 108 101 84 101 136 32 18 23 103 102 95 167 39 15 131 52 8 104 178 32 72 50 98 16 5 47 119 196 22 172 133 77 57 87 105 27 68 64 148 20 32 78 140 1 79 79 1 186 7 117 84 21 13 38 124 145 25 120 173 57 178 140 83 
167 166 66 36 3 17 6 53 118 19 62 199 100 123 11 69 183 99 2 200 146 91 1 99 70 4 156 29 173 188 163 195 191 39 74 129 199 39 145 130 5 32 37 36 161 31 128 179 83 6 126 92 111 86 93 89 143 95 19 61 8 60 132 28 52 73 11 124 137 78 129 53 117 90 125 33 100 42 28 112 59 27 119 77 112 127 100 143 61 21 25 48 5 167 4 149 184 28 15 192 
190 127 93 87 20 125 21 17 155 126 175 114 146 58 13 82 82 29 57 178 68 164 29 125 68 184 78 143 52 27 199 76 77 61 97 37 3 161 179 175 184 121 91 147 30 61 101 99 173 38 83 9 68 49 23 1 198 199 94 180 86 13 15 51 43 46 25 74 2 116 46 42 28 16 31 171 95 173 86 196 39 81 61 28 26 103 105 31 30 89 114 90 189 75 113 181 86 49 144 20 
193 172 175 74 41 121 182 147 28 59 85 182 37 130 158 123 80 27 103 140 190 11 56 122 76 6 83 136 49 39 181 146 163 13 168 157 118 3 125 69 126 167 29 6 52 63 159 164 47 121 136 54 1 14 148 155 113 41 199 9 49 16 91 182 33 153 165 90 113 108 71 10 97 17 83 123 111 8 60 91 7 120 158 124 154 105 139 100 190 80 41 143 159 70 6 99 195 15 161 102 
172 74 110 186 149 200 170 96 199 170 190 176 92 173 58 187 119 34 48 24 59 160 82 110 73 59 111 190 44 124 121 32 70 18 18 105 192 186 180 90 198 186 124 170 84 38 64 51 49 148 53 51 143 58 52 95 19 81 179 194 113 25 38 90 195 24 108 13 1 182 191 62 80 38 136 148 169 176 145 10 43 99 111 132 111 68 57 113 106 82 7 28 127 135 118 135 197 28 186 85 
50 173 64 66 107 91 132 18 132 70 25 99 170 98 43 120 75 16 47 59 169 95 72 24 72 79 41 41 88 109 141 57 31 157 194 110 137 128 107 170 130 104 1 113 27 43 112 82 143 178 62 198 121 176 116 55 58 32 198 169 4 151 54 168 110 104 61 113 107 147 22 25 58 75 161 156 11 166 161 69 91 27 143 130 6 162 8 13 48 133 91 137 125 99 3 194 44 99 127 118 
145 174 21 64 66 7 102 191 197 13 176 131 200 129 101 117 17 132 177 97 97 86 112 153 33 51 185 121 121 194 190 42 59 48 114 104 166 99 26 188 119 145 75 120 9 76 25 51 8 36 156 161 9 7 169 100 114 82 56 166 74 65 130 25 171 89 192 83 95 140 120 16 50 146 14 53 178 26 182 68 197 149 178 92 38 109 63 19 20 131 90 171 74 37 134 42 121 62 185 90 
35 136 38 25 89 172 134 137 74 194 90 136 101 17 75 58 82 63 22 31 43 23 38 136 164 115 82 169 23 26 68 69 176 20 142 29 198 176 127 110 164 175 82 30 27 47 2 68 162 92 185 103 6 168 52 56 166 133 73 2 176 151 80 22 97 137 111 106 160 194 132 141 38 62 35 123 79 189 64 76 136 107 8 87 111 192 70 106 187 163 99 26 159 12 62 43 15 6 93 4 
39 157 190 173 19 39 147 60 53 104 111 99 151 127 78 162 120 98 130 134 51 157 82 68 66 100 26 173 132 159 27 13 72 48 160 93 41 67 91 200 180 6 49 72 15 126 102 84 97 142 188 172 8 194 142 45 3 70 90 65 42 181 8 1 83 68 187 142 52 160 107 91 151 95 166 42 148 156 139 186 23 4 157 61 40 143 197 6 61 162 41 23 109 168 22 141 129 154 175 24 
122 173 31 130 163 106 40 91 172 9 2 157 32 48 51 196 101 71 89 95 83 13 2 193 4 191 29 87 116 120 193 176 124 59 3 184 84 38 140 76 176 83 82 197 145 68 76 151 95 113 42 26 151 161 92 187 94 65 66 191 107 176 69 13 189 127 180 100 92 1 171 13 104 198 49 198 40 132 69 199 51 82 18 122 127 193 174 18 41 67 93 88 94 147 62 25 165 160 125 81 
46 57 75 75 102 143 17 119 15 113 48 121 91 87 172 89 183 33 64 103 180 24 12 199 114 60 114 88 65 194 87 190 117 126 153 6 84 38 71 183 48 37 12 15 30 53 31 176 87 195 153 21 31 106 89 16 38 156 130 183 61 61 100 20 103 6 74 66 74 183 81 90 130 184 40 125 60 101 87 138 181 109 115 43 15 148 68 8 42 67 153 180 145 146 164 165 134 38 168 147 
130 67 130 127 14 159 131 159 13 74 97 165 172 113 21 67 64 118 17 107 29 48 8 115 78 161 2 128 159 115 60 76 37 69 178 103 52 7 188 26 81 57 119 5 172 47 74 69 80 15 29 19 182 164 74 120 171 135 103 162 177 92 173 88 129 3 30 135 83 81 69 128 91 26 75 2 63 43 80 165 65 39 187 28 187 141 92 137 196 54 87 149 155 146 47 43 100 13 25 184 
102 109 42 89 149 56 75 7 149 116 38 147 150 175 102 122 47 172 70 94 163 8 30 175 142 177 2 167 87 70 2 139 104 67 168 49 16 118 24 159 60 192 51 107 54 22 163 65 179 97 28 42 120 51 140 166 152 51 127 48 17 91 93 42 6 89 153 155 65 158 22 97 1 44 46 60 108 84 110 89 65 59 66 64 42 32 83 109 131 18 18 156 143 163 37 145 168 24 181 133 
52 101 138 5 129 184 90 27 59 91 142 148 70 51 169 20 182 55 100 128 61 148 172 3 15 12 122 99 6 21 96 63 165 100 72 13 93 184 179 130 174 109 185 25 133 85 119 172 8 78 131 82 80 186 58 73 132 32 152 102 17 16 156 14 52 108 73 149 39 139 33 56 172 41 92 50 92 126 14 45 112 36 182 146 199 3 177 48 132 180 42 20 139 151 199 5 14 41 62 10 
153 9 113 165 92 5 50 146 49 160 50 97 46 102 5 189 173 27 27 99 73 24 72 70 120 80 136 129 30 25 111 166 78 174 171 197 173 110 155 5 169 196 8 163 126 189 162 192 165 165 103 132 82 161 128 131 84 151 168 194 40 199 104 40 88 187 87 13 145 162 36 49 26 60 108 29 23 149 153 187 124 142 110 45 41 69 139 164 153 5 82 176 81 56 102 58 1 5 70 77 
22 46 192 86 53 65 109 47 4 50 188 21 119 51 43 30 115 165 189 25 142 181 23 175 107 97 82 192 13 24 127 198 178 191 162 140 24 153 26 164 71 171 40 39 37 54 178 199 137 149 116 136 66 6 84 177 145 132 172 162 25 20 185 44 146 107 9 53 135 44 195 92 51 25 53 86 197 118 124 86 150 12 155 88 106 179 76 40 163 184 80 105 52 24 31 37 186 189 126 101 
21 179 135 47 9 104 95 112 128 96 100 35 163 186 27 57 84 85 60 75 9 74 196 78 103 28 7 197 23 149 164 120 118 47 27 99 128 27 156 32 156 29 75 171 52 42 43 115 48 31 24 99 165 49 115 41 112 12 85 56 165 151 104 99 26 56 82 2 149 21 101 175 91 70 138 150 165 134 178 120 108 36 54 11 69 13 96 73 123 112 91 116 168 14 48 16 181 54 43 101 
167 108 35 25 190 126 186 177 98 114 164 184 112 60 129 42 104 86 154 146 9 86 47 17 152 72 113 105 163 76 102 19 88 41 40 65 6 3 98 84 156 127 109 171 200 86 165 16 136 67 85 167 55 117 158 90 91 62 151 129 22 48 164 18 159 58 29 166 14 132 62 64 136 30 3 17 140 134 140 171 49 35 126 87 180 124 49 35 99 79 97 25 122 93 57 112 147 74 122 133 
75 55 105 100 62 72 116 129 64 135 72 43 37 52 93 148 36 85 14 154 78 15 31 171 70 98 124 35 147 95 62 61 200 187 19 23 62 109 115 115 22 156 196 60 187 123 115 73 7 181 45 10 170 200 128 78 18 27 165 179 42 29 130 141 71 149 81 148 40 33 113 195 173 89 120 24 62 148 195 126 167 141 78 13 74 54 127 8 199 166 108 8 47 27 16 87 177 106 3 103 
36 108 74 55 79 17 72 32 131 93 90 12 175 85 4 63 168 124 140 182 186 62 95 84 161 88 125 189 61 63 62 139 182 56 38 35 76 72 15 37 19 130 6 176 198 70 76 90 163 65 8 129 127 7 77 160 103 127 162 119 10 125 107 122 60 55 130 200 24 46 104 127 91 101 140 181 48 112 91 113 39 45 200 155 47 65 127 90 184 155 172 76 112 3 163 75 145 67 112 155 
126 72 163 8 158 110 123 29 6 92 94 79 50 40 54 63 144 193 180 184 161 84 16 58 173 118 54 6 92 126 115 114 116 128 1 140 21 199 76 39 94 110 85 69 68 196 179 109 36 36 90 138 148 126 168 194 143 198 185 27 136 154 138 90 37 98 106 124 193 35 34 171 138 72 183 132 72 67 171 87 36 165 44 4 27 108 172 94 16 93 80 93 58 31 143 31 191 121 123 27 
173 79 175 43 200 95 110 188 38 172 113 103 185 157 18 134 188 100 61 159 23 115 120 91 41 21 17 52 154 189 22 63 45 169 191 120 141 13 13 58 169 156 146 27 100 104 131 188 200 138 54 44 24 89 18 7 104 33 21 3 99 135 62 80 46 11 148 122 109 190 194 23 183 4 197 101 112 179 8 151 191 36 139 76 28 74 161 142 86 26 46 55 32 46 146 78 120 116 94 74 
11 133 130 116 96 90 25 21 128 62 48 123 107 166 37 38 136 195 163 157 135 44 75 45 196 159 179 80 163 5 33 179 101 21 93 13 184 102 4 95 16 181 174 8 185 63 144 143 173 46 137 166 15 54 135 38 57 87 73 185 17 136 152 37 90 49 32 114 8 168 167 1 170 115 43 14 193 21 70 193 72 4 24 135 27 172 179 192 58 154 119 69 197 103 132 120 171 129 90 115 
73 192 90 45 123 9 156 54 168 6 158 194 99 172 65 139 85 88 101 69 41 165 34 77 42 125 66 200 74 44 67 34 163 104 97 99 111 154 197 199 96 119 128 184 182 43 157 111 163 97 62 164 91 194 167 127 43 43 50 79 6 105 54 122 50 193 64 135 132 10 2 42 139 33 123 93 2 200 131 104 38 41 181 70 175 146 109 181 86 54 69 46 60 24 139 50 64 119 99 156 
73 30 90 166 15 166 200 47 3 189 195 69 167 17 52 188 9 147 190 28 114 28 191 165 17 5 135 24 76 113 151 162 85 147 75 168 86 98 183 176 146 75 79 71 80 130 114 182 112 128 151 195 150 130 70 12 103 127 115 16 62 38 147 2 75 8 30 43 51 25 159 169 35 29 126 166 10 184 117 192 166 105 98 14 78 171 101 181 148 153 152 110 35 66 51 170 119 7 90 183 
186 103 178 65 96 195 191 180 122 40 4 139 187 112 154 1 33 56 137 123 108 126 176 105 107 141 127 20 154 145 13 188 126 123 107 28 26 170 123 48 182 43 27 142 113 94 81 43 154 88 146 62 121 99 97 15 143 31 29 79 73 58 15 1 144 99 198 34 69 46 2 16 183 43 134 92 76 159 68 139 119 26 128 11 169 37 99 136 37 19 3 74 179 93 142 9 33 68 39 89 
169 141 7 62 55 109 163 120 129 83 120 75 186 34 46 145 178 103 19 112 59 107 182 181 133 104 66 191 179 193 68 65 7 11 61 147 28 168 117 72 192 9 163 92 50 143 53 69 159 170 109 141 40 8 47 83 136 188 106 179 93 104 195 108 107 77 133 169 15 133 142 152 72 98 154 36 199 99 55 151 146 157 25 16 150 14 61 151 185 32 165 46 21 166 48 160 181 116 5 98 
194 74 90 3 14 182 183 121 63 121 186 22 69 184 59 9 169 81 5 178 20 74 31 179 68 190 92 2 136 42 188 171 134 44 92 114 14 47 118 88 179 29 188 101 81 147 49 72 8 91 16 15 158 86 159 129 145 123 24 147 105 155 200 13 37 37 157 29 190 44 20 63 6 169 31 163 140 21 153 55 132 89 33 61 165 135 60 55 81 117 151 106 75 145 41 164 183 78 54 198 
85 84 171 76 69 192 103 83 166 155 5 164 164 53 18 176 159 95 143 172 78 45 180 28 187 87 194 44 3 152 128 165 130 61 7 96 69 159 151 184 95 198 16 93 144 199 152 74 137 151 140 69 187 190 190 61 88 186 113 13 15 122 3 92 154 80 82 125 68 28 67 179 136 128 119 169 117 135 160 192 158 114 29 75 6 189 153 49 34 6 114 160 139 192 88 29 30 110 39 127 
104 198 28 36 62 2 101 138 177 187 103 47 199 175 199 168 182 92 11 174 183 184 181 151 24 192 175 64 154 93 57 190 66 4 16 177 165 51 37 156 8 187 7 85 21 88 1 16 142 70 190 152 90 143 197 82 128 87 4 4 89 130 75 193 143 168 144 4 40 45 142 135 48 80 150 25 165 24 56 5 90 44 149 141 71 139 72 196 28 186 75 16 133 102 184 55 18 107 80 172 
109 14 80 67 156 147 64 107 150 87 196 151 15 172 26 104 47 59 89 155 41 128 34 158 40 179 6 36 180 1 43 160 170 124 81 68 114 116 70 9 33 162 188 57 145 154 37 165 173 3 186 10 23 98 141 147 71 163 24 142 152 132 47 172 51 49 121 174 184 105 3 159 72 159 86 106 8 34 136 65 53 26 93 25 182 122 100 52 13 134 44 86 71 86 15 162 147 5 142 165 
169 60 158 164 138 10 45 76 12 11 46 27 128 7 181 3 95 60 174 52 136 93 166 52 101 179 1 99 128 7 93 182 114 34 18 55 85 45 168 101 187 156 119 174 108 77 188 23 77 51 187 71 171 177 2 36 134 101 66 153 29 11 179 64 176 100 172 17 175 91 68 48 70 10 49 29 39 147 153 98 74 123 76 61 89 117 38 151 185 124 125 7 169 93 112 195 79 140 197 13 
54 97 165 17 16 34 60 29 80 23 88 47 53 107 26 17 50 53 168 44 194 86 184 169 124 97 166 117 116 184 134 71 37 159 144 175 62 34 113 120 12 151 30 151 196 86 120 91 159 127 23 105 17 2 183 30 155 46 161 171 100 105 118 169 120 155 187 134 112 163 26 12 37 79 76 171 64 18 144 180 95 167 120 187 111 170 138 173 34 12 180 111 105 188 39 128 196 138 49 192 
