75 4
0
1
1 88 107 88
2 129 140 129
3 132 194 132
4 151 99 547
5 176 108 176
6 229 188 981
7 230 165 1550
8 235 141 799
9 255 51 153
10 310 73 164
11 320 173 666
12 325 142 1461
13 360 187 1482
14 374 106 798
15 399 177 1461
16 444 151 444
17 499 79 341
18 500 44 588
19 557 13 531
20 631 71 915
21 632 43 890
22 641 188 1017
23 653 42 737
24 667 131 929
25 701 20 701
26 745 149 1937
27 776 62 900
28 784 64 1168
29 833 27 1049
30 870 156 1182
31 884 163 1536
32 959 31 1083
33 962 85 1472
34 1034 57 1376
35 1039 57 1495
36 1054 109 1054
37 1103 131 841
38 1109 121 1109
39 1171 105 1381
40 1178 131 2226
41 1183 147 2359
42 1213 154 1213
43 1246 3 1264
44 1265 22 1265
45 1321 15 1291
46 1356 76 1812
47 1368 132 2424
48 1377 179 1735
49 1383 187 1757
50 1410 20 1490
51 1424 139 1146
52 1441 23 1487
53 1453 67 1989
54 1495 143 2067
55 1520 90 1340
56 1531 134 1799
57 1577 194 2741
58 1586 13 1690
59 1662 132 1926
60 1752 132 2016
61 1753 110 1753
62 1809 97 2003
63 1816 159 2770
64 1817 31 1879
65 1828 67 2096
66 1862 141 1580
67 1886 131 1624
68 1889 129 2921
69 1964 83 2462
70 2051 181 2775
71 2067 135 2067
72 2090 25 2040
73 2138 44 2314
74 2153 75 2753
75 2246 82 2574
58 45 10 184 111 141 81 70 31 31 180 45 58 159 190 88 134 20 22 67 114 16 125 86 80 133 134 199 15 152 114 60 163 24 176 189 85 26 138 83 141 128 79 61 143 3 80 118 197 136 182 58 152 166 162 147 120 6 152 123 127 138 195 14 38 171 23 79 39 120 185 26 180 119 122 
118 127 95 96 1 120 128 14 193 50 53 88 198 105 177 186 175 135 154 143 197 181 191 24 177 116 6 78 189 165 192 139 146 8 47 71 54 138 114 36 69 158 26 122 166 152 10 108 40 59 63 1 81 147 38 73 27 30 92 99 100 35 47 65 34 36 115 61 129 118 187 115 96 170 22 
59 38 98 123 106 173 118 131 181 171 183 60 101 142 192 131 159 25 161 78 149 124 28 186 67 108 163 173 162 150 111 73 134 92 67 157 181 57 148 32 61 86 56 64 185 195 99 111 35 9 105 76 181 112 38 137 73 119 21 100 33 144 119 189 90 77 193 113 198 34 162 80 17 156 1 
66 142 88 132 53 134 21 138 76 7 190 151 2 50 189 10 7 85 9 64 74 163 174 103 88 8 176 193 21 199 40 193 58 92 180 158 20 18 150 154 143 145 71 163 112 177 134 59 97 169 32 46 152 30 193 158 65 191 67 186 46 178 60 178 11 25 187 108 46 144 81 85 32 114 152 
170 30 179 114 115 180 130 4 39 132 167 164 104 73 52 40 153 4 38 175 14 15 69 121 172 70 149 24 13 194 136 120 117 173 199 45 74 148 178 190 87 161 2 30 121 140 129 78 165 191 58 195 104 105 8 24 172 175 51 31 169 14 165 141 28 83 56 98 113 112 170 195 36 123 68 
134 48 20 60 186 67 196 146 65 90 52 155 166 160 144 178 189 63 185 90 113 41 183 59 106 64 89 72 19 65 13 26 29 54 52 34 12 78 69 68 142 182 20 83 2 144 52 7 92 102 197 17 36 91 80 21 68 119 3 143 138 91 174 83 113 42 110 143 37 40 146 124 181 148 185 
96 179 93 16 147 186 147 170 108 138 176 58 27 30 152 122 76 187 23 150 90 46 7 173 166 13 152 111 82 23 148 151 190 27 26 170 170 40 55 66 19 85 60 179 82 149 31 200 95 115 28 177 41 192 180 128 35 166 31 164 167 195 86 40 122 75 46 187 126 42 61 58 109 141 65 
182 116 96 112 121 177 11 86 21 138 185 171 117 19 146 43 76 186 90 174 119 35 104 165 79 54 170 107 8 162 21 184 126 128 134 119 8 174 26 47 75 147 22 96 197 164 42 113 122 120 165 133 71 117 59 200 181 131 92 82 166 137 29 173 189 80 130 161 156 16 67 177 64 12 46 
142 79 109 83 32 171 127 27 36 134 122 196 185 189 86 33 124 90 42 166 15 94 18 135 170 47 55 75 66 192 155 73 139 171 152 16 39 133 103 136 39 53 68 185 176 10 57 28 76 46 42 175 192 33 120 119 85 183 128 124 18 178 12 64 25 98 37 66 92 29 113 85 121 146 53 
47 142 63 8 176 148 90 13 112 98 94 186 138 185 161 49 200 118 97 175 156 129 200 160 33 32 89 152 34 11 3 196 68 13 195 43 49 60 53 74 116 35 41 59 92 151 164 20 18 96 34 94 85 90 165 179 56 32 195 191 143 82 140 7 111 58 78 101 124 67 80 135 93 79 105 
44 159 147 184 66 197 45 22 171 92 154 99 178 7 106 18 92 163 162 34 187 102 102 84 61 83 197 67 95 148 178 57 30 46 32 192 171 108 172 15 152 180 11 131 45 142 200 20 132 125 140 107 188 170 25 67 127 85 32 127 113 138 197 170 147 183 90 155 3 32 55 84 149 30 20 
180 48 162 197 123 74 79 2 45 15 117 143 67 197 131 147 141 65 108 195 59 167 52 198 199 183 119 190 13 119 195 194 28 18 191 137 49 54 165 5 142 153 30 30 97 11 197 132 43 78 121 181 174 13 47 109 135 183 103 10 76 192 170 48 102 185 92 32 136 75 190 175 112 1 1 
119 166 114 185 194 101 84 42 8 69 92 138 139 75 117 150 17 76 77 48 197 145 23 22 113 100 122 153 7 126 165 69 148 42 120 74 170 125 113 6 84 49 160 175 172 199 90 149 60 16 195 137 88 129 198 157 67 63 106 187 134 198 163 78 139 126 35 198 122 80 139 80 85 168 114 
80 58 128 121 147 25 168 37 87 185 82 79 73 40 137 83 179 87 186 21 21 175 12 54 44 108 104 191 164 106 85 128 23 95 91 43 68 138 84 35 6 182 22 138 194 10 61 48 187 175 105 114 133 65 71 187 162 131 53 13 187 194 183 109 110 163 38 183 150 168 47 162 133 4 38 
89 15 138 66 133 149 95 14 198 140 51 67 13 51 62 122 96 115 53 173 103 45 1 143 45 137 50 72 61 14 48 149 150 98 44 9 47 90 149 4 178 28 200 122 6 122 67 131 38 25 153 195 179 168 160 188 182 131 137 159 192 68 34 86 98 131 125 153 169 83 77 156 98 34 138 
116 80 140 40 31 59 122 21 93 88 1 145 13 32 13 73 164 164 38 121 23 173 123 176 36 116 42 17 46 38 17 187 185 14 167 57 147 186 121 137 15 28 118 25 94 42 169 158 18 164 73 191 85 140 62 130 70 131 192 118 5 98 65 130 15 82 132 185 143 44 21 165 4 156 48 
56 143 81 156 127 117 80 164 185 147 22 192 49 35 183 33 44 198 138 188 74 147 84 174 74 75 78 120 125 171 60 181 118 110 111 183 134 129 137 98 120 24 14 50 76 177 38 154 157 21 97 121 182 125 137 86 112 133 83 109 185 94 191 44 142 101 75 59 62 58 158 101 34 165 106 
51 94 103 117 18 174 5 63 25 151 7 183 1 58 73 142 133 163 69 83 171 128 137 119 118 32 4 38 132 64 36 4 64 26 59 124 99 59 103 79 191 179 180 90 178 88 113 147 85 129 41 155 57 119 53 146 10 166 163 152 151 99 156 100 191 32 64 40 30 53 123 129 135 181 88 
2 162 163 85 147 111 146 100 179 119 188 20 128 1 7 45 56 16 35 33 46 42 71 71 57 32 108 175 75 131 50 42 87 19 58 49 136 200 137 117 77 17 55 60 173 21 11 45 15 29 123 161 120 13 103 19 126 12 134 143 143 147 142 78 142 176 13 67 200 100 21 12 188 111 192 
181 139 122 179 101 84 86 102 104 189 82 149 158 112 30 137 35 134 196 34 122 80 198 186 194 9 7 130 175 143 99 117 100 114 70 113 31 143 45 147 68 172 76 10 60 95 167 90 116 178 125 183 169 191 142 141 144 192 131 175 58 146 107 61 66 156 157 147 134 138 34 100 107 134 171 
117 149 22 26 138 107 188 195 41 56 98 159 89 110 98 191 161 91 22 146 137 16 64 96 134 162 66 2 83 163 48 156 30 181 37 159 153 131 39 110 48 120 199 73 93 186 82 93 61 61 155 55 16 166 22 21 186 105 113 80 115 95 45 91 150 47 174 1 168 60 122 76 117 2 154 
159 127 111 125 164 109 147 188 103 179 24 140 121 114 120 61 70 184 174 112 167 55 5 162 122 29 26 25 12 131 36 5 109 57 112 36 131 17 116 57 108 14 17 10 133 173 39 14 138 85 128 188 169 187 181 70 123 103 58 70 111 95 120 189 73 68 20 15 143 85 75 145 2 11 194 
165 50 189 173 29 172 63 117 184 48 96 107 86 78 8 159 174 115 161 13 8 162 37 108 44 109 37 65 91 20 150 172 180 42 190 84 102 157 56 175 71 161 141 181 14 79 101 142 111 126 41 6 133 44 77 93 174 147 192 163 124 175 75 58 132 173 185 33 6 187 75 187 70 85 169 
39 100 35 175 197 23 109 48 170 99 53 179 4 149 70 171 193 36 166 44 46 145 42 170 24 175 128 168 126 30 5 150 182 145 52 56 22 109 129 65 50 56 145 18 99 154 25 181 98 121 27 105 178 33 160 98 8 69 67 118 99 150 119 52 31 20 141 88 158 123 24 151 72 55 136 
198 41 41 107 99 99 22 4 143 54 93 94 71 67 53 124 140 107 45 90 105 83 33 37 138 111 133 42 70 188 36 41 109 200 81 46 64 38 50 9 148 175 50 60 165 94 121 71 199 24 147 174 165 51 60 155 8 69 77 34 185 149 72 12 160 127 46 127 32 163 149 199 137 82 62 
113 179 167 79 195 199 57 37 127 89 172 113 114 117 40 79 2 149 106 29 68 53 171 171 93 82 91 56 76 68 106 171 128 152 6 129 189 99 182 8 68 45 126 46 139 20 143 41 63 140 98 10 66 25 152 54 190 152 44 178 163 116 109 165 104 90 93 5 58 137 46 193 153 12 35 
119 34 66 37 33 156 71 178 18 174 140 134 125 107 116 164 185 148 119 28 198 92 59 176 189 177 40 197 81 147 126 22 78 6 25 133 76 189 42 167 94 152 44 8 109 41 102 12 87 72 14 183 105 124 85 194 150 116 135 129 135 13 172 32 71 45 93 159 77 83 17 2 91 136 189 
79 130 159 39 129 149 29 154 7 124 106 190 122 196 21 54 164 14 47 112 154 194 42 133 92 25 4 31 161 103 188 144 90 95 51 82 21 54 187 125 24 70 177 14 137 182 48 164 100 151 138 29 190 141 82 3 110 47 165 28 134 200 106 138 172 191 105 114 79 94 127 1 129 74 12 
90 148 143 115 104 17 76 121 7 199 73 34 11 57 112 152 35 85 25 14 189 53 194 127 20 97 21 38 142 71 71 107 35 142 6 157 146 71 134 173 151 60 156 129 186 48 90 190 31 54 191 129 192 57 166 162 195 52 107 40 115 106 70 118 127 154 138 56 125 101 107 189 123 78 148 
63 75 92 137 118 73 188 30 29 79 41 133 50 12 59 13 78 81 141 46 200 50 98 162 156 3 82 104 175 199 145 189 16 14 132 106 28 166 110 84 193 6 44 81 5 104 70 11 4 167 5 131 94 43 124 106 21 171 110 28 73 143 89 107 94 23 21 189 52 158 36 78 142 97 193 
24 63 48 1 150 148 200 45 123 138 70 41 41 96 86 193 3 134 163 15 115 184 144 195 198 78 89 11 173 42 98 110 2 86 17 118 11 99 22 92 67 145 106 62 55 92 199 112 104 172 104 176 79 51 30 180 85 32 145 11 28 138 84 21 167 12 33 179 53 109 33 86 133 10 28 
38 196 36 102 52 150 121 80 46 27 5 53 100 180 170 65 172 52 72 106 148 185 87 39 116 13 71 114 105 23 4 33 30 93 159 39 150 89 193 32 151 57 125 105 137 28 80 120 167 161 109 165 134 18 28 141 177 56 77 47 155 44 26 86 159 28 36 154 153 109 144 63 77 40 189 
56 187 157 86 45 172 15 38 87 194 128 106 92 84 29 77 169 178 147 150 81 187 2 117 136 134 147 146 199 76 184 102 198 6 184 115 77 96 173 129 135 1 137 58 75 102 121 200 104 140 146 98 48 8 81 192 6 29 149 164 5 144 10 128 186 165 118 14 1 56 6 60 196 78 148 
27 8 142 13 33 92 183 152 37 59 181 197 73 113 132 120 194 17 90 179 180 184 61 133 23 135 62 51 53 47 38 179 14 36 107 110 182 200 100 26 78 181 101 177 121 9 91 16 136 163 148 113 10 14 56 48 197 145 52 123 115 77 147 77 11 141 44 174 199 111 184 134 132 125 25 
180 106 129 118 186 164 40 186 43 23 15 59 6 125 172 139 157 14 175 168 93 118 97 100 84 176 159 151 126 169 69 14 73 134 121 166 194 197 34 160 93 28 48 90 77 193 132 188 91 90 144 168 23 177 83 109 3 40 95 75 189 81 50 27 181 181 120 73 178 116 27 15 51 21 164 
148 181 95 2 118 83 17 89 90 130 180 185 30 169 18 91 129 121 96 47 188 146 118 177 82 12 92 87 27 65 74 55 170 95 85 35 164 40 116 190 9 22 125 190 1 95 147 26 186 83 169 5 198 108 165 147 43 49 60 60 157 106 38 1 25 154 200 34 197 126 51 56 182 16 99 
16 190 182 168 102 171 86 108 140 91 121 190 7 111 6 18 21 183 54 3 10 104 21 60 182 54 19 132 89 199 152 32 132 64 120 144 69 168 24 173 78 133 19 199 99 120 125 9 162 103 3 175 87 97 138 119 167 22 143 176 63 70 90 89 99 37 107 35 80 116 99 3 130 54 31 
109 35 117 75 198 27 172 88 157 101 93 107 12 90 166 62 122 36 7 56 139 134 29 68 23 154 126 4 53 9 64 145 115 178 35 145 132 98 38 22 87 119 98 192 129 56 10 91 188 162 61 5 128 194 198 94 96 73 190 122 89 161 189 75 23 17 73 169 74 113 153 123 146 136 156 
2 28 39 65 98 33 94 44 138 77 196 174 157 191 104 80 111 5 8 158 112 135 7 69 10 178 14 152 135 197 71 67 162 162 147 154 95 39 156 185 96 159 146 16 173 176 83 130 195 76 176 34 43 38 133 55 156 117 186 194 139 117 133 191 28 98 102 157 58 191 4 180 119 70 78 
147 160 92 163 131 48 9 57 131 58 91 119 151 169 28 141 105 10 62 44 163 188 179 38 58 112 189 69 53 54 187 82 125 180 44 112 167 141 64 25 103 148 72 96 104 104 185 140 72 53 65 103 199 102 180 195 152 107 18 53 196 62 81 173 115 193 81 122 174 47 194 21 91 27 56 
3 117 103 99 63 138 96 158 173 136 31 117 6 34 162 30 128 73 11 192 70 77 165 135 179 164 63 199 44 117 99 110 79 148 47 61 7 125 67 164 80 167 105 135 39 80 21 188 184 85 65 188 197 186 20 96 149 33 191 171 20 92 20 79 33 188 100 75 47 57 14 122 172 102 68 
163 127 128 68 170 130 47 181 59 127 168 169 192 132 188 64 54 137 188 86 117 105 167 46 30 81 48 126 66 35 173 19 120 97 138 88 169 40 178 2 135 185 147 96 105 34 144 174 109 12 24 112 176 60 63 39 10 156 96 19 68 164 128 97 21 74 130 11 160 41 86 144 187 34 156 
113 151 197 120 136 8 38 109 38 180 114 95 135 92 193 178 116 55 45 40 5 94 169 77 33 69 55 174 85 83 135 32 36 130 70 82 9 178 153 161 98 152 89 112 154 69 156 182 195 12 168 64 12 150 98 25 43 92 88 11 190 140 85 6 142 80 133 85 133 7 9 50 195 162 11 
36 172 171 33 85 31 157 175 159 182 95 40 62 28 97 5 35 57 94 100 90 159 135 196 75 11 166 112 49 2 96 124 160 56 197 118 97 135 112 13 113 55 50 69 54 190 40 50 149 19 64 49 93 164 70 15 169 47 84 83 30 94 173 10 95 12 46 82 68 91 151 74 106 160 185 
162 138 128 132 194 133 147 136 117 68 54 113 39 75 45 134 47 12 17 40 82 70 7 188 74 41 120 101 49 155 68 183 137 66 25 65 65 183 73 110 143 38 8 37 175 23 34 73 161 133 187 189 8 170 186 45 158 177 86 122 128 75 142 142 168 44 47 180 115 178 82 79 181 17 138 
105 54 66 4 137 23 141 112 12 86 47 177 160 193 136 109 20 150 124 148 68 126 59 45 182 19 182 63 9 62 193 71 18 196 86 86 171 34 11 175 87 153 88 130 142 142 136 144 97 86 75 68 151 148 54 6 54 31 132 135 37 76 90 19 123 41 5 97 97 105 55 102 140 92 190 
115 45 175 170 197 21 156 188 77 41 15 43 12 40 132 129 79 142 87 78 112 51 19 44 159 83 53 109 115 3 29 69 21 151 101 130 42 127 9 187 99 65 28 109 112 148 89 186 130 37 194 25 179 119 111 98 59 27 82 168 62 168 90 65 62 29 7 114 89 133 200 58 195 150 188 
80 81 79 143 158 18 139 130 58 93 93 119 117 14 164 59 109 16 78 99 26 55 96 121 99 58 30 29 73 56 163 66 168 114 61 100 17 52 136 60 149 13 62 192 170 53 79 45 8 70 23 77 176 185 9 59 113 64 140 128 72 104 139 18 2 101 165 160 196 178 110 198 155 181 189 
188 170 175 114 177 31 140 129 48 12 199 5 85 16 190 99 170 70 23 96 153 187 39 91 102 35 138 72 66 102 78 49 166 19 41 99 180 51 83 91 89 58 148 8 93 121 147 106 113 93 186 186 34 25 3 102 15 144 57 82 4 3 58 80 73 157 198 128 113 3 74 21 75 158 17 
58 62 189 121 41 48 62 115 17 47 59 39 164 197 169 141 166 105 96 193 174 170 164 33 54 13 26 120 131 174 141 69 72 181 3 14 25 100 8 107 42 151 141 170 41 42 194 161 154 7 35 92 59 34 141 96 16 57 114 198 191 91 120 167 24 168 65 36 32 108 73 120 173 45 183 
45 95 142 145 167 53 60 62 67 70 70 81 5 121 160 34 187 166 95 184 97 70 25 10 42 22 64 182 11 94 102 57 55 187 194 46 106 144 80 79 11 123 60 42 189 151 43 25 80 154 164 73 165 161 114 1 82 33 42 129 90 142 109 7 151 25 195 130 199 36 67 105 105 113 134 
179 1 188 80 7 147 64 176 6 113 56 125 91 19 32 7 96 126 89 11 85 126 141 52 139 190 118 90 138 140 38 187 104 8 197 139 39 135 30 184 64 172 178 128 137 122 65 114 77 196 170 198 34 126 26 200 155 25 79 15 13 42 116 63 122 136 81 26 13 54 97 40 54 159 112 
84 99 135 91 152 9 120 53 146 71 95 88 1 24 35 59 164 92 118 89 34 104 139 138 82 38 64 84 166 110 169 36 136 6 22 162 111 57 57 23 20 17 152 79 89 166 124 3 107 37 176 75 19 175 60 144 40 163 136 33 37 171 3 80 192 2 177 75 66 49 6 38 15 60 164 
192 177 20 103 185 59 199 124 131 23 131 128 184 28 144 169 140 65 102 1 42 32 157 181 138 93 88 160 87 9 11 115 57 177 173 113 4 123 59 18 17 98 40 27 139 31 113 143 59 109 19 84 189 172 104 169 66 26 132 137 186 125 84 85 77 136 67 82 82 160 30 192 15 152 85 
68 128 16 142 80 150 194 136 174 5 3 107 137 103 158 25 129 145 81 110 47 83 135 81 30 8 147 180 96 79 130 39 22 88 194 115 52 171 163 170 151 16 184 86 90 48 22 58 83 185 74 44 161 24 54 33 176 180 55 94 197 56 6 183 98 162 67 52 168 135 45 77 104 8 147 
93 16 152 88 123 152 73 111 199 41 161 103 166 49 106 194 37 79 41 61 136 48 157 86 114 135 123 158 146 166 45 22 108 199 38 44 155 111 17 190 140 36 74 131 189 8 50 190 81 53 67 177 96 57 82 43 112 84 162 6 5 101 3 38 36 77 16 197 19 4 131 71 177 54 36 
22 40 148 56 2 62 23 132 93 177 181 124 35 183 140 127 185 162 169 152 38 109 200 151 75 66 100 127 32 32 17 178 109 23 199 127 119 72 72 78 7 117 183 75 70 138 76 109 160 167 61 107 165 58 164 68 15 9 95 181 40 114 69 139 181 155 146 162 52 197 78 52 182 154 1 
113 103 40 121 33 82 77 117 138 67 43 138 12 91 163 189 8 25 51 90 12 13 19 76 69 156 40 170 9 72 171 141 36 198 21 98 185 196 66 73 144 35 11 94 10 93 175 41 169 65 97 22 175 76 138 144 190 123 5 55 57 43 63 194 148 14 195 3 18 130 152 39 165 25 139 
168 39 185 182 153 81 154 83 170 48 130 34 58 122 140 69 137 119 46 164 194 110 65 174 6 138 56 115 112 24 49 174 133 100 94 198 41 117 25 110 160 65 65 191 181 66 67 121 198 195 82 188 148 193 109 84 22 75 17 135 158 180 62 127 33 50 74 26 34 95 61 55 180 82 115 
54 97 19 172 4 107 180 162 197 180 40 113 193 11 41 139 79 167 45 142 117 120 86 161 107 101 19 10 108 147 59 72 130 3 71 95 6 43 197 75 136 20 95 158 26 89 129 89 113 17 155 72 174 144 106 118 103 152 152 185 133 190 56 179 153 30 79 165 62 126 129 86 122 153 108 
155 2 175 90 57 28 3 180 151 2 29 103 17 96 15 7 132 175 13 25 195 161 25 161 143 146 132 142 155 39 157 85 85 178 113 20 10 16 49 151 112 138 161 137 67 148 193 191 191 70 105 117 158 194 102 182 181 172 142 11 133 101 163 107 192 118 116 87 69 123 14 156 124 22 163 
138 3 45 51 9 120 172 54 75 160 29 123 154 118 20 104 130 148 6 54 194 191 5 83 109 185 195 111 108 152 49 88 96 95 167 157 121 6 110 90 54 1 61 150 18 58 100 179 59 143 120 38 42 59 8 34 27 166 107 49 192 89 35 104 47 148 95 9 147 7 114 79 147 28 199 
118 35 176 179 59 175 132 138 100 62 187 80 174 103 25 192 198 30 187 75 62 12 57 195 123 70 153 55 127 109 200 150 77 179 96 74 17 16 11 29 45 158 14 86 77 84 74 137 11 185 101 60 24 73 193 23 87 181 187 13 154 2 98 152 199 75 192 141 32 31 93 191 94 20 173 
41 183 84 92 63 62 102 106 133 198 106 181 121 109 35 88 19 56 73 173 132 66 166 41 22 3 153 196 138 55 189 77 134 41 53 84 114 186 73 104 110 189 36 116 114 12 114 70 23 138 10 72 106 84 159 95 86 59 48 51 42 108 194 4 41 17 14 22 155 172 126 139 106 34 83 
61 16 189 24 4 102 29 117 196 46 99 78 33 64 12 126 150 125 132 121 12 77 25 98 128 175 48 17 200 103 188 29 61 111 76 198 54 193 13 83 161 191 180 102 185 181 98 45 92 68 21 109 147 44 62 37 150 111 185 192 65 44 196 179 196 106 109 97 55 63 151 180 134 162 182 
33 129 108 178 77 131 8 100 58 38 45 45 83 166 101 183 78 106 127 197 56 144 78 45 82 82 37 156 56 186 4 194 187 8 24 178 87 181 67 73 22 181 136 5 136 115 26 130 156 52 137 133 115 113 184 51 182 140 60 72 37 56 40 44 140 55 190 170 185 164 166 7 41 118 57 
135 18 75 12 5 198 139 200 185 66 130 63 192 88 147 100 23 124 54 126 130 119 78 13 9 109 101 117 92 20 149 177 169 80 159 140 64 146 51 121 152 50 102 176 164 98 128 39 30 86 136 137 96 71 28 9 162 63 77 69 155 79 144 42 13 27 123 64 47 124 130 116 164 1 35 
137 69 159 25 80 74 171 67 169 24 145 128 133 3 140 20 132 195 78 53 66 29 28 80 118 118 128 14 160 132 133 147 5 104 81 180 20 4 11 126 83 95 28 11 50 111 109 118 182 97 119 25 160 60 98 128 135 81 149 8 118 32 187 78 143 177 120 47 55 34 88 197 89 99 168 
95 112 18 57 100 192 7 116 143 200 117 165 149 87 112 11 174 84 135 10 194 30 21 108 111 50 97 193 51 13 140 125 125 87 54 98 94 58 49 61 69 99 35 3 91 96 86 134 167 191 28 39 94 67 37 15 138 17 93 152 80 16 109 51 101 2 66 69 60 119 11 134 162 131 150 
64 56 169 146 84 102 76 197 197 89 192 33 33 171 3 46 166 59 175 5 46 152 93 115 172 41 156 68 47 161 170 185 46 102 144 122 140 47 158 115 141 1 163 79 106 107 102 119 128 131 51 108 27 77 134 166 186 160 106 64 70 74 109 27 140 28 110 118 185 98 137 29 32 157 191 
190 126 25 158 103 116 198 175 14 102 15 10 190 146 86 185 92 63 175 12 55 158 26 107 125 1 154 82 168 120 82 2 50 63 36 173 116 199 24 94 51 139 1 136 84 27 128 50 112 50 70 121 147 157 58 106 93 158 16 192 22 176 105 42 87 6 159 104 32 66 129 108 154 12 104 
18 128 93 151 39 182 54 143 143 52 117 117 72 52 55 41 142 109 132 94 161 165 155 29 20 148 115 138 31 90 91 21 16 74 91 166 79 37 28 11 22 149 9 194 155 89 90 139 188 5 58 154 85 1 55 55 105 109 42 67 168 140 187 30 200 116 156 41 111 181 64 72 105 21 160 
45 97 154 114 88 103 103 30 130 147 80 136 167 17 44 176 116 59 126 81 82 5 61 195 163 82 117 140 45 49 164 139 17 145 18 118 114 99 70 75 78 123 130 107 15 166 158 200 16 26 186 43 184 192 136 128 122 198 11 93 135 178 79 51 4 30 94 49 175 149 44 16 162 21 167 
65 66 103 44 144 44 19 83 50 83 189 196 111 171 124 81 44 61 10 189 38 139 168 155 199 41 13 62 142 54 51 177 181 107 39 11 60 31 43 62 111 117 162 17 82 191 31 83 62 199 9 68 50 103 160 135 131 184 151 149 40 128 199 29 21 119 81 187 89 104 6 129 35 166 165 
7 150 26 106 145 78 153 121 60 3 13 91 124 3 61 180 70 126 31 166 118 28 46 138 65 17 10 58 141 158 35 26 195 39 2 47 172 122 11 193 141 3 26 33 11 93 66 110 10 82 195 149 49 50 128 145 115 140 159 182 9 198 112 59 92 137 6 63 163 148 134 83 100 22 151 
157 145 82 19 192 106 154 60 37 125 46 98 195 95 34 178 71 56 41 162 155 70 71 74 5 145 169 128 166 17 33 192 31 197 138 86 94 74 104 82 147 29 184 85 162 16 12 88 192 152 169 95 179 175 146 138 139 90 178 45 120 96 46 192 67 150 124 145 163 79 10 34 73 4 66 
