75 6
0
1
1 9 131 -253
2 20 57 476
3 37 164 1349
4 59 119 59
5 76 167 1412
6 103 33 367
7 110 196 894
8 144 167 144
9 178 200 178
10 182 157 1124
11 194 194 194
12 218 143 1076
13 223 24 223
14 223 69 499
15 253 168 -83
16 265 69 127
17 328 165 988
18 362 138 914
19 387 21 345
20 394 1 396
21 429 39 663
22 430 194 1982
23 434 94 810
24 460 94 836
25 463 138 187
26 466 181 104
27 469 87 1165
28 479 175 1529
29 552 86 1240
30 591 172 935
31 603 57 945
32 610 77 764
33 616 110 836
34 670 33 802
35 694 33 694
36 702 100 1102
37 722 188 1098
38 725 144 1301
39 732 120 1692
40 796 78 1264
41 803 134 1339
42 832 110 612
43 844 180 2284
44 889 94 1077
45 901 72 757
46 901 60 1021
47 918 51 1326
48 980 200 580
49 986 169 1324
50 1018 67 1554
51 1027 158 2291
52 1033 174 2425
53 1050 125 2050
54 1056 160 2016
55 1088 146 1964
56 1095 174 1095
57 1126 14 1210
58 1145 4 1153
59 1166 62 1662
60 1167 172 1855
61 1174 112 1622
62 1217 43 1561
63 1219 46 1587
64 1233 70 1093
65 1290 161 968
66 1302 117 1302
67 1359 110 1579
68 1360 49 1458
69 1370 28 1594
70 1380 136 2468
71 1411 59 1883
72 1419 162 2391
73 1429 38 1581
74 1442 103 1442
75 1454 70 1594
169 182 125 119 195 98 23 14 20 24 186 75 139 81 20 195 171 106 125 113 80 116 127 60 163 5 98 143 159 157 185 182 131 100 122 24 162 17 90 1 1 24 189 42 183 84 102 50 174 122 50 191 159 96 191 189 94 178 3 121 186 35 141 148 148 112 8 155 117 86 67 39 182 38 51 
160 43 183 55 194 148 101 75 147 127 177 48 110 81 53 147 183 134 30 14 37 111 157 154 179 31 196 87 168 77 46 91 141 13 115 185 133 78 161 169 105 137 143 29 137 96 11 105 106 187 119 69 56 59 67 124 189 163 4 9 153 96 157 185 59 31 61 88 108 30 63 200 22 28 131 
34 2 72 151 5 5 147 174 49 139 93 126 108 173 39 119 45 176 159 130 102 61 154 92 96 147 64 86 81 144 1 54 82 50 102 147 75 81 64 153 96 175 93 120 155 54 51 117 38 157 172 99 75 145 104 88 153 191 167 93 71 31 67 139 41 37 26 143 146 37 78 37 69 144 187 
176 51 86 12 28 178 107 135 172 85 6 16 21 77 34 131 37 152 29 160 160 49 190 133 185 33 55 175 63 115 8 36 161 188 86 80 90 17 152 186 150 111 137 132 80 174 62 42 85 62 58 143 147 101 187 79 73 6 186 63 162 67 73 105 40 10 139 20 81 142 34 14 78 42 98 
41 191 140 78 77 195 21 79 127 200 89 84 49 22 191 150 162 124 74 38 197 196 35 145 17 64 120 89 108 50 182 128 182 179 181 56 169 121 139 109 168 77 23 1 42 105 97 158 49 120 149 170 85 145 19 25 75 77 32 180 173 38 172 125 137 28 71 28 187 167 6 199 24 75 56 
87 105 109 12 73 142 140 173 115 192 69 154 194 159 120 124 177 2 69 190 29 56 46 109 107 192 139 1 67 151 97 55 183 51 165 125 54 130 69 98 173 115 151 27 16 96 198 10 10 163 165 132 57 28 80 1 4 156 119 113 65 63 82 135 152 65 126 157 177 50 32 70 125 189 159 
152 25 85 90 173 4 155 36 134 163 167 128 23 93 60 144 70 154 75 40 175 157 151 103 27 124 49 51 97 90 112 151 40 160 31 96 145 4 172 5 109 133 145 192 74 108 173 100 146 96 171 158 86 138 67 190 14 79 115 29 119 5 12 94 20 116 174 97 67 188 16 32 5 161 39 
166 137 39 61 5 35 143 112 98 166 138 139 35 183 55 168 46 124 183 110 170 185 173 29 28 194 14 70 12 7 9 78 69 123 102 159 100 159 27 149 40 127 153 48 169 57 110 87 6 18 141 116 163 73 200 20 170 108 76 127 65 189 30 115 11 153 135 39 197 156 185 50 62 172 160 
124 102 188 59 155 48 169 39 36 126 70 33 101 145 4 22 160 193 190 48 86 144 36 107 135 44 143 46 160 9 79 39 110 28 68 119 67 146 58 75 141 128 41 129 66 159 122 60 25 84 102 145 136 63 121 155 196 172 5 174 77 4 57 14 72 177 87 111 151 42 111 121 117 84 132 
192 63 168 70 185 11 147 171 1 174 46 75 111 10 117 100 169 101 87 175 173 152 46 91 17 164 64 153 171 69 58 14 180 51 130 29 55 128 161 189 133 87 151 6 189 64 144 60 76 19 50 171 38 75 43 165 187 122 3 185 61 160 98 136 81 193 80 28 15 71 61 183 130 157 120 
4 171 170 148 76 51 51 90 174 177 81 128 90 176 81 87 88 109 46 24 196 170 66 3 5 55 87 127 72 110 53 59 119 179 131 12 138 181 102 164 95 70 99 62 194 162 31 104 174 61 55 77 121 182 134 89 105 137 165 100 169 104 197 43 96 94 83 196 102 42 75 43 124 193 124 
186 108 178 122 30 86 79 196 88 40 16 137 86 134 47 90 103 87 33 48 83 62 114 30 141 158 181 69 46 113 171 23 176 8 81 126 128 130 156 133 45 59 191 26 94 196 73 194 132 26 86 177 37 113 97 183 139 99 153 49 52 30 93 153 5 82 177 106 13 162 85 148 134 152 138 
180 90 195 58 12 180 50 46 24 83 67 109 172 112 70 119 114 119 200 1 98 156 166 82 102 118 193 183 189 172 32 94 63 106 129 30 180 194 185 38 102 95 154 80 84 161 183 192 120 176 34 7 117 114 187 153 77 99 51 42 125 52 165 162 36 61 133 9 32 105 121 15 94 52 58 
142 82 129 188 26 75 170 66 13 196 85 58 184 75 69 113 17 114 46 141 188 120 1 69 113 36 58 6 19 51 99 55 196 1 22 84 180 51 19 116 73 154 80 44 79 170 118 88 24 196 112 41 34 9 125 115 50 128 43 178 2 169 87 35 148 122 200 95 183 68 83 92 71 51 8 
2 69 98 30 22 66 141 158 31 198 13 117 199 141 113 2 11 139 166 114 49 3 106 62 5 28 92 14 134 33 6 129 168 51 150 79 122 101 134 33 177 78 145 126 106 172 54 180 13 147 107 188 3 53 144 112 156 173 57 41 6 162 130 97 161 52 97 32 178 132 124 161 118 7 150 
30 115 157 100 23 129 89 24 200 43 114 140 27 66 74 104 164 76 6 108 131 9 48 23 1 193 126 15 19 194 169 117 165 85 163 38 119 136 51 200 2 40 101 150 52 88 64 80 61 163 162 43 23 52 12 40 65 30 30 12 113 60 86 34 199 146 82 196 110 23 39 57 66 12 152 
182 23 167 177 195 91 89 41 156 60 90 147 149 26 197 136 185 137 143 98 182 87 51 67 91 197 83 188 48 57 36 108 135 164 7 157 163 53 97 164 150 8 105 187 119 67 92 98 19 12 46 115 87 137 114 35 29 13 77 86 84 48 69 118 28 9 125 32 74 80 71 2 40 48 198 
115 73 187 119 78 96 68 90 162 10 57 157 125 166 143 146 84 27 51 168 51 144 46 172 63 117 55 161 33 132 10 146 169 47 56 48 170 146 144 8 29 44 33 128 82 134 136 193 56 92 191 195 111 67 153 193 102 58 185 141 146 170 104 47 147 137 105 8 184 172 49 178 137 148 23 
182 30 50 87 16 76 81 77 52 134 153 18 128 142 106 125 119 191 156 167 96 26 32 96 163 79 66 145 106 69 121 152 61 18 37 160 180 32 44 167 107 164 156 5 146 171 59 25 75 145 197 111 92 176 184 37 51 137 189 22 1 20 191 20 155 132 173 151 156 101 185 122 101 46 9 
56 154 183 27 35 106 180 126 24 189 1 44 7 108 110 187 194 66 195 72 71 2 12 85 104 113 79 153 29 149 12 110 2 130 184 54 94 14 99 162 196 90 193 20 109 63 156 77 130 106 41 56 58 105 123 191 107 17 135 29 121 129 34 128 55 74 20 127 37 120 41 172 47 43 5 
28 135 145 115 96 129 90 143 41 39 42 116 113 45 38 102 34 129 83 46 78 84 89 159 14 116 11 179 168 31 73 65 42 62 72 199 74 54 157 16 187 23 198 10 179 111 167 10 85 176 136 50 167 81 103 153 174 94 135 39 168 44 152 174 85 127 56 57 53 77 146 54 60 46 14 
148 50 188 172 124 23 167 20 132 2 41 99 112 91 110 51 84 86 61 36 198 148 32 198 68 78 23 109 167 97 186 49 40 192 8 149 177 199 109 79 135 190 101 161 38 61 113 186 28 36 174 118 174 149 133 147 88 136 160 35 144 129 95 126 66 182 119 2 85 180 7 81 91 162 198 
87 123 23 2 20 73 110 135 158 102 149 167 130 42 116 146 163 68 46 159 185 190 57 76 81 82 8 36 97 114 80 36 100 145 140 68 111 134 195 22 71 80 107 162 70 43 15 128 161 81 74 172 96 114 32 64 105 74 12 134 35 125 157 29 158 156 60 108 187 14 164 79 120 125 54 
31 167 6 65 134 2 173 140 119 141 93 46 173 38 56 150 133 93 192 193 104 104 140 16 138 157 136 83 120 75 75 4 158 83 184 4 22 115 19 108 59 14 123 160 34 52 36 170 25 156 199 197 116 71 176 3 105 15 20 12 192 152 19 183 128 162 11 85 15 20 133 128 171 167 156 
167 57 199 134 156 39 75 35 150 69 72 127 182 151 26 118 61 183 156 146 116 25 155 91 88 110 80 136 54 5 162 58 182 150 63 193 197 62 193 83 90 20 181 178 42 97 122 79 26 60 132 12 30 32 154 124 64 133 22 170 7 148 160 78 184 120 64 94 101 80 36 189 95 17 121 
162 194 131 87 30 44 178 95 124 41 5 37 165 199 135 50 12 186 189 157 135 136 141 21 111 96 73 53 18 79 181 192 138 66 97 184 34 52 110 185 84 120 64 53 151 155 13 155 133 156 82 101 165 58 169 47 130 82 49 124 175 144 153 41 27 97 107 101 96 176 66 101 47 135 175 
62 122 145 46 17 177 50 10 174 147 47 103 55 163 183 105 64 117 142 156 79 13 14 164 17 199 189 120 35 137 92 61 75 155 34 46 154 115 71 95 107 10 38 59 23 148 42 141 109 35 71 61 15 16 164 33 168 147 14 152 20 64 110 115 186 31 127 22 49 71 144 87 88 63 41 
107 183 15 99 112 100 75 146 93 57 54 38 46 192 91 54 69 79 83 67 99 73 45 9 89 131 54 62 68 4 23 174 87 177 72 87 112 20 87 126 50 177 98 118 180 50 142 181 46 70 87 32 116 120 196 167 60 22 126 53 24 179 189 162 101 3 136 116 179 170 89 133 40 118 70 
93 162 107 175 106 198 137 177 94 7 51 101 120 68 147 116 61 112 193 114 144 129 192 84 10 53 164 192 126 183 120 112 150 108 63 173 175 160 111 72 123 193 147 49 16 28 169 124 87 177 93 162 74 32 4 7 81 97 71 68 28 19 155 68 26 45 126 141 47 124 49 143 65 135 97 
134 193 170 57 4 42 194 24 190 32 90 93 161 84 166 60 52 187 147 165 51 161 178 87 96 68 99 38 91 68 43 74 139 159 83 180 104 167 184 12 173 160 4 102 41 123 193 72 94 42 183 9 189 172 191 140 173 45 5 53 151 163 137 194 111 116 35 162 124 84 78 146 181 41 37 
67 113 103 72 85 13 123 138 190 171 97 8 160 53 20 138 183 83 173 11 65 32 14 143 56 10 187 55 198 183 132 170 4 95 47 38 57 32 7 27 81 39 132 92 13 79 138 42 66 173 135 14 115 68 38 133 170 36 79 90 101 27 138 145 176 182 14 57 157 167 8 78 163 11 18 
148 44 112 14 128 25 76 38 2 80 31 40 37 52 82 31 152 124 195 68 61 182 127 132 23 124 198 27 21 28 168 56 92 144 94 5 134 170 142 98 13 141 27 179 7 122 77 159 9 190 80 120 28 92 12 4 152 27 180 26 1 200 131 93 30 89 98 190 67 65 142 121 108 98 111 
8 1 167 176 134 17 67 65 114 72 82 170 75 73 8 44 86 130 152 22 66 98 82 173 105 180 173 23 70 148 200 127 6 21 57 59 143 63 94 3 192 118 43 189 47 113 196 82 134 6 113 8 34 198 78 183 59 98 155 103 190 99 58 118 72 84 138 130 104 108 18 91 94 140 102 
27 80 109 48 89 65 58 47 99 121 50 61 184 133 14 175 102 94 52 148 91 199 4 60 53 187 128 58 120 162 72 163 102 129 29 17 160 28 67 57 180 159 180 70 136 13 83 141 45 72 193 15 145 133 145 61 26 168 65 65 142 80 33 24 187 74 85 128 181 62 96 51 184 21 11 
152 87 198 143 83 27 12 113 75 55 72 119 148 30 67 129 135 188 8 58 179 128 56 12 156 89 62 37 33 38 168 197 27 163 146 95 11 34 43 99 99 80 70 41 149 160 196 45 23 123 68 92 183 193 126 34 91 128 26 189 46 107 8 21 76 51 120 43 115 192 183 67 171 139 193 
123 36 116 184 100 140 134 132 52 138 118 159 93 13 148 97 89 193 115 172 31 194 139 77 81 192 151 189 159 28 160 181 140 41 156 137 51 133 195 184 59 51 45 66 2 57 13 116 12 91 47 105 187 7 62 186 45 79 64 127 18 120 117 62 71 141 29 151 186 23 120 33 60 47 31 
199 58 121 95 35 133 94 73 29 117 43 29 2 16 86 102 73 140 116 63 65 180 48 177 164 133 38 36 150 108 159 38 98 85 90 129 149 97 49 55 65 55 94 104 195 23 91 27 2 121 186 21 99 200 169 9 193 5 69 200 155 46 53 74 89 90 104 112 79 49 137 87 154 172 78 
171 45 56 107 135 143 84 77 16 29 30 74 30 38 140 163 136 37 70 102 34 33 58 196 15 3 49 107 145 30 150 147 165 6 5 119 112 69 80 76 66 93 124 102 172 3 22 82 195 193 134 146 200 47 52 136 114 27 136 102 158 95 79 121 57 122 171 196 106 92 125 155 152 144 160 
8 124 142 13 8 160 141 99 175 166 121 70 60 110 130 74 84 59 24 66 45 190 85 182 60 6 64 33 13 166 24 134 101 96 22 14 17 115 85 171 158 37 74 105 131 137 69 156 165 144 193 76 80 54 55 56 190 66 34 73 47 124 144 180 84 181 176 43 148 104 120 111 145 76 112 
67 35 110 161 47 71 126 105 21 28 67 156 75 26 114 169 170 181 196 38 66 114 182 92 30 130 23 139 198 193 200 199 62 63 58 85 95 42 159 156 156 93 63 67 25 100 127 137 144 163 45 9 116 30 88 200 121 159 93 8 137 91 195 22 112 159 6 163 113 107 44 85 2 153 60 
99 51 117 110 73 43 5 53 12 96 121 156 66 69 85 148 195 165 37 21 177 126 172 70 130 40 68 136 70 43 129 162 29 50 153 115 52 124 113 6 30 63 63 160 187 79 199 110 161 53 63 39 117 100 62 36 146 165 117 148 3 166 168 153 80 131 126 193 29 70 70 77 200 151 169 
69 120 165 127 23 136 46 180 194 119 96 97 188 129 173 13 19 92 142 36 53 18 106 144 29 146 138 120 172 37 134 115 188 200 94 114 117 140 73 176 96 197 13 7 59 39 5 12 171 198 199 102 29 52 113 99 30 46 88 165 54 53 181 128 13 200 67 129 140 165 45 87 119 185 82 
151 169 24 135 104 60 80 114 7 57 63 64 50 28 53 53 102 198 94 198 168 122 47 74 22 58 29 130 199 173 5 180 126 178 110 77 83 46 34 8 130 34 32 196 113 130 47 179 132 157 182 175 19 136 60 177 152 130 75 128 35 43 18 6 130 145 118 38 36 56 175 107 118 92 75 
46 200 50 126 122 196 11 35 80 128 191 155 41 52 23 77 135 138 189 49 191 97 84 195 171 170 86 88 37 5 187 60 164 186 30 121 62 101 166 20 177 128 176 72 83 13 13 21 174 149 112 40 197 169 22 129 180 132 116 103 180 63 68 76 15 150 45 72 176 98 29 18 108 131 11 
115 56 68 10 103 9 50 107 105 168 178 6 142 55 96 19 112 129 159 58 120 166 107 41 165 189 153 122 172 99 106 143 189 200 49 122 122 61 44 74 153 81 104 130 50 153 75 52 131 42 123 105 77 134 99 134 54 114 70 94 31 62 87 68 183 167 43 139 53 165 120 40 59 104 88 
81 143 91 2 89 16 181 167 71 47 18 157 33 189 128 152 87 71 193 44 59 119 12 103 104 127 83 152 101 34 65 193 82 13 45 73 159 20 67 93 99 178 197 107 75 172 66 184 172 18 115 35 40 160 198 167 67 31 153 174 69 68 198 181 9 110 103 154 156 135 66 105 157 47 70 
89 11 37 159 140 177 138 87 147 119 181 92 21 87 103 123 5 3 52 24 86 122 147 164 19 168 191 119 49 171 120 133 180 19 137 135 124 156 70 197 77 150 86 138 72 160 158 170 190 84 28 149 80 1 9 65 71 160 25 197 50 109 4 60 155 32 192 135 56 61 17 28 94 159 200 
143 21 29 84 56 138 168 68 49 194 116 52 164 68 29 94 198 137 195 18 63 112 138 19 147 127 89 174 145 40 193 28 185 182 110 137 21 180 140 60 185 102 81 48 50 83 21 164 115 89 107 98 97 33 53 86 121 94 176 172 41 64 23 93 42 103 34 96 187 168 149 143 194 17 146 
192 96 63 125 53 154 136 72 66 108 11 107 17 28 169 86 120 37 11 128 191 96 128 1 154 150 159 48 81 100 103 7 56 157 172 7 13 29 9 5 97 39 100 10 166 150 81 69 80 5 126 26 17 7 168 4 28 188 53 134 147 153 35 119 171 161 65 96 130 191 108 83 112 147 34 
133 141 53 9 22 71 161 9 18 185 49 126 13 161 94 63 140 28 154 194 120 135 21 119 154 81 53 2 142 187 78 62 45 199 170 24 186 135 145 144 160 58 79 120 37 163 195 173 136 65 180 49 101 83 77 89 179 161 38 196 132 143 172 115 26 25 121 120 129 194 176 76 94 70 108 
171 75 53 29 54 30 74 58 69 65 30 112 40 106 125 126 45 152 94 89 166 192 13 148 125 30 9 30 37 71 69 84 18 197 141 62 101 144 40 62 142 39 83 16 107 120 178 47 10 54 113 127 75 133 77 34 95 4 183 197 194 52 48 32 26 85 94 51 165 128 20 58 156 182 86 
179 63 43 143 37 12 138 163 156 53 104 66 144 144 177 156 108 125 67 31 130 15 61 90 101 1 90 141 133 53 107 106 15 126 119 97 32 67 52 81 93 32 192 144 155 78 113 157 150 64 84 173 10 178 177 19 148 149 181 153 179 106 25 174 28 103 8 99 33 37 58 4 148 128 125 
129 146 52 167 64 129 99 73 22 81 177 73 19 34 155 133 165 24 183 43 171 170 9 142 62 26 12 189 151 173 152 19 70 61 79 168 39 160 132 182 196 142 145 121 142 197 194 112 67 119 107 143 146 23 7 69 135 159 187 71 57 68 78 58 110 148 134 99 3 56 123 133 46 132 68 
83 164 67 159 139 93 161 45 167 38 101 109 110 66 19 104 195 116 8 40 178 139 108 130 75 174 92 9 5 25 68 138 183 9 193 75 177 73 111 122 144 75 180 104 51 39 79 160 63 81 32 79 77 159 146 24 4 40 3 2 85 93 158 2 145 139 39 106 124 83 69 167 179 88 99 
95 171 144 128 164 83 102 60 36 56 188 89 6 33 186 148 154 182 165 37 39 25 14 62 124 146 94 98 162 25 98 158 122 127 1 112 118 24 172 70 14 106 42 190 98 23 43 4 110 160 46 180 2 27 162 25 3 176 141 124 26 73 113 16 112 147 131 42 134 181 49 138 141 166 52 
32 7 194 127 25 196 187 172 82 61 181 120 98 127 168 47 17 42 56 35 81 131 75 124 40 60 139 81 160 185 194 92 73 118 57 67 41 137 114 1 168 197 87 168 135 71 94 174 103 159 189 57 38 156 118 111 118 15 45 137 186 59 107 127 136 168 191 58 121 186 32 28 115 64 123 
111 153 160 84 88 23 188 165 74 164 101 148 59 3 109 187 44 197 23 192 172 152 26 172 195 130 121 102 27 70 58 43 90 149 23 5 180 1 141 100 115 57 37 121 58 68 162 75 10 195 155 143 50 159 1 93 193 115 117 178 142 67 200 77 59 94 18 59 42 159 85 144 117 98 71 
128 71 75 156 49 101 200 165 12 115 174 111 126 192 49 53 188 55 152 69 9 186 175 60 20 171 35 54 66 35 58 156 11 165 113 49 140 177 59 113 52 131 167 85 61 63 124 9 7 48 81 119 9 14 22 35 79 83 177 49 176 95 115 34 35 155 71 85 13 192 153 164 136 12 127 
41 85 70 105 97 80 8 14 144 156 122 81 160 108 10 167 61 81 171 66 198 103 112 163 44 9 152 19 72 76 189 187 138 9 2 90 30 70 42 25 49 112 63 47 134 134 65 28 86 87 50 48 195 154 141 33 55 62 109 17 164 114 47 142 130 52 89 146 150 173 178 78 142 121 156 
127 126 171 112 79 174 161 189 172 31 79 157 164 154 39 100 18 64 29 96 64 183 115 76 44 188 110 163 119 42 111 21 76 15 49 172 141 133 146 178 76 20 17 23 101 59 3 98 194 186 70 121 189 5 18 78 184 196 21 175 147 179 11 187 112 22 168 58 41 30 5 66 79 147 100 
34 170 5 118 17 76 134 81 109 47 30 186 32 1 200 101 44 150 118 39 84 120 184 53 173 173 5 81 105 147 46 195 130 24 173 88 26 154 183 67 119 90 174 164 64 113 193 124 157 141 135 162 189 114 13 33 1 15 134 130 146 82 5 89 113 107 28 92 58 28 9 65 42 50 83 
161 89 18 122 13 118 124 17 41 36 71 132 200 76 96 165 39 65 89 8 51 1 107 177 34 145 139 117 12 107 122 82 164 114 168 7 152 137 108 123 110 161 185 54 118 184 151 87 151 128 92 127 55 98 151 192 81 28 86 10 167 140 2 153 122 178 93 106 148 143 163 77 136 179 77 
115 168 150 140 119 185 61 195 85 49 93 125 33 46 66 142 150 150 85 55 171 119 186 33 66 53 46 168 76 51 73 186 189 36 131 146 7 16 113 166 157 76 62 129 102 158 4 109 80 150 129 32 9 125 198 97 78 4 118 46 5 83 47 124 127 167 12 41 20 181 87 176 66 154 7 
174 145 188 33 28 180 158 87 198 195 88 187 150 154 148 53 99 177 44 94 185 58 100 111 20 99 185 33 3 55 189 52 156 183 105 97 100 6 128 60 152 177 190 28 88 65 132 183 55 32 78 34 165 122 184 27 60 158 56 133 53 111 142 50 80 89 147 119 3 120 3 43 47 171 172 
58 53 162 21 76 62 15 5 177 163 80 15 66 147 75 111 68 197 166 46 167 124 9 26 110 138 66 193 6 197 122 115 97 75 166 183 188 103 75 129 170 82 46 130 76 3 72 153 29 4 124 67 122 135 117 105 113 172 24 192 195 146 39 63 108 33 101 191 171 51 118 99 67 96 144 
5 152 48 60 87 54 19 124 97 143 100 62 170 157 146 119 191 190 104 180 21 83 105 85 182 113 79 189 199 129 3 154 5 120 145 135 91 63 112 73 6 115 198 73 169 42 16 197 148 191 155 106 181 182 159 58 85 56 109 121 143 165 52 121 157 36 185 156 155 28 63 11 146 111 181 
137 114 55 73 80 167 142 13 72 90 178 26 112 199 95 99 125 173 27 88 17 136 176 53 46 152 117 120 20 109 145 149 117 162 3 83 56 187 28 146 193 119 54 141 138 188 35 41 200 131 152 1 149 40 9 78 167 180 22 141 172 96 161 147 155 128 75 16 93 83 176 124 99 84 43 
106 55 84 157 140 173 133 107 185 191 189 185 111 65 114 122 47 27 196 90 110 94 16 55 62 102 169 187 183 61 74 71 172 79 48 68 180 167 132 35 188 197 193 152 124 43 5 103 20 112 97 147 114 153 73 55 176 143 48 119 44 172 97 111 20 186 121 55 82 27 117 56 103 191 16 
139 46 33 84 123 135 20 8 172 93 155 165 46 168 174 51 72 88 44 66 113 38 138 196 131 62 63 13 71 148 149 145 93 49 35 51 113 51 192 109 188 41 197 39 124 24 69 22 31 31 106 169 85 118 183 94 40 191 119 149 85 178 199 139 158 115 74 118 103 128 19 50 2 25 99 
126 127 143 161 130 193 11 52 152 95 189 46 178 168 101 39 154 30 187 174 155 143 107 48 143 79 148 40 199 188 46 102 192 6 137 47 150 45 92 81 78 115 182 56 60 60 36 28 51 15 42 160 132 65 77 82 179 156 43 43 161 90 118 166 189 5 95 49 90 60 158 199 127 71 90 
74 55 69 81 59 119 182 22 116 7 66 131 42 83 56 107 12 35 192 133 91 50 23 25 198 124 15 160 25 77 194 108 68 21 195 57 145 10 10 45 193 66 84 36 163 103 2 186 158 47 69 32 70 131 3 120 64 87 41 135 121 5 92 98 143 149 19 50 13 168 60 96 129 110 168 
182 106 142 57 101 20 81 131 80 57 94 33 25 152 157 191 67 102 20 148 159 97 173 180 70 81 109 136 144 117 10 151 137 52 159 155 193 112 78 67 46 131 149 25 186 30 95 124 141 83 3 36 46 35 127 82 73 121 83 165 178 11 72 89 51 96 121 123 171 174 26 66 45 191 95 
121 131 192 116 24 37 157 158 152 72 144 95 23 136 18 142 59 128 44 24 143 165 16 49 86 62 127 118 65 133 144 35 43 81 85 191 24 65 69 4 163 72 160 104 11 70 39 191 37 198 190 76 127 3 89 142 151 159 57 115 96 23 98 27 50 182 121 176 97 111 48 159 32 90 9 
112 149 198 128 123 20 94 112 134 27 65 123 16 168 103 20 121 67 50 70 104 155 44 91 92 168 6 79 128 142 19 68 4 42 144 178 136 106 3 4 54 186 120 126 5 187 5 133 13 86 91 154 3 143 176 89 75 83 196 181 46 115 19 49 1 52 176 11 149 176 187 24 156 168 61 
16 1 45 158 62 79 150 5 7 64 98 85 82 194 13 125 94 200 110 188 52 47 121 175 116 59 9 25 118 183 106 163 104 147 197 133 11 152 28 54 110 108 196 43 174 49 35 117 113 177 57 192 105 89 189 98 67 69 45 21 193 77 194 106 167 127 133 118 53 121 144 96 95 122 196 
11 102 40 83 184 179 26 173 140 1 179 104 181 70 9 4 106 109 75 143 150 109 112 99 108 16 198 107 114 133 150 152 4 37 69 178 2 138 44 90 136 158 196 2 191 84 148 107 16 128 7 13 163 145 166 158 6 61 34 1 15 181 93 91 124 158 94 91 74 188 25 67 111 37 175 
