100 6
0
1
1 3 158 -313
2 20 146 604
3 22 69 160
4 31 24 79
5 61 6 73
6 82 95 82
7 86 169 762
8 128 140 128
9 171 66 567
10 185 56 409
11 214 162 862
12 217 10 297
13 234 55 674
14 238 179 954
15 256 27 256
16 265 181 1351
17 280 138 4
18 287 58 287
19 323 9 359
20 396 77 1012
21 401 163 1379
22 405 113 1309
23 415 140 1535
24 416 171 74
25 436 118 672
26 503 174 503
27 540 193 154
28 557 58 789
29 561 119 323
30 586 129 1102
31 606 197 1000
32 626 34 558
33 658 45 568
34 664 139 942
35 666 12 690
36 682 177 682
37 754 62 754
38 754 76 1362
39 755 101 1361
40 757 76 1061
41 791 41 955
42 825 92 1009
43 829 122 1073
44 858 38 782
45 860 6 848
46 892 6 928
47 900 59 900
48 902 23 902
49 902 81 1226
50 922 130 922
51 928 175 1278
52 929 82 765
53 1069 173 1415
54 1107 175 1457
55 1124 84 1460
56 1254 11 1232
57 1297 85 1467
58 1298 39 1376
59 1307 46 1215
60 1317 117 1785
61 1340 90 1880
62 1371 87 1371
63 1410 179 2484
64 1428 41 1510
65 1428 56 1428
66 1431 61 1431
67 1469 129 1727
68 1471 6 1495
69 1478 166 2474
70 1482 96 1290
71 1507 49 1507
72 1536 106 1536
73 1537 151 2443
74 1549 129 2323
75 1553 146 2137
76 1573 67 1841
77 1576 81 2062
78 1646 184 2750
79 1649 142 2217
80 1660 23 1614
81 1662 141 2508
82 1667 151 1969
83 1677 13 1703
84 1692 136 2780
85 1716 71 2284
86 1717 175 2767
87 1722 53 1616
88 1746 90 1746
89 1777 67 1643
90 1780 170 1440
91 1799 62 1799
92 1806 183 2538
93 1810 45 1720
94 1826 191 1444
95 1889 144 2177
96 1912 41 2076
97 1929 179 1571
98 1955 69 2231
99 1956 167 1956
100 1991 99 2387
95 178 104 113 103 50 148 114 142 150 141 168 196 12 8 197 173 199 95 197 39 124 39 130 66 132 34 179 24 80 137 115 9 13 116 95 108 153 53 93 153 102 168 79 185 61 101 138 15 154 78 3 24 67 159 73 10 97 20 169 154 79 62 75 119 132 23 116 106 56 183 63 63 160 71 176 98 168 74 135 64 154 13 111 115 38 149 102 150 62 121 105 22 9 31 124 155 48 18 175 
196 143 118 77 62 111 7 69 114 95 78 120 139 75 78 76 90 108 123 47 106 47 121 192 195 77 182 79 5 6 23 136 189 108 21 53 200 197 188 158 129 173 179 68 46 79 163 89 119 94 12 28 165 8 153 128 118 9 178 45 199 27 192 4 27 81 107 155 99 45 69 71 37 27 140 48 64 31 194 96 130 114 196 37 10 98 105 52 21 105 187 155 23 49 197 97 20 105 17 15 
134 114 134 3 144 152 190 36 1 80 125 153 183 134 108 192 112 143 171 10 164 71 169 146 140 28 180 49 151 40 29 29 83 39 71 95 33 100 117 75 25 28 24 27 195 55 74 107 192 191 145 125 45 158 55 24 86 17 172 190 140 105 192 135 185 180 4 147 185 9 154 16 121 185 53 60 126 194 9 139 177 50 184 39 136 131 49 153 14 16 186 20 29 139 75 10 148 31 45 145 
33 23 114 153 186 85 84 167 92 147 107 39 153 116 137 161 186 156 123 175 80 197 179 169 67 48 6 34 61 33 151 130 103 95 93 17 108 17 36 133 133 77 89 8 52 28 33 83 40 80 147 95 169 120 71 69 37 59 187 169 10 89 48 166 21 84 75 156 194 185 35 77 40 98 124 36 63 77 156 161 128 166 122 3 145 4 12 75 180 161 164 153 157 152 3 174 136 177 170 99 
39 170 38 87 9 5 192 128 193 144 16 130 70 118 13 46 156 75 187 200 17 159 51 149 187 148 172 34 129 51 173 57 25 11 180 53 115 109 43 180 74 169 174 166 10 58 98 174 170 41 74 70 124 89 124 150 145 152 5 88 130 194 151 164 59 171 67 86 161 136 7 141 176 155 137 78 125 191 31 56 88 118 199 62 172 60 65 185 169 30 91 198 188 106 49 157 70 120 23 175 
23 39 82 47 143 190 77 150 178 198 161 81 181 183 125 74 169 86 128 190 191 124 161 2 105 147 14 173 3 56 44 12 152 131 125 82 14 97 27 85 53 158 179 81 79 130 47 183 81 122 156 34 1 16 57 26 47 21 8 185 22 54 31 105 69 103 19 143 17 90 165 31 122 40 115 87 163 110 74 96 166 55 96 110 63 22 131 15 29 167 178 5 76 20 145 70 48 137 64 133 
151 157 161 47 66 190 42 132 95 12 124 194 30 191 104 140 70 166 167 159 83 4 190 73 136 60 163 105 71 181 124 190 99 91 25 165 144 10 117 31 57 187 152 135 85 5 156 28 158 65 186 13 58 77 152 185 36 185 30 151 82 199 144 150 49 71 139 70 27 110 37 116 180 182 150 54 34 104 196 13 60 7 28 65 84 13 172 142 24 61 31 98 170 103 199 19 5 170 138 124 
16 102 134 52 136 161 50 119 148 79 95 87 127 3 19 53 148 130 102 163 65 168 167 16 20 28 88 86 109 196 132 152 177 89 76 147 124 77 173 95 184 39 114 128 174 176 35 177 55 13 62 164 40 70 140 76 49 67 15 51 45 131 157 37 138 119 128 158 116 127 31 81 156 121 23 53 47 101 165 77 151 99 170 177 82 3 45 128 161 119 132 171 57 7 17 189 43 160 94 60 
129 125 82 73 158 13 101 73 55 133 163 177 79 160 17 92 25 108 178 124 197 94 99 93 90 75 192 111 86 81 141 15 18 10 72 137 89 125 116 149 71 119 188 40 192 17 130 73 104 173 5 132 35 135 36 164 182 101 138 194 55 167 20 125 130 71 140 49 199 127 81 48 153 77 67 68 89 116 199 191 98 15 103 147 10 180 157 137 80 53 149 100 147 153 35 85 35 6 194 109 
42 56 45 19 145 67 118 106 150 142 188 194 183 20 5 96 94 87 76 88 90 172 88 131 131 186 131 25 97 142 34 49 99 155 100 102 119 165 37 155 77 20 129 152 21 149 56 135 51 52 176 53 189 13 17 47 77 88 178 141 122 194 129 81 199 55 16 44 51 132 83 6 172 183 39 185 24 175 179 191 28 44 60 99 89 158 155 115 196 93 171 163 187 140 132 183 175 186 81 14 
100 87 98 65 1 155 18 39 141 19 57 197 149 9 74 109 49 184 101 166 69 200 60 152 191 93 188 39 103 6 47 18 81 153 18 135 63 15 148 153 27 71 65 110 157 197 141 117 141 65 126 95 192 36 43 74 59 95 136 18 176 177 116 129 169 131 59 61 17 80 197 25 164 103 147 136 107 6 161 50 166 196 28 60 58 106 71 16 7 162 151 125 198 22 191 182 33 68 153 25 
77 90 192 85 112 185 83 92 149 74 33 150 182 76 82 63 67 52 29 129 30 3 112 72 183 21 24 98 67 3 129 198 182 52 33 193 116 182 38 92 44 2 37 78 93 165 51 171 90 79 185 44 19 95 185 150 43 90 91 96 25 121 146 25 200 73 11 33 121 137 193 45 129 123 60 87 38 21 191 14 49 30 35 141 56 175 153 34 134 2 168 69 101 185 200 178 97 80 45 21 
143 37 80 101 173 41 169 40 139 52 180 191 107 29 117 117 119 120 176 112 112 132 117 79 157 21 57 33 82 172 160 51 92 94 150 181 176 18 149 174 95 42 38 161 57 70 33 182 155 32 7 168 79 110 125 192 37 107 24 136 56 126 131 158 186 71 1 117 165 15 126 102 3 161 10 47 38 110 5 41 165 190 197 68 190 149 6 36 40 1 105 38 35 158 182 72 16 193 135 8 
172 138 68 79 142 134 109 91 68 45 186 5 58 30 112 32 171 124 16 183 40 197 120 196 32 3 113 150 43 93 29 152 161 197 46 43 153 146 12 39 46 55 179 143 21 148 111 166 108 99 101 8 191 189 52 10 175 37 149 25 74 166 55 177 199 188 78 33 99 114 180 38 10 141 86 24 40 184 53 2 35 112 178 169 8 142 168 136 31 185 49 135 190 123 3 183 122 178 131 137 
133 118 170 47 102 48 151 67 147 116 51 55 191 112 195 100 139 123 28 145 123 64 71 15 146 91 119 80 140 81 90 96 92 159 195 191 158 154 73 54 50 175 10 61 109 66 36 4 55 84 63 175 195 136 140 64 136 54 36 38 154 168 41 90 13 191 149 16 94 4 170 29 183 195 170 143 126 112 71 76 62 82 191 31 180 174 188 121 48 87 76 121 1 43 109 181 176 61 123 7 
61 193 17 16 191 41 39 117 18 80 72 101 77 36 35 79 163 9 177 167 177 122 197 180 95 192 31 11 14 165 4 144 168 200 120 75 140 188 39 187 121 185 83 199 63 198 147 52 200 115 35 175 152 111 65 139 166 24 164 135 171 113 120 47 115 194 112 117 1 191 182 65 124 100 185 76 191 63 91 200 148 63 173 118 178 94 174 131 18 40 167 197 182 64 112 88 104 28 164 7 
109 99 38 15 24 89 50 42 180 104 5 143 119 53 128 53 170 84 162 167 99 147 21 150 38 85 6 27 77 188 43 185 104 56 90 124 104 137 47 151 56 132 140 145 151 187 24 161 78 102 157 144 121 83 67 149 59 10 54 33 35 18 104 69 188 20 156 166 48 129 14 11 158 146 73 112 90 175 112 44 131 154 60 157 1 200 126 157 162 164 113 4 112 11 5 153 110 59 29 123 
79 136 88 160 98 188 146 196 131 109 166 109 42 90 172 107 127 164 119 108 105 147 108 195 6 41 37 77 179 59 134 183 68 176 21 90 39 15 81 46 190 10 146 81 143 191 166 195 14 61 111 134 90 60 158 123 54 153 104 24 171 113 106 85 23 153 161 125 167 189 37 177 15 7 51 129 84 175 32 42 90 30 186 48 72 16 58 193 190 71 94 25 109 197 62 146 179 68 118 170 
137 37 170 17 33 93 119 58 53 11 100 185 126 18 56 24 90 60 85 74 128 69 13 196 81 131 37 90 123 103 67 66 188 153 23 116 173 66 76 85 65 186 132 71 109 47 119 51 183 11 56 147 57 37 114 76 68 38 191 73 185 55 47 155 32 143 108 4 147 72 86 15 138 26 62 143 68 188 126 166 190 187 142 139 84 173 127 88 76 79 141 142 199 4 178 75 4 85 189 171 
78 114 73 10 196 5 29 89 53 52 191 107 96 23 33 64 118 66 162 44 47 199 55 73 182 56 121 164 121 166 147 103 7 37 12 41 61 184 29 1 24 98 52 91 137 11 132 11 49 79 157 20 73 48 44 163 164 110 75 12 125 158 178 35 196 142 18 137 34 139 98 127 94 174 69 129 2 83 189 162 67 74 167 26 156 48 63 76 134 123 113 146 125 41 197 5 117 148 95 42 
144 126 144 194 120 2 115 57 151 37 142 20 187 75 172 65 16 111 172 8 120 157 4 16 193 180 133 69 38 107 32 181 90 4 49 114 65 48 82 4 159 127 113 97 37 194 193 122 42 148 153 87 24 8 128 138 162 12 12 2 196 107 61 37 159 147 65 6 8 188 77 169 48 188 114 179 37 114 49 87 24 27 93 86 92 88 154 72 179 118 37 180 130 137 180 38 112 93 79 73 
146 90 60 125 5 74 182 47 178 194 145 200 72 109 173 29 185 40 72 151 190 194 17 196 187 61 185 169 47 192 96 39 72 187 77 142 103 83 160 148 32 28 143 153 177 91 116 160 115 138 115 158 114 2 48 11 189 167 56 106 60 192 18 125 122 48 87 60 24 184 79 86 147 33 98 17 143 68 51 194 174 125 41 161 46 39 146 167 150 128 7 62 130 115 66 67 64 156 56 84 
41 174 81 90 10 24 153 128 34 20 153 164 193 61 7 6 23 17 51 84 71 94 91 78 172 16 119 131 107 115 123 61 155 168 72 44 119 145 64 18 146 61 195 81 157 8 2 59 141 73 73 178 123 87 187 199 23 36 57 63 180 120 180 96 10 94 38 10 109 159 138 57 144 4 69 60 13 56 96 175 19 189 93 68 148 81 114 113 97 92 110 2 169 61 133 153 26 160 40 3 
59 61 148 37 9 3 157 162 18 43 24 137 185 109 146 71 77 97 25 158 164 25 126 120 188 183 54 134 40 78 146 135 16 103 85 150 46 187 162 57 178 97 112 133 174 144 23 68 189 135 138 68 174 167 87 56 33 187 151 154 97 100 121 41 56 79 21 196 80 146 22 188 130 25 83 35 109 185 84 109 188 10 102 24 136 179 84 104 149 184 186 72 45 174 186 119 143 71 147 168 
160 60 107 178 84 191 83 160 188 53 4 174 27 186 98 7 13 66 12 129 94 84 41 38 42 60 124 160 104 160 44 78 179 41 70 144 93 63 197 24 120 34 12 193 2 164 52 17 48 62 163 156 171 133 117 173 125 102 38 85 156 144 48 164 1 42 29 71 158 108 146 189 52 65 91 179 91 39 17 144 60 196 183 137 150 57 162 71 49 131 9 137 171 70 33 144 64 84 121 87 
147 177 185 52 49 78 42 90 150 6 42 28 53 115 91 190 171 194 185 178 61 12 96 115 120 89 173 128 95 135 167 24 194 104 39 5 145 45 174 190 25 18 152 63 93 123 56 100 36 79 128 34 18 96 55 185 35 42 108 150 92 11 137 82 117 199 167 62 47 184 172 172 74 71 104 181 155 136 75 36 71 135 8 142 20 7 115 138 135 177 160 145 47 140 67 8 71 114 18 38 
148 135 90 199 6 123 60 26 131 37 20 20 174 77 144 108 147 153 141 22 149 138 99 174 28 144 151 11 96 81 123 13 128 102 13 8 167 112 51 31 51 115 200 118 185 164 193 91 110 26 174 155 44 137 127 110 35 133 98 125 170 122 5 28 12 164 38 190 65 124 183 16 27 70 158 167 111 124 10 48 171 60 36 91 97 87 132 105 185 184 51 30 89 7 3 3 172 163 155 28 
94 102 75 41 14 130 28 11 35 89 134 105 184 139 152 184 182 184 112 187 178 113 184 173 79 118 84 140 197 58 163 27 145 119 186 172 116 145 48 14 156 85 25 102 56 170 87 102 157 121 175 30 121 163 84 191 28 179 71 31 144 60 11 132 25 151 148 95 109 125 110 3 84 165 191 45 116 137 139 153 172 151 76 100 41 7 159 150 123 31 198 107 142 194 100 16 135 9 121 187 
155 143 187 190 58 26 172 35 67 193 27 131 153 123 110 154 68 49 23 131 46 181 45 68 57 180 148 136 47 30 101 74 22 19 144 163 80 170 144 55 48 117 147 57 15 74 176 104 82 184 122 81 153 185 78 68 17 2 93 113 154 194 36 187 116 59 135 187 58 136 109 87 143 4 84 99 16 31 176 171 144 126 52 198 7 128 51 60 63 134 27 27 8 164 161 121 29 67 67 131 
93 94 92 24 189 69 146 193 64 30 5 99 188 12 13 60 53 111 11 172 97 22 107 51 102 61 152 15 111 55 157 78 136 53 200 116 5 102 31 129 136 194 198 38 32 148 60 174 73 191 190 142 53 118 18 39 147 48 165 41 77 115 100 45 181 42 172 11 194 160 39 185 54 135 186 83 82 154 191 79 153 10 169 103 116 31 90 88 159 171 128 77 38 43 53 22 191 19 198 169 
200 84 124 195 50 20 44 12 128 64 34 116 2 200 179 25 124 172 77 19 23 89 154 91 77 130 16 161 54 79 105 183 163 4 175 162 32 79 120 100 192 167 111 151 35 39 187 10 144 152 81 173 133 167 113 49 74 146 25 187 99 97 107 115 33 155 53 174 89 46 9 72 25 36 77 191 172 27 94 28 173 33 38 13 4 148 87 64 80 25 180 19 61 101 26 102 18 119 183 40 
39 3 19 198 104 182 7 170 41 49 148 47 197 32 112 4 132 177 38 122 196 104 141 27 27 150 83 146 43 63 178 34 88 32 9 117 167 95 133 144 78 135 91 27 46 189 184 113 158 154 39 144 49 45 1 143 122 169 9 46 39 83 126 94 169 13 144 108 185 183 139 9 57 114 71 89 185 38 159 170 181 6 71 151 152 160 152 70 104 158 189 170 140 182 36 18 80 199 96 38 
120 137 145 59 146 13 32 10 198 54 57 160 113 8 122 35 123 83 78 46 5 138 176 116 53 97 93 90 58 95 190 173 117 145 88 130 40 55 31 75 16 37 145 187 183 140 41 29 31 130 180 49 122 4 182 71 177 185 109 90 28 187 98 163 59 109 10 65 6 25 176 21 189 177 95 179 15 87 162 148 124 161 58 44 184 123 132 155 1 69 54 182 135 65 180 162 167 159 45 177 
38 103 49 136 133 15 181 19 200 147 14 25 172 137 161 75 147 162 5 49 117 183 118 73 122 107 41 56 164 56 194 156 108 56 44 160 183 50 8 19 20 66 147 118 151 72 88 94 10 181 185 8 196 195 9 61 174 81 169 100 65 186 57 192 49 9 91 172 140 85 162 154 76 12 199 166 143 135 71 57 111 69 20 82 64 179 113 13 181 68 136 153 153 104 147 65 29 176 124 108 
141 147 182 185 112 33 189 95 43 62 37 45 23 119 189 18 4 171 80 194 178 6 68 18 12 24 175 46 107 31 164 82 164 179 50 50 147 153 160 138 39 129 62 3 24 191 1 148 130 169 133 116 136 39 178 158 52 163 89 148 147 109 23 199 79 55 112 98 108 79 83 71 145 12 43 70 70 53 8 12 162 123 57 120 147 1 2 79 65 165 87 109 200 194 120 169 48 151 187 48 
60 92 184 60 110 2 144 167 171 82 67 112 32 139 134 106 169 117 64 175 12 4 192 42 153 7 85 119 175 195 111 134 158 142 152 125 53 146 74 193 132 49 185 67 96 112 95 181 5 8 64 185 55 194 186 6 137 140 49 114 35 191 81 133 162 149 188 20 87 138 191 14 49 38 95 53 18 54 68 127 66 82 139 16 164 9 54 121 71 153 27 85 156 184 186 85 170 88 54 107 
131 17 178 83 186 80 128 90 146 58 183 28 13 170 65 59 51 80 190 93 6 108 66 183 91 185 99 134 101 89 162 114 30 98 149 99 92 121 148 93 57 55 198 193 154 136 38 6 172 151 19 179 194 101 173 92 109 10 92 197 125 115 26 65 181 13 160 126 31 102 121 168 157 47 2 118 157 104 174 24 133 183 173 62 62 16 76 73 127 182 101 158 58 132 185 69 70 159 182 67 
190 139 3 55 85 38 88 38 65 47 55 46 40 130 77 7 40 54 16 7 133 27 60 5 195 121 160 164 137 119 130 119 163 81 110 28 156 167 56 144 178 66 120 49 63 159 105 102 103 49 25 123 135 82 102 70 77 184 84 72 110 134 138 43 21 16 186 173 58 90 40 23 147 139 75 127 89 33 20 121 120 173 134 104 142 84 100 47 97 186 28 42 28 162 86 55 37 94 28 19 
129 71 29 60 139 47 59 83 68 53 189 158 173 176 83 9 196 66 128 190 34 57 175 87 189 113 132 58 121 47 189 108 27 47 46 99 12 183 182 143 148 102 38 98 56 29 38 176 195 154 74 170 177 16 78 104 107 54 123 69 39 148 197 150 86 170 14 50 89 79 137 14 190 57 183 116 3 168 67 57 164 55 186 117 34 54 192 160 137 132 86 26 176 189 85 127 15 127 160 191 
135 8 17 160 17 139 149 196 13 65 133 138 129 4 13 85 131 9 2 24 105 33 179 86 161 46 124 42 196 84 187 174 37 159 20 157 120 52 149 106 167 24 70 61 56 150 96 84 176 121 164 7 187 160 50 41 72 14 150 37 142 134 127 140 100 187 167 60 170 44 60 174 146 89 40 71 63 100 4 92 95 129 101 65 145 118 99 15 5 19 21 115 21 133 60 130 90 98 128 176 
173 127 21 167 124 137 172 12 6 89 65 172 54 7 146 28 173 50 111 28 155 58 72 1 58 124 73 23 144 16 2 100 32 104 151 112 120 59 163 4 95 62 188 127 116 2 116 134 93 187 199 120 67 86 39 51 2 38 180 48 196 158 185 124 198 171 167 167 126 196 16 141 58 99 128 99 101 90 97 98 38 34 35 40 7 142 17 186 157 168 36 136 103 154 96 132 17 60 160 11 
195 159 173 28 102 113 66 116 30 26 177 45 75 145 177 121 158 151 129 109 61 141 43 50 16 162 163 151 170 87 167 30 45 70 165 57 128 145 99 74 155 192 129 173 138 61 147 132 50 41 126 158 158 161 44 144 53 18 188 160 37 81 102 160 94 10 75 29 135 93 186 79 48 61 132 113 152 94 22 118 197 107 151 66 38 16 128 11 149 44 70 75 104 34 31 192 173 47 119 5 
138 98 46 96 38 30 116 82 104 67 116 187 112 6 186 45 80 42 86 6 6 171 17 147 125 89 53 63 32 125 74 12 183 106 93 189 120 35 99 42 171 72 182 39 2 158 66 168 35 152 194 2 133 25 25 167 67 114 110 50 11 154 78 60 119 151 95 89 165 2 124 138 72 43 126 43 144 173 115 5 41 194 131 169 177 40 185 47 123 105 85 63 62 59 140 103 177 88 58 58 
8 27 64 25 149 16 126 96 83 80 129 175 54 70 31 179 2 12 50 198 107 150 36 185 132 105 110 121 123 99 102 95 26 77 106 180 128 96 93 40 106 176 109 64 154 23 87 1 51 78 120 130 140 14 80 132 126 149 193 134 190 40 136 34 32 161 175 118 133 83 145 163 65 107 173 52 185 76 87 9 189 14 83 142 149 86 129 85 94 196 172 131 64 50 196 165 135 197 106 34 
200 123 6 44 134 48 139 64 97 111 49 131 133 16 181 81 57 180 165 46 5 81 38 100 69 107 177 73 3 184 88 114 18 162 200 81 48 29 151 28 151 14 172 29 155 189 149 197 138 12 187 33 26 105 92 192 182 23 24 12 132 65 169 153 143 15 185 72 68 49 111 37 99 137 183 144 180 170 194 132 66 99 161 144 89 65 3 47 188 139 200 42 94 114 128 124 175 37 136 13 
96 18 66 84 190 32 121 14 182 47 82 94 51 15 161 125 9 30 48 192 92 90 148 113 136 93 161 19 121 156 23 57 3 53 89 166 197 21 195 148 98 162 54 144 137 135 79 13 197 108 151 57 35 96 53 72 101 68 180 90 147 192 67 199 126 105 155 165 56 132 188 197 193 34 47 46 147 100 35 35 198 114 103 81 27 12 151 90 36 141 89 75 6 155 164 20 106 33 109 126 
87 148 176 130 200 11 126 33 191 120 154 124 127 143 111 178 19 192 19 10 37 27 93 140 131 181 122 140 9 189 124 53 13 114 151 33 184 113 180 4 142 28 80 191 200 25 114 16 43 52 129 183 82 69 51 145 27 134 19 191 142 162 126 146 112 65 158 37 17 174 41 143 137 163 66 36 3 28 97 14 178 80 169 119 117 14 142 160 163 94 111 190 143 78 27 87 139 120 52 181 
51 100 70 129 177 144 108 119 33 166 141 175 66 197 110 133 90 12 147 53 186 55 134 175 114 165 147 188 52 111 68 119 69 56 126 92 62 6 49 12 177 10 94 190 99 26 147 117 47 144 37 114 134 179 21 112 53 71 75 90 175 153 71 162 112 59 159 57 23 74 48 55 183 137 79 150 193 135 146 144 43 187 183 200 94 4 86 25 111 63 71 45 67 96 128 167 76 27 32 1 
123 56 133 113 96 146 75 43 196 177 119 100 123 76 53 196 6 184 160 90 53 165 151 86 14 13 43 111 17 191 61 42 35 111 46 150 6 36 28 98 150 68 172 28 171 9 45 16 182 108 64 108 62 151 85 167 30 45 36 75 180 183 112 41 8 51 102 11 184 46 82 27 185 28 79 66 194 25 106 181 54 57 126 192 80 158 29 132 108 64 145 147 87 161 109 25 124 27 139 152 
92 173 119 143 124 189 29 99 136 117 48 120 167 152 189 117 188 165 175 69 131 143 144 198 82 62 170 3 53 66 173 66 99 136 33 88 152 26 184 64 187 105 63 21 3 168 159 103 127 57 89 110 40 163 59 52 130 5 131 82 150 143 121 53 62 54 11 10 180 72 146 81 20 175 77 36 131 54 119 51 160 97 19 130 168 51 172 102 158 110 176 119 16 95 7 148 60 67 196 92 
11 107 141 32 170 160 126 188 123 65 13 113 64 110 73 79 65 85 185 103 91 132 167 189 84 4 1 129 73 149 84 21 156 66 29 79 198 173 122 26 9 28 152 158 174 73 92 110 20 65 196 11 26 131 192 16 108 95 31 97 147 150 121 35 194 128 85 200 16 141 126 196 99 189 179 56 27 32 15 101 49 165 133 137 85 95 68 8 173 142 122 181 29 31 98 119 167 164 64 100 
9 200 151 185 187 165 47 148 142 143 127 156 139 104 71 10 185 90 124 191 27 104 182 162 31 122 199 93 165 43 132 106 87 118 74 113 117 77 160 75 78 200 122 16 198 180 92 28 121 120 136 108 198 36 29 30 76 183 152 11 89 77 79 136 52 87 150 180 156 199 50 9 15 105 107 76 13 135 75 194 164 26 14 133 9 118 107 197 72 103 36 148 129 165 20 168 178 53 65 115 
33 86 140 188 31 111 13 99 173 106 27 130 162 64 53 155 180 36 104 21 124 107 4 191 75 64 114 179 106 33 152 100 173 114 140 108 121 137 60 68 93 68 163 147 89 189 5 26 48 134 150 32 145 194 64 74 46 82 140 20 175 98 95 190 188 178 123 102 67 197 72 9 111 16 24 29 66 180 172 94 97 23 168 103 176 136 105 91 22 74 22 106 131 191 99 199 108 185 17 52 
43 106 187 139 196 30 136 110 46 48 36 89 195 188 35 172 39 159 33 20 145 70 58 128 188 99 94 153 185 71 134 133 169 176 104 63 93 50 171 57 100 189 180 174 25 193 68 124 130 42 115 9 145 132 51 1 85 199 79 156 159 88 191 78 27 64 66 58 183 16 36 20 34 140 24 24 176 124 24 152 144 8 100 61 66 182 92 100 63 78 57 23 171 168 38 63 148 177 3 128 
121 175 61 18 139 104 113 28 6 86 199 28 142 194 73 190 36 59 194 32 188 85 154 68 175 116 179 178 38 178 137 157 118 139 75 196 82 189 63 32 59 155 69 8 29 142 97 81 61 164 13 32 58 12 30 89 36 23 26 69 196 81 162 4 145 100 33 145 153 144 146 137 17 125 8 174 35 183 111 94 103 171 142 146 87 103 84 136 123 47 135 51 128 127 38 198 57 66 46 59 
193 195 191 192 62 166 49 82 45 146 71 35 129 170 34 180 148 136 53 158 89 40 51 37 168 102 105 167 196 66 19 31 31 30 176 131 14 7 115 18 113 129 181 27 183 190 23 78 44 154 7 37 18 25 43 101 47 54 83 90 135 135 41 5 58 110 102 136 186 21 136 149 90 123 51 62 176 65 58 147 154 48 47 108 153 153 175 48 155 48 134 114 178 17 21 108 175 102 48 61 
142 40 114 163 92 194 49 170 22 152 23 15 159 188 59 50 156 97 60 23 19 110 67 17 173 190 154 36 11 167 144 34 82 58 26 195 110 61 187 187 146 91 29 196 109 177 23 96 91 1 169 125 87 91 155 150 154 111 174 153 60 126 184 194 24 105 101 104 160 77 148 78 82 194 75 149 114 49 38 35 5 124 86 117 100 30 44 175 127 149 3 153 110 185 130 8 188 104 112 199 
157 44 155 128 117 40 63 153 49 107 134 171 103 126 61 196 116 45 75 34 172 96 186 160 192 88 163 95 82 42 196 113 164 9 175 122 144 182 96 198 26 110 156 10 169 200 43 7 176 55 95 118 23 97 54 4 161 100 33 59 56 184 87 82 199 53 109 75 89 157 28 49 199 148 116 78 25 198 171 65 175 188 144 103 179 180 72 99 70 188 150 115 187 45 190 116 198 66 65 20 
103 154 27 186 199 27 77 134 168 82 130 157 178 123 172 13 98 129 64 114 54 159 51 117 43 107 4 125 100 192 93 118 163 127 192 187 40 160 108 132 97 154 30 148 170 88 180 134 184 100 95 37 78 199 175 65 114 193 2 35 168 154 30 103 77 88 102 153 162 164 181 155 138 102 168 9 36 82 111 198 83 69 168 183 178 106 101 137 100 93 22 124 122 9 86 128 3 24 39 111 
38 167 4 96 90 67 34 94 19 6 175 184 48 150 95 89 63 200 88 116 25 104 184 166 90 114 176 53 133 187 190 79 52 8 86 195 83 145 92 62 192 127 53 145 21 126 40 4 35 10 99 86 70 156 33 179 155 191 154 92 88 69 118 128 170 125 82 195 187 170 30 198 120 186 184 31 172 141 177 119 87 161 76 166 77 175 111 193 163 40 141 25 69 147 111 42 124 154 41 157 
137 174 159 15 71 97 154 121 171 121 169 77 110 106 132 149 118 137 193 81 107 137 42 100 192 47 95 147 188 138 115 86 140 72 114 186 65 134 147 153 40 62 127 123 150 155 135 161 8 130 92 70 27 131 106 193 13 62 48 134 33 55 144 7 165 109 80 129 138 140 173 66 57 3 95 17 168 70 165 6 192 2 9 193 106 193 76 185 143 175 110 70 47 51 13 71 79 131 139 127 
102 46 98 14 5 184 125 84 41 107 56 106 61 170 159 31 115 52 2 36 57 148 127 141 162 100 25 108 34 106 34 45 45 56 179 107 11 142 79 85 176 55 49 142 145 168 28 195 8 38 11 104 127 146 38 57 161 121 15 162 159 134 99 76 63 12 177 150 169 27 120 169 181 56 43 21 89 150 123 63 58 27 55 62 95 71 191 64 112 37 155 145 75 20 129 197 152 116 40 197 
129 146 24 142 116 183 56 145 149 133 80 113 14 37 149 200 13 131 16 91 95 189 149 200 53 32 123 69 74 48 187 118 170 122 59 15 58 174 65 132 99 2 194 97 90 93 72 141 9 88 139 82 79 112 147 147 95 86 51 60 130 29 2 173 100 71 118 49 136 71 63 155 178 46 56 87 174 180 179 194 120 179 200 22 103 147 64 159 9 53 141 150 76 96 26 32 87 114 151 190 
60 106 88 26 118 83 38 107 24 127 77 85 83 31 196 200 122 62 67 35 132 43 102 167 120 15 168 191 47 128 39 54 104 75 119 168 50 107 68 60 89 26 159 83 54 152 157 94 108 146 112 57 55 192 119 112 156 127 131 23 142 27 167 61 83 105 171 164 144 188 112 60 141 141 67 177 81 184 166 156 110 165 32 157 142 109 40 82 147 187 21 173 91 175 169 146 85 196 146 192 
119 34 100 27 41 149 1 139 185 96 29 63 94 66 120 98 33 34 99 107 15 69 173 123 139 154 157 49 57 144 165 178 8 178 33 185 37 122 191 115 89 186 198 85 133 108 173 163 72 37 79 150 69 143 92 7 158 74 159 86 66 189 74 174 145 139 120 176 173 20 12 27 140 77 1 144 120 6 31 79 156 76 17 56 24 98 73 112 49 60 129 158 15 178 165 4 44 36 85 83 
168 124 100 23 114 133 18 110 91 28 54 152 59 180 108 163 163 28 19 123 123 121 118 155 5 157 176 189 14 14 2 59 40 12 37 131 41 20 132 184 156 20 147 49 12 112 58 39 35 67 49 163 152 193 127 166 198 118 90 62 171 46 54 158 31 99 75 66 120 39 67 177 43 39 177 33 53 35 187 184 38 54 4 186 38 160 100 67 30 158 159 85 119 31 62 111 81 109 137 64 
148 96 130 87 187 154 111 171 162 10 55 155 36 156 63 119 101 154 95 94 12 7 194 129 83 27 173 190 37 16 197 174 148 150 67 11 112 137 173 88 138 76 133 148 148 79 27 112 121 104 103 84 14 166 115 173 25 20 85 64 172 132 28 85 8 126 186 71 177 38 184 88 54 144 48 180 64 170 4 157 168 5 164 109 194 90 24 88 190 183 192 6 194 148 94 98 59 176 123 172 
138 99 44 172 137 73 90 51 68 170 135 85 84 177 106 177 36 30 188 191 91 137 23 35 98 143 136 138 129 6 13 76 89 159 176 131 149 66 101 154 120 180 181 73 196 139 196 132 125 31 30 7 103 66 47 15 74 121 38 118 110 108 99 124 94 168 97 104 47 181 98 69 145 199 198 26 13 67 54 29 135 68 6 46 47 122 5 33 145 79 103 176 103 155 22 62 81 152 83 18 
108 49 173 151 121 129 156 189 125 54 101 134 155 153 108 54 40 18 159 3 39 70 151 24 20 59 11 78 91 54 189 36 77 86 174 189 22 166 45 158 113 145 156 114 177 52 200 108 191 6 92 183 118 135 126 19 84 187 64 183 47 157 174 141 86 51 10 58 18 77 151 183 133 161 91 125 66 159 19 22 75 1 161 15 92 167 158 198 160 125 42 168 145 33 102 139 127 161 41 143 
51 193 16 90 88 114 158 145 2 112 107 141 118 63 184 186 2 196 162 159 64 46 44 183 168 99 155 69 189 189 48 56 184 137 24 39 97 94 148 101 171 19 102 173 19 91 184 65 125 154 121 36 198 113 25 34 23 65 146 63 114 84 84 4 119 80 189 148 111 200 194 125 105 150 140 72 186 42 93 157 177 90 8 167 34 117 89 180 116 43 91 130 75 60 5 162 148 128 161 195 
197 66 72 2 46 128 44 93 35 75 81 41 40 66 104 62 95 16 33 198 141 133 12 121 89 147 30 151 85 132 26 117 122 138 46 34 175 164 63 140 8 124 159 34 150 173 69 160 84 82 17 56 152 178 33 52 46 40 173 135 25 175 72 77 70 144 29 77 180 132 103 189 200 70 1 172 85 67 17 129 171 176 68 114 161 192 173 97 149 90 86 140 120 14 167 122 185 94 23 195 
175 120 49 41 47 157 181 31 82 16 189 112 91 192 182 135 79 134 102 142 116 197 134 116 134 43 38 142 192 98 165 74 173 187 23 104 58 184 27 141 75 39 97 77 118 74 68 188 126 156 158 123 13 3 42 57 19 106 177 157 9 179 47 125 42 150 33 90 104 126 43 164 39 88 162 158 185 187 76 159 31 78 82 104 165 111 123 26 96 150 179 137 139 156 57 52 119 158 6 138 
7 148 92 3 154 71 182 154 88 182 157 114 4 10 189 67 41 54 4 176 19 164 29 182 55 113 111 143 120 117 33 19 185 109 108 73 16 136 99 128 24 137 148 134 180 78 95 76 52 89 10 84 173 84 103 11 178 8 171 152 191 191 17 76 90 151 46 32 95 2 60 149 159 175 86 25 194 102 190 170 101 98 6 124 56 77 138 200 65 12 119 160 182 2 144 140 123 78 43 140 
178 125 174 65 43 21 148 114 42 40 96 21 46 155 64 129 138 132 127 101 54 89 89 40 122 195 22 40 185 163 161 18 15 9 88 55 79 54 48 94 63 142 157 13 40 93 160 52 113 101 111 117 150 80 69 52 18 196 116 73 58 110 185 68 186 118 91 77 34 5 62 113 70 136 32 45 100 86 166 191 122 139 166 8 87 104 152 48 39 8 163 94 29 148 177 52 172 161 21 50 
77 170 138 153 68 133 126 39 113 20 186 124 165 23 183 151 91 171 197 134 172 98 54 113 179 49 174 197 100 75 89 41 27 150 60 69 58 80 92 135 106 56 133 102 153 42 5 83 163 3 20 10 144 1 154 158 98 172 120 58 52 123 178 1 63 40 12 34 100 185 79 100 166 36 180 170 10 136 153 22 41 20 43 192 128 186 88 132 31 54 99 45 180 123 174 49 140 137 158 108 
24 164 159 156 44 76 90 66 87 79 135 178 21 109 129 156 154 156 34 13 87 47 33 85 53 103 122 73 56 145 190 97 80 197 80 129 101 58 65 55 178 106 141 91 153 169 110 116 24 133 119 34 90 25 194 134 102 126 177 98 87 192 31 148 50 118 6 161 134 43 120 103 111 200 88 78 116 186 132 71 75 146 47 197 149 130 98 196 87 74 63 64 71 24 37 167 68 159 112 134 
72 142 15 78 91 128 27 190 42 194 181 34 140 48 155 87 168 60 158 73 142 79 134 53 187 7 95 98 176 51 167 7 189 10 123 119 113 53 152 105 73 87 116 175 13 26 67 73 133 70 122 146 177 66 142 117 54 49 26 155 179 143 169 137 138 141 32 141 176 8 147 180 59 26 62 93 192 7 19 177 125 4 158 92 69 140 63 36 196 74 124 182 12 15 27 98 135 199 192 79 
2 36 100 195 127 176 160 135 150 90 63 117 56 138 170 155 20 142 170 36 200 158 186 31 117 72 19 72 86 28 154 66 186 38 80 152 96 64 35 199 31 20 46 115 140 174 61 55 74 2 3 52 43 197 94 147 181 182 68 9 74 104 155 135 50 128 5 20 71 23 71 9 168 124 153 39 156 50 128 171 170 47 127 77 16 47 183 45 78 19 185 12 55 138 77 12 7 81 29 27 
187 184 187 192 22 173 85 3 74 91 100 128 139 82 59 163 118 129 151 111 24 186 100 184 168 33 165 101 152 163 83 115 82 62 184 22 90 133 53 137 36 110 200 195 183 15 174 1 15 68 79 168 42 175 6 5 164 135 4 4 44 93 170 176 19 135 153 137 158 63 32 34 195 1 131 29 73 155 98 47 163 86 190 152 32 104 178 62 115 125 48 7 101 173 157 154 8 171 89 70 
128 124 88 2 100 94 144 145 22 123 76 190 194 191 79 96 36 154 108 4 35 166 79 44 83 70 18 151 158 131 38 110 174 42 56 9 58 171 127 123 168 41 125 184 160 112 3 47 192 111 196 93 161 169 190 26 145 115 109 128 16 49 55 118 197 19 105 163 181 52 25 69 16 175 4 96 10 134 168 59 83 126 74 142 161 113 35 9 175 126 16 167 100 169 118 76 186 93 52 20 
111 164 176 172 37 154 68 25 116 58 89 194 100 25 102 66 55 23 68 161 63 187 53 177 193 179 132 40 162 17 50 145 65 39 176 85 179 122 190 142 39 28 133 15 150 18 171 37 189 79 36 132 175 106 105 113 128 88 39 20 12 154 14 152 182 152 101 195 13 58 46 54 67 96 159 178 4 107 191 124 49 109 158 103 151 49 127 46 90 7 172 200 184 152 81 143 86 169 161 128 
102 87 136 68 85 25 142 166 141 162 78 179 141 148 116 32 21 118 12 97 165 179 8 49 81 142 154 81 48 144 10 115 32 8 149 107 13 99 122 164 41 109 64 23 28 61 143 182 44 40 94 18 108 92 173 18 44 166 17 103 17 32 8 193 3 179 7 11 159 92 114 154 167 40 8 59 109 64 87 25 166 98 32 73 103 99 116 20 7 11 185 150 171 168 35 169 68 5 88 27 
123 8 103 97 161 187 19 74 15 86 60 180 1 6 175 140 146 94 74 147 71 30 78 191 101 136 45 3 2 13 115 172 198 8 56 155 155 111 37 13 54 35 63 81 71 114 54 48 188 162 122 86 88 93 195 141 120 168 186 166 138 124 18 146 177 69 125 192 70 66 141 100 111 82 57 196 81 176 158 170 131 140 133 102 200 31 35 94 13 5 100 90 139 83 77 87 140 92 115 54 
45 182 198 39 81 165 26 109 59 152 106 161 162 95 122 159 165 34 171 77 165 188 166 168 192 194 105 156 176 177 129 95 104 15 18 36 65 1 73 3 80 2 120 72 162 148 129 76 104 124 98 149 51 167 100 20 157 163 32 102 200 79 54 189 102 187 4 23 32 98 13 64 140 8 140 136 25 177 88 191 109 25 77 108 129 34 52 66 5 13 18 133 77 103 95 98 193 57 15 87 
45 143 133 200 180 128 101 124 111 195 176 103 138 20 127 8 36 94 89 11 164 179 96 34 131 63 193 39 13 172 121 128 73 162 121 167 155 5 42 22 156 24 124 172 92 173 120 149 124 5 59 52 187 6 72 92 105 130 3 109 86 197 86 82 58 14 35 175 192 58 165 149 60 177 189 131 56 65 151 134 91 113 111 75 33 175 38 70 47 140 95 117 36 120 82 179 178 157 144 30 
200 104 60 200 156 134 54 147 98 140 3 145 115 37 86 187 120 62 89 187 122 114 155 55 88 37 200 194 9 51 95 108 176 191 156 63 131 14 85 49 189 129 182 133 49 178 97 153 107 73 199 23 137 4 43 17 22 162 193 58 53 183 3 14 28 156 139 9 7 59 99 5 181 137 138 101 151 101 102 110 1 184 94 85 147 3 112 154 126 12 77 194 43 108 123 9 76 96 2 130 
159 46 151 197 119 33 89 64 98 110 1 146 55 142 104 175 13 62 12 116 167 24 92 188 193 42 165 34 178 33 167 179 46 189 95 97 8 177 181 130 189 24 88 3 169 90 46 92 73 200 45 48 175 154 108 191 17 109 175 4 185 16 197 170 93 123 145 135 75 151 86 164 166 53 38 61 125 112 41 173 158 75 104 3 135 136 82 11 168 53 124 186 3 48 37 97 56 49 70 191 
104 5 152 59 173 50 137 145 107 148 34 96 47 82 199 188 106 103 12 71 5 113 171 108 184 99 119 23 142 167 23 75 116 153 131 36 138 113 77 86 29 50 166 186 70 159 175 99 28 155 173 125 114 170 116 16 189 14 1 29 87 34 111 185 14 10 106 33 188 35 25 24 128 141 139 68 193 186 99 13 103 112 160 122 172 67 142 100 150 126 81 125 53 179 27 194 104 46 114 199 
116 112 79 160 62 16 121 185 169 86 135 81 177 94 32 55 155 171 198 45 103 167 136 10 109 162 156 21 37 167 16 62 11 99 75 152 151 116 198 17 51 35 63 95 2 29 138 66 80 55 106 63 121 118 10 169 24 162 122 111 89 77 156 111 196 82 129 47 197 135 87 70 23 195 147 132 74 26 57 114 1 111 137 112 71 195 18 88 102 113 157 131 52 32 99 184 168 31 176 8 
152 86 23 102 199 130 10 114 40 1 129 71 56 173 17 173 135 157 92 31 6 24 137 154 21 114 107 75 21 118 142 135 156 5 130 82 24 190 196 179 122 41 166 161 181 173 191 73 101 108 171 63 133 88 97 164 179 179 119 80 64 77 57 40 199 13 147 78 41 174 85 153 132 131 127 56 17 196 66 26 90 27 47 5 83 99 122 85 154 84 99 48 165 133 62 55 55 125 157 85 
146 42 144 123 35 54 46 87 175 179 183 179 100 32 168 109 43 127 184 170 167 162 143 72 162 78 21 168 113 167 26 182 153 101 127 8 145 138 79 24 185 169 140 177 190 13 115 158 27 17 45 71 186 14 185 42 136 99 158 21 30 60 119 182 40 146 114 56 39 87 5 65 9 125 136 134 127 102 134 200 15 126 77 60 64 99 60 34 183 180 150 125 72 113 200 44 77 24 31 49 
101 100 38 59 124 71 25 84 70 56 185 34 52 30 15 193 132 10 99 163 53 38 129 42 152 5 131 144 128 187 44 73 96 88 22 11 98 173 144 30 22 171 88 65 86 95 98 101 191 174 185 33 34 110 25 78 67 49 9 158 113 146 107 105 76 183 10 19 139 37 41 124 36 119 99 190 51 18 154 159 155 76 24 175 78 3 91 8 176 91 62 21 151 58 21 131 2 43 92 128 
53 40 137 123 188 191 199 55 170 156 49 117 74 163 158 23 102 15 151 124 82 29 91 177 195 63 136 107 166 32 131 116 25 143 73 110 191 160 39 140 143 85 73 176 44 79 99 22 27 31 36 141 39 113 121 197 116 38 99 47 36 58 12 152 80 179 161 84 168 50 96 128 91 129 97 62 74 185 92 174 144 45 134 177 40 24 36 183 100 195 129 84 106 107 107 142 174 109 197 100 
102 91 60 64 26 148 173 77 15 49 147 198 84 84 82 193 114 101 136 92 63 23 101 186 184 57 78 13 102 130 122 67 4 123 31 50 170 142 157 198 168 131 33 23 134 17 178 47 184 76 128 75 146 49 186 134 183 138 145 79 180 169 61 31 1 34 112 198 68 128 151 177 167 62 14 168 17 28 58 75 113 136 19 138 111 119 131 139 75 180 192 55 200 189 107 175 183 127 7 29 
64 190 16 173 178 81 138 70 152 64 89 58 107 129 199 54 21 192 56 165 147 15 52 191 48 171 72 50 116 152 28 49 168 179 80 106 78 37 64 130 39 95 183 134 102 198 54 46 38 183 88 11 153 31 102 147 168 92 138 150 161 149 137 106 158 57 130 15 78 60 160 110 147 181 82 148 77 152 130 121 151 23 114 187 71 26 32 160 5 38 58 182 106 13 56 184 37 150 4 156 
190 179 97 28 36 64 124 14 172 103 119 32 108 197 85 5 137 6 96 55 34 188 78 62 137 188 114 198 153 15 35 159 54 46 31 183 109 168 104 2 100 19 181 30 35 59 3 164 179 132 63 6 169 155 191 180 173 51 46 40 67 19 182 131 83 10 157 12 170 17 192 64 162 17 132 167 23 25 105 115 184 16 6 16 81 116 78 143 99 179 54 67 23 184 117 145 87 17 193 71 
25 114 97 111 72 110 41 165 176 76 52 77 65 91 6 106 50 104 38 31 55 173 25 126 54 174 12 115 187 18 121 137 135 37 148 38 103 49 157 119 49 148 181 116 79 138 176 146 36 23 144 107 181 39 172 154 174 105 70 164 99 74 33 82 83 197 58 8 54 71 8 53 68 106 17 134 171 199 70 154 24 16 39 183 41 86 147 155 84 172 60 5 198 21 192 114 37 52 127 174 
82 24 67 161 36 141 195 57 162 159 30 102 101 41 142 150 70 184 147 183 81 61 147 70 184 18 139 180 196 4 4 194 196 130 174 22 73 85 130 145 12 47 25 158 187 52 103 3 6 92 147 57 148 41 101 106 127 137 172 48 149 93 41 153 126 102 5 109 46 112 170 148 24 188 35 15 68 109 32 91 163 55 61 182 13 39 61 172 85 106 92 39 104 48 10 162 167 115 61 77 
134 7 99 167 145 198 180 113 55 89 96 59 48 13 67 133 154 66 177 80 37 133 44 37 102 143 145 152 86 82 62 159 119 190 161 9 159 57 5 19 143 36 132 94 146 155 178 136 56 155 83 42 148 174 24 57 116 71 90 99 39 162 2 168 128 178 114 118 149 163 124 18 194 121 50 24 32 29 81 104 169 66 129 2 17 81 83 76 3 189 127 94 161 119 136 19 75 183 3 37 
24 1 118 74 75 62 3 10 6 10 43 9 91 78 56 48 135 29 193 199 110 173 178 50 172 131 118 184 175 178 168 47 120 130 160 8 74 7 131 131 95 142 57 46 23 50 145 168 22 183 46 81 69 53 58 63 18 30 41 172 158 103 88 83 133 143 168 36 27 78 135 47 124 93 30 174 74 161 148 60 6 45 198 145 57 162 70 179 63 46 37 94 33 183 166 116 111 14 5 14 
196 93 101 71 45 129 153 92 155 83 101 62 25 149 62 96 33 30 31 107 87 1 107 81 65 126 131 87 29 148 187 33 20 147 44 100 80 77 79 196 168 16 177 94 154 72 139 181 140 89 111 123 3 19 118 126 4 26 69 194 71 14 195 166 1 183 12 134 127 71 123 127 46 63 194 58 52 158 28 48 149 51 7 1 23 186 1 128 155 192 132 189 194 19 133 32 1 151 69 42 
