150 2
0
1
1 17 193 1561
2 121 5 111
3 176 126 680
4 454 11 432
5 469 135 1549
6 529 55 419
7 638 9 620
8 668 127 1176
9 705 153 1011
10 705 106 1129
11 746 27 746
12 770 17 906
13 822 193 1208
14 888 30 828
15 913 43 999
16 917 165 1907
17 1030 144 742
18 1032 47 1314
19 1090 158 1090
20 1309 8 1373
21 1364 89 1542
22 1415 39 1727
23 1452 194 1064
24 1727 102 1931
25 1773 74 1773
26 1846 19 1998
27 1873 157 3129
28 1889 117 2591
29 1968 98 2164
30 1981 137 2529
31 2004 128 2004
32 2042 10 2042
33 2042 132 2834
34 2210 200 2610
35 2258 123 2012
36 2265 193 3809
37 2272 6 2308
38 2290 146 3458
39 2328 142 2328
40 2382 176 2734
41 2394 165 2064
42 2586 156 2898
43 2636 21 2762
44 2712 80 2712
45 2770 128 3026
46 2892 102 3300
47 2910 175 4310
48 3047 12 3047
49 3111 57 3111
50 3127 197 4703
51 3167 44 3519
52 3201 168 4545
53 3255 152 4471
54 3292 119 4006
55 3300 11 3300
56 3343 88 3871
57 3374 112 3822
58 3729 16 3761
59 3758 64 3886
60 3768 17 3904
61 3783 79 4257
62 3808 4 3832
63 3815 73 4107
64 3872 24 3872
65 4041 107 4897
66 4118 87 4466
67 4151 26 4151
68 4159 40 4479
69 4175 27 4121
70 4214 90 4214
71 4262 162 4262
72 4365 111 5031
73 4378 74 4230
74 4397 71 4255
75 4473 92 4657
76 4506 174 5202
77 4570 157 4256
78 4612 53 4612
79 4692 11 4758
80 4701 35 4771
81 4757 196 5149
82 4835 141 4835
83 4839 156 5151
84 4839 111 5061
85 4860 143 4860
86 5015 121 5741
87 5054 42 5222
88 5161 12 5137
89 5191 48 5383
90 5307 11 5285
91 5332 76 5636
92 5372 104 5996
93 5383 96 5575
94 5398 198 5398
95 5415 134 5683
96 5658 56 5770
97 5669 74 5965
98 5675 96 5483
99 5703 6 5739
100 5748 139 6860
101 5924 4 5924
102 5973 24 6165
103 6010 81 5848
104 6041 94 6793
105 6136 74 6136
106 6155 138 6155
107 6246 169 6922
108 6250 17 6352
109 6300 136 7388
110 6356 199 7550
111 6493 107 7349
112 6530 161 6208
113 6550 66 6946
114 6563 85 6563
115 6654 107 7082
116 6719 57 6719
117 6827 53 6721
118 6886 79 7202
119 6921 164 6593
120 6953 93 7325
121 6967 24 7111
122 6995 163 6995
123 7138 34 7206
124 7146 121 6904
125 7154 28 7322
126 7162 43 7162
127 7184 73 7622
128 7218 91 7582
129 7318 151 7016
130 7644 51 7644
131 7662 55 7552
132 7680 94 8432
133 7741 165 7741
134 7762 182 8854
135 7806 182 8898
136 7838 45 8108
137 7874 137 7600
138 7930 134 9002
139 8104 167 8438
140 8173 175 8173
141 8210 86 8898
142 8223 127 8985
143 8445 76 8597
144 8468 177 9884
145 8536 120 9496
146 8659 80 8659
147 8671 127 8925
148 8733 127 8479
149 8843 117 9545
150 8958 48 9054
39 21 51 128 117 19 29 62 116 45 168 184 163 149 15 41 153 19 6 62 147 13 22 137 5 150 36 196 153 164 15 153 43 186 67 125 52 148 109 68 40 152 7 8 82 98 199 63 178 53 119 137 113 62 105 71 75 36 87 162 123 160 81 38 40 132 145 151 48 34 76 55 144 194 196 25 1 195 143 114 153 107 134 28 104 166 183 68 17 101 72 197 70 7 172 36 88 175 40 11 58 146 120 192 67 12 50 35 179 175 34 168 145 68 170 161 99 83 70 175 22 69 146 74 3 21 11 88 43 175 10 179 139 93 163 122 126 83 184 162 56 25 82 138 200 136 13 82 87 146 
58 165 73 60 21 80 104 47 100 58 112 164 125 14 123 58 29 14 13 25 50 1 186 104 1 28 137 177 103 187 143 150 64 27 69 105 67 15 118 166 168 191 140 70 200 22 163 84 118 33 93 59 63 75 123 59 148 150 170 177 155 117 163 173 8 120 21 191 183 125 3 55 180 192 66 14 85 138 55 49 37 116 78 57 163 111 112 75 186 80 79 141 173 17 22 35 93 69 154 67 10 73 45 39 33 182 97 63 68 111 78 22 140 70 80 83 169 153 116 41 138 33 166 18 5 133 127 188 142 190 105 124 115 189 100 153 181 200 96 59 47 149 101 47 192 89 179 92 165 200 
152 16 79 143 197 79 30 49 157 55 45 101 151 191 120 27 39 3 35 173 178 40 159 59 194 29 78 166 131 118 15 72 63 108 21 80 2 91 87 25 161 177 32 197 12 69 193 74 130 112 36 133 196 126 93 102 53 4 7 61 189 65 71 10 162 36 87 149 41 1 144 3 191 179 90 130 144 90 149 88 53 38 28 163 81 129 72 96 167 115 83 95 160 25 123 168 91 79 139 133 184 48 160 186 54 140 33 60 7 54 31 153 163 102 103 51 147 54 169 77 104 182 36 111 88 94 49 142 1 24 108 57 1 18 83 142 99 4 91 54 113 42 179 58 166 24 32 186 114 32 
30 75 137 103 198 9 36 113 98 58 13 122 170 97 114 7 38 54 90 22 79 41 117 162 108 126 103 2 140 193 86 142 4 48 4 146 188 41 80 199 96 184 126 163 39 154 10 187 131 36 161 7 76 77 195 135 195 50 119 12 19 192 88 144 175 8 18 63 186 92 85 1 165 79 173 200 101 1 197 6 178 130 181 27 188 147 79 78 137 199 109 68 166 185 134 160 19 193 150 90 178 27 160 38 65 70 145 78 128 116 67 23 200 71 89 179 145 70 10 34 195 191 24 53 25 77 173 48 24 71 98 5 24 57 112 44 15 96 64 58 199 131 115 168 31 55 19 81 65 20 
196 139 67 133 108 20 34 185 1 139 197 167 157 33 36 20 21 90 23 143 94 72 134 59 115 119 106 190 36 189 151 133 191 10 161 65 97 124 94 51 103 52 18 41 51 149 173 30 105 177 192 67 103 29 102 186 156 183 124 136 172 92 67 119 73 180 11 27 188 181 63 184 97 93 14 39 141 40 67 83 165 173 68 163 121 197 89 24 174 159 83 43 146 33 176 48 104 99 4 94 89 126 172 182 2 116 105 130 73 60 117 124 79 146 35 50 78 43 14 44 63 79 101 112 172 30 181 174 119 19 157 149 172 200 63 174 45 89 175 122 135 193 42 170 138 76 123 21 73 172 
87 135 13 118 118 159 24 106 151 179 24 96 155 179 127 53 140 119 42 95 169 12 133 105 41 165 83 152 141 13 9 9 59 88 26 74 69 176 119 95 87 199 66 122 11 134 38 178 177 191 5 8 33 177 108 89 145 66 127 160 83 8 199 84 84 127 27 110 195 51 117 66 13 97 161 165 120 82 22 24 85 92 197 5 56 92 19 185 50 139 133 154 160 71 103 166 137 182 153 64 198 117 171 134 137 26 83 38 174 198 76 120 176 152 141 148 76 9 38 190 108 184 163 115 53 64 77 146 105 56 42 72 138 66 152 179 164 73 79 67 192 197 55 158 60 71 148 50 129 108 
133 29 164 26 17 79 39 36 38 161 113 79 187 187 193 121 44 124 145 165 165 46 102 99 120 67 136 116 188 183 176 178 124 108 73 146 167 189 123 139 98 137 77 43 46 27 12 63 60 15 160 181 144 126 89 124 133 148 20 187 51 147 112 13 72 170 64 18 25 136 86 118 121 143 159 122 156 176 29 4 99 141 16 112 196 91 162 157 62 73 120 67 148 92 176 140 33 11 91 70 67 185 92 163 178 79 68 180 36 147 2 104 74 74 170 164 127 136 158 32 77 90 106 170 165 170 10 96 165 9 148 180 65 37 88 196 180 113 117 65 156 92 114 7 155 146 182 78 67 68 
137 141 53 190 42 135 184 122 174 44 24 128 132 115 165 112 113 185 91 194 54 104 100 76 198 91 185 165 78 13 112 14 9 165 151 68 138 129 197 42 9 128 44 111 129 157 71 134 98 33 58 168 90 70 158 147 23 195 106 163 3 2 33 35 164 164 67 66 199 73 181 140 26 106 99 50 68 45 62 2 110 148 140 186 69 165 18 128 193 32 56 48 30 37 115 181 200 102 8 8 5 127 122 164 104 77 195 190 99 122 144 7 21 193 161 38 126 197 20 200 100 111 131 72 146 64 167 106 173 94 166 64 99 121 80 146 59 194 49 163 78 73 64 20 34 141 190 20 85 17 
137 94 7 11 32 55 159 22 116 171 28 131 155 95 62 6 97 21 66 145 74 55 50 163 5 4 180 19 5 148 85 194 48 50 150 106 114 69 149 56 48 108 45 160 16 162 127 53 25 30 9 170 53 100 187 70 199 96 10 113 81 178 174 68 6 72 145 199 134 177 33 105 83 11 112 71 140 93 2 130 24 104 53 90 48 110 39 20 119 171 44 193 10 198 193 152 36 57 193 24 54 61 76 172 109 47 84 200 4 158 115 152 103 29 11 3 68 36 117 124 80 6 19 75 19 14 96 113 182 1 115 32 35 151 134 87 160 57 160 177 171 69 74 137 85 157 40 142 166 130 
18 62 77 100 15 180 120 119 163 179 197 94 119 144 116 7 71 42 20 61 40 152 27 153 3 157 104 19 11 75 162 188 42 85 167 147 113 163 117 99 44 81 89 42 112 54 38 105 193 66 39 44 37 128 134 13 90 14 52 24 180 145 52 125 55 168 77 91 183 133 96 112 17 166 81 135 84 17 38 38 159 131 176 171 195 6 115 198 140 182 43 196 46 44 146 165 84 199 105 93 12 94 20 121 89 83 57 39 55 18 49 128 111 169 51 17 160 152 116 130 162 118 85 188 176 70 15 108 43 125 77 113 146 7 35 75 192 20 98 138 42 42 195 119 73 58 148 32 168 43 
164 177 31 89 200 110 100 17 91 12 140 56 90 161 53 176 180 51 87 143 96 163 125 27 183 85 143 187 114 10 115 12 64 66 109 20 22 150 73 138 165 82 85 155 9 171 110 39 21 10 50 30 84 80 141 70 158 178 159 29 55 16 118 17 160 57 21 27 16 125 119 49 159 199 173 6 35 90 126 106 157 159 175 157 158 131 106 33 55 112 47 44 179 33 20 188 41 189 63 189 188 88 154 50 95 73 137 89 171 119 19 193 76 94 29 108 95 172 144 168 104 14 198 58 21 3 20 89 162 62 79 53 15 15 4 15 171 33 19 44 178 149 15 152 197 52 1 184 33 26 
162 75 167 199 27 86 178 139 40 31 4 111 135 137 12 192 138 52 52 114 60 57 199 196 78 14 29 69 75 54 30 85 165 5 58 113 6 94 78 31 111 141 64 22 129 131 8 148 12 127 108 123 27 44 152 124 154 3 51 88 198 185 40 112 34 110 5 8 118 172 122 32 140 158 104 106 100 15 155 32 98 29 199 5 1 10 136 21 98 13 26 34 54 93 140 77 199 1 102 130 80 67 119 130 139 61 145 54 54 153 55 62 1 24 180 28 20 128 122 167 118 48 112 11 90 24 113 106 112 171 61 77 31 79 36 54 96 17 116 90 125 50 77 134 153 63 175 128 82 134 
15 120 181 63 83 127 67 147 43 126 116 113 22 70 113 66 199 29 63 45 113 145 152 108 79 55 158 84 74 57 181 55 139 106 82 21 34 33 127 173 94 134 122 191 165 175 31 84 168 52 99 85 11 29 1 74 55 90 188 134 135 7 7 150 115 47 45 80 160 170 174 92 175 133 48 99 189 104 80 81 86 99 115 84 101 180 100 97 177 149 165 107 4 157 99 45 57 171 23 47 151 127 104 55 40 68 157 87 163 13 48 79 144 191 29 4 116 91 187 36 163 38 110 111 107 197 89 153 81 191 193 106 42 190 93 184 32 112 151 56 90 12 161 166 18 86 143 88 141 79 
61 4 170 110 137 62 146 13 81 60 161 196 28 55 23 57 103 191 66 21 190 153 199 160 44 159 103 37 61 27 96 7 7 79 34 110 60 173 148 98 127 174 137 188 27 164 62 48 4 79 136 62 141 104 15 189 178 63 148 72 120 163 137 38 41 183 53 1 156 164 111 24 189 137 39 66 112 192 197 27 27 93 150 128 78 116 38 164 44 18 117 97 80 136 124 46 190 173 40 83 54 109 1 151 157 59 96 198 69 181 35 92 98 56 141 96 149 152 128 83 137 153 162 99 109 145 193 81 77 170 189 70 21 178 195 81 1 200 155 153 112 121 49 88 73 172 21 134 175 6 
168 175 63 55 125 19 84 66 92 98 69 83 188 126 94 186 141 113 11 128 36 181 83 174 1 10 108 50 22 84 60 159 100 19 169 100 168 43 133 177 72 86 8 149 30 1 139 176 111 196 165 16 9 108 195 97 55 120 84 170 61 31 155 61 162 25 118 36 89 90 184 103 23 77 11 46 83 89 147 13 24 44 158 134 158 59 189 128 55 6 114 162 107 118 98 144 83 21 31 132 29 74 163 82 158 10 5 61 43 62 130 74 13 103 124 176 21 176 88 9 99 12 45 137 161 92 39 32 90 67 195 76 62 155 130 108 157 132 15 24 127 164 6 55 88 92 173 181 51 54 
196 171 132 24 52 88 184 151 76 151 71 24 4 151 50 11 76 54 147 119 39 65 188 140 163 6 22 166 160 97 117 131 163 109 156 102 93 27 147 187 161 151 106 20 184 191 41 167 168 181 88 145 111 124 78 185 14 145 10 39 137 110 178 148 125 49 2 74 147 163 195 16 66 81 179 197 102 200 128 20 159 161 139 86 184 152 155 86 158 116 100 119 20 66 115 189 153 161 137 117 153 81 84 53 47 41 14 76 151 116 167 166 32 188 27 196 143 185 34 73 151 193 40 31 24 124 161 86 106 45 73 90 51 59 80 177 162 187 4 47 36 17 42 117 183 60 82 20 126 106 
64 196 122 41 126 64 73 127 86 67 135 113 134 153 35 47 191 43 50 92 177 86 4 87 55 27 32 172 45 87 172 151 42 64 94 100 195 85 21 13 3 168 51 197 95 91 131 76 94 7 36 197 97 156 41 71 111 115 50 172 53 54 101 131 149 181 123 169 12 139 96 143 112 190 179 193 44 180 116 99 183 28 193 184 68 105 137 134 128 89 51 123 80 46 112 144 17 109 180 194 91 106 164 21 53 154 200 84 64 65 17 127 139 20 33 146 153 132 166 152 125 101 148 26 181 27 194 5 12 132 106 166 115 156 141 5 77 198 110 145 68 77 77 73 89 98 120 29 118 6 
172 180 194 18 127 88 100 18 81 172 69 56 111 57 9 101 31 43 20 13 19 118 173 136 27 76 101 80 57 71 185 108 136 23 69 90 156 198 134 50 82 90 176 28 57 47 25 6 76 145 30 2 19 194 65 76 35 176 189 61 188 176 137 108 31 44 55 101 90 69 126 191 34 6 187 162 37 55 157 27 77 29 42 40 199 47 91 99 10 181 37 10 80 189 180 125 89 93 117 199 191 18 168 182 87 12 182 181 173 116 105 85 145 118 167 191 120 95 30 15 187 197 101 194 100 186 5 183 14 143 24 161 131 161 162 160 147 137 192 153 174 137 139 152 146 112 92 115 108 139 
37 144 147 147 16 71 62 151 134 46 152 11 80 128 144 164 6 103 33 119 189 60 24 138 126 53 19 166 1 109 31 133 21 83 50 68 136 163 13 126 72 175 65 141 166 194 182 156 156 85 82 120 117 178 64 141 68 30 167 162 3 59 81 115 116 200 98 20 36 12 57 163 31 137 81 118 154 58 128 152 192 15 17 60 70 2 25 146 158 167 176 93 195 142 41 104 151 10 60 146 61 66 173 125 116 173 189 185 171 200 197 67 87 100 23 31 142 179 29 154 175 38 94 22 92 39 173 196 100 120 134 61 141 171 97 18 65 29 159 51 85 14 50 49 199 54 86 86 139 196 
47 8 124 143 165 15 129 85 19 77 159 97 167 122 123 31 125 127 89 147 153 192 126 167 147 176 102 37 59 187 89 61 108 103 35 46 109 180 95 157 40 10 81 169 104 140 189 110 199 122 178 91 177 159 148 183 66 149 20 177 37 141 173 170 75 15 80 59 23 183 10 1 11 191 73 56 17 64 22 132 200 92 166 112 65 178 117 19 75 176 24 39 194 127 95 100 6 159 127 110 198 162 97 40 75 60 152 195 128 190 119 166 75 119 195 165 92 20 119 119 6 4 184 139 54 172 176 107 19 158 165 59 33 82 188 5 192 101 126 164 137 74 64 63 13 30 89 197 63 94 
69 156 66 181 34 183 28 121 44 131 56 19 137 131 110 67 119 36 137 97 75 10 13 31 95 73 190 99 92 2 149 49 121 8 41 49 83 16 27 12 168 144 101 7 128 32 73 127 93 138 83 109 189 108 161 80 173 173 18 188 104 24 179 134 26 114 147 31 125 136 93 196 157 17 13 30 109 54 56 77 168 88 69 2 195 149 96 54 31 149 11 124 172 45 186 86 165 39 112 40 99 26 88 55 188 57 102 193 159 53 24 142 35 168 42 37 132 18 27 30 39 51 43 179 129 78 121 94 107 40 97 68 107 84 3 68 112 84 6 56 143 2 62 175 118 127 166 194 128 137 
135 116 17 149 58 93 194 150 177 36 84 60 47 42 93 73 49 176 98 10 21 4 125 123 103 24 97 155 148 54 45 165 58 167 41 27 146 25 151 53 82 141 68 138 157 191 181 181 65 151 105 114 68 2 180 123 12 26 30 194 198 77 154 84 23 30 46 56 190 10 36 164 103 11 4 175 157 197 32 46 175 175 95 91 177 159 117 76 112 11 11 166 96 63 90 127 114 150 186 126 99 121 170 44 62 63 134 44 172 183 113 138 95 4 86 101 177 28 111 3 111 115 56 122 22 131 160 124 169 171 66 74 129 155 51 47 155 85 189 157 195 25 37 106 14 98 143 73 154 150 
172 45 26 2 136 196 97 97 58 93 16 137 187 77 162 117 172 101 135 186 43 14 189 27 196 127 19 27 143 198 105 26 7 36 87 88 189 162 91 27 121 105 43 192 28 15 120 150 26 62 20 143 138 140 156 129 35 93 178 20 155 44 81 43 148 16 99 186 159 74 98 57 167 158 143 110 177 59 81 179 12 181 167 82 92 104 107 81 8 129 88 132 144 47 13 61 200 187 145 22 107 97 119 105 4 20 32 87 71 21 88 56 197 47 101 2 6 111 127 189 124 106 123 158 159 114 27 141 103 164 134 75 90 25 148 112 134 21 188 78 16 190 13 174 116 10 10 199 120 167 
44 97 94 42 61 59 9 62 14 94 54 26 22 39 141 108 20 176 167 143 103 174 142 194 18 110 60 89 141 126 124 86 46 109 29 74 125 49 83 198 39 77 80 43 97 39 64 122 68 133 111 35 149 114 119 126 120 190 178 116 1 14 192 59 5 179 169 37 189 28 175 184 165 59 166 139 144 179 36 20 27 80 80 108 36 179 8 136 200 114 119 41 121 180 187 111 28 90 24 139 6 185 162 45 200 81 180 133 138 26 69 15 104 152 78 47 173 52 141 31 177 87 142 182 57 172 134 170 70 120 7 61 63 53 177 18 61 125 37 22 145 135 46 166 183 120 190 111 26 106 
159 192 126 172 28 124 46 58 147 154 177 143 108 172 168 59 117 102 110 96 198 33 131 6 172 30 191 129 5 142 196 97 71 35 26 63 90 68 24 69 91 60 134 169 65 150 140 181 119 103 131 170 41 16 139 115 47 52 166 138 183 95 121 16 100 177 27 100 96 97 121 172 86 123 13 50 21 72 24 175 93 120 6 2 165 88 22 153 128 66 20 58 128 99 198 117 147 127 45 72 49 85 68 128 98 125 150 78 18 23 109 2 33 164 78 69 151 68 45 91 158 2 75 118 155 184 96 176 105 39 141 56 98 145 44 127 152 173 60 131 30 78 112 184 194 1 149 13 43 128 
38 174 42 174 116 180 101 39 160 125 75 48 129 131 171 55 114 173 82 27 144 110 118 87 195 166 85 81 172 111 175 132 92 120 106 7 8 87 127 8 93 25 147 174 185 13 70 188 177 80 1 135 65 66 183 160 9 184 25 96 140 10 151 18 73 54 18 141 18 53 163 26 20 31 142 90 193 179 113 58 102 189 5 195 90 175 1 5 104 200 157 195 20 8 134 69 56 140 157 115 82 193 174 98 134 11 51 175 186 147 164 177 128 62 143 83 8 194 54 56 176 119 28 53 87 122 190 81 32 181 116 49 86 124 16 167 58 10 37 192 75 146 172 121 161 76 67 193 99 50 
63 73 158 33 80 98 33 87 56 168 85 132 129 134 199 49 38 94 145 16 11 16 5 96 97 10 115 5 41 41 27 153 140 4 105 91 82 82 196 78 70 132 129 76 147 71 38 67 57 60 17 160 130 64 82 10 109 45 107 65 29 41 18 132 169 123 24 96 186 193 21 108 156 173 78 33 92 127 141 106 130 102 26 84 76 75 190 159 60 61 82 90 52 189 147 146 108 99 17 38 177 103 96 76 185 43 185 47 157 33 68 155 80 132 93 38 99 73 197 45 88 156 111 26 7 41 192 128 150 164 168 68 50 117 153 149 107 144 122 145 23 49 37 183 157 122 117 117 139 145 
75 109 117 193 102 190 188 41 99 143 122 45 118 189 18 35 34 180 82 38 9 51 107 90 122 143 100 55 182 105 100 191 164 101 148 57 156 187 148 60 182 39 166 12 141 110 61 42 126 130 192 116 180 48 117 77 186 111 85 52 62 176 120 131 47 79 176 90 136 92 117 183 154 165 12 175 113 156 181 90 102 85 38 52 178 157 44 193 50 21 68 16 36 109 114 188 186 26 124 116 77 20 47 174 175 181 188 48 70 157 26 22 2 200 114 45 178 178 70 179 46 189 178 62 41 169 121 75 35 180 26 26 60 150 155 17 151 167 140 128 183 192 167 105 22 132 38 138 69 91 
3 4 169 198 9 102 92 22 24 14 164 137 106 160 6 168 73 197 54 20 127 175 145 110 24 128 19 139 43 102 8 78 91 98 71 200 140 134 108 93 9 102 160 169 78 187 158 171 192 7 14 193 95 181 88 63 157 138 3 150 87 54 44 68 191 55 130 197 71 156 19 147 197 55 41 177 184 87 109 137 132 135 40 166 27 4 87 148 81 187 98 84 23 92 169 136 97 86 199 179 169 105 93 147 28 53 40 166 156 20 27 47 152 53 63 152 112 128 194 199 126 200 60 78 62 173 190 183 162 160 75 1 101 136 99 185 67 144 147 161 105 40 165 189 11 34 149 33 96 165 
181 191 182 35 197 117 166 55 134 126 73 196 127 3 165 197 25 117 63 76 194 66 107 71 148 143 65 86 199 196 63 136 85 176 106 40 174 180 34 104 100 22 89 49 37 91 25 152 130 108 82 178 180 104 125 68 176 95 79 102 149 32 31 156 86 41 193 104 48 135 171 198 22 94 65 138 168 73 130 18 90 94 94 77 19 88 21 108 116 6 140 130 75 152 79 4 83 121 1 25 94 32 76 197 131 40 167 17 14 161 33 30 69 67 8 3 138 149 161 199 116 92 180 36 95 13 74 190 160 28 145 75 5 74 31 193 174 137 32 136 42 188 173 5 138 9 6 132 36 48 
76 139 63 130 94 156 8 33 173 182 24 152 103 144 154 37 195 186 78 54 134 106 168 9 169 60 92 94 82 152 101 2 52 56 117 45 71 77 77 175 186 185 134 106 14 43 22 152 23 140 193 88 186 9 73 26 55 32 164 184 69 118 185 196 86 9 125 167 149 132 142 100 42 158 112 99 148 148 41 83 110 192 140 185 185 200 152 69 23 144 121 179 78 86 197 49 14 32 161 19 150 169 97 91 200 20 82 184 25 119 130 92 148 71 5 192 159 59 198 146 124 140 144 105 39 164 180 122 110 104 87 48 145 84 181 179 6 185 88 131 78 140 78 133 151 27 42 45 85 125 
31 18 10 77 2 21 17 192 188 13 25 35 116 52 166 92 174 134 47 66 43 140 131 145 198 163 98 150 93 104 89 106 138 91 181 168 83 107 184 108 181 44 22 171 161 3 10 83 45 135 87 32 23 46 49 137 134 172 81 127 132 84 90 116 49 139 115 120 39 60 78 167 164 131 185 4 131 105 25 42 49 196 25 89 90 61 159 149 93 75 151 77 35 120 169 44 84 40 107 177 153 105 68 164 195 135 45 175 190 70 118 158 175 51 170 129 145 134 88 2 120 78 197 62 146 127 128 4 104 138 40 108 21 100 111 198 91 53 85 51 143 150 93 121 124 172 193 127 25 62 
59 119 118 81 95 193 35 4 180 41 98 78 121 18 160 183 152 92 30 61 164 166 184 81 145 193 40 195 60 82 182 186 98 174 98 168 186 114 24 113 77 163 123 45 66 38 135 134 33 48 198 101 145 155 14 70 166 84 149 165 112 153 132 180 173 93 191 10 186 4 38 51 186 49 21 85 112 61 97 74 23 174 163 143 46 167 162 46 8 61 122 113 26 161 113 113 156 40 76 46 145 89 150 80 56 47 68 47 91 174 117 54 96 190 111 104 191 67 68 22 121 116 175 24 173 146 177 24 106 67 37 57 57 34 122 66 20 114 26 5 40 75 40 71 130 50 200 8 27 5 
122 52 195 100 84 179 174 139 172 113 3 86 30 198 186 10 59 98 13 99 59 3 175 43 112 126 170 12 156 120 19 119 157 16 157 116 153 75 170 121 22 153 49 184 81 134 153 93 87 116 185 72 50 177 89 170 174 65 49 149 150 186 139 190 60 9 110 165 161 98 80 196 48 111 166 106 82 160 140 103 136 36 185 60 171 13 19 172 178 62 63 197 75 178 150 180 133 58 122 128 26 179 185 54 16 143 167 105 89 197 43 12 38 70 84 138 146 18 18 63 41 160 69 157 42 42 170 166 102 115 191 160 135 76 153 71 106 143 184 143 18 11 106 71 108 146 168 12 96 200 
1 102 194 70 172 6 126 110 20 42 163 25 105 131 179 73 33 55 136 141 5 172 119 90 51 26 21 142 122 199 14 92 133 163 152 124 6 100 54 3 169 69 193 73 91 198 56 33 101 84 131 119 33 198 85 184 186 77 115 2 197 65 41 193 42 72 121 153 17 108 168 154 59 35 108 163 131 143 10 34 50 86 121 148 145 17 132 171 50 164 27 64 72 82 181 164 136 135 27 153 67 111 124 101 117 107 113 53 157 193 186 181 59 12 158 76 174 158 115 13 32 74 70 3 90 9 133 83 82 113 130 187 95 4 72 8 200 179 35 173 137 156 80 48 191 18 186 16 185 163 
59 165 84 199 127 171 111 82 63 108 9 115 47 71 174 134 63 89 33 77 60 129 45 78 156 56 80 134 146 62 190 91 94 90 140 185 167 51 105 68 5 55 6 2 109 172 99 101 42 184 160 32 194 45 119 124 132 57 146 197 8 86 51 83 87 130 154 21 51 153 117 152 34 41 53 192 84 92 192 32 181 84 114 26 50 33 21 155 171 124 119 171 106 162 13 51 172 38 127 26 71 45 126 142 185 51 104 146 125 15 51 5 22 75 42 125 34 137 82 19 40 153 153 119 137 119 97 116 45 91 41 129 176 180 78 165 113 97 142 23 101 89 109 108 174 160 46 199 83 97 
38 80 72 68 100 3 20 109 3 6 155 110 113 62 137 35 10 150 159 19 199 90 185 62 183 128 149 15 39 75 96 48 149 25 74 158 153 106 160 171 27 115 181 188 33 184 28 59 68 141 99 141 153 96 37 179 30 49 55 151 172 182 175 198 139 51 109 6 185 58 104 169 19 102 1 186 114 119 139 121 58 159 165 113 106 62 192 91 37 44 112 68 43 106 76 198 47 178 34 161 126 13 106 96 55 16 75 110 123 6 133 52 30 123 14 82 56 88 141 179 35 73 39 194 128 56 199 126 88 103 107 177 29 143 190 194 33 11 173 150 48 73 67 13 19 55 67 94 158 99 
17 55 122 11 141 126 187 104 162 133 86 49 193 167 3 141 155 107 97 58 86 42 58 22 53 117 82 41 32 192 164 110 121 197 173 160 175 14 166 190 150 77 87 141 75 111 37 126 142 54 127 192 141 70 98 162 56 198 118 97 128 190 147 152 29 18 147 25 40 139 70 68 67 30 132 155 23 189 100 156 165 10 103 152 74 160 21 40 78 143 15 3 111 189 57 63 17 52 116 91 133 169 60 180 117 9 127 30 56 30 110 17 1 132 111 80 10 199 69 180 159 97 52 107 49 49 75 73 19 74 97 71 96 175 184 198 177 164 82 11 152 186 77 105 23 39 47 83 45 155 
102 136 89 182 92 111 133 55 121 93 151 22 100 191 135 195 1 15 106 4 46 128 152 116 167 57 121 135 192 127 138 158 182 192 75 72 163 175 171 108 76 93 152 196 104 144 111 93 100 128 44 13 34 29 158 197 40 116 197 48 1 188 70 17 22 196 11 168 176 52 54 130 8 159 6 63 169 12 98 61 190 97 167 17 126 15 117 33 119 158 30 76 6 141 194 177 57 139 153 102 151 100 199 140 174 171 81 53 2 106 133 3 102 143 26 58 52 190 145 25 161 76 107 99 61 130 94 129 37 182 136 34 130 187 104 15 107 116 124 163 42 40 26 178 35 160 127 22 160 43 
124 175 141 195 82 143 56 114 99 137 84 87 196 110 108 175 127 198 172 89 34 116 16 45 97 13 7 94 158 131 180 69 137 100 160 144 132 175 89 55 94 126 157 24 40 67 56 47 57 174 33 30 42 172 130 58 163 109 58 120 122 200 88 43 174 87 23 63 36 57 59 141 186 149 189 75 46 174 115 189 96 136 29 168 95 37 151 13 187 3 60 102 23 115 169 107 147 122 194 74 157 162 184 129 200 199 119 82 67 16 6 114 79 17 136 187 76 190 149 31 24 127 181 180 119 29 40 109 4 45 29 164 40 69 174 4 98 196 81 181 108 120 115 2 141 169 25 104 115 7 
174 34 35 62 188 65 86 92 70 63 15 147 7 78 91 164 184 124 113 123 108 143 11 30 176 199 159 77 97 161 172 22 108 140 159 127 36 176 127 164 63 63 64 6 20 102 166 45 179 164 177 64 6 50 70 115 2 117 56 150 145 200 77 199 146 56 27 162 19 142 124 15 188 196 22 144 79 83 84 8 53 186 140 171 2 66 112 128 12 125 84 66 89 154 148 163 177 13 136 153 90 117 53 127 56 122 88 92 27 132 9 33 182 58 87 86 97 93 70 106 139 96 173 116 200 80 119 145 70 192 95 31 112 183 67 157 124 82 114 119 133 126 133 9 4 123 121 60 178 90 
183 147 65 29 28 58 173 197 19 16 145 119 96 93 194 75 3 170 35 137 17 10 70 10 36 140 87 51 47 157 46 132 58 89 120 11 39 167 57 119 36 45 137 63 130 79 12 91 70 123 158 138 152 146 77 138 98 13 35 20 134 175 147 151 104 107 138 32 41 9 145 180 81 11 67 99 2 47 121 140 67 159 18 134 73 109 199 163 50 102 198 128 177 164 171 117 148 182 95 2 110 28 150 70 113 137 170 50 5 198 189 62 34 178 122 163 143 22 194 142 180 71 101 136 154 142 110 165 53 5 157 165 77 178 58 65 162 57 101 58 107 69 5 91 17 25 72 155 160 174 
7 134 116 40 167 159 124 67 114 62 144 66 132 67 67 181 98 157 148 111 162 12 139 24 177 133 108 114 169 151 110 84 46 71 148 155 152 177 174 104 72 10 41 176 192 116 136 132 54 78 74 63 181 112 157 3 5 99 27 60 97 148 147 71 35 120 109 198 111 141 36 140 91 145 10 168 26 98 154 153 1 3 64 165 157 177 17 87 184 143 167 3 25 31 101 66 97 132 73 196 22 180 95 89 69 98 37 158 30 116 189 108 81 147 56 18 151 47 43 136 152 7 49 57 131 30 194 141 162 37 54 170 66 36 5 101 158 49 88 13 165 162 14 4 64 182 80 150 197 181 
161 185 192 1 77 123 186 48 25 163 186 17 30 37 79 142 120 189 85 174 148 74 92 49 92 117 31 164 16 114 83 109 146 58 117 196 136 154 118 171 11 102 11 199 199 72 43 89 134 189 106 30 32 194 112 104 133 141 112 158 166 182 56 152 36 55 55 3 33 120 143 163 50 12 27 82 3 101 71 136 2 79 65 13 15 61 97 148 196 83 101 140 10 139 189 139 162 154 197 90 75 142 193 16 113 152 84 91 110 70 154 36 154 65 191 158 9 55 18 107 79 198 167 107 81 191 111 66 11 167 22 121 172 106 167 156 38 115 153 15 4 115 124 24 5 128 141 17 128 61 
83 200 59 87 40 46 46 29 150 34 160 132 67 135 80 199 10 31 65 135 26 174 161 27 28 182 107 103 137 140 120 98 157 35 62 79 28 54 9 3 38 89 176 36 160 118 157 20 87 165 200 60 125 123 155 77 191 74 124 10 107 182 79 129 180 74 79 118 136 135 107 20 177 51 146 83 12 13 178 196 142 195 60 65 181 186 159 81 54 92 197 122 168 143 54 81 106 2 20 182 76 112 128 79 19 2 96 65 186 23 128 150 108 34 39 87 150 180 159 144 90 27 93 85 154 197 42 39 25 199 58 159 175 78 25 122 173 181 6 154 70 77 61 120 32 88 200 33 129 63 
104 47 23 118 80 42 167 175 82 169 19 35 120 102 71 165 174 62 186 80 130 20 45 128 95 47 126 20 50 183 179 67 1 64 6 153 151 136 146 37 36 32 113 189 101 58 32 165 71 74 179 197 78 40 193 126 78 29 147 169 76 20 32 25 162 1 61 18 81 38 2 43 108 53 167 142 166 63 136 158 181 69 7 34 49 35 1 92 24 75 185 20 43 117 80 92 16 129 171 188 200 117 26 120 122 67 167 108 127 94 50 132 30 91 112 117 91 113 74 36 116 31 63 149 122 30 182 150 82 53 163 27 107 121 102 4 98 24 144 6 55 145 100 174 187 114 156 34 50 127 
64 2 107 81 199 44 74 159 92 16 43 116 29 149 99 105 98 152 12 118 135 195 65 69 170 43 130 164 54 187 3 74 76 31 175 123 52 153 22 33 129 30 109 65 34 46 55 160 38 29 58 147 7 162 36 183 58 157 56 109 107 150 103 119 194 140 154 14 152 178 35 161 193 72 138 89 26 59 44 4 53 150 166 92 51 59 34 165 178 141 114 76 164 189 93 12 170 88 130 152 198 155 90 54 60 68 71 168 103 65 24 156 71 138 89 75 185 40 184 102 174 86 175 123 190 32 174 40 103 165 132 49 26 89 85 93 55 160 190 153 32 144 104 105 118 173 155 11 15 142 
22 99 87 86 24 23 131 131 156 73 139 3 86 137 144 35 55 176 154 194 39 111 32 44 72 99 74 58 113 39 123 37 30 12 20 46 34 191 68 162 169 178 200 44 144 72 174 71 8 79 150 182 178 107 82 70 61 182 87 15 14 108 123 43 14 173 172 99 37 152 33 85 143 168 37 178 45 164 37 4 38 116 64 107 78 132 111 92 146 54 156 188 158 33 174 73 86 51 171 81 144 173 143 53 120 34 177 158 66 194 155 120 62 119 2 59 77 194 160 185 105 67 60 30 32 87 179 56 129 81 174 57 30 89 69 153 23 52 30 6 14 42 61 59 153 126 53 111 177 167 
97 143 87 144 186 52 99 41 118 200 13 76 116 33 166 32 11 66 30 28 35 196 24 87 35 22 165 71 193 63 116 128 158 193 130 61 146 134 96 30 16 85 123 169 7 139 1 69 73 148 134 82 18 3 68 85 19 61 189 38 2 57 148 92 134 158 52 23 93 1 149 46 97 4 187 85 150 45 184 118 157 193 166 60 80 154 69 70 193 126 85 132 10 172 16 153 115 12 117 102 96 195 2 165 106 180 16 116 119 55 57 22 114 26 2 99 2 184 17 111 116 175 192 170 36 107 30 82 21 62 96 89 110 184 197 67 117 186 96 56 196 93 189 21 122 197 23 50 155 63 
159 144 189 194 119 59 59 27 127 44 28 122 149 183 41 116 15 53 46 160 7 104 23 155 187 76 5 107 8 67 15 53 72 86 121 96 40 55 36 31 100 155 73 88 132 157 44 97 188 27 126 39 5 129 55 93 168 197 67 100 12 32 115 48 158 167 26 147 163 167 18 106 169 15 26 172 118 73 168 166 189 35 115 152 73 199 51 79 94 67 125 82 26 186 135 47 1 76 157 125 101 190 169 74 158 23 11 174 22 8 121 143 118 133 126 74 195 115 10 177 87 75 183 72 13 39 20 11 16 119 48 150 156 14 162 152 49 24 102 192 160 59 50 147 108 9 118 40 79 173 
13 108 94 114 28 181 168 65 84 182 104 138 39 34 153 103 116 199 14 142 189 8 106 30 75 32 100 191 124 87 52 62 72 140 72 167 14 109 107 136 28 185 80 123 144 43 47 49 79 128 3 188 114 128 18 73 112 70 92 93 149 20 95 101 196 200 80 118 28 131 84 110 195 83 135 168 183 38 118 89 182 108 109 94 184 5 10 150 15 152 197 140 102 137 135 42 116 178 88 8 120 149 38 155 101 162 188 189 177 110 142 23 100 109 109 47 119 86 21 41 43 70 86 156 66 199 65 53 37 148 6 78 178 56 84 80 161 171 60 188 139 117 196 144 16 48 180 30 112 54 
81 197 50 150 13 1 13 128 75 51 19 194 164 139 111 91 177 63 174 4 8 36 152 74 185 71 117 168 51 138 164 26 25 140 194 137 73 152 144 70 164 133 85 100 14 86 170 10 44 197 190 71 125 68 133 182 24 50 76 136 112 179 134 127 71 172 57 64 34 136 147 59 69 4 16 89 22 98 39 73 195 163 162 190 8 54 54 100 114 118 71 166 110 58 56 91 174 200 114 190 36 189 126 42 6 143 22 89 94 44 71 95 159 140 95 107 121 89 185 126 163 128 54 131 176 97 132 88 97 6 56 133 5 75 78 117 169 24 190 174 124 121 188 165 167 38 169 39 143 190 
70 44 153 134 57 149 60 153 151 173 34 93 130 169 158 48 23 54 79 127 4 140 99 31 84 122 72 156 44 82 3 111 145 164 83 181 174 88 114 22 100 110 128 112 175 7 29 131 13 11 72 2 150 65 33 99 130 80 83 58 106 11 90 41 72 140 36 52 122 185 92 107 72 168 32 175 107 69 134 71 72 119 52 81 117 10 178 39 197 140 11 76 95 12 160 118 77 22 29 54 102 6 72 191 189 116 158 174 115 42 11 194 146 113 19 132 70 116 174 76 49 20 8 174 184 55 129 1 95 33 54 39 86 173 44 25 176 26 197 96 62 99 56 88 134 182 97 37 198 108 
134 157 86 20 141 164 119 140 23 21 22 112 99 113 126 33 136 104 101 78 182 139 109 178 47 62 78 89 174 15 122 26 127 80 182 128 52 98 166 115 194 83 15 3 102 94 4 151 153 36 77 75 172 63 49 97 25 15 112 23 170 166 104 6 119 131 60 109 74 98 194 146 106 153 143 5 152 160 60 191 59 191 48 11 59 36 39 129 22 187 179 94 154 133 149 74 33 149 1 114 12 138 186 133 135 25 138 91 5 184 43 65 1 19 47 18 178 26 125 59 133 4 85 16 119 8 171 127 135 21 106 192 84 83 143 118 70 138 33 11 146 146 83 60 147 192 195 140 15 162 
197 193 181 158 189 131 152 128 40 100 72 3 200 67 88 135 64 118 77 135 181 60 3 113 10 127 169 128 22 136 22 70 98 102 154 1 156 90 111 54 130 44 110 9 115 6 12 149 23 122 126 179 123 161 5 26 65 18 28 51 117 142 27 135 196 55 124 183 131 197 180 47 22 58 88 173 116 38 22 129 71 175 177 154 114 188 142 71 144 198 25 134 97 152 191 13 137 168 8 175 127 195 165 20 155 6 148 96 23 26 30 87 183 181 51 198 31 109 91 53 40 51 33 83 70 69 97 51 29 79 82 43 133 90 36 117 42 130 67 7 198 186 147 138 176 175 136 102 157 173 
82 63 123 158 53 150 147 61 156 159 190 21 42 145 36 200 106 51 43 155 23 13 128 182 5 134 104 23 10 48 14 110 176 51 90 31 20 81 121 56 32 147 116 151 65 200 96 60 33 136 67 2 164 58 41 143 60 176 30 181 43 119 95 143 2 59 13 150 133 55 119 165 129 192 137 52 59 124 25 60 27 31 20 16 141 163 161 32 98 173 126 191 176 33 32 151 55 165 184 198 41 132 160 141 182 15 136 98 24 50 48 26 194 182 92 43 11 94 165 79 107 11 94 113 20 61 164 97 58 48 65 119 171 70 10 178 84 84 141 38 14 53 84 112 31 78 122 143 126 155 
100 121 97 32 134 144 150 116 13 135 56 22 174 28 47 82 15 106 100 10 43 177 200 70 102 27 172 50 52 109 5 135 124 179 115 92 141 97 199 36 95 28 33 167 3 116 17 166 171 166 88 124 25 128 34 71 157 192 87 134 198 56 21 138 156 54 101 48 37 88 125 137 67 52 154 109 172 192 80 93 28 198 78 99 144 86 121 22 103 68 21 44 16 29 125 71 122 192 147 138 5 177 164 199 140 26 3 56 142 103 25 176 163 104 143 136 132 105 133 176 3 190 186 68 195 71 62 58 25 155 65 189 67 148 64 185 189 86 50 149 175 127 132 151 63 94 153 165 36 118 
116 149 12 159 6 122 155 40 89 110 198 114 103 38 79 166 169 109 63 156 5 175 10 115 117 106 15 5 126 101 20 16 131 141 131 103 150 188 87 95 174 170 100 140 58 61 177 4 86 76 29 49 44 100 129 128 152 37 134 119 69 192 177 6 80 2 190 57 40 161 58 27 180 62 130 107 110 94 31 139 41 113 157 74 150 69 8 192 67 32 154 190 23 67 9 34 40 147 1 32 36 22 120 149 111 64 19 159 120 79 178 143 12 82 118 167 200 98 145 25 158 45 180 149 134 22 6 101 56 112 175 120 141 74 150 166 126 172 154 26 23 7 93 128 72 106 156 42 29 59 
82 4 16 167 98 1 74 115 142 153 109 60 134 114 173 130 173 191 47 59 49 166 78 48 131 60 162 52 200 24 91 55 3 110 103 148 122 52 149 84 74 22 102 113 62 30 165 197 7 152 138 106 190 192 197 49 200 57 135 70 48 85 102 112 115 183 91 81 173 3 200 196 140 200 118 113 73 44 165 75 68 199 54 179 20 59 92 80 53 91 115 140 153 85 128 168 101 192 119 49 129 171 44 164 197 169 73 76 139 185 162 131 7 60 79 181 57 144 12 158 159 113 109 3 27 92 149 144 80 176 60 157 173 1 124 192 50 139 59 89 28 135 118 136 1 23 133 176 16 111 
1 9 73 130 74 43 140 68 173 181 192 126 117 114 14 112 164 11 183 71 108 175 148 2 43 28 115 95 196 50 123 169 15 30 6 118 180 69 150 90 145 171 90 133 35 63 100 146 91 87 109 99 146 191 194 135 84 167 147 145 179 30 43 8 74 115 59 80 151 163 63 53 15 67 17 139 104 42 1 37 108 60 95 171 30 89 36 135 96 190 73 68 101 105 194 42 173 139 194 182 37 134 117 129 143 14 170 42 57 39 82 113 102 180 69 28 166 22 113 114 98 36 136 129 142 41 118 193 42 24 93 105 26 133 172 137 157 147 180 4 139 114 5 113 10 15 182 43 181 185 
145 200 126 3 143 72 144 145 137 36 71 170 156 159 87 123 173 127 16 57 19 108 111 38 36 77 163 94 37 44 33 184 140 48 142 8 26 5 56 46 95 65 40 32 37 40 50 180 134 67 170 57 193 141 77 16 129 120 141 17 164 35 166 150 128 162 65 54 85 86 43 50 117 190 20 51 123 109 55 152 39 117 40 154 179 127 163 20 76 191 141 185 169 148 107 14 68 37 188 90 122 96 19 21 139 5 51 176 200 104 147 23 84 176 34 45 96 199 178 38 143 24 74 200 106 170 52 121 102 19 64 12 185 10 5 169 45 117 42 70 96 8 191 89 163 138 136 52 94 162 
9 68 56 56 43 165 77 93 150 184 68 49 49 65 195 29 92 149 28 9 142 56 21 111 181 152 60 101 106 97 197 76 106 11 122 44 184 43 144 126 67 198 102 162 127 109 106 200 43 161 30 124 65 91 30 144 6 187 65 41 24 49 130 86 36 12 22 52 185 45 108 133 123 11 65 55 13 75 175 1 27 41 84 2 92 28 110 73 28 97 3 197 197 37 7 46 135 153 12 29 111 134 38 116 180 95 117 84 82 162 119 32 161 7 114 184 90 192 37 122 79 29 114 95 187 72 160 179 103 89 18 200 35 77 4 196 185 82 112 195 23 127 176 12 45 40 99 25 53 118 
71 156 38 148 33 155 66 22 189 54 142 104 36 84 114 89 91 51 4 103 120 69 195 113 83 89 46 126 44 44 74 123 157 86 188 110 23 190 24 7 179 110 46 90 176 75 88 156 105 40 127 34 112 165 35 28 141 83 158 168 76 33 162 26 164 19 48 81 20 124 99 163 50 60 77 80 198 159 60 6 91 175 111 72 59 76 33 43 198 182 129 113 158 75 3 67 161 147 191 68 156 149 164 97 130 65 9 6 26 69 4 163 139 60 148 32 7 44 44 28 42 123 43 88 61 8 26 27 6 146 38 35 177 161 189 48 168 131 41 40 47 70 146 75 88 145 6 129 114 11 
193 107 102 36 154 185 55 52 28 11 113 148 146 113 50 184 83 122 45 17 29 79 61 170 60 107 66 171 199 102 25 129 58 123 127 66 140 135 20 20 170 188 65 77 23 22 66 178 18 27 108 95 28 45 77 196 50 16 149 123 80 111 43 111 93 44 149 148 110 31 12 118 55 130 150 158 193 69 133 100 43 182 158 144 31 115 81 168 25 85 121 144 120 52 194 126 58 31 30 52 140 126 182 65 130 19 44 182 15 58 2 101 123 86 115 44 38 118 189 31 149 36 61 119 174 146 127 83 68 2 8 138 82 114 103 157 55 170 28 151 51 152 40 142 141 36 24 58 53 17 
29 14 64 6 20 135 63 57 8 189 184 89 191 10 189 19 125 148 46 113 153 113 195 38 22 55 81 67 118 177 99 91 53 68 70 65 72 188 165 165 77 70 120 14 15 28 53 172 4 19 107 91 35 170 3 128 93 198 148 10 61 163 20 163 107 142 100 108 170 136 16 19 157 19 37 37 126 120 34 181 23 115 47 127 34 147 46 9 19 66 99 19 45 43 153 31 135 179 82 42 35 8 134 139 179 171 19 24 76 69 45 154 178 13 22 162 151 116 185 106 190 64 199 140 11 143 130 59 63 200 35 199 129 144 135 75 127 183 24 139 110 171 101 103 72 141 24 190 124 27 
117 17 107 10 118 184 95 59 103 96 95 167 12 89 110 52 144 144 150 84 60 32 80 93 59 21 191 173 110 135 139 115 123 183 147 52 13 128 153 130 119 108 129 18 146 97 199 67 5 184 22 55 139 4 112 149 153 159 142 173 149 138 29 173 116 88 139 132 157 5 36 180 155 55 90 193 36 103 12 34 152 145 94 182 122 17 126 81 186 73 156 55 33 125 100 25 128 73 45 121 117 123 147 42 109 160 66 91 51 166 158 146 10 131 145 115 35 153 107 5 4 94 31 14 195 193 91 155 15 175 160 138 56 14 149 132 122 129 119 15 93 106 154 118 83 148 41 135 107 60 
190 145 70 112 56 7 186 72 32 137 64 152 133 29 147 193 140 49 179 156 42 64 31 131 146 19 163 157 35 8 38 177 65 164 99 196 81 142 57 149 152 29 125 128 166 93 15 108 57 36 71 173 150 26 124 176 123 196 86 86 155 45 69 3 41 57 188 80 185 21 109 138 166 102 74 160 3 167 63 73 151 97 183 93 200 51 192 77 68 80 80 75 149 50 101 88 96 136 158 158 182 68 74 81 14 113 152 193 89 169 135 140 36 112 111 2 108 132 44 83 14 53 50 166 127 200 81 35 14 137 123 31 166 19 63 86 71 192 65 133 162 7 192 132 18 150 36 40 72 17 
124 126 117 129 2 189 140 4 146 124 40 100 87 83 137 158 187 106 121 28 12 88 146 21 143 54 140 34 40 182 22 70 47 199 185 103 147 97 102 104 158 157 192 141 72 155 193 16 94 126 10 130 93 190 154 135 20 110 81 166 83 2 41 7 106 144 47 48 101 30 116 34 95 186 1 67 160 196 5 102 81 164 82 185 58 154 146 9 153 12 158 25 151 22 166 124 97 99 181 192 158 65 25 114 187 190 172 176 24 83 169 179 91 107 18 48 94 80 154 153 177 94 48 63 187 52 51 94 164 136 180 10 62 74 113 184 200 54 64 67 27 173 151 99 28 73 180 102 112 151 
68 149 90 2 103 80 161 119 20 3 84 13 49 66 115 45 69 26 151 23 105 15 149 10 153 76 113 69 93 30 128 166 198 7 132 189 76 152 117 11 186 114 26 146 187 74 180 141 112 3 170 161 108 195 171 193 100 96 88 102 157 108 82 24 197 83 19 168 29 113 128 153 46 84 61 86 42 144 44 110 186 116 145 144 180 87 138 114 97 108 77 176 57 92 162 76 188 194 71 2 22 3 94 53 33 59 64 33 117 170 105 101 98 142 113 46 51 8 101 70 70 67 65 126 121 151 84 71 188 9 197 62 88 68 161 160 136 11 137 89 58 182 34 55 89 63 60 49 136 19 
56 119 140 144 167 165 31 81 61 187 119 162 150 138 70 191 83 7 84 4 147 142 30 92 182 51 20 153 176 144 187 135 87 9 135 62 75 89 143 8 150 160 147 110 158 91 168 153 168 169 186 123 53 40 40 153 189 36 61 156 163 43 38 158 174 9 15 158 63 83 172 94 164 45 123 103 102 105 63 192 152 192 38 194 116 133 180 58 14 21 85 185 6 52 124 125 92 93 96 77 117 25 175 181 174 66 54 164 183 99 60 197 122 164 143 147 15 78 51 25 138 58 73 126 19 159 181 63 24 4 45 153 74 3 17 179 114 47 55 82 116 83 126 9 72 164 167 198 51 189 
69 162 80 120 160 108 79 197 3 35 174 156 183 13 47 189 28 111 79 96 65 59 136 5 109 45 115 48 132 90 38 151 127 117 193 71 157 40 91 149 10 31 157 6 179 189 66 164 177 25 63 170 38 114 67 193 107 97 57 128 157 56 86 24 8 23 73 105 97 73 137 44 132 11 42 72 18 111 109 143 148 69 20 29 102 160 77 179 178 193 126 82 74 159 91 58 157 114 93 119 190 46 130 25 118 27 161 117 200 107 52 139 134 108 173 180 74 56 155 185 165 46 3 190 146 99 63 171 114 126 162 49 14 156 35 20 58 45 185 158 136 62 193 34 117 147 91 22 7 95 
189 186 37 188 8 126 20 38 139 22 11 19 14 111 54 77 193 24 143 86 18 97 146 97 48 12 52 121 163 16 110 116 75 199 42 9 20 41 81 109 179 169 18 104 161 47 116 129 174 80 192 143 132 67 89 188 7 106 39 17 18 12 105 31 150 184 103 198 75 84 44 173 195 199 94 111 162 67 100 92 2 92 116 99 66 106 193 142 28 18 119 9 123 131 191 45 29 63 75 200 37 98 24 182 102 141 126 102 35 168 94 48 62 154 105 54 32 178 150 7 142 42 135 34 168 137 75 154 94 17 138 76 87 138 35 79 199 11 185 66 188 200 18 108 70 129 177 148 26 192 
145 88 147 114 32 136 52 110 157 145 194 139 196 184 68 115 41 190 3 87 51 196 42 13 182 56 57 3 137 185 28 164 11 13 110 70 155 128 65 165 132 127 190 182 110 181 184 38 70 7 190 121 169 128 10 7 192 4 108 142 200 29 82 1 20 96 6 187 6 123 10 170 86 66 24 3 17 1 189 159 49 63 188 3 149 191 200 68 145 164 20 132 92 73 137 108 97 89 153 137 172 121 123 95 106 170 176 29 10 192 116 94 7 183 127 129 39 34 122 157 12 196 99 145 67 161 6 174 44 112 86 84 188 100 105 163 107 115 98 124 87 32 132 55 142 171 177 164 6 86 
57 113 41 114 32 111 91 95 103 21 145 136 200 4 120 98 126 196 77 39 144 62 196 62 34 151 12 91 160 59 79 158 92 115 115 167 75 12 163 133 77 90 199 99 108 13 124 46 196 117 19 116 172 62 74 116 194 120 168 86 21 102 13 119 77 86 12 178 55 58 138 108 140 162 123 72 117 94 90 143 62 56 63 54 41 8 31 54 83 165 30 190 128 34 172 22 106 13 132 126 119 44 149 134 140 46 124 104 23 158 184 112 146 75 134 148 14 44 129 120 61 139 26 129 155 19 65 139 152 52 189 177 33 54 169 8 45 6 155 116 140 113 130 82 148 134 181 156 66 101 
160 151 96 199 99 106 105 28 50 177 58 161 97 10 18 16 46 23 63 22 70 27 179 72 154 12 134 57 33 193 140 87 63 36 10 54 181 130 163 7 87 130 68 71 154 59 64 156 95 52 166 199 65 42 159 44 30 160 52 165 182 147 114 180 79 171 197 119 75 132 115 167 118 116 129 60 104 40 70 56 186 199 60 37 10 108 60 10 66 162 113 22 28 191 199 131 76 14 144 178 92 186 61 71 132 28 172 117 134 26 193 54 37 174 75 107 194 125 68 48 3 64 184 49 50 140 3 56 162 37 5 76 109 28 4 172 121 28 24 95 42 163 52 146 17 175 162 192 121 8 
7 125 170 113 179 31 45 99 12 171 45 130 118 40 96 30 92 200 76 99 85 149 16 88 194 167 25 107 182 172 174 92 89 150 78 86 124 64 122 142 55 75 87 17 91 77 153 84 90 24 37 199 189 127 47 85 137 118 11 16 147 38 105 73 130 97 149 147 23 104 153 173 156 186 62 7 6 99 19 30 74 93 66 71 4 144 52 65 171 11 78 188 194 98 175 105 154 93 45 35 108 80 11 41 46 199 77 163 38 112 92 126 146 92 165 95 28 78 115 19 82 145 194 163 38 6 179 141 167 40 185 186 24 76 29 135 149 4 65 74 60 72 104 102 173 12 64 14 135 10 
114 112 46 194 12 44 100 197 4 14 140 62 21 192 169 113 119 25 118 200 151 115 97 53 173 193 165 164 112 189 147 115 145 160 133 11 128 125 7 25 98 38 60 72 62 70 47 108 23 108 106 34 96 142 16 37 94 73 189 168 43 30 91 4 109 45 125 24 63 166 100 193 77 184 52 132 100 129 179 99 136 181 99 28 78 26 159 48 12 197 131 66 165 141 166 193 2 31 172 81 150 62 183 61 27 10 195 187 118 98 140 118 17 166 52 169 37 80 45 194 89 165 44 3 137 113 1 144 99 141 36 67 91 50 28 126 39 8 181 90 6 55 122 33 81 12 83 79 96 181 
186 38 112 66 151 86 183 105 159 67 87 42 31 37 167 92 112 81 51 101 141 4 196 102 89 188 79 185 174 151 47 99 30 61 169 83 17 30 57 20 15 116 136 147 184 162 82 5 188 80 103 116 98 43 145 185 185 64 197 154 159 198 102 137 40 108 94 82 39 154 38 12 38 31 132 103 105 3 10 184 58 134 191 73 138 186 106 7 50 182 87 140 73 139 85 148 8 148 174 21 185 35 127 49 200 112 121 194 112 147 100 138 128 83 181 160 91 185 82 194 2 156 138 18 50 96 22 98 164 186 110 51 138 175 117 151 80 31 170 132 174 130 27 74 90 63 50 126 182 142 
45 26 115 101 63 110 156 93 133 200 133 127 85 184 158 182 25 189 107 4 197 10 48 199 5 121 51 192 90 100 56 15 63 70 153 112 99 66 37 194 98 156 16 129 34 87 58 113 17 44 128 157 107 15 80 152 57 62 88 130 29 72 187 18 200 56 192 153 61 101 57 9 118 14 199 25 48 43 191 108 82 165 48 199 71 191 91 30 187 103 105 109 147 4 48 100 81 30 58 191 41 65 37 21 155 57 171 68 57 121 55 1 80 24 176 7 72 121 157 200 167 160 81 49 24 177 38 76 17 21 38 28 63 32 113 36 147 12 134 21 159 22 19 5 47 171 129 35 54 192 
144 82 80 53 166 66 171 192 95 49 153 7 53 84 110 86 32 79 183 155 164 22 77 63 104 87 186 93 199 115 124 167 35 50 57 164 106 2 73 124 33 68 88 110 38 138 175 163 39 75 87 152 98 145 124 193 13 128 49 151 147 34 94 67 158 28 129 65 176 155 114 94 65 98 3 103 132 115 92 42 122 193 160 160 143 4 54 186 72 4 72 45 8 177 87 175 143 191 67 41 152 98 72 62 32 107 62 31 162 106 85 184 83 117 69 161 105 194 71 177 187 180 113 28 164 2 158 185 162 92 168 117 82 195 190 70 69 196 118 126 134 96 108 55 14 51 167 111 106 121 
99 118 69 84 89 155 110 82 146 142 17 147 12 146 150 28 4 127 106 39 188 85 4 141 86 2 196 200 75 120 101 162 159 45 162 102 72 114 32 6 32 102 73 55 46 63 3 165 26 51 184 110 14 99 158 150 155 31 79 11 105 146 14 185 81 28 178 179 38 112 188 160 84 83 2 153 24 124 63 67 187 3 187 85 29 43 80 146 175 187 57 38 129 194 98 106 50 136 143 140 28 36 136 171 99 199 194 107 73 133 57 146 4 106 153 7 14 138 66 120 72 160 150 36 95 73 170 89 55 79 31 161 85 16 99 93 9 37 117 86 160 98 52 62 8 34 171 60 56 8 
59 5 134 144 39 76 179 126 184 161 111 70 169 107 141 117 33 48 12 89 127 132 94 103 165 76 56 46 14 27 48 20 177 103 67 169 90 18 83 76 131 87 170 179 32 155 170 167 158 157 161 40 110 93 38 95 199 110 83 18 108 55 67 58 99 168 60 13 128 62 14 50 44 81 186 159 96 113 187 167 112 94 46 168 170 173 1 73 88 86 12 5 89 120 144 92 110 145 83 61 156 169 158 129 127 102 90 67 61 66 42 119 177 22 84 53 47 187 8 103 162 75 82 188 28 46 104 158 186 193 117 134 26 160 131 134 129 70 110 95 98 178 19 11 194 37 65 13 150 41 
176 74 149 37 18 132 191 15 159 103 164 97 57 69 90 151 132 176 173 95 85 187 190 190 78 172 31 101 125 118 55 44 160 4 106 18 46 96 37 191 152 133 165 74 26 128 125 193 126 155 4 147 133 31 123 156 34 126 152 71 186 102 87 18 56 86 76 76 112 31 69 129 15 161 26 188 27 174 13 132 76 40 159 14 159 168 164 2 167 157 104 142 55 194 134 17 191 140 66 144 153 11 142 59 92 75 66 24 7 88 61 8 134 191 183 56 12 21 74 192 105 73 190 67 89 115 139 159 28 52 103 79 158 71 173 85 60 2 83 93 123 98 118 117 175 140 3 124 20 77 
21 197 125 18 131 174 149 146 145 157 51 15 102 140 163 176 168 173 57 123 89 189 42 102 174 175 13 117 141 160 103 62 69 54 197 187 82 175 128 38 80 104 182 88 200 49 129 168 100 81 194 77 101 156 152 16 46 168 142 127 63 148 196 55 181 17 19 49 69 145 99 7 162 131 191 83 10 50 190 141 39 26 188 164 92 56 58 47 140 133 123 143 188 22 173 119 47 169 83 94 163 29 192 136 164 164 145 110 169 62 67 96 16 38 50 162 176 115 81 51 56 127 188 36 161 20 79 1 150 137 135 70 76 22 80 31 53 33 37 130 158 19 111 50 186 122 136 131 176 112 
185 63 43 41 158 193 126 45 14 23 157 197 8 66 104 194 123 112 21 176 100 147 144 126 29 101 196 60 63 60 38 104 57 65 78 187 71 135 63 190 28 21 36 123 30 65 26 88 14 191 183 89 192 93 194 31 77 69 127 128 34 134 98 164 82 189 92 153 52 111 136 113 68 82 89 82 2 136 118 151 4 154 185 138 185 170 134 124 180 186 46 126 158 40 60 157 69 152 179 138 97 195 98 29 130 4 130 196 39 125 187 85 13 86 85 32 103 52 25 173 41 8 150 85 38 42 71 66 130 139 115 173 69 56 177 93 88 118 164 99 35 163 195 82 44 196 92 51 175 20 
171 82 38 60 16 112 49 183 193 117 41 55 115 82 143 118 98 194 183 151 119 131 95 7 117 115 195 162 158 158 198 173 129 81 111 54 71 19 195 162 97 135 40 164 110 165 10 94 121 3 152 21 128 167 56 125 97 83 86 11 151 70 109 104 2 58 154 112 126 1 63 172 65 132 3 141 194 106 88 159 53 73 52 158 150 59 68 159 14 65 51 68 120 97 109 191 79 20 127 85 75 14 90 17 72 7 94 82 121 160 3 119 166 94 172 155 140 21 46 194 65 74 121 188 147 119 116 116 157 26 136 170 106 137 113 140 95 49 114 36 162 115 49 148 1 109 119 96 128 148 
64 169 122 182 103 88 106 168 136 157 84 21 190 42 113 141 112 162 46 169 117 92 65 59 188 167 113 185 12 24 100 96 61 107 9 82 198 149 56 85 13 150 160 168 19 91 187 13 57 31 155 180 135 16 58 85 132 199 99 172 34 143 90 199 141 189 150 155 66 61 85 151 190 21 118 6 197 180 99 179 21 168 181 40 182 17 114 37 61 38 58 103 95 120 10 44 36 137 148 36 192 200 152 32 55 42 178 93 105 153 73 43 145 141 28 29 12 75 136 24 77 122 186 74 48 167 162 41 78 162 89 94 109 181 30 106 153 130 58 77 160 11 10 103 165 128 3 170 154 24 
96 139 187 137 64 181 83 85 16 152 100 141 94 72 177 107 166 6 12 52 136 1 40 3 151 76 164 11 112 99 101 132 23 198 164 87 94 119 43 106 35 110 96 11 57 75 22 181 84 73 44 70 45 23 85 53 185 124 12 115 168 96 115 120 10 83 115 163 31 36 131 127 186 139 39 132 58 155 7 73 58 147 41 185 30 31 35 178 80 171 104 173 122 100 105 145 21 41 148 23 133 98 71 63 140 31 90 108 145 156 98 84 33 15 151 44 38 167 91 193 151 85 25 90 178 65 95 38 25 172 102 101 69 190 115 133 100 167 164 111 162 103 157 194 97 99 132 173 18 38 
184 18 76 102 33 109 107 160 1 10 118 14 96 130 163 79 192 138 192 110 28 10 168 68 7 174 165 19 165 8 105 115 102 36 32 200 149 169 112 6 31 151 55 187 188 95 104 144 171 8 98 132 108 148 50 50 23 159 119 165 1 200 81 116 22 79 188 20 173 18 57 180 98 149 177 148 177 28 166 19 106 48 51 39 118 77 105 104 27 117 70 79 36 173 172 130 172 160 90 121 77 195 89 158 171 117 100 116 42 98 169 184 177 173 29 163 58 23 153 43 189 45 117 59 56 16 146 185 97 146 44 98 49 102 114 96 65 192 182 127 114 32 43 181 135 189 65 18 5 199 
138 162 105 164 125 146 28 3 8 175 103 176 6 152 101 113 138 25 64 7 165 167 72 29 157 113 177 125 102 179 123 136 174 25 23 19 23 130 106 37 194 4 6 195 112 6 182 50 113 107 1 119 21 56 147 108 192 134 114 138 110 156 101 131 183 183 47 139 34 34 181 59 123 25 58 173 164 194 79 117 159 131 146 115 6 74 96 162 100 19 182 76 181 92 7 191 28 123 43 119 65 63 141 31 75 113 106 168 23 3 25 53 57 167 153 158 70 12 102 95 38 109 143 119 87 61 177 159 182 76 81 130 35 102 114 105 31 97 142 79 133 161 11 90 77 51 37 124 35 185 
29 14 30 144 113 140 100 191 40 3 55 131 98 109 6 84 9 18 28 173 198 155 58 1 53 65 69 69 123 3 168 108 189 17 128 8 192 4 28 146 135 115 115 105 167 167 44 78 180 92 24 99 79 46 77 53 122 80 158 134 146 159 37 41 195 99 137 1 121 156 176 68 118 79 41 111 154 158 74 182 163 184 149 123 55 105 101 141 111 79 167 91 200 89 35 66 35 100 55 153 36 77 71 124 199 92 2 1 8 78 84 180 130 28 14 16 30 61 74 29 93 124 177 197 93 198 70 75 25 88 73 7 12 74 193 120 116 72 16 70 120 78 68 157 132 106 13 46 136 101 
178 73 158 189 92 43 164 109 76 100 76 154 45 142 100 5 69 61 177 166 96 84 120 60 7 39 181 90 112 90 43 168 128 110 168 151 100 34 50 62 118 14 121 74 120 174 155 6 144 81 120 90 100 10 10 91 21 179 20 161 17 139 87 110 73 47 1 133 149 72 31 83 66 173 54 174 79 103 68 18 132 193 120 143 183 172 184 81 103 166 82 107 170 135 107 36 91 161 126 62 150 43 136 39 45 9 187 168 101 90 49 106 167 187 24 127 133 161 54 80 137 110 134 172 53 132 133 74 171 79 130 191 27 41 150 139 76 72 116 113 16 53 126 105 180 57 136 168 8 76 
42 86 83 125 126 200 179 145 197 159 143 143 187 89 172 104 5 63 33 153 67 116 5 49 61 127 1 20 45 75 186 50 191 25 166 198 188 97 73 36 82 111 138 93 92 28 140 104 99 120 24 63 173 84 96 126 4 71 89 93 98 155 70 183 50 140 82 136 105 132 135 74 123 188 112 88 178 51 155 42 108 7 128 186 37 21 167 95 150 72 87 42 154 8 39 188 7 20 116 6 137 70 55 166 6 32 71 74 41 192 147 185 21 170 157 127 64 83 194 157 106 111 97 156 180 173 173 10 189 159 91 178 20 13 84 30 77 188 155 88 63 166 91 19 166 30 51 78 37 177 
50 153 45 148 49 139 94 28 129 145 117 44 117 45 92 156 186 49 90 190 100 188 148 49 96 191 172 68 51 14 58 127 152 81 73 82 88 152 58 185 57 33 20 53 149 72 175 90 136 115 144 140 121 107 113 79 21 117 131 24 69 129 68 7 98 117 98 142 191 36 54 140 118 126 12 67 94 176 103 118 194 170 179 70 6 128 31 103 102 164 158 71 126 182 136 193 80 180 180 109 90 145 86 112 31 7 17 142 99 76 185 92 109 74 33 167 116 65 33 41 101 139 126 58 178 1 50 38 131 15 78 155 128 191 131 114 41 103 189 23 109 95 152 93 74 189 98 19 157 12 
107 192 158 190 53 62 55 60 87 31 122 118 76 198 108 148 25 113 76 29 159 124 83 170 191 148 183 24 163 172 4 19 188 145 106 151 49 51 70 54 172 32 179 13 61 80 175 15 10 142 178 179 154 111 59 50 199 95 45 5 23 64 192 54 11 65 135 143 140 95 156 82 177 6 48 19 154 3 42 5 152 118 102 57 75 95 198 92 170 36 191 66 128 63 38 98 141 199 64 86 106 194 61 148 122 194 146 34 102 89 113 80 26 108 48 28 192 166 67 47 159 59 155 88 100 154 76 32 194 39 73 80 21 98 200 87 119 34 13 26 177 165 1 146 114 109 137 13 102 66 
139 193 126 125 168 196 133 3 64 118 129 115 2 11 28 77 93 75 148 186 61 135 166 43 87 23 83 176 73 49 21 170 132 79 156 98 200 10 156 126 23 195 146 35 29 154 31 116 99 123 123 32 88 102 105 92 146 4 109 6 37 155 70 199 185 95 14 139 138 14 126 13 198 100 150 32 101 126 128 117 44 75 118 66 126 28 8 182 42 177 24 127 116 38 145 109 179 179 170 27 150 126 80 119 37 26 21 153 57 9 88 21 162 23 83 155 45 144 103 89 93 150 72 119 83 159 169 184 169 107 78 15 13 150 175 31 110 108 187 22 108 166 147 39 172 127 143 182 7 176 
11 189 21 123 29 126 33 138 80 15 157 161 178 74 82 170 71 153 53 132 178 104 190 131 6 104 164 141 42 158 193 55 79 36 173 6 23 13 33 122 27 143 34 188 16 147 68 99 135 24 78 18 83 61 124 159 38 93 131 51 9 150 99 186 25 94 130 1 199 52 152 85 9 129 24 189 20 112 186 93 144 118 147 45 167 122 75 160 116 125 172 12 168 158 71 167 124 29 124 109 185 143 199 193 100 114 74 23 128 15 140 105 141 95 103 107 184 16 82 35 56 126 52 70 154 181 9 111 114 63 185 99 92 117 72 37 63 20 57 28 66 171 118 117 5 145 22 79 93 145 
103 49 68 104 188 159 6 18 124 3 178 152 195 182 18 109 75 81 176 32 7 191 9 16 174 126 48 66 144 115 62 82 19 152 71 36 116 198 51 36 197 30 65 173 44 134 120 2 136 11 73 123 7 195 100 132 166 162 199 108 76 153 52 116 139 22 60 114 76 14 33 61 14 54 46 117 132 55 191 176 32 19 105 199 29 97 41 45 39 120 112 119 108 12 189 176 107 93 14 98 4 39 119 192 176 153 87 69 143 46 16 196 156 180 185 158 41 57 182 100 116 11 145 53 183 146 98 173 137 108 169 97 33 192 199 155 59 135 128 148 108 169 173 20 174 116 19 141 151 62 
96 114 128 159 79 99 6 57 39 87 17 113 166 61 149 173 22 136 69 182 36 160 151 117 179 74 90 163 76 152 19 57 31 88 74 184 48 140 112 188 160 131 157 163 22 186 24 17 170 59 82 21 47 68 129 50 177 161 161 94 116 15 73 197 9 134 127 148 8 152 152 176 107 138 143 188 137 25 67 166 194 56 31 165 78 197 75 161 53 157 177 13 137 39 126 11 141 96 77 149 5 159 200 60 135 34 107 80 104 63 45 187 143 129 170 40 27 15 77 55 191 52 190 86 33 142 9 3 1 198 131 116 46 109 199 52 34 128 93 186 6 139 4 84 151 192 47 179 2 19 
141 11 17 94 163 6 150 163 38 172 181 38 136 44 154 37 4 9 115 4 115 9 55 81 16 124 117 22 3 80 165 110 95 179 15 15 194 10 166 149 182 141 152 28 14 25 146 9 124 151 165 192 176 136 31 127 39 100 53 62 110 108 197 170 3 12 131 97 26 99 149 141 75 25 195 32 141 30 46 77 95 97 100 165 163 149 20 184 117 102 17 19 34 21 110 191 91 8 184 64 80 79 66 62 94 160 57 25 128 14 193 118 25 79 79 97 40 63 61 150 148 20 36 191 3 173 99 144 96 114 25 145 48 6 189 133 71 10 52 148 84 57 114 158 118 121 1 190 28 79 
82 33 100 175 22 59 195 60 37 157 138 1 91 87 189 33 84 67 124 65 32 171 68 139 5 46 35 94 27 3 145 24 93 73 52 123 33 48 25 63 171 76 53 140 110 183 128 94 152 107 172 96 47 127 6 103 97 111 103 200 167 77 33 162 23 25 177 106 78 100 28 124 33 125 94 117 47 69 119 67 101 161 145 195 56 163 186 121 10 184 60 160 90 187 79 3 19 193 33 11 137 197 63 91 14 77 108 192 132 193 164 163 115 131 128 98 91 83 150 83 33 181 98 151 91 199 28 105 161 105 6 53 156 20 91 35 41 190 152 127 86 66 155 164 91 45 173 98 20 135 
142 139 20 151 20 73 191 105 160 196 97 6 111 69 153 158 126 105 192 167 124 131 53 67 68 153 14 102 105 78 93 136 68 75 110 122 114 61 69 9 95 71 1 46 93 33 75 179 16 93 84 155 42 159 163 94 5 87 88 114 9 31 13 103 28 24 157 177 94 185 113 60 48 181 126 112 71 35 39 191 122 165 127 79 144 70 58 144 88 111 69 111 162 41 24 76 81 125 35 187 119 3 1 165 115 158 88 65 38 151 26 24 197 103 2 157 55 39 11 153 39 173 134 62 141 161 123 119 103 17 15 138 67 42 121 109 115 37 75 11 177 125 105 99 122 176 32 175 16 178 
134 174 109 194 175 31 100 21 154 160 107 197 188 15 157 106 180 108 28 18 163 112 152 142 81 27 117 111 85 113 148 106 181 66 99 161 51 17 64 94 120 68 108 20 150 187 34 130 156 112 10 19 2 134 55 128 148 82 26 191 32 194 66 77 96 18 52 182 89 183 169 5 101 102 71 187 139 7 152 72 104 7 154 180 167 94 94 95 180 165 127 155 97 91 154 44 23 92 59 79 3 180 124 195 52 1 31 128 140 165 14 33 101 56 34 23 199 75 107 92 28 38 40 193 47 173 102 58 73 180 36 142 45 144 120 161 87 98 73 36 124 138 131 128 146 123 150 141 43 151 
145 199 136 93 3 76 40 21 32 152 26 60 59 110 167 188 44 162 96 47 117 106 184 31 141 55 149 65 36 6 45 147 86 180 104 129 47 15 147 180 28 2 6 162 180 12 105 72 79 56 72 108 174 79 14 23 40 108 80 143 75 150 123 137 160 48 49 87 69 58 187 46 41 114 166 69 157 193 180 153 58 3 145 100 167 85 60 7 41 85 190 61 100 20 79 126 169 21 171 111 26 19 33 34 162 176 1 141 1 183 199 199 104 195 31 59 151 13 173 172 35 183 2 32 89 146 54 91 73 63 123 156 47 127 82 30 57 85 107 170 63 96 108 171 177 197 103 102 186 20 
177 164 4 56 40 63 19 31 89 67 7 45 190 162 150 151 111 3 126 92 138 78 191 95 182 27 181 70 170 69 200 127 28 5 16 117 160 150 3 148 138 177 197 49 129 163 167 180 112 181 58 29 52 111 104 27 135 4 86 185 123 16 88 150 31 112 184 92 36 117 161 143 145 3 15 93 10 102 138 189 166 13 36 45 116 84 138 133 10 140 116 189 21 143 145 108 43 18 4 49 168 88 67 57 126 45 33 153 149 103 92 75 165 21 104 131 99 157 90 128 31 70 81 73 162 154 4 159 27 109 3 164 140 144 13 82 140 94 51 5 100 92 190 109 144 69 24 27 180 113 
123 181 196 112 151 77 9 183 197 22 107 18 200 73 21 8 119 20 24 170 82 103 138 186 67 143 79 9 171 57 49 113 166 92 170 52 150 138 170 64 41 44 48 109 180 195 178 200 95 90 151 100 189 178 78 83 40 77 68 130 168 3 163 78 199 43 8 161 66 109 115 175 33 161 80 126 57 116 196 147 123 46 178 31 145 166 71 109 140 54 2 118 28 200 165 40 83 31 120 2 84 103 38 72 93 169 78 96 114 154 175 48 186 98 46 42 44 77 174 24 31 151 123 56 15 140 13 37 70 169 191 3 49 89 136 160 16 60 147 145 36 58 91 200 74 162 113 17 186 131 
47 71 119 100 38 121 7 11 199 71 103 47 56 27 35 106 182 22 160 34 10 134 182 149 69 23 182 89 51 158 200 197 92 105 51 39 138 68 41 86 18 107 78 93 4 148 136 92 173 148 29 105 96 86 186 178 39 146 22 164 9 100 34 156 124 125 163 80 119 80 92 93 21 47 51 5 133 153 56 62 183 158 17 180 120 134 69 179 42 3 106 184 34 84 142 123 111 200 28 190 62 63 4 97 33 96 18 189 96 122 163 101 152 90 48 103 148 3 78 75 13 28 69 80 162 175 142 145 136 84 52 58 116 26 68 124 165 197 18 52 69 40 74 60 189 55 41 64 77 184 
24 120 189 113 43 9 111 51 93 186 17 68 23 82 26 132 61 47 76 128 124 94 199 191 194 194 187 113 93 4 184 89 73 184 47 172 114 1 75 24 110 47 189 87 165 100 77 58 65 70 153 51 32 174 108 49 24 76 199 52 76 90 48 142 43 102 158 106 145 48 190 21 56 35 161 14 70 194 91 149 17 87 108 131 132 18 13 151 147 174 23 177 150 160 122 140 100 126 78 127 194 144 69 46 9 31 191 147 62 128 81 8 153 147 26 21 191 82 105 31 71 142 140 31 23 46 103 16 89 88 78 159 69 42 12 27 41 107 190 123 190 50 118 41 72 140 177 39 34 73 
60 137 57 99 171 154 62 145 72 97 141 38 157 108 59 96 125 54 2 113 110 133 70 165 107 120 112 191 2 166 55 11 51 88 127 120 127 141 124 129 48 99 152 183 127 176 120 30 48 138 120 173 18 60 189 198 142 137 115 165 151 39 128 116 27 73 108 41 172 167 88 142 105 147 98 182 99 54 166 46 60 114 154 193 2 23 175 118 21 5 117 99 68 106 29 102 160 20 48 188 164 42 125 171 21 169 96 1 99 195 41 159 30 191 87 50 23 130 194 167 3 57 161 163 60 158 145 131 177 182 175 30 68 96 46 32 110 25 44 134 118 51 25 47 121 170 102 136 142 93 
143 1 43 38 77 139 160 16 195 122 122 16 171 106 145 36 173 112 98 46 116 156 170 172 30 125 3 30 143 116 18 163 79 57 145 170 195 55 174 20 52 149 56 86 35 89 111 104 45 196 161 126 88 107 87 35 171 193 54 37 86 187 178 193 69 122 54 105 198 159 157 76 115 3 153 120 161 192 23 41 168 85 98 131 57 61 70 187 134 199 191 28 194 58 48 3 12 144 40 103 20 75 189 186 192 163 162 61 51 77 59 107 31 148 156 101 128 198 155 150 98 68 33 182 21 55 54 66 92 5 121 73 149 50 193 63 142 4 112 44 3 163 35 81 172 188 17 100 155 1 
96 71 20 135 31 85 3 40 15 24 57 138 56 48 112 168 36 183 149 146 160 25 186 32 31 142 40 44 95 198 21 64 40 135 142 75 52 38 186 10 101 104 111 195 55 43 156 98 78 125 159 40 136 166 139 3 32 34 142 116 156 124 18 186 123 88 111 176 3 102 67 52 162 139 95 141 102 105 25 102 91 34 54 172 116 104 181 178 21 180 150 179 57 151 177 132 36 148 106 139 47 150 38 164 98 24 86 114 167 29 200 92 185 34 17 111 75 194 168 95 164 104 174 139 197 162 47 31 174 173 11 38 160 163 10 11 4 28 37 139 48 15 136 73 111 163 22 196 44 101 
102 25 156 160 15 8 198 200 175 199 162 37 34 73 147 49 132 135 116 171 52 24 97 199 200 138 172 127 53 42 90 109 5 89 4 31 92 92 197 40 73 57 73 189 39 79 87 112 174 117 18 21 44 82 38 156 191 62 44 125 88 129 59 137 179 113 152 77 67 61 127 184 23 116 60 153 31 30 81 200 124 186 195 9 55 198 187 76 47 61 120 111 85 39 55 79 178 22 155 3 35 168 126 193 179 57 48 122 193 167 99 130 129 4 199 1 69 102 89 172 132 27 168 178 46 39 197 114 166 170 160 97 138 115 109 47 7 52 153 16 8 118 80 186 104 24 58 107 30 125 
144 58 121 57 109 113 75 68 81 26 47 115 159 129 112 81 141 172 57 59 170 37 108 53 194 140 141 199 2 89 159 122 103 36 129 55 6 190 24 101 45 55 21 198 121 126 177 17 116 148 196 106 64 111 101 62 193 13 183 97 86 179 133 169 111 132 187 11 99 91 101 25 125 46 139 110 16 78 195 110 72 12 54 124 187 57 174 71 57 103 48 139 21 190 28 143 181 117 166 195 186 25 87 149 175 77 162 200 42 57 182 178 179 24 36 85 109 40 46 121 81 82 160 1 94 21 126 192 132 53 23 25 158 12 186 55 50 64 127 138 197 198 120 183 6 108 89 113 162 138 
189 34 133 13 16 15 52 102 116 43 104 95 82 191 27 71 95 162 180 102 53 20 65 183 190 114 121 106 71 63 60 188 107 20 30 129 70 10 32 36 87 133 169 57 180 35 35 116 60 51 60 133 108 109 159 197 175 171 32 70 50 43 39 114 35 81 174 75 181 138 121 49 38 115 24 74 68 172 198 186 192 12 174 128 103 92 51 83 67 123 57 139 76 68 1 56 68 15 103 180 134 198 113 25 125 43 124 57 64 182 80 115 131 65 94 133 13 76 92 107 63 108 109 187 121 177 140 129 182 105 163 107 19 186 6 181 189 103 149 1 43 173 137 153 66 131 30 186 149 194 
182 127 17 13 174 124 83 146 21 151 88 28 117 21 179 129 145 76 195 130 42 49 127 103 127 134 48 115 139 88 197 36 143 197 2 121 88 103 31 126 132 195 26 31 113 144 47 122 70 91 189 74 164 134 19 125 176 100 45 4 138 41 61 90 180 21 150 185 149 84 102 36 113 162 154 63 97 129 104 71 123 133 160 150 163 161 148 118 87 137 15 32 28 80 196 80 61 79 57 34 111 49 113 188 150 10 80 14 68 96 38 38 148 114 151 143 4 71 170 135 136 199 173 164 159 121 111 38 51 146 68 48 194 74 19 18 80 81 134 134 59 3 189 165 164 15 134 153 103 170 
38 190 58 157 52 39 16 35 43 153 86 1 108 64 166 168 76 13 62 119 184 84 168 39 134 80 6 81 149 198 18 9 9 162 21 166 179 187 112 127 149 113 60 131 72 148 65 63 105 86 25 20 4 117 180 58 167 74 27 56 77 180 2 80 137 180 53 181 143 102 14 116 109 141 166 114 50 98 39 199 70 184 191 129 85 8 106 37 93 17 122 169 155 10 8 71 165 145 57 143 65 154 21 116 2 12 67 39 26 95 155 108 134 151 160 137 181 187 46 14 125 34 12 144 189 74 92 49 45 162 172 11 194 199 130 38 82 156 103 70 126 26 13 106 14 186 42 33 60 34 
188 84 44 81 105 145 138 80 127 90 79 162 156 81 126 43 32 86 69 117 123 66 137 98 65 46 175 162 70 152 132 105 55 96 155 92 169 200 36 52 172 1 146 153 149 74 8 19 90 74 185 156 190 158 137 186 34 11 109 192 95 153 89 20 147 90 172 4 7 30 199 52 41 187 187 124 56 164 173 126 43 133 194 80 46 128 12 141 133 120 87 19 40 99 183 62 49 54 174 135 144 180 60 126 80 80 4 99 192 38 61 170 83 57 180 122 125 1 97 105 163 197 32 138 125 162 91 28 22 41 59 43 21 16 146 192 19 46 178 28 159 188 159 101 136 32 152 163 21 48 
181 144 183 53 191 52 199 13 11 98 160 166 40 34 16 89 17 110 127 152 65 101 8 5 95 137 160 146 164 63 74 60 81 17 56 26 3 179 82 129 145 155 164 87 189 128 38 95 57 18 40 67 192 153 21 117 68 169 173 177 134 73 158 196 175 194 34 135 200 4 151 144 102 112 15 122 2 66 157 130 175 27 19 5 42 41 93 12 172 196 76 133 51 176 126 22 103 173 149 12 167 154 160 120 30 157 147 75 185 83 123 42 40 71 17 117 12 118 49 56 50 97 94 150 38 199 44 173 178 34 43 18 9 135 157 93 177 196 116 145 154 143 15 140 5 171 80 103 26 189 
139 94 149 123 43 95 179 87 21 131 52 96 188 96 126 53 13 159 72 178 172 83 153 156 181 49 85 175 125 175 185 194 31 126 199 107 164 104 131 15 135 65 49 174 175 196 105 134 175 84 58 113 64 52 141 48 5 85 194 35 144 106 173 131 149 169 134 142 96 107 5 57 100 155 18 2 117 91 10 75 38 179 120 156 99 99 110 190 141 99 76 12 67 161 130 146 135 129 43 12 141 122 197 97 14 139 191 52 102 14 155 79 82 120 10 150 107 158 145 190 40 40 65 120 8 1 27 116 79 118 66 130 27 58 42 2 49 192 47 6 15 34 77 21 145 156 6 79 142 171 
83 78 137 153 8 46 176 128 69 121 146 28 39 72 88 195 99 100 158 32 96 15 81 75 64 59 138 149 98 81 7 140 96 175 38 94 43 163 116 127 121 38 66 120 49 80 172 89 8 168 37 179 194 31 20 190 72 43 168 179 5 108 195 158 60 35 191 44 7 28 99 15 145 2 138 120 45 191 74 128 82 175 55 1 39 47 155 182 78 43 47 74 43 199 64 180 42 158 138 180 121 199 99 106 131 114 64 89 4 35 142 145 180 110 62 163 154 185 19 61 104 157 142 135 3 14 91 133 173 176 8 2 74 176 65 69 101 142 188 68 47 56 55 27 52 157 28 110 28 191 
56 109 190 31 67 10 113 37 45 61 164 80 11 136 48 38 24 58 21 2 77 39 148 147 115 161 47 141 137 125 104 121 76 62 137 94 17 9 78 190 141 109 183 138 159 92 63 29 59 75 6 93 178 73 102 154 195 138 128 43 52 138 107 108 145 177 182 189 153 129 39 158 141 4 88 105 48 13 41 123 5 183 81 131 24 27 76 188 127 18 25 114 22 64 156 122 9 59 82 30 151 183 42 30 107 160 84 38 134 171 7 115 93 110 177 46 88 142 149 110 122 11 118 117 87 96 182 12 33 167 119 85 153 146 102 87 134 85 5 81 148 4 159 100 29 90 89 79 53 57 
57 102 193 69 20 51 131 134 101 156 167 187 75 38 121 78 12 68 128 14 2 59 88 7 85 89 74 140 122 42 143 20 119 58 105 14 43 166 154 85 135 45 101 42 51 166 28 150 56 147 117 15 196 157 136 194 32 47 19 177 118 62 8 78 93 163 84 93 181 47 64 41 175 151 15 148 145 142 75 56 101 15 143 11 30 108 6 168 134 98 44 161 101 74 33 152 86 46 135 53 136 107 141 10 149 174 157 130 148 135 189 125 24 96 13 140 12 42 174 175 6 41 178 195 177 36 108 83 18 197 27 62 48 129 106 63 9 149 31 183 170 118 102 119 130 186 85 180 126 35 
14 149 154 145 39 22 200 100 187 54 44 95 93 173 104 146 112 184 72 131 193 12 136 193 126 192 52 57 133 19 173 135 144 52 47 25 191 20 65 11 119 89 77 109 136 174 164 167 159 31 128 173 27 51 123 168 171 137 143 152 104 131 58 142 58 143 83 145 32 100 118 33 51 107 108 143 179 139 26 153 85 110 183 104 145 161 48 81 4 109 89 129 152 130 174 74 154 173 196 46 94 139 181 179 122 159 17 19 178 1 68 194 138 197 64 111 100 161 19 80 14 163 47 107 8 96 130 38 54 147 88 68 43 76 28 196 20 59 96 64 68 163 54 146 105 113 125 86 186 136 
76 30 190 187 140 106 193 142 183 90 2 152 7 152 129 114 35 103 138 175 134 51 125 159 156 30 98 163 189 126 128 150 174 163 37 57 170 173 102 33 53 153 93 106 52 167 22 74 26 97 23 61 128 172 57 142 151 91 2 143 114 156 23 117 99 90 46 141 90 152 134 85 18 63 152 129 87 3 31 190 80 179 65 49 78 193 32 174 35 60 136 139 83 26 66 117 140 137 158 108 188 59 181 27 2 188 141 106 56 16 160 62 1 197 89 135 131 174 55 61 126 165 148 3 109 185 19 1 190 177 28 20 7 187 149 113 194 14 116 168 134 179 178 85 153 101 2 52 119 126 
59 166 175 4 90 78 65 195 140 195 192 173 3 30 39 102 198 63 50 44 128 26 22 153 46 62 113 190 181 166 83 27 89 57 53 156 65 73 124 126 130 24 138 107 129 40 89 147 28 2 122 142 149 129 179 134 194 92 48 182 61 47 124 75 178 52 173 70 14 82 196 164 74 172 187 181 63 69 84 34 183 96 83 155 152 175 50 130 107 4 196 124 128 175 119 42 116 128 154 155 128 105 167 25 48 103 60 7 32 144 40 127 64 113 50 119 114 199 102 109 31 143 77 34 50 147 77 100 171 105 139 4 66 2 146 46 161 113 104 79 6 6 24 169 63 113 124 138 124 21 
139 70 110 35 16 80 165 17 26 31 189 30 125 12 61 190 31 1 94 1 70 193 147 114 70 74 16 4 19 86 127 52 87 91 13 68 43 14 59 17 60 97 190 162 174 126 164 184 112 150 162 85 161 77 132 92 4 91 132 26 37 72 137 20 169 25 144 192 50 93 64 104 103 25 198 190 35 185 147 2 122 128 46 138 82 63 160 37 92 57 49 160 132 164 139 155 18 73 199 28 194 182 50 51 167 74 138 44 131 126 67 155 152 14 16 198 104 126 21 121 165 45 171 199 41 41 81 58 49 114 106 184 22 163 122 23 124 68 109 160 190 86 6 26 86 106 3 64 177 4 
85 143 95 122 108 120 10 49 93 27 21 40 40 29 86 120 164 158 171 67 129 192 145 192 29 85 32 171 104 4 112 135 89 145 34 138 133 152 156 154 133 113 93 93 79 53 132 59 2 190 29 110 142 120 58 196 173 72 41 145 56 89 178 155 194 152 193 104 81 179 184 75 92 178 52 121 169 52 5 20 89 114 197 60 95 38 119 166 6 22 76 42 25 3 5 6 175 138 117 74 159 86 105 161 94 139 20 34 164 47 51 59 134 105 105 77 5 199 126 177 121 24 80 47 155 172 56 189 26 109 77 172 93 137 49 116 40 37 100 198 32 169 26 124 154 184 143 136 74 170 
183 16 63 77 146 92 5 16 181 58 8 199 139 62 183 88 189 36 116 26 188 42 39 98 146 7 6 9 153 155 80 8 182 75 151 68 87 95 29 156 176 52 200 147 122 105 153 191 21 195 138 22 76 95 131 31 36 86 83 112 178 81 165 17 47 126 127 88 181 41 43 167 63 119 179 134 106 152 176 128 191 164 15 15 33 59 165 145 14 80 186 82 163 31 85 104 81 58 54 136 66 131 147 87 105 83 141 84 103 44 169 140 4 147 158 163 3 132 88 134 57 14 197 150 20 81 35 130 57 133 15 117 91 85 127 168 73 48 67 156 53 172 37 53 88 31 162 113 121 36 
200 97 165 184 53 22 11 192 160 136 115 178 13 62 71 133 136 157 15 106 188 67 68 163 158 149 87 105 57 166 32 47 131 200 126 25 169 57 142 146 161 133 174 68 12 133 67 80 80 108 138 39 115 22 200 49 84 110 37 103 81 152 29 15 154 177 92 34 58 188 76 47 178 135 21 195 107 61 180 192 70 101 36 151 118 137 200 200 108 50 163 19 29 194 141 110 152 32 176 90 82 45 28 164 135 59 45 192 90 74 105 22 78 174 25 37 75 82 29 127 180 24 44 52 188 75 68 109 123 138 178 127 115 103 81 34 185 4 80 90 144 72 41 58 162 132 16 40 67 174 
5 177 32 173 55 120 92 55 113 121 127 33 169 16 170 154 130 144 41 92 92 85 165 120 8 184 23 177 98 82 19 134 142 91 56 106 61 150 197 35 130 186 113 70 11 71 11 84 4 169 19 160 175 111 61 130 55 3 54 8 69 23 190 162 76 81 183 20 131 180 55 98 68 14 161 163 63 108 57 127 42 185 179 126 75 21 181 163 97 140 42 136 111 134 119 53 73 51 58 30 193 124 162 199 197 157 82 123 170 27 22 83 129 83 105 157 148 63 157 2 98 5 33 167 43 126 65 97 98 119 140 9 158 120 103 111 194 125 165 153 182 109 121 1 186 6 106 76 164 137 
118 178 76 88 4 7 38 13 88 167 75 47 180 103 102 49 180 141 19 118 200 154 39 144 157 188 38 181 131 80 21 36 189 168 68 191 156 43 67 55 106 169 125 173 136 83 165 143 89 186 199 71 48 82 177 116 197 2 8 42 155 117 28 127 40 70 41 43 75 93 119 143 23 64 57 51 153 42 64 174 21 46 157 182 64 59 94 147 185 164 106 162 122 37 175 106 68 155 69 180 150 128 157 121 120 65 47 59 53 142 89 158 137 81 79 135 191 178 76 43 181 178 31 78 15 178 1 62 5 30 47 88 41 48 134 52 26 180 137 68 84 183 171 129 61 73 37 44 116 190 
111 16 178 59 28 136 52 125 189 131 164 128 87 128 145 75 105 184 76 67 143 31 172 58 33 46 151 91 44 51 126 115 93 111 96 18 110 178 84 177 20 196 24 5 56 193 57 89 39 76 58 109 162 71 110 87 129 157 78 19 103 77 37 121 122 32 25 180 175 200 36 80 116 191 62 6 77 153 37 55 105 11 128 185 52 3 169 63 90 35 180 75 104 139 188 170 161 194 143 23 74 74 123 151 100 108 103 142 27 108 71 152 125 154 141 99 159 143 38 147 113 152 66 95 106 178 70 75 26 97 103 94 77 91 115 178 12 53 158 116 74 30 179 11 74 8 172 135 35 153 
115 178 141 119 107 141 123 54 82 36 65 194 82 178 43 172 200 2 64 17 8 190 38 179 80 189 184 56 195 146 169 33 20 76 20 186 90 147 76 189 108 169 171 42 31 61 30 146 152 29 112 153 185 158 192 193 138 49 122 135 118 169 193 59 10 67 15 48 165 47 192 9 13 111 145 68 76 130 197 164 2 101 99 97 41 100 133 154 198 102 126 143 192 79 191 117 50 152 70 151 145 46 118 99 88 194 192 47 105 61 36 194 178 154 49 148 116 159 122 171 143 75 51 170 171 66 182 67 8 30 190 54 69 129 56 179 156 22 166 155 64 61 37 159 121 77 47 158 81 74 
44 63 152 153 36 170 198 65 192 128 28 85 99 50 81 56 166 59 143 144 104 51 93 147 179 163 142 15 100 96 164 167 114 136 84 34 123 116 80 187 122 6 15 144 178 199 155 9 136 98 115 28 95 112 113 143 161 117 20 147 23 140 121 37 107 25 184 112 114 15 91 55 78 86 27 4 112 162 8 31 65 96 51 16 39 60 58 138 51 160 157 198 54 9 151 37 173 88 153 139 6 27 63 197 9 115 183 117 175 6 134 96 67 167 88 176 7 6 191 164 1 102 159 40 118 8 113 100 184 90 82 30 173 89 198 168 90 120 189 81 70 173 48 32 130 15 96 49 121 66 
187 195 143 41 46 21 51 146 112 2 200 84 89 85 19 178 159 32 20 170 198 63 58 116 154 181 120 27 184 173 167 135 42 115 8 176 72 110 20 60 17 134 63 113 194 71 192 191 106 194 35 140 159 102 102 81 32 116 108 70 1 97 52 114 74 68 154 70 59 21 69 122 31 182 142 99 12 92 30 160 92 191 109 46 27 118 126 101 110 83 175 40 130 163 156 170 126 182 42 95 33 22 89 148 130 74 93 78 142 105 51 127 192 67 117 63 42 55 102 88 137 119 200 123 3 9 120 103 82 196 118 8 196 192 5 11 161 49 123 85 45 120 148 18 98 107 148 3 28 127 
17 57 190 111 185 179 163 147 74 183 166 99 172 143 74 176 195 46 179 78 107 50 45 149 93 189 23 74 78 124 29 134 78 131 145 76 188 5 114 172 102 87 105 197 103 174 157 41 60 22 45 85 88 49 123 165 23 167 52 57 5 45 135 10 35 197 124 127 93 109 60 9 15 171 182 101 22 3 171 17 137 77 140 71 146 184 150 122 29 52 32 193 113 140 9 92 56 129 27 2 155 129 145 177 96 131 5 51 45 71 21 187 176 65 130 139 159 78 125 10 162 181 112 58 114 81 87 47 53 74 121 24 61 16 10 87 179 84 112 163 116 35 14 24 105 27 104 15 134 131 
175 57 9 14 31 4 180 72 179 169 106 18 155 140 22 33 154 107 98 62 70 97 79 194 50 5 193 170 116 4 46 143 68 3 104 98 3 124 92 28 51 93 12 103 70 67 113 80 37 91 9 190 119 25 139 173 114 100 40 23 141 56 113 36 78 164 131 7 12 35 83 161 155 3 37 45 33 1 184 183 1 28 28 59 102 164 93 189 130 116 61 41 27 73 74 132 82 187 41 24 135 96 7 144 63 50 106 112 83 152 101 138 159 53 7 44 159 144 170 115 19 114 28 100 98 145 197 121 169 56 171 18 151 125 14 97 181 79 135 95 115 63 12 56 8 61 141 76 178 56 
138 117 24 169 34 143 198 24 124 185 167 43 136 199 112 143 3 162 170 47 97 3 17 172 183 121 5 42 182 176 181 54 82 43 79 180 24 33 141 50 97 58 80 51 132 183 130 110 41 135 20 155 14 128 173 161 64 193 7 123 60 43 159 4 83 96 165 144 75 26 78 15 63 15 64 95 183 154 90 97 33 51 193 192 15 187 164 199 185 192 38 65 113 170 31 27 86 147 147 12 83 187 190 136 186 129 4 7 123 183 136 48 153 57 14 22 116 42 50 83 82 148 54 97 37 170 97 146 172 123 183 128 117 177 22 139 127 31 148 13 33 142 86 142 38 92 44 147 189 156 
83 36 87 27 77 141 45 24 130 47 164 185 76 57 173 153 150 72 152 69 29 62 37 59 187 24 86 6 108 174 118 177 104 43 167 190 140 103 13 71 80 148 113 183 10 55 97 195 71 175 18 74 167 138 103 174 157 13 179 179 88 131 115 162 136 65 191 80 83 198 13 76 128 149 170 164 127 127 115 121 110 113 135 141 28 40 182 2 111 130 69 179 20 135 29 48 73 21 45 116 172 114 127 186 20 79 143 159 163 82 45 147 36 72 189 168 63 101 169 159 35 183 70 10 51 105 101 185 68 88 60 152 42 74 185 39 159 24 14 121 197 195 158 193 99 170 8 156 136 83 
1 83 157 11 31 137 171 113 58 104 8 92 112 114 114 181 12 36 31 182 163 27 20 36 184 183 195 81 35 108 190 65 133 103 195 135 133 124 75 171 183 44 164 107 65 59 10 138 25 135 42 107 144 193 28 179 123 93 134 18 48 80 138 1 123 86 54 72 34 47 45 69 8 88 134 45 3 79 68 85 126 22 93 191 2 168 33 41 175 115 174 36 118 168 142 161 199 99 97 196 65 73 41 33 138 166 32 61 70 76 29 187 141 119 130 64 37 153 9 150 75 198 119 55 139 13 19 53 92 114 37 70 118 139 38 74 191 59 89 27 193 61 119 17 17 40 13 146 97 148 
131 58 159 50 50 127 38 137 27 129 5 117 30 62 77 84 114 123 199 144 155 104 31 141 4 151 183 187 179 158 10 193 17 3 76 149 113 4 167 31 154 145 100 168 152 103 182 18 46 85 21 103 115 5 108 103 43 1 132 18 71 73 123 154 112 131 173 102 94 164 200 63 39 74 113 13 173 194 96 59 8 192 95 50 186 179 142 163 77 60 80 187 134 4 131 184 56 36 88 41 44 187 92 95 160 98 34 55 192 125 6 145 146 81 142 101 94 108 63 181 40 194 53 98 43 160 1 156 106 49 31 34 188 56 125 39 139 95 141 10 195 125 162 122 53 127 80 42 200 140 
91 153 147 117 81 99 92 153 5 9 6 100 197 126 146 98 178 16 35 192 56 133 71 171 142 191 156 102 185 31 68 94 4 148 99 6 136 143 39 198 26 43 35 113 193 170 127 56 59 134 119 191 19 196 56 147 128 64 157 113 74 94 22 180 91 200 103 135 66 74 81 73 10 108 95 7 135 47 145 105 41 124 129 27 72 41 62 177 94 191 151 73 72 76 55 100 101 191 97 107 187 177 129 43 27 172 135 124 130 186 69 18 153 69 180 120 16 33 28 118 153 148 35 108 38 200 122 10 176 174 46 87 2 171 189 173 187 116 5 169 174 181 162 121 137 76 60 185 164 167 
96 66 170 45 89 115 127 54 55 25 16 109 45 15 43 1 190 180 193 147 163 102 15 85 14 78 3 29 110 151 198 87 96 40 56 165 23 66 145 39 74 171 146 7 4 146 136 90 84 103 125 169 38 157 169 188 191 169 88 186 64 75 174 132 92 194 124 20 170 125 25 169 106 7 164 119 110 70 106 22 81 23 57 99 83 82 48 91 81 135 176 109 57 159 63 1 161 1 190 199 93 44 108 36 125 85 35 172 2 18 175 173 139 71 10 145 117 160 1 190 192 78 107 150 15 189 185 87 198 47 3 26 73 80 129 197 164 178 179 19 144 79 135 59 36 96 43 164 110 49 
187 191 199 121 86 62 105 196 143 68 73 160 161 166 107 68 176 186 69 151 109 122 159 4 2 58 175 164 129 139 194 42 68 52 108 116 126 171 122 112 125 156 135 167 106 63 121 63 69 148 188 6 117 29 130 107 160 62 13 55 163 108 132 2 81 88 112 47 29 104 91 176 98 153 80 175 157 27 162 51 88 41 118 131 64 184 133 28 6 71 169 118 154 41 136 16 84 150 138 43 27 43 167 51 189 115 123 152 44 86 69 181 57 190 49 32 191 70 19 51 59 121 78 114 196 39 51 20 54 22 182 64 23 97 31 55 140 3 174 160 121 194 19 192 110 197 21 127 113 52 
11 18 40 194 41 46 44 193 52 129 40 122 20 161 38 68 121 147 44 51 92 97 117 64 104 118 19 91 134 99 19 35 72 44 127 13 50 166 108 170 156 71 198 21 97 2 101 151 33 133 103 187 152 4 151 125 121 138 139 103 115 52 122 189 109 37 151 193 15 84 89 39 23 23 97 94 73 114 66 12 64 114 75 116 83 70 122 62 69 88 169 3 99 59 13 113 55 36 134 125 19 103 49 198 194 196 56 73 83 166 181 163 29 58 163 64 111 161 162 138 140 78 27 96 30 59 89 68 200 159 15 13 57 22 68 112 96 137 90 91 183 198 174 144 149 81 49 78 20 107 
159 2 132 44 168 160 28 4 12 86 148 38 164 79 37 75 148 15 83 65 3 152 39 93 67 133 112 191 4 34 118 107 90 37 109 197 25 103 99 70 157 5 4 97 74 12 199 182 82 150 163 34 29 67 140 159 49 45 179 198 15 49 121 60 173 117 114 130 112 184 84 149 71 74 40 15 196 21 37 40 54 15 108 81 54 60 105 177 93 24 79 70 7 122 21 184 145 128 143 104 153 55 127 196 151 39 164 105 122 153 70 97 79 137 57 37 143 14 30 18 34 97 131 26 99 112 107 50 197 63 9 156 160 95 102 165 91 138 154 42 155 45 186 54 51 29 163 35 41 76 
180 168 131 121 194 172 93 32 19 61 58 95 34 125 46 45 94 22 191 85 195 34 118 117 114 119 73 57 97 67 162 52 20 188 179 140 2 94 74 163 38 145 15 167 183 162 40 168 134 45 135 106 128 98 19 42 133 100 59 181 117 42 1 182 182 124 27 4 195 48 51 100 191 186 3 121 172 32 25 154 54 56 199 55 118 101 54 173 91 15 187 169 172 19 144 182 141 72 110 164 171 150 33 117 4 119 57 5 108 149 200 42 14 56 123 85 94 22 85 127 130 91 129 133 106 166 172 151 140 170 83 182 133 7 200 145 56 83 146 133 45 112 153 161 113 180 56 136 158 174 
82 66 44 145 87 195 86 143 133 130 179 17 149 147 197 199 88 105 118 173 166 43 153 85 112 48 167 23 36 122 15 101 158 199 4 106 90 161 179 186 47 101 93 147 10 199 81 23 140 44 51 138 133 22 190 147 51 56 194 200 106 92 170 57 55 95 200 68 7 171 141 104 12 197 75 160 54 106 160 65 125 162 139 79 195 144 100 51 101 30 1 108 168 3 46 48 59 116 74 81 51 162 120 31 58 149 39 12 140 155 109 102 49 38 23 59 58 87 82 129 87 155 148 154 112 74 180 96 127 89 174 39 181 146 97 41 32 161 158 23 93 142 5 155 58 195 188 145 109 200 
118 153 103 26 133 139 148 105 125 110 178 199 67 130 48 69 185 116 69 122 88 72 166 112 84 67 166 171 50 134 8 176 1 169 94 79 14 158 7 38 10 49 172 121 136 114 55 171 89 51 43 124 127 92 127 115 136 62 101 135 88 60 184 123 187 124 15 193 167 38 6 76 21 53 69 142 149 86 100 2 46 64 157 60 183 121 100 182 38 130 49 117 188 196 122 146 197 65 148 19 146 20 132 106 19 63 125 93 81 186 149 24 75 164 155 18 16 31 115 44 88 13 102 150 76 32 159 136 9 123 193 18 12 186 120 144 87 159 1 98 19 144 138 42 27 153 95 162 58 73 
46 128 78 153 140 42 100 74 68 124 123 184 81 127 98 199 168 30 34 152 187 134 1 122 59 171 59 140 65 46 73 53 175 93 129 49 138 24 82 174 171 140 37 178 62 70 124 193 113 66 11 152 79 174 146 84 170 180 5 171 94 27 49 15 25 199 31 160 69 122 50 106 123 7 179 23 158 9 21 12 161 137 35 159 187 32 187 67 107 82 118 132 49 128 114 79 18 120 75 161 40 14 100 92 11 191 15 44 174 165 157 128 174 177 188 126 87 44 169 101 126 92 12 191 92 114 21 39 81 152 101 171 170 195 196 16 49 11 40 22 54 111 15 128 75 192 143 160 125 9 
46 38 167 196 142 177 88 3 90 117 148 5 77 16 103 97 125 49 151 77 90 6 184 110 118 62 57 25 159 189 173 193 141 38 73 74 181 158 64 29 161 154 192 166 129 69 110 48 141 87 152 139 181 46 145 63 117 25 148 23 125 103 77 39 197 141 138 78 3 112 111 107 32 103 115 85 117 57 100 178 49 167 199 157 13 66 70 42 43 152 164 167 17 147 88 185 45 134 111 173 146 101 156 72 112 106 179 18 160 39 118 167 170 145 75 38 6 139 1 113 119 166 108 138 181 66 30 87 157 19 50 169 9 20 136 28 102 53 102 17 176 69 17 90 197 33 30 154 35 86 
