125 6
0
1
1 5 111 893
2 8 8 24
3 29 85 539
4 53 159 1325
5 70 21 238
6 88 96 472
7 121 182 121
8 132 77 -22
9 139 150 1339
10 164 197 1740
11 170 28 170
12 214 167 -120
13 226 182 1318
14 228 79 544
15 229 131 753
16 270 77 578
17 282 186 1770
18 292 103 292
19 315 12 291
20 357 14 413
21 424 199 424
22 428 90 1148
23 468 99 1062
24 494 118 258
25 525 3 543
26 535 179 535
27 536 12 512
28 546 134 1350
29 631 26 787
30 645 18 753
31 660 179 1734
32 671 76 671
33 718 112 1614
34 731 93 545
35 748 189 1504
36 766 54 874
37 782 19 744
38 791 45 1151
39 795 136 1067
40 796 127 1812
41 848 187 848
42 848 84 848
43 866 19 1018
44 884 26 832
45 903 179 903
46 925 3 943
47 925 167 1927
48 926 56 814
49 975 88 799
50 981 63 981
51 1024 90 1744
52 1028 137 1302
53 1042 55 1482
54 1066 141 1348
55 1086 165 1416
56 1087 152 1999
57 1093 129 1867
58 1094 195 704
59 1118 160 798
60 1132 97 1132
61 1133 41 1215
62 1143 46 1327
63 1191 130 1971
64 1216 182 1216
65 1221 190 1601
66 1236 51 1644
67 1273 12 1273
68 1294 7 1294
69 1323 158 1323
70 1336 63 1210
71 1340 41 1504
72 1376 165 1046
73 1410 142 1410
74 1442 31 1504
75 1458 192 2226
76 1500 69 1914
77 1501 141 2065
78 1541 31 1665
79 1544 22 1588
80 1546 188 2674
81 1546 170 1886
82 1576 3 1576
83 1582 11 1604
84 1605 42 1941
85 1621 127 2383
86 1624 42 1960
87 1650 169 1988
88 1691 83 1691
89 1717 123 2455
90 1722 46 1814
91 1732 64 1988
92 1757 86 2445
93 1757 8 1741
94 1761 156 2697
95 1844 183 1844
96 1885 23 1931
97 1892 173 2238
98 1910 36 1910
99 1935 63 2439
100 1952 154 2568
101 1998 49 1900
102 2002 188 2378
103 2054 190 1674
104 2084 38 2312
105 2085 61 2573
106 2095 96 2863
107 2125 73 2417
108 2132 17 2268
109 2167 192 2935
110 2176 5 2216
111 2182 186 3670
112 2206 132 2206
113 2209 190 2969
114 2212 86 2212
115 2232 157 1918
116 2278 70 2278
117 2315 165 2315
118 2323 139 3435
119 2331 76 2787
120 2333 183 2699
121 2378 29 2552
122 2388 104 2804
123 2414 193 3572
124 2420 10 2440
125 2467 94 3031
163 17 87 129 11 2 123 82 31 15 52 63 67 108 179 184 102 126 11 125 193 197 34 81 143 8 154 110 74 198 80 69 82 33 110 85 16 89 129 73 166 82 144 193 190 197 147 196 18 70 89 62 45 103 37 26 200 32 86 146 71 101 53 42 148 173 159 198 49 100 182 124 60 64 102 38 170 170 8 72 162 68 158 116 6 37 12 105 180 179 129 77 65 49 38 14 7 85 185 45 107 175 38 144 165 64 118 3 83 5 144 170 79 163 24 180 36 200 62 51 24 198 118 192 159 
171 177 100 67 166 116 175 200 57 42 106 62 94 97 135 101 111 20 43 195 118 81 91 93 124 152 140 128 8 15 71 142 12 68 61 37 111 1 86 124 79 4 69 172 112 38 5 77 129 70 16 180 71 11 165 163 159 120 98 81 102 140 10 31 51 188 47 141 16 199 111 21 101 123 135 176 81 182 124 25 37 23 183 121 82 199 93 16 148 13 43 145 66 24 28 117 61 153 33 91 78 27 150 114 100 27 41 58 108 158 24 36 77 187 108 195 44 66 14 177 196 32 65 79 182 
58 122 31 7 38 186 192 151 113 126 167 80 7 159 134 19 140 24 158 200 166 184 19 160 118 121 189 99 102 11 44 79 187 81 101 150 147 21 77 160 83 45 196 98 78 97 182 94 55 71 153 153 136 76 61 162 4 101 144 59 63 149 95 182 96 92 179 133 85 154 38 167 126 40 10 170 59 118 110 140 67 80 186 9 178 123 150 122 110 45 102 85 140 85 49 161 54 183 149 120 124 191 123 95 112 197 7 11 6 153 185 136 164 104 182 82 70 101 182 53 146 185 121 151 27 
176 9 136 20 79 111 23 22 98 154 167 155 10 80 116 113 64 188 138 104 127 63 16 140 58 69 158 1 134 79 199 193 112 175 35 15 6 130 79 74 36 86 41 90 169 101 97 33 18 50 169 126 94 112 161 30 35 98 106 159 162 47 122 50 68 28 200 155 116 107 114 38 159 173 10 107 34 89 187 12 66 73 106 64 101 50 129 13 63 107 139 47 28 145 112 72 71 167 64 147 76 189 161 18 119 96 87 194 156 72 58 150 33 25 159 18 18 137 143 24 60 76 62 54 118 
27 108 11 140 80 111 85 23 92 90 90 74 92 76 199 2 13 79 15 1 31 168 192 148 110 8 102 13 61 33 83 197 200 103 30 34 73 45 88 193 138 47 4 88 174 168 193 105 181 61 182 192 43 75 165 76 184 70 124 98 149 60 111 43 180 199 26 58 20 93 162 93 76 191 31 189 94 186 58 196 165 123 170 115 19 107 190 67 9 118 62 37 130 182 138 110 177 180 139 98 184 89 93 44 132 116 90 127 33 111 86 104 26 144 118 149 190 51 156 17 78 117 146 120 39 
30 149 136 55 188 163 2 194 82 82 21 43 63 84 35 27 82 156 137 5 184 190 116 196 168 195 186 136 157 6 21 118 136 16 39 91 18 80 12 196 124 65 98 6 56 50 55 37 159 199 84 175 169 16 9 136 24 1 19 59 45 112 191 165 129 40 28 46 26 73 130 174 42 176 60 183 17 58 108 179 66 52 75 44 40 19 42 94 181 46 78 19 66 167 126 33 162 28 10 133 180 151 77 4 44 146 191 112 4 40 139 111 4 101 83 125 86 91 184 137 103 52 128 88 22 
163 12 183 93 2 180 35 198 53 122 51 67 142 17 137 191 48 14 83 95 139 6 53 180 85 132 3 105 54 18 166 165 37 134 105 28 103 170 41 128 115 145 18 143 59 111 86 49 98 17 171 11 22 6 128 118 97 38 167 141 140 70 78 39 104 149 110 181 41 25 97 75 25 35 76 15 116 108 197 30 49 93 117 60 102 31 136 184 186 41 175 11 165 153 1 149 149 16 198 188 134 11 2 4 27 163 9 180 16 52 184 192 150 199 88 89 26 25 151 113 24 130 112 100 26 
143 174 192 153 123 95 149 5 148 143 36 20 118 163 62 66 146 81 153 111 70 168 196 167 159 56 70 139 154 174 35 128 9 63 41 167 27 105 136 37 51 140 174 83 116 114 57 73 195 131 4 42 150 37 185 38 65 174 101 160 34 111 23 5 32 123 73 127 19 71 162 33 89 124 169 91 108 17 19 7 31 109 55 94 76 85 7 153 82 63 163 98 96 108 97 5 123 141 152 99 161 198 186 159 135 190 67 25 136 161 136 69 189 190 190 69 119 29 123 149 138 21 163 16 125 
1 40 105 153 3 112 159 54 133 43 146 104 184 27 102 123 97 172 55 161 105 85 49 27 135 109 93 13 34 19 190 151 31 2 128 93 26 13 152 56 24 111 105 189 139 123 72 124 105 157 146 102 175 181 91 112 156 21 181 71 170 33 105 14 146 105 60 121 142 187 115 169 8 96 114 162 120 141 32 42 105 91 41 159 183 148 110 180 29 148 18 28 33 144 164 169 117 36 128 47 138 76 59 49 130 110 76 180 165 153 1 192 150 6 157 122 21 145 130 169 12 77 85 42 100 
119 14 190 175 108 117 131 18 163 198 82 124 181 9 16 20 27 13 144 143 10 1 17 137 61 59 151 21 54 191 20 49 48 56 31 171 185 165 187 156 127 64 155 20 115 175 20 134 160 111 45 42 185 197 10 181 4 35 87 174 96 22 63 130 24 18 58 5 89 168 183 51 94 16 18 112 21 198 199 118 143 53 116 115 164 77 49 130 28 6 81 3 128 127 80 171 86 129 7 194 15 156 96 195 160 5 189 51 48 189 12 175 173 126 7 130 36 143 88 79 18 125 3 129 140 
16 194 83 56 129 86 187 136 73 189 41 199 91 140 190 17 113 73 129 98 163 97 105 60 5 168 24 14 172 40 84 161 126 23 67 59 107 66 85 29 70 173 186 10 28 167 173 25 77 107 65 113 93 122 37 109 66 23 125 34 6 56 196 24 84 164 182 6 49 172 153 95 138 58 128 133 97 13 113 143 37 62 182 82 42 57 109 26 112 49 166 34 48 200 139 104 85 107 50 39 67 53 37 91 31 25 165 46 30 15 130 69 136 188 184 2 53 54 53 106 6 20 10 23 184 
145 148 199 75 116 117 103 194 43 9 176 29 125 26 39 77 64 17 80 75 27 8 55 163 123 31 114 178 164 155 62 145 41 198 189 174 111 40 176 127 141 165 53 37 185 54 15 74 78 165 65 195 142 15 123 81 68 107 183 48 132 9 30 181 154 49 111 127 44 13 107 142 106 108 81 16 45 183 66 13 50 8 17 3 112 188 129 66 132 20 63 171 104 147 128 92 119 136 63 52 198 52 18 28 40 192 108 106 109 29 35 44 166 120 109 197 116 38 29 93 29 71 119 12 179 
62 72 193 73 175 151 176 100 76 119 181 194 122 17 163 153 183 15 168 153 132 3 93 114 5 71 10 64 104 41 195 171 199 144 52 133 186 56 12 140 156 177 40 35 79 190 72 37 197 184 149 185 195 99 87 194 127 45 100 58 124 12 10 110 149 132 147 95 93 159 188 43 195 105 74 31 128 55 130 160 200 169 45 200 152 147 167 136 106 18 163 105 18 68 149 54 75 155 77 85 176 166 76 70 23 9 20 88 195 71 71 59 187 79 90 54 159 187 69 173 174 151 139 138 85 
78 57 120 98 108 151 141 186 97 188 30 104 194 122 193 17 121 149 56 124 98 173 129 195 21 80 82 66 124 114 34 174 93 55 167 17 64 89 18 76 107 99 36 35 198 175 179 123 158 14 3 131 151 166 80 191 87 180 123 184 142 163 113 148 88 66 177 35 50 155 124 123 23 171 90 73 30 155 34 7 96 117 128 181 105 37 65 55 173 57 23 36 81 33 112 180 196 76 161 139 104 127 68 186 2 160 169 9 29 45 90 70 109 10 78 166 70 175 123 58 46 143 82 44 118 
28 181 19 200 129 148 38 127 12 129 84 87 122 132 33 178 79 54 121 150 78 82 200 199 130 177 78 163 156 90 185 144 51 123 156 23 181 82 136 121 104 184 5 82 194 185 149 8 113 151 27 149 182 103 120 38 140 92 79 87 108 61 187 18 16 188 76 140 59 19 154 159 92 73 21 29 72 196 83 153 98 103 38 82 70 105 68 65 39 99 193 168 29 194 89 104 70 182 149 152 34 187 73 117 81 29 188 142 85 10 8 40 156 165 12 64 98 200 60 149 77 187 68 99 4 
179 63 158 116 14 25 148 51 123 34 45 28 55 20 122 63 11 93 180 153 191 124 14 71 135 119 131 57 4 21 145 177 9 99 88 119 200 105 3 120 6 12 119 95 89 125 28 168 92 100 82 5 48 167 49 194 104 123 117 200 13 149 191 176 93 54 30 14 157 10 109 4 71 108 119 6 73 153 40 68 161 99 15 62 139 166 26 74 130 16 111 157 80 37 15 144 148 191 64 116 104 21 27 118 79 106 51 36 138 137 167 86 19 120 143 21 53 93 124 17 79 128 162 12 143 
39 74 144 152 155 33 104 72 27 17 6 19 109 193 12 115 36 166 14 180 34 109 76 99 12 120 24 31 80 199 13 61 193 178 164 121 104 89 66 72 76 176 183 62 170 196 75 169 11 135 89 189 92 163 29 163 126 166 9 54 143 180 45 108 194 57 69 80 90 174 81 55 168 73 98 108 171 154 31 40 67 57 103 182 186 102 13 134 128 5 95 74 17 92 79 100 177 126 167 122 51 124 37 114 98 82 120 55 148 13 71 43 38 51 156 88 41 172 125 173 128 162 25 128 48 
140 79 124 188 121 172 150 174 129 57 130 97 144 62 16 62 74 117 157 131 176 166 22 97 190 199 189 31 54 169 144 29 194 37 19 16 13 29 29 157 27 107 119 117 117 19 145 51 177 71 2 27 94 193 14 117 137 134 16 188 184 109 193 169 171 60 29 124 96 158 128 196 14 186 56 171 136 152 5 21 166 83 112 167 23 161 133 165 90 21 74 20 91 172 112 76 114 125 21 155 139 12 22 120 105 96 11 120 118 15 43 45 4 35 52 6 160 109 189 62 43 25 135 36 32 
12 53 46 49 152 157 2 8 91 55 184 18 58 149 155 93 106 100 134 167 19 42 187 80 154 164 5 40 162 123 75 144 142 153 76 64 29 39 116 193 36 169 24 187 108 118 25 62 41 164 42 45 180 64 8 29 53 35 33 87 2 72 82 47 63 59 104 32 41 130 173 69 62 199 133 174 199 79 181 99 100 78 183 196 136 128 156 181 50 187 76 131 16 74 49 183 192 35 38 181 23 190 87 193 69 133 133 167 100 89 197 46 150 110 179 49 53 173 138 70 31 150 53 121 126 
196 157 94 50 11 160 90 145 98 189 88 170 116 136 184 11 67 84 17 198 66 89 127 100 24 162 88 117 96 159 76 162 66 22 35 158 76 56 189 135 89 29 66 151 28 20 81 21 75 118 137 97 77 105 73 67 199 114 43 81 112 17 100 134 79 45 104 149 76 130 122 32 194 175 23 114 82 18 116 47 143 147 60 33 76 129 124 107 34 94 135 162 153 55 171 99 129 56 3 156 59 108 135 104 88 9 57 13 102 4 58 24 115 50 20 140 138 97 82 21 50 179 180 117 67 
83 179 149 23 143 146 28 86 145 181 25 59 110 181 127 145 63 121 162 2 58 37 2 56 69 168 105 10 4 179 72 166 9 131 103 177 30 187 119 6 22 99 91 50 160 109 60 13 64 39 10 32 154 49 32 24 5 127 85 144 136 158 140 192 95 136 121 76 188 60 74 40 24 23 105 133 66 164 78 26 20 140 180 120 22 111 175 160 100 35 178 152 30 26 12 73 181 49 64 137 140 37 147 100 149 164 78 143 53 115 14 154 130 62 67 129 194 9 1 119 76 85 177 160 44 
13 128 67 96 101 165 16 61 80 31 121 35 187 96 135 58 2 189 115 106 12 152 70 81 108 67 60 46 183 170 87 180 129 120 85 102 9 84 132 115 157 6 95 8 112 11 1 104 73 188 14 184 173 99 63 151 180 177 117 101 107 89 188 129 157 12 13 162 138 77 65 144 67 1 111 18 30 116 153 33 156 108 68 22 196 8 85 103 104 74 107 136 119 180 169 153 54 72 194 106 38 77 87 179 92 178 74 46 44 83 33 8 31 199 66 37 130 134 35 104 127 157 87 194 56 
25 178 51 168 8 197 83 21 171 105 178 136 95 103 41 56 178 103 72 130 154 34 196 20 179 183 136 116 15 81 19 104 61 67 51 187 191 45 104 141 44 13 31 15 167 11 143 98 45 92 51 153 43 88 91 2 53 81 91 119 194 194 26 147 173 134 168 105 100 83 39 192 105 115 96 78 31 137 7 160 149 199 187 42 164 83 92 182 49 177 22 9 186 77 105 146 124 29 129 109 15 46 19 87 191 121 20 72 81 70 172 146 43 191 74 139 71 153 74 162 132 92 70 128 145 
14 145 21 87 124 57 23 73 87 71 169 75 109 200 46 138 183 162 117 53 135 28 47 157 72 95 192 121 137 84 164 72 69 57 118 32 134 142 77 137 104 43 118 60 104 48 162 165 141 125 44 41 130 67 179 161 133 112 33 5 97 157 54 1 28 42 196 100 139 71 3 174 197 170 100 187 140 66 39 175 35 57 199 33 66 149 192 17 89 21 64 157 117 195 64 36 46 144 128 33 57 15 51 171 198 150 45 194 23 135 19 160 46 57 35 196 104 40 115 91 25 42 81 9 171 
174 35 144 121 71 134 164 79 60 12 7 67 101 170 48 8 165 120 132 16 97 73 42 23 186 188 90 63 69 197 138 180 156 4 135 90 106 182 57 47 184 54 102 197 160 122 160 191 76 88 133 108 127 186 39 99 156 85 133 58 93 50 112 102 18 167 146 66 3 31 48 40 59 88 127 44 61 95 197 194 22 12 157 135 79 67 147 97 165 13 173 200 177 88 104 49 128 101 165 9 173 49 157 30 89 162 16 118 5 198 41 89 14 123 91 157 127 157 159 134 175 48 42 145 70 
140 196 26 85 157 188 70 44 110 114 114 137 142 55 155 169 27 25 189 58 163 18 2 55 177 35 167 52 169 160 64 152 148 38 58 88 40 182 15 33 45 47 24 85 7 71 13 53 92 29 94 168 162 97 85 166 24 38 109 174 195 188 16 148 111 186 108 145 43 49 133 76 127 65 32 28 195 92 101 124 47 128 38 91 44 82 195 61 156 157 138 6 99 92 12 11 55 31 61 180 110 165 144 182 89 69 171 16 119 133 82 140 126 146 190 163 17 165 67 170 50 149 195 186 27 
19 162 101 167 43 178 10 81 48 123 154 119 46 78 33 113 79 200 136 92 51 120 172 168 43 118 175 184 17 67 156 55 179 162 139 61 116 41 3 189 17 16 104 154 160 87 200 152 122 174 84 103 124 111 156 48 83 22 68 183 162 190 69 185 40 50 56 189 108 189 16 9 46 111 42 66 4 133 9 13 20 81 181 191 111 70 69 113 75 117 43 195 125 131 13 98 23 120 91 115 183 58 191 31 38 43 123 16 104 54 174 119 134 177 176 101 154 107 156 68 90 22 155 129 55 
190 182 6 3 129 28 113 29 117 17 192 24 23 15 38 152 181 77 105 85 156 44 17 39 184 96 74 195 56 49 149 6 92 140 3 135 102 127 8 195 28 63 141 148 21 176 115 146 160 52 111 29 116 88 192 150 67 185 50 74 191 181 148 143 192 172 1 70 51 154 192 194 27 113 148 13 138 81 140 188 199 6 127 195 77 108 27 169 169 130 124 89 143 126 64 110 67 57 128 87 193 127 118 72 131 166 150 147 106 93 92 137 2 152 130 142 188 2 186 14 114 139 40 159 200 
19 12 183 183 2 50 186 10 99 108 44 105 28 118 140 34 25 65 36 96 120 129 196 200 44 191 127 93 120 180 111 188 133 144 177 111 177 105 163 73 152 35 1 152 62 86 83 126 70 165 167 70 118 181 184 199 80 1 47 76 190 151 51 2 189 108 115 83 124 129 154 177 24 69 4 8 195 85 23 172 45 78 78 83 84 150 105 139 79 89 18 189 118 177 70 40 17 106 92 141 126 36 109 155 163 82 36 144 56 16 137 73 92 9 36 6 102 117 111 131 106 72 154 72 39 
145 91 195 2 116 148 76 24 119 164 184 176 71 164 128 61 54 20 199 91 122 170 140 147 27 147 3 94 58 166 101 38 164 127 177 186 26 141 110 17 3 108 94 61 193 60 193 106 195 10 61 186 67 117 132 165 97 56 77 30 164 55 164 102 79 49 120 34 40 1 152 77 28 34 85 59 58 38 164 119 160 14 176 148 32 114 183 138 144 25 76 145 105 185 22 68 99 126 101 49 127 16 13 188 64 73 72 96 40 18 35 29 35 170 14 95 99 125 129 146 194 168 7 5 35 
20 166 146 193 115 16 54 114 185 75 20 190 177 147 129 34 120 118 190 121 145 61 97 50 52 102 120 180 129 70 150 193 98 149 9 8 125 199 143 65 84 16 131 161 8 167 16 82 168 196 183 57 54 188 149 186 141 99 125 13 77 167 163 29 101 10 150 177 146 130 84 162 191 129 75 143 125 35 79 180 47 92 172 184 132 25 57 35 158 149 15 137 34 93 55 153 173 128 25 125 72 145 178 159 123 19 47 83 194 8 150 196 156 50 142 21 174 176 37 159 109 164 154 2 92 
200 69 83 54 176 79 165 139 113 62 159 168 88 3 125 127 2 28 147 185 114 2 116 188 190 50 133 164 73 74 100 18 114 46 99 189 104 60 118 59 92 133 12 165 29 164 51 10 30 78 145 28 130 86 9 57 33 179 139 19 85 163 59 78 199 5 37 10 123 94 144 160 99 98 111 199 106 105 182 83 161 72 105 162 153 64 156 113 129 79 157 107 165 159 29 81 175 74 50 148 21 98 70 99 165 186 6 70 55 93 109 56 183 125 39 176 168 141 197 75 147 91 81 57 117 
125 8 172 84 40 84 111 88 171 113 197 93 162 140 23 104 145 105 35 185 61 92 195 20 153 184 180 71 185 147 157 112 130 113 141 54 26 26 13 68 89 44 151 131 168 125 25 70 83 114 92 67 93 153 15 14 142 63 61 160 86 63 195 130 19 82 184 199 43 102 101 53 141 93 49 173 165 89 141 187 32 10 115 80 93 171 81 69 12 153 39 157 87 133 75 70 142 187 170 117 114 78 141 50 5 10 14 45 3 56 88 51 9 61 73 26 158 106 31 145 47 145 6 191 167 
127 64 167 60 95 103 94 72 125 99 114 112 127 32 191 125 6 1 190 75 65 7 132 98 100 147 45 149 130 135 199 58 64 7 45 23 115 45 182 153 195 43 139 176 35 85 80 198 90 187 160 92 194 3 39 25 66 163 20 109 190 33 83 152 141 106 113 73 57 99 81 84 116 110 191 107 159 73 72 2 197 48 2 104 32 72 54 102 138 83 94 74 52 115 189 180 127 61 133 127 124 94 200 23 199 43 118 56 126 155 9 192 35 174 198 4 93 56 2 57 198 39 129 51 181 
59 94 103 50 164 90 111 125 43 106 57 80 144 66 84 107 124 102 7 31 152 28 106 117 24 115 17 133 123 27 75 29 72 71 57 181 190 58 93 66 93 35 39 120 38 46 38 122 154 95 85 178 44 26 79 191 87 12 182 74 88 86 171 163 6 48 143 4 15 135 136 146 162 69 24 57 139 169 38 43 48 179 183 170 27 32 14 22 62 10 80 79 171 53 131 173 103 28 156 90 134 29 98 177 124 169 79 53 163 184 185 118 136 53 40 112 36 188 51 60 24 177 39 69 2 
158 66 193 24 151 176 190 145 99 164 184 72 199 73 61 126 108 102 112 71 156 169 79 93 9 8 102 174 38 56 47 94 13 164 152 130 169 184 166 36 49 123 193 193 127 142 26 1 108 80 1 145 122 187 138 162 195 101 141 88 82 165 144 85 87 34 56 191 151 114 75 154 199 169 179 198 61 177 187 43 182 189 37 29 68 85 83 91 40 91 60 129 56 182 164 104 26 99 173 192 126 153 133 6 154 192 97 171 196 19 78 133 184 80 91 84 29 145 32 128 160 42 120 131 16 
111 79 48 196 191 153 157 182 11 5 49 106 75 148 64 187 104 100 134 145 93 17 94 106 141 93 187 71 177 74 102 41 54 191 158 84 103 3 44 185 59 70 72 18 47 106 66 69 113 116 176 77 58 65 154 178 65 126 172 82 162 47 37 99 22 160 29 155 29 14 171 149 89 17 65 147 174 178 53 118 22 5 43 175 43 19 194 140 173 150 183 164 120 9 118 25 198 125 13 58 9 85 131 186 128 110 132 105 35 173 184 79 169 195 81 10 140 36 98 24 49 128 84 111 103 
90 59 70 1 71 158 100 125 38 170 156 120 137 197 23 83 186 158 183 37 129 100 183 121 115 92 82 164 81 178 170 13 87 195 103 154 58 89 19 171 169 6 74 67 60 5 33 159 39 116 27 30 15 96 193 108 153 61 132 141 150 117 17 198 143 116 38 176 184 156 124 139 85 181 199 9 37 4 196 64 108 65 6 178 111 128 68 154 119 161 68 69 149 129 43 182 110 123 48 84 49 74 92 170 140 53 160 66 126 146 170 49 5 188 70 179 115 38 94 139 59 72 103 178 188 
150 130 13 100 181 39 72 14 42 15 62 127 116 101 187 141 103 25 96 101 19 200 128 55 39 72 104 112 34 99 85 2 155 31 185 146 101 105 149 66 117 69 182 17 85 183 132 115 120 43 104 28 55 142 54 102 26 99 78 74 186 136 173 128 36 42 111 151 152 38 123 3 49 60 189 116 135 93 121 128 27 134 51 27 2 42 71 177 25 198 192 4 97 59 9 32 62 138 75 76 65 125 134 80 33 8 91 193 48 111 80 106 93 129 26 112 39 106 6 88 60 51 35 187 2 
56 68 75 157 171 123 104 114 15 137 100 86 90 143 195 65 9 181 138 124 83 12 84 189 82 105 152 57 64 103 7 36 114 137 16 192 126 4 41 146 120 138 43 105 193 5 42 133 185 72 52 61 121 183 113 125 196 90 94 4 197 19 173 73 143 75 110 166 66 125 74 129 95 37 170 54 40 107 144 180 163 44 42 139 56 49 174 112 95 19 3 161 4 81 127 43 173 76 15 167 187 7 56 87 32 190 136 158 200 102 28 59 182 118 17 177 183 36 114 158 13 119 46 152 82 
36 157 116 119 152 147 66 168 28 12 120 60 4 81 186 57 23 24 112 135 78 192 178 67 70 164 143 147 89 57 14 122 144 84 31 63 18 64 122 44 59 98 188 51 175 91 25 176 135 15 111 52 35 144 197 92 89 189 112 141 17 189 158 86 34 127 151 12 40 36 70 59 7 71 51 87 14 138 19 177 57 155 189 14 180 17 91 20 2 149 74 54 46 175 25 148 110 93 143 191 26 50 53 118 47 125 59 175 135 176 186 115 1 35 19 36 103 136 197 41 107 41 109 49 157 
173 15 136 111 60 47 47 152 17 186 5 39 125 194 92 131 41 123 78 112 188 181 101 77 96 77 120 46 36 193 77 9 29 133 86 122 50 140 151 119 131 178 9 119 71 83 122 150 197 14 122 19 87 93 83 14 133 167 76 181 86 118 6 118 141 93 46 80 187 194 26 179 56 133 70 45 180 198 86 80 104 3 126 160 51 38 37 47 55 89 108 20 155 172 106 8 9 137 97 45 35 40 22 63 45 200 45 120 68 113 25 188 151 10 181 29 174 105 140 166 9 141 4 74 84 
187 3 194 137 56 51 164 87 78 57 122 57 84 143 87 80 45 191 12 78 190 198 18 110 6 185 13 124 158 106 102 60 168 40 163 33 142 161 64 130 135 31 60 187 20 3 187 162 166 104 45 190 22 114 107 27 131 164 48 93 24 168 146 137 176 159 130 130 130 102 56 142 84 73 192 39 126 23 3 182 91 197 38 175 173 142 165 44 79 36 176 138 22 160 127 94 152 151 20 86 25 43 66 20 43 100 195 60 104 186 16 156 6 43 169 39 74 157 101 52 12 112 112 140 155 
141 10 175 64 7 49 182 99 98 141 111 159 95 156 185 11 38 175 73 80 23 133 56 56 148 105 7 112 116 18 191 66 94 170 68 17 106 24 133 59 31 21 160 91 181 116 125 42 2 78 7 93 33 163 112 136 111 66 74 11 167 116 110 64 140 32 155 35 141 22 165 108 2 54 194 141 136 87 89 82 105 132 55 98 126 181 64 124 69 149 183 189 22 21 90 38 162 139 135 165 149 17 131 176 73 125 117 136 138 170 88 90 112 112 127 178 189 56 92 120 109 146 94 100 123 
37 199 130 127 108 110 124 161 146 9 66 200 38 127 131 91 178 166 172 63 16 153 62 88 94 93 11 61 131 107 21 186 36 77 125 79 24 191 148 116 26 123 44 55 193 147 87 188 79 177 176 56 153 137 157 128 12 162 138 156 165 51 145 88 144 9 87 82 66 95 162 43 7 118 154 146 145 88 178 170 55 22 45 125 10 14 172 179 128 164 3 45 157 28 30 7 157 89 169 21 187 47 91 21 42 70 179 151 187 29 84 155 111 197 72 89 49 155 32 1 30 88 78 76 177 
155 25 169 189 165 43 80 175 151 193 100 37 124 4 79 124 196 61 70 25 90 130 97 112 85 156 144 161 164 146 43 187 17 164 82 88 26 132 200 37 59 182 119 51 166 76 2 92 42 7 170 41 197 54 106 138 156 62 88 78 35 85 183 44 93 144 163 177 50 164 54 58 91 57 158 89 71 32 153 46 41 9 197 27 130 2 176 12 18 106 71 108 75 152 46 97 180 153 66 121 16 52 72 68 144 162 165 149 176 165 46 30 35 129 148 107 155 153 94 123 133 116 180 22 95 
99 54 123 132 182 56 64 93 20 165 17 66 79 40 36 31 190 141 70 36 61 117 182 52 100 81 78 186 137 113 112 124 81 51 132 37 74 65 16 48 24 175 88 15 77 38 43 156 152 182 194 14 27 2 15 185 126 166 196 122 5 139 38 151 168 23 50 80 40 29 70 91 182 69 159 99 128 83 62 145 24 71 107 175 166 11 12 38 187 56 185 56 99 83 127 191 63 18 163 53 2 195 147 189 28 126 81 52 29 178 58 75 123 179 87 48 1 6 50 37 135 161 99 177 39 
157 192 187 102 124 142 95 191 160 137 42 22 114 53 76 165 80 57 113 185 199 199 79 42 193 158 119 87 51 30 171 92 122 158 24 149 164 147 121 84 16 52 126 14 93 7 169 57 155 149 106 150 197 193 43 125 102 5 107 91 136 148 66 16 105 125 195 134 122 77 121 181 8 168 189 107 4 111 122 163 177 180 89 183 185 166 174 17 21 132 141 64 12 58 38 187 106 126 161 119 117 13 111 22 173 93 137 83 143 147 68 121 134 19 107 16 194 19 137 46 95 16 77 162 72 
142 184 84 11 137 77 109 108 73 97 76 191 145 149 115 50 146 125 69 129 1 22 12 169 33 25 39 179 65 180 193 152 43 106 148 115 92 89 18 151 175 188 144 164 126 54 43 154 79 39 187 98 149 76 5 23 88 126 85 192 152 55 166 67 23 84 96 42 94 78 139 23 100 48 196 132 136 87 136 24 200 7 183 167 66 199 74 17 193 29 174 157 89 18 157 184 166 88 62 157 54 88 90 92 33 61 97 196 191 113 22 113 28 156 84 149 5 199 174 25 160 112 47 8 23 
82 147 45 143 46 122 135 50 92 15 97 40 63 81 12 31 40 99 152 85 125 114 192 147 41 113 187 171 86 74 83 87 167 107 163 101 70 92 109 198 9 88 32 148 120 29 114 54 147 180 35 5 154 11 47 126 181 13 132 104 102 135 165 94 154 162 122 92 186 42 73 196 176 81 153 115 116 60 72 73 41 176 75 59 40 117 42 16 29 88 93 29 12 80 121 66 136 160 136 97 5 163 156 98 169 194 78 11 156 50 187 121 21 31 139 182 124 6 115 178 184 157 135 168 99 
199 139 1 49 49 81 56 55 144 1 37 82 5 177 195 114 78 102 78 85 57 26 200 81 31 134 149 89 31 158 99 178 11 1 108 54 146 155 124 25 92 196 199 145 129 58 87 68 72 109 149 127 153 17 73 100 98 186 8 138 187 80 52 58 133 136 160 153 135 198 65 127 3 71 71 26 105 80 189 114 79 71 22 85 176 63 109 56 65 38 93 37 69 124 195 85 55 17 167 163 82 20 74 143 150 158 138 96 118 143 171 8 122 31 42 48 82 151 9 117 3 151 43 141 31 
24 100 21 73 159 1 176 113 36 93 171 57 93 102 102 161 190 80 16 185 129 60 81 180 61 165 141 176 65 42 81 165 27 78 69 20 127 26 118 161 25 78 134 150 31 143 186 26 19 176 155 30 112 196 96 106 163 167 167 118 7 37 158 87 11 26 101 10 158 112 72 84 197 99 88 129 53 179 82 27 82 24 123 50 152 116 144 56 85 159 59 6 121 169 168 110 8 190 76 178 117 113 64 59 132 79 152 12 175 140 89 50 48 33 143 57 160 183 152 159 1 137 180 55 200 
67 4 186 8 105 66 55 87 77 92 30 77 189 45 60 112 157 81 100 106 161 130 12 74 186 99 179 170 33 3 1 45 40 75 5 116 183 90 42 76 36 169 87 74 24 85 13 80 194 171 200 70 20 74 88 72 156 152 137 160 35 3 8 50 194 57 2 152 97 82 166 165 37 38 155 34 173 78 164 189 165 144 20 107 32 143 140 44 139 36 147 53 110 122 156 188 4 200 65 132 61 82 140 49 77 55 195 115 27 123 10 46 140 189 100 31 174 135 85 46 8 152 192 1 151 
124 187 176 116 36 59 67 109 63 28 140 164 86 88 42 90 168 28 187 147 36 71 60 75 139 51 84 57 26 186 8 12 189 121 90 73 12 65 161 178 18 123 157 105 83 15 29 96 186 200 154 119 96 86 159 186 134 171 71 69 27 57 20 129 101 67 167 195 159 134 73 128 67 29 21 191 123 188 97 20 151 54 78 123 151 170 149 115 128 134 100 144 98 6 14 189 41 18 105 138 156 11 168 64 161 186 146 192 131 60 64 172 55 14 126 112 16 17 147 161 75 106 159 177 24 
174 114 13 174 123 63 42 158 144 148 147 89 80 105 90 119 11 137 160 121 177 29 93 149 99 128 181 109 188 101 61 11 177 148 9 36 194 28 191 3 161 89 186 59 186 37 123 192 137 68 14 31 102 14 29 187 181 125 172 114 143 38 162 146 140 150 11 118 88 160 26 60 60 40 86 170 187 44 53 188 78 129 188 136 134 64 70 168 122 54 54 63 5 142 160 135 26 9 98 66 189 44 4 95 143 156 100 176 199 151 111 115 84 164 192 96 176 110 5 114 32 24 41 109 35 
135 48 40 92 131 145 54 131 78 177 47 168 147 87 192 164 144 180 91 115 65 9 138 176 146 7 49 69 53 55 56 23 115 89 33 112 117 32 198 129 118 137 139 179 34 48 26 86 48 50 98 3 165 102 21 154 85 147 12 37 147 11 136 62 50 160 176 119 4 58 10 114 68 167 121 97 14 138 95 177 83 180 118 110 45 67 175 74 4 65 130 123 68 196 147 94 41 49 100 114 36 95 40 144 18 183 86 184 188 23 153 69 97 138 106 111 93 90 150 78 145 26 84 66 39 
29 36 26 43 9 121 61 109 55 195 92 183 100 40 183 6 68 61 118 74 72 87 164 7 31 191 143 39 94 166 20 42 110 29 197 177 185 33 36 118 156 112 170 2 18 170 34 93 20 26 150 197 48 73 171 133 81 167 89 184 161 195 98 160 5 22 5 175 45 10 185 110 167 162 126 67 130 50 105 25 173 191 170 83 78 38 168 146 136 81 165 134 124 77 144 22 4 118 50 82 146 144 122 175 192 137 38 171 21 35 46 149 77 117 11 32 45 78 74 29 195 79 96 146 138 
109 4 48 60 58 65 134 37 13 187 23 103 148 113 56 109 48 103 34 40 172 153 158 128 182 158 16 26 100 40 63 60 133 120 70 27 178 15 78 93 48 95 199 135 132 86 93 56 176 16 191 169 158 163 41 125 197 39 158 182 37 140 179 150 174 170 101 1 162 181 37 1 172 181 83 103 94 50 144 42 42 11 98 74 77 7 83 9 59 116 112 40 106 133 72 99 130 187 159 56 43 71 153 31 191 161 80 107 166 80 183 163 45 132 173 137 112 42 194 21 118 68 61 71 56 
172 21 111 150 89 40 77 172 41 156 25 10 191 189 59 185 6 185 74 107 150 103 153 48 189 191 77 79 174 141 124 26 47 47 88 3 108 18 62 11 124 141 119 20 109 1 157 179 27 80 4 171 37 70 73 108 84 181 181 28 168 32 115 90 92 89 131 193 136 100 81 64 144 40 103 187 56 191 64 190 24 78 13 9 26 39 177 44 130 52 95 165 150 64 137 55 118 2 37 193 186 12 152 63 71 148 80 40 114 103 121 101 164 91 182 96 43 43 25 144 114 16 34 41 180 
73 43 148 42 86 80 115 57 182 83 79 15 129 55 60 155 144 1 33 176 16 136 198 185 138 66 113 175 129 106 11 58 22 120 82 153 47 49 136 127 157 35 129 26 177 159 167 66 170 10 116 94 123 98 171 174 195 126 147 62 187 164 131 196 181 83 44 179 193 20 53 111 195 48 27 159 27 133 32 21 149 147 190 149 147 184 176 109 186 62 183 88 109 174 80 191 10 163 156 94 3 43 24 51 61 127 60 94 166 38 107 189 71 5 42 175 89 40 82 189 143 188 54 78 187 
168 14 16 34 55 13 26 168 32 69 144 3 134 6 52 180 189 71 100 129 33 114 71 27 27 74 169 70 56 74 62 114 95 132 154 48 31 22 7 129 90 59 46 110 54 34 193 146 159 165 119 23 120 45 18 110 42 5 34 110 43 175 53 59 102 163 76 15 122 158 180 22 9 21 95 192 65 173 170 8 61 75 93 188 192 161 195 51 159 11 94 179 197 167 154 178 91 69 7 59 114 8 149 104 106 26 155 41 106 135 138 52 159 127 116 181 140 87 77 38 158 54 126 1 66 
10 95 54 7 94 164 52 100 200 88 118 87 191 97 181 24 36 125 12 121 100 130 48 11 63 59 33 53 48 145 7 6 171 75 134 27 57 42 141 19 87 111 196 158 63 95 157 181 157 109 161 90 90 93 4 64 131 6 56 162 180 179 151 165 15 14 83 147 70 56 63 151 116 86 136 147 151 124 193 35 189 60 31 186 176 8 52 9 98 75 87 119 188 69 199 88 145 149 23 149 18 191 88 199 124 60 141 31 66 157 59 83 135 144 181 167 165 16 195 46 83 149 117 33 32 
199 103 5 125 75 114 196 193 45 54 137 105 71 154 95 195 5 189 109 134 31 164 3 190 1 45 136 134 3 18 69 39 128 73 146 145 94 82 54 104 172 57 111 45 76 160 57 12 187 110 11 67 72 48 58 1 119 48 183 185 148 25 179 118 190 17 17 92 75 106 31 197 134 149 138 124 154 141 13 170 20 105 198 60 186 62 188 79 58 162 14 127 14 117 138 32 142 192 125 127 130 97 83 137 140 74 199 138 194 14 10 44 118 127 17 76 82 167 173 149 161 199 158 143 58 
29 92 54 92 144 187 163 109 148 56 10 145 106 146 139 103 33 169 185 192 113 65 133 126 16 32 184 126 120 160 39 107 11 117 151 158 159 124 125 166 40 120 157 15 99 3 4 162 27 29 38 105 69 12 117 168 124 20 9 25 183 186 89 11 90 114 120 198 145 20 102 186 112 138 200 165 153 140 160 184 182 35 88 136 171 189 187 48 154 137 105 163 60 175 147 7 173 107 74 25 55 196 87 132 164 108 197 88 154 25 127 20 20 164 118 24 55 91 40 63 165 150 111 51 66 
154 94 156 144 115 156 117 5 187 20 72 138 155 75 85 131 168 177 122 66 150 47 26 173 172 129 196 196 198 143 140 65 148 151 54 93 73 116 196 26 65 175 113 125 156 135 1 96 179 25 86 12 87 137 16 10 7 136 58 13 51 90 54 155 93 112 8 148 52 10 118 179 63 42 1 104 88 169 84 159 170 182 32 40 97 60 102 166 183 111 126 96 126 89 193 38 189 36 97 154 52 109 54 175 188 96 68 182 19 89 31 134 99 67 138 142 37 48 195 159 199 8 108 122 138 
171 192 158 119 53 1 63 143 5 1 164 147 195 116 89 47 87 6 109 69 37 94 87 120 56 91 7 20 147 140 41 69 85 88 154 73 32 176 33 200 34 27 74 84 131 89 60 147 117 26 12 46 119 110 48 159 155 58 126 136 25 6 65 133 48 28 12 20 79 5 78 113 11 1 124 26 178 106 41 52 42 108 5 129 26 129 68 85 159 83 70 121 88 115 101 50 64 120 199 10 136 37 71 167 182 195 192 89 10 64 3 188 113 15 143 130 91 134 20 66 122 106 14 160 127 
5 27 103 125 155 136 11 113 72 16 33 184 7 108 157 67 152 107 199 105 74 113 76 163 134 98 80 15 110 175 195 158 43 89 18 171 131 21 37 93 51 169 30 81 151 14 64 93 53 169 161 149 20 142 9 36 46 198 160 30 140 110 38 187 144 38 184 107 15 11 13 17 80 171 72 200 157 71 63 55 159 105 90 92 112 120 44 114 97 158 125 32 192 164 21 31 66 59 163 116 185 178 15 36 176 156 122 137 200 18 23 80 80 182 131 115 94 30 74 77 77 32 184 97 111 
177 177 50 143 116 96 45 173 46 90 142 190 10 122 112 134 47 52 177 94 106 8 103 9 103 95 6 119 100 39 181 80 149 71 112 40 63 92 149 113 14 123 108 144 150 10 73 119 49 117 66 104 37 83 114 80 62 120 190 94 200 16 172 82 79 167 12 23 168 73 35 107 102 137 127 38 33 5 21 75 109 59 139 84 64 127 163 50 49 18 32 30 194 195 40 139 69 14 128 17 182 147 131 176 143 59 196 197 197 80 69 91 47 177 173 73 65 15 98 199 89 161 8 150 115 
199 12 35 10 114 149 123 87 169 116 37 199 22 70 20 161 78 79 154 200 25 109 13 97 65 112 151 101 186 168 150 137 95 15 52 171 39 174 136 136 167 42 156 175 33 141 74 21 173 131 12 14 48 37 87 95 86 87 109 155 112 17 189 115 121 124 43 54 32 125 116 46 18 177 56 171 195 129 66 73 187 79 75 196 167 88 14 139 160 121 117 126 178 40 30 55 29 84 40 162 122 82 24 141 6 5 169 67 190 73 57 177 173 61 19 62 132 14 40 18 129 181 72 18 90 
19 153 144 154 30 80 190 186 75 25 2 149 172 25 137 136 56 127 4 29 61 93 45 129 176 43 80 182 13 55 146 53 55 1 183 123 99 43 77 198 111 76 52 163 101 147 145 173 149 170 113 85 102 91 46 2 116 197 133 121 130 83 138 57 65 16 100 54 196 191 6 36 19 53 135 152 115 196 189 65 90 161 54 45 142 148 58 114 105 17 33 69 50 144 19 132 104 29 31 50 60 80 101 131 20 73 36 61 55 100 180 76 175 43 36 14 64 117 82 138 68 145 24 184 86 
44 3 70 118 72 141 140 148 25 32 2 44 70 29 169 117 159 107 198 76 185 195 171 96 70 76 34 198 2 13 163 25 185 155 111 158 176 3 128 70 66 153 101 28 113 139 83 155 172 38 188 17 189 75 138 54 17 42 59 168 177 85 159 146 156 13 97 113 120 160 179 192 156 168 171 37 70 135 67 9 137 84 94 52 142 158 167 43 117 179 114 53 107 20 61 126 189 188 82 81 26 56 107 132 13 165 68 149 88 184 40 114 147 107 17 188 172 193 195 105 172 179 19 82 182 
183 7 166 110 130 157 156 102 195 130 140 181 187 143 198 50 129 98 125 129 159 116 23 134 54 25 65 173 178 36 50 18 77 14 68 100 137 142 51 73 180 8 9 164 119 161 159 76 62 135 130 149 182 193 43 98 161 183 56 21 10 91 157 35 9 32 133 41 120 92 175 175 18 164 88 59 41 57 15 116 80 136 153 195 180 188 126 133 131 32 118 11 158 15 61 118 20 137 81 18 17 134 40 78 189 156 22 101 58 174 154 175 115 38 63 186 46 123 147 87 49 157 75 79 159 
80 57 106 126 24 72 119 166 85 198 70 70 43 38 5 160 46 190 64 48 200 51 63 82 13 148 169 128 168 182 131 142 110 129 159 126 45 44 84 159 111 152 134 63 44 136 151 33 152 20 158 176 61 104 86 28 96 188 101 193 58 185 123 120 104 181 166 93 47 16 96 11 184 16 29 20 168 124 126 29 149 142 53 118 50 60 105 79 176 138 187 131 138 19 64 197 101 158 43 15 48 8 26 33 128 151 116 50 186 167 117 150 45 50 145 134 17 65 14 15 122 21 139 86 91 
125 117 116 176 185 3 135 38 57 53 53 43 76 85 98 197 132 155 134 7 178 117 120 59 56 122 196 36 112 167 131 20 43 101 31 1 136 174 69 67 152 7 34 4 135 177 6 192 138 82 83 31 120 48 93 168 136 121 150 187 62 170 85 19 72 117 184 190 17 142 177 101 179 95 142 198 14 181 53 158 191 139 2 27 82 116 46 180 191 171 132 98 173 47 184 86 191 121 121 87 178 76 56 99 177 42 199 101 149 175 17 110 59 192 78 94 46 70 174 185 65 81 76 184 36 
13 122 55 196 7 200 180 185 89 148 94 110 7 170 134 62 45 5 129 25 198 86 79 79 4 193 185 10 156 10 93 172 142 191 112 132 103 10 189 60 79 115 133 42 68 30 100 128 186 194 150 41 80 100 59 133 78 137 113 22 195 50 81 136 11 81 81 38 7 47 116 8 162 107 144 118 126 17 8 63 2 158 127 64 188 88 38 81 5 175 149 138 196 45 179 81 195 141 196 104 89 133 115 108 33 154 82 117 106 50 113 10 21 67 6 63 177 26 110 156 37 85 25 57 82 
95 143 29 163 20 164 198 55 190 63 86 84 123 92 180 147 133 130 131 33 161 91 174 58 190 58 17 1 89 74 71 147 74 180 9 24 35 50 99 125 157 13 130 63 179 53 200 46 124 60 126 145 82 44 33 135 22 194 3 2 19 74 194 4 107 157 97 108 98 20 83 49 47 84 24 48 30 142 193 113 81 44 152 65 108 135 2 193 79 51 25 144 92 30 158 72 194 171 93 8 158 200 124 17 68 47 45 195 75 183 153 110 154 75 105 7 41 93 26 105 148 159 111 18 42 
143 149 81 133 36 100 151 17 72 44 24 95 16 137 45 49 181 97 51 76 52 144 177 172 25 77 184 169 80 72 174 162 53 22 154 92 133 13 117 55 137 180 165 166 56 118 91 197 144 121 17 8 151 69 70 63 186 29 137 106 79 57 72 81 14 184 168 21 42 167 164 162 32 93 11 66 15 76 196 117 99 178 124 37 51 41 92 35 74 172 29 31 114 42 190 65 126 92 184 77 156 45 165 101 48 200 46 182 109 90 109 79 17 9 173 38 49 168 33 4 86 101 200 80 5 
192 23 112 154 145 31 133 108 125 187 146 62 97 103 60 6 144 35 29 13 10 26 37 44 35 191 172 7 118 61 112 150 5 71 117 140 40 135 104 54 87 7 90 131 163 109 49 65 93 200 10 89 132 176 23 95 77 73 155 2 34 169 141 16 29 2 115 98 92 79 25 8 71 112 78 106 118 103 84 99 174 149 121 81 1 121 123 70 31 193 150 76 176 4 30 16 10 96 25 16 144 125 98 158 99 132 176 132 107 103 161 183 157 12 199 142 24 165 42 154 152 171 79 50 18 
177 188 134 83 117 171 11 199 161 45 162 178 59 128 109 153 112 200 116 10 178 63 145 195 162 72 108 71 135 187 150 114 85 8 124 87 183 5 17 53 146 54 41 158 156 79 45 105 25 25 70 72 146 174 160 114 74 142 66 14 66 5 159 197 49 184 188 161 80 96 167 58 126 65 33 136 115 118 44 37 122 138 72 103 20 151 127 31 120 144 151 173 72 118 73 91 73 169 187 158 30 62 4 79 131 11 149 177 172 124 71 33 121 110 95 160 183 38 7 150 51 101 73 181 2 
99 142 6 125 115 44 44 191 3 35 134 183 196 82 141 47 176 65 91 9 10 153 49 161 195 24 137 184 61 97 28 68 114 40 144 135 132 143 100 63 69 38 39 175 65 128 94 152 64 126 72 52 108 130 54 152 196 41 154 181 10 72 194 107 169 151 159 23 52 153 115 125 155 190 3 83 5 68 111 1 62 82 145 41 68 156 198 151 195 165 28 48 117 50 91 139 127 186 10 41 182 134 59 183 195 76 164 17 14 67 54 39 24 146 9 73 190 60 192 130 1 182 61 111 120 
36 65 184 197 87 112 169 64 21 187 157 112 38 177 92 18 140 37 163 64 78 158 152 41 54 97 184 114 80 16 164 63 113 196 18 197 193 158 103 108 23 84 152 154 151 64 33 127 38 71 48 44 53 71 133 63 64 52 97 77 185 140 164 135 36 27 197 57 190 20 199 179 19 97 48 31 182 136 83 133 130 182 52 101 169 14 114 179 148 12 177 6 19 124 55 86 73 44 92 25 1 106 42 102 176 110 154 122 131 109 153 41 126 110 186 124 99 167 186 39 102 98 37 54 43 
196 186 133 33 73 23 189 12 183 34 190 23 40 68 114 139 25 183 174 85 127 105 150 126 53 152 90 72 95 112 173 54 9 111 93 40 31 176 119 73 118 29 13 134 183 101 10 107 94 110 75 69 134 52 181 118 44 132 34 105 52 151 188 91 187 117 167 41 103 115 23 112 119 11 12 8 29 162 65 153 180 66 39 20 27 33 63 173 196 80 181 105 104 195 199 29 184 178 67 6 100 94 22 49 162 198 156 55 27 72 5 150 198 13 138 45 45 60 186 40 43 27 180 118 8 
32 69 41 65 65 86 167 195 28 108 132 80 196 38 136 186 200 116 101 89 25 156 151 38 68 40 116 148 99 23 51 167 131 157 125 171 63 145 104 54 197 15 171 115 80 163 20 158 69 64 157 190 152 171 106 72 23 17 60 31 158 36 33 65 27 91 35 189 151 79 167 75 113 126 70 1 72 53 140 10 123 133 4 104 99 188 161 19 82 49 179 68 34 43 18 172 43 32 138 144 147 46 17 105 146 2 7 200 140 138 176 53 80 189 23 64 102 35 40 53 52 65 1 155 82 
158 48 56 31 138 38 186 91 77 6 158 140 88 107 116 24 121 29 26 6 188 34 6 22 184 86 95 129 32 131 69 83 158 163 100 63 95 72 96 27 20 78 21 8 76 182 97 96 178 4 73 13 149 49 61 45 29 100 13 51 150 66 52 102 186 103 12 86 19 28 96 147 116 129 67 84 124 183 180 108 33 194 97 174 199 125 175 54 120 133 152 89 122 114 72 12 87 73 174 94 28 103 58 37 24 145 153 1 186 70 139 197 24 149 161 119 12 103 101 54 138 3 155 108 99 
10 178 42 6 32 116 189 195 72 6 145 7 190 155 133 173 112 31 96 147 49 31 157 72 145 88 46 99 47 26 152 153 23 42 163 151 139 79 93 115 188 199 183 62 177 86 175 89 171 191 48 110 19 107 29 114 35 10 128 150 60 50 110 48 30 194 123 118 2 136 73 128 91 153 73 185 81 117 69 175 15 74 42 33 21 79 73 179 61 77 147 153 32 122 29 109 179 139 173 194 105 194 73 12 19 15 198 196 33 134 50 66 3 113 65 167 28 41 29 187 137 140 144 181 17 
141 5 134 92 19 136 42 147 1 169 13 188 192 110 131 115 39 121 131 113 134 95 79 119 31 117 145 153 128 151 45 5 14 158 106 147 137 104 51 41 171 138 68 168 173 120 194 44 107 63 161 113 125 106 124 191 193 75 61 180 96 112 15 182 196 119 80 67 156 147 128 45 139 120 83 109 77 96 197 151 141 124 178 131 168 19 36 27 115 175 196 108 141 167 61 102 43 10 19 27 47 110 198 155 38 51 82 31 11 158 58 39 194 160 38 72 6 148 53 130 9 125 27 40 193 
83 99 34 61 140 35 115 70 33 78 53 15 125 73 152 186 141 13 22 189 184 47 81 188 134 18 188 8 195 78 198 142 126 120 181 121 84 168 156 71 70 94 155 196 160 47 180 38 11 109 87 164 24 170 83 88 66 43 92 69 116 95 111 125 57 189 22 183 87 41 163 126 68 66 113 195 49 133 138 36 22 196 171 190 130 2 29 113 78 73 165 125 104 111 80 104 117 13 53 44 160 189 96 160 162 21 48 184 22 108 41 149 165 132 103 30 177 87 129 26 109 87 118 148 31 
46 103 145 83 44 92 53 118 172 160 69 107 59 177 22 69 181 163 53 30 50 96 95 109 53 127 80 54 136 91 47 197 68 191 122 67 29 139 142 3 62 162 66 79 117 42 117 55 130 87 134 38 161 97 153 183 43 64 128 18 33 28 186 178 62 56 168 76 116 135 38 112 62 118 151 59 76 49 150 24 2 109 124 52 57 67 90 24 106 122 176 73 168 39 47 121 114 197 37 106 159 104 11 52 36 104 193 71 133 186 45 199 89 82 10 161 122 158 12 136 41 167 183 132 77 
4 5 24 7 198 49 60 158 163 123 143 165 37 88 31 179 11 149 158 21 153 190 62 131 110 134 55 77 127 182 123 98 107 14 108 86 116 105 97 161 29 12 151 165 105 165 137 158 142 158 22 33 90 171 67 95 16 28 134 79 18 141 132 5 191 193 98 146 23 12 14 182 109 165 109 142 70 4 115 179 199 42 78 139 150 90 193 92 29 200 183 50 175 84 75 74 173 25 138 155 190 157 103 78 66 126 99 87 160 118 193 30 78 29 25 175 171 40 175 124 106 148 169 175 148 
110 159 163 164 167 101 181 109 100 197 120 123 7 84 52 125 168 183 57 187 22 18 122 140 119 176 186 70 192 54 129 16 178 27 155 32 146 163 102 185 108 166 186 125 30 15 105 123 58 95 52 148 134 199 7 119 131 193 192 28 101 47 140 191 21 67 104 187 27 58 12 117 165 99 42 36 44 150 177 173 48 102 133 177 188 41 64 101 182 183 128 54 163 99 74 50 184 143 128 32 77 197 63 70 129 116 148 66 6 30 119 142 115 52 200 124 29 53 38 196 18 158 142 141 18 
54 7 94 70 191 83 26 15 22 47 90 147 11 40 15 172 56 121 170 126 175 23 99 180 179 52 153 118 146 94 21 14 33 133 195 101 29 172 198 128 145 120 114 155 175 188 153 118 143 124 185 41 17 183 184 29 52 31 32 82 146 178 43 94 81 179 9 159 10 186 11 59 71 33 166 53 10 195 105 115 20 79 52 90 162 35 92 105 78 115 63 154 16 3 194 99 145 73 65 68 190 46 77 174 32 122 195 70 29 91 80 168 93 90 127 165 107 37 110 21 122 78 180 105 33 
83 92 9 120 153 175 64 79 67 50 183 87 186 184 76 132 45 35 186 108 82 111 181 125 108 48 7 194 66 196 35 39 173 176 155 87 152 104 81 145 180 2 32 73 165 157 58 166 30 132 54 123 99 190 100 169 44 39 112 79 45 30 83 12 67 187 52 167 57 115 120 28 162 167 187 108 32 3 177 110 89 184 109 137 65 111 155 39 79 188 171 98 183 15 160 89 48 88 94 46 83 81 77 196 28 19 119 88 190 98 41 10 91 170 130 113 175 188 63 136 76 29 158 87 36 
137 54 76 28 23 65 44 157 80 158 174 24 14 155 12 36 129 63 31 168 47 116 18 45 110 79 41 55 124 41 37 56 6 76 183 150 74 5 182 104 90 115 98 26 6 2 21 21 131 197 168 98 8 25 94 176 11 28 100 186 177 134 171 27 126 116 169 2 163 189 145 103 31 13 69 122 61 147 133 160 104 136 142 184 61 72 145 39 124 22 12 62 60 55 8 94 45 54 106 2 120 33 158 158 185 146 124 144 62 160 134 147 171 20 162 130 138 122 115 111 20 10 132 12 100 
61 43 69 105 148 145 105 66 128 173 143 10 146 35 112 115 28 147 151 125 179 117 80 37 93 97 69 36 192 78 39 89 194 127 145 82 101 16 164 165 22 199 43 130 181 69 89 121 100 157 34 184 67 101 157 96 180 178 178 126 124 65 183 10 94 154 179 55 144 47 89 2 11 93 145 73 53 13 45 146 91 178 159 15 140 153 165 59 196 149 193 158 109 140 114 47 85 80 97 106 16 35 15 84 38 156 129 133 66 117 83 136 21 52 31 165 43 88 42 75 138 76 51 44 190 
124 61 86 196 48 175 74 60 167 60 106 126 24 84 40 134 11 99 51 131 114 62 191 55 34 9 176 108 126 12 59 127 191 171 16 67 86 102 100 135 103 120 49 142 45 143 120 86 36 139 11 195 81 187 34 102 150 185 85 124 64 13 149 51 69 174 115 29 41 17 118 135 5 198 155 92 83 36 112 30 183 193 90 95 134 125 190 16 127 154 141 92 190 96 184 181 87 199 142 13 110 141 142 46 85 97 92 187 24 116 166 25 141 30 147 22 29 126 32 116 31 60 61 34 9 
200 111 90 54 1 163 12 21 48 24 182 82 120 114 189 97 149 185 135 112 102 116 79 183 63 15 9 96 87 4 91 87 74 112 142 68 149 156 109 100 110 121 169 51 122 189 54 118 180 52 52 84 62 130 134 20 32 172 62 130 113 61 133 92 165 59 156 186 196 92 48 18 79 56 192 119 56 32 72 164 31 182 91 92 197 9 17 119 160 121 14 99 176 51 5 199 59 22 46 110 147 24 77 18 69 19 38 123 65 193 116 184 176 136 69 26 124 34 123 83 93 62 181 53 181 
67 19 167 177 24 51 62 73 50 186 27 74 54 131 170 73 92 42 175 126 71 134 165 197 140 6 40 143 117 41 5 139 25 118 47 163 141 161 133 21 12 19 72 125 58 130 199 101 148 171 197 125 167 8 118 101 22 108 57 94 48 69 120 189 1 21 52 180 94 179 20 119 111 184 72 104 22 97 74 91 199 119 191 166 131 84 166 160 118 184 70 155 29 141 144 1 67 80 65 91 191 196 1 142 141 151 98 1 68 168 184 104 97 106 179 189 58 9 135 54 107 52 152 134 93 
181 131 8 186 174 133 72 125 194 167 117 9 26 40 116 82 116 89 130 182 59 3 192 190 6 199 7 1 127 76 193 131 126 131 175 141 64 76 198 54 124 83 81 113 175 136 23 107 141 61 116 148 155 181 14 17 119 149 158 68 142 105 135 101 86 193 138 48 186 132 95 69 73 109 31 64 26 56 33 87 16 27 172 45 163 199 111 91 152 127 167 153 40 186 152 94 160 31 64 91 77 15 3 131 169 164 72 160 107 140 161 16 162 137 36 26 70 199 70 161 163 54 108 67 15 
176 187 130 38 157 104 43 197 131 87 131 46 103 171 68 19 184 101 105 134 99 54 179 167 91 187 100 36 142 94 88 21 115 99 23 102 100 70 174 158 121 24 30 48 138 65 18 22 137 148 18 198 166 69 143 59 177 107 31 14 132 113 3 48 3 35 146 167 102 2 110 23 56 162 86 81 150 42 171 58 15 97 79 58 66 120 164 61 149 164 71 135 26 23 135 51 147 114 7 126 32 73 198 39 146 158 125 83 142 15 199 179 127 99 195 180 62 135 78 97 184 27 62 35 23 
179 98 24 165 100 51 71 2 153 59 184 65 118 70 38 53 9 10 145 193 71 15 26 16 191 100 50 35 166 60 55 158 82 77 65 71 138 178 6 19 100 188 45 125 121 155 185 132 138 161 150 164 135 159 112 42 90 47 174 135 155 53 122 17 53 7 88 3 5 64 188 93 65 62 5 59 72 143 147 155 74 113 65 107 82 35 153 2 110 120 88 57 62 146 142 92 140 110 187 108 134 12 146 168 141 135 156 48 115 127 199 59 14 65 51 25 124 140 82 95 191 62 27 43 79 
33 100 37 66 143 103 14 117 167 132 27 154 200 118 134 106 110 136 101 36 160 11 67 146 109 152 3 153 128 159 74 146 9 162 59 40 175 121 152 164 171 19 64 167 150 31 125 112 65 150 13 72 138 182 94 67 159 63 189 96 50 173 171 24 146 171 86 154 169 75 48 164 196 84 13 136 61 142 196 61 96 181 93 50 55 32 77 25 161 136 80 105 49 127 131 108 76 164 90 73 48 120 125 85 98 107 136 57 133 104 95 100 162 84 81 80 70 67 20 118 174 117 75 92 23 
198 69 15 80 102 118 61 143 179 78 69 68 73 187 180 57 39 60 40 170 51 10 31 100 12 154 170 163 112 190 13 150 198 95 184 189 161 184 13 51 192 102 109 101 135 21 22 111 101 161 35 93 176 147 171 69 186 126 59 24 99 162 57 71 198 111 8 74 174 113 178 73 52 6 66 137 60 68 32 92 12 86 84 3 40 108 111 64 19 50 8 127 29 150 108 42 89 81 63 21 113 144 85 100 73 40 179 126 15 132 96 168 4 176 71 43 46 108 26 23 154 131 79 131 74 
133 60 7 82 147 70 16 40 147 177 89 37 64 174 198 198 148 102 85 79 68 137 1 198 79 143 109 181 45 20 69 136 58 18 158 169 73 109 41 32 143 163 13 166 89 175 101 42 19 1 1 105 162 69 25 155 128 17 136 70 196 52 69 69 8 144 130 98 172 79 2 150 70 93 24 68 98 55 74 107 190 82 66 21 69 136 93 24 123 121 197 148 139 122 133 185 197 175 72 30 20 68 24 64 12 111 109 9 82 167 7 152 153 30 79 118 13 31 88 163 37 29 133 114 79 
133 41 54 14 47 58 26 39 176 91 122 34 45 109 134 84 114 189 6 80 135 21 160 89 34 36 55 24 147 150 167 145 114 84 193 43 10 87 124 160 180 79 13 64 14 168 164 10 15 36 48 124 80 157 189 189 186 180 68 195 38 194 40 30 155 68 156 51 136 15 80 63 188 121 80 56 15 173 85 146 106 118 191 85 187 197 148 113 23 98 198 4 148 47 159 64 167 83 92 10 52 26 158 101 176 124 84 110 96 106 193 175 124 42 138 20 20 96 58 50 46 103 134 173 2 
17 166 132 145 147 132 104 149 170 33 95 105 147 94 60 199 136 128 171 156 169 57 49 13 54 131 4 53 62 120 26 87 180 151 99 101 32 136 115 100 87 188 128 117 102 6 75 133 124 145 106 52 54 86 38 115 185 151 178 9 178 7 118 194 22 186 152 7 197 126 103 58 83 183 47 143 15 111 106 16 80 164 166 75 78 143 105 70 129 118 42 154 40 95 155 172 1 138 181 31 27 154 162 6 67 116 136 176 118 147 65 168 107 156 30 14 53 196 72 101 155 162 48 7 27 
91 80 12 12 48 171 87 141 158 153 155 29 192 154 151 185 128 183 78 115 95 65 161 30 26 184 67 91 83 195 1 94 62 58 67 13 111 10 52 81 10 105 200 4 102 110 183 99 46 132 68 4 188 55 126 36 190 96 171 103 140 106 81 12 65 54 33 82 19 111 98 19 137 71 190 188 165 194 16 67 135 197 48 116 160 154 95 90 102 127 71 113 132 186 199 117 180 150 129 159 183 69 97 118 130 51 100 183 185 106 105 3 2 81 37 141 145 101 6 141 11 165 60 151 168 
173 154 102 198 140 188 124 176 113 15 77 60 155 152 28 87 139 168 181 11 131 43 141 152 112 142 106 78 27 126 153 63 83 111 67 110 54 118 189 101 66 39 18 133 148 4 117 171 176 156 8 84 164 114 42 136 179 138 61 143 134 160 152 166 125 151 49 155 193 154 97 33 70 146 121 104 149 137 176 159 187 54 174 189 39 18 133 110 41 98 87 24 176 117 182 95 134 80 61 173 111 178 92 79 19 42 29 109 66 92 41 131 59 130 86 190 96 70 162 168 82 156 174 68 97 
122 114 155 107 137 20 192 136 39 6 8 158 117 26 188 165 114 165 23 174 135 131 161 171 27 110 100 138 150 94 91 27 64 49 166 176 99 179 50 34 76 24 44 175 83 178 168 132 136 26 140 155 37 107 54 46 149 2 170 25 192 48 73 88 36 96 153 35 14 78 44 75 163 170 64 160 88 32 109 157 166 28 26 5 7 38 149 9 24 99 55 139 175 58 17 189 90 118 34 15 81 123 157 168 152 192 102 169 82 103 61 82 99 78 20 63 72 126 151 151 121 164 111 196 113 
117 81 67 149 137 124 168 40 79 113 111 66 55 44 188 149 158 117 69 65 29 19 71 87 145 47 26 148 105 151 10 142 32 57 76 75 128 188 90 81 12 173 25 54 150 92 67 124 15 162 86 19 2 103 116 44 123 124 182 11 137 12 155 189 124 73 118 178 24 9 78 23 68 59 16 156 119 71 9 186 89 71 47 129 116 163 1 6 83 84 33 55 113 40 90 144 50 17 111 103 59 134 166 174 52 186 26 24 160 135 40 36 185 15 124 145 97 14 74 96 60 5 98 190 103 
22 91 89 5 162 122 24 164 145 51 39 114 91 189 35 29 55 99 97 3 34 81 145 9 90 148 4 27 125 64 104 172 120 37 52 156 62 155 119 90 161 48 37 6 118 28 182 69 60 132 120 94 183 110 118 73 3 133 176 158 155 184 167 191 101 12 51 172 86 117 169 52 141 50 94 101 106 72 18 92 89 96 174 138 72 186 194 36 132 55 131 25 186 163 38 43 17 29 146 30 81 69 137 108 151 71 140 109 196 40 17 50 79 11 31 85 171 163 123 179 61 27 175 60 171 
158 118 70 22 183 141 33 44 168 165 73 157 6 12 130 173 53 3 73 167 84 37 193 103 3 13 28 7 92 143 97 20 160 183 34 99 53 160 160 178 106 163 164 145 89 197 69 189 178 184 187 22 71 191 122 152 42 34 113 86 184 96 142 181 101 17 75 34 153 57 167 8 171 90 172 142 20 136 114 186 108 75 148 198 23 60 125 84 122 6 82 184 81 74 83 133 73 173 115 87 15 149 138 32 46 109 151 51 60 106 159 5 161 81 127 189 135 16 117 3 71 32 122 50 70 
82 135 45 113 194 117 28 6 131 22 197 99 149 153 50 25 194 113 81 61 64 25 23 47 81 140 199 45 114 4 101 16 160 156 113 186 105 162 79 158 174 3 81 9 5 140 89 124 87 13 41 165 191 48 152 1 87 160 56 27 42 108 58 30 132 73 48 75 197 198 81 55 126 162 67 63 175 2 67 111 166 43 196 25 191 127 77 47 91 148 195 123 78 43 19 5 9 103 179 159 116 19 30 108 185 140 91 11 142 157 33 76 159 106 3 151 188 169 106 137 121 152 95 20 134 
133 5 155 166 14 145 69 12 104 195 27 20 20 81 69 13 68 107 114 45 37 154 51 149 50 184 54 20 88 75 123 161 108 128 106 135 193 111 197 173 163 155 36 56 45 121 77 151 113 199 167 186 178 139 85 76 93 174 165 182 181 152 176 19 70 46 104 191 113 96 55 16 31 85 143 195 64 140 49 124 164 189 99 137 22 120 108 158 176 132 77 172 197 117 160 151 34 121 144 64 3 59 53 93 58 192 76 27 156 86 191 37 151 129 34 82 98 97 29 89 119 120 56 108 123 
155 95 60 69 14 127 77 6 6 51 151 137 95 32 164 132 155 85 16 83 87 36 45 35 43 126 76 106 92 146 24 169 169 195 136 81 98 49 69 100 127 158 123 18 8 14 130 95 143 33 177 101 127 44 186 61 10 64 114 1 116 83 77 112 104 99 129 13 39 136 154 169 174 169 66 35 67 11 138 131 181 129 47 134 7 115 28 52 41 47 177 26 132 78 132 59 72 168 92 142 103 85 153 36 184 195 29 159 134 193 176 10 146 162 200 142 125 108 72 75 126 192 76 192 60 
88 139 185 161 171 169 88 196 67 192 18 43 70 67 96 40 100 150 35 147 90 124 111 6 109 65 63 36 129 13 122 119 142 19 44 57 104 53 131 61 99 143 142 177 15 193 105 154 32 99 65 7 98 134 116 24 87 35 45 67 146 105 100 138 40 110 167 176 50 190 105 168 5 74 123 186 137 126 5 33 171 15 180 63 18 170 64 159 94 160 57 190 168 116 166 80 154 71 152 18 95 146 28 7 15 36 43 122 53 2 1 198 172 107 88 157 39 15 179 61 197 99 192 15 106 
169 122 153 138 150 101 52 123 48 41 34 11 27 89 78 112 20 116 47 126 110 66 43 98 161 104 22 134 98 22 61 51 115 50 167 53 41 128 91 50 200 77 142 195 176 102 25 15 82 55 148 102 118 199 8 71 129 131 105 135 161 45 98 111 170 62 99 174 16 45 55 195 146 177 50 128 149 122 47 113 191 163 103 107 28 36 56 120 55 146 83 87 66 63 71 105 5 15 151 167 140 11 40 170 155 34 147 170 182 154 50 80 156 156 15 193 138 129 50 187 1 14 111 26 180 
167 16 123 69 146 3 102 103 159 158 105 131 190 23 86 122 28 197 33 107 123 100 187 5 169 162 28 4 33 23 46 44 83 192 137 162 172 150 122 37 143 121 118 101 153 128 137 14 53 78 55 60 12 130 162 183 139 177 156 3 66 125 39 167 128 186 198 86 110 143 131 21 177 187 160 163 149 133 129 147 118 17 111 175 194 37 155 118 64 184 65 193 155 130 187 17 132 3 110 23 82 156 73 151 80 23 191 75 73 100 7 27 71 129 65 58 19 156 113 123 48 62 85 131 69 
199 21 195 199 92 169 192 134 41 26 40 57 96 172 124 151 19 186 47 112 138 121 5 38 189 137 175 144 192 87 190 63 169 20 27 123 42 108 113 78 69 133 151 137 28 137 74 19 65 27 33 12 87 169 128 153 145 162 80 18 62 157 80 178 179 121 111 113 1 196 38 67 91 104 117 7 177 154 97 105 99 46 194 62 77 10 56 18 49 61 192 39 151 178 88 107 200 135 114 100 156 35 115 138 198 192 46 29 158 68 75 154 122 144 110 151 78 129 150 16 118 27 174 171 100 
90 200 80 39 142 156 138 29 15 153 76 84 147 26 103 200 154 165 124 50 32 199 90 21 162 98 34 98 2 200 163 156 40 180 194 187 78 112 150 193 67 76 186 57 1 67 11 196 80 157 129 38 33 200 172 68 11 2 90 132 13 36 100 108 63 105 59 141 127 129 134 32 191 169 26 82 66 39 102 182 4 81 180 6 84 34 29 169 181 155 2 90 62 14 133 127 126 104 18 87 84 91 64 123 45 159 133 12 31 59 138 102 124 120 200 200 110 111 89 47 12 165 105 12 138 
86 105 97 193 126 40 69 174 52 199 47 5 9 37 11 32 82 15 115 24 58 179 144 25 154 98 71 120 29 139 125 143 93 83 107 18 67 76 185 103 42 198 140 13 46 79 31 163 90 141 75 130 199 97 26 156 198 160 135 43 172 75 8 43 16 188 180 36 106 19 192 100 119 44 121 155 93 110 18 69 82 39 192 82 96 118 18 28 17 176 104 168 109 173 147 170 194 5 21 55 23 178 191 3 142 172 179 30 98 73 198 41 87 87 89 78 195 12 6 167 32 63 134 184 48 
147 41 23 135 153 16 93 27 120 22 85 101 75 97 36 119 26 82 100 4 109 63 153 195 108 166 22 54 75 15 66 112 85 191 83 105 62 49 197 70 90 132 98 108 156 6 107 44 167 53 54 199 86 151 36 129 48 196 87 192 86 70 50 15 114 163 53 51 25 157 59 110 119 73 66 25 80 143 124 3 91 23 119 44 117 34 75 52 151 73 25 140 67 104 176 40 112 33 65 145 195 95 64 176 17 175 73 114 154 149 68 30 73 22 111 10 179 142 152 151 131 28 82 85 154 
103 90 132 23 156 153 127 122 167 122 75 68 135 52 115 98 78 113 96 98 89 167 41 16 59 147 112 69 164 65 110 190 109 69 54 23 101 97 30 185 124 149 23 24 64 165 6 199 56 20 61 68 29 133 28 33 124 45 77 56 94 55 42 96 114 52 39 114 135 77 27 136 197 39 67 191 88 18 197 178 92 10 140 132 185 107 2 44 130 167 72 36 101 6 70 2 73 126 178 72 22 77 144 100 40 153 66 67 57 45 104 96 143 12 66 192 53 87 49 161 93 115 87 95 40 
101 117 84 138 28 139 174 118 73 64 69 57 90 1 183 169 172 51 139 42 48 185 18 192 197 99 105 148 198 167 99 144 24 52 40 15 156 167 113 12 108 80 58 3 79 87 136 83 100 167 43 18 21 164 20 195 151 21 162 134 4 14 71 188 69 98 30 2 65 101 153 107 58 10 46 148 98 117 113 161 3 47 9 191 160 9 52 139 92 19 120 107 165 133 188 120 194 181 71 99 88 103 127 61 129 7 106 36 134 27 142 143 193 78 6 76 102 197 83 142 90 132 47 59 72 
149 38 183 72 98 21 160 14 173 189 30 76 40 182 34 124 57 2 40 172 142 149 8 115 125 102 93 73 36 38 152 143 129 50 86 109 59 115 48 148 61 47 156 178 116 93 179 22 102 181 39 173 194 196 100 152 164 22 199 196 137 27 25 44 163 134 32 36 29 113 177 185 74 29 87 162 153 146 71 72 65 114 95 114 117 166 39 97 31 55 168 99 162 46 15 38 114 46 142 73 164 73 124 87 74 172 55 130 104 141 105 182 61 15 116 152 183 192 162 52 37 49 113 184 115 
97 31 159 99 196 16 115 190 196 133 62 83 31 87 20 130 21 133 68 49 97 113 71 16 60 160 38 100 188 127 175 175 60 152 66 72 92 23 186 84 125 46 53 124 47 37 77 157 95 61 137 119 8 37 90 148 45 43 71 134 136 53 145 34 167 152 116 150 14 67 7 103 54 132 107 143 20 175 106 82 122 143 103 33 29 108 87 146 25 74 127 136 100 5 172 187 119 132 35 65 140 16 38 51 65 9 90 74 28 48 182 88 122 171 199 31 71 69 125 12 107 151 55 200 91 
122 37 88 118 22 55 72 37 37 90 71 42 151 59 37 94 145 7 139 185 9 35 12 119 135 168 116 55 9 183 70 53 143 115 183 58 185 125 21 99 31 176 21 118 186 118 180 92 168 14 151 64 177 127 2 126 130 45 108 46 116 81 197 52 47 160 185 102 26 68 153 53 165 149 49 79 199 88 188 46 159 157 178 58 196 58 103 21 110 154 16 190 198 181 191 14 106 108 126 179 29 32 35 29 83 77 150 64 48 79 93 161 85 161 90 2 46 186 19 49 125 176 99 190 184 
