125 6
0
1
1 5 132 797
2 9 79 9
3 10 54 10
4 46 138 322
5 55 158 371
6 69 97 457
7 79 168 415
8 86 116 1014
9 109 111 331
10 112 59 584
11 118 173 118
12 123 171 123
13 130 170 130
14 173 116 405
15 198 181 1646
16 205 187 579
17 214 35 354
18 225 187 1347
19 233 87 59
20 265 78 265
21 294 13 268
22 309 150 9
23 338 84 842
24 345 62 593
25 399 135 129
26 412 130 1452
27 417 99 219
28 439 82 439
29 445 105 1285
30 473 74 473
31 484 74 632
32 485 168 1157
33 562 31 624
34 580 140 300
35 631 192 1015
36 666 24 714
37 720 176 2128
38 740 122 496
39 745 63 1123
40 758 178 1114
41 835 168 835
42 861 190 861
43 868 19 868
44 872 196 1656
45 873 24 825
46 880 140 2000
47 914 131 914
48 919 112 1815
49 946 172 1634
50 967 129 967
51 971 186 971
52 982 15 1012
53 982 120 742
54 985 81 1633
55 988 23 1126
56 1003 157 1317
57 1055 97 1443
58 1057 43 1401
59 1090 138 1090
60 1150 179 2224
61 1172 79 1804
62 1175 56 1623
63 1190 192 1574
64 1214 137 1762
65 1218 38 1218
66 1231 129 1231
67 1240 120 2200
68 1249 150 2449
69 1290 50 1690
70 1305 107 1519
71 1320 122 1320
72 1327 69 1327
73 1340 73 1924
74 1386 62 1634
75 1416 157 2672
76 1426 29 1658
77 1439 13 1465
78 1471 67 1739
79 1474 120 1714
80 1479 91 1843
81 1514 7 1556
82 1517 18 1517
83 1520 44 1520
84 1536 167 2204
85 1554 5 1544
86 1556 172 2244
87 1598 119 1360
88 1682 30 1742
89 1702 144 1990
90 1723 191 1723
91 1726 133 2524
92 1757 200 2557
93 1759 89 2471
94 1800 135 2610
95 1804 98 2392
96 1814 177 2876
97 1871 144 2159
98 1871 86 2387
99 1902 40 1902
100 1905 173 2943
101 1926 160 2566
102 1932 54 2148
103 1995 93 2367
104 1999 40 2319
105 2039 112 2263
106 2084 86 2772
107 2088 99 2880
108 2098 24 2050
109 2113 3 2125
110 2126 79 1968
111 2189 190 2949
112 2191 196 3367
113 2282 184 3018
114 2291 186 2291
115 2302 145 3462
116 2334 178 1978
117 2345 31 2593
118 2363 164 2363
119 2363 126 3371
120 2397 84 2901
121 2445 91 2263
122 2455 5 2465
123 2458 7 2514
124 2461 167 2795
125 2498 57 2612
130 133 187 49 32 173 70 131 171 62 5 196 70 125 54 41 155 188 177 138 126 3 85 46 169 81 151 191 126 54 155 11 64 23 89 153 184 117 89 100 113 47 140 37 111 79 193 111 157 145 30 68 6 156 74 4 76 9 194 109 183 163 13 127 11 182 185 194 66 112 23 16 194 65 54 188 125 49 13 110 12 45 180 192 162 14 43 153 183 8 113 104 65 74 71 85 132 59 80 200 163 145 42 2 26 167 175 7 41 199 25 186 140 177 63 197 172 191 139 145 12 19 42 67 176 
94 33 138 178 198 28 141 168 2 24 128 5 20 97 150 59 153 162 112 114 63 191 124 97 63 69 40 113 172 153 58 81 115 153 141 22 81 19 32 106 28 27 30 21 90 118 77 192 25 171 31 41 195 136 137 144 147 76 35 53 117 127 75 73 170 120 172 185 181 80 199 79 148 23 164 192 112 46 179 69 17 5 139 37 15 105 46 23 172 84 109 94 113 160 95 37 140 41 156 35 180 195 14 94 119 168 78 152 189 180 119 49 152 70 120 26 195 89 78 62 185 104 34 34 179 
146 161 44 171 43 121 112 20 111 187 133 110 120 22 36 97 15 11 148 94 133 192 135 194 3 67 177 72 27 172 146 40 148 109 95 90 26 7 189 198 156 138 48 153 139 28 65 179 199 149 170 17 197 16 163 121 146 133 167 129 15 125 31 79 51 155 34 59 80 159 175 105 154 88 152 160 8 135 171 97 9 129 138 31 62 116 171 125 48 10 19 165 70 197 1 156 177 135 170 68 123 190 19 183 135 81 175 58 178 38 14 21 98 194 27 193 135 31 97 14 146 117 11 61 39 
184 197 79 59 164 116 75 174 44 42 103 9 75 27 23 47 42 18 7 28 113 179 45 111 95 124 112 63 39 79 99 124 54 121 41 116 73 139 113 67 35 14 63 9 13 151 21 163 93 45 54 88 200 181 161 27 97 139 176 80 27 151 143 134 155 82 71 170 166 14 53 152 143 105 199 158 10 58 152 5 32 164 60 80 187 125 65 42 159 132 111 120 100 29 42 151 82 54 137 138 175 130 145 17 143 26 191 152 150 82 58 164 33 58 68 7 177 110 113 57 122 34 92 97 56 
27 72 91 5 51 56 197 92 148 66 140 27 156 149 57 39 15 192 4 124 16 98 155 168 66 122 183 142 189 2 177 132 88 184 21 58 127 20 177 90 48 171 41 200 60 190 19 98 134 129 189 190 16 142 111 165 157 126 165 63 87 72 72 79 174 99 50 46 172 190 16 4 134 121 60 63 53 72 183 126 47 180 68 171 46 125 51 152 104 173 136 64 75 142 127 85 57 4 114 128 6 188 54 134 107 180 28 114 63 102 179 150 68 142 30 195 173 115 160 151 121 173 45 167 40 
38 75 121 64 93 106 116 16 156 164 68 115 168 157 104 39 6 27 187 76 19 189 166 111 106 159 178 8 165 125 87 71 112 193 136 181 90 178 51 19 58 107 160 52 77 180 39 38 63 48 55 5 144 77 161 158 158 148 39 119 53 49 84 74 138 135 2 156 144 166 28 5 30 101 185 68 33 188 164 60 170 9 154 9 58 163 119 142 139 110 5 134 76 82 68 143 113 199 95 111 37 135 198 131 53 173 6 195 117 192 23 46 121 195 171 8 92 143 143 102 4 181 151 29 63 
45 31 50 164 143 46 40 40 45 34 75 164 120 108 156 117 53 184 68 95 52 33 145 4 113 43 86 137 115 44 174 105 96 25 136 107 154 43 44 158 185 199 189 16 19 181 127 58 28 114 176 200 151 110 44 149 88 20 44 128 48 11 130 68 165 107 8 58 43 166 107 15 28 40 18 135 148 93 91 13 85 184 192 92 117 133 56 54 63 165 20 168 118 26 184 41 162 124 13 3 172 76 73 119 142 79 70 71 21 151 164 15 40 124 111 26 158 53 127 110 71 41 62 100 18 
114 175 91 126 185 173 181 136 86 138 67 162 193 67 45 150 171 23 30 169 82 3 18 172 148 135 44 184 44 106 76 4 6 189 127 80 180 172 80 48 33 159 180 19 108 199 141 87 26 158 101 164 200 141 176 184 197 70 115 139 179 129 119 126 173 78 111 49 31 50 197 9 194 137 15 159 162 114 155 46 189 126 26 1 56 124 61 136 13 33 4 97 197 169 72 132 121 193 88 117 150 15 74 67 143 113 51 138 71 180 37 5 49 28 62 23 92 27 78 18 87 80 75 49 93 
81 89 75 41 115 162 123 175 45 64 156 170 142 192 67 73 104 4 20 182 15 102 71 119 143 55 144 131 20 131 116 37 132 158 104 100 71 200 147 44 77 87 184 90 141 13 160 191 29 165 125 4 124 156 41 17 28 62 10 151 187 79 168 2 107 111 194 70 167 37 97 171 26 162 75 76 152 171 65 122 168 80 117 19 178 17 3 23 138 87 177 56 192 131 161 192 25 83 108 164 101 59 13 55 142 7 70 59 113 160 81 131 156 160 152 57 181 146 15 148 124 190 86 54 69 
2 99 60 125 12 15 143 55 191 57 156 67 44 21 184 73 17 73 5 34 150 136 176 55 88 13 122 60 124 1 121 60 182 120 172 66 168 124 4 9 16 113 74 84 192 100 3 16 165 131 140 176 100 108 147 145 58 37 32 9 103 136 152 157 198 194 121 1 183 15 16 157 165 72 89 176 163 115 190 42 74 23 90 123 27 88 100 156 150 50 52 77 158 53 7 183 141 14 95 194 111 3 152 123 151 163 162 177 93 184 182 111 140 65 141 117 31 39 114 71 106 197 197 153 71 
197 63 150 19 35 36 57 4 192 155 159 178 83 27 106 91 52 1 23 62 39 163 113 129 163 156 190 104 158 82 43 37 19 100 20 81 145 166 28 155 117 62 174 183 197 110 126 22 151 1 116 27 89 134 82 149 23 39 130 15 173 18 108 93 72 103 38 72 18 7 169 63 191 122 124 122 106 183 161 117 33 91 60 197 80 13 53 97 17 160 184 145 90 101 183 193 114 19 97 29 194 74 126 66 193 120 15 107 185 168 161 37 130 194 147 57 61 105 17 167 57 78 149 89 135 
88 98 178 54 77 68 85 118 65 85 196 88 99 4 119 13 24 161 139 153 153 61 47 2 180 128 92 191 147 135 141 85 186 69 163 91 42 128 76 87 113 197 137 196 138 7 91 119 169 14 140 200 83 92 92 145 11 5 154 21 102 155 87 149 145 60 65 156 199 193 122 159 157 149 65 2 131 74 85 28 2 164 51 98 171 5 154 64 156 44 16 72 168 192 42 182 169 62 106 30 20 109 108 55 94 156 75 93 188 189 77 52 4 114 49 11 18 72 70 53 86 76 9 140 181 
29 62 87 151 166 127 12 127 164 5 102 197 67 166 173 150 82 40 152 12 73 180 180 21 15 135 14 7 198 194 192 20 48 40 104 39 146 36 26 100 158 53 59 24 193 106 54 36 94 176 152 96 41 10 117 19 103 185 147 13 161 93 107 44 126 28 117 81 60 186 199 111 199 27 45 189 76 177 118 112 93 164 31 105 5 64 111 73 13 25 104 185 68 48 118 194 51 33 200 44 41 188 119 163 24 19 121 159 181 99 114 46 172 92 173 118 111 63 184 2 63 86 39 128 184 
78 98 43 12 134 65 126 21 78 12 41 46 78 66 25 159 94 5 105 45 186 64 171 197 42 171 191 137 165 15 162 30 107 190 5 101 50 75 51 155 124 134 55 161 58 155 31 118 56 181 54 161 108 185 26 92 161 39 18 133 54 55 10 43 32 89 123 171 24 4 158 46 104 132 35 68 169 77 70 186 190 14 198 87 137 149 102 104 189 78 172 188 52 183 112 174 123 141 168 84 116 4 31 35 75 18 181 93 107 79 43 198 127 2 120 40 191 47 59 71 187 172 97 191 140 
149 166 152 122 92 129 43 15 149 75 71 186 86 12 57 106 149 42 52 68 177 68 146 133 3 34 40 61 129 117 149 167 172 175 30 43 133 169 85 160 13 31 168 175 189 19 185 104 97 166 93 139 133 55 101 134 156 10 26 108 179 47 31 64 98 161 55 84 31 105 91 66 127 190 41 144 19 87 135 72 145 170 133 69 143 99 186 189 115 83 181 6 65 67 114 47 186 17 142 68 110 20 132 154 120 139 85 33 121 114 176 62 200 106 23 35 16 100 109 23 105 29 177 114 72 
94 124 95 70 138 31 47 120 28 129 107 98 51 117 8 80 199 59 118 128 134 60 81 4 43 111 74 122 152 37 32 128 162 177 166 36 57 160 82 34 53 132 158 117 186 30 185 88 91 173 199 129 125 137 103 56 44 22 50 46 159 30 85 59 149 188 19 101 127 17 108 177 154 62 181 162 34 73 65 64 143 109 112 189 40 112 40 125 118 34 48 76 165 170 73 188 134 185 140 18 34 99 53 192 38 112 133 133 150 10 194 37 80 46 91 46 88 72 105 129 158 111 120 165 112 
37 66 6 87 76 132 182 131 156 93 172 118 30 164 78 128 91 162 1 186 59 96 20 68 174 39 37 122 96 135 78 188 85 44 86 171 25 80 63 187 153 94 145 85 134 61 66 37 135 133 180 87 163 4 112 130 23 197 79 15 6 39 14 44 21 23 64 160 64 159 161 192 98 200 145 52 103 169 195 43 163 97 158 47 113 172 9 110 39 161 147 187 14 12 36 158 161 185 10 190 89 52 14 200 27 3 130 14 11 84 178 183 97 106 162 189 52 28 31 111 6 69 193 131 48 
115 187 135 164 101 44 153 22 14 176 91 45 87 12 9 164 68 64 100 135 66 93 187 72 179 53 58 156 92 152 155 183 5 60 146 199 89 49 80 77 1 10 5 163 123 153 35 73 80 148 149 37 117 199 165 12 67 52 74 149 60 32 10 29 43 1 154 25 54 5 104 19 151 53 9 125 117 44 36 65 175 3 153 200 29 197 111 108 35 39 57 47 170 43 21 46 199 116 19 71 13 156 145 28 45 74 159 175 28 166 96 92 7 4 197 145 23 90 162 179 69 73 27 125 113 
105 188 31 197 183 165 123 152 177 79 15 182 45 100 167 64 62 79 192 54 73 173 14 116 161 133 84 60 171 133 27 177 95 61 119 44 142 94 192 111 144 173 70 22 60 3 150 86 80 83 148 78 85 24 76 4 33 167 89 192 143 50 74 156 31 58 171 67 196 163 18 84 194 77 6 128 49 58 154 103 88 83 47 111 41 5 126 124 197 65 120 47 85 164 81 92 178 98 39 4 49 69 78 106 117 102 149 32 138 21 50 34 127 45 181 193 21 70 65 69 32 38 2 62 89 
39 169 120 77 45 22 86 179 197 111 43 122 191 178 51 129 146 193 97 76 75 167 10 117 40 104 44 73 95 168 147 174 21 90 159 35 170 163 38 18 99 194 191 59 25 157 166 130 69 79 131 116 80 12 152 129 138 153 141 100 76 115 20 197 61 88 133 79 95 100 28 63 40 75 138 166 79 154 104 100 86 199 87 67 120 183 70 38 142 25 197 3 25 140 182 174 110 95 33 102 26 147 172 88 101 158 78 102 137 25 19 160 102 124 47 106 165 15 185 184 39 5 198 62 126 
42 69 139 60 52 16 27 105 103 54 87 180 125 49 192 5 121 98 13 75 131 136 18 124 139 185 37 14 61 34 45 54 164 1 67 171 13 39 124 19 39 139 168 184 2 193 28 127 79 62 59 28 126 15 136 161 200 173 198 74 12 152 22 133 14 110 23 4 104 163 141 146 187 73 26 130 195 137 64 191 125 36 57 166 199 38 98 114 171 111 136 15 134 85 194 157 181 159 20 98 39 113 32 103 151 163 158 182 58 77 193 119 47 166 9 93 117 76 7 106 166 40 83 195 69 
19 195 110 35 100 31 110 77 51 71 148 67 118 13 198 186 138 40 27 122 94 95 131 133 3 110 63 13 94 48 66 80 200 167 50 52 174 111 6 162 101 145 67 185 154 53 63 33 181 64 187 160 192 11 8 95 53 184 33 73 123 197 116 169 26 42 63 170 197 199 63 156 149 175 146 141 55 196 9 66 183 167 124 87 155 24 189 182 121 130 31 16 200 190 45 16 29 91 34 183 104 160 75 81 182 180 171 10 196 72 130 79 22 186 66 59 129 43 151 195 184 139 55 92 135 
178 198 42 184 15 89 159 112 186 43 125 10 10 29 50 26 74 122 169 121 46 118 181 52 106 185 119 121 18 27 135 70 107 175 173 8 7 140 98 77 167 41 138 113 132 83 86 94 170 125 158 88 4 32 58 129 157 4 172 190 67 102 82 41 13 125 177 48 35 116 60 173 144 17 137 168 86 160 67 178 2 52 45 35 44 178 69 113 139 65 96 70 179 196 175 77 115 170 87 76 28 192 114 117 39 177 176 116 12 54 166 44 14 147 36 127 41 193 122 141 71 200 8 147 128 
22 171 120 121 150 186 52 90 147 71 116 134 119 44 53 15 70 116 142 159 68 49 180 136 128 160 148 154 64 151 54 130 45 100 111 83 80 52 144 58 119 46 78 175 40 72 100 89 115 112 160 14 65 107 97 16 134 87 152 132 86 102 166 38 188 57 147 10 75 49 158 128 115 150 176 38 105 8 126 5 198 132 193 26 199 119 132 166 3 190 197 40 18 114 56 60 66 14 61 124 30 163 89 5 167 151 96 28 189 141 34 17 88 195 185 102 166 92 157 50 15 71 49 110 71 
87 135 32 49 85 100 192 39 169 64 82 53 134 48 16 46 117 97 109 34 94 160 175 96 4 200 1 145 23 58 114 123 88 127 62 38 18 151 167 43 29 49 23 180 143 187 4 90 133 50 169 11 182 194 188 136 179 6 74 94 199 2 39 36 17 121 189 88 185 18 127 184 18 171 67 173 197 141 194 179 94 174 121 128 153 96 117 104 175 68 105 180 46 198 172 104 66 18 8 4 30 133 70 109 164 105 190 174 12 22 14 156 77 48 121 19 154 174 36 176 118 40 40 94 128 
167 6 106 153 193 89 116 15 60 118 78 101 67 80 198 200 30 2 39 187 19 167 121 145 51 165 121 154 196 66 25 83 82 146 4 144 59 189 104 53 155 122 79 163 199 132 106 129 162 72 98 183 160 101 117 22 8 139 87 121 77 178 23 5 159 91 42 46 128 179 110 59 57 150 74 32 48 108 93 61 28 47 115 177 72 120 109 89 200 95 28 26 199 22 168 161 128 16 200 139 108 194 182 9 92 51 82 18 6 27 127 99 41 142 95 132 27 186 200 198 118 86 129 185 26 
140 5 158 172 75 5 58 16 131 60 91 105 36 181 15 18 162 195 119 194 24 138 157 49 38 171 191 178 117 87 83 152 3 7 121 19 184 155 106 160 12 64 13 124 120 21 184 55 189 49 80 68 77 11 82 193 160 82 164 107 131 41 126 111 150 116 129 100 153 47 89 166 149 22 21 48 177 193 9 160 14 112 2 154 49 140 1 42 35 145 172 22 138 52 145 97 53 136 192 112 114 76 27 176 164 106 153 127 15 4 137 56 65 25 119 36 194 200 96 163 142 96 180 58 62 
3 1 15 143 75 190 2 148 1 32 51 60 115 64 94 96 36 193 64 158 124 178 186 119 11 137 110 60 149 10 39 31 38 40 155 25 107 119 81 7 66 61 120 138 85 50 14 31 10 127 151 2 156 171 60 73 170 127 19 86 1 88 183 70 143 174 45 196 110 54 143 175 2 163 110 69 151 86 28 31 41 89 62 179 119 150 83 100 132 140 170 66 171 9 132 75 192 186 164 110 156 161 26 85 83 77 69 125 179 71 129 39 32 20 173 122 191 179 186 85 73 76 39 95 193 
52 106 76 156 160 106 121 145 111 146 199 16 99 36 22 43 61 74 125 97 32 26 91 33 64 33 176 163 189 112 185 92 167 144 137 43 8 118 156 140 197 179 152 160 95 171 178 83 12 37 65 188 169 96 120 185 130 167 187 107 169 41 24 52 96 122 191 81 113 184 77 56 49 93 191 27 178 16 68 39 39 32 144 169 105 173 59 79 121 136 142 16 190 112 176 108 21 104 181 51 182 200 179 78 127 143 32 25 50 108 4 171 111 143 108 120 124 10 68 29 24 97 129 13 78 
194 19 91 147 91 80 160 147 174 126 59 86 129 88 109 113 135 180 187 74 19 174 139 182 44 155 179 151 157 158 82 73 171 3 64 106 179 61 125 94 159 183 96 152 180 34 183 19 175 176 71 174 84 36 62 186 66 135 151 88 154 185 84 125 135 32 170 73 81 93 13 97 191 176 88 199 9 165 120 152 15 176 44 9 192 78 58 169 126 144 13 13 53 28 13 65 129 166 57 198 118 136 7 63 160 44 13 76 146 91 112 68 143 37 145 80 109 56 183 127 80 6 146 86 196 
158 168 126 123 98 50 29 126 5 65 35 30 99 9 67 145 62 27 46 85 112 65 175 174 157 31 92 158 48 165 93 26 42 35 47 182 150 83 34 197 180 75 151 144 119 22 121 72 172 10 146 127 48 76 172 78 68 2 138 116 176 96 83 142 174 28 122 135 176 5 105 90 46 195 68 192 39 179 191 83 2 7 100 83 152 29 155 65 184 175 108 32 195 180 181 8 39 107 93 86 36 110 180 61 92 66 146 83 198 117 144 127 69 32 128 116 66 130 23 169 116 174 177 109 85 
8 168 199 34 6 148 197 164 53 140 39 100 30 67 194 59 18 9 1 61 160 28 53 171 113 118 8 154 14 81 109 123 160 90 135 175 8 37 185 100 21 17 84 111 155 6 196 36 47 44 75 108 70 177 176 102 51 144 153 147 191 153 131 140 144 150 22 172 17 74 169 161 136 114 138 167 39 59 126 200 40 99 149 87 97 126 5 83 132 121 54 77 82 185 177 173 65 183 126 69 118 79 52 112 58 41 37 107 166 118 8 92 19 56 35 102 141 59 167 2 129 158 10 122 27 
101 54 71 70 147 65 4 173 62 36 107 49 5 142 161 27 45 196 94 193 86 89 180 184 54 151 118 147 179 166 65 192 5 32 176 195 167 109 58 48 111 144 79 58 134 107 10 29 75 192 131 52 191 96 5 14 111 61 199 198 5 110 85 138 179 11 188 91 155 69 4 98 17 133 9 69 96 194 160 88 151 170 84 12 160 192 52 59 184 44 11 29 127 72 28 80 176 44 133 127 27 120 116 180 171 191 7 28 8 181 99 187 113 101 4 181 16 101 40 108 117 197 141 90 16 
1 77 180 186 94 47 181 80 163 118 134 23 12 151 200 179 41 120 61 86 52 28 93 170 148 7 194 34 50 83 47 188 167 193 171 42 188 47 114 186 135 141 63 23 12 172 165 95 48 7 152 111 166 90 90 149 44 100 10 75 200 172 50 125 53 34 77 10 25 103 172 26 25 189 48 66 95 69 101 47 120 19 154 154 193 95 71 111 189 106 71 23 60 105 23 194 132 2 93 143 22 45 176 93 155 5 151 32 17 173 76 37 82 114 90 95 198 165 39 119 186 145 157 24 172 
26 196 128 73 22 47 40 192 122 92 191 129 109 47 80 152 14 8 37 116 52 144 18 32 107 3 12 112 62 50 90 200 35 8 136 54 147 127 167 66 122 16 46 55 29 157 89 106 164 89 28 74 127 157 136 51 108 142 151 105 3 184 96 14 4 139 163 167 179 76 3 114 107 91 180 140 153 189 91 184 154 79 199 102 156 16 11 113 122 84 28 5 60 163 176 29 189 37 96 165 152 94 198 87 53 127 42 101 200 121 53 183 87 16 188 12 71 84 34 88 125 107 173 9 128 
4 70 130 106 14 51 77 71 157 107 178 152 170 50 13 95 23 161 137 107 22 69 68 12 67 15 31 13 83 18 144 158 100 73 73 63 57 8 98 95 28 37 148 184 197 41 86 93 198 70 149 114 173 111 158 12 12 51 46 16 121 114 58 62 104 92 18 45 60 127 83 28 32 15 61 22 53 154 20 24 83 44 80 7 77 116 21 149 192 136 196 189 40 18 101 9 37 83 65 3 74 164 136 91 52 25 49 78 8 138 43 144 89 158 183 185 170 57 187 84 69 66 83 18 167 
87 97 186 83 153 131 129 114 139 123 2 106 64 90 48 20 38 109 40 55 44 60 192 134 186 181 32 29 118 65 145 46 11 172 120 174 68 94 47 140 120 162 23 77 36 111 60 60 190 79 134 91 145 101 34 199 1 101 117 24 13 136 166 115 141 164 97 101 1 98 171 25 1 163 13 55 40 92 157 71 130 170 29 54 70 70 135 33 127 3 32 26 90 190 171 96 165 109 148 134 60 13 86 104 28 23 87 187 29 2 88 142 156 179 33 108 15 49 24 115 149 19 5 129 115 
6 155 7 18 101 176 143 53 174 95 111 47 126 182 80 180 175 16 184 115 157 161 200 23 185 175 160 39 164 137 200 179 112 119 53 150 189 59 153 186 16 33 198 145 105 38 133 28 164 161 83 135 62 188 79 16 4 143 152 88 147 8 181 139 54 161 30 32 61 158 154 168 192 115 62 21 30 41 178 1 2 140 54 102 58 52 93 82 39 75 94 32 94 181 120 62 166 99 146 193 2 11 82 97 124 147 130 160 95 166 108 82 180 114 161 168 35 71 2 124 58 177 159 3 25 
80 44 29 19 28 96 38 1 49 27 82 149 180 82 121 1 113 104 23 95 133 184 166 13 47 16 180 36 19 28 29 104 148 117 54 72 187 18 180 186 104 70 132 53 72 162 103 121 127 146 88 89 125 93 17 114 178 148 135 121 17 125 45 138 98 93 40 26 113 173 135 149 133 124 119 181 20 104 14 71 181 33 188 57 187 165 122 180 90 150 194 55 55 49 97 177 6 104 49 104 192 164 103 71 38 138 176 32 18 37 191 193 12 54 96 128 28 3 7 166 102 137 5 171 171 
90 27 100 85 43 113 53 125 88 50 45 43 107 4 174 66 172 195 154 117 151 134 185 55 104 66 19 112 36 50 18 180 86 176 153 56 86 116 9 1 109 98 86 157 23 199 151 184 138 11 1 38 113 71 100 163 4 91 14 78 42 53 158 118 87 191 23 98 156 145 110 38 115 130 101 108 52 135 117 189 155 103 9 138 140 46 198 153 158 87 17 29 172 136 112 51 32 46 197 124 81 49 167 18 111 132 39 70 84 33 148 89 9 142 38 29 165 110 29 50 88 144 97 72 100 
102 191 185 169 138 10 71 195 191 66 137 30 175 72 18 67 133 75 181 189 91 129 68 66 122 63 151 58 19 77 178 117 139 58 46 2 9 133 32 192 198 92 178 17 37 152 158 158 53 145 1 189 159 19 4 80 194 126 78 90 20 166 169 17 174 47 5 63 94 115 100 100 123 58 152 104 88 108 6 106 156 158 171 124 105 45 107 164 18 30 76 28 110 131 173 78 185 198 169 142 14 141 197 27 190 96 54 184 10 71 13 9 149 51 185 184 177 48 158 138 76 145 169 96 156 
183 173 158 178 8 105 166 48 118 157 136 106 109 107 190 51 130 104 126 21 130 155 124 133 19 127 189 109 195 135 58 68 173 113 159 157 180 43 14 101 7 165 56 187 29 10 187 123 103 94 107 168 9 74 34 30 167 88 68 55 27 173 192 101 78 5 86 171 125 54 21 194 49 67 64 109 48 14 183 109 105 120 111 15 74 196 43 152 65 77 13 67 90 148 183 65 51 87 194 27 93 119 115 19 143 47 28 56 96 83 125 129 132 62 121 143 155 97 106 128 124 11 181 200 162 
91 184 199 132 70 159 92 93 188 186 108 60 120 177 8 90 96 120 155 1 65 81 175 163 122 57 36 14 175 134 108 80 99 174 115 148 171 163 129 82 194 142 18 107 83 14 35 191 166 122 171 18 69 197 151 129 98 71 22 39 110 70 197 192 139 71 105 143 9 157 177 13 17 46 38 188 141 113 36 12 109 151 150 170 129 144 132 157 66 24 194 108 54 172 131 106 182 141 36 31 56 29 56 21 13 146 43 46 116 61 181 75 125 52 93 150 198 82 70 101 36 135 160 95 158 
74 143 143 59 24 109 70 31 36 2 171 53 35 80 158 147 173 62 128 126 172 69 109 101 52 22 73 123 30 190 109 172 15 177 19 9 37 4 123 136 38 98 29 122 10 170 74 189 86 167 112 71 28 153 135 177 136 154 117 179 96 30 143 135 159 88 5 173 93 56 93 75 97 146 106 192 163 91 9 169 66 172 161 95 4 165 133 90 141 154 2 24 181 181 141 200 46 182 109 69 178 191 107 162 115 99 90 136 184 80 23 141 30 55 143 144 77 8 109 49 46 174 197 40 102 
140 5 161 13 198 19 62 197 199 37 100 180 108 72 4 135 57 192 12 185 21 151 79 138 55 106 140 184 188 54 177 31 19 43 184 126 102 6 182 195 187 20 70 107 142 191 130 79 145 172 32 148 18 189 15 139 78 175 93 66 86 5 147 74 14 166 127 187 61 184 131 41 167 63 95 32 29 131 114 164 169 58 67 78 86 196 126 145 44 21 54 124 111 196 137 64 126 8 57 169 36 193 161 177 190 137 182 43 144 42 3 163 167 107 77 139 144 200 188 95 130 75 105 35 34 
165 184 124 38 146 197 170 111 122 88 174 27 3 23 34 21 38 95 80 186 173 137 166 130 23 82 136 156 55 160 180 155 179 78 38 35 162 18 153 141 186 172 62 89 74 25 150 124 109 63 81 153 24 164 75 169 175 21 73 7 200 40 120 130 55 78 73 163 69 1 28 187 129 113 75 8 91 65 2 194 106 140 25 166 107 164 56 120 140 137 200 23 65 180 75 92 140 18 7 148 89 129 158 122 56 160 197 191 172 181 14 55 174 49 16 76 9 121 27 135 55 179 142 122 43 
159 151 26 163 137 87 74 110 25 117 49 152 160 59 45 154 181 140 84 190 30 125 41 18 75 18 135 43 184 14 25 84 76 73 110 109 75 176 106 186 134 46 139 113 46 107 38 118 15 73 62 106 118 98 164 143 190 146 33 61 100 22 104 153 39 74 108 120 121 12 129 19 195 52 200 120 195 103 61 103 147 67 55 31 115 127 38 79 60 180 21 196 92 178 49 147 53 96 112 28 178 70 183 60 115 25 62 171 67 167 91 172 114 175 173 108 195 154 139 133 170 13 71 171 186 
120 89 41 125 12 22 91 119 98 78 193 93 155 72 178 104 165 48 112 123 142 44 52 36 161 129 37 74 97 171 38 41 39 154 197 170 57 59 79 178 71 65 157 30 191 43 117 106 124 90 35 54 121 97 155 47 57 117 156 199 31 145 92 190 175 90 59 114 191 23 63 50 56 125 68 159 69 29 154 15 106 34 129 64 165 40 146 61 162 138 51 96 47 197 9 53 179 145 13 185 68 115 195 79 50 41 117 39 6 30 180 86 81 186 10 152 59 168 75 150 200 15 114 136 59 
168 81 100 165 154 154 148 200 178 51 119 147 105 20 11 43 34 145 135 188 153 97 63 79 148 134 114 42 89 135 32 35 113 93 169 7 43 132 8 80 80 101 197 170 88 194 42 11 69 53 26 132 118 88 151 91 179 23 111 157 189 189 143 179 78 36 104 108 107 102 190 83 42 175 74 132 28 174 69 153 113 133 40 123 90 48 165 81 191 79 146 161 117 44 79 51 64 10 142 48 193 14 54 31 172 193 143 26 179 138 165 141 55 156 49 89 16 195 38 3 102 117 129 169 187 
108 24 132 87 103 66 73 12 36 31 57 152 197 143 112 4 8 51 184 155 128 1 122 99 129 39 16 70 162 37 141 19 74 10 75 176 21 200 82 13 17 189 120 116 4 39 123 133 108 164 2 67 4 44 82 68 164 26 102 134 157 200 15 101 192 154 147 132 173 92 103 103 17 71 93 122 108 98 160 77 127 163 127 103 79 93 185 157 130 186 158 184 114 29 92 153 162 114 175 49 134 171 164 63 198 135 188 186 118 166 99 89 120 175 151 41 112 112 76 181 161 193 172 51 113 
107 2 144 51 26 80 38 38 100 191 3 104 154 17 58 174 147 192 87 80 159 124 146 2 41 167 34 137 181 22 97 93 111 169 122 95 131 99 5 154 114 161 39 81 193 175 148 125 184 195 22 26 78 172 135 130 192 58 170 58 54 70 91 77 19 47 184 191 103 18 8 178 123 147 176 93 136 149 86 57 98 165 62 66 103 183 64 81 195 73 96 63 157 23 3 3 183 30 62 174 197 2 127 173 107 164 65 42 189 97 158 121 36 160 117 133 3 65 113 131 57 126 52 109 196 
101 41 24 188 66 63 48 13 58 171 112 171 90 166 66 21 139 194 70 93 12 190 179 66 108 17 89 95 180 148 29 116 117 119 30 103 133 118 68 73 63 65 196 34 41 172 92 63 134 186 12 170 142 2 78 145 23 57 61 133 140 182 106 59 71 41 131 59 70 33 28 82 184 24 32 23 97 13 29 62 125 183 180 186 194 171 122 60 116 200 17 82 25 44 58 44 94 142 143 126 108 103 61 193 55 164 79 20 45 81 82 113 145 152 130 50 149 191 64 119 188 164 73 163 41 
88 136 27 97 23 48 157 57 83 193 89 124 148 99 153 134 183 76 135 26 151 13 180 35 141 25 138 9 163 37 90 195 95 75 157 190 116 13 23 80 5 141 127 58 196 199 166 185 150 80 79 44 59 165 92 115 180 101 183 159 183 113 194 100 197 184 177 155 140 56 154 153 27 60 122 23 120 81 107 131 38 27 27 38 57 29 83 193 65 66 51 22 142 24 54 24 38 33 182 31 178 155 181 4 124 172 114 17 13 97 1 37 23 122 89 70 116 198 172 198 144 130 74 120 200 
136 97 22 114 101 163 53 135 52 79 190 166 59 142 5 102 10 154 15 136 48 148 116 162 5 158 4 121 124 83 118 104 158 130 51 90 186 184 118 191 128 132 108 152 39 35 45 26 157 109 15 100 128 184 95 92 146 113 163 178 18 82 145 135 108 195 23 141 32 84 94 67 166 4 86 1 71 74 37 60 187 120 101 23 46 4 126 119 74 30 139 101 64 83 103 170 59 28 134 132 12 112 152 60 17 18 7 158 71 75 82 170 1 151 8 79 37 30 174 62 159 1 175 176 147 
42 34 98 56 78 137 125 107 175 166 109 93 153 50 164 32 35 187 135 124 115 162 90 134 69 83 63 133 160 136 47 198 33 137 138 87 158 93 98 194 58 37 125 54 180 132 17 178 24 102 166 146 142 162 79 158 109 69 146 43 176 14 17 52 167 23 177 62 132 7 21 158 73 124 76 108 118 109 16 80 113 10 118 84 50 152 190 14 118 176 196 23 149 139 15 58 198 179 77 105 34 193 116 74 41 183 156 76 47 119 131 65 23 80 113 27 143 91 53 38 36 115 135 41 183 
38 93 61 189 3 69 40 121 45 141 17 126 59 32 114 29 32 130 122 5 87 144 41 19 145 171 63 106 3 176 83 140 194 169 65 54 86 117 10 76 190 78 169 110 79 198 169 112 90 9 154 197 85 27 115 79 138 195 71 134 19 97 137 12 69 105 101 147 176 126 70 141 107 42 150 143 155 126 42 20 139 41 43 52 123 168 82 163 148 82 189 130 18 44 196 54 132 147 152 107 6 79 43 115 13 59 168 184 136 77 4 151 70 147 92 157 179 155 93 43 125 173 21 41 108 
82 6 4 84 96 144 39 113 62 109 22 169 33 110 31 141 91 57 19 45 179 65 177 85 100 42 44 163 130 3 59 89 131 18 72 77 18 156 185 120 181 112 60 18 184 162 27 125 58 81 165 159 70 155 38 153 59 37 104 129 132 19 148 193 188 20 106 101 73 178 77 25 116 38 11 35 168 41 104 115 65 25 188 110 176 96 64 26 102 65 69 99 123 102 128 186 63 119 171 112 101 166 187 187 192 31 126 185 90 168 115 78 122 68 37 113 160 41 182 79 91 122 135 153 69 
17 1 197 99 192 185 135 73 33 69 121 50 85 47 103 116 67 73 101 33 78 134 66 197 51 106 66 31 48 134 5 111 25 139 136 9 172 137 147 110 193 180 178 93 177 101 155 3 10 50 152 121 32 155 67 23 87 86 14 101 107 48 193 118 121 194 91 95 88 57 125 82 184 108 113 1 196 182 143 47 17 134 130 129 118 48 45 138 45 20 127 186 112 160 112 161 29 45 106 138 136 45 4 193 186 175 103 67 55 75 94 137 45 15 179 39 200 188 58 52 62 29 194 72 53 
121 14 92 160 77 67 198 118 1 20 188 95 1 199 128 199 27 123 52 83 197 187 49 149 183 160 168 179 147 99 52 19 55 192 175 101 70 93 44 112 22 102 75 4 150 82 184 32 144 82 9 178 43 22 84 91 49 62 33 162 190 142 64 91 130 189 189 81 27 11 149 166 61 81 173 158 5 123 38 107 186 183 152 119 84 72 24 84 29 94 31 171 178 194 149 73 121 185 92 173 195 164 124 46 156 25 21 185 147 100 10 174 112 191 62 153 33 135 75 152 93 175 142 92 28 
116 143 116 45 175 110 178 167 178 37 7 174 90 41 184 90 44 142 147 85 158 132 185 94 194 141 164 26 3 84 30 93 176 5 19 33 151 123 32 199 137 178 112 36 29 96 20 180 169 86 26 156 158 152 93 101 77 24 105 123 85 78 139 33 120 68 161 107 15 77 139 166 84 7 53 41 42 189 112 138 10 168 35 99 22 88 131 193 72 58 12 62 196 12 136 116 88 16 12 71 162 98 29 125 9 91 128 140 32 175 9 5 74 173 36 66 47 117 187 175 126 70 88 7 72 
97 62 22 51 87 189 138 153 194 76 193 73 12 8 117 188 61 131 195 81 81 46 9 146 59 54 64 2 151 103 182 146 141 57 11 41 81 49 25 12 131 8 64 98 144 19 26 196 171 115 35 97 116 24 162 157 171 100 106 161 167 105 158 194 78 107 13 73 79 197 44 55 147 131 23 100 10 133 191 195 99 49 97 177 163 150 37 30 30 86 126 120 200 55 49 135 45 120 83 148 102 97 77 47 76 115 2 158 198 50 86 2 141 174 18 176 132 172 152 74 128 187 24 170 97 
162 13 40 178 65 63 151 125 175 18 196 124 34 197 52 76 11 54 125 162 114 130 151 129 147 40 186 182 88 152 70 86 165 41 161 103 168 81 13 82 38 78 150 113 159 184 37 10 192 167 81 166 188 52 180 20 171 121 129 39 134 120 30 76 12 139 185 53 14 67 128 147 49 56 129 189 114 169 140 89 70 114 22 145 3 33 71 138 109 121 4 126 45 36 46 181 91 69 125 150 29 9 150 21 159 44 157 126 90 145 72 115 159 78 39 168 168 115 116 50 139 54 166 113 2 
19 28 54 165 155 154 3 191 13 199 22 135 106 167 107 117 145 99 23 27 91 144 51 86 59 102 3 26 25 171 22 83 112 79 27 112 167 44 27 194 73 6 166 188 1 50 149 30 62 188 39 143 139 175 137 136 146 170 167 118 84 194 72 100 139 8 61 25 164 52 117 138 183 121 16 103 115 183 198 185 62 176 2 30 39 12 119 11 35 53 112 118 184 132 19 98 26 178 105 156 157 144 43 116 27 168 129 161 153 129 73 43 68 29 90 1 184 158 74 41 5 140 109 15 33 
96 119 79 75 100 107 45 24 174 101 145 171 191 176 118 197 21 102 30 61 130 60 130 148 131 66 147 166 113 169 116 20 190 112 131 73 91 29 167 158 174 34 139 25 70 82 64 186 150 196 190 6 4 30 11 63 53 101 175 96 16 18 4 9 106 91 123 170 137 80 151 172 194 134 164 3 72 109 38 69 169 4 66 146 36 91 72 124 29 34 22 157 22 187 142 152 191 38 57 102 183 131 3 127 37 144 172 138 123 35 114 95 178 47 125 108 113 82 58 196 20 15 109 52 84 
125 110 133 151 113 17 128 192 25 92 83 113 31 5 48 25 172 110 97 77 67 75 44 8 108 188 134 112 43 54 106 48 193 131 198 159 141 35 188 23 9 141 145 129 35 6 152 18 38 35 79 70 65 98 41 101 90 135 90 78 105 21 54 70 41 80 124 163 97 103 169 3 53 14 33 30 99 148 66 193 40 173 25 168 4 18 150 62 178 44 28 138 24 91 37 173 48 66 68 176 57 82 22 102 53 22 139 100 166 28 186 70 30 121 63 126 166 134 107 1 29 126 12 98 13 
65 106 50 49 82 193 118 121 28 145 38 126 154 173 136 51 24 37 172 184 54 165 111 88 148 5 86 165 18 148 185 147 137 12 84 109 56 121 198 32 97 67 43 90 171 97 54 112 124 47 9 162 90 92 2 52 6 92 27 149 98 110 144 116 86 130 156 109 99 200 116 112 54 101 33 153 171 143 192 119 84 96 36 138 200 166 113 6 47 200 56 109 50 170 35 134 200 29 100 35 12 69 15 132 110 69 63 84 51 30 85 78 139 184 193 19 176 34 159 11 88 155 53 51 144 
110 102 79 169 36 130 102 190 164 57 170 151 58 13 173 157 113 146 54 70 113 121 167 23 70 189 80 56 158 119 148 145 198 34 38 157 72 170 36 54 26 107 150 33 194 169 20 148 114 90 85 62 15 156 122 148 31 118 13 5 62 164 54 39 1 45 3 74 184 97 76 51 178 175 124 28 25 129 35 145 41 2 59 131 140 87 118 66 181 3 5 73 183 179 29 22 198 187 48 141 31 167 142 30 7 12 54 146 50 60 149 92 149 109 3 128 64 153 74 29 70 91 106 13 56 
84 146 196 100 152 135 185 95 146 113 39 156 64 184 183 164 126 150 188 112 127 62 144 49 64 3 9 41 125 68 157 11 85 128 147 133 41 50 131 11 175 122 94 19 79 49 122 60 128 112 83 138 90 160 89 192 34 6 80 157 18 115 25 74 41 65 42 136 34 147 37 73 160 133 121 21 168 148 195 20 60 79 54 58 10 153 94 75 164 133 166 56 66 55 98 128 80 77 131 157 176 174 155 194 188 154 126 158 58 180 67 160 15 69 63 103 84 73 108 127 133 151 73 153 164 
194 34 39 103 52 116 138 174 198 129 176 192 97 163 124 122 96 45 59 182 15 126 128 62 193 36 117 115 114 162 138 98 64 51 142 63 191 54 200 17 107 133 137 1 4 87 34 50 131 67 166 77 13 182 60 93 74 180 45 65 15 28 189 153 110 51 45 109 166 124 63 66 4 6 173 178 159 72 79 138 118 56 10 130 28 64 95 114 150 86 157 99 70 78 147 34 75 152 36 80 91 108 23 60 196 88 68 36 143 179 163 76 12 138 47 100 59 82 2 11 30 30 101 139 89 
62 181 152 49 106 42 127 161 167 162 114 73 36 141 40 14 65 74 26 163 107 170 93 172 18 13 112 45 15 1 84 192 195 125 111 147 15 184 116 35 154 145 160 56 81 3 45 146 133 151 193 187 168 171 75 166 195 171 2 140 197 177 126 75 159 48 128 147 147 23 93 90 115 94 156 138 150 131 97 173 56 180 197 1 79 177 177 53 112 108 180 182 14 167 13 95 106 63 143 107 168 23 111 156 114 174 183 62 145 117 112 53 163 97 66 58 53 58 90 56 163 153 87 105 198 
2 72 115 176 11 24 9 48 24 194 161 40 191 158 135 59 27 59 45 31 88 193 182 97 11 158 142 99 128 91 156 110 132 199 109 175 174 149 84 181 103 46 55 85 12 67 50 47 171 171 143 130 185 19 148 170 22 35 82 51 171 45 175 106 163 196 37 34 56 123 44 14 103 184 168 32 3 116 180 134 111 89 77 32 64 128 157 133 154 106 86 135 102 140 53 38 55 98 161 37 91 105 11 42 199 140 99 70 158 127 126 174 58 103 40 169 40 90 198 42 146 101 180 140 161 
127 196 152 185 127 55 179 52 62 31 47 178 109 151 74 34 84 32 53 62 135 2 157 101 144 108 157 186 167 194 1 110 171 1 60 45 165 132 95 78 159 15 183 25 61 190 7 176 30 48 45 17 165 16 62 2 132 101 160 47 72 198 38 95 166 4 38 170 152 152 7 186 149 150 102 35 58 81 79 166 176 38 134 9 20 115 61 186 96 47 98 120 101 180 160 57 195 58 191 158 155 109 12 34 112 110 197 126 11 71 172 31 140 153 39 193 171 44 107 42 132 174 93 98 131 
154 150 7 198 65 85 121 77 130 80 176 105 129 193 44 116 133 200 80 51 86 77 20 24 181 196 170 1 130 65 29 186 88 58 165 32 172 86 189 52 51 14 101 57 200 88 43 2 187 140 130 122 159 107 109 105 198 125 95 45 80 108 153 17 154 65 10 17 26 11 12 197 148 46 48 85 106 48 151 196 59 159 127 60 124 165 2 95 120 107 138 23 137 39 10 7 73 107 161 61 128 143 157 6 130 162 130 15 51 35 163 73 166 94 100 14 57 137 25 104 144 161 191 81 3 
151 151 70 37 79 196 24 91 10 193 48 99 137 162 191 39 88 104 80 99 162 30 123 166 56 62 49 75 34 199 165 118 191 10 142 109 61 166 199 19 168 79 12 156 52 181 174 113 5 129 21 72 140 73 180 7 49 145 9 31 57 11 56 77 193 107 156 191 186 166 198 121 110 75 193 71 91 22 22 118 141 111 149 78 159 7 133 59 54 15 77 144 148 87 36 72 2 126 71 185 129 76 135 24 167 101 12 65 152 88 47 96 26 176 98 99 92 94 134 11 161 197 29 139 99 
138 153 98 37 19 97 95 89 162 181 58 3 121 85 122 128 129 15 171 57 2 181 194 192 119 30 100 181 175 99 95 126 13 75 27 96 139 169 64 189 168 186 183 123 109 175 96 73 174 149 187 107 138 2 163 177 46 5 7 161 175 90 184 92 80 1 107 131 133 38 163 139 30 24 77 183 141 153 107 74 166 119 162 15 60 175 170 112 110 115 15 152 151 170 84 50 189 31 102 30 101 142 77 82 53 109 30 56 58 100 123 33 81 152 64 138 14 133 49 154 137 116 102 184 178 
76 198 31 199 13 15 168 100 9 163 3 128 120 193 155 109 15 197 197 178 189 75 91 110 189 159 192 20 149 20 61 100 45 84 58 60 156 10 61 138 55 42 180 188 15 187 102 40 121 141 151 111 196 50 166 200 71 68 115 20 59 70 168 41 62 144 183 105 180 19 83 86 142 14 124 21 177 28 96 54 1 166 31 29 73 100 167 31 153 130 105 119 24 158 42 198 70 67 200 74 161 178 119 123 92 114 65 120 183 90 115 78 186 58 51 33 198 41 41 50 23 136 146 191 126 
141 143 80 3 38 197 10 58 116 105 24 68 150 114 149 98 15 63 182 150 31 49 65 156 194 82 112 133 68 36 165 173 142 2 41 17 196 129 86 90 69 189 115 96 120 3 63 45 152 48 8 200 42 138 108 87 53 83 50 196 42 151 195 78 92 137 29 89 175 97 45 54 173 80 97 99 130 156 79 16 166 157 1 30 84 33 24 44 189 89 130 82 53 78 161 113 191 121 73 171 143 9 165 179 156 50 170 50 173 98 123 118 56 68 148 67 147 85 44 157 157 144 124 55 189 
98 43 80 109 142 149 137 32 82 141 163 200 47 107 156 133 119 173 49 54 144 77 11 48 23 70 142 61 102 6 90 137 170 185 93 39 180 118 175 115 23 117 59 191 121 180 147 112 157 159 46 116 44 9 170 68 164 193 175 91 66 30 154 126 70 65 60 133 165 107 96 95 74 109 100 123 197 90 11 183 179 130 52 14 188 159 180 63 179 75 112 105 45 122 81 109 182 28 172 62 199 193 15 66 172 139 197 16 175 9 101 59 6 13 18 83 75 149 192 8 129 187 155 27 157 
167 171 109 176 49 17 191 45 110 74 55 145 193 185 31 167 148 157 2 105 28 44 55 31 68 14 134 19 103 26 180 98 38 38 162 110 169 100 75 94 54 146 188 165 113 182 134 164 155 142 67 171 199 40 122 122 134 135 46 37 174 22 189 29 95 136 6 82 23 105 96 95 117 118 11 196 53 4 13 37 130 135 68 143 144 112 148 188 14 185 57 151 160 144 23 106 32 29 90 95 153 111 58 41 12 2 70 2 149 84 44 51 168 38 112 158 85 43 54 106 101 140 79 72 68 
64 122 79 179 21 136 195 109 171 168 26 65 179 142 169 117 84 179 147 183 199 200 135 195 29 146 76 26 6 41 14 165 9 153 44 149 24 86 44 28 54 13 128 44 118 193 86 33 195 47 61 179 157 171 66 170 145 101 127 158 164 39 124 147 64 76 19 58 2 108 52 156 180 141 187 174 100 119 84 170 22 15 153 76 197 146 136 191 195 99 105 20 21 50 134 113 79 66 135 186 80 1 29 184 26 144 15 188 36 133 44 10 60 118 159 105 165 147 190 83 91 122 13 62 36 
5 156 2 73 105 115 187 10 173 72 56 103 193 27 151 137 184 95 34 151 97 33 57 102 123 166 193 26 178 39 82 183 192 176 155 138 187 70 116 152 139 17 32 129 46 11 124 135 184 167 147 62 41 117 76 149 84 154 35 90 1 120 155 28 43 196 110 40 28 42 188 36 147 22 169 188 174 86 168 71 80 57 145 89 87 158 147 108 58 195 126 16 30 186 76 1 85 64 151 162 45 98 122 21 94 148 104 146 58 64 25 148 109 178 13 160 6 38 137 138 14 102 43 152 40 
146 113 69 27 115 100 105 179 124 90 20 56 92 184 158 80 200 124 143 196 55 33 27 94 68 95 127 13 188 46 49 109 11 138 180 51 14 46 145 81 115 89 139 21 172 89 111 128 190 61 8 78 82 147 180 54 61 108 78 121 5 167 29 124 26 68 49 36 107 147 44 97 177 151 156 78 190 5 119 199 3 44 52 119 153 19 156 181 50 39 179 190 11 73 165 39 5 122 182 50 7 152 66 89 132 149 183 196 57 46 31 199 154 38 17 70 31 148 59 1 126 15 45 84 138 
83 187 42 54 73 16 58 34 86 143 70 110 177 12 82 104 159 165 149 7 165 38 122 60 77 25 188 140 193 91 13 36 143 147 56 57 46 136 16 56 128 101 162 144 34 116 194 9 192 108 50 27 98 130 157 105 151 55 175 34 101 165 13 84 121 144 184 58 106 98 171 96 134 90 22 94 24 55 60 131 185 185 187 135 62 89 32 66 194 117 130 185 70 11 109 200 26 9 8 188 17 15 20 60 149 25 58 59 118 11 37 59 46 39 23 135 3 81 185 57 132 75 60 15 123 
169 162 63 116 137 158 197 11 86 42 26 34 185 174 84 139 106 147 193 161 91 146 119 75 56 91 40 168 168 178 95 187 181 46 174 81 61 9 111 19 155 72 21 144 132 122 106 97 84 106 169 123 156 66 182 26 6 176 81 26 183 22 154 185 199 67 89 109 114 153 161 194 59 40 187 127 12 130 40 41 44 95 190 1 197 102 130 51 138 3 31 21 76 173 171 119 5 193 7 135 91 125 109 165 32 111 31 66 125 132 85 133 52 29 83 191 152 133 161 100 167 17 120 91 51 
87 155 142 179 179 123 196 5 124 51 117 42 88 116 63 63 94 49 48 147 37 58 58 52 144 57 44 184 141 172 135 145 151 58 45 4 50 10 186 24 169 96 59 54 23 43 147 119 118 97 121 159 119 151 131 102 79 90 110 72 40 108 162 167 188 154 53 173 112 118 183 195 19 166 156 79 160 181 154 189 91 104 119 104 85 86 51 177 81 70 67 145 11 148 36 60 74 126 102 98 100 61 127 114 175 24 150 20 29 5 11 17 141 86 113 139 162 4 133 55 4 90 182 180 105 
97 117 91 58 92 173 69 74 35 188 130 49 26 185 8 85 163 169 142 22 76 122 95 100 85 143 130 150 47 81 49 13 1 122 164 73 165 29 93 173 121 34 73 37 62 184 150 177 17 173 31 125 4 70 21 190 182 160 56 169 137 112 115 110 58 119 67 24 45 190 102 52 137 181 127 151 28 100 5 149 18 68 121 17 18 165 26 108 171 82 70 6 136 200 170 14 73 90 183 5 14 67 39 121 182 143 38 3 20 95 96 183 89 71 96 89 132 59 58 50 117 99 198 176 108 
19 57 58 100 94 194 2 93 29 23 84 164 109 126 156 91 148 48 193 77 61 70 51 199 46 111 60 130 83 88 14 130 2 84 148 95 54 150 148 72 195 155 146 57 145 8 156 33 39 161 62 81 56 23 174 49 23 116 92 15 45 99 177 135 169 6 185 196 151 190 117 54 4 173 134 136 111 36 138 47 46 116 175 186 184 68 50 112 4 29 138 91 120 102 87 13 128 135 21 98 117 32 115 103 19 164 74 39 9 2 35 24 118 136 44 91 175 137 193 193 200 65 79 128 98 
161 63 106 48 34 35 168 78 75 121 111 171 114 33 64 167 186 169 29 68 193 106 107 4 18 198 144 160 168 82 161 198 29 198 108 99 173 173 96 38 142 81 115 77 50 21 158 171 118 34 83 191 112 22 3 49 144 85 191 11 196 64 156 169 117 102 68 135 181 24 87 26 180 139 142 28 123 125 101 152 74 186 3 109 114 64 157 148 11 15 67 72 176 93 17 138 176 38 109 90 51 180 57 148 121 83 84 22 56 46 95 113 23 165 10 67 10 141 37 79 21 193 143 192 106 
71 144 131 147 12 39 6 156 49 132 171 162 110 89 18 12 186 20 105 166 102 155 16 147 67 77 73 70 51 32 104 47 178 23 3 159 174 47 197 145 63 166 24 175 185 9 145 63 65 39 3 60 132 35 98 182 144 71 163 29 8 44 170 113 149 187 165 184 14 189 152 145 154 94 64 160 134 126 143 32 182 142 73 16 182 42 122 133 9 143 70 150 146 73 133 128 113 132 74 196 12 122 151 49 85 187 145 107 106 19 19 66 112 125 71 11 88 146 131 157 95 53 176 44 156 
120 195 126 177 183 53 21 194 155 7 134 138 123 128 197 45 15 39 78 133 14 180 22 106 77 145 100 33 159 129 62 195 6 124 96 28 138 88 63 67 199 95 182 195 151 6 109 160 116 42 11 7 171 110 19 133 143 111 20 105 2 155 189 2 95 35 86 185 183 89 99 19 151 159 125 153 11 68 146 115 189 172 24 195 156 163 57 64 69 1 5 142 47 157 156 29 52 34 15 36 28 17 131 195 60 128 10 57 115 171 46 123 176 114 73 69 150 111 45 39 177 86 109 37 174 
39 37 61 109 167 184 124 22 154 92 58 43 45 17 114 152 122 136 137 26 193 176 62 99 35 47 75 123 74 189 73 169 43 154 156 131 75 23 145 198 131 6 183 133 35 17 115 128 52 185 200 59 149 12 10 132 61 128 23 200 39 112 143 53 111 162 89 17 44 75 31 99 189 143 29 40 185 179 194 17 90 45 170 137 125 7 38 104 162 14 170 185 44 148 119 142 175 85 75 168 189 153 33 118 195 48 180 3 122 85 116 133 21 116 8 45 75 33 15 51 65 76 170 45 146 
19 34 103 159 43 153 171 170 109 186 2 63 167 86 24 66 51 79 57 12 161 50 159 141 45 20 141 71 53 73 66 62 169 53 11 179 155 123 177 110 138 107 138 24 48 131 71 152 103 116 99 68 55 155 28 99 36 35 10 51 58 169 150 105 115 177 149 38 149 175 198 196 180 195 114 84 174 152 109 154 151 55 65 103 168 151 152 43 158 91 152 90 151 170 24 176 65 49 3 123 38 183 47 36 62 71 45 128 145 152 158 80 148 199 153 26 143 122 105 88 185 59 120 153 24 
134 59 184 170 147 48 7 183 93 15 143 96 63 170 73 63 69 5 124 11 28 13 35 195 115 73 145 2 82 42 33 172 32 103 170 179 199 67 36 140 100 154 12 110 151 69 95 98 58 65 72 140 43 10 172 30 29 79 186 50 30 38 74 149 116 69 4 191 132 51 156 45 37 186 25 140 5 120 50 63 27 64 182 1 45 34 178 70 85 49 16 69 66 183 93 137 9 114 111 157 34 177 101 32 137 193 2 166 160 117 124 39 11 105 112 61 176 185 39 26 53 18 163 72 152 
149 141 102 124 43 155 132 184 157 74 41 94 31 64 87 5 79 105 171 137 73 90 61 113 136 12 16 11 149 85 29 148 89 119 46 83 104 189 191 104 124 64 41 144 108 157 67 106 156 47 133 76 127 52 111 60 70 190 119 63 176 104 52 196 57 63 83 1 31 196 142 160 122 69 165 73 137 111 92 187 118 174 54 166 89 170 135 90 194 146 5 9 89 94 107 95 20 200 140 21 47 40 132 163 53 38 173 52 17 8 169 26 9 147 162 71 5 95 109 51 97 193 176 3 104 
62 6 138 88 156 97 68 5 67 58 106 109 133 196 115 79 81 99 132 59 59 125 132 59 115 109 26 50 16 23 30 21 138 19 195 35 184 106 127 18 162 131 159 87 142 26 153 30 185 82 150 103 111 200 188 7 113 1 127 144 195 50 1 5 179 10 193 25 165 30 71 167 107 142 67 65 186 132 113 35 115 38 53 181 52 29 138 164 76 9 156 39 7 24 48 73 61 17 177 169 97 10 115 5 26 61 42 52 174 27 118 187 7 75 42 178 81 117 75 61 52 95 42 6 56 
2 51 178 194 98 153 152 200 72 46 33 151 65 172 65 57 75 164 96 27 85 151 61 181 110 162 124 83 200 33 20 78 133 31 55 1 47 27 174 147 66 100 152 186 107 107 132 5 14 90 20 116 180 181 159 124 135 187 60 172 134 41 97 61 182 106 116 51 50 175 198 29 122 200 3 157 82 107 88 38 123 99 157 78 176 46 140 107 37 38 28 55 103 174 112 169 152 88 78 162 146 170 179 103 77 33 102 46 16 3 120 24 176 165 83 12 6 145 95 96 142 197 24 33 87 
53 184 97 158 152 45 49 132 90 104 71 109 63 195 137 110 181 104 159 98 61 22 181 86 93 200 82 9 8 36 105 102 75 56 116 30 25 119 181 174 146 112 81 167 108 152 180 105 25 105 65 131 18 193 85 181 70 59 179 74 108 167 67 39 11 81 28 170 113 104 199 116 181 104 112 100 42 104 165 34 77 133 36 66 23 195 112 161 73 168 151 187 116 82 22 35 107 28 79 8 45 10 52 106 175 73 152 68 58 88 181 179 4 197 30 82 162 132 33 51 154 24 117 138 196 
88 136 112 115 90 170 149 141 185 104 53 20 182 135 7 43 155 105 2 49 58 167 115 30 19 64 163 100 118 64 114 200 70 15 129 91 123 196 162 127 83 143 199 185 142 127 121 71 52 63 102 165 161 163 168 57 146 181 82 81 77 96 42 29 122 24 134 178 54 75 165 96 15 164 184 135 79 128 101 53 59 14 138 33 59 21 171 129 40 50 182 197 124 18 161 34 66 138 115 140 13 123 74 19 17 144 55 34 138 58 55 23 121 52 173 100 96 55 158 113 142 187 153 25 44 
18 83 162 11 130 137 45 16 52 59 108 13 17 180 15 135 4 120 175 160 180 55 189 68 144 83 70 147 28 20 157 71 7 61 164 157 151 165 69 172 200 137 84 38 32 152 23 158 186 93 12 51 17 91 171 198 42 11 81 49 73 179 6 173 85 160 36 14 3 115 198 24 187 7 162 89 154 11 130 56 178 27 50 173 43 199 167 6 143 54 91 163 184 200 79 43 178 130 73 113 85 87 55 80 116 33 141 57 136 52 179 51 122 181 140 173 149 32 182 35 158 72 180 170 177 
51 36 147 91 73 47 115 79 53 9 61 15 165 72 174 108 70 90 46 120 111 16 39 191 49 95 42 11 61 124 164 192 75 81 12 80 149 10 131 45 6 140 197 200 110 110 98 57 133 149 51 88 16 151 187 92 158 15 43 25 60 189 147 168 156 113 69 170 179 182 28 156 118 69 79 112 135 139 48 98 135 88 130 19 198 160 97 10 135 197 136 141 2 22 189 14 35 102 78 51 43 92 70 147 45 150 123 100 1 82 98 184 103 59 123 6 116 14 172 166 9 193 18 42 11 
168 108 175 141 69 63 64 183 103 127 89 75 107 152 43 79 37 174 34 148 25 172 85 11 52 137 157 75 27 189 200 6 198 55 72 99 195 64 175 125 90 125 49 61 12 127 29 38 163 167 38 111 183 150 114 107 129 64 34 1 178 82 25 27 58 82 2 116 110 115 74 169 84 62 28 64 42 100 185 134 36 17 176 84 2 131 92 198 171 132 92 133 99 41 196 109 36 105 45 174 55 113 4 72 165 94 109 187 150 56 125 105 121 60 9 11 84 53 37 176 152 101 149 134 25 
157 63 79 122 166 122 46 32 31 2 92 110 8 133 117 147 20 56 162 91 194 89 100 184 125 167 159 53 79 122 58 66 17 68 42 166 18 93 43 100 107 41 167 47 60 61 196 144 146 188 176 44 139 48 162 173 31 159 144 35 167 88 93 124 93 166 108 186 171 21 177 179 48 194 14 126 134 168 57 159 94 128 5 54 103 26 120 122 129 38 160 41 23 168 7 177 3 110 114 31 56 57 194 45 37 115 185 187 124 104 183 133 73 8 128 115 182 142 107 88 125 47 197 11 150 
45 15 200 121 87 168 140 153 193 65 176 93 19 114 136 14 53 131 50 185 172 11 177 144 153 16 115 85 34 84 80 10 150 199 135 47 83 125 87 128 170 58 170 15 129 183 11 120 36 30 147 145 190 182 79 185 7 14 22 186 153 25 136 20 18 180 133 83 42 165 63 60 110 121 28 2 188 53 5 184 162 62 178 153 141 176 34 116 65 178 151 128 39 197 61 30 145 118 58 134 120 35 181 157 91 103 73 63 154 69 32 63 150 115 105 28 181 93 36 178 39 11 193 98 35 
143 19 165 40 20 169 142 159 93 103 80 156 133 187 134 52 171 112 56 73 135 156 98 18 158 178 166 167 186 18 127 36 73 53 177 200 105 41 30 139 135 57 126 1 167 49 135 110 14 150 21 114 117 160 86 195 153 158 148 167 9 170 125 2 14 70 180 127 2 127 185 79 145 70 181 151 94 186 109 58 170 122 129 61 115 131 125 91 69 89 142 196 10 157 72 127 113 58 11 110 133 6 108 9 17 30 188 43 77 59 44 163 132 117 126 159 86 174 142 4 187 160 111 104 150 
114 187 102 108 192 58 60 112 114 169 48 79 184 188 132 114 188 180 66 150 72 59 141 46 126 127 142 157 106 146 61 140 14 113 121 129 39 27 180 160 46 137 26 171 117 104 148 161 29 109 72 151 36 102 100 53 122 1 133 143 15 48 197 169 138 64 153 56 78 189 188 92 42 37 146 141 119 46 30 60 157 143 31 44 121 71 45 33 10 118 137 84 57 122 53 69 128 144 200 134 58 71 64 144 66 68 135 47 61 11 95 112 166 76 108 14 19 32 8 142 51 40 46 61 190 
190 58 65 175 179 77 76 168 116 7 158 38 136 52 91 139 169 114 89 115 134 42 84 59 5 200 1 120 67 38 9 181 170 188 143 19 109 147 148 52 45 34 104 184 85 151 67 131 81 119 89 85 162 146 159 117 170 42 159 60 167 177 198 199 111 16 58 23 141 66 72 78 11 106 22 171 103 30 11 136 7 77 38 189 130 128 136 10 138 188 145 27 18 161 2 132 107 90 80 105 143 19 181 125 97 119 26 89 78 105 7 137 161 17 142 35 56 126 43 38 145 67 121 41 187 
7 118 2 31 191 113 197 191 61 193 179 128 113 134 22 32 80 64 44 95 30 148 98 161 150 46 105 90 39 144 84 113 77 103 4 97 1 4 178 107 138 102 97 109 73 152 173 55 55 37 49 137 152 169 44 98 22 98 112 141 84 113 21 171 14 52 103 152 9 199 180 95 63 126 187 9 91 110 70 47 3 59 197 52 88 134 174 102 83 23 8 119 28 143 166 111 196 167 198 176 193 110 85 90 159 191 164 3 46 88 11 36 87 36 166 105 99 145 138 49 113 20 77 77 156 
20 89 74 4 102 46 183 140 167 179 93 24 145 13 164 153 172 127 55 141 162 19 53 44 196 64 106 123 99 145 5 184 118 3 71 14 136 180 69 7 5 7 42 165 65 197 156 113 71 111 197 124 180 28 96 175 115 68 127 129 59 98 123 37 52 15 170 154 174 115 74 6 106 41 38 176 40 166 124 27 101 154 11 155 166 67 24 105 55 34 98 36 141 62 81 172 71 21 18 111 99 77 173 50 24 190 67 32 187 34 106 185 136 149 20 82 112 91 198 32 187 129 144 73 110 
71 127 148 128 7 10 92 68 132 86 16 150 123 118 84 189 125 61 160 72 125 17 92 34 53 56 87 51 98 196 29 173 92 32 138 123 151 70 149 178 31 145 132 72 97 126 35 170 141 89 175 28 160 175 68 176 132 200 191 81 81 51 65 74 71 32 140 23 127 181 66 190 180 65 54 47 184 30 71 98 132 193 138 179 158 36 19 108 137 6 132 100 135 166 18 18 30 90 154 121 113 154 96 41 99 65 97 18 44 175 102 200 69 56 173 8 79 116 162 112 95 189 32 144 141 
99 62 3 1 52 61 177 91 150 126 199 10 72 34 26 169 174 165 123 102 19 17 146 154 138 10 111 164 113 192 24 92 180 196 34 74 20 190 158 149 50 63 153 149 98 51 65 198 22 34 177 29 48 170 199 30 90 118 157 78 57 54 164 35 59 174 167 61 115 137 73 132 105 123 127 186 83 159 60 165 36 91 166 5 73 108 73 92 119 140 188 131 184 184 196 34 73 28 49 113 116 16 129 187 199 156 172 108 17 90 46 140 102 192 52 115 90 39 182 54 101 52 62 183 65 
120 22 31 176 15 109 161 198 196 89 159 13 38 125 81 66 24 190 49 192 64 11 3 63 64 31 135 137 188 63 199 171 111 127 76 191 8 2 194 59 81 45 121 132 94 65 17 70 110 40 22 7 102 21 123 123 33 107 42 44 34 56 67 53 59 185 22 187 188 50 196 63 181 179 200 178 39 43 69 145 30 67 140 42 184 123 8 121 124 139 161 116 45 10 122 161 45 92 97 173 104 3 61 30 154 42 83 103 88 60 13 126 95 21 49 23 135 63 120 73 81 178 84 23 169 
104 46 119 28 159 124 159 19 93 67 99 191 181 26 108 96 59 117 41 5 82 57 186 81 70 174 163 72 146 38 33 67 44 28 37 187 16 167 98 191 176 75 30 177 152 98 153 144 91 33 32 158 173 56 152 143 90 27 64 185 79 18 19 121 132 118 181 30 156 97 159 9 93 145 137 21 116 122 160 6 18 194 90 21 58 176 38 113 170 90 36 60 109 161 195 20 39 6 112 179 146 178 102 110 106 137 117 55 162 160 95 115 22 121 49 52 20 164 127 54 19 43 35 15 102 
155 22 177 198 193 192 171 183 65 181 74 127 168 2 49 130 184 139 25 130 199 145 68 130 128 49 149 137 15 73 189 110 183 78 94 156 101 29 144 166 176 85 11 81 182 120 80 18 143 136 21 26 65 61 53 93 57 52 145 175 154 170 75 22 12 122 83 182 118 129 159 2 96 81 101 121 125 36 135 160 33 65 123 91 186 160 130 1 24 199 139 128 149 110 144 195 68 22 172 123 13 195 101 133 118 61 155 125 153 179 92 176 175 33 38 194 6 17 65 27 100 174 42 138 116 
194 127 139 43 150 14 173 120 45 30 101 161 105 89 194 90 104 35 103 160 117 75 178 120 13 196 35 79 99 186 182 170 150 195 116 45 12 43 133 43 185 82 165 108 156 151 168 131 120 26 112 43 45 54 106 6 51 41 92 123 164 40 98 56 150 200 144 144 136 9 168 34 42 12 42 96 1 141 172 116 123 184 114 41 3 174 42 98 34 181 79 49 142 197 52 104 199 115 18 154 195 36 175 59 66 1 29 3 170 54 170 97 159 93 24 118 45 41 65 88 106 81 11 74 20 
103 56 113 99 118 60 183 148 134 174 188 115 54 98 109 62 199 81 19 40 113 193 45 46 17 35 67 110 35 185 21 45 169 128 87 72 50 2 13 9 104 97 146 93 123 7 45 142 53 31 106 186 103 125 186 54 36 140 158 29 61 40 176 192 32 54 141 29 68 150 4 42 77 131 29 174 14 167 111 92 196 44 150 75 154 40 20 2 169 121 153 103 186 49 169 98 172 31 179 85 42 17 158 162 49 78 122 74 46 2 12 184 141 107 92 46 157 8 43 175 73 67 19 158 122 
96 6 131 31 37 9 147 66 125 91 49 162 56 29 173 36 164 110 117 114 159 50 42 167 150 114 120 133 105 188 184 111 119 69 118 185 15 4 41 186 165 168 194 73 70 26 64 5 87 180 103 46 67 120 177 44 143 174 195 182 78 164 142 112 27 103 198 144 102 171 86 74 163 74 77 133 60 188 98 9 165 63 9 188 106 67 101 3 193 189 62 3 167 32 65 119 91 181 192 38 109 79 71 97 93 165 31 138 126 198 10 90 172 32 82 148 6 169 59 180 175 144 19 150 18 
96 46 195 181 15 105 200 88 23 52 188 153 60 106 105 94 67 66 163 125 12 141 161 58 122 91 154 198 85 91 5 125 26 115 107 58 66 192 13 51 168 56 47 76 104 152 29 137 53 163 189 20 6 39 84 2 165 125 71 194 182 200 166 26 26 47 34 186 103 58 64 77 183 13 140 157 11 184 39 166 59 66 82 23 154 80 131 77 37 7 159 152 62 175 11 114 40 89 146 91 160 85 101 49 76 54 175 23 23 91 113 196 141 133 146 196 59 173 177 124 136 91 7 144 182 
31 35 93 159 50 18 40 56 4 182 110 127 183 157 171 6 17 106 2 175 176 47 101 25 162 149 29 157 26 59 10 140 119 92 44 88 166 54 149 84 108 179 196 187 198 193 117 31 38 108 165 89 53 106 113 187 13 82 175 97 63 108 155 112 170 61 182 44 98 22 95 70 112 107 167 22 175 89 191 43 164 6 17 4 109 87 200 36 88 112 130 8 46 161 166 15 61 176 21 171 137 129 153 161 58 143 69 36 60 175 194 102 49 183 161 186 75 150 134 60 64 96 9 57 193 
135 76 159 182 96 193 140 193 165 7 63 113 74 78 10 161 136 66 174 2 64 81 170 31 27 120 123 26 27 122 136 102 108 26 25 43 2 73 9 37 28 84 84 91 73 149 148 70 64 130 26 108 167 167 132 119 17 33 192 99 47 132 194 143 137 55 168 118 96 102 160 84 182 39 95 69 115 18 175 190 166 153 108 71 168 155 106 188 152 85 177 191 98 70 39 199 25 52 190 23 186 56 49 115 134 145 189 24 146 60 153 134 65 63 51 138 51 154 96 140 43 162 43 73 194 
134 89 154 77 52 5 127 60 156 101 193 33 13 6 151 24 87 175 70 158 146 104 31 192 108 42 49 126 14 115 171 111 80 134 4 67 110 44 21 158 35 76 191 1 91 52 142 166 14 77 116 20 79 106 95 7 158 183 113 68 75 132 39 74 28 51 27 136 109 199 172 60 127 165 185 41 88 35 167 130 141 80 189 52 77 142 19 125 128 111 65 100 100 146 125 150 50 135 83 165 81 137 74 98 62 16 26 162 29 7 164 7 110 21 11 52 74 25 53 197 107 93 157 116 70 
23 171 85 21 118 183 43 4 135 126 137 35 33 100 136 6 64 152 56 192 185 152 76 125 81 79 100 66 120 175 145 197 188 73 174 24 5 134 130 110 89 129 195 112 42 13 126 137 109 58 115 62 2 37 111 137 48 24 52 156 194 47 16 143 182 7 173 168 46 186 63 80 193 152 152 200 69 162 90 105 20 10 181 96 151 67 195 135 71 92 194 103 32 11 57 129 187 51 158 153 48 56 62 147 127 1 48 178 13 153 72 26 118 173 96 29 33 109 121 168 92 150 144 13 136 
43 155 60 62 128 76 137 12 7 130 12 108 168 66 197 120 30 20 64 80 180 112 97 190 15 141 172 60 151 122 111 109 172 171 34 197 12 174 109 183 59 186 125 23 157 128 24 4 118 171 41 137 119 131 51 139 118 69 185 132 104 188 194 36 64 8 145 3 90 178 68 147 183 106 177 127 13 11 65 71 58 93 168 101 56 20 161 73 2 112 85 121 185 81 31 30 131 146 198 100 9 75 183 56 114 1 131 28 69 101 70 138 199 103 165 176 43 134 44 181 108 127 192 130 64 
75 164 162 179 141 139 19 83 78 30 200 101 136 73 159 86 171 158 5 16 42 113 113 21 55 29 99 126 56 57 150 153 73 57 133 83 184 81 66 84 163 161 52 167 44 41 149 31 113 40 10 64 122 176 113 190 108 119 82 84 9 167 159 78 48 21 17 65 138 25 134 20 88 46 44 189 78 84 64 68 126 93 33 106 188 47 135 4 88 72 181 42 25 189 113 55 112 49 41 11 71 144 186 133 59 169 129 144 80 55 7 28 194 191 198 159 44 163 113 156 74 52 160 166 41 
120 66 160 109 143 140 174 134 72 46 5 169 85 50 20 5 48 125 64 128 55 125 70 80 88 91 135 120 116 48 96 141 94 156 142 187 77 15 165 163 179 130 11 17 47 2 30 124 141 185 155 114 184 151 116 7 139 182 116 165 51 41 45 92 134 9 22 53 84 75 156 146 87 186 189 2 194 46 183 166 169 66 146 188 44 55 51 58 37 124 29 116 178 76 117 5 68 47 80 49 171 43 164 186 200 186 45 5 110 94 119 37 46 86 81 83 189 195 14 24 3 184 22 130 91 
67 93 96 171 25 74 78 163 54 91 46 76 167 54 111 76 153 39 49 145 149 110 47 10 149 43 72 78 1 196 24 161 107 23 114 29 178 105 98 159 103 68 2 163 156 4 97 143 140 161 167 81 62 161 116 12 161 134 89 73 9 65 92 48 57 60 58 171 62 120 55 170 16 198 16 188 167 143 196 129 28 52 94 100 16 106 182 40 33 100 107 149 114 159 173 117 130 69 14 108 159 155 88 84 76 122 195 157 158 92 176 175 106 166 65 173 194 121 128 57 168 7 171 110 15 
90 143 42 121 147 196 136 48 75 119 29 156 183 118 7 153 142 86 47 96 63 123 81 106 166 58 2 153 150 116 116 187 154 99 197 131 174 88 198 70 174 198 2 101 176 145 85 124 134 109 90 138 42 195 76 37 112 181 54 7 62 177 140 61 30 143 59 180 41 16 133 116 30 85 73 65 162 176 4 88 54 32 162 9 178 90 44 104 31 45 18 49 62 141 69 184 9 7 135 131 7 142 23 51 148 200 32 187 59 160 131 45 32 156 158 159 21 185 148 156 22 108 154 46 111 
