150 6
0
1
1 16 190 776
2 23 169 1037
3 35 193 1193
4 35 178 -321
5 69 200 69
6 120 113 120
7 124 130 -136
8 133 160 773
9 134 80 614
10 152 93 710
11 164 3 170
12 260 131 784
13 303 42 639
14 313 76 313
15 328 88 328
16 375 74 671
17 386 50 786
18 391 108 823
19 437 159 1391
20 459 81 945
21 483 155 1413
22 485 147 779
23 502 29 502
24 520 29 694
25 541 39 697
26 549 56 773
27 557 43 643
28 601 57 943
29 616 178 1328
30 617 111 617
31 646 196 2214
32 662 115 432
33 671 124 671
34 687 38 687
35 691 143 691
36 736 124 1232
37 782 21 740
38 927 85 1097
39 932 130 1972
40 933 69 933
41 933 100 933
42 966 95 1346
43 985 170 1325
44 1004 143 718
45 1021 150 1921
46 1068 37 1290
47 1174 2 1182
48 1212 30 1392
49 1235 190 2375
50 1237 115 1467
51 1239 179 2313
52 1322 81 1160
53 1324 51 1630
54 1328 184 2800
55 1381 63 1507
56 1399 92 2135
57 1420 72 1996
58 1421 23 1421
59 1423 81 1261
60 1441 179 2157
61 1458 158 1142
62 1461 174 1461
63 1488 11 1532
64 1503 152 1503
65 1522 167 1856
66 1542 21 1584
67 1589 161 2233
68 1610 101 2216
69 1627 130 2407
70 1650 20 1810
71 1684 16 1684
72 1715 29 1889
73 1758 144 2622
74 1802 20 1842
75 1828 8 1876
76 1841 24 1889
77 1854 87 2202
78 1871 187 3367
79 1892 71 2034
80 1963 141 2245
81 2006 187 2006
82 2023 44 2375
83 2056 103 2262
84 2065 14 2149
85 2080 59 2198
86 2093 53 2305
87 2101 1 2107
88 2112 158 2428
89 2128 33 2260
90 2132 28 2188
91 2135 82 2299
92 2142 199 1744
93 2149 89 2149
94 2149 62 2025
95 2154 39 2076
96 2181 47 2087
97 2182 186 2182
98 2185 161 3473
99 2205 106 2205
100 2243 98 2439
101 2280 111 2502
102 2285 105 3125
103 2301 15 2391
104 2305 146 3473
105 2326 59 2444
106 2329 185 3069
107 2354 179 3070
108 2372 118 3080
109 2387 175 2737
110 2388 172 3764
111 2389 54 2497
112 2408 24 2360
113 2432 2 2440
114 2445 107 2873
115 2471 155 3711
116 2483 98 2679
117 2484 77 2946
118 2530 59 2766
119 2549 115 3239
120 2561 130 2821
121 2591 65 3111
122 2599 8 2615
123 2625 95 3195
124 2636 170 3996
125 2638 42 2806
126 2656 180 3376
127 2666 34 2734
128 2668 120 2668
129 2694 186 3438
130 2705 82 2705
131 2707 77 3323
132 2730 117 2964
133 2742 123 2988
134 2743 13 2717
135 2743 74 2595
136 2754 153 3366
137 2809 71 2667
138 2849 104 3057
139 2864 166 3860
140 2868 182 4324
141 2876 197 3270
142 2891 188 4019
143 2906 70 3046
144 2932 131 2670
145 2956 20 2956
146 2965 16 3093
147 2971 132 3763
148 2980 146 3564
149 3000 110 3440
150 3000 20 3000
15 74 122 80 4 48 29 61 45 4 138 176 87 189 185 160 22 52 73 32 112 185 43 185 198 31 37 87 107 55 12 9 166 168 75 188 183 126 105 55 142 169 45 120 5 183 134 130 112 173 63 103 103 57 42 135 37 73 132 23 76 2 183 76 153 199 136 67 86 1 188 15 117 172 142 156 80 10 112 154 187 98 105 198 25 59 193 43 66 192 89 163 167 49 8 101 14 9 119 123 56 108 87 2 154 84 81 27 86 63 120 171 34 58 24 16 81 103 165 1 3 115 120 99 136 164 23 41 21 57 101 63 132 30 171 181 17 57 112 20 30 68 153 196 78 65 157 131 190 43 
42 127 6 140 180 146 57 112 148 200 59 14 148 39 164 47 195 163 60 178 197 82 98 164 34 157 1 70 76 12 197 161 92 77 2 182 68 171 65 192 162 44 54 125 8 63 98 77 164 19 51 147 78 31 19 45 82 199 179 127 12 185 49 161 25 27 158 113 85 174 178 191 121 13 119 3 180 121 124 18 74 73 167 9 172 47 91 127 151 144 11 168 102 132 117 21 35 88 183 126 145 182 193 17 93 30 112 36 89 106 173 200 120 132 163 187 132 109 154 142 78 150 115 168 176 192 62 87 48 38 127 11 95 194 85 23 121 67 51 20 158 115 60 6 189 150 72 135 115 191 
52 20 101 156 13 27 165 19 185 184 46 59 106 149 159 6 155 50 199 82 22 119 13 123 17 199 20 128 93 29 44 131 62 30 90 34 110 31 22 96 200 123 6 147 31 57 90 81 41 100 45 75 70 125 163 40 30 5 33 81 128 8 81 156 186 4 174 76 116 43 137 166 8 5 140 133 45 102 7 60 63 127 155 82 190 172 200 100 26 152 137 172 55 62 124 72 57 131 139 19 87 41 135 200 2 158 180 117 119 163 54 86 150 167 195 159 7 141 29 96 33 11 131 116 70 133 114 20 65 113 114 194 136 184 180 123 188 117 14 93 29 152 187 91 2 23 60 63 27 53 
200 122 157 180 29 113 197 83 17 5 78 159 87 91 125 138 14 39 41 61 24 29 133 13 62 92 14 189 42 17 107 176 3 123 161 20 83 168 97 14 112 125 135 159 39 187 161 168 185 34 183 55 5 89 139 89 118 172 136 109 39 38 194 151 80 129 150 135 98 74 194 49 24 183 85 177 134 47 63 165 76 11 13 6 149 196 143 142 158 118 160 27 94 67 89 56 147 115 69 131 24 28 85 52 160 47 190 172 167 96 155 198 62 89 46 132 45 183 129 128 118 109 52 22 112 65 81 88 75 192 107 106 187 48 185 63 103 82 178 133 62 133 67 166 141 142 196 108 36 4 
159 11 80 90 139 177 58 127 120 178 32 60 90 114 150 92 58 104 143 64 63 184 46 141 119 144 152 198 34 13 109 14 20 97 69 83 109 39 189 78 129 198 43 138 159 127 21 36 180 155 5 140 136 152 124 97 77 77 29 185 99 172 111 109 8 136 10 174 66 89 10 3 71 90 109 149 92 198 46 53 190 124 3 96 187 1 61 57 21 104 115 51 96 90 195 97 134 79 29 101 60 189 166 32 145 166 145 14 22 55 92 134 147 128 1 142 135 92 179 50 33 69 56 89 144 3 17 99 13 46 107 100 152 180 192 155 117 53 191 178 40 187 14 42 174 91 17 68 96 88 
47 49 136 85 83 170 151 174 199 177 65 170 73 50 154 148 122 195 8 57 138 40 11 39 91 167 20 6 28 175 85 107 6 23 91 56 28 141 143 107 39 199 108 141 61 135 28 40 170 86 105 166 39 67 37 4 105 44 30 164 48 26 16 131 22 49 153 4 184 63 102 121 17 36 110 86 143 104 200 172 72 169 73 58 75 14 3 34 77 102 13 62 175 146 131 165 28 139 16 136 199 135 177 20 79 149 137 13 2 61 94 30 150 120 173 13 4 93 122 69 47 86 34 67 183 19 191 77 145 158 137 8 149 10 158 141 32 28 161 94 79 158 183 95 190 28 4 129 67 137 
16 17 188 102 59 10 122 150 164 135 45 82 194 107 159 170 194 16 138 46 158 78 166 24 22 90 191 14 51 167 22 184 47 17 191 178 19 166 95 197 79 99 133 52 77 152 70 94 63 2 7 57 167 3 90 103 83 84 178 80 46 107 178 20 47 168 177 55 19 123 5 124 44 159 148 49 81 158 192 69 17 115 15 9 138 78 142 137 79 93 194 36 39 45 50 113 187 35 89 61 176 170 56 69 184 155 145 143 88 80 130 194 64 26 124 98 138 36 47 71 1 25 118 62 68 3 128 75 46 162 168 101 71 185 89 163 98 76 194 38 56 87 192 7 190 130 41 141 140 2 
138 79 129 166 122 161 25 85 53 29 144 169 166 129 93 92 111 119 189 88 95 168 67 126 39 71 31 109 12 96 114 10 182 63 48 176 159 93 119 57 119 91 109 100 80 180 178 72 160 127 116 3 146 184 88 80 8 187 92 68 123 10 118 90 166 104 192 67 124 196 200 19 193 120 81 113 41 44 126 102 10 69 90 162 173 182 120 20 112 22 89 89 111 144 120 46 117 179 132 175 16 134 31 93 35 95 184 155 155 7 82 192 176 111 171 12 40 95 196 130 162 130 132 5 120 112 120 76 121 75 108 111 124 135 166 163 83 125 143 103 18 70 114 14 67 181 153 193 17 60 
137 9 70 166 23 131 24 71 6 87 114 150 140 35 53 62 188 42 64 141 37 192 14 35 170 165 106 24 198 193 137 80 107 92 31 89 106 1 20 122 57 109 110 110 103 8 191 39 106 93 183 145 25 29 152 195 94 6 13 6 181 13 25 191 37 86 197 173 25 85 111 196 84 44 191 198 129 21 200 42 116 173 164 100 164 185 11 20 81 112 115 56 89 149 12 149 81 150 22 122 43 120 138 74 133 160 196 163 92 136 4 128 52 53 91 145 72 174 148 102 187 127 37 92 71 67 96 108 175 1 139 179 43 48 63 78 89 57 145 120 137 41 117 200 6 6 81 136 158 174 
199 132 41 131 64 92 189 116 16 185 125 195 112 49 36 141 61 101 114 43 45 183 7 64 162 37 147 146 153 146 83 163 153 177 38 150 20 155 30 79 176 199 81 38 192 126 191 98 131 94 87 135 34 98 154 119 105 25 181 104 97 89 120 63 83 173 51 49 46 59 133 11 164 31 118 46 84 12 72 181 95 98 161 10 76 166 192 136 70 44 172 101 171 145 40 193 159 41 41 170 5 126 162 24 102 63 6 122 66 164 152 115 198 115 148 77 21 89 54 116 183 163 106 139 48 46 133 119 60 166 63 128 170 32 188 145 171 167 72 47 64 195 195 44 59 25 10 190 154 198 
94 17 68 138 177 107 139 99 128 94 149 50 154 161 53 79 141 72 35 17 186 143 67 41 145 183 181 93 104 25 11 127 159 146 138 101 24 78 139 17 21 90 32 7 63 91 163 195 34 31 181 57 184 196 120 76 128 116 180 67 91 179 119 105 73 102 72 42 151 52 8 125 47 141 137 199 122 134 38 99 36 56 31 191 96 134 66 166 19 171 63 35 119 193 77 91 71 24 50 24 54 168 112 87 40 25 139 85 80 166 20 167 127 198 59 182 132 40 150 43 150 20 86 94 47 73 32 169 82 117 112 105 26 143 123 199 75 132 164 171 3 33 200 147 37 129 182 150 170 73 
6 151 22 140 157 75 130 133 40 67 144 143 194 108 178 154 172 174 148 108 17 167 56 116 174 151 163 103 32 156 44 5 82 145 186 56 145 135 138 66 10 175 184 158 147 40 103 175 81 94 88 40 181 169 78 84 89 2 105 92 164 68 118 82 53 25 65 111 186 57 7 156 179 188 63 126 150 176 66 80 1 112 71 186 106 184 144 200 25 26 81 147 129 121 189 66 168 33 92 182 198 47 157 48 137 61 33 89 122 25 133 13 30 37 14 189 109 160 126 110 143 23 71 29 98 4 15 11 171 103 29 169 1 191 79 147 148 34 46 197 198 178 132 41 71 32 91 68 130 123 
66 164 127 37 65 75 100 181 76 162 71 62 129 43 61 161 198 14 115 34 149 168 29 115 145 189 127 196 113 141 83 96 75 84 190 76 134 171 15 188 95 173 58 138 37 179 162 126 74 73 96 150 76 76 166 67 127 10 91 126 124 96 55 137 116 165 192 7 175 41 60 139 74 55 78 155 176 71 3 150 188 4 32 3 197 93 51 93 81 80 74 157 47 167 62 53 132 158 110 27 6 119 8 21 35 134 113 88 16 177 141 154 15 160 72 131 161 131 21 116 109 16 106 113 151 164 18 114 101 50 36 18 7 161 197 60 64 9 166 63 65 171 133 175 16 185 14 95 83 23 
45 185 127 92 55 182 10 11 99 16 24 61 52 118 167 104 183 63 186 155 31 165 36 189 158 143 195 129 108 41 76 171 89 24 185 165 134 172 175 156 177 198 90 110 145 186 92 32 197 35 73 97 34 101 150 142 195 166 17 105 38 127 137 195 132 24 159 168 85 19 129 178 11 145 71 145 170 80 145 13 12 113 32 146 182 79 171 186 172 175 115 175 116 162 185 176 40 174 63 58 133 62 71 160 179 59 68 29 35 24 181 190 155 189 44 136 57 13 156 129 112 89 35 5 48 61 196 189 8 120 32 103 65 116 111 80 74 53 183 3 77 95 132 127 167 126 50 144 95 103 
179 174 195 21 43 64 29 113 141 1 23 79 70 200 74 139 62 176 56 156 20 161 166 105 170 40 188 183 33 156 74 167 64 117 87 38 62 27 18 94 73 163 177 128 44 62 63 143 83 112 194 97 7 166 195 154 67 143 112 158 110 131 133 94 162 15 113 183 17 49 164 107 51 36 78 114 4 191 110 125 71 153 156 37 38 198 65 164 138 109 52 188 6 24 166 199 50 46 64 49 87 1 17 79 160 8 116 78 41 135 101 67 35 189 196 106 188 31 14 48 58 5 187 32 113 42 58 31 147 174 166 60 40 132 138 18 89 70 185 23 200 199 155 104 78 103 53 148 145 141 
3 167 102 137 123 102 13 27 122 115 160 19 37 180 109 30 103 73 175 164 161 164 195 111 79 190 180 153 167 196 33 10 161 184 59 107 190 174 185 80 132 156 72 152 105 21 135 75 81 188 90 199 34 12 133 86 116 16 70 70 34 74 31 117 116 139 153 188 48 20 95 14 85 58 22 125 10 75 23 185 77 196 69 26 200 70 100 160 128 74 75 148 110 175 121 85 188 110 7 75 170 15 103 176 193 78 11 179 87 134 70 55 123 123 66 84 191 17 95 32 66 9 174 31 31 76 194 15 176 198 147 74 188 13 126 44 32 7 45 21 151 175 49 50 199 178 26 123 126 90 
163 164 137 43 161 107 154 144 11 102 44 163 133 186 114 145 10 120 10 55 176 190 115 168 124 181 132 150 171 14 135 85 189 166 72 59 107 128 190 124 179 29 72 73 54 141 97 81 86 168 130 156 157 135 113 88 110 120 155 146 82 178 48 110 167 38 66 92 148 176 23 41 128 188 154 37 147 160 173 75 57 106 172 162 3 124 121 197 183 11 80 182 2 86 161 65 80 155 46 78 27 187 30 184 74 175 4 15 10 54 100 112 47 43 136 111 125 164 43 59 177 103 196 20 134 150 15 83 153 155 90 176 70 40 47 134 66 134 150 86 91 47 34 18 170 54 51 111 61 84 
97 139 86 99 72 154 2 194 167 181 56 118 167 75 85 101 18 91 96 108 170 120 16 128 40 140 85 65 48 187 186 75 70 150 189 59 49 96 116 103 89 51 72 134 167 186 26 47 110 47 136 192 144 115 123 111 172 9 100 35 164 179 104 44 78 30 12 29 4 73 180 151 73 38 80 180 12 200 65 84 177 60 133 139 85 133 69 22 87 26 50 195 189 48 63 72 111 19 17 93 100 198 172 61 64 10 23 108 49 169 101 137 189 129 6 183 37 126 125 24 39 188 57 155 1 111 32 40 22 70 152 91 55 23 80 33 94 9 88 143 111 29 105 164 100 71 58 96 120 62 
81 106 146 134 142 117 61 126 140 97 155 82 49 69 131 109 128 136 60 102 82 61 26 111 29 155 141 124 67 34 17 167 181 86 83 38 104 94 125 77 131 68 6 139 100 76 98 76 55 74 42 63 199 72 59 6 40 15 95 51 10 173 58 200 185 127 194 166 45 174 128 132 145 25 97 92 13 9 181 38 67 11 179 8 9 47 196 56 121 153 174 184 81 165 43 198 120 111 184 109 116 68 151 71 186 98 66 78 30 23 140 180 168 109 121 183 90 158 57 13 198 59 141 170 71 170 104 27 18 92 59 42 45 141 14 138 44 126 53 154 69 151 135 73 126 64 168 155 162 76 
118 20 21 50 20 54 145 114 48 63 23 105 165 195 108 37 54 154 186 48 129 167 25 15 29 196 152 177 79 170 91 62 25 114 46 63 67 174 12 158 44 192 116 58 146 33 169 165 129 137 162 190 195 176 142 195 122 114 42 81 73 6 170 197 77 29 122 70 184 33 190 150 161 171 176 123 4 9 30 71 141 98 67 40 148 171 147 199 174 144 33 185 122 58 103 56 61 197 1 10 195 34 186 94 56 156 58 162 4 176 3 179 167 177 107 65 80 140 25 129 132 182 22 112 192 106 35 125 98 148 112 106 33 40 183 133 173 65 52 162 9 141 104 148 55 145 53 73 145 3 
167 128 133 109 199 78 91 42 73 28 189 22 173 13 163 58 144 130 94 93 80 125 30 120 169 162 196 53 25 154 67 131 109 109 32 180 135 41 29 128 41 74 114 199 49 169 132 26 98 132 157 174 175 150 162 148 2 129 61 4 101 172 95 105 32 133 178 172 52 22 131 147 121 74 47 122 56 101 193 178 91 156 133 13 170 100 87 102 23 20 145 19 164 11 140 88 84 6 184 14 147 135 34 24 177 12 88 105 85 87 12 44 88 200 146 12 43 154 14 122 38 171 186 53 76 141 16 115 107 78 185 134 60 84 121 100 190 67 138 155 90 192 41 140 55 122 18 47 173 45 
175 117 64 80 188 158 36 141 79 1 9 156 65 43 108 47 6 150 5 8 170 15 128 26 71 168 119 103 48 49 107 139 54 43 87 119 44 154 89 105 171 192 179 190 170 29 8 102 149 68 140 32 40 185 151 26 128 184 60 149 178 54 72 147 183 23 185 162 2 54 129 116 32 18 99 67 78 30 111 41 133 71 125 116 148 30 173 167 154 73 10 109 20 16 46 16 138 94 192 1 164 50 18 67 193 76 186 56 126 190 151 122 138 90 42 122 5 127 148 109 82 93 20 47 139 9 131 155 1 94 139 38 5 50 30 138 51 198 158 22 101 140 130 167 196 120 113 59 131 86 
193 18 33 100 94 101 20 115 87 96 51 146 97 166 172 21 98 92 153 51 110 91 99 189 113 12 91 66 137 159 105 82 153 167 171 47 137 35 43 170 165 41 200 146 110 78 122 162 22 55 96 15 45 87 187 68 125 31 179 190 82 27 176 65 77 70 191 160 118 61 8 78 58 185 6 95 147 122 79 137 109 140 134 65 14 50 29 1 48 68 196 142 131 58 177 141 81 7 30 32 71 166 17 31 12 71 64 191 57 92 117 48 137 46 109 66 96 33 165 157 12 57 179 90 55 111 11 11 52 79 32 103 192 154 107 125 157 123 149 37 53 165 9 146 132 97 110 20 153 125 
20 106 187 80 142 38 35 185 168 152 200 118 40 36 25 61 24 1 63 2 42 81 182 171 129 112 194 62 69 172 113 47 64 109 137 88 128 84 156 123 125 191 160 129 123 195 168 71 185 65 106 17 117 43 114 100 176 7 131 128 34 115 195 55 51 176 87 164 149 168 104 200 178 65 39 125 79 78 77 164 168 106 39 89 142 75 156 117 154 88 194 148 168 160 13 180 33 17 135 74 57 68 178 150 186 24 70 98 177 79 5 19 169 15 89 153 148 60 20 152 150 83 191 145 124 183 93 198 175 121 153 68 46 66 178 146 151 162 187 175 122 50 12 88 107 181 32 152 40 191 
50 24 113 112 199 155 95 32 178 168 178 29 25 21 25 32 189 193 178 29 148 179 95 86 27 14 163 130 186 3 84 134 159 133 64 137 48 121 70 5 181 12 134 89 190 93 196 140 111 88 124 116 164 70 186 86 166 39 74 123 180 85 51 9 106 177 106 57 111 11 61 122 150 119 83 160 156 33 112 84 121 112 158 74 193 180 68 16 95 120 174 125 122 42 192 94 2 49 111 75 139 120 135 39 188 118 106 149 162 36 87 171 81 183 12 105 140 54 39 40 180 73 18 59 52 139 51 123 34 137 22 151 177 87 180 18 148 134 7 150 19 97 188 102 200 65 37 114 24 179 
113 152 12 52 62 191 94 13 184 84 64 63 59 55 162 186 163 86 65 5 189 144 82 29 197 129 166 12 90 109 15 60 139 60 145 52 200 86 29 125 178 20 149 142 38 161 70 72 103 115 99 42 112 40 21 115 61 66 23 180 168 129 164 97 103 42 181 170 99 91 188 116 195 27 178 2 134 194 133 40 20 78 5 116 51 67 83 182 145 130 54 191 7 164 1 51 54 107 86 40 136 181 63 101 135 77 52 139 198 26 43 15 39 177 174 59 115 193 51 155 121 93 39 105 11 191 5 20 62 138 125 83 120 81 18 72 133 53 8 25 78 163 22 123 18 90 195 71 115 84 
118 153 146 48 122 105 159 200 139 152 173 37 43 67 58 40 32 15 24 127 183 48 158 34 62 77 197 48 86 197 105 122 137 194 156 36 46 169 128 54 182 69 92 132 135 77 71 93 87 120 63 6 76 4 31 49 141 48 129 163 54 200 166 199 14 8 17 82 128 115 96 114 66 111 38 126 154 120 10 99 31 75 60 93 194 105 161 81 83 178 174 12 118 63 82 34 155 27 181 95 147 99 14 101 141 176 136 154 70 92 162 127 169 29 46 129 146 134 13 73 40 184 112 77 17 127 172 133 73 159 130 164 7 33 183 132 64 42 98 48 128 101 173 22 65 199 111 134 159 29 
193 194 76 183 100 36 142 134 189 137 102 120 17 179 114 55 65 47 118 111 161 150 74 76 60 85 29 57 7 196 143 74 131 31 38 113 2 146 181 86 166 120 126 23 25 104 147 77 195 189 119 147 176 169 127 156 78 39 29 47 171 64 19 58 120 167 186 198 68 140 22 170 179 42 63 133 144 94 182 183 171 88 49 184 64 193 187 163 168 5 170 102 60 103 152 42 48 2 148 163 100 61 38 148 26 189 6 76 115 4 88 127 64 141 10 163 107 21 35 193 29 118 134 91 174 8 86 111 165 13 15 7 112 49 24 38 83 104 72 80 29 169 131 119 31 87 86 168 21 170 
197 128 157 187 170 29 36 47 138 151 80 110 21 176 138 154 133 125 84 138 84 33 161 133 93 69 172 18 25 179 177 105 159 89 29 99 63 41 127 50 35 151 39 24 154 123 195 35 41 77 188 56 103 53 127 22 149 103 171 28 70 123 128 87 184 153 85 165 194 146 118 21 16 170 132 180 19 5 104 175 167 139 72 160 123 28 57 105 75 193 18 82 103 161 130 143 64 31 107 118 58 164 83 6 62 60 63 168 131 26 87 37 10 95 112 54 167 29 72 50 3 102 199 19 14 35 31 10 70 69 122 63 51 27 71 200 176 5 67 129 12 22 35 167 48 80 173 79 108 51 
17 74 112 71 64 62 91 97 103 106 59 95 40 105 115 55 58 107 173 42 171 21 185 177 9 95 191 162 80 5 103 169 83 117 139 51 110 150 49 97 120 93 160 41 116 2 90 35 152 191 9 147 122 110 149 40 62 191 135 141 17 136 56 21 17 179 130 151 76 136 49 75 110 147 42 139 195 185 178 29 127 158 1 134 149 3 69 188 9 197 126 34 195 147 64 30 14 23 185 176 153 199 53 26 37 89 170 13 68 87 114 74 110 157 133 191 89 85 119 20 163 70 54 46 46 146 142 55 135 11 59 6 108 65 71 140 27 128 106 132 186 78 44 66 115 177 40 119 107 47 
129 121 160 192 123 174 26 16 5 97 58 146 119 139 107 176 14 53 180 18 158 107 111 83 186 34 2 79 118 55 38 127 11 22 150 180 44 102 179 15 166 46 187 28 134 16 120 165 48 123 77 3 179 118 69 154 187 177 86 9 62 57 84 91 25 15 156 68 18 2 132 142 72 126 49 39 3 174 42 100 35 195 88 85 125 182 146 89 198 27 185 82 93 69 78 85 49 96 7 20 154 144 165 174 52 29 166 65 86 191 92 168 144 167 34 195 33 124 30 126 129 158 21 135 92 93 195 74 18 38 168 122 32 162 49 40 114 78 119 190 193 31 7 53 148 81 178 80 102 158 
32 121 75 109 29 123 81 133 128 36 134 19 25 148 129 163 78 78 112 33 50 14 113 142 103 32 104 80 7 145 117 53 87 135 107 130 177 175 146 10 170 134 132 37 159 125 55 27 173 1 71 173 92 148 30 98 12 189 165 14 177 17 171 156 184 13 99 142 166 187 34 56 77 82 78 77 184 154 84 90 190 189 173 194 64 17 10 34 18 112 86 117 39 105 58 87 81 148 143 82 196 84 64 61 18 78 80 59 160 178 34 41 188 63 157 59 182 40 2 98 178 115 50 148 196 173 142 181 25 24 13 184 135 77 200 17 166 104 27 64 38 95 111 71 82 45 147 8 196 117 
177 89 135 196 37 35 148 186 178 185 6 110 147 1 128 101 41 172 108 198 82 132 143 122 117 110 54 113 12 5 148 197 3 24 57 3 68 45 198 181 122 168 108 136 189 164 22 116 178 79 16 127 143 60 140 198 111 95 199 89 120 91 31 11 31 60 69 162 170 82 117 157 97 151 137 160 4 57 186 168 37 163 53 61 151 30 19 25 78 92 155 41 142 66 37 102 77 154 89 22 127 152 10 81 153 184 40 166 191 21 143 196 141 30 100 93 78 162 181 61 120 191 166 183 150 9 176 36 114 111 151 25 149 124 126 123 92 199 33 186 146 134 32 32 62 116 6 29 175 55 
25 166 36 143 173 82 48 157 174 183 101 189 138 169 162 197 127 30 142 127 9 159 99 4 13 67 137 52 57 108 160 115 143 5 74 142 2 140 16 12 20 37 133 102 66 164 95 17 131 191 109 125 114 49 158 44 55 139 77 8 1 67 184 142 169 19 77 151 83 131 195 35 171 69 81 151 72 99 94 40 44 27 67 191 105 42 133 171 166 195 62 114 192 182 61 81 140 20 111 194 174 123 51 145 141 162 30 52 9 58 55 6 93 140 192 45 158 145 101 163 159 58 23 14 24 12 135 10 16 178 119 170 59 186 19 11 59 76 9 90 97 145 67 191 190 174 138 178 40 60 
129 149 91 15 68 57 134 9 150 87 126 156 123 198 16 173 21 162 152 122 159 18 101 52 193 111 29 148 90 15 3 169 39 44 5 154 124 75 1 82 168 15 52 59 78 30 125 87 155 61 48 124 7 36 78 178 83 173 58 7 77 119 142 44 95 150 195 9 46 92 103 58 154 154 110 59 178 99 2 164 183 157 83 59 134 70 128 194 35 10 8 90 59 12 8 104 144 71 133 171 191 29 66 6 68 112 129 109 143 193 73 174 188 127 114 26 150 30 117 197 8 72 75 109 155 176 82 102 60 200 27 112 108 86 40 190 187 36 89 176 162 30 143 139 149 82 172 31 94 113 
107 97 146 61 180 28 35 137 44 95 134 106 16 176 110 135 91 112 82 46 42 84 58 192 128 148 162 78 41 92 179 200 167 35 147 5 52 179 49 2 50 82 56 120 156 119 103 169 62 106 57 115 112 93 136 114 43 139 127 16 84 74 63 22 166 12 191 67 11 22 106 183 98 169 115 147 48 96 40 40 26 50 133 157 86 59 5 160 185 74 87 34 123 72 85 60 110 4 135 113 145 146 35 149 130 87 192 88 123 195 54 188 180 177 176 196 146 50 69 71 14 24 70 54 24 95 22 139 182 68 191 70 8 146 136 79 25 105 61 132 4 197 4 174 186 150 52 49 93 119 
64 35 4 55 59 132 193 134 155 107 151 79 65 155 148 1 157 180 130 32 103 158 101 14 177 189 61 62 47 74 145 173 124 86 93 108 36 171 175 83 63 97 71 71 133 86 10 100 95 65 5 129 23 68 56 62 124 115 53 27 88 49 194 181 136 66 130 47 171 10 95 136 170 193 97 44 4 5 37 21 138 94 115 172 35 146 113 6 59 181 183 123 185 55 68 166 130 178 110 162 105 13 140 19 70 137 67 101 76 147 22 150 163 103 136 50 96 55 31 17 38 61 79 192 39 185 22 91 153 54 17 27 120 168 74 196 163 168 65 15 106 54 59 13 93 79 97 22 35 155 
102 199 44 124 96 147 58 165 113 106 19 57 172 111 85 134 11 116 164 122 130 45 172 77 29 89 133 63 89 93 147 91 100 133 156 156 170 132 22 69 37 121 97 165 99 184 53 64 171 153 87 128 71 34 194 2 189 137 107 181 64 182 8 44 3 157 27 131 119 67 178 145 112 37 139 160 6 67 146 105 106 151 71 30 48 176 72 22 84 176 157 126 95 5 142 134 104 197 119 43 26 110 12 160 93 112 195 89 51 158 14 194 162 8 176 18 184 79 21 95 107 121 170 13 104 127 193 187 33 191 191 43 119 200 131 179 127 96 136 54 107 44 17 190 179 52 49 50 9 94 
193 169 101 17 129 19 42 48 115 82 146 19 84 194 68 106 99 106 19 60 122 48 174 16 195 109 135 171 185 90 190 11 61 82 8 38 19 46 171 10 125 182 147 109 34 127 62 9 197 89 79 169 122 87 117 128 127 60 139 62 145 88 160 18 30 55 156 61 60 76 164 153 175 93 104 177 195 60 89 167 71 76 10 54 185 80 87 71 67 154 12 71 162 165 23 125 128 156 191 127 137 173 12 9 141 146 77 109 118 106 19 189 43 100 15 84 147 135 134 110 137 90 109 128 198 143 118 194 71 56 62 82 147 70 111 191 105 55 88 153 87 147 141 68 167 163 8 104 140 83 
42 168 175 143 186 190 139 40 121 28 20 114 10 114 20 63 164 197 27 116 188 75 69 34 130 18 33 70 5 17 109 182 77 147 102 150 103 112 118 163 165 186 166 169 94 140 54 131 177 108 190 117 57 128 114 82 41 125 161 39 23 84 181 36 108 74 152 196 94 183 13 173 145 102 11 199 20 142 88 129 9 29 14 167 134 2 110 91 52 105 68 190 38 14 38 195 106 136 195 193 127 113 42 18 102 125 190 89 123 23 112 170 34 200 59 46 143 106 123 74 42 39 6 1 36 178 143 179 108 75 39 134 157 33 196 135 110 134 56 183 67 34 52 86 70 88 22 200 105 170 
125 121 189 67 165 31 42 104 73 99 140 149 197 30 44 135 131 139 200 152 28 90 90 129 161 57 193 178 137 127 171 165 110 77 78 119 103 174 150 64 167 138 29 94 165 197 156 102 146 7 160 84 39 148 42 155 68 161 56 47 181 59 80 100 164 163 115 39 42 90 167 95 158 31 182 36 104 198 134 14 114 49 85 91 66 32 154 82 48 98 111 150 103 116 179 53 56 154 88 47 7 78 15 147 157 31 133 103 10 150 130 59 144 30 47 109 158 26 174 177 157 112 190 50 111 105 86 33 192 101 153 187 166 143 105 92 127 116 83 115 165 127 176 99 168 96 193 45 72 59 
57 159 140 94 49 56 183 125 170 113 38 15 70 40 183 54 114 50 40 54 16 93 14 153 189 140 123 151 44 88 63 178 188 147 49 36 195 122 26 120 83 18 167 81 182 105 118 40 31 199 41 19 130 134 45 40 38 164 33 164 160 93 132 153 187 92 16 158 17 152 17 26 38 140 185 178 169 93 161 51 103 49 33 38 47 125 188 18 181 180 55 5 199 94 60 109 24 197 64 58 107 87 10 50 119 123 108 38 162 36 136 12 53 138 87 181 180 14 193 85 29 192 198 8 5 100 199 32 41 76 33 1 45 31 168 124 30 54 163 129 155 37 107 22 176 160 105 106 113 191 
173 92 164 17 7 83 68 152 56 180 179 188 140 97 65 191 59 197 162 105 167 5 63 183 46 87 114 171 164 157 148 35 105 72 98 58 112 90 192 100 64 45 21 101 147 84 108 136 12 168 126 76 149 118 122 189 113 151 152 135 185 28 187 160 155 185 127 85 88 153 160 23 74 152 118 125 186 117 60 43 174 199 183 62 63 96 12 70 46 16 123 45 73 163 49 186 157 104 172 67 48 146 109 68 2 171 78 131 123 25 197 60 173 11 48 100 191 85 126 155 20 143 17 33 77 6 118 79 181 147 30 158 29 199 123 43 1 89 45 58 88 127 69 100 159 143 196 69 199 93 
139 191 188 82 59 120 12 180 176 96 90 114 77 199 26 130 144 128 3 9 51 142 157 75 170 106 165 75 61 15 1 115 35 2 112 36 166 175 164 68 177 76 64 57 186 116 150 22 139 5 183 37 165 150 102 186 181 84 122 19 192 22 52 158 197 188 79 14 43 175 166 139 132 117 24 38 197 100 32 22 124 54 133 72 64 162 51 102 25 147 42 99 53 162 152 96 71 60 177 8 122 44 40 64 4 12 168 147 11 194 152 9 70 138 94 171 125 83 152 123 18 62 123 42 6 125 30 108 173 100 23 1 125 45 39 54 105 115 131 167 44 135 49 110 1 67 100 168 100 198 
17 148 147 95 36 23 51 4 75 198 119 61 129 57 159 93 39 139 144 114 163 67 40 58 55 127 120 160 74 25 134 118 38 85 159 26 21 19 124 21 183 23 59 136 86 99 109 99 14 170 150 91 62 18 142 174 119 77 46 25 1 20 50 186 43 179 64 173 42 65 198 67 116 133 165 85 132 84 81 96 33 128 161 80 88 84 175 25 87 149 188 80 36 171 10 35 24 186 107 26 55 75 104 70 180 114 73 110 1 67 79 101 194 199 39 40 126 76 111 42 80 161 134 184 21 188 189 172 180 93 175 115 153 107 114 195 143 131 198 167 117 197 164 53 5 63 24 95 101 41 
92 106 181 176 127 116 77 154 164 113 174 165 79 31 55 21 181 8 39 58 141 109 8 75 54 5 76 58 101 117 164 114 65 151 29 98 36 137 44 111 13 76 3 162 105 180 71 84 113 114 21 148 19 28 141 17 199 70 173 107 77 121 109 23 39 132 156 86 58 108 5 85 4 125 26 64 45 45 29 39 34 187 179 19 65 79 133 136 40 47 168 176 21 97 19 160 118 48 60 121 159 52 166 122 122 33 79 25 47 161 21 98 193 133 90 193 168 68 95 25 173 37 51 16 56 56 190 92 125 121 121 62 116 58 83 64 3 29 70 192 108 66 200 35 66 50 60 77 9 2 
134 79 79 88 84 8 34 197 24 110 72 65 192 31 139 18 168 63 64 50 32 72 112 107 79 197 64 164 44 108 200 16 9 80 28 43 97 95 123 51 120 55 186 110 152 186 41 137 134 196 190 181 150 172 156 120 88 42 2 102 169 71 78 118 66 114 110 172 136 76 17 102 185 155 189 31 50 115 22 100 108 162 146 102 173 21 122 147 65 105 146 38 45 170 134 167 55 180 185 125 95 140 79 156 48 50 156 104 60 159 136 109 169 6 3 83 15 154 189 124 157 176 27 185 73 2 13 45 144 166 103 50 11 125 102 142 64 18 129 111 12 160 113 50 21 20 41 126 200 200 
104 22 140 175 82 120 116 74 150 167 157 93 8 193 103 57 175 55 22 104 159 157 184 158 31 83 196 68 65 15 115 78 96 163 74 181 184 93 82 19 100 9 163 127 105 90 129 109 44 69 45 129 146 178 35 199 197 59 86 65 138 200 200 3 187 174 142 53 12 121 92 10 146 90 90 18 95 112 78 177 149 1 93 112 43 198 187 165 133 185 38 175 56 187 99 197 177 152 136 69 172 46 182 21 119 49 167 26 11 175 180 67 62 157 53 76 99 72 29 178 117 23 172 166 177 114 66 159 50 121 68 125 2 111 163 24 146 131 5 102 18 36 161 17 93 139 107 131 21 133 
126 193 104 72 111 19 8 54 160 186 188 191 194 19 155 142 83 85 54 29 169 111 168 144 44 145 102 131 159 195 16 177 94 188 168 84 186 44 16 177 97 93 80 101 111 42 67 78 156 126 124 151 148 200 64 121 183 29 10 131 135 134 126 26 92 33 56 134 58 173 161 23 97 76 53 52 102 111 62 47 153 33 126 185 19 119 156 138 81 3 33 173 5 86 24 138 149 168 39 168 127 85 92 160 39 170 99 40 8 103 173 76 92 56 169 118 80 95 133 14 61 121 129 178 163 119 16 151 127 41 128 115 129 38 80 23 177 170 139 114 86 102 76 31 61 131 139 75 84 43 
32 191 11 199 102 196 140 115 198 199 41 94 171 12 81 163 20 64 196 136 18 184 127 25 110 119 95 106 81 128 61 159 103 174 127 128 77 90 62 43 64 63 1 113 90 36 102 25 114 43 190 1 133 3 98 76 149 61 184 170 124 7 14 46 176 117 101 163 76 36 23 26 184 97 40 116 29 130 109 155 91 58 63 62 150 186 140 19 160 141 15 57 123 64 113 78 198 154 105 178 157 170 114 78 127 106 127 182 100 54 178 138 68 151 75 86 77 45 129 67 153 140 59 20 21 137 37 120 137 93 62 130 148 72 63 11 77 164 116 150 109 155 97 99 147 10 105 140 43 95 
99 171 192 47 119 181 100 57 166 130 98 152 25 195 47 99 57 74 199 128 166 16 139 80 100 46 67 150 27 79 188 45 67 5 175 197 199 100 74 71 73 3 67 96 31 64 45 89 24 167 78 103 110 148 136 182 139 127 50 63 164 55 45 1 148 28 125 84 58 34 10 44 44 65 115 124 28 142 50 163 140 33 124 56 187 64 77 89 181 111 157 68 8 32 80 44 18 76 160 29 65 183 92 51 95 176 118 23 52 109 118 152 129 73 33 71 194 84 127 83 157 73 77 148 62 30 147 193 184 41 105 149 80 69 12 185 150 86 124 177 96 13 30 67 108 92 21 79 57 192 
162 25 74 49 196 104 88 182 118 22 151 82 95 54 55 2 28 55 22 171 68 97 178 52 169 126 81 94 70 31 176 35 136 5 80 30 59 185 161 88 29 29 94 199 50 199 65 80 107 70 124 137 107 59 2 20 134 70 84 198 112 137 47 152 32 99 52 159 14 190 88 7 84 186 189 141 19 61 18 181 9 12 72 33 55 49 35 81 115 111 194 129 140 144 170 53 153 30 152 102 191 13 193 139 98 84 82 177 72 179 11 122 155 192 148 46 84 80 64 165 17 64 161 172 22 155 97 50 193 108 189 117 84 13 96 80 137 101 169 123 99 46 194 171 127 98 50 42 148 154 
33 2 81 15 195 7 168 122 76 156 119 45 49 79 123 99 118 89 154 168 141 150 71 190 165 55 173 145 140 145 3 151 199 37 55 109 50 123 138 163 69 17 194 50 165 78 169 95 47 15 94 168 88 30 127 167 146 20 48 149 173 56 18 52 26 108 144 159 7 41 82 183 193 21 110 10 176 95 34 194 104 52 69 103 163 55 185 131 50 110 60 142 28 80 138 171 86 140 24 199 168 111 99 5 120 89 104 191 40 108 140 12 175 101 102 129 89 41 171 46 158 185 83 43 40 198 105 98 91 162 97 172 167 133 184 2 150 196 5 181 19 189 183 109 178 146 60 174 131 12 
116 45 15 71 33 82 49 150 90 37 95 191 115 61 162 107 42 123 33 20 19 32 23 15 75 152 88 101 130 31 197 197 133 52 41 156 150 193 84 107 118 137 105 160 142 98 67 180 48 77 4 138 6 111 132 141 63 120 10 178 88 72 183 53 49 164 172 31 167 66 148 163 7 94 15 70 176 92 69 93 197 66 109 187 78 29 199 40 105 20 138 60 24 122 19 4 22 137 103 189 2 23 176 114 186 40 188 75 83 39 44 31 126 26 22 57 26 120 193 55 48 149 83 91 21 160 84 177 34 1 188 3 182 110 52 79 38 74 194 192 2 102 78 14 196 50 114 46 108 199 
172 66 61 104 40 66 97 24 195 68 30 197 38 62 36 141 27 196 71 96 42 109 162 183 56 51 169 175 164 132 71 50 111 86 125 159 25 95 115 104 72 126 133 82 73 7 123 90 171 196 12 35 143 195 100 136 119 133 127 45 194 121 59 158 183 170 65 24 172 142 62 132 180 152 16 98 87 189 194 58 127 200 50 134 76 167 185 91 60 78 177 104 196 144 124 172 36 139 152 27 122 28 176 29 103 53 81 185 48 147 83 88 135 179 8 142 173 147 71 186 197 139 128 44 172 154 110 109 198 21 33 60 172 44 51 172 145 159 8 164 149 21 106 161 80 27 29 113 200 171 
99 168 95 71 1 94 49 92 27 1 130 46 155 19 144 173 90 104 132 192 153 111 125 200 180 41 67 22 89 104 176 28 134 176 83 29 72 170 128 178 11 2 29 59 129 196 190 29 41 52 36 192 149 165 182 144 157 33 25 86 185 92 163 82 147 28 13 3 30 179 68 78 22 184 136 23 57 54 146 98 19 105 195 12 180 187 122 16 59 102 190 168 145 13 102 13 28 12 198 118 64 100 24 144 182 107 36 139 167 154 192 118 126 91 183 78 95 158 136 37 9 195 138 170 150 15 145 58 190 62 193 13 52 59 181 36 108 97 51 16 143 15 87 9 71 160 92 76 112 40 
61 196 132 138 107 26 91 36 95 46 81 86 117 157 191 17 105 196 15 132 128 93 90 18 140 15 165 27 20 113 106 122 30 59 142 67 114 197 20 109 22 135 126 62 21 33 12 108 46 14 57 37 9 115 110 61 92 46 161 20 41 145 10 50 83 3 174 54 58 155 157 182 167 200 54 103 167 147 193 9 94 184 90 66 118 120 116 86 109 86 87 73 39 169 137 163 167 73 185 122 99 110 154 157 193 40 191 50 200 185 83 84 137 104 82 88 51 21 164 166 180 156 114 146 41 160 191 124 104 190 26 151 181 58 35 167 200 41 42 166 157 152 138 196 32 169 4 198 102 76 
77 72 49 2 160 79 192 94 107 112 126 77 45 133 42 169 21 20 33 39 177 174 136 184 9 11 29 47 182 184 200 148 97 173 29 33 200 67 54 126 180 135 172 124 140 114 23 139 126 32 159 6 21 52 36 76 29 155 198 193 85 11 184 189 103 109 28 88 101 48 108 169 92 185 146 37 117 188 77 23 197 129 81 73 100 29 155 148 36 169 177 169 84 133 143 29 7 105 37 130 52 142 26 132 40 91 182 169 58 125 21 56 133 171 129 150 146 111 135 88 82 175 18 177 164 57 81 42 147 50 124 27 63 48 44 141 76 17 131 76 21 29 180 197 124 72 101 173 198 30 
1 74 131 16 151 141 54 27 1 6 40 143 131 55 90 38 21 64 53 149 98 168 198 119 75 42 106 86 123 195 52 49 75 26 37 154 23 154 15 136 142 41 43 166 27 8 50 112 135 57 31 44 110 190 82 93 22 157 142 197 51 55 64 186 110 5 196 187 112 82 33 24 169 3 43 54 51 117 2 61 106 54 69 44 164 87 98 134 146 43 164 187 70 101 87 94 33 129 159 187 197 12 5 59 155 189 133 103 10 110 184 165 194 36 167 98 89 74 165 50 8 171 150 105 32 26 90 91 82 139 49 63 92 193 134 80 116 172 114 192 190 185 46 177 177 128 145 89 109 102 
29 100 137 185 159 8 103 61 34 39 158 149 119 29 59 10 56 70 175 91 3 48 190 175 98 194 80 176 18 181 120 81 44 91 151 143 97 50 107 48 13 97 195 20 40 172 85 192 109 173 116 94 34 190 165 97 133 130 159 154 140 196 55 18 102 22 108 94 103 34 163 176 178 102 51 28 147 148 67 95 7 154 171 149 74 112 186 148 112 193 106 93 153 43 76 67 26 144 37 132 135 160 152 120 188 175 82 124 42 139 143 130 140 98 54 6 117 62 6 49 143 46 145 40 41 132 149 99 6 132 183 45 80 184 137 184 193 109 65 199 116 71 43 134 54 59 113 138 92 82 
152 34 118 149 153 95 59 194 122 133 90 161 70 128 4 10 166 176 169 82 152 151 3 135 123 109 6 57 150 90 130 139 70 184 169 173 121 143 144 118 51 16 84 17 29 114 193 61 104 103 145 53 79 60 93 6 109 5 189 79 183 126 187 59 73 130 9 33 109 148 34 130 15 176 194 32 42 132 192 84 108 61 189 151 189 155 89 72 104 1 98 74 55 21 33 25 183 131 176 153 136 101 109 7 44 37 63 157 84 152 58 18 156 13 153 192 133 108 90 13 178 116 49 49 91 164 15 195 157 164 10 34 155 1 25 47 77 12 74 154 133 112 188 4 198 158 175 88 108 131 
40 54 179 161 62 56 44 78 122 18 4 178 142 113 168 63 21 119 160 10 111 23 45 78 156 148 166 142 70 50 182 143 145 34 134 138 124 35 19 124 81 69 146 23 111 110 142 39 173 24 10 43 102 58 18 133 134 56 111 17 13 74 64 35 174 129 55 38 91 186 163 200 176 116 13 48 38 161 152 3 25 117 48 86 64 56 2 21 170 45 159 147 68 137 86 39 199 170 103 53 190 90 48 129 76 131 188 86 58 164 144 74 130 97 191 62 21 169 123 64 97 18 136 112 115 125 141 164 112 175 163 75 149 63 45 136 153 90 32 179 117 48 12 29 19 27 186 40 169 8 
159 110 160 74 144 4 12 187 43 111 60 163 186 25 99 35 91 144 87 190 105 88 24 194 165 74 134 20 77 88 70 61 3 21 40 127 133 16 180 41 97 94 149 2 112 7 169 188 128 173 175 59 70 112 117 81 89 167 180 39 178 110 12 99 37 89 88 92 9 87 79 145 118 48 135 197 125 157 8 144 26 104 144 120 134 4 74 187 66 14 192 42 23 42 53 151 103 144 119 84 10 4 24 118 23 43 32 109 174 124 78 197 109 79 96 114 123 155 164 86 140 153 58 81 46 15 170 102 60 2 48 16 174 18 174 156 152 117 126 188 161 42 8 93 177 136 148 175 122 55 
175 119 103 83 129 81 129 179 59 148 196 11 73 158 14 186 56 174 143 158 40 47 118 70 27 88 29 111 71 44 197 50 32 110 27 35 162 144 94 49 40 196 60 187 108 185 112 71 106 108 127 65 16 22 71 186 30 55 20 92 61 72 76 156 37 52 200 40 136 88 61 148 132 148 32 157 141 37 13 114 189 196 92 6 41 113 23 115 52 58 81 162 116 114 123 162 174 75 3 84 23 113 85 119 108 166 123 12 180 32 182 130 72 128 2 165 52 191 141 19 126 143 161 179 47 144 43 169 164 15 62 115 50 120 171 130 156 146 51 22 7 92 96 119 139 139 64 141 127 114 
80 164 93 127 41 109 72 176 108 77 158 183 24 24 187 145 42 171 115 124 195 153 153 127 192 38 108 18 176 200 178 12 194 137 80 5 19 100 101 146 16 84 12 191 100 168 167 175 115 115 98 21 144 29 195 108 41 105 177 106 146 144 183 73 23 17 5 153 104 99 22 21 45 160 87 8 190 69 42 74 116 50 128 169 92 85 4 117 185 166 197 61 4 97 17 156 72 180 39 199 35 47 56 85 160 134 197 24 200 183 118 87 7 101 170 32 152 83 1 87 46 149 80 118 134 160 191 108 85 161 84 141 39 117 171 29 179 160 139 49 189 190 123 19 69 196 43 69 5 122 
75 180 171 85 193 187 187 52 192 64 26 118 22 24 56 155 6 18 4 21 133 32 65 141 198 62 69 160 58 20 155 65 3 85 109 133 13 32 60 85 160 154 71 104 5 187 182 180 10 187 49 64 132 29 96 181 199 153 27 72 198 42 182 126 111 12 59 35 84 69 132 33 5 23 149 55 7 189 15 71 158 190 5 75 63 29 196 75 70 194 44 196 10 170 198 103 104 114 130 49 184 12 60 73 119 175 151 122 196 119 135 127 84 143 78 37 52 60 57 34 148 43 75 20 17 98 200 70 117 111 182 97 126 155 73 127 134 200 180 176 105 146 28 117 147 165 137 123 65 159 
111 127 133 1 145 181 138 18 133 147 115 121 149 164 130 165 104 187 114 98 113 74 146 146 5 10 147 11 136 153 142 121 113 28 36 138 22 77 105 14 153 12 190 130 136 55 61 158 27 48 102 112 22 148 42 66 16 158 10 115 165 9 98 159 169 131 122 38 180 57 95 70 109 102 95 80 77 173 81 176 25 91 82 151 140 154 85 66 18 3 52 22 54 167 139 86 185 98 33 43 168 185 129 178 34 2 147 132 166 11 200 166 51 128 32 113 137 193 85 157 73 118 180 26 19 193 190 153 25 110 42 115 154 157 37 10 27 77 136 126 137 114 109 200 186 151 151 22 169 7 
38 39 19 26 21 5 180 124 141 35 23 137 2 36 111 131 34 163 84 55 35 14 167 197 77 58 199 79 177 58 140 52 82 86 138 176 179 42 91 102 26 27 16 100 125 158 15 109 88 82 131 20 86 19 96 17 102 142 181 143 132 3 131 172 78 191 125 118 132 193 6 174 58 60 167 181 197 109 101 134 81 42 150 117 175 131 114 88 76 84 182 117 151 171 35 81 4 16 156 178 194 92 121 155 121 200 87 77 172 129 183 164 87 182 80 181 66 104 126 42 58 42 194 108 179 104 34 186 179 150 43 114 181 181 89 107 58 186 42 11 72 191 58 115 1 45 117 32 186 31 
190 181 34 127 188 9 2 138 170 59 76 15 91 12 139 169 21 122 1 59 23 137 33 58 188 27 122 14 68 23 69 25 27 195 193 74 97 46 128 119 69 185 76 137 74 193 14 174 57 10 9 198 72 165 99 92 140 170 33 53 148 1 175 156 38 154 16 12 102 162 38 135 144 138 13 96 114 36 131 86 96 45 60 58 176 29 119 129 43 150 200 24 79 93 62 9 183 3 111 85 49 85 178 110 154 97 1 35 149 49 63 171 55 148 3 61 148 106 178 187 16 152 172 87 61 114 68 134 46 93 34 64 153 175 110 171 125 112 17 162 83 80 53 101 173 168 81 94 136 19 
102 88 198 58 78 151 59 23 61 31 86 4 130 157 20 83 130 26 46 41 120 44 42 175 66 174 61 41 77 22 180 200 96 64 176 48 133 65 110 69 62 99 168 110 111 31 8 118 10 41 144 78 126 107 189 184 15 143 87 10 16 116 179 16 154 79 63 104 107 149 11 148 86 81 28 82 154 142 1 4 28 161 28 143 149 15 158 119 152 135 115 143 112 166 19 19 33 179 44 70 20 38 183 64 72 62 179 132 7 64 174 50 58 25 19 59 96 4 23 160 92 103 94 161 132 41 198 195 47 72 62 75 189 10 129 97 192 193 21 156 147 148 132 31 170 76 115 1 175 152 
16 85 160 78 132 79 179 189 172 177 66 31 188 134 120 124 17 24 103 190 64 4 44 17 158 167 187 169 42 112 92 151 15 187 66 131 140 154 171 11 67 33 148 124 169 149 190 142 14 112 190 40 15 8 192 4 58 84 184 139 148 105 178 82 6 23 160 79 139 137 109 104 100 2 70 198 66 179 133 36 142 16 189 48 123 57 67 147 183 10 143 1 175 116 86 119 174 198 94 83 56 109 66 54 109 40 51 77 79 153 193 25 197 120 108 106 22 135 33 28 167 48 100 71 154 175 136 185 128 33 35 117 78 28 47 15 63 81 172 23 108 133 7 200 15 77 17 184 38 99 
59 131 142 33 91 104 120 140 40 14 15 26 31 70 170 1 23 24 107 139 52 48 97 191 155 196 85 97 115 133 103 97 49 44 151 149 98 135 54 34 86 149 137 163 184 133 60 65 118 33 8 105 45 11 111 123 29 164 104 182 28 71 191 45 66 117 60 7 77 149 163 191 3 44 10 19 129 45 71 17 106 40 189 24 72 133 93 43 190 117 87 144 39 19 194 27 137 189 183 44 61 39 64 78 9 63 111 88 106 194 3 83 80 143 126 107 39 171 176 153 19 52 68 139 183 58 18 31 116 28 171 190 6 160 166 168 17 8 192 25 189 106 47 87 116 95 188 107 187 42 
17 63 177 194 20 2 22 169 145 102 90 60 62 97 91 28 193 10 149 103 81 9 132 99 47 87 114 175 35 81 9 60 19 117 124 40 80 11 10 136 23 167 14 113 137 81 49 96 51 152 71 20 45 27 162 139 10 79 123 3 144 135 189 71 54 36 94 162 39 163 36 15 139 107 79 91 32 31 135 37 67 29 183 134 165 180 83 3 35 79 11 194 21 106 166 1 58 57 148 160 191 145 107 42 76 84 22 49 160 148 173 132 21 44 132 67 97 41 108 28 193 10 138 70 144 66 191 30 173 92 194 2 200 174 65 64 32 115 19 134 67 52 10 184 188 67 135 122 45 59 
85 152 169 147 76 118 112 58 44 21 16 168 145 195 85 164 183 104 142 138 63 116 188 115 108 164 103 101 140 95 177 137 1 84 4 153 94 19 91 102 32 128 60 14 117 152 110 17 198 1 50 40 37 133 116 113 43 91 8 18 77 40 157 186 91 150 109 9 42 41 157 191 108 155 66 85 168 118 163 84 187 37 153 99 137 135 132 33 18 88 84 179 45 6 54 189 28 44 199 37 115 121 152 135 111 7 10 65 158 102 57 101 89 75 179 45 110 168 161 107 67 108 108 177 74 172 64 2 98 77 189 157 169 13 66 99 46 42 185 175 47 167 120 85 52 105 85 149 72 138 
59 106 1 184 194 139 52 20 182 77 111 145 118 89 15 138 127 132 66 13 117 124 55 37 194 56 92 137 58 176 1 141 5 31 63 157 198 18 39 93 89 2 9 48 27 86 102 31 124 191 59 161 42 172 183 101 182 4 17 1 175 137 86 144 82 35 29 138 90 150 169 4 12 17 118 112 31 155 19 78 46 105 51 105 145 98 143 61 195 36 49 168 32 21 129 115 180 76 158 150 189 12 134 168 1 15 157 31 4 48 181 164 176 79 125 75 16 184 37 129 15 177 102 130 70 65 102 40 165 72 120 141 61 131 18 157 173 183 91 129 45 181 139 142 102 94 120 181 81 95 
114 199 132 19 25 49 84 111 176 88 142 162 159 95 35 171 38 17 133 53 16 42 78 23 70 167 183 108 149 6 5 35 192 186 8 71 4 118 20 69 101 167 65 169 141 140 3 36 91 5 64 29 140 159 8 120 180 186 79 26 138 173 199 141 104 67 103 179 99 100 6 199 188 105 45 131 86 4 197 171 85 43 125 11 198 28 38 114 118 143 13 166 70 5 92 80 84 193 111 148 72 155 159 71 164 123 38 191 93 59 156 145 77 106 167 137 16 57 160 69 195 150 160 87 111 104 166 45 47 82 154 166 198 122 83 33 169 104 106 175 181 16 87 173 24 98 44 9 172 141 
78 66 87 87 193 163 135 83 13 134 11 116 122 44 16 186 92 125 96 90 52 21 113 110 196 180 30 148 37 196 76 92 60 152 27 57 57 84 181 80 78 135 72 148 16 26 117 186 171 116 161 45 137 141 3 168 128 139 70 26 185 109 157 151 168 168 176 173 151 172 23 177 86 89 9 196 2 77 72 44 165 147 54 98 165 118 81 171 19 130 68 30 168 57 137 131 162 198 131 60 184 102 19 1 91 139 49 92 155 166 139 84 199 58 144 13 92 34 196 148 104 77 109 155 152 110 100 82 12 5 116 28 48 171 159 83 56 19 149 34 30 26 180 69 28 149 173 8 100 86 
89 55 116 136 41 192 150 175 67 68 184 14 198 57 79 171 95 123 137 158 190 24 130 41 93 74 40 134 19 157 95 132 134 35 60 128 5 105 141 114 96 109 26 22 118 16 7 116 176 171 129 130 147 93 125 11 175 159 129 189 179 70 89 138 37 70 118 78 22 135 200 190 168 108 188 7 102 92 82 180 8 46 185 197 34 187 184 47 105 4 66 53 85 165 106 63 8 21 146 144 72 57 200 127 30 21 101 183 106 164 36 138 171 68 191 27 182 184 183 162 177 34 35 25 18 161 93 128 172 183 74 42 197 156 169 19 55 145 19 195 183 98 191 61 51 144 57 94 21 157 
69 117 89 153 84 186 60 143 95 140 162 54 61 48 88 14 55 18 140 192 4 34 120 164 96 104 188 24 149 31 161 182 49 23 59 143 135 65 161 66 197 71 71 100 29 194 150 55 13 39 105 14 161 180 41 134 99 120 111 19 107 68 83 181 64 114 68 15 52 181 32 27 23 150 100 34 66 87 163 125 3 87 95 176 91 88 112 1 191 29 60 19 188 105 48 146 28 57 46 189 96 178 37 110 5 112 160 71 33 105 58 49 98 17 16 44 198 134 45 157 37 175 53 183 191 113 184 125 93 46 105 153 80 174 109 108 187 104 156 66 173 93 193 146 52 145 167 166 32 149 
32 90 134 24 158 13 114 29 127 106 155 134 158 141 101 174 8 46 40 74 19 167 154 52 132 195 176 156 48 149 98 13 125 66 196 130 58 38 86 177 4 157 117 46 32 18 100 110 38 42 54 181 101 3 93 188 11 185 121 90 107 78 30 38 122 41 175 31 14 2 85 85 136 7 76 35 42 183 2 147 141 93 141 3 196 102 88 156 165 135 75 114 197 13 99 58 165 11 78 178 69 150 101 91 39 194 22 187 181 180 12 180 14 81 39 130 63 135 165 28 93 91 22 192 97 123 106 165 53 116 108 166 113 38 17 61 34 64 133 189 107 27 7 83 131 49 95 87 22 174 
80 15 189 60 147 139 106 134 166 164 176 192 155 169 54 112 37 78 200 28 130 77 43 35 81 143 128 57 13 144 63 28 151 31 149 188 92 9 195 34 133 72 44 98 3 35 164 25 19 171 161 4 93 150 34 109 79 42 121 1 193 13 80 21 102 156 60 98 50 56 140 2 106 184 126 108 173 25 28 64 198 168 83 83 137 65 130 192 32 185 84 159 115 56 112 88 116 115 40 147 10 177 97 29 49 73 190 199 32 129 84 140 45 169 29 77 95 126 186 37 189 3 135 144 183 49 177 149 62 84 134 124 70 137 20 23 68 14 103 157 186 193 29 32 73 57 116 139 164 130 
125 64 119 159 82 153 199 80 19 165 193 192 100 121 169 24 24 132 143 67 170 124 63 167 90 11 171 121 65 60 149 45 105 30 166 15 115 93 195 7 76 163 47 80 128 74 94 146 69 147 17 62 79 37 18 112 113 113 183 159 187 169 120 188 3 39 4 102 3 92 105 168 56 50 28 187 17 67 137 24 179 68 54 40 95 66 103 140 109 84 36 108 20 153 60 102 3 79 22 77 100 106 94 162 40 115 105 48 4 66 153 13 2 98 143 110 87 136 50 102 82 32 25 52 37 86 65 94 191 13 79 33 196 7 16 175 125 186 89 122 44 134 200 145 28 97 16 127 111 33 
88 196 30 84 92 179 10 44 89 139 89 17 92 2 53 36 53 62 44 66 127 77 16 66 71 85 94 4 101 151 3 194 117 172 55 126 166 130 83 3 65 139 195 173 49 24 153 185 21 169 52 170 109 6 138 20 184 125 183 24 76 163 149 192 12 158 74 167 85 65 148 171 22 38 70 51 140 31 162 120 71 43 169 162 94 25 159 74 28 141 125 140 173 155 48 12 132 178 54 137 183 102 189 151 10 152 87 36 46 30 17 16 156 55 42 51 60 91 131 98 95 77 156 113 1 87 66 48 13 23 200 71 121 106 19 71 8 132 52 164 176 144 145 118 152 4 41 88 123 1 
170 56 189 80 190 64 2 140 67 24 123 48 80 95 171 178 111 29 102 64 171 77 41 20 167 11 70 29 147 118 122 48 10 106 53 53 150 140 192 29 84 197 54 4 28 149 138 186 114 92 102 71 59 112 80 129 138 66 49 2 31 10 54 43 81 123 125 6 197 157 186 186 161 137 112 115 47 138 97 129 165 67 26 24 153 144 179 146 1 50 139 81 167 129 155 75 173 20 92 172 94 66 30 50 93 60 144 167 146 137 13 109 27 40 45 38 83 81 174 83 40 41 187 173 141 21 50 69 14 13 13 108 131 162 138 181 156 115 63 92 30 33 193 39 70 81 109 61 17 143 
58 77 44 122 69 155 34 124 155 24 52 147 51 187 124 103 155 87 127 92 29 26 1 58 132 17 115 99 70 50 14 168 97 119 111 114 18 123 179 89 172 193 89 19 46 103 62 53 119 4 138 160 1 8 2 58 149 74 114 9 83 92 175 139 97 168 10 45 81 29 28 41 138 151 85 41 89 113 70 48 124 137 53 63 91 33 7 99 66 102 152 126 153 46 64 74 76 76 193 98 175 97 82 151 20 135 145 55 136 5 179 92 109 8 132 109 26 182 124 197 61 141 48 135 140 95 66 35 178 60 73 53 199 54 98 90 183 104 9 178 14 89 95 46 135 196 154 134 110 78 
96 22 169 85 35 43 145 196 191 88 2 52 51 110 140 32 35 8 96 134 157 45 165 113 101 187 60 116 88 27 180 118 158 166 94 83 188 142 111 140 188 108 136 52 97 148 60 25 55 139 9 81 135 41 146 124 108 81 36 35 47 166 182 140 65 127 21 174 98 23 24 128 17 116 107 122 27 45 87 83 104 31 126 131 25 89 3 86 35 79 109 62 63 5 191 112 100 73 134 88 178 18 97 153 113 29 183 151 26 139 155 20 69 48 195 64 69 180 21 200 81 58 32 74 39 110 21 43 179 101 135 76 23 64 158 138 132 42 147 185 22 19 158 200 96 74 185 101 113 173 
165 153 170 176 93 56 73 113 106 46 138 169 54 160 137 21 113 128 157 59 168 109 68 181 129 56 95 23 10 137 48 81 156 39 106 18 52 175 178 114 139 103 83 187 63 127 102 8 14 139 69 47 184 124 179 128 85 178 160 70 81 166 3 20 187 188 143 134 21 136 191 50 184 140 25 134 82 94 94 104 105 100 101 141 141 152 36 42 83 36 16 90 174 132 183 161 109 105 174 170 135 136 133 149 78 130 99 5 156 93 34 58 23 31 64 74 38 56 144 20 82 12 189 11 187 72 175 179 12 2 154 106 158 84 124 55 38 12 150 11 30 39 156 5 70 183 49 162 140 114 
25 160 197 42 7 10 56 51 23 10 162 175 166 85 84 32 176 174 83 34 8 145 103 40 193 20 184 120 16 26 14 151 132 155 125 117 58 39 175 24 12 157 39 179 134 180 138 113 31 176 77 155 158 174 72 170 127 128 40 192 169 41 29 84 171 158 153 8 105 130 170 147 188 26 21 156 143 141 12 136 112 196 89 140 56 28 55 36 199 20 61 25 60 37 4 98 56 91 119 187 133 175 34 18 116 17 160 84 20 171 89 19 76 138 179 108 184 114 39 177 76 140 128 9 97 57 66 78 125 123 176 164 35 36 180 100 140 181 91 57 18 138 166 166 98 1 19 111 200 78 
69 135 100 72 181 77 63 44 138 92 110 21 6 198 159 34 15 190 13 184 92 141 85 62 162 118 71 96 42 2 104 197 47 119 187 151 142 138 178 95 86 126 86 76 153 72 139 40 196 171 43 19 130 56 68 65 73 135 127 189 76 113 140 83 127 119 29 192 164 118 192 169 62 31 111 128 74 13 9 156 70 13 128 81 158 80 77 28 4 40 136 84 41 179 42 113 122 171 164 128 73 197 49 75 175 66 158 188 38 75 74 94 12 104 7 145 47 197 63 88 43 95 67 86 53 150 160 19 88 189 199 124 57 120 193 58 79 55 111 157 141 161 195 63 36 113 142 17 11 41 
25 21 191 62 168 5 139 152 171 45 16 73 128 66 138 178 185 128 142 9 144 196 128 38 122 69 188 47 35 49 110 119 25 51 56 81 197 124 192 84 34 68 67 175 18 195 104 62 3 6 109 93 110 108 134 51 100 63 116 78 169 175 113 62 24 55 148 99 113 108 79 98 27 28 98 21 99 184 134 172 184 98 185 169 107 147 99 155 124 2 110 133 92 100 176 15 102 3 117 147 65 44 128 97 4 23 89 101 33 28 29 169 171 125 83 170 4 38 126 34 183 68 3 142 170 30 33 77 48 94 119 109 38 22 107 93 169 98 10 42 98 29 35 196 104 143 45 45 153 196 
158 44 195 111 123 151 173 69 136 161 116 11 196 151 136 76 35 96 111 120 144 124 64 42 89 34 79 75 56 92 171 11 123 191 149 89 114 110 2 102 147 46 111 9 14 29 3 148 83 2 160 78 198 61 91 150 36 134 33 48 42 36 64 81 172 49 24 11 91 119 180 155 138 138 104 130 72 53 194 165 107 34 196 39 71 62 195 159 198 19 67 109 154 119 127 18 183 21 30 36 91 184 81 15 22 17 145 132 112 55 76 140 152 9 4 138 114 183 185 127 194 177 77 111 71 74 14 100 92 12 187 44 89 181 64 199 182 112 115 60 155 55 72 188 74 62 72 57 65 22 
155 57 44 23 49 79 56 52 181 11 148 139 170 13 9 89 80 70 49 39 135 92 164 28 35 22 131 170 193 9 115 156 35 162 112 152 96 70 12 176 135 91 53 49 120 198 150 108 87 163 184 7 137 67 108 80 121 148 124 108 199 74 5 60 164 78 78 70 18 146 91 155 17 90 156 33 144 55 156 125 99 112 18 85 188 178 79 115 101 4 91 64 37 19 116 45 54 14 88 21 33 103 25 110 107 149 77 94 158 50 79 68 189 118 197 41 197 121 134 144 118 105 146 22 135 74 73 181 63 37 148 181 112 181 180 52 109 59 125 19 198 170 192 124 56 161 187 102 117 47 
144 17 67 54 100 81 57 9 184 26 162 165 96 180 41 179 136 176 53 28 78 126 36 165 11 166 28 107 31 160 72 81 167 96 36 46 116 102 21 184 188 101 156 89 150 141 139 168 181 144 190 70 30 29 166 198 14 161 197 182 126 121 56 3 23 152 99 87 28 79 186 47 110 111 13 5 187 83 152 65 30 54 35 90 112 147 31 132 35 97 143 151 145 123 76 38 154 147 172 117 168 41 144 190 48 18 128 140 53 18 59 135 59 190 172 75 1 83 42 45 133 135 136 69 190 100 117 103 31 95 53 98 38 162 75 188 181 184 198 53 124 2 174 7 53 108 31 157 132 94 
108 115 107 191 145 172 79 168 125 57 65 24 69 190 46 178 153 98 168 140 128 78 128 178 27 46 150 19 120 127 5 134 110 183 4 41 183 127 17 141 183 54 17 14 59 81 14 116 40 153 155 180 190 50 133 37 193 26 137 179 58 34 10 3 78 50 103 142 61 14 86 143 83 147 200 30 124 26 43 25 146 106 6 31 190 79 95 198 60 104 1 22 76 80 115 59 193 34 5 36 188 127 177 18 17 125 68 117 141 153 93 83 41 123 2 196 109 22 85 66 53 134 167 159 67 28 10 42 184 97 20 181 196 163 136 94 7 18 44 53 76 100 49 150 79 129 180 185 45 146 
59 95 131 47 47 72 114 155 144 51 200 18 139 180 135 150 70 123 58 100 123 34 191 155 110 35 159 3 142 45 11 174 133 24 124 111 31 77 42 74 17 104 171 40 28 130 159 20 118 145 114 36 125 178 192 181 31 74 69 30 126 39 11 68 178 9 182 88 169 45 119 67 174 181 104 1 104 108 68 27 163 80 123 182 83 158 152 179 171 88 61 38 92 102 31 97 170 24 122 45 151 168 58 42 23 53 40 126 184 64 124 44 56 57 186 57 186 85 115 58 39 148 53 161 119 90 86 170 181 9 66 111 104 55 118 145 66 143 38 77 87 2 59 118 182 40 71 173 117 127 
157 154 88 97 195 97 64 60 129 8 119 84 199 59 177 135 196 80 2 145 3 103 199 184 144 180 47 67 48 195 77 5 105 15 104 29 59 20 18 5 180 51 120 20 11 22 179 128 80 50 76 188 170 45 8 95 129 192 20 147 57 3 165 24 134 169 125 178 120 163 78 132 66 63 185 40 62 5 146 95 59 3 12 163 31 86 172 133 87 178 64 108 105 45 69 56 185 5 1 129 31 37 128 124 140 32 69 178 142 14 13 104 130 121 21 131 68 150 60 94 176 66 82 140 167 37 91 187 129 91 172 100 78 90 80 185 129 130 74 97 162 67 7 133 159 117 97 57 73 32 
33 45 172 172 71 12 197 85 194 135 61 199 130 22 12 181 44 17 146 174 112 189 53 126 183 131 146 88 85 169 175 56 44 166 20 125 74 150 93 153 138 94 80 2 2 91 159 108 142 143 104 128 62 69 198 25 102 176 89 188 131 117 44 14 74 34 100 14 24 139 16 144 45 15 48 111 26 189 4 106 152 52 131 187 9 16 111 118 81 49 32 172 150 2 76 51 174 59 36 84 78 34 182 153 129 45 46 121 67 87 60 36 196 69 190 148 164 53 163 195 148 144 119 23 183 57 189 122 142 44 26 101 168 136 196 175 77 177 71 142 39 184 15 64 101 29 56 39 37 109 
48 154 82 3 118 13 123 53 60 165 116 101 146 39 133 82 185 48 64 89 144 98 79 66 30 92 107 192 98 183 194 142 85 118 68 32 46 143 113 83 93 127 25 4 31 1 112 96 86 128 159 181 111 199 140 46 84 107 196 191 176 66 62 110 54 66 63 180 53 195 98 94 3 182 9 35 45 95 178 145 78 107 39 174 100 2 61 108 56 159 71 122 25 50 116 18 40 81 80 114 101 122 28 108 195 155 148 17 54 16 111 180 48 96 172 24 170 33 49 157 136 188 181 13 32 163 82 106 56 70 124 129 44 121 172 168 7 179 192 18 94 62 38 4 162 12 167 175 45 194 
104 57 67 162 138 190 107 166 114 162 194 59 153 159 84 91 98 130 28 24 85 41 141 191 17 36 48 91 53 37 110 139 106 154 61 75 109 118 153 64 119 53 138 122 43 112 101 173 131 186 53 169 96 7 88 128 83 151 80 32 189 58 7 73 107 92 143 77 160 146 85 197 72 143 74 127 64 32 198 44 162 197 187 30 16 173 194 54 73 136 127 60 117 168 41 176 68 138 184 164 60 161 109 151 6 5 137 118 41 71 135 170 124 109 170 60 9 67 88 56 93 147 12 62 124 180 153 130 97 120 87 63 17 142 36 158 77 140 25 12 176 47 84 38 189 140 78 102 187 104 
97 142 81 99 102 192 107 104 71 28 30 72 132 184 148 164 35 56 113 130 25 162 177 96 3 9 149 78 191 133 25 166 26 65 119 90 163 192 61 31 50 3 167 163 38 87 119 56 95 122 44 132 120 112 4 51 47 101 79 63 121 74 51 139 13 105 149 192 88 50 193 118 163 15 14 111 190 95 118 24 12 132 180 58 133 106 38 182 88 1 64 196 144 98 157 39 189 89 65 28 38 129 177 74 68 161 88 48 14 2 145 56 96 97 53 78 4 178 43 109 86 116 84 73 60 168 52 141 61 25 32 162 34 116 41 68 93 61 158 64 146 158 29 53 36 133 13 120 193 142 
19 21 38 17 117 165 9 147 195 95 54 154 70 95 47 64 63 99 188 5 110 66 86 18 121 101 50 119 186 61 13 30 62 199 87 126 118 196 41 167 37 41 109 39 185 42 136 95 10 197 58 13 160 46 113 50 169 23 196 162 177 4 137 97 195 61 106 8 194 49 150 161 50 44 156 35 67 19 101 185 189 133 163 85 1 11 198 76 10 22 176 179 140 22 153 61 174 154 63 64 154 48 119 155 32 199 150 100 76 16 177 36 55 76 36 156 39 9 123 112 70 53 146 72 108 171 34 27 193 75 152 186 149 159 91 49 112 163 84 18 43 42 160 106 154 36 188 87 153 60 
41 87 47 66 148 10 157 112 107 4 39 21 128 118 109 83 131 97 117 141 197 53 120 77 80 151 117 152 135 79 131 89 3 36 158 160 139 160 126 131 79 41 181 186 149 142 47 139 145 160 63 153 71 165 92 92 150 99 81 80 50 150 131 121 12 119 37 13 91 102 70 157 140 179 74 54 125 15 127 45 161 163 114 89 52 153 136 118 174 161 163 63 179 73 89 125 97 130 70 190 64 168 118 68 5 191 36 154 75 28 93 31 120 20 27 133 70 18 111 50 118 67 168 166 105 66 61 100 40 196 116 1 134 13 193 12 192 124 110 123 176 186 198 12 42 179 138 157 71 145 
161 22 68 193 190 174 86 150 88 143 158 132 191 57 184 43 164 38 66 154 161 113 164 32 123 161 143 192 23 54 119 182 70 120 150 52 29 101 150 168 21 172 11 94 161 101 127 196 174 116 91 49 10 21 176 79 9 71 149 46 113 35 25 104 200 198 103 20 100 90 42 113 164 21 171 52 178 14 20 113 26 77 191 197 74 11 157 36 142 154 177 134 43 169 3 66 32 47 110 86 114 151 117 160 18 102 46 51 19 9 20 23 101 129 100 82 88 91 131 109 102 147 175 91 62 76 95 79 7 81 48 45 39 15 113 109 103 186 61 187 180 173 41 65 182 17 178 5 103 82 
72 200 39 152 54 60 25 137 68 98 168 34 186 61 91 3 55 142 9 111 194 30 160 116 155 92 5 65 143 141 26 52 153 88 137 3 70 99 171 64 45 1 45 148 98 168 183 61 27 118 109 179 194 110 148 66 166 22 58 16 80 96 131 138 13 151 104 181 135 175 158 6 168 102 187 56 183 36 129 117 37 9 15 70 1 67 110 81 195 13 182 62 56 148 195 59 31 186 71 122 147 138 143 185 63 158 26 158 135 88 188 111 5 21 166 199 102 74 16 167 48 6 26 105 169 200 147 4 164 2 24 19 47 112 170 16 96 140 162 182 133 187 158 4 119 68 190 89 33 189 
196 93 57 69 79 165 178 17 115 78 12 58 31 97 187 168 165 102 199 146 187 53 35 57 137 104 104 67 94 185 113 129 10 77 183 87 199 176 123 147 126 154 46 49 79 37 88 117 18 167 135 188 73 135 126 124 75 87 15 191 111 74 62 124 132 178 170 4 171 73 81 168 104 154 34 134 21 159 37 49 21 113 45 44 168 2 190 173 192 25 71 41 157 114 42 104 39 170 26 138 189 5 110 167 39 198 114 196 103 37 166 178 14 162 16 107 135 4 33 91 185 129 18 63 153 50 99 68 191 101 122 109 39 92 64 81 80 17 158 51 155 47 187 161 75 75 167 188 51 173 
124 150 3 153 3 72 65 100 12 125 85 123 70 129 10 9 112 66 157 136 72 48 161 57 123 101 68 128 82 35 149 154 90 87 195 148 66 13 37 55 180 164 13 90 87 60 177 173 182 86 25 198 17 69 22 61 169 111 122 131 85 191 29 141 77 41 109 2 190 104 163 131 52 167 38 155 189 80 139 13 173 156 33 26 26 139 89 200 39 137 76 20 158 42 39 16 69 51 29 15 159 151 158 99 53 162 73 36 198 11 87 86 149 192 68 50 155 187 24 119 111 106 108 42 82 72 133 137 177 160 28 80 85 75 95 18 41 25 165 82 34 181 24 110 18 134 60 116 163 101 
55 89 50 5 35 51 77 127 83 189 24 10 19 77 168 143 119 131 24 178 129 98 9 112 144 165 156 14 194 6 114 65 86 20 66 84 84 143 35 25 102 34 58 122 3 73 70 50 7 127 75 147 178 32 44 130 71 172 63 28 49 69 141 139 46 189 53 33 168 177 101 102 147 106 114 109 171 195 154 159 69 7 137 67 188 140 195 198 13 30 172 126 177 74 14 104 22 98 119 34 135 123 5 156 117 66 91 178 79 168 32 99 46 109 153 78 144 141 40 123 90 156 144 130 95 183 197 28 39 131 150 85 84 75 122 126 147 135 128 71 105 177 67 61 21 34 118 154 39 35 
68 33 58 185 109 87 108 169 56 186 37 110 161 129 89 56 77 97 187 128 31 61 107 157 37 198 157 195 117 199 149 8 82 60 115 7 103 80 150 127 171 116 111 8 129 120 87 75 198 151 132 41 172 43 83 150 138 121 4 18 133 81 96 89 6 132 35 156 129 154 44 155 103 66 15 127 195 159 133 171 172 194 148 134 84 55 158 179 72 108 135 87 8 195 58 125 132 74 139 190 121 18 9 127 55 17 74 27 113 23 26 139 47 149 187 199 92 33 111 13 51 6 78 196 72 79 58 43 90 16 185 92 67 43 52 107 86 4 124 158 100 118 74 4 12 56 53 137 84 74 
39 125 16 165 49 22 6 87 142 65 80 4 35 60 83 54 150 134 43 66 196 58 129 134 175 2 149 30 13 57 149 147 26 3 112 31 146 34 106 91 190 82 82 86 152 39 23 14 98 91 102 133 22 75 72 20 173 134 6 41 61 85 30 52 72 126 156 64 112 93 9 45 138 109 192 86 9 61 159 182 114 29 156 130 78 169 198 51 171 162 170 137 189 126 108 49 72 154 57 169 29 45 4 1 32 180 2 78 153 158 53 99 5 140 161 131 161 132 85 107 49 81 180 83 145 187 112 190 119 137 34 172 148 128 151 35 194 6 64 105 167 136 172 54 167 161 136 4 75 33 
174 51 22 63 180 130 75 121 99 3 68 178 180 94 22 147 60 47 106 103 30 92 65 7 21 147 4 17 165 21 157 75 45 138 26 124 149 51 17 161 160 147 17 26 135 7 46 72 51 157 154 196 77 187 167 88 110 194 164 91 72 146 40 10 115 91 110 30 94 37 135 140 9 93 129 198 24 198 154 5 56 73 138 169 125 69 134 96 2 56 16 39 130 93 66 128 53 86 181 123 75 93 197 1 194 94 200 125 23 179 173 128 200 133 162 154 101 119 148 119 192 35 136 67 196 35 159 9 124 143 196 147 174 41 10 77 174 16 181 74 172 42 135 55 87 191 42 8 93 63 
26 170 143 178 102 58 37 117 122 50 123 50 114 29 104 22 18 25 67 45 160 51 76 199 55 179 71 78 71 5 180 176 84 136 191 194 29 77 101 131 124 3 31 146 101 105 98 102 153 70 131 10 71 190 107 156 35 114 5 44 31 46 127 36 59 151 153 76 79 143 200 159 147 5 1 134 184 169 139 142 117 162 31 137 107 167 83 165 183 87 29 116 185 90 153 99 145 85 139 103 123 133 132 185 78 108 37 134 179 126 2 185 174 52 35 183 57 18 165 58 196 178 19 164 191 72 38 73 175 152 5 52 87 164 165 63 122 91 178 72 187 117 44 89 4 195 93 182 69 84 
103 25 188 198 30 111 54 166 78 174 154 167 170 34 64 56 176 52 121 133 15 89 40 125 64 50 179 81 184 142 60 148 144 117 146 139 58 119 119 15 59 114 18 71 124 26 148 103 156 147 100 119 178 18 90 194 64 80 26 180 106 141 34 75 190 12 193 175 126 83 105 37 53 87 77 124 175 143 100 14 6 116 189 47 185 29 71 18 127 172 84 150 102 191 57 186 34 196 36 64 170 55 146 199 179 156 131 132 133 67 126 9 95 102 51 43 149 197 20 173 116 197 74 44 63 91 82 146 161 129 57 67 52 198 49 132 179 127 123 109 137 58 43 9 192 28 68 27 173 85 
24 97 50 90 81 136 61 147 182 161 82 120 26 168 143 104 24 175 181 100 200 89 82 34 120 187 151 166 58 26 134 198 193 122 144 169 199 98 69 66 72 27 89 31 38 183 7 26 142 22 14 17 16 188 31 66 108 142 168 103 28 121 84 186 36 130 149 100 138 89 82 194 30 79 147 190 16 52 76 14 28 39 55 107 121 192 149 194 175 160 38 135 125 145 32 176 170 188 38 52 1 188 7 42 2 175 161 11 50 145 179 50 49 61 142 12 175 120 56 193 90 44 181 94 111 1 144 160 8 129 197 36 124 107 144 116 166 178 100 176 29 65 3 132 175 50 170 27 182 69 
8 39 154 12 170 121 122 193 46 200 81 93 152 1 126 54 74 184 63 133 155 147 190 3 67 83 62 124 171 154 161 72 102 192 62 112 184 152 111 7 188 176 27 177 70 172 99 168 195 92 19 16 39 3 149 12 97 161 83 33 65 77 28 27 27 5 163 101 166 93 134 141 31 2 60 187 141 10 112 109 3 195 102 65 8 161 51 82 61 11 5 180 158 112 26 148 4 107 122 12 22 56 90 16 163 38 50 187 129 91 194 163 120 62 113 25 41 70 28 112 29 78 22 187 83 134 35 155 74 53 135 64 66 48 124 25 118 68 179 22 141 29 53 1 189 28 162 32 49 198 
28 183 127 135 79 87 157 61 68 61 125 40 176 41 186 132 142 183 103 109 164 44 49 26 104 86 172 72 10 72 87 168 26 85 56 29 89 152 113 21 125 182 12 38 187 84 3 33 63 187 105 97 164 61 93 98 90 129 2 127 11 109 102 91 57 149 121 42 75 31 101 102 12 49 89 29 32 125 188 178 148 45 97 17 125 117 71 41 37 2 192 25 131 54 71 119 3 57 131 151 181 53 35 73 126 2 200 122 46 125 162 148 17 6 37 193 156 10 140 81 200 112 39 82 92 87 77 193 5 45 173 34 93 22 55 165 172 11 45 131 178 148 134 53 188 69 36 128 31 58 
67 194 73 104 173 98 146 146 70 178 189 55 160 91 61 106 81 45 173 148 129 134 61 165 43 195 168 179 66 182 124 177 139 169 193 115 176 115 31 1 45 32 102 176 53 190 134 88 135 52 71 73 16 41 115 84 6 101 45 57 198 196 131 103 126 95 57 89 83 136 11 39 107 24 145 40 190 75 79 54 82 82 61 124 51 99 9 38 58 12 128 109 200 109 160 141 69 118 34 45 51 91 133 58 181 171 151 15 99 197 54 96 191 163 69 198 58 43 123 37 139 97 120 87 101 136 93 91 46 20 60 154 94 44 98 132 72 149 78 114 131 177 105 78 157 157 82 148 159 153 
189 73 159 95 152 33 55 34 33 169 152 97 163 59 116 125 172 168 34 38 145 9 146 171 198 167 31 75 198 186 143 183 37 142 84 8 179 36 157 85 113 57 7 134 184 135 111 81 116 80 178 101 158 91 139 40 10 130 20 62 18 128 159 31 165 192 58 40 67 115 76 198 131 33 157 52 11 133 199 89 68 155 114 116 160 81 74 38 130 174 60 10 38 37 140 117 103 51 35 44 195 101 164 69 3 20 106 114 61 145 115 67 99 49 200 164 143 182 78 185 46 188 4 26 59 56 177 52 81 46 160 120 176 170 14 158 175 117 151 17 45 94 114 78 100 141 55 28 18 140 
13 154 51 58 158 59 190 57 51 111 146 70 95 78 183 83 120 105 106 56 106 101 198 189 9 129 7 98 150 114 76 57 62 35 53 51 189 177 41 11 11 136 169 60 27 139 16 56 116 1 23 1 66 139 94 197 9 127 127 41 66 197 90 191 92 112 186 116 84 16 110 135 121 111 134 17 77 44 40 93 104 84 4 145 194 136 185 65 186 6 136 14 1 169 160 69 106 21 101 49 121 175 40 144 2 141 70 116 131 179 47 45 104 83 71 48 116 129 95 82 96 116 115 73 199 10 159 66 10 181 160 1 46 22 132 120 184 180 91 97 167 168 18 61 39 130 64 141 163 1 
17 191 120 91 199 38 53 35 30 128 123 122 75 3 126 61 79 18 134 15 121 73 174 183 68 36 128 170 18 190 17 63 174 14 174 128 87 125 43 153 114 35 43 115 87 31 128 159 124 62 57 11 188 181 25 76 178 176 69 36 90 185 180 136 87 161 142 147 181 149 62 137 79 91 172 134 4 28 165 45 60 4 138 181 180 163 63 55 9 89 40 113 85 35 79 130 45 39 6 14 35 51 95 183 11 69 68 13 105 153 199 181 21 120 167 102 163 42 19 108 157 14 69 77 112 154 176 82 15 129 184 152 123 22 89 113 183 105 80 96 76 28 126 189 151 159 198 3 116 81 
71 113 45 182 181 142 10 147 175 180 115 125 155 90 191 7 22 122 32 5 152 32 165 36 100 149 62 200 9 30 30 47 157 55 122 22 120 89 70 107 89 160 153 52 156 82 77 199 98 29 149 107 73 172 16 79 113 76 92 136 133 130 196 113 173 135 157 34 76 43 136 104 56 185 152 119 198 189 92 1 127 78 102 35 196 75 136 7 1 132 190 64 48 179 162 177 143 146 15 44 95 176 129 104 140 140 57 51 17 63 78 46 70 77 27 57 101 1 20 187 172 2 187 13 79 68 123 130 44 19 46 113 144 115 26 13 5 161 79 162 160 92 52 22 101 19 84 65 95 76 
79 163 75 64 5 109 126 75 25 52 66 4 189 118 195 183 171 133 193 129 106 61 189 41 194 97 43 50 179 92 31 112 158 197 30 110 196 103 5 27 48 16 118 45 90 51 66 178 19 25 101 74 194 127 28 21 5 15 57 5 155 88 186 197 5 178 183 69 124 14 129 114 132 187 45 143 117 77 123 79 73 63 161 62 108 38 159 153 81 16 67 56 28 16 17 132 71 184 76 26 197 174 107 70 44 174 90 171 29 188 111 16 24 190 185 36 91 80 26 94 148 25 121 72 198 91 50 192 133 146 49 96 102 52 26 200 60 74 84 168 83 46 185 43 188 6 95 144 43 183 
103 74 9 32 124 77 62 39 17 197 40 136 74 53 22 33 176 181 151 17 70 40 75 56 55 185 54 53 58 46 4 3 66 151 58 44 70 35 63 158 70 57 125 89 68 166 17 74 36 61 48 166 27 155 137 93 29 122 34 25 186 26 146 185 149 185 54 45 170 30 181 72 109 34 96 175 92 158 156 195 132 65 4 159 40 53 75 114 111 199 22 91 161 162 110 98 160 42 31 62 165 196 143 51 31 14 127 123 70 113 175 125 61 173 159 91 200 121 12 123 37 146 81 61 53 39 96 88 130 98 75 26 137 12 128 114 11 36 170 123 52 32 20 67 147 112 182 129 92 172 
61 59 120 11 20 101 69 178 119 69 94 1 13 104 96 176 67 68 193 81 169 127 186 32 161 52 111 164 169 20 54 176 116 113 120 138 160 136 179 133 7 19 46 134 1 109 40 197 166 10 62 23 66 1 47 63 109 94 88 168 108 26 19 110 91 122 138 29 194 131 16 108 173 58 43 190 42 161 146 148 95 83 94 72 32 94 94 152 66 25 7 68 88 118 193 186 105 156 135 147 106 25 190 124 173 45 183 124 64 193 178 29 166 59 115 151 137 155 25 9 98 65 141 68 13 180 33 11 118 106 186 197 143 13 188 163 184 81 24 107 6 25 167 163 36 147 69 60 145 34 
63 199 101 13 59 156 184 138 89 147 192 185 81 178 180 147 173 119 63 1 140 2 161 120 101 116 152 44 138 119 23 141 53 119 169 41 110 181 138 142 6 148 23 198 38 31 65 8 16 37 6 125 73 3 5 170 12 116 27 122 89 4 9 84 12 110 121 141 91 107 10 25 78 51 35 38 177 139 96 67 11 83 104 50 122 121 92 72 4 166 32 127 24 108 178 7 194 12 98 180 125 196 81 141 112 66 24 64 63 198 149 133 17 15 185 53 189 138 122 101 12 8 108 180 64 36 4 132 130 180 67 58 179 34 145 60 134 63 121 81 67 94 60 74 24 81 115 68 130 50 
33 9 26 37 140 184 144 23 129 13 115 16 113 15 104 39 48 177 27 141 122 71 66 77 44 144 172 148 70 62 181 117 162 116 79 124 190 38 183 22 69 137 69 42 119 139 103 196 7 95 165 115 94 4 17 137 163 188 46 124 16 24 99 133 146 100 182 47 137 37 161 155 86 105 5 51 149 113 95 6 32 2 33 58 29 63 45 166 118 12 46 22 102 86 2 84 177 15 140 193 171 33 75 153 116 127 115 186 10 11 174 56 129 21 106 131 154 179 46 137 119 40 55 75 196 195 76 126 144 17 106 5 165 186 43 191 154 41 175 35 151 99 14 191 60 82 196 43 176 162 
6 8 182 36 107 109 120 38 91 47 96 92 99 73 129 44 62 155 92 100 172 104 116 179 140 149 54 44 94 55 29 60 75 43 51 78 160 181 34 199 199 176 38 41 39 56 170 154 86 129 52 56 83 47 144 154 64 163 48 90 26 62 173 121 81 25 36 23 63 54 47 22 173 182 59 94 31 96 48 51 48 99 178 104 45 121 128 47 150 72 112 29 45 22 128 15 139 48 135 28 24 81 60 89 21 123 164 107 196 24 93 128 46 27 199 141 78 32 92 190 62 141 99 26 131 12 121 41 198 43 78 143 25 190 98 62 165 178 127 31 161 115 28 178 198 118 95 168 66 135 
83 168 46 169 138 26 90 173 14 61 51 12 136 146 150 61 22 81 93 127 157 85 54 99 119 24 73 10 192 194 60 174 104 31 75 133 118 148 158 19 109 112 104 31 100 19 143 53 93 3 104 179 58 188 70 5 131 71 72 131 144 193 31 145 51 49 49 85 19 100 2 88 183 62 26 91 36 190 184 124 122 192 74 10 49 49 41 132 136 135 82 26 119 52 20 146 24 196 44 174 189 142 194 3 157 49 29 91 164 90 108 69 52 165 66 195 187 157 129 71 119 87 155 193 133 148 124 8 81 13 144 55 124 56 39 32 46 181 2 146 84 25 97 102 98 50 78 21 129 68 
34 182 124 83 107 122 29 36 57 72 166 125 194 43 137 27 131 33 30 61 196 40 85 21 5 148 50 40 94 163 182 193 192 76 50 34 157 190 153 83 149 196 120 148 88 127 46 180 156 117 163 171 40 16 107 14 172 196 41 133 83 10 189 33 190 44 52 32 29 114 68 25 197 53 107 72 167 170 139 47 17 76 63 36 19 130 16 33 99 33 11 4 74 76 9 108 17 53 20 185 46 89 104 32 193 13 87 122 133 46 150 132 95 193 9 171 138 156 176 96 25 174 66 13 125 183 19 80 140 31 127 45 126 45 17 177 116 57 30 163 131 97 165 175 146 143 164 54 46 28 
40 82 76 155 24 80 148 60 194 159 18 7 14 66 169 143 35 186 93 6 49 57 38 108 102 12 84 106 194 86 129 177 118 101 3 111 63 40 173 178 141 123 94 185 170 3 44 22 22 180 156 136 65 58 10 126 182 113 38 147 29 68 89 85 195 135 91 108 115 74 72 90 22 144 116 148 76 59 19 198 159 180 57 159 60 193 68 30 63 150 154 95 80 128 8 23 138 126 136 38 2 55 190 161 119 143 53 38 43 97 24 193 160 108 108 2 22 189 47 24 21 102 138 125 136 21 93 79 81 170 192 132 34 24 7 147 135 79 40 162 76 143 151 5 95 10 3 1 158 47 
69 28 145 161 98 161 87 12 151 50 136 14 62 53 77 12 48 127 96 4 149 183 186 119 88 115 13 193 3 50 115 138 106 139 33 29 180 72 65 40 138 68 4 54 137 91 42 67 41 134 107 109 30 36 197 158 75 112 31 149 125 79 75 194 84 80 103 176 40 102 71 144 85 166 189 112 153 61 79 134 167 158 98 85 179 146 32 130 11 177 19 186 123 66 69 162 21 150 20 140 163 143 127 156 28 63 87 149 80 3 187 138 70 96 9 32 22 32 186 169 83 135 190 1 105 128 71 87 66 159 132 120 21 34 13 95 71 97 131 151 16 23 43 36 63 119 128 84 84 189 
76 37 188 70 61 106 158 27 96 8 47 11 103 158 94 4 188 126 130 96 15 35 42 36 59 24 83 176 20 163 63 185 92 47 22 144 130 106 33 181 45 81 163 30 54 147 142 85 83 147 176 171 3 25 169 125 14 162 32 17 32 65 19 83 128 167 162 47 112 149 3 7 182 132 7 171 28 36 49 193 125 33 139 149 62 15 130 114 14 97 122 191 43 26 25 63 158 197 172 130 4 2 89 79 153 133 189 20 73 175 119 90 42 137 159 106 112 73 21 139 128 187 118 171 121 163 43 115 101 9 181 51 121 51 188 81 13 88 157 56 131 200 80 140 142 106 74 157 1 68 
181 86 17 87 99 87 200 131 175 192 30 120 198 81 7 146 68 177 76 188 20 84 6 174 134 99 146 18 102 64 55 33 67 106 12 64 38 190 58 114 142 12 107 57 53 170 200 189 64 84 111 78 113 156 7 86 199 94 174 116 42 168 118 65 168 190 79 175 166 180 166 76 42 129 2 167 58 81 155 27 89 46 84 50 11 29 120 158 12 58 25 76 177 35 6 16 38 137 88 176 21 198 65 18 117 198 58 31 195 25 163 56 97 122 8 107 185 116 44 67 14 135 49 106 176 131 27 95 81 155 8 53 173 132 54 138 96 32 164 155 108 6 119 192 53 158 98 64 50 137 
10 37 5 154 79 198 175 154 192 69 124 20 183 1 154 112 168 24 35 66 92 164 77 82 194 16 47 126 41 150 161 97 11 82 70 196 24 59 18 184 173 84 54 195 93 92 169 67 27 190 80 88 176 39 104 127 115 174 167 17 2 155 137 88 161 175 131 62 16 139 62 61 191 186 138 17 86 199 48 138 73 125 61 107 55 185 47 81 8 55 189 114 65 149 179 57 120 182 77 145 36 80 3 5 127 180 92 92 55 1 22 55 44 168 30 146 19 105 124 72 79 98 136 21 191 102 48 76 35 30 79 49 42 116 111 115 64 162 87 66 93 51 73 139 11 49 165 177 59 6 
102 66 44 125 178 24 73 180 88 29 147 141 58 188 43 107 66 132 34 177 40 105 29 148 145 117 80 166 189 38 108 185 164 88 53 12 76 160 43 86 176 74 129 36 187 3 120 162 56 94 78 191 14 48 187 60 40 111 83 3 65 61 19 30 197 45 145 48 187 75 191 103 53 105 90 106 119 162 72 192 197 8 37 117 19 103 98 173 141 65 102 126 16 44 178 96 68 153 181 4 119 142 85 109 33 165 191 132 119 25 185 135 127 137 70 176 112 174 43 70 3 91 152 14 161 168 50 113 187 156 63 133 90 29 70 183 68 1 65 101 139 147 93 132 34 166 96 31 123 190 
9 184 25 120 199 81 168 59 12 8 12 33 171 192 2 10 102 174 132 164 71 25 8 35 64 15 111 189 88 144 143 14 194 85 124 164 187 8 28 153 104 200 3 55 157 82 63 11 144 84 127 198 66 176 47 105 50 15 89 172 155 122 142 196 34 69 109 70 39 198 179 156 165 180 160 62 189 39 170 5 151 143 79 27 19 174 131 40 91 45 67 32 191 15 70 25 25 52 179 145 187 173 175 160 27 112 50 3 5 21 55 101 100 191 111 131 89 137 177 14 68 121 21 172 32 113 37 164 56 69 80 179 24 73 51 166 169 53 125 138 15 31 72 26 108 194 129 8 47 153 
80 174 180 126 118 92 183 194 128 137 198 54 104 97 110 96 27 87 79 96 67 89 56 59 77 125 165 130 60 41 36 154 42 72 92 174 86 199 121 82 194 29 200 76 48 51 142 13 137 176 86 16 18 51 59 95 167 7 67 112 187 100 79 130 178 161 136 90 74 32 124 31 31 154 30 180 170 36 67 131 137 108 188 121 143 19 57 51 149 65 46 42 182 108 192 124 28 103 16 41 82 74 121 118 140 46 157 49 151 129 42 1 48 167 83 51 25 45 38 77 189 31 119 196 152 188 55 146 180 3 37 141 105 58 126 75 147 168 195 136 32 137 1 30 87 67 35 178 61 71 
6 106 133 41 160 87 195 102 94 137 168 196 62 135 150 128 54 59 196 122 12 35 198 32 178 139 58 86 112 69 117 152 10 151 74 22 105 144 28 97 11 47 133 25 2 56 146 41 35 5 116 126 2 62 176 99 96 131 164 179 173 73 30 87 67 78 88 88 180 199 75 186 86 64 177 198 133 66 173 75 10 27 132 115 34 33 105 37 190 62 53 180 15 69 36 146 25 33 139 100 118 177 46 120 20 73 22 123 80 162 95 115 185 61 167 56 144 180 177 139 9 18 43 108 141 19 146 13 195 152 8 163 10 2 66 42 36 63 124 96 100 35 149 129 73 107 116 68 167 60 
24 179 104 170 152 139 143 120 184 43 26 53 193 152 42 123 133 105 185 114 114 81 188 4 190 198 106 18 88 171 148 200 153 160 150 56 7 30 70 187 123 75 188 198 191 189 69 72 135 96 59 1 94 178 110 21 167 27 48 144 91 64 94 98 133 13 1 29 144 31 37 55 62 92 120 173 44 158 42 69 64 71 78 149 154 55 10 8 151 3 112 176 187 21 148 157 119 121 189 161 155 164 7 119 22 51 63 193 175 113 100 58 130 160 65 97 71 97 131 62 178 79 76 142 95 75 111 79 79 72 94 54 131 75 193 142 99 118 123 189 193 94 156 182 185 64 197 30 5 153 
89 118 135 40 73 43 70 95 147 49 120 183 50 94 148 154 95 111 124 200 105 114 31 45 160 102 104 156 144 95 69 188 56 160 33 69 139 31 90 88 162 117 88 125 188 38 9 73 105 171 17 83 40 88 161 24 12 154 173 148 151 191 87 168 4 164 46 182 23 137 105 170 1 51 118 138 113 161 179 16 12 172 122 156 34 58 122 196 38 13 31 199 103 58 105 136 28 70 6 87 90 28 60 83 91 97 115 124 163 82 74 158 72 196 133 107 135 128 58 154 30 110 37 166 65 9 158 163 46 74 31 50 120 181 137 189 4 97 82 67 143 86 2 62 61 46 154 15 7 49 
12 139 104 111 187 54 46 188 185 77 187 163 142 182 177 194 150 75 168 135 95 194 180 56 13 45 9 109 77 170 72 56 136 161 144 57 89 61 149 137 189 93 45 192 61 25 153 179 193 197 106 129 106 90 98 152 169 106 10 62 82 138 14 147 166 124 154 102 24 67 131 25 19 5 56 188 179 80 136 197 173 63 171 164 39 143 163 103 102 26 128 131 185 28 101 111 173 185 62 94 63 74 20 154 191 101 195 73 60 104 15 98 4 24 177 77 63 182 188 131 159 188 89 11 6 152 26 185 54 160 24 30 135 10 169 96 64 5 96 149 117 131 168 6 128 60 111 147 29 12 
29 33 56 150 105 59 54 173 12 200 130 137 93 115 165 187 64 191 37 186 193 99 131 95 33 43 55 80 197 38 196 27 110 107 57 19 118 92 185 80 11 76 79 42 100 153 13 47 91 64 133 169 148 130 198 139 37 124 143 127 59 86 4 7 76 182 160 47 189 47 22 194 121 126 100 59 92 107 127 60 97 155 176 111 54 144 12 81 179 136 93 95 195 171 48 65 149 75 10 30 194 149 137 98 23 136 159 121 7 183 90 123 43 33 199 76 124 26 5 124 19 64 115 118 185 88 165 180 159 21 82 62 139 152 108 177 92 154 6 183 30 141 13 121 73 1 153 149 137 48 
180 27 58 158 175 8 144 119 40 96 129 51 183 139 37 138 62 192 154 187 30 154 118 141 83 104 120 166 93 81 131 110 119 130 130 96 97 100 168 14 152 19 20 143 30 148 133 154 182 152 143 27 37 22 92 30 13 165 147 20 116 91 72 37 163 86 5 100 28 48 116 28 151 141 42 32 46 24 90 83 26 100 23 157 159 30 151 145 27 197 197 139 70 179 132 135 4 32 34 140 145 19 96 191 77 155 75 103 147 19 20 15 18 16 149 7 20 75 199 40 174 59 127 25 177 105 75 52 164 167 139 101 86 82 109 80 84 191 109 58 45 197 21 118 182 51 41 75 200 15 
85 62 192 150 197 186 89 5 104 48 167 85 38 35 71 96 179 49 131 161 134 106 10 115 12 115 49 111 67 150 1 118 149 99 126 175 182 126 179 22 148 68 131 160 24 115 114 170 35 123 151 177 73 27 82 165 135 187 82 65 44 121 168 53 174 123 171 176 158 91 20 110 129 16 81 197 99 196 176 33 143 94 160 73 130 169 189 188 99 96 133 144 141 117 10 163 75 179 36 35 153 180 34 29 71 150 66 138 165 174 24 84 176 149 32 63 13 140 108 152 97 52 5 63 185 95 51 102 197 64 9 84 9 174 68 25 64 151 12 95 5 116 14 19 198 75 174 60 63 155 
122 108 66 167 44 23 170 100 36 73 72 135 98 64 53 23 181 182 185 83 66 19 164 35 9 171 117 127 76 149 99 127 39 88 92 127 30 21 170 9 11 157 133 93 32 76 157 137 194 97 112 54 38 132 104 173 168 171 100 48 109 105 94 117 139 31 138 168 67 98 198 174 167 105 33 89 138 179 101 185 6 66 109 164 57 76 133 54 54 10 64 97 153 51 31 68 174 154 50 151 152 167 82 19 94 123 174 122 196 151 139 9 123 78 179 91 32 83 120 117 74 200 152 191 54 186 142 186 117 195 30 115 136 148 105 149 54 148 119 132 159 50 11 118 145 87 112 192 115 191 
121 36 40 167 130 166 167 134 136 7 4 187 14 2 111 69 27 3 200 188 124 32 171 115 128 116 197 6 64 112 107 59 88 68 58 63 81 111 110 92 59 160 2 58 156 156 94 142 80 189 169 47 74 18 152 175 115 110 200 75 111 142 106 114 127 162 143 128 139 168 164 85 27 26 58 3 95 56 198 51 61 198 156 67 84 138 81 40 114 17 102 107 190 64 91 112 88 106 170 168 72 166 33 78 190 37 122 1 99 121 113 41 19 188 161 84 178 92 44 140 88 100 174 187 173 144 31 145 90 19 187 99 73 58 9 87 33 6 152 15 6 64 152 90 72 21 30 76 117 108 
158 157 197 92 191 48 18 47 137 167 71 174 190 31 16 8 73 58 127 33 117 12 27 123 152 17 192 70 196 125 68 159 31 68 194 20 111 137 6 35 193 68 85 2 88 95 33 83 148 35 65 172 132 25 176 126 159 92 43 30 54 89 31 146 11 155 156 119 94 194 126 60 40 80 60 67 131 191 39 121 68 34 187 144 94 136 48 20 173 113 196 179 46 150 160 27 5 143 71 79 46 37 166 42 18 77 198 107 192 192 147 53 86 176 31 96 44 148 21 56 169 173 91 112 14 57 49 21 183 8 162 86 80 49 4 112 172 119 8 161 26 21 126 91 137 134 138 48 153 14 
93 19 28 9 17 25 71 192 33 112 58 186 173 50 147 70 111 14 170 129 173 36 26 97 131 108 113 32 23 191 133 58 96 165 168 144 96 86 34 194 102 45 46 38 131 156 112 49 199 131 11 14 200 151 85 31 32 103 31 188 54 75 133 107 76 159 112 15 159 64 61 129 173 54 200 171 108 57 19 97 84 117 61 7 164 54 180 122 120 35 50 59 117 19 17 102 2 86 143 144 88 73 55 112 198 184 158 154 166 25 49 38 67 110 180 130 162 66 200 50 112 92 171 63 6 149 40 38 161 4 5 114 81 200 76 89 74 68 94 85 40 84 167 82 161 59 16 33 85 159 
13 193 5 76 38 112 150 87 37 53 155 145 94 182 70 64 188 5 32 112 145 31 91 54 25 115 159 31 187 21 182 80 9 142 93 198 5 19 57 198 129 72 109 50 43 156 158 35 88 146 2 3 51 51 183 128 38 74 39 62 128 131 185 179 175 115 193 136 38 173 179 2 90 156 182 39 33 22 4 19 177 102 132 100 10 47 25 26 110 77 109 142 39 108 19 45 76 68 40 53 70 90 94 45 29 87 152 177 166 20 54 66 33 153 121 13 19 32 147 32 95 85 102 144 61 114 19 126 1 12 160 186 12 73 128 78 167 113 77 191 86 136 122 18 162 42 40 58 193 148 
155 64 63 92 171 191 25 116 82 4 132 105 165 144 186 167 15 19 94 10 1 21 158 187 145 44 161 89 83 12 39 123 198 50 37 98 94 143 14 37 171 43 17 114 196 94 136 40 91 11 197 115 29 49 176 22 97 120 109 159 200 13 171 156 135 109 193 128 20 27 41 197 36 122 136 25 84 196 21 83 93 8 47 166 26 195 175 164 164 25 11 125 196 170 91 43 181 168 119 128 44 179 62 39 65 44 186 129 134 6 65 193 141 113 90 100 42 24 33 29 115 185 77 66 95 176 7 47 24 97 127 176 184 118 69 26 13 164 53 117 187 124 60 33 44 119 42 110 16 102 
146 72 84 56 177 64 136 98 161 181 90 162 108 150 48 118 103 69 161 64 39 152 111 83 76 81 59 63 74 150 119 38 132 85 164 88 160 108 26 134 109 124 20 7 189 9 167 125 50 37 116 70 75 29 167 7 33 40 17 72 87 99 152 30 174 134 105 78 111 131 14 129 13 154 117 66 181 125 183 140 81 48 175 64 43 137 25 114 198 149 149 144 185 44 70 175 175 46 80 106 136 147 92 35 17 89 3 197 187 48 49 37 199 12 192 83 53 101 116 123 160 105 104 179 153 169 47 161 132 146 68 21 14 180 103 17 60 44 144 117 169 186 27 93 120 62 78 168 139 175 
179 30 9 20 10 24 75 33 71 13 188 7 50 198 105 176 18 18 70 89 68 83 143 95 18 128 198 121 48 104 17 101 53 98 20 32 104 35 73 14 123 179 88 137 77 188 43 83 106 158 23 177 168 76 67 158 134 198 83 122 31 37 187 161 88 16 30 191 183 75 121 181 19 41 130 33 118 143 200 49 54 6 61 198 59 196 36 50 137 62 122 64 120 65 41 77 180 50 133 98 109 70 154 122 162 127 22 4 38 87 198 68 13 113 181 32 179 11 105 2 195 113 97 82 94 57 30 109 86 1 144 87 197 176 185 35 15 159 21 18 120 146 36 191 94 108 7 139 133 123 
