50 4
0
1
1 39 124 287
2 40 2 40
3 40 108 -176
4 110 191 492
5 122 113 800
6 164 40 324
7 185 5 185
8 189 198 981
9 205 112 205
10 217 148 -79
11 237 86 409
12 275 155 585
13 327 98 719
14 354 135 84
15 369 77 831
16 382 79 1014
17 383 118 1091
18 407 71 833
19 503 190 503
20 534 164 1190
21 558 192 942
22 610 170 1970
23 677 145 677
24 712 107 1140
25 733 74 1029
26 752 193 1910
27 775 154 1699
28 889 43 1233
29 945 67 1347
30 970 187 2092
31 999 131 2047
32 1013 191 1013
33 1016 66 1412
34 1068 97 1650
35 1074 124 2066
36 1111 70 1531
37 1126 67 1394
38 1128 8 1112
39 1154 130 894
40 1163 163 1163
41 1246 15 1246
42 1255 51 1357
43 1283 11 1327
44 1328 193 1328
45 1332 111 1998
46 1357 38 1281
47 1386 135 1656
48 1398 39 1398
49 1423 63 1549
50 1479 26 1479
21 77 99 87 112 92 162 67 37 152 17 33 16 159 57 13 88 77 45 167 189 32 127 20 13 25 23 88 93 140 159 176 189 120 77 166 191 77 136 7 158 159 88 118 112 120 189 116 195 152 
77 28 178 40 62 181 159 129 84 8 34 135 43 167 34 176 139 169 141 67 186 199 133 133 165 183 50 122 4 53 83 101 21 95 85 174 96 125 141 111 102 189 158 196 178 44 125 5 148 177 
130 59 44 146 117 30 95 170 165 35 128 198 142 86 133 188 183 1 60 117 53 104 90 162 34 108 26 169 55 99 190 17 38 149 50 63 3 74 151 53 15 197 178 61 60 36 115 165 56 50 
39 64 122 186 172 161 51 163 57 165 147 28 172 159 109 9 75 46 7 21 147 144 175 185 47 86 197 69 15 112 33 111 165 157 76 99 119 130 141 32 161 132 181 155 54 117 174 10 79 118 
96 128 185 117 83 153 159 66 157 90 157 16 143 64 77 35 125 70 146 128 53 168 116 92 139 199 161 33 124 145 186 48 6 108 169 96 187 106 169 85 68 101 141 28 5 36 188 156 130 120 
180 55 166 136 80 166 3 39 59 128 6 33 151 175 185 152 115 159 60 53 60 137 16 35 56 174 37 146 54 172 191 20 147 156 64 148 51 146 28 134 79 177 37 199 18 60 6 169 123 101 
29 121 160 117 165 14 15 121 35 197 72 122 29 153 28 63 179 164 27 186 166 12 68 40 139 102 172 68 199 185 59 93 125 160 105 192 70 137 141 193 124 107 20 19 32 35 21 133 69 18 
10 190 157 116 73 86 47 53 133 198 137 48 152 7 55 185 38 116 31 159 101 177 165 127 104 159 35 130 114 124 7 185 164 40 156 101 124 155 94 153 14 199 16 3 9 98 169 136 59 191 
96 57 139 108 149 12 76 85 171 124 101 116 106 179 128 132 12 132 98 110 150 147 88 161 25 165 3 62 141 70 170 148 49 11 174 153 162 195 92 155 178 95 106 165 182 128 151 173 171 189 
82 112 46 83 188 103 47 1 65 148 87 188 15 7 29 134 108 186 128 79 120 105 170 61 119 165 31 69 61 88 49 200 19 176 20 42 136 80 115 161 29 162 121 137 30 170 22 70 92 88 
85 7 152 18 5 72 104 98 3 75 168 118 89 124 124 122 197 111 68 96 14 167 93 29 155 105 73 120 88 173 6 11 15 134 191 161 48 142 194 85 38 21 131 22 43 143 40 46 181 154 
67 21 109 48 14 104 6 110 115 111 155 138 191 132 170 94 188 47 169 102 73 129 182 159 139 119 80 96 4 81 150 125 128 7 139 119 125 43 20 190 158 196 86 36 33 64 94 84 51 124 
15 110 129 82 110 49 165 5 98 195 25 175 86 94 56 100 47 23 97 60 78 109 46 127 197 148 184 64 37 72 61 133 114 101 93 176 67 26 54 33 107 118 133 31 16 160 119 174 200 9 
116 79 181 187 105 105 180 50 86 195 145 135 151 183 70 110 157 6 107 21 112 47 53 69 174 83 200 142 162 96 144 190 71 66 195 96 46 157 162 15 133 199 134 160 94 186 105 195 7 129 
196 5 43 142 59 11 83 135 132 79 25 65 48 148 196 110 93 26 186 51 178 38 3 151 109 193 112 100 149 7 166 72 160 180 196 121 67 29 31 193 67 182 78 25 158 187 123 194 161 196 
184 191 64 145 103 135 10 154 49 108 177 34 18 76 47 71 143 130 34 100 80 122 152 21 4 97 117 6 20 134 29 107 183 199 135 38 170 65 64 121 62 97 198 130 84 144 132 184 99 158 
86 4 187 31 17 21 49 43 121 82 76 104 200 148 60 54 21 54 79 115 73 21 124 6 92 67 161 164 48 106 4 44 142 136 168 4 87 37 170 197 150 199 80 47 66 194 181 55 90 50 
82 75 29 180 142 135 6 148 43 93 185 146 68 49 124 95 178 165 85 70 35 123 83 131 178 184 105 87 99 172 41 111 83 180 56 58 158 88 72 36 55 104 60 35 104 161 183 68 161 96 
175 97 185 57 117 146 25 108 123 51 69 51 127 130 176 166 177 9 63 177 50 104 71 70 191 19 60 125 151 17 102 1 190 145 174 165 68 29 55 166 129 101 71 187 13 160 144 165 27 123 
83 30 180 117 34 43 63 139 112 125 167 8 115 16 67 137 76 96 197 58 33 157 93 90 167 200 163 140 31 81 29 16 61 12 197 31 92 69 128 10 9 87 144 22 150 193 180 175 86 176 
66 131 4 181 49 90 62 120 87 27 138 188 100 68 130 67 200 43 116 51 82 176 153 106 123 134 52 130 3 152 108 98 7 65 158 57 100 192 196 79 103 187 83 146 67 181 167 193 177 39 
64 92 79 131 72 173 115 148 106 127 29 36 177 60 142 159 142 99 178 44 101 31 2 78 136 12 101 89 107 65 135 188 48 55 69 73 49 156 32 3 86 86 122 86 57 51 191 191 109 1 
66 193 76 15 38 103 179 42 12 127 176 130 49 145 162 86 84 24 39 5 127 83 77 144 90 42 45 187 161 64 32 93 63 132 179 75 46 99 77 51 73 164 107 42 167 77 93 123 192 174 
37 147 37 159 188 67 77 57 143 163 61 48 62 67 114 139 185 14 118 14 111 59 134 18 154 79 182 172 122 44 97 12 29 93 194 156 110 142 194 195 46 175 125 66 54 152 55 198 193 149 
55 21 86 77 82 107 66 53 6 83 83 35 5 120 152 164 179 90 74 140 43 95 155 191 128 88 71 185 33 161 171 95 137 52 176 195 65 11 145 84 181 138 153 48 111 41 163 129 59 131 
29 5 4 91 134 22 119 32 150 155 157 171 116 11 176 12 61 200 166 36 13 164 194 7 143 95 190 141 113 158 158 141 126 123 151 116 157 85 71 139 194 182 191 172 91 101 105 82 52 58 
6 19 106 73 79 89 137 114 55 162 159 140 145 1 162 56 76 21 23 146 96 172 15 26 81 165 200 63 39 25 184 44 107 171 58 67 78 176 184 174 32 31 106 20 18 57 166 185 180 11 
136 158 37 144 79 68 101 121 172 125 74 142 144 180 75 92 53 165 109 19 198 145 195 75 168 47 88 133 150 22 102 30 144 1 185 137 102 178 17 93 39 47 35 141 65 46 91 165 51 65 
90 187 117 53 133 113 78 194 142 119 16 184 111 193 79 25 31 54 33 159 169 158 140 114 175 129 65 1 107 63 123 6 82 96 81 25 101 42 112 122 48 175 100 73 116 2 80 47 89 4 
91 63 124 168 87 62 199 163 137 24 106 32 32 192 170 92 130 95 52 188 99 122 148 51 147 22 79 194 167 137 59 146 100 45 141 139 130 98 168 138 78 86 91 125 183 79 143 125 193 93 
199 2 123 5 103 136 124 82 88 23 79 98 26 26 89 113 95 113 76 129 35 154 70 179 80 70 6 96 86 37 130 197 155 171 137 150 160 37 12 8 95 122 100 51 131 109 198 200 37 20 
190 195 108 100 193 145 59 153 45 172 126 73 109 10 161 13 49 38 161 41 194 95 62 46 53 169 110 70 122 188 11 36 53 113 187 1 87 130 73 172 58 50 84 124 32 49 84 111 183 128 
29 23 136 95 56 136 38 54 133 147 4 51 17 26 189 144 22 115 168 75 183 36 182 163 182 161 148 31 190 4 196 54 127 36 153 168 9 198 126 6 196 75 15 98 33 179 9 16 58 143 
14 102 28 47 12 68 149 173 51 113 191 102 26 188 200 112 66 3 134 120 28 93 118 57 132 197 38 30 39 80 152 164 167 169 4 141 126 185 24 146 85 29 114 126 99 183 14 144 112 84 
177 46 160 25 43 54 137 81 148 193 181 2 38 161 123 1 180 59 50 105 127 123 148 199 8 154 194 74 138 15 119 131 92 177 99 88 105 8 69 159 88 73 47 94 72 51 126 55 54 91 
42 51 140 167 16 152 8 150 178 168 107 158 144 55 144 26 100 15 160 99 66 140 55 136 42 13 48 37 149 2 40 131 153 159 96 34 8 164 177 67 40 98 185 181 190 76 134 144 135 99 
67 79 22 178 163 99 39 146 16 73 181 114 155 50 178 73 62 160 148 116 100 180 184 108 43 32 84 5 64 148 79 68 158 137 81 129 143 55 184 9 161 161 168 199 131 29 176 188 101 86 
52 109 3 136 198 125 157 124 197 109 36 23 111 32 36 182 35 188 77 142 12 101 113 56 40 42 53 128 66 63 46 32 105 130 46 26 145 6 91 115 119 55 185 52 144 44 180 199 16 134 
94 82 8 111 92 79 59 7 79 35 70 148 62 113 79 42 194 93 187 179 101 108 66 137 143 162 1 172 76 85 115 198 57 141 25 137 54 46 9 155 17 189 21 33 186 62 127 159 176 114 
185 133 46 200 177 34 165 82 63 22 80 25 117 106 166 65 134 198 187 93 32 76 132 197 49 26 36 123 137 35 177 96 126 83 68 20 100 82 46 26 64 17 121 192 57 181 90 50 38 3 
52 35 86 28 86 24 38 21 105 164 183 53 174 142 94 177 40 156 151 52 62 68 149 18 146 108 11 109 97 118 87 125 6 25 74 44 46 139 191 13 164 21 157 58 142 74 175 62 98 41 
88 128 108 74 138 130 149 28 6 88 67 50 96 179 140 175 94 137 128 155 64 89 77 188 119 5 191 164 94 152 138 64 26 43 2 59 184 112 27 129 17 22 5 125 112 104 144 42 24 147 
39 26 40 123 139 192 31 149 170 145 200 170 49 110 36 196 137 30 10 197 189 80 6 174 113 155 185 171 41 13 150 5 50 157 86 130 179 180 108 16 84 170 179 34 81 186 183 170 159 47 
147 6 193 39 163 45 193 156 124 144 174 73 158 185 198 29 188 101 85 81 117 64 97 5 65 15 47 141 194 185 9 114 35 100 44 163 32 114 132 7 15 155 55 193 61 101 169 5 160 138 
115 198 34 188 70 54 61 192 196 60 56 43 123 178 187 10 173 62 159 99 159 131 52 24 94 115 85 188 11 124 153 126 167 118 20 183 97 175 186 129 123 6 2 16 124 64 65 171 179 85 
117 92 103 176 168 110 184 120 175 29 157 53 120 108 1 41 108 161 100 157 126 97 44 196 154 177 187 111 118 30 68 167 70 29 108 59 4 197 142 7 182 125 19 40 157 175 129 106 181 108 
139 114 51 87 141 107 189 44 183 111 36 77 51 32 39 4 130 90 168 128 196 175 160 91 52 183 121 70 17 91 170 164 187 129 4 163 51 117 146 194 160 20 182 63 4 8 74 119 117 19 
170 106 14 191 2 37 135 141 161 177 177 115 182 95 182 44 155 29 75 99 156 82 140 1 83 152 45 8 190 119 86 29 10 188 181 191 119 81 139 9 139 106 142 125 194 131 125 186 105 132 
185 4 114 190 100 21 28 87 58 2 200 32 5 131 70 35 23 193 132 55 147 71 184 124 177 61 184 155 28 172 168 189 119 105 134 24 100 96 107 58 198 135 60 137 26 62 185 12 164 189 
162 190 137 131 156 52 168 161 168 176 15 160 32 154 31 55 83 27 28 59 141 145 93 101 77 106 71 107 83 186 119 61 124 126 72 24 91 2 172 120 122 38 65 117 176 187 101 2 153 174 
127 5 163 11 22 161 49 43 18 77 186 32 55 78 95 58 149 65 121 43 186 182 188 74 198 136 72 48 162 174 182 7 190 171 43 140 148 74 167 61 52 117 122 198 48 49 91 62 129 155 
