50 6
0
1
1 33 143 605
2 152 127 660
3 171 156 483
4 185 133 451
5 200 144 488
6 205 31 391
7 222 73 368
8 237 3 231
9 249 185 -121
10 294 112 742
11 316 199 1510
12 337 84 337
13 344 86 860
14 347 2 351
15 349 159 1303
16 375 60 495
17 414 132 150
18 423 139 1257
19 481 91 663
20 485 174 485
21 494 31 618
22 499 72 643
23 531 174 1923
24 549 95 1119
25 549 148 253
26 551 75 1151
27 562 38 638
28 563 142 1699
29 631 47 1007
30 647 113 1099
31 657 3 651
32 700 119 1176
33 714 146 714
34 719 98 915
35 744 75 744
36 751 159 433
37 788 96 980
38 801 72 945
39 861 20 941
40 864 79 864
41 870 96 1446
42 873 68 1417
43 889 157 1831
44 950 20 1030
45 951 132 1215
46 953 134 1489
47 954 95 1334
48 970 140 1530
49 974 158 2238
50 989 97 1765
165 39 97 62 96 165 55 86 65 26 41 5 90 161 76 34 73 91 58 181 97 130 196 152 192 142 27 22 199 197 96 30 138 54 23 71 19 79 116 32 173 85 197 171 125 24 127 157 89 32 
180 106 39 159 102 56 111 191 125 131 14 41 196 88 108 166 14 67 89 152 109 106 184 86 64 199 18 157 30 172 30 191 159 47 46 89 198 22 115 160 179 126 97 177 84 128 171 13 145 41 
51 28 182 26 9 138 147 2 6 58 149 64 100 187 151 19 114 175 91 123 60 102 151 110 44 185 74 198 118 73 114 88 8 43 13 73 198 79 82 17 53 9 159 157 177 123 158 86 6 132 
180 26 164 24 45 113 174 10 92 49 64 87 171 94 89 168 125 187 175 7 8 39 196 33 109 177 20 152 138 105 132 112 100 113 7 148 93 38 67 66 11 5 180 149 79 60 5 84 99 59 
21 171 24 141 14 108 117 75 182 168 168 150 167 130 84 108 50 128 62 16 15 65 84 22 166 20 115 25 164 107 13 9 67 140 1 51 1 138 61 182 165 6 88 199 181 46 23 5 176 187 
199 93 94 61 139 60 111 186 107 110 91 1 87 106 13 144 175 51 123 186 69 177 62 144 48 168 145 84 105 188 19 100 119 116 112 67 38 137 88 39 6 66 129 119 175 8 79 6 53 189 
104 148 134 38 56 176 104 59 122 94 3 98 198 116 141 27 168 74 54 33 35 44 168 180 197 97 73 183 99 14 54 141 16 143 37 93 99 177 139 115 31 70 178 41 65 82 59 24 130 81 
131 128 172 167 179 109 144 40 183 88 101 178 15 162 137 190 151 111 69 162 30 177 26 129 73 39 74 134 74 80 120 16 93 144 23 145 119 165 198 8 55 98 32 89 44 30 18 178 117 40 
69 32 167 25 26 102 191 109 137 182 42 92 84 26 64 98 145 141 183 51 136 139 141 7 137 54 78 174 182 31 108 186 118 32 166 157 17 141 174 183 68 173 21 156 175 56 22 129 190 60 
6 127 168 64 99 133 94 43 162 192 152 15 47 61 101 27 89 21 192 144 104 90 14 9 146 43 126 117 110 51 55 198 195 189 189 16 155 116 178 177 66 143 82 7 25 69 157 185 51 136 
155 72 141 79 160 4 56 53 43 72 70 6 55 171 154 20 51 186 128 162 193 127 133 139 187 40 48 108 168 48 66 137 65 73 14 138 139 134 155 29 166 27 171 170 68 79 119 113 19 17 
78 101 36 142 175 63 57 103 80 4 93 82 131 189 31 56 134 120 4 97 5 53 14 127 78 128 98 170 51 22 72 115 144 108 63 134 139 38 183 94 115 136 14 47 75 11 43 61 138 78 
154 149 165 104 66 111 155 17 141 3 171 199 162 9 24 13 193 55 151 123 16 16 46 154 16 193 133 13 80 87 177 123 61 103 63 150 48 16 127 130 20 104 146 79 110 17 151 60 182 43 
81 69 34 22 139 40 14 77 69 49 4 175 121 99 138 77 33 188 114 112 182 101 26 12 139 70 58 43 180 35 23 25 57 177 51 196 56 162 34 156 96 28 176 101 163 36 161 92 69 66 
44 143 73 97 168 175 29 93 131 18 143 48 176 135 141 65 164 12 142 58 92 183 65 149 27 103 54 40 70 53 121 106 168 26 197 152 97 124 125 3 12 115 134 142 116 158 64 107 44 2 
14 157 53 179 48 179 113 4 7 35 151 113 146 14 142 64 105 11 65 157 19 181 108 47 132 105 23 44 68 109 58 65 67 35 109 65 30 143 186 74 19 152 123 44 176 167 143 22 34 184 
110 139 66 174 171 191 66 191 26 26 109 125 48 78 135 122 198 65 46 84 174 74 198 52 165 137 179 5 183 160 1 68 106 20 85 86 126 91 129 49 34 31 94 15 197 109 66 61 1 139 
135 101 2 77 167 143 71 75 179 115 14 176 57 109 91 180 112 118 164 33 111 15 56 15 171 172 132 55 199 1 26 38 129 98 169 52 101 116 156 28 21 171 61 133 75 35 115 128 199 163 
36 4 183 104 197 84 105 74 166 182 44 16 32 159 193 188 7 133 175 157 190 171 123 90 19 76 73 35 14 172 32 118 173 18 54 139 25 121 153 157 117 173 142 34 146 92 174 196 161 114 
53 120 152 190 71 62 114 76 151 78 106 95 143 141 110 165 144 60 7 12 50 190 173 23 18 19 74 83 185 186 55 182 186 3 148 99 65 144 66 157 16 37 48 195 81 67 128 98 24 95 
137 7 11 172 115 52 167 52 139 151 93 119 145 141 38 40 182 108 114 164 6 90 13 2 25 21 164 170 135 125 26 50 60 74 144 135 128 107 140 102 186 114 173 112 98 92 83 182 147 154 
178 66 124 199 8 85 104 159 76 147 107 21 171 110 39 93 116 52 105 112 137 144 99 69 165 115 123 61 196 199 26 183 86 158 56 76 54 21 112 97 191 75 141 23 18 139 115 197 170 189 
91 38 42 111 91 193 41 128 100 187 112 98 89 97 150 99 144 15 195 111 3 167 123 199 27 198 61 63 107 189 139 29 63 82 179 166 130 98 182 173 158 157 197 93 22 83 10 110 12 158 
186 42 30 7 53 153 79 40 60 126 114 70 77 5 131 122 132 36 135 66 155 79 145 75 92 95 33 139 44 170 61 18 142 165 32 167 125 75 91 123 79 102 190 198 29 160 146 45 15 153 
166 136 54 142 33 3 109 23 175 77 104 43 92 190 90 149 168 168 173 193 140 169 192 102 7 71 173 69 191 87 178 32 46 6 191 68 37 141 127 151 104 44 187 166 22 39 48 57 73 14 
84 5 40 196 85 190 58 147 4 179 165 36 81 142 72 151 86 160 194 113 169 121 123 142 79 71 160 126 64 27 143 148 72 110 152 137 90 18 50 120 130 120 189 85 63 152 73 102 113 33 
113 195 70 104 140 156 161 190 119 124 157 198 100 111 109 27 109 134 81 9 36 170 140 11 41 195 67 137 146 183 10 154 187 10 30 168 10 156 57 111 151 191 199 61 90 76 181 98 175 8 
107 26 195 57 165 72 100 181 127 64 112 57 130 38 43 183 149 53 99 67 14 31 119 27 25 5 88 50 45 160 42 52 136 159 175 136 111 182 122 186 100 118 88 26 24 7 120 189 200 34 
140 14 187 15 42 169 101 112 182 34 171 58 119 68 197 18 49 185 56 109 26 117 84 193 63 111 132 71 106 192 75 76 18 14 166 136 173 159 31 84 74 95 87 107 119 159 32 49 82 184 
25 48 110 81 151 75 29 113 84 37 123 193 198 142 69 62 63 58 151 5 65 59 11 135 136 46 137 7 180 108 120 14 51 28 58 124 28 147 117 121 82 48 168 165 171 181 95 13 164 72 
161 71 63 167 131 191 58 107 132 129 99 123 37 49 10 119 139 147 33 139 50 22 129 76 5 82 59 85 71 78 100 39 37 190 148 156 80 8 5 188 52 137 163 53 54 40 147 19 134 48 
109 116 137 85 33 84 2 51 133 89 109 192 58 175 119 63 187 23 142 98 84 195 154 135 139 128 33 131 14 119 149 73 34 61 192 133 120 182 14 154 108 95 166 106 21 54 76 25 149 162 
90 191 141 115 75 152 90 175 187 71 28 21 132 193 14 67 146 157 83 4 135 195 180 51 54 175 71 77 132 74 13 140 113 127 49 74 28 66 123 121 11 148 26 177 134 150 160 92 186 150 
166 107 107 66 115 145 169 84 107 103 7 64 99 26 23 32 18 8 69 37 117 80 160 107 106 170 190 12 13 106 73 86 145 178 126 183 190 188 68 104 35 3 190 14 9 184 198 67 80 79 
170 144 72 89 199 106 185 38 79 51 182 126 116 133 41 97 19 147 26 184 145 120 145 106 80 150 199 173 21 21 29 66 200 179 8 59 79 139 90 150 180 153 2 89 109 170 164 154 173 48 
115 148 18 121 15 76 31 42 78 84 180 156 148 37 103 54 31 176 77 81 22 9 26 20 1 6 184 100 87 170 63 188 85 116 85 97 59 97 8 6 186 127 34 68 158 36 97 19 183 165 
57 114 168 60 184 44 118 123 16 109 18 198 14 195 178 23 17 30 76 155 148 149 196 167 166 161 24 174 136 36 156 198 11 8 83 64 196 85 77 72 40 4 35 28 186 11 125 19 64 154 
125 53 41 70 145 168 193 15 17 154 135 29 127 39 71 26 114 42 110 128 60 58 191 77 128 84 1 25 159 41 64 36 13 4 103 103 83 155 63 147 115 147 189 200 125 88 137 168 135 33 
118 67 43 185 88 70 131 99 150 40 93 26 76 147 170 144 152 86 7 172 117 131 105 165 99 37 6 32 154 133 73 19 56 2 13 172 76 86 114 78 149 87 186 155 52 72 15 134 154 74 
77 42 188 64 169 174 136 30 59 99 155 162 38 156 112 9 143 111 123 65 178 20 92 48 166 90 157 133 15 115 192 138 134 70 142 96 15 38 182 181 143 173 3 89 24 26 11 32 17 178 
87 168 78 183 96 171 173 75 105 114 31 188 114 75 178 109 93 26 116 138 137 168 100 122 92 37 180 180 31 177 164 4 15 53 92 40 45 141 156 104 83 111 196 124 112 40 136 177 149 67 
52 150 69 167 62 112 181 25 28 111 169 88 146 84 135 103 175 109 56 128 96 47 70 131 192 184 165 177 66 197 172 54 46 109 57 100 31 168 18 135 177 96 102 162 112 184 187 169 126 80 
130 166 122 137 155 161 98 29 74 18 44 20 86 41 21 44 114 68 8 14 141 169 22 172 47 70 51 17 166 102 71 18 72 188 11 82 176 81 78 188 13 109 176 34 87 106 108 89 179 117 
109 177 64 135 94 7 14 36 123 52 9 192 86 188 187 68 19 138 113 177 150 81 175 111 61 189 160 152 165 44 197 71 112 117 11 126 27 191 22 3 189 150 18 200 185 88 128 42 113 22 
109 60 7 129 161 69 188 106 106 37 200 95 6 193 200 81 7 118 155 154 94 74 152 85 107 134 95 114 124 1 44 107 62 187 40 69 64 37 55 49 195 181 144 94 69 159 142 199 106 130 
77 14 21 107 175 171 191 38 89 176 22 76 190 49 181 107 7 27 69 119 33 60 38 106 127 71 115 90 38 50 96 95 155 113 126 28 7 148 145 20 137 38 1 94 6 80 115 92 31 136 
188 48 44 198 193 93 169 95 151 69 58 165 123 83 130 143 94 85 196 169 200 69 46 53 19 10 8 162 15 144 65 171 190 147 69 147 73 170 6 106 199 135 184 128 102 53 192 12 163 2 
9 81 101 108 176 69 95 3 95 96 66 47 17 128 189 79 83 190 87 83 71 149 87 11 53 145 51 100 110 175 23 4 142 13 192 2 198 30 17 139 100 65 190 200 51 189 26 89 143 166 
85 124 198 69 131 71 19 99 164 39 83 60 158 151 156 31 61 157 154 55 45 89 45 55 15 88 19 24 135 199 108 69 36 97 11 2 176 188 172 189 6 116 76 171 112 157 58 56 170 95 
74 9 165 75 200 140 180 178 143 145 63 46 168 135 49 120 7 135 16 69 64 199 3 176 121 189 89 188 5 13 13 95 103 198 168 88 192 71 137 182 97 165 195 95 62 183 14 13 138 88 
132 12 140 154 137 102 67 182 170 131 36 94 114 27 95 53 77 137 179 119 21 95 59 49 95 113 188 67 67 15 73 6 56 137 197 118 63 121 138 140 98 73 178 98 122 32 26 149 159 124 
