100 4
0
1
1 12 94 12
2 43 165 1363
3 63 114 519
4 69 114 753
5 89 174 1481
6 98 43 442
7 129 196 1697
8 145 200 945
9 165 139 -113
10 178 148 770
11 196 2 196
12 197 145 -93
13 223 140 1063
14 342 123 588
15 403 169 403
16 437 34 709
17 438 47 814
18 477 21 519
19 511 100 311
20 551 45 641
21 559 29 559
22 627 121 1111
23 638 8 638
24 640 117 874
25 670 11 648
26 706 56 1042
27 723 72 579
28 781 75 1231
29 787 148 1675
30 844 45 1204
31 914 157 600
32 974 161 1618
33 1052 140 1612
34 1059 26 1059
35 1103 68 1239
36 1118 152 1726
37 1179 64 1307
38 1215 182 2671
39 1257 170 2277
40 1258 31 1320
41 1265 153 1877
42 1333 144 1333
43 1337 23 1475
44 1341 142 2477
45 1353 73 1499
46 1369 71 1511
47 1423 155 2043
48 1437 158 1121
49 1463 146 1171
50 1490 23 1490
51 1493 25 1543
52 1540 112 1988
53 1618 183 3082
54 1634 49 1732
55 1635 23 1681
56 1668 25 1718
57 1737 84 1569
58 1801 125 2801
59 1804 160 1484
60 1813 110 2473
61 1857 6 1881
62 1915 51 2017
63 1957 142 2809
64 1979 120 1739
65 2035 120 2035
66 2088 95 1898
67 2154 102 2358
68 2180 148 3364
69 2259 100 2659
70 2278 88 2278
71 2322 104 2738
72 2353 91 2899
73 2433 116 2665
74 2443 159 3397
75 2450 170 3810
76 2488 165 3808
77 2497 154 2189
78 2499 116 2267
79 2502 12 2574
80 2555 126 2555
81 2565 106 3413
82 2590 143 2304
83 2592 83 2758
84 2600 41 2764
85 2633 112 3081
86 2636 190 3016
87 2661 102 2865
88 2675 132 3731
89 2699 25 2799
90 2789 97 2983
91 2790 73 2644
92 2802 103 3008
93 2813 125 3563
94 2815 21 2815
95 2825 107 2611
96 2841 12 2817
97 2842 139 3120
98 2850 30 2850
99 2932 43 3104
100 2993 192 4145
115 194 95 192 112 34 4 71 11 11 124 155 113 156 173 179 19 192 184 93 185 27 172 170 121 147 131 180 155 82 190 92 102 48 126 193 93 89 136 117 43 32 70 79 136 84 73 182 77 134 135 99 79 55 16 68 143 121 2 198 164 63 80 175 196 83 51 95 73 104 164 46 158 91 89 159 133 57 22 15 60 127 38 152 43 6 158 34 79 176 117 87 179 75 50 193 61 59 188 18 
94 105 176 54 5 60 57 143 100 161 172 188 120 44 68 150 159 189 49 15 174 121 29 31 99 97 108 70 56 103 84 166 191 20 125 31 127 97 179 135 198 40 149 30 193 66 150 130 183 134 41 5 10 140 172 31 85 69 118 157 20 152 97 180 122 172 196 106 61 41 54 4 142 153 166 111 161 56 152 18 182 60 190 110 174 11 109 160 119 191 128 132 165 29 182 197 90 96 90 189 
73 123 28 28 15 66 28 25 50 87 81 180 2 5 160 82 100 93 141 49 162 45 153 15 54 85 147 157 68 151 153 191 44 124 91 148 154 126 88 137 133 154 168 58 24 128 59 21 152 102 51 14 95 108 68 92 194 88 138 193 52 33 166 93 99 157 118 184 192 140 94 186 184 93 118 84 116 94 96 125 52 133 194 80 195 59 65 181 131 53 5 50 168 60 141 8 83 179 53 193 
23 75 164 39 127 91 88 30 67 163 170 70 40 74 126 94 49 7 172 125 13 46 57 122 84 130 183 143 83 35 15 14 33 33 178 196 96 32 53 35 76 1 72 175 21 46 101 86 20 142 175 82 94 19 51 145 6 51 50 109 193 194 127 103 26 57 65 104 5 29 110 167 106 77 157 2 1 58 100 107 158 5 44 155 37 96 145 180 161 122 194 67 105 159 117 32 94 84 83 119 
181 28 28 136 30 185 114 110 70 169 174 20 170 32 3 54 162 115 147 44 117 17 161 146 176 185 20 112 35 120 11 167 118 55 25 66 68 66 183 72 79 108 113 73 37 30 117 6 192 141 24 8 112 89 3 98 95 71 116 158 198 43 125 109 44 139 170 34 133 124 55 96 114 9 10 95 125 143 145 11 13 72 104 80 183 175 31 180 177 30 19 79 158 122 26 52 88 114 101 105 
92 197 78 56 125 106 196 50 175 35 21 131 74 191 59 92 180 173 86 172 191 37 74 129 5 168 28 147 92 88 77 48 122 74 49 161 16 21 112 170 114 93 185 92 94 102 117 150 57 34 68 158 88 127 105 163 182 99 175 74 153 39 28 144 70 78 194 173 51 120 146 64 69 162 4 107 73 5 141 13 117 19 48 148 36 28 176 66 183 198 118 113 143 104 22 90 3 12 119 146 
141 181 24 15 140 21 153 21 30 17 179 27 85 178 109 85 118 66 140 109 61 191 134 46 87 142 33 193 136 51 159 41 110 139 92 30 69 200 81 41 147 26 58 51 48 50 22 21 167 187 170 38 135 43 77 74 138 11 199 57 85 1 186 86 44 54 189 60 127 158 24 151 140 25 188 90 121 155 196 99 96 52 161 77 23 172 64 113 35 103 81 80 2 55 195 194 9 187 156 124 
178 160 10 137 26 102 46 179 151 141 110 95 67 95 169 172 60 85 133 8 44 144 174 39 71 125 83 149 123 78 163 77 172 28 97 1 68 120 199 191 148 85 29 128 74 52 91 188 31 129 162 158 111 128 40 109 97 71 106 180 23 5 151 102 156 178 158 47 35 151 19 164 13 185 144 46 44 110 89 100 150 196 33 155 97 1 58 50 62 7 190 60 187 36 52 177 178 45 141 56 
124 151 185 22 88 39 130 138 143 178 105 116 170 168 30 50 40 43 148 109 59 167 194 66 191 75 70 133 189 179 27 80 61 59 20 168 154 154 136 126 99 80 124 15 187 158 126 174 69 196 46 34 168 32 87 41 68 163 119 20 65 53 92 171 150 92 87 190 69 163 65 63 200 171 198 36 137 29 132 61 190 32 11 146 79 132 112 33 21 65 114 108 121 18 11 50 182 121 69 64 
190 130 166 147 135 190 30 51 48 100 85 142 147 185 4 54 136 133 40 198 77 188 63 109 126 76 87 166 60 66 33 85 169 29 145 191 155 148 7 135 174 63 47 44 27 197 87 197 76 128 136 44 55 116 81 130 101 164 33 33 93 93 49 127 196 186 3 109 100 81 185 54 134 200 83 177 191 99 37 161 127 155 116 177 23 103 149 193 1 118 153 110 108 84 150 130 4 45 79 23 
100 150 127 93 112 120 131 24 192 195 159 81 129 79 69 4 24 153 93 84 102 155 125 1 52 12 121 101 103 18 27 64 8 24 104 178 99 87 120 58 21 173 101 199 20 144 96 165 40 172 82 27 7 70 122 38 63 93 189 169 114 24 190 51 108 34 132 164 16 123 46 108 46 120 160 19 167 45 52 48 67 185 16 69 64 92 110 64 9 78 33 175 46 34 12 192 77 179 39 42 
146 76 197 196 73 98 135 55 59 102 156 150 26 158 116 89 74 97 124 62 70 117 27 117 65 179 135 171 49 48 92 188 191 146 12 2 23 96 66 37 96 176 42 128 135 84 185 200 129 33 50 131 46 200 69 146 135 86 68 18 37 47 89 160 149 120 115 117 10 124 53 175 105 139 79 44 99 124 21 108 83 45 131 178 168 127 96 54 117 27 113 131 21 154 199 172 43 100 117 49 
106 63 149 109 15 57 170 200 110 155 134 142 32 80 6 24 23 131 112 119 66 142 123 44 105 21 44 20 22 142 86 40 161 50 4 132 72 128 195 112 196 191 173 2 25 29 73 44 93 114 56 118 6 80 47 157 122 173 124 64 32 112 61 176 132 56 175 103 35 92 163 149 160 95 36 110 72 53 132 56 99 196 69 75 52 106 76 169 48 19 52 119 10 51 69 191 85 166 125 2 
5 28 110 6 132 151 142 179 34 77 152 162 168 167 92 3 110 184 149 106 9 109 3 16 7 2 93 51 40 113 110 95 42 27 159 76 162 139 11 169 167 183 145 143 83 49 143 5 2 129 136 149 141 25 170 181 117 124 22 68 155 199 142 47 118 108 40 182 91 29 92 36 20 16 68 68 170 197 64 152 178 153 24 128 146 200 39 50 196 140 171 40 101 39 101 3 140 29 200 34 
190 15 79 9 54 140 87 149 116 2 186 91 179 158 147 145 173 176 95 68 82 29 188 151 187 60 45 149 159 109 130 124 139 55 113 78 98 108 32 179 181 139 148 71 164 63 112 116 21 183 6 28 30 9 102 118 78 139 131 200 176 103 4 187 174 102 63 163 150 150 85 72 15 107 4 118 2 147 11 86 31 162 75 71 88 89 51 178 74 144 56 144 157 83 46 70 159 191 195 114 
148 82 186 22 14 103 152 34 4 130 86 196 35 13 119 68 62 194 154 120 79 97 101 41 151 122 92 60 76 91 55 77 135 166 181 8 24 46 137 96 119 31 37 116 62 90 60 128 67 172 11 193 95 119 15 103 4 148 78 100 50 155 7 148 182 43 52 39 65 185 166 67 124 27 14 100 164 10 172 85 197 41 1 174 174 142 25 22 170 111 30 153 122 84 181 199 109 186 45 66 
126 130 134 2 71 170 69 65 19 28 79 81 105 177 34 59 196 93 84 56 92 68 8 68 77 44 10 131 124 110 10 169 37 67 85 19 46 68 164 70 83 2 146 109 40 131 62 110 180 174 7 134 16 113 130 54 184 170 134 88 24 176 49 167 198 181 24 22 196 128 42 55 52 33 27 154 146 6 93 4 156 196 31 2 193 191 12 190 159 180 74 4 121 68 140 143 195 81 191 125 
31 89 104 64 152 42 11 121 97 157 41 58 63 96 70 162 17 183 48 48 64 112 173 193 40 101 91 88 123 98 110 10 182 29 21 52 43 165 23 44 154 23 52 88 62 15 199 69 137 42 194 51 185 170 92 177 118 24 18 119 150 3 65 54 51 178 115 58 1 59 109 170 4 189 139 173 149 60 14 106 151 135 108 84 193 65 126 64 139 37 75 123 67 166 147 135 133 193 71 86 
40 29 42 194 119 170 109 51 103 9 54 90 198 76 160 143 50 190 152 178 71 13 81 14 122 196 144 166 115 177 36 24 70 183 54 165 141 13 154 115 164 152 35 159 56 51 43 194 49 122 178 182 171 71 164 70 168 69 195 4 175 99 27 48 147 83 43 167 79 3 194 27 113 187 82 98 19 197 44 162 72 122 69 118 70 55 111 112 117 119 159 160 94 189 97 186 5 89 199 160 
166 49 79 63 168 194 85 60 53 99 95 75 113 18 16 161 71 133 53 30 193 77 71 186 154 196 79 117 177 110 196 199 102 42 110 189 157 158 91 42 117 16 28 159 27 195 81 85 118 151 64 171 145 69 140 29 51 57 75 144 107 49 83 44 31 130 82 192 39 72 109 33 131 145 5 17 70 45 14 132 173 181 170 144 127 26 14 111 190 112 23 177 66 106 28 152 144 176 188 185 
177 58 80 108 125 157 11 39 57 69 166 156 26 144 11 169 59 48 145 17 4 150 184 6 109 29 65 70 18 47 192 32 193 31 192 198 158 120 117 137 70 36 154 82 85 58 197 90 137 36 7 81 57 138 182 58 5 57 86 162 6 161 175 5 12 53 200 45 189 48 68 15 12 116 108 31 97 121 173 12 148 176 136 146 134 184 139 62 76 53 14 75 101 156 97 15 90 167 182 47 
76 174 157 163 66 97 15 58 148 38 83 187 120 160 171 102 100 162 46 112 174 84 10 33 70 189 198 166 150 103 90 148 11 116 61 14 140 6 72 10 98 127 114 39 27 105 174 188 156 16 165 44 63 57 43 170 141 178 138 52 181 66 82 54 14 186 47 24 161 158 137 50 94 106 22 165 38 34 32 31 114 44 134 127 105 78 89 87 110 169 81 166 174 40 169 189 146 4 35 143 
67 113 77 161 192 73 200 19 181 24 155 141 171 159 74 6 151 188 89 58 126 109 89 86 47 103 16 39 33 81 194 118 132 68 159 186 42 110 130 166 14 78 103 186 171 18 57 170 62 14 161 80 119 131 95 114 2 49 193 122 151 184 3 30 161 159 119 44 119 87 124 69 150 66 20 156 110 185 76 59 10 109 34 30 139 155 96 68 118 52 77 5 28 167 66 148 200 31 105 128 
76 71 65 94 189 132 19 178 149 65 135 68 199 27 134 187 79 151 11 190 52 163 94 30 115 195 109 3 176 14 71 8 106 71 137 44 98 121 97 191 65 84 114 183 146 92 46 97 7 28 190 33 11 74 152 186 72 22 107 88 111 81 148 5 152 4 96 79 159 20 101 4 5 59 151 62 62 138 179 117 71 195 23 15 65 1 157 138 18 66 113 53 161 180 177 188 191 182 182 132 
190 10 64 84 26 78 120 112 163 108 196 181 73 139 34 71 106 71 47 140 92 66 182 39 182 7 129 16 114 130 115 41 3 85 109 56 120 126 191 120 125 196 46 82 130 12 96 147 88 186 178 30 179 51 76 198 154 159 72 165 129 153 169 77 126 113 119 196 101 145 41 166 123 30 129 141 90 177 14 65 63 138 33 195 167 48 58 20 122 125 190 116 114 73 116 137 66 155 143 64 
134 190 82 25 115 180 61 172 113 144 142 182 46 188 38 129 8 169 32 130 96 117 3 178 142 94 159 124 151 64 6 84 192 29 66 19 174 24 149 183 101 197 83 144 9 64 10 195 18 53 93 38 49 45 172 85 117 113 178 183 47 46 139 97 15 164 176 79 72 200 58 103 92 119 60 71 173 24 148 166 139 57 179 172 137 2 46 18 154 142 21 7 25 149 157 100 131 68 200 115 
49 157 35 113 79 192 127 49 41 74 105 68 163 190 171 144 135 160 124 192 134 40 53 179 150 148 46 188 13 131 81 16 178 147 101 180 187 186 82 109 147 101 132 77 187 126 38 173 94 148 12 28 115 112 32 56 7 196 184 17 133 151 134 28 122 103 75 80 146 53 151 27 15 154 165 175 5 35 97 106 65 49 17 146 142 60 192 117 80 29 103 156 162 58 60 87 161 37 176 24 
146 165 20 104 45 136 156 20 26 188 189 185 16 153 184 85 102 108 112 107 178 59 171 20 100 28 64 25 187 122 71 195 11 39 170 80 134 152 160 95 15 39 87 85 75 110 168 109 17 32 176 30 162 100 31 120 92 114 35 134 130 13 135 180 1 62 98 46 148 11 59 25 95 44 97 41 149 59 29 112 108 37 37 96 46 10 124 160 84 197 4 83 80 147 50 49 183 182 137 23 
130 96 30 168 130 27 86 3 83 39 114 52 61 81 31 99 184 110 113 37 124 52 154 143 74 123 126 95 176 147 16 146 193 191 6 19 196 49 84 186 11 27 149 73 12 69 52 53 106 193 17 166 38 71 191 135 163 198 145 148 26 127 134 80 95 158 134 100 148 77 79 17 164 194 199 175 193 123 62 70 128 150 166 26 167 57 126 87 8 176 62 86 174 105 195 104 94 57 168 104 
70 126 174 154 110 44 133 40 65 76 28 96 15 181 166 96 137 29 67 186 158 3 99 162 63 184 104 91 162 173 4 61 90 124 164 140 33 143 42 100 181 89 37 180 167 134 29 4 129 122 195 70 13 26 187 74 103 150 49 96 62 66 48 88 123 132 178 157 174 189 65 82 54 92 55 41 190 168 32 41 200 59 68 33 80 50 94 40 32 139 121 113 118 12 172 10 30 128 55 88 
192 180 61 98 115 111 102 118 53 191 13 36 200 119 109 25 44 132 30 197 84 51 52 50 71 157 33 167 102 18 197 53 69 44 87 112 113 157 135 114 154 118 149 87 3 29 4 145 86 124 194 113 75 12 112 182 178 166 32 194 176 40 72 171 92 3 155 198 148 162 80 132 5 172 18 58 101 21 99 88 122 21 182 16 192 187 19 35 155 189 104 62 178 151 190 99 94 141 128 200 
19 158 7 21 56 126 56 14 145 198 92 73 138 83 54 200 53 81 87 62 166 72 17 176 44 96 22 26 41 51 184 51 23 167 107 84 178 184 140 10 76 183 144 169 5 161 109 34 53 152 152 35 200 137 92 117 92 194 118 143 122 86 162 44 123 61 33 43 14 90 84 173 178 135 23 37 111 169 174 53 15 140 138 166 37 177 182 18 72 39 156 92 184 127 56 74 88 146 88 62 
146 99 177 151 91 138 144 155 42 106 90 100 37 179 90 191 159 17 142 193 110 24 80 65 133 33 132 39 2 63 38 103 169 199 142 178 115 196 147 42 26 103 67 146 37 150 16 80 182 106 99 40 27 108 103 111 135 31 84 128 92 164 172 14 67 11 175 121 6 32 78 63 195 157 126 89 20 25 163 80 104 121 71 178 46 51 77 77 129 37 160 138 154 173 171 196 140 194 118 42 
168 127 130 95 194 114 127 25 91 162 88 117 105 151 145 86 116 110 134 81 31 140 7 126 2 83 31 7 2 91 175 52 5 94 16 79 110 10 180 123 22 185 26 50 99 174 89 136 6 112 71 35 149 46 10 56 140 67 157 42 160 16 100 113 113 154 178 168 123 143 133 181 115 86 68 2 171 36 139 115 2 100 187 79 30 9 89 47 40 93 47 46 95 83 161 198 10 16 72 1 
173 110 44 47 58 154 18 78 48 144 118 165 80 134 133 176 173 135 113 194 134 174 140 92 6 146 30 108 90 179 150 160 175 50 73 68 166 57 118 95 7 4 60 77 82 52 199 1 189 130 50 164 125 58 42 98 126 180 174 43 107 197 158 35 17 7 124 65 47 3 176 145 182 82 164 46 141 125 170 142 135 1 9 146 111 11 199 142 102 17 101 125 11 72 170 48 54 76 113 28 
48 189 86 90 91 143 20 45 54 164 85 140 57 101 124 167 57 110 128 53 20 166 72 62 55 41 22 157 23 126 37 143 139 39 161 86 37 5 136 112 183 38 167 139 196 39 156 57 167 96 98 159 82 55 16 4 3 18 41 181 171 195 10 177 137 39 90 143 183 144 154 92 24 33 80 52 166 80 147 6 53 76 191 166 23 111 112 79 110 158 1 63 176 64 95 18 25 10 162 185 
171 36 45 167 22 113 93 62 132 132 19 19 28 198 75 189 97 173 11 27 99 159 121 31 128 174 98 8 28 129 171 137 49 123 78 195 22 40 172 60 118 40 144 67 154 75 138 110 158 64 152 182 28 25 200 71 188 106 55 80 13 155 34 1 15 176 67 124 61 70 41 51 60 191 200 71 41 108 63 28 150 94 74 17 115 106 108 6 54 188 55 55 39 126 185 89 81 92 125 86 
131 168 193 191 63 142 113 47 111 171 113 143 9 172 107 179 95 55 109 106 124 44 199 91 81 153 110 117 141 121 37 28 75 170 6 108 19 122 70 97 28 122 43 19 5 168 55 88 119 108 23 125 161 4 186 12 55 74 11 66 137 158 43 66 167 136 39 141 84 112 197 148 177 159 165 39 73 77 82 19 70 25 109 72 181 96 110 72 184 122 26 30 140 109 105 156 133 43 138 1 
19 54 78 9 163 190 170 60 27 75 16 1 110 29 176 198 8 100 154 174 22 21 146 4 107 54 141 76 191 177 76 43 128 155 132 165 1 13 155 45 99 11 70 62 98 39 75 53 134 63 57 89 70 139 102 149 119 87 72 100 69 150 156 161 79 105 109 157 124 18 46 161 190 93 121 184 192 104 104 178 93 79 140 167 165 81 112 156 52 171 17 176 149 151 97 78 64 19 124 183 
42 21 45 28 193 184 199 128 96 140 68 134 126 102 89 182 23 194 72 145 7 150 141 149 102 194 106 151 141 112 163 160 18 87 159 25 114 92 14 7 191 49 6 94 112 122 166 16 130 67 121 177 123 5 73 172 157 146 161 52 67 194 123 157 182 83 151 83 74 44 37 61 29 178 46 115 192 58 59 46 47 116 139 100 115 175 29 129 70 88 77 148 11 109 172 125 109 3 65 188 
36 124 62 150 146 157 6 147 76 133 41 28 35 167 93 100 140 82 1 182 41 69 18 61 54 149 173 14 25 6 161 117 51 29 89 32 148 24 197 71 93 96 199 62 27 49 150 53 168 71 72 33 93 137 167 45 47 165 14 43 180 29 174 149 61 189 187 178 136 118 86 26 199 77 66 19 103 49 33 14 184 182 154 123 191 21 26 181 90 113 158 67 164 7 42 62 59 194 55 91 
8 108 44 83 161 68 196 135 193 168 39 193 27 186 94 161 34 149 198 179 12 122 120 36 112 186 108 40 55 43 100 132 53 146 164 153 55 155 176 10 169 18 172 67 117 200 37 77 138 46 180 109 29 135 179 22 89 8 141 177 3 195 16 39 103 105 192 48 156 107 146 152 71 91 152 108 82 110 181 82 100 5 190 43 145 156 71 40 21 47 71 130 186 33 64 138 26 89 120 134 
192 28 191 66 140 145 83 102 179 105 197 10 15 127 19 117 88 39 3 163 133 67 80 129 63 178 92 152 129 144 150 197 167 63 179 63 82 36 25 85 149 123 143 95 146 181 101 121 82 24 168 34 56 102 169 147 85 129 130 84 27 111 8 34 105 118 192 92 3 25 167 28 42 29 180 1 109 155 120 44 133 125 85 120 7 198 78 123 13 132 134 157 158 8 140 94 189 198 122 13 
4 54 198 27 55 20 88 149 54 132 61 197 38 198 47 9 141 58 6 198 177 88 18 158 137 36 56 134 175 199 105 152 174 81 87 141 174 59 188 77 19 153 112 106 165 189 156 54 43 85 41 110 154 63 166 170 189 10 140 156 126 8 105 125 36 150 174 141 67 9 103 133 3 143 177 196 35 149 14 197 98 27 45 29 35 43 68 133 136 33 53 54 78 44 152 41 89 52 34 155 
34 168 186 198 107 128 158 25 109 36 122 67 125 4 144 72 112 143 97 116 185 121 9 100 54 193 105 126 61 184 59 174 91 119 98 33 35 173 152 115 171 191 153 173 145 148 101 80 70 139 103 93 159 121 10 69 104 169 39 155 164 109 113 26 36 155 31 82 76 9 172 109 124 170 163 184 89 40 59 139 94 70 81 3 138 93 12 180 112 32 12 110 76 162 114 85 157 78 51 163 
121 78 162 159 24 32 116 68 147 168 41 180 21 38 100 126 191 173 146 186 155 142 136 90 160 16 59 81 81 181 148 12 16 31 161 118 84 88 31 136 34 21 98 110 41 46 139 42 55 22 193 76 118 77 45 108 106 181 126 110 19 106 79 160 34 6 185 62 160 136 41 70 197 16 32 152 86 171 3 35 46 68 28 169 81 89 43 30 110 194 49 85 172 166 160 117 9 187 190 105 
44 83 182 147 65 93 39 4 143 77 22 38 199 45 180 176 15 167 19 8 110 172 90 104 78 120 51 44 129 116 186 176 94 96 158 152 186 115 109 14 196 29 189 71 194 192 98 170 142 83 27 109 176 57 35 200 125 98 184 100 153 25 50 60 147 139 33 181 128 190 172 45 85 2 10 85 16 132 41 125 7 87 141 161 138 94 63 20 195 37 146 49 59 184 98 27 127 106 45 61 
66 67 26 101 159 144 170 133 107 180 47 117 137 66 164 65 129 173 4 48 134 191 199 57 197 143 98 115 188 129 179 171 24 126 28 199 142 87 142 123 129 27 198 184 140 183 121 145 147 68 10 129 157 16 166 86 39 93 177 1 54 39 74 49 28 78 160 5 198 196 45 92 123 134 181 95 13 2 148 164 162 97 42 149 189 187 110 27 71 128 24 50 118 142 192 197 132 84 71 34 
182 180 90 93 64 167 104 38 51 37 183 186 39 14 8 65 148 28 88 80 152 67 169 136 81 18 39 130 50 12 146 38 76 39 75 116 172 65 177 165 3 123 22 55 76 89 102 83 75 77 113 42 173 82 59 133 118 135 115 23 90 130 91 55 8 95 39 113 142 124 73 167 126 24 155 17 28 82 117 113 192 102 166 20 155 167 17 102 74 66 35 95 68 114 79 171 51 185 156 73 
70 186 191 197 74 187 134 76 99 118 110 25 43 131 142 189 75 40 129 133 102 190 96 37 4 60 65 148 171 86 75 123 122 174 178 90 118 88 9 173 76 83 4 91 137 143 90 12 121 172 23 79 12 36 64 109 97 100 29 125 87 147 173 49 47 161 17 14 59 109 39 65 55 172 161 195 43 29 94 106 35 40 24 71 65 131 193 109 172 161 6 200 156 137 131 188 29 37 89 160 
145 52 200 137 72 174 192 164 140 197 113 36 71 24 87 172 109 43 162 89 4 179 54 78 132 45 179 6 102 38 114 161 140 188 97 121 94 125 66 131 65 134 127 63 53 9 180 74 53 50 182 151 132 194 105 89 41 158 159 73 26 55 21 106 88 98 68 89 60 134 142 200 27 196 61 163 137 160 39 136 19 94 137 142 93 39 88 184 61 166 62 10 198 73 31 73 119 23 82 191 
3 41 99 45 10 163 20 136 68 136 159 79 183 179 117 200 149 174 33 83 192 179 104 189 127 72 7 174 158 194 183 97 23 74 21 131 99 107 92 52 55 18 2 152 170 26 108 184 83 104 154 105 195 125 53 33 194 28 120 88 184 189 168 21 128 85 54 141 92 59 136 100 27 120 43 178 169 154 199 33 73 169 9 91 149 145 35 111 9 112 127 12 191 8 135 90 152 125 47 63 
123 175 36 21 127 199 59 150 181 150 20 134 13 32 47 121 107 72 111 37 68 45 50 55 76 162 193 158 147 74 53 105 115 187 25 122 104 183 177 176 16 140 189 139 177 78 187 147 179 46 149 72 70 124 22 73 151 50 30 106 29 27 171 188 67 173 51 103 78 189 101 127 48 12 10 91 154 51 148 35 61 157 113 100 124 87 76 73 163 13 39 112 11 184 147 10 188 187 95 162 
188 21 80 59 189 158 70 7 113 186 67 148 185 74 73 159 96 62 4 153 166 168 144 169 117 64 155 49 49 52 92 95 180 172 98 60 158 19 199 144 71 191 11 49 109 53 88 159 193 197 139 91 178 65 12 138 88 125 166 63 8 138 150 124 93 167 105 31 152 157 27 17 94 167 96 91 187 54 106 37 178 17 42 174 104 143 178 14 183 92 120 159 138 187 40 8 85 124 83 16 
71 76 171 148 87 8 55 175 22 175 178 163 99 170 9 192 39 193 41 193 112 128 95 194 198 125 6 23 197 180 44 193 141 104 149 42 92 108 173 4 126 140 142 96 22 159 119 192 137 103 164 27 84 93 6 8 67 155 95 42 30 200 43 68 14 7 177 149 34 95 91 116 132 54 62 80 77 115 111 193 152 34 168 39 40 83 71 184 193 102 32 114 188 194 5 157 110 33 101 164 
166 122 3 190 101 193 131 38 133 168 184 173 178 174 4 27 198 8 160 136 78 129 181 115 113 45 80 137 177 94 103 8 153 182 151 47 20 187 36 49 147 182 170 39 72 61 66 65 177 104 175 58 115 48 40 132 25 150 55 104 34 28 29 6 75 145 200 74 59 14 167 162 172 169 182 14 129 7 115 134 19 154 71 49 23 68 37 2 80 101 161 181 71 193 161 81 192 175 72 118 
161 168 14 181 1 180 170 43 82 51 198 66 141 20 78 133 115 124 3 10 153 154 14 149 147 194 53 199 197 195 110 195 167 19 144 174 28 118 145 32 74 116 88 195 54 122 19 110 77 102 148 127 121 67 159 24 176 46 64 127 173 152 191 51 116 9 191 33 67 163 49 70 167 133 66 190 191 4 120 168 181 71 197 119 149 121 36 45 180 197 100 79 108 70 138 103 16 147 191 199 
130 76 57 68 1 64 110 98 193 13 102 102 104 2 6 139 44 126 13 107 84 33 76 123 165 156 109 81 19 123 93 155 32 145 6 51 149 95 161 62 79 141 193 133 130 199 3 157 183 67 158 102 77 133 131 118 110 4 176 93 167 81 75 108 87 76 104 51 56 199 23 88 114 54 85 137 152 148 188 5 134 56 111 188 22 145 25 166 193 33 58 22 56 191 191 64 36 97 7 185 
86 145 175 114 152 135 83 126 56 1 130 54 107 46 172 146 81 156 23 106 105 73 4 190 42 38 107 134 2 74 1 91 116 175 100 167 64 16 112 20 101 45 199 120 161 2 81 11 114 109 47 98 87 79 197 166 45 162 6 128 189 161 32 156 53 161 105 44 108 41 146 157 126 56 188 32 66 55 101 24 61 32 111 18 35 81 50 148 61 48 96 7 38 135 177 140 6 83 107 129 
41 97 160 169 23 192 99 96 157 19 49 13 63 79 80 163 64 38 157 83 133 145 97 198 178 56 144 68 187 176 141 105 128 128 157 64 1 139 11 171 136 113 90 11 121 23 187 182 103 88 109 135 70 136 120 164 125 161 86 87 90 193 200 88 78 167 190 176 125 124 8 105 35 63 8 81 122 89 187 46 164 143 111 2 36 116 113 131 174 150 130 8 184 92 131 4 22 103 4 85 
157 19 46 176 8 91 17 101 174 105 44 168 20 22 1 23 129 173 104 44 181 193 125 44 111 22 176 82 35 166 194 4 161 191 126 174 151 40 178 58 155 22 185 176 160 107 89 144 152 31 107 143 184 89 121 116 48 22 76 177 11 99 9 181 73 173 72 166 199 68 58 191 121 12 146 40 17 100 83 36 167 161 13 192 113 47 25 78 77 199 77 89 176 20 180 25 162 197 186 94 
54 106 73 134 148 139 161 59 37 77 87 125 157 131 79 52 23 78 83 144 164 170 195 137 93 144 68 72 85 84 77 74 167 97 119 134 50 54 112 79 92 27 114 59 167 26 11 37 28 15 47 114 21 2 83 97 188 60 162 157 39 58 55 19 8 56 144 96 106 144 66 44 8 82 64 34 17 26 119 86 97 62 45 160 134 78 71 175 24 53 132 30 164 158 69 49 128 94 144 10 
37 134 88 48 197 121 53 68 64 145 104 59 26 90 99 192 132 188 182 44 62 190 6 177 69 176 166 38 143 200 117 131 32 180 76 10 38 139 124 36 9 119 9 120 111 72 172 195 19 81 93 40 128 183 131 34 82 8 16 53 13 99 92 105 24 57 123 158 12 132 110 105 45 129 7 170 101 102 8 158 42 199 118 135 63 28 87 183 21 155 86 129 1 96 191 162 68 160 65 3 
168 86 183 192 2 26 157 117 75 98 193 105 157 159 92 4 91 142 43 182 195 175 28 29 108 189 16 123 72 181 137 102 2 69 66 195 6 6 107 25 86 101 55 16 26 68 75 22 71 88 107 73 91 155 117 113 46 82 48 168 79 68 151 160 89 112 197 142 82 166 24 98 49 95 136 162 117 22 116 31 144 31 179 90 140 89 187 12 187 75 106 103 50 103 88 44 37 128 159 119 
24 182 168 43 160 195 101 69 56 46 152 55 101 29 94 23 130 105 78 29 95 199 157 10 172 150 164 15 67 137 118 170 100 57 117 90 176 23 155 109 141 58 171 26 45 81 158 117 100 165 118 161 45 1 172 122 87 32 35 163 40 108 100 41 60 2 118 55 183 50 143 9 176 82 191 14 76 60 69 1 14 66 28 137 151 94 37 4 5 198 64 168 185 44 19 52 116 32 50 130 
182 76 14 74 169 105 44 91 178 195 192 21 44 44 31 53 153 186 166 113 96 181 29 5 37 23 94 124 37 91 65 117 45 79 156 124 173 47 12 83 141 107 111 92 151 64 84 111 196 66 3 184 87 184 13 96 35 33 53 13 43 30 184 195 51 125 143 40 153 30 199 96 55 181 33 105 174 87 150 91 14 3 194 45 99 72 7 96 200 197 75 104 11 189 137 6 68 50 99 81 
176 31 11 80 184 64 11 108 153 147 151 184 43 137 20 115 83 133 22 11 73 145 174 189 54 89 89 98 145 10 75 171 145 83 66 135 76 195 188 93 47 35 65 199 27 80 51 119 143 161 57 18 87 92 57 171 59 119 93 103 113 31 186 156 142 1 163 61 121 175 15 199 59 162 99 101 27 19 111 174 123 78 132 58 172 152 58 189 117 159 90 61 97 77 114 132 142 160 15 153 
137 16 60 67 18 51 85 111 173 188 144 156 101 183 13 90 125 27 47 108 92 44 94 139 94 127 153 27 91 92 162 189 70 117 125 155 58 16 109 94 6 152 126 125 13 97 126 163 10 44 19 84 151 96 126 4 183 154 69 193 22 135 125 130 17 188 158 84 36 180 148 77 47 83 168 60 152 125 158 172 38 81 36 168 17 39 73 16 145 104 10 144 149 84 159 1 35 114 81 13 
101 9 189 10 88 25 155 21 176 144 30 72 149 60 14 189 6 196 135 68 164 32 174 118 80 142 29 33 7 193 36 53 103 11 105 59 128 175 36 161 193 57 151 36 77 88 22 15 40 3 120 82 188 127 186 32 157 197 135 19 12 127 145 127 34 136 37 156 164 129 139 112 157 105 153 122 147 68 165 14 144 129 164 14 75 104 42 10 141 67 142 148 116 4 45 136 96 15 48 6 
15 81 124 161 122 93 161 27 41 75 148 65 108 56 55 175 66 2 80 61 147 64 152 82 31 189 194 54 2 15 67 49 126 154 60 106 1 133 9 111 41 99 60 103 76 108 196 195 55 29 15 89 53 32 150 137 41 27 99 25 118 9 111 88 51 103 98 113 30 192 12 92 5 184 122 111 175 165 148 123 112 173 34 165 64 106 60 36 194 58 163 170 136 11 129 78 2 97 12 157 
85 118 65 163 76 90 175 178 182 198 9 164 27 51 48 109 68 64 81 57 98 103 125 66 135 188 17 128 120 155 197 103 11 124 33 186 70 156 81 150 181 35 122 91 134 57 43 114 160 116 27 87 108 49 72 52 126 2 103 195 70 76 17 80 130 5 16 26 198 172 157 12 148 27 131 33 137 5 75 177 25 182 197 50 172 3 188 84 9 117 148 17 22 158 55 68 23 113 144 18 
137 29 88 50 84 59 194 29 78 178 24 53 68 102 56 107 54 80 150 71 26 196 106 31 180 117 136 106 31 65 81 63 35 57 137 33 80 178 136 186 94 60 125 147 166 16 194 152 4 26 132 53 178 10 116 101 163 91 70 47 63 95 171 139 21 158 120 134 195 142 85 114 99 133 145 22 92 143 164 28 75 1 120 146 70 80 88 87 112 112 193 28 176 135 36 73 115 144 60 74 
64 35 95 181 100 126 136 178 29 69 58 119 163 28 171 174 179 49 185 164 103 98 29 168 33 30 11 34 139 189 178 47 85 108 107 181 189 75 186 33 148 43 65 184 104 67 75 120 83 109 43 18 76 98 26 126 143 152 6 182 73 14 62 191 120 35 86 197 96 198 68 188 30 54 159 172 124 80 108 166 70 59 15 141 110 96 78 151 112 128 7 186 154 127 156 101 158 140 167 23 
39 67 197 65 35 82 180 36 193 69 81 187 48 101 69 42 12 173 86 70 188 67 158 87 107 48 85 11 81 76 15 135 47 128 126 106 48 110 40 88 88 146 106 184 130 43 172 158 168 20 152 141 16 192 117 183 126 171 112 78 177 148 131 130 38 140 98 86 124 69 92 64 26 122 74 191 142 159 156 39 158 16 123 110 156 91 100 74 88 16 172 113 67 14 200 51 56 37 135 11 
82 192 74 200 132 63 26 128 48 194 130 121 72 97 156 102 143 147 33 94 43 68 19 50 44 147 36 112 56 30 116 20 159 43 106 99 151 115 188 25 138 64 35 72 140 77 79 35 147 74 51 129 80 46 9 58 158 98 156 10 150 40 32 75 140 58 200 88 160 87 3 5 128 55 154 97 132 147 173 72 143 37 95 200 73 179 150 11 5 123 5 93 173 45 6 64 126 166 91 179 
60 160 87 25 165 24 11 163 20 84 132 168 110 180 24 51 85 30 97 97 55 27 138 137 3 5 115 80 166 110 86 8 166 188 145 118 103 76 184 118 81 183 72 25 16 87 2 170 66 6 4 49 121 141 45 66 138 96 30 97 93 34 159 168 11 149 179 25 66 30 32 84 161 68 1 48 200 189 180 121 198 40 98 162 83 65 31 145 139 135 173 150 193 85 102 193 28 2 16 199 
125 184 99 119 148 146 17 157 170 60 79 16 62 168 154 185 199 143 167 51 142 82 5 16 175 111 158 97 85 139 191 109 161 170 105 153 63 84 66 169 48 161 85 30 33 105 194 4 104 100 166 41 66 27 25 16 87 189 67 23 28 133 107 187 160 104 121 48 65 120 137 164 46 119 146 39 3 121 3 168 67 117 6 107 192 51 176 145 187 164 62 73 164 113 115 33 96 61 168 27 
35 136 30 136 66 47 136 172 73 101 78 127 165 105 69 190 180 37 10 4 22 46 114 57 142 94 195 34 40 3 24 13 102 44 62 144 128 154 183 23 59 25 177 59 172 124 98 7 72 131 99 69 18 112 89 78 31 164 26 43 182 182 110 10 125 22 24 115 162 184 92 56 34 139 157 10 95 169 110 183 67 37 29 58 96 87 8 167 174 149 193 65 75 107 107 52 94 159 179 178 
113 51 128 184 124 22 193 112 114 37 114 107 115 163 82 154 189 164 55 172 18 11 129 111 199 171 88 183 12 2 40 173 120 47 179 60 127 62 129 127 45 149 107 79 141 49 64 84 118 173 19 154 94 57 122 52 65 197 108 180 46 89 135 36 22 64 73 100 173 105 26 111 29 60 191 135 193 73 81 111 100 158 192 118 110 165 42 42 90 70 153 26 182 100 124 83 30 178 102 148 
16 58 35 66 48 199 147 35 50 139 25 75 7 151 71 190 4 140 40 117 1 8 142 94 125 96 102 7 71 52 164 129 35 127 166 196 174 117 134 38 118 41 73 67 153 117 151 110 101 149 8 129 182 79 97 160 43 102 40 142 15 36 39 83 60 175 14 43 158 156 70 53 119 194 182 112 137 100 82 118 153 172 2 69 26 87 170 41 162 139 29 159 199 101 92 70 81 125 80 190 
69 196 183 190 26 129 135 78 42 129 29 158 20 108 179 177 15 44 149 180 198 4 99 86 107 121 178 102 117 78 108 136 180 108 18 105 43 153 99 49 4 126 52 118 122 118 67 29 87 96 197 183 39 46 27 83 69 62 153 40 178 21 153 130 176 152 148 176 174 82 155 62 58 66 155 46 86 155 84 135 132 1 5 86 37 188 108 5 9 93 40 197 113 18 160 123 117 131 31 75 
166 160 44 70 69 32 111 179 167 147 172 88 161 123 200 126 66 103 8 171 99 3 195 46 95 69 103 51 13 1 188 38 198 170 74 56 67 102 190 29 72 89 90 33 130 7 16 147 85 175 196 157 89 49 39 11 172 91 76 173 198 88 188 172 24 174 26 154 171 97 39 7 161 149 137 91 158 75 84 97 109 129 126 155 166 183 160 38 58 185 194 33 116 137 59 166 160 131 24 77 
45 127 135 59 60 176 44 192 67 191 181 177 175 1 102 164 157 139 146 64 166 118 61 12 106 194 200 128 50 77 57 25 128 114 69 39 164 83 91 71 77 73 176 182 52 130 54 88 42 106 61 160 108 185 26 194 93 82 101 196 188 165 10 179 20 82 162 127 192 76 166 129 6 196 7 105 57 164 127 2 116 86 72 76 41 184 68 53 172 36 77 96 41 109 137 170 174 99 30 165 
179 26 141 145 119 78 165 23 146 67 117 165 104 186 185 117 3 194 30 132 83 99 57 17 97 111 200 106 72 96 96 29 144 72 67 179 26 90 69 138 170 175 158 164 84 70 150 71 122 133 36 198 177 70 145 94 149 80 149 10 114 108 26 98 89 3 126 146 25 103 79 9 13 26 130 38 55 113 4 82 152 96 148 137 33 53 159 85 153 18 182 105 78 66 120 174 138 69 192 23 
118 4 45 106 12 99 156 77 108 73 99 127 76 59 194 190 157 172 110 125 69 83 46 152 150 75 172 52 87 50 112 71 35 116 64 67 88 155 60 178 38 165 180 82 33 151 187 75 178 163 134 54 44 175 54 165 162 53 42 83 10 158 163 173 111 33 75 96 55 10 195 9 5 9 106 49 190 121 60 95 195 84 143 76 162 117 154 114 18 159 159 68 73 108 141 116 83 59 133 133 
109 156 53 115 141 162 87 16 162 95 110 114 78 165 148 24 170 193 13 93 36 60 100 102 20 3 36 115 109 27 97 187 23 184 91 122 173 103 151 182 12 47 155 20 192 176 54 94 189 137 161 176 4 40 64 72 37 16 198 98 13 34 156 29 66 38 96 181 62 181 125 65 153 137 166 163 166 12 44 153 30 186 76 44 74 171 144 164 91 164 41 174 154 198 159 123 97 87 83 123 
67 155 117 104 47 122 161 87 179 113 196 16 57 53 131 145 142 165 16 7 19 84 179 8 119 74 110 192 100 189 150 36 66 199 112 9 61 195 171 113 38 26 196 179 145 177 132 131 143 172 170 140 175 121 178 73 136 188 131 56 71 45 32 181 196 97 42 105 96 145 4 69 19 29 81 62 59 176 157 116 56 123 158 200 56 42 181 62 101 16 120 61 199 183 142 86 80 153 192 85 
55 33 83 54 6 183 61 43 16 69 139 26 191 102 54 111 51 56 96 100 3 77 72 23 143 150 171 26 105 18 181 23 149 163 146 148 124 2 44 58 78 11 73 136 134 175 29 160 114 186 105 166 118 93 114 94 25 61 83 151 71 95 162 193 137 143 13 40 34 185 161 104 89 105 93 114 42 94 102 91 132 91 112 175 15 136 136 55 63 116 11 93 176 80 82 34 69 137 167 98 
22 106 136 167 175 137 119 144 56 64 16 49 165 196 153 123 172 196 182 88 111 197 147 149 88 60 93 122 118 78 182 182 90 124 154 37 31 161 167 54 140 35 122 143 195 64 16 85 28 69 181 199 195 59 14 106 45 197 74 22 1 151 31 38 119 85 163 15 89 7 65 63 44 172 149 159 125 21 190 125 92 116 156 55 183 110 66 190 160 122 75 55 101 39 37 104 9 47 108 155 
57 69 107 154 81 181 196 6 46 58 41 72 16 57 51 190 95 129 154 22 135 74 103 149 129 178 171 126 175 133 67 3 131 170 105 74 36 124 145 18 122 22 77 191 8 6 123 189 130 74 153 169 20 107 191 148 118 46 25 137 173 139 100 36 105 96 141 185 39 108 76 125 184 126 57 171 93 119 139 131 106 62 158 183 142 149 64 9 126 44 175 150 118 24 127 81 4 85 145 109 
165 41 71 196 104 3 118 162 173 158 12 68 98 153 127 196 55 45 1 182 20 80 157 31 29 137 116 24 27 163 53 53 39 17 71 101 77 26 67 145 16 74 200 63 27 178 177 126 91 54 66 91 103 190 12 183 108 47 153 172 134 165 80 142 80 32 108 95 11 178 38 138 146 135 167 171 154 71 104 92 37 184 61 155 9 136 46 152 25 194 97 23 73 5 135 174 75 115 110 119 
150 95 16 77 143 120 95 28 82 159 139 168 148 70 181 13 147 94 25 86 58 184 56 5 136 22 55 134 160 44 150 124 99 11 14 57 126 180 22 84 61 181 148 135 34 123 105 36 176 147 75 103 138 112 32 171 63 32 11 130 11 57 144 198 65 169 51 193 134 56 42 65 195 131 145 136 194 148 128 88 103 85 41 63 50 196 151 124 19 151 115 108 193 108 51 49 43 48 49 10 
61 34 69 135 135 55 188 178 125 182 87 153 186 69 65 161 57 135 65 42 117 9 68 153 163 70 166 103 131 94 134 47 114 105 195 33 181 125 170 99 18 145 7 157 200 72 58 182 23 68 164 39 14 152 142 31 31 61 94 50 151 109 37 185 108 195 128 46 99 38 160 115 20 185 98 25 146 180 192 192 21 80 165 165 139 17 60 152 57 165 138 94 56 53 141 57 170 57 185 195 
164 91 32 169 33 17 176 171 114 9 102 27 37 176 144 127 136 148 184 144 54 47 168 131 85 75 163 149 101 187 148 158 160 106 58 13 45 194 77 114 82 178 184 63 60 107 155 45 7 96 32 55 46 143 139 138 123 144 158 67 78 23 188 196 197 85 52 145 34 48 172 189 196 58 110 80 162 67 93 62 106 123 25 128 109 67 156 140 116 189 149 196 65 21 110 12 15 127 102 30 
93 31 149 176 197 173 56 171 40 46 113 170 107 160 55 78 140 88 132 85 85 98 28 149 62 47 48 24 130 61 7 115 159 53 51 99 183 134 86 28 81 190 122 143 37 132 26 144 11 68 68 95 40 181 100 22 72 200 62 89 163 77 64 45 91 160 157 116 18 100 123 74 51 108 109 166 139 156 13 79 14 181 147 186 187 20 180 187 4 71 33 130 72 11 25 176 162 128 95 27 
102 130 95 102 159 109 28 39 36 176 130 154 161 173 83 185 56 19 166 135 189 139 14 10 115 142 45 144 27 63 19 126 149 44 185 61 200 37 4 158 72 114 68 114 75 29 21 9 104 107 7 143 195 78 127 121 12 96 160 27 135 14 191 39 132 175 126 10 164 94 62 5 150 60 99 18 88 185 189 16 187 113 166 5 55 193 3 100 123 144 182 175 198 48 20 155 144 127 70 127 
40 133 66 73 75 111 92 81 192 70 70 29 121 171 36 80 12 38 150 6 75 108 28 137 130 95 43 113 170 63 111 71 95 65 195 58 189 33 105 32 19 148 191 14 46 124 160 61 140 50 130 138 148 28 31 26 133 65 111 56 156 90 16 18 150 175 89 131 1 140 22 23 59 16 47 131 174 6 61 9 171 108 7 80 135 107 113 10 68 59 117 93 15 32 162 135 198 55 140 153 
88 110 149 44 149 66 28 173 96 149 66 66 176 64 171 190 88 6 6 156 74 149 123 61 125 156 83 98 29 188 118 162 137 56 194 36 151 104 156 165 38 80 64 61 167 83 146 152 192 51 172 200 102 149 93 122 170 5 171 190 142 155 92 197 121 156 146 52 2 30 63 49 89 45 138 6 133 27 41 81 10 144 100 43 144 183 90 91 54 123 148 149 56 134 160 157 40 24 154 42 
175 199 110 193 132 145 112 110 88 84 72 149 34 146 129 73 53 67 160 42 163 26 40 184 191 168 97 129 101 145 30 84 168 59 142 82 98 134 101 15 29 13 155 94 88 165 163 58 124 124 69 76 193 27 40 117 101 105 157 58 136 117 73 32 168 64 166 180 112 117 70 49 4 54 104 163 154 172 49 128 185 126 50 152 26 69 199 195 28 121 19 154 69 4 66 53 27 22 99 123 
98 187 85 133 51 130 101 8 17 133 180 154 24 44 82 113 102 173 82 79 165 1 15 86 181 89 171 169 155 183 141 128 194 48 37 15 41 78 136 183 14 63 190 140 9 37 46 47 78 186 147 131 15 58 185 77 188 187 11 139 100 23 50 165 12 124 50 47 74 17 45 26 138 114 58 117 79 17 45 59 3 89 98 111 67 120 34 9 133 157 158 187 108 175 36 90 150 132 171 184 
91 86 199 55 133 84 17 86 110 39 21 166 19 184 31 121 1 18 162 51 17 175 138 88 191 61 15 77 3 45 23 117 62 180 168 115 5 113 55 107 73 165 132 163 120 143 114 129 61 49 126 27 184 132 96 22 96 28 101 30 14 137 177 1 143 1 136 9 73 106 35 59 155 184 29 158 142 120 131 139 58 106 166 109 181 2 146 106 37 154 157 83 148 118 49 78 111 71 133 130 
