100 4
0
1
1 26 47 -68
2 48 65 -82
3 180 33 114
4 223 10 303
5 234 196 234
6 238 196 -154
7 245 25 395
8 282 178 1350
9 295 100 895
10 299 63 677
11 340 114 340
12 344 15 434
13 379 98 183
14 395 75 545
15 404 73 258
16 412 92 780
17 478 38 478
18 509 19 623
19 614 141 614
20 705 143 991
21 720 107 506
22 744 140 1584
23 754 128 1778
24 784 3 802
25 787 102 1399
26 828 196 828
27 850 8 882
28 887 107 887
29 904 172 1936
30 1065 191 1065
31 1096 6 1120
32 1118 97 1700
33 1125 34 1193
34 1143 44 1407
35 1166 192 1934
36 1207 199 1605
37 1224 134 956
38 1236 59 1472
39 1245 171 2271
40 1311 52 1311
41 1325 128 1069
42 1329 37 1255
43 1332 96 1332
44 1376 195 1376
45 1387 130 2427
46 1462 163 1136
47 1500 200 3100
48 1505 77 1351
49 1517 183 1151
50 1539 95 2109
51 1541 120 2261
52 1613 78 2237
53 1646 99 1646
54 1762 137 2584
55 1800 37 1874
56 1800 182 3256
57 1891 36 1891
58 1914 78 2226
59 1929 132 2457
60 1986 36 2058
61 2015 23 2199
62 2028 23 2166
63 2033 22 2209
64 2066 78 2690
65 2066 55 1956
66 2122 141 2122
67 2140 33 2074
68 2230 198 3022
69 2238 72 2382
70 2274 85 2444
71 2278 94 2654
72 2319 32 2511
73 2367 84 2535
74 2382 88 2558
75 2387 149 2983
76 2390 167 2056
77 2440 122 2440
78 2526 10 2546
79 2531 82 3023
80 2539 76 2995
81 2543 191 2925
82 2546 137 3094
83 2560 107 3416
84 2620 4 2620
85 2639 156 3575
86 2640 121 3366
87 2676 128 3444
88 2684 39 2606
89 2695 66 3091
90 2724 133 3522
91 2817 200 3617
92 2819 58 3051
93 2848 195 3238
94 2861 157 2861
95 2885 73 3469
96 2897 196 2897
97 2913 191 2913
98 2944 145 2944
99 2964 92 3516
100 2999 79 3157
184 177 174 136 86 47 97 112 54 169 174 32 111 100 167 101 72 71 25 119 148 149 16 175 87 28 164 50 85 182 133 44 98 72 74 134 129 34 147 136 199 30 119 69 158 33 147 189 29 130 194 171 143 198 152 131 110 96 171 168 25 200 146 53 62 50 129 22 56 26 114 68 13 2 9 60 35 15 184 36 43 14 152 56 54 129 61 25 182 25 91 27 20 174 118 115 168 143 181 111 
63 38 86 6 85 198 24 153 62 161 47 20 184 134 109 64 106 190 192 129 23 57 19 107 92 124 122 134 89 15 92 47 95 189 197 191 65 21 50 20 24 45 118 85 167 74 137 78 181 139 35 11 184 197 110 67 47 64 122 42 140 19 168 117 154 106 166 66 169 188 39 112 72 103 115 95 74 83 116 8 93 51 151 36 188 140 182 28 59 95 60 140 159 54 74 89 100 157 191 156 
26 109 13 162 168 16 135 46 191 192 69 57 166 177 111 50 18 128 107 97 108 186 92 188 150 48 120 92 198 134 129 94 180 76 70 122 176 192 14 75 65 159 17 17 5 110 126 112 138 147 127 81 195 42 81 30 187 59 191 40 125 118 123 182 62 26 20 161 170 185 34 126 76 148 199 87 145 133 153 14 3 156 76 62 66 191 104 45 152 60 189 56 4 63 4 106 8 2 116 1 
175 88 98 96 190 34 104 49 11 121 163 15 58 125 184 76 27 127 107 148 128 137 158 111 36 163 192 15 63 25 92 1 183 134 82 68 197 193 107 75 75 94 47 146 77 165 70 155 26 193 78 110 92 35 159 1 142 78 78 46 130 4 83 83 99 63 51 118 162 149 154 26 3 83 92 16 166 108 172 171 51 145 33 83 100 37 105 180 104 181 43 139 98 179 132 76 80 46 59 47 
118 121 40 27 165 122 167 200 103 97 26 62 39 108 17 69 53 37 162 67 188 169 137 122 12 34 34 185 189 197 39 149 167 51 89 41 64 147 85 156 47 97 150 27 26 32 37 84 23 148 155 118 141 91 192 103 72 98 11 11 133 23 54 197 145 144 88 79 136 105 79 71 154 68 162 49 65 135 85 167 8 200 176 36 158 20 127 79 147 95 74 12 132 136 73 106 11 164 77 136 
65 184 90 135 41 107 179 168 76 55 151 91 73 78 182 13 165 194 12 105 20 198 71 151 99 16 174 91 56 143 57 32 70 7 108 78 116 53 169 139 151 36 187 1 175 42 20 107 17 148 161 71 150 29 15 59 132 66 111 13 194 19 191 97 143 2 88 111 99 5 19 105 33 186 62 41 136 194 176 164 31 113 50 133 41 129 137 110 13 102 80 136 23 60 141 31 1 29 169 37 
9 166 68 152 107 43 177 66 57 167 151 93 64 3 43 38 153 174 161 3 15 141 171 8 129 44 141 197 33 100 129 57 43 181 178 48 124 92 185 109 13 182 128 39 63 192 189 110 189 167 57 73 171 3 81 101 77 105 100 138 73 132 117 4 185 19 182 153 43 117 108 131 94 191 69 105 79 99 181 43 125 76 31 146 183 76 192 36 142 90 138 128 7 105 50 14 112 63 157 109 
159 132 101 194 35 182 37 153 186 100 163 45 11 33 113 119 19 77 48 117 117 24 147 141 87 25 59 161 173 51 94 74 93 16 6 3 82 102 199 158 101 109 82 51 3 163 28 130 87 95 44 70 26 80 92 40 193 169 7 189 54 68 155 154 165 61 54 105 184 178 141 106 42 24 11 154 26 77 192 71 148 171 71 28 136 160 23 104 137 192 1 117 67 13 131 76 151 118 161 97 
40 3 11 100 160 95 57 25 130 123 17 48 143 182 141 4 96 90 51 196 141 10 199 69 19 36 14 26 163 7 117 133 178 162 198 132 183 56 152 98 159 15 180 192 17 141 60 118 189 130 131 84 127 92 136 28 48 80 25 46 26 126 59 165 31 154 149 147 49 40 57 1 131 54 52 135 76 106 83 113 151 138 24 45 129 76 141 78 121 25 52 65 132 108 12 42 47 5 178 78 
24 59 73 194 173 171 39 60 82 169 128 118 140 132 122 69 190 115 111 103 168 43 55 122 198 172 124 64 118 126 110 62 63 49 77 192 15 15 167 99 177 175 18 148 64 87 116 142 67 189 155 178 46 39 36 138 52 162 54 142 4 15 141 177 41 65 152 132 200 182 102 109 185 123 29 47 61 102 22 197 111 150 166 187 167 12 18 85 121 86 59 85 6 123 52 155 79 77 36 121 
102 126 85 34 39 167 72 134 34 157 24 43 122 58 9 193 50 148 147 127 109 178 107 98 92 186 194 198 182 115 182 40 133 118 155 80 113 140 111 85 47 152 146 150 74 70 85 60 33 96 14 24 84 60 74 194 25 176 186 63 73 193 170 82 118 164 35 23 30 126 193 98 197 180 165 91 128 153 37 63 19 187 59 141 75 68 7 108 143 129 17 170 191 113 196 100 85 12 133 104 
91 104 72 18 163 119 89 1 6 141 48 53 80 88 194 103 151 186 83 148 103 42 48 149 102 87 107 133 107 10 62 1 140 33 69 169 107 65 96 152 9 65 183 56 87 171 15 8 38 111 88 48 114 168 171 87 84 18 29 170 156 44 162 53 134 119 175 82 65 35 145 99 173 46 86 149 68 157 107 105 58 115 178 167 90 120 120 13 146 20 173 187 21 127 172 189 130 177 158 106 
173 7 126 183 5 85 132 102 79 74 81 37 18 152 49 150 94 134 194 71 21 119 29 165 81 87 6 2 194 36 133 145 198 56 82 91 21 76 134 199 96 97 96 109 144 121 25 5 79 187 40 121 86 170 30 190 131 46 166 169 5 5 47 38 158 156 70 181 82 32 175 155 103 162 7 69 165 111 105 88 80 159 4 69 37 151 122 30 6 36 17 169 138 46 81 64 116 152 89 97 
48 98 51 77 143 200 157 70 38 5 72 71 66 46 19 98 165 136 34 63 17 133 74 143 22 96 88 190 75 140 195 24 92 137 89 93 13 30 116 63 183 41 128 185 138 35 186 47 178 116 25 40 33 11 139 200 11 14 177 149 21 191 128 9 174 63 54 121 189 195 93 130 109 39 192 200 83 104 11 182 51 15 160 174 6 135 7 181 157 52 70 85 149 113 58 27 56 182 108 12 
69 33 144 91 45 122 57 126 184 73 107 110 12 90 43 36 93 167 141 194 131 83 58 41 70 145 136 65 9 11 39 59 15 59 101 53 130 109 155 88 138 198 101 75 20 107 159 45 142 11 74 184 95 35 109 180 85 135 186 29 57 164 66 190 193 81 16 10 174 198 10 124 198 112 156 133 18 157 170 8 112 127 135 30 43 197 190 166 125 71 129 149 37 28 56 128 71 39 151 192 
87 5 139 115 99 195 95 197 80 15 156 184 79 52 48 12 98 65 162 82 149 164 41 175 157 148 121 72 150 167 124 6 68 113 5 126 104 14 92 29 24 164 66 8 56 46 146 23 95 46 98 71 77 173 92 156 187 46 140 51 133 79 154 126 55 180 31 58 67 198 199 65 164 106 159 189 109 124 194 197 136 28 70 10 156 128 20 159 105 147 24 186 114 55 149 198 153 107 153 144 
185 160 139 21 178 96 100 25 38 52 123 111 118 126 118 108 190 9 55 77 29 69 96 135 139 43 14 30 135 51 14 143 39 134 152 146 174 187 130 93 168 22 85 170 28 172 166 153 3 22 3 8 4 59 181 24 143 75 133 130 20 5 122 57 70 41 101 200 112 115 171 64 46 99 71 27 140 113 60 185 99 183 72 152 161 10 140 95 7 52 15 148 141 152 18 122 72 15 96 143 
189 198 117 20 69 151 73 162 19 184 150 13 140 182 174 105 188 78 95 163 53 24 57 127 94 21 167 164 81 21 168 18 142 119 120 197 129 76 188 166 80 124 75 70 172 116 125 124 84 90 120 144 107 163 2 28 75 26 34 10 31 48 53 6 4 194 82 47 76 198 108 25 143 24 10 56 188 174 140 130 78 94 6 122 177 124 24 154 41 146 167 107 93 179 146 115 100 185 149 22 
174 136 105 125 53 183 63 182 98 95 126 56 77 194 151 5 165 55 183 68 161 167 110 72 109 170 199 105 109 21 131 22 171 146 196 20 176 108 135 45 153 70 94 31 139 105 106 74 85 93 54 102 4 80 130 197 73 114 86 162 98 145 92 170 74 27 197 101 24 196 185 5 5 166 88 191 47 161 162 54 128 120 145 113 155 50 12 90 151 156 53 171 10 178 103 121 51 108 172 83 
197 198 150 39 50 38 23 169 85 21 155 134 138 174 25 21 85 90 20 159 148 25 109 25 12 29 54 162 132 98 174 147 79 101 13 6 147 62 15 110 59 109 97 67 72 196 15 192 24 111 41 137 2 179 80 153 193 123 180 196 35 92 37 155 40 51 152 180 161 80 110 65 74 3 116 132 198 14 146 146 36 20 112 96 125 193 101 89 82 40 15 23 120 146 145 139 185 170 1 42 
42 78 127 33 172 179 154 185 76 19 59 59 61 188 133 50 59 101 25 183 139 199 7 56 187 122 74 61 111 171 161 184 56 110 129 40 73 7 107 152 138 155 17 129 42 71 52 137 171 157 71 92 103 195 9 22 1 197 63 68 173 124 175 40 177 180 148 175 36 152 161 115 121 186 192 127 88 68 13 109 35 4 86 159 76 152 168 177 98 129 74 148 36 47 73 101 153 197 45 102 
28 195 75 113 23 96 79 103 138 158 155 104 95 150 84 19 67 163 82 176 47 46 180 50 93 200 82 182 102 102 73 67 170 59 10 145 84 200 124 52 48 191 17 88 70 60 65 9 69 79 9 160 67 114 106 197 91 167 179 72 184 151 71 12 24 77 48 132 58 102 19 83 165 58 30 41 43 148 126 86 13 103 80 85 71 152 158 180 180 93 42 81 122 104 17 128 179 70 128 17 
56 195 126 58 195 155 39 35 166 46 53 69 106 154 55 29 21 146 145 172 15 182 103 50 99 4 187 110 56 34 163 180 167 125 198 38 108 54 107 62 98 186 200 89 94 33 111 141 138 18 148 194 144 66 139 93 85 89 92 164 18 74 131 127 24 163 28 131 143 128 38 196 181 78 139 43 147 25 129 189 6 140 167 109 96 45 172 43 4 122 81 194 154 194 56 131 112 29 181 180 
105 174 123 182 10 162 173 129 27 19 133 15 70 111 134 79 29 144 64 140 143 110 26 138 140 72 75 143 30 9 66 148 148 147 107 137 124 196 14 58 95 31 151 36 53 78 180 24 99 147 159 120 145 115 137 95 195 45 62 96 122 174 132 127 28 57 110 72 57 137 51 42 176 103 114 181 51 67 75 200 121 114 112 16 147 114 164 38 200 162 198 178 125 45 93 188 144 122 99 28 
64 37 5 189 109 78 180 83 137 107 84 1 182 6 129 175 43 130 132 181 86 73 155 182 171 80 80 164 198 13 111 164 72 148 123 120 45 6 54 134 54 120 151 30 81 18 157 35 81 24 27 161 165 186 166 50 133 55 130 108 160 21 70 187 79 132 161 93 91 191 31 42 166 171 161 183 6 133 62 40 112 58 192 44 125 119 100 18 195 199 33 80 162 50 33 114 43 64 198 181 
4 104 161 16 200 52 169 61 128 61 29 163 84 39 91 39 18 74 54 66 38 184 122 181 23 189 171 87 10 24 89 12 145 156 166 29 164 188 180 167 162 157 105 115 72 197 120 27 89 138 78 141 179 197 171 184 169 72 64 42 132 10 78 174 135 127 9 81 16 176 174 35 38 80 3 133 112 22 35 80 131 45 126 174 83 130 177 185 139 20 82 200 46 185 108 176 118 191 193 197 
169 9 177 24 45 199 158 30 99 3 144 102 82 73 151 122 75 163 21 83 96 123 30 11 129 39 45 121 22 148 110 114 172 131 51 108 31 62 20 40 124 160 172 169 20 124 154 193 187 196 37 169 28 128 162 129 132 185 168 169 125 196 42 133 52 119 192 104 39 86 126 158 152 130 16 171 39 63 89 46 158 47 104 82 37 15 50 144 156 94 99 179 185 48 14 74 13 58 128 49 
98 62 35 59 124 86 121 13 26 70 7 54 97 167 111 31 188 184 121 136 137 119 168 82 26 118 122 187 199 24 147 114 154 149 105 8 136 88 92 87 196 33 67 83 91 139 165 146 96 127 41 197 137 38 78 94 173 161 8 106 88 98 143 61 131 172 35 198 196 101 106 75 35 82 192 76 156 136 174 97 92 33 121 33 122 196 55 72 85 106 154 60 151 184 18 116 26 130 127 93 
57 120 172 107 25 166 30 78 7 154 164 162 146 27 35 160 147 140 39 41 8 63 149 33 163 100 70 187 10 12 150 147 165 57 132 132 37 27 172 17 80 166 182 29 120 2 117 172 194 164 197 71 176 152 191 14 6 71 14 170 16 67 151 82 55 131 134 193 167 48 158 103 125 113 47 19 93 77 132 114 42 146 179 126 63 162 185 11 43 12 79 89 70 105 195 149 77 87 163 124 
16 7 117 17 58 90 58 18 11 105 120 36 79 137 41 116 85 21 16 161 38 66 159 61 113 40 93 19 57 91 83 24 169 34 94 145 105 67 47 122 76 190 31 50 51 200 9 45 78 79 162 144 91 121 89 65 195 101 51 133 127 194 184 188 112 93 59 109 43 125 125 138 44 15 44 34 150 169 64 142 150 84 180 170 40 140 82 56 169 98 74 154 5 110 117 30 175 134 91 195 
66 160 7 196 69 1 127 184 42 13 115 74 195 134 41 180 60 6 139 101 6 73 182 27 59 154 191 89 189 33 85 96 106 169 134 112 183 76 158 36 96 62 145 97 35 78 50 66 11 115 152 40 154 24 168 97 27 21 74 200 199 26 114 34 17 115 169 125 152 65 93 77 20 96 102 47 91 108 65 116 194 60 78 102 150 64 116 42 53 33 11 181 67 186 200 24 136 26 91 116 
67 57 120 40 120 155 159 189 169 71 8 28 151 165 123 81 78 33 4 74 140 100 14 93 88 7 144 19 44 145 191 137 129 117 77 189 95 193 52 188 102 93 186 68 131 187 139 128 64 51 173 82 59 13 157 128 188 111 160 122 138 120 185 60 169 189 176 61 97 80 195 74 197 160 32 61 106 19 88 113 181 80 104 65 78 132 21 194 182 192 163 2 107 138 153 46 5 200 143 154 
103 114 35 135 153 76 182 47 172 77 57 92 186 76 24 64 104 43 13 90 75 72 38 2 138 92 64 54 47 127 188 60 29 154 17 42 170 172 104 126 127 155 161 108 36 172 197 182 134 38 123 57 2 54 3 142 136 86 130 180 43 17 100 188 77 166 104 99 42 196 145 94 146 12 44 93 87 119 38 178 83 117 117 37 31 118 161 15 89 54 200 15 63 119 57 197 133 18 103 24 
177 151 84 97 191 163 67 55 188 35 33 88 107 24 53 179 159 141 121 4 115 43 192 99 8 41 198 159 128 51 177 187 167 124 198 34 19 125 113 132 28 119 156 14 152 47 164 41 117 37 9 149 63 139 4 191 1 52 178 96 64 169 13 141 99 165 146 96 185 174 115 166 125 170 98 67 69 52 77 154 168 128 60 109 103 138 13 157 172 77 41 147 68 57 102 79 111 193 122 100 
37 39 30 149 25 63 149 75 87 59 100 123 38 41 136 63 12 12 182 35 153 9 96 110 131 75 103 62 119 122 164 131 75 85 171 131 37 40 171 42 154 61 182 122 184 64 17 38 144 98 15 87 133 37 82 53 86 85 167 44 11 68 11 198 196 176 35 20 75 87 81 119 83 38 75 196 4 72 95 183 88 5 83 104 194 108 1 191 112 176 187 162 51 79 49 45 66 157 113 145 
102 153 33 54 99 56 114 71 193 181 48 167 168 12 156 129 171 130 184 59 138 131 75 82 34 148 161 4 105 193 93 31 67 95 105 68 97 55 143 148 4 188 21 101 45 80 6 127 71 124 149 177 186 65 179 169 47 80 31 41 122 194 156 81 44 49 141 43 175 49 3 132 79 115 47 34 40 137 174 91 20 21 173 184 51 54 108 17 40 83 154 89 98 103 21 89 125 90 85 159 
60 193 71 104 47 25 189 191 121 71 1 51 177 109 138 67 138 16 47 159 109 39 188 184 177 107 179 161 114 22 24 104 61 172 130 108 164 60 178 197 23 2 104 71 34 32 145 107 199 49 62 150 93 50 168 99 54 50 137 4 11 113 184 77 51 4 180 141 23 48 62 5 81 145 143 198 87 44 140 38 153 109 197 45 17 131 123 82 29 10 184 182 26 53 130 138 172 187 121 109 
158 153 194 158 200 84 1 123 136 165 118 175 106 187 28 109 69 143 169 166 118 27 24 186 200 4 171 67 166 130 178 63 181 133 117 151 75 188 160 145 8 122 75 125 74 163 161 61 41 58 163 23 165 145 94 57 132 94 75 165 23 14 131 134 48 55 119 194 171 117 132 48 200 190 90 18 20 161 37 98 114 132 176 79 149 39 57 50 31 107 64 78 117 182 145 122 127 19 21 22 
18 139 78 172 50 24 185 45 175 95 50 8 200 185 123 84 6 58 197 120 191 32 6 33 141 186 175 54 152 140 116 52 100 7 126 31 115 49 14 37 39 200 69 44 169 59 52 2 180 36 56 157 156 26 184 33 18 150 161 188 194 187 46 21 58 169 88 101 23 99 153 103 168 55 171 165 71 80 175 156 107 183 41 165 154 153 50 183 37 86 178 147 196 98 71 174 166 186 42 105 
91 128 125 85 60 15 7 196 138 68 182 37 151 11 126 87 161 181 33 28 94 58 144 131 163 100 7 12 145 113 148 86 70 28 187 97 96 31 5 83 87 117 132 93 22 72 135 77 133 136 191 53 180 169 155 170 82 51 72 38 102 155 195 175 152 145 59 130 67 91 1 57 66 18 128 128 58 112 76 78 159 152 122 16 25 117 91 97 196 91 39 49 169 49 92 142 101 129 17 47 
34 90 131 27 18 134 146 99 55 126 139 82 64 184 68 169 191 117 176 97 167 145 119 2 81 163 92 9 84 71 89 69 20 197 200 66 128 109 148 67 29 16 40 192 150 28 111 106 159 55 29 105 140 37 176 57 144 160 71 45 88 108 49 92 108 35 173 14 13 133 6 112 80 134 15 30 46 158 6 167 124 113 42 113 157 163 61 66 10 75 153 86 30 55 134 87 63 149 83 3 
39 187 69 26 90 57 24 179 156 131 13 164 130 34 171 119 170 117 114 174 159 191 153 113 143 82 39 180 150 172 138 154 142 104 70 50 37 44 113 198 135 51 91 182 38 80 90 135 178 194 74 52 166 179 73 133 69 22 95 190 7 181 3 152 97 154 14 176 157 173 91 195 186 64 73 199 133 55 12 197 123 120 108 192 127 137 167 5 160 196 153 179 6 14 186 71 121 101 55 113 
8 194 117 143 92 102 137 85 40 185 181 69 91 122 187 69 99 62 79 24 26 32 114 34 16 55 81 92 109 125 57 21 40 172 195 56 134 148 152 44 47 106 176 117 41 75 142 129 142 49 179 28 53 192 176 8 197 74 187 109 46 22 143 165 95 193 76 101 9 170 140 71 25 30 47 105 119 117 191 49 19 195 139 32 84 63 163 72 61 131 49 95 160 98 179 44 136 68 138 172 
85 136 147 61 170 120 5 75 52 153 8 108 169 12 172 137 39 136 89 27 124 160 62 170 161 93 57 196 135 192 157 171 55 161 37 170 49 68 157 195 133 191 7 128 3 18 97 67 118 117 156 34 16 100 87 123 118 57 153 57 15 151 76 11 187 134 87 49 185 41 88 117 4 62 74 89 16 4 71 132 155 173 200 130 30 1 188 196 104 22 4 120 75 34 156 28 15 141 99 95 
124 56 152 130 68 44 173 70 56 187 100 117 89 70 83 172 173 10 99 8 82 60 157 176 95 22 200 83 100 67 137 95 18 107 128 55 85 115 82 117 40 111 183 32 60 150 59 87 100 172 52 41 131 126 32 66 189 173 55 176 62 19 31 37 124 170 71 155 30 97 164 170 81 184 20 24 27 88 10 26 197 39 76 36 178 78 100 100 137 23 140 92 138 165 192 73 66 20 14 46 
160 7 76 93 183 23 117 194 13 141 58 137 73 111 14 166 30 190 194 32 50 167 28 91 80 95 77 197 163 22 107 97 162 102 77 45 151 30 74 49 41 6 113 131 158 33 35 144 171 145 123 198 92 184 138 172 29 152 45 127 31 159 162 188 65 69 173 85 76 9 100 109 109 48 67 75 127 38 180 110 103 46 105 59 35 108 184 64 190 149 57 191 141 61 91 151 25 77 46 147 
148 83 75 163 175 85 179 137 156 34 8 200 69 89 119 69 61 117 123 96 76 179 164 172 178 139 18 177 95 52 130 40 62 157 122 128 11 78 9 173 86 137 9 168 53 200 66 104 114 37 182 129 128 146 31 136 26 16 62 171 66 115 7 186 85 123 170 164 118 172 23 167 184 186 200 178 101 15 42 61 26 111 188 75 109 166 100 182 198 48 187 38 188 34 41 93 178 149 156 113 
192 147 88 51 144 108 106 147 173 199 31 141 4 108 168 131 3 42 48 24 133 23 188 51 41 168 41 133 16 146 57 40 171 128 196 168 8 91 19 21 23 120 179 91 72 148 123 126 89 137 71 126 80 161 199 90 55 162 125 122 187 10 41 127 5 94 38 60 3 195 66 9 112 194 192 118 155 122 27 107 17 55 137 156 47 23 17 115 156 119 175 126 4 38 50 104 91 192 169 44 
155 74 94 171 36 117 70 24 19 87 75 183 190 198 85 52 198 193 198 198 42 176 75 79 43 26 137 69 89 3 10 94 78 5 160 62 177 83 5 171 131 124 38 194 170 185 49 2 138 199 132 197 124 24 113 135 196 146 120 52 126 109 66 119 43 197 200 115 180 119 74 13 75 133 177 92 33 114 39 107 14 108 84 184 198 163 32 149 68 159 54 22 193 162 167 112 59 43 170 157 
30 153 6 88 7 62 161 70 199 195 33 45 21 85 12 156 128 155 111 68 9 159 142 158 85 56 57 139 133 183 101 162 196 107 122 4 51 77 70 56 126 105 23 129 122 31 198 183 34 195 25 159 6 156 173 7 140 86 194 153 107 4 15 12 150 14 27 154 86 197 121 161 48 184 43 56 18 4 76 117 69 119 162 174 149 47 191 159 135 42 11 111 166 49 80 99 54 14 17 152 
32 89 164 68 115 43 179 87 92 119 34 90 116 144 181 27 1 146 153 124 136 46 125 156 4 39 84 154 199 143 111 72 64 118 117 200 107 15 180 191 74 33 151 176 70 193 182 195 188 180 27 76 33 108 148 63 18 165 170 87 122 140 50 65 29 130 71 115 172 44 176 63 178 111 39 51 91 98 29 176 110 138 97 145 31 24 46 32 73 55 67 37 128 123 76 174 179 5 98 73 
150 80 18 16 158 13 170 22 123 20 127 153 32 187 49 147 3 182 148 1 184 73 183 100 22 174 72 62 125 168 130 58 46 60 14 138 146 169 124 138 69 162 173 193 35 154 183 195 126 135 58 198 27 57 9 85 198 2 82 76 194 190 74 53 47 57 21 30 114 78 60 5 159 59 103 117 6 183 156 139 29 168 107 105 178 191 113 163 21 171 55 24 33 198 103 11 167 148 189 49 
184 104 24 39 195 27 27 182 110 162 3 86 39 138 113 165 100 71 94 48 154 79 92 188 145 100 63 125 62 127 9 164 59 131 188 42 31 24 121 118 16 84 84 7 145 47 113 177 190 39 45 141 99 116 176 33 186 79 5 170 67 17 175 40 77 193 115 88 94 106 118 103 181 84 147 194 157 46 16 192 186 25 18 53 51 173 79 44 160 184 178 174 26 12 16 195 176 164 120 200 
106 2 16 95 179 83 60 118 193 159 30 20 160 30 83 71 176 99 132 114 167 77 195 68 150 56 159 153 82 89 32 151 41 54 30 79 195 150 172 170 134 45 14 82 159 68 90 14 83 98 66 189 78 46 166 17 28 82 20 46 153 119 64 56 167 38 127 134 108 69 196 42 68 5 117 128 176 9 11 151 123 20 19 167 91 148 98 199 47 137 176 25 114 80 62 144 117 200 73 48 
78 123 108 73 67 28 200 147 146 169 173 26 8 24 37 171 158 114 81 119 186 117 15 102 93 163 143 21 159 134 75 186 5 18 181 9 186 55 124 52 45 79 190 30 169 104 177 107 51 120 183 140 48 186 117 176 9 107 18 89 174 57 6 46 12 102 20 72 7 11 58 130 41 85 135 122 143 29 26 153 182 86 86 128 23 53 187 82 183 160 134 154 186 98 91 194 101 57 179 132 
31 116 57 165 116 198 149 55 77 5 148 84 61 37 14 149 145 183 9 52 150 50 33 65 94 187 33 53 47 39 141 14 148 137 121 17 92 136 39 174 145 55 189 43 182 71 126 105 192 184 199 176 139 26 64 128 85 28 198 75 19 63 48 26 116 4 163 124 37 199 52 154 135 89 142 96 91 156 34 23 105 190 168 98 29 106 47 103 97 25 13 181 169 103 157 178 101 1 29 79 
162 183 64 24 143 72 83 27 101 60 28 23 46 18 14 23 127 63 199 157 194 57 117 150 193 20 124 50 28 91 137 193 73 51 192 110 129 50 69 55 75 20 106 192 123 136 38 96 7 147 175 150 85 74 178 50 97 64 196 175 53 173 137 129 148 118 59 60 149 62 47 178 15 31 116 146 6 87 26 72 121 125 182 158 82 49 173 111 157 190 105 77 157 112 17 121 97 86 157 92 
189 186 72 23 30 45 60 193 119 108 165 27 93 121 93 199 200 56 18 166 199 56 85 83 133 101 103 199 121 62 192 86 51 23 11 16 133 4 83 169 74 45 123 101 181 1 192 88 194 89 136 96 9 17 178 103 118 177 40 193 153 19 57 29 48 50 113 20 58 86 51 9 161 129 48 150 78 123 191 68 75 7 68 183 147 34 187 84 143 174 150 5 152 152 105 200 13 80 143 34 
108 16 117 40 17 103 96 157 128 107 168 169 69 42 144 81 66 158 95 132 93 160 163 167 158 63 4 88 48 124 77 159 120 80 108 17 26 160 75 127 23 87 197 15 186 178 140 166 173 78 190 75 199 69 124 146 45 58 12 120 155 85 167 170 2 160 191 19 29 163 143 194 196 102 72 128 173 92 70 177 66 146 155 43 130 84 176 49 142 164 3 125 174 134 184 30 124 117 140 78 
57 79 199 168 129 111 31 199 177 3 74 98 113 90 96 24 111 32 2 149 179 32 173 42 160 55 19 199 98 196 128 113 155 150 62 58 60 172 172 102 114 79 126 27 18 55 65 13 73 26 106 196 97 42 184 97 168 114 68 152 187 151 145 148 13 153 19 155 89 54 96 108 193 44 65 139 197 198 44 38 135 65 53 22 100 147 46 29 46 59 105 104 171 70 87 88 96 86 50 109 
54 136 105 20 5 124 8 134 169 96 135 56 128 88 159 127 143 58 22 96 29 30 126 146 124 178 146 71 8 39 95 122 16 123 118 59 148 193 46 175 56 69 99 71 68 97 138 88 39 148 11 19 162 170 25 116 121 169 9 140 190 146 87 147 123 34 130 97 52 86 65 199 80 13 38 174 26 38 164 70 113 163 73 132 180 90 67 68 191 1 148 155 67 86 96 30 72 159 19 38 
176 130 36 26 179 166 89 151 106 13 129 145 6 160 155 60 189 108 101 164 39 58 193 79 97 53 77 77 144 118 101 107 31 79 46 1 89 15 20 162 197 142 11 2 7 186 76 66 82 113 43 178 125 166 71 83 149 97 167 139 175 176 161 126 67 80 181 35 156 148 84 171 3 27 18 84 186 177 142 150 45 124 8 82 63 4 175 138 4 186 93 31 120 67 170 133 38 108 125 142 
96 124 197 131 108 148 159 2 45 142 21 139 173 86 44 188 24 133 162 16 5 164 179 52 69 98 81 14 176 137 39 171 5 55 45 53 21 121 91 74 87 193 180 157 185 137 174 113 68 27 118 147 152 26 192 155 72 80 52 87 198 200 159 23 10 160 198 85 22 107 72 105 3 35 199 192 7 98 164 160 15 30 118 92 93 77 19 65 72 154 86 10 84 177 116 47 161 19 37 14 
101 52 4 19 35 199 85 16 59 170 105 43 61 113 117 59 119 192 32 13 199 99 116 93 9 10 55 122 137 80 151 70 80 170 149 192 111 175 82 41 45 158 17 3 101 145 49 156 40 58 172 105 178 124 3 34 177 19 178 154 122 170 128 170 124 117 170 119 65 99 48 169 179 40 173 69 75 39 47 132 142 33 42 170 138 189 20 105 147 159 112 81 26 38 13 137 159 145 2 108 
79 189 29 52 118 98 172 37 74 119 123 25 140 79 42 131 47 100 122 53 123 132 30 194 168 66 5 91 167 47 195 107 17 9 80 39 35 115 112 80 179 132 186 52 64 129 51 74 89 168 44 86 66 34 12 150 75 90 150 9 112 186 194 22 86 31 135 29 198 187 112 144 186 84 198 59 39 159 194 53 93 100 133 27 129 167 143 60 84 9 185 98 49 154 195 120 70 180 116 61 
166 30 182 71 108 53 114 29 10 30 132 97 96 200 4 42 181 182 184 133 127 39 86 190 21 140 11 81 10 179 81 24 156 104 17 33 50 64 90 171 75 139 93 163 157 70 150 80 61 145 25 105 105 42 43 60 51 99 40 47 47 175 78 50 80 169 112 136 114 199 100 48 158 27 26 137 66 64 179 6 169 52 87 69 86 118 135 126 182 2 121 193 66 147 21 80 190 62 184 63 
52 122 142 121 195 86 105 35 94 17 158 149 166 11 76 171 14 81 169 170 135 80 169 73 145 168 61 32 137 132 75 52 199 110 133 157 86 136 167 111 1 175 171 97 19 169 114 8 62 91 59 15 11 162 33 107 137 152 107 33 88 40 179 110 11 162 36 111 33 187 20 114 18 177 182 189 180 191 92 160 102 182 39 87 90 23 37 11 50 173 55 36 157 51 9 16 14 7 67 133 
148 103 120 117 163 161 86 107 29 200 149 13 119 176 39 143 68 105 89 28 60 171 22 81 107 137 57 43 94 197 65 37 79 13 6 85 95 166 96 40 98 154 103 151 123 177 115 94 2 52 10 128 62 11 62 93 34 93 141 137 167 54 132 167 86 51 164 61 131 124 139 11 18 185 51 60 72 98 68 92 90 37 64 69 50 10 66 127 97 17 48 52 89 84 190 136 147 155 79 132 
3 93 195 99 118 101 87 151 72 121 110 176 120 110 6 11 131 191 139 184 60 29 114 92 155 169 100 1 130 7 124 60 92 113 72 101 184 159 83 123 17 115 8 149 97 95 74 167 24 75 52 98 180 76 16 151 7 179 133 61 100 39 164 178 15 152 112 188 98 48 148 139 97 93 127 29 113 191 5 192 120 112 89 136 70 32 84 101 66 123 190 191 69 190 65 12 143 37 159 144 
66 193 47 180 41 154 23 183 152 120 162 32 167 172 132 37 97 42 111 192 47 79 187 90 62 115 19 107 61 120 169 110 142 134 15 102 125 104 76 168 82 106 71 56 126 16 16 90 110 16 162 10 155 155 195 77 2 39 132 82 110 97 92 155 195 98 27 86 179 120 1 38 144 111 144 160 188 83 169 117 117 80 153 114 146 78 29 34 55 159 48 111 108 13 119 146 22 99 196 89 
180 98 31 198 199 192 51 73 188 66 160 31 19 110 87 105 148 160 183 75 73 58 132 196 145 195 163 60 44 95 145 54 137 114 178 83 129 187 165 172 25 160 164 25 108 197 196 165 144 187 154 186 139 29 175 104 58 127 177 154 121 79 198 144 18 136 167 49 33 18 23 102 160 176 62 187 94 171 11 73 86 20 61 1 17 32 132 137 85 121 136 55 112 176 188 65 61 53 166 152 
105 4 16 52 125 58 3 35 24 151 12 126 173 128 162 73 145 183 74 129 21 137 117 147 58 92 135 145 160 196 115 131 72 135 2 42 17 25 33 68 159 47 120 36 161 122 47 176 78 117 169 50 162 139 137 170 62 82 41 116 117 132 7 112 174 160 108 32 41 162 115 84 95 58 5 116 28 164 25 36 158 183 104 105 54 45 63 149 11 14 80 94 92 62 77 32 84 198 155 33 
87 101 110 72 185 125 188 187 198 164 8 88 63 65 21 114 189 173 151 63 118 67 170 191 168 169 145 112 193 158 169 72 197 125 129 90 55 109 45 36 114 49 60 109 6 159 96 158 132 92 97 8 168 165 141 57 34 173 155 18 65 190 43 6 137 143 27 104 179 29 7 34 22 174 138 118 144 116 42 138 73 99 74 31 159 137 42 55 38 174 149 32 135 71 34 158 53 13 193 47 
21 174 34 84 62 149 72 183 34 73 88 13 189 88 17 69 175 66 50 121 108 85 86 13 59 182 187 39 68 113 32 105 9 44 95 80 136 36 167 73 138 66 101 173 84 151 101 167 140 57 161 36 61 65 126 36 54 85 165 89 185 100 15 26 122 45 106 141 12 77 35 105 1 22 112 158 124 192 42 148 182 200 82 96 45 184 69 143 16 110 183 182 14 180 6 150 130 188 36 184 
197 60 128 173 99 27 156 67 7 173 100 50 93 37 163 170 185 96 121 147 117 128 136 73 141 36 158 95 155 91 26 82 66 18 48 167 64 173 89 198 89 140 9 154 181 87 81 69 199 100 117 177 13 146 22 151 177 165 165 98 90 189 3 109 4 191 60 3 170 152 96 81 4 195 77 154 89 12 1 195 109 36 77 141 37 137 27 27 131 86 29 54 137 62 191 140 181 87 152 177 
21 25 84 23 178 125 105 163 2 39 36 46 158 88 90 37 67 147 175 196 112 49 105 162 116 40 152 53 197 66 124 21 55 74 62 127 29 187 164 170 112 72 40 193 119 163 93 150 179 28 151 164 165 19 71 31 114 24 8 89 105 136 161 42 129 100 127 57 73 141 186 37 29 61 154 105 151 170 187 97 153 91 10 136 66 41 3 22 134 179 27 15 130 1 6 4 131 96 71 125 
88 22 29 190 196 102 90 194 86 15 33 45 113 78 97 167 128 55 74 105 77 82 112 65 152 148 44 87 89 100 122 154 46 14 115 117 55 130 73 189 128 33 90 128 31 124 131 99 149 161 43 109 19 84 59 46 16 9 130 15 65 40 161 198 194 21 96 43 138 182 135 135 74 155 31 19 36 168 193 60 93 38 86 184 182 183 163 92 18 49 20 89 128 140 151 36 187 166 189 114 
39 149 150 186 42 136 92 87 114 159 180 180 198 61 185 98 47 57 44 57 115 151 96 116 98 164 104 40 52 79 107 9 104 80 177 121 131 29 37 69 200 127 148 3 62 30 197 69 150 171 117 72 104 147 117 133 136 71 21 45 15 13 130 91 47 163 61 161 194 187 45 97 86 39 31 43 30 33 47 85 129 117 98 128 71 110 108 200 171 4 93 172 89 102 158 173 15 51 61 167 
11 200 153 40 199 139 154 8 174 4 125 45 4 116 184 140 134 61 40 35 23 72 15 131 126 192 125 40 141 146 55 102 28 178 71 181 59 146 43 132 37 72 57 156 158 176 116 37 18 34 8 131 117 27 154 170 193 110 104 157 192 127 74 18 103 33 163 196 192 94 5 144 183 140 40 47 32 128 62 144 77 99 165 70 9 109 52 103 38 129 180 180 112 186 108 124 19 39 104 164 
159 48 112 144 179 9 191 64 55 88 116 117 42 128 136 196 20 101 79 15 31 189 31 37 28 7 19 157 26 38 64 97 91 54 87 4 130 100 8 1 173 128 59 61 184 142 66 94 76 109 137 31 135 51 177 95 62 139 181 78 95 159 84 160 19 65 97 69 58 105 28 189 85 26 144 4 138 85 185 26 103 103 78 177 140 192 179 83 188 94 123 200 141 57 140 198 168 144 14 31 
14 30 79 106 190 183 159 138 60 120 42 163 134 52 131 116 75 187 169 14 80 87 43 141 40 119 107 129 108 196 196 174 146 106 29 125 187 6 66 89 15 168 140 146 167 21 162 184 122 11 90 54 27 90 161 143 143 49 191 48 99 189 115 114 39 127 39 63 177 189 128 143 49 88 143 137 48 100 104 154 195 81 172 138 44 81 119 131 197 71 57 34 34 168 129 74 137 108 51 32 
40 181 6 156 158 70 105 58 60 58 88 152 66 32 59 188 53 24 146 176 147 40 79 120 103 196 121 26 159 64 49 163 173 87 103 153 57 111 3 42 183 180 55 73 182 155 107 133 189 117 184 70 83 102 107 40 189 57 129 53 49 18 183 21 197 21 28 29 137 2 84 58 85 190 140 106 93 172 7 130 55 156 200 26 49 12 47 97 16 147 88 137 200 83 189 166 75 28 98 64 
143 132 98 20 131 51 16 137 106 97 13 27 155 62 18 97 68 3 25 41 143 7 124 98 200 100 199 1 148 29 142 186 146 200 5 180 9 90 38 97 123 71 80 21 88 127 190 183 14 83 168 136 72 195 18 61 152 107 95 137 48 3 97 168 60 94 144 115 98 32 35 136 4 30 109 66 176 101 175 190 31 8 65 137 77 112 15 112 145 46 129 94 109 181 85 100 165 28 116 81 
148 6 191 27 76 95 68 114 174 56 95 150 176 17 172 27 72 57 178 19 85 104 178 189 148 27 50 90 169 142 198 4 167 170 79 117 19 159 90 3 168 16 181 171 152 87 50 28 180 99 65 58 6 114 127 78 165 41 184 188 5 95 172 199 136 75 64 130 183 180 161 122 174 104 150 19 167 174 67 172 62 4 192 130 191 51 30 121 199 21 152 72 143 151 100 162 93 24 20 141 
88 49 30 21 136 134 147 160 35 162 52 28 182 60 149 160 170 123 52 100 70 102 73 22 33 72 85 86 52 144 94 40 187 150 9 15 118 82 180 143 32 177 8 65 134 168 102 25 165 84 59 2 77 139 119 6 105 72 144 185 64 57 195 81 118 60 125 39 66 123 94 164 132 95 47 36 87 154 44 119 116 46 199 33 63 155 13 148 85 114 30 30 173 116 184 24 182 6 75 162 
59 84 59 152 56 179 123 24 184 53 194 177 152 66 53 179 74 75 181 43 156 122 78 48 141 27 44 97 77 178 66 59 70 110 101 108 20 19 150 124 110 152 114 142 51 128 128 22 114 19 71 93 97 112 63 126 132 196 13 91 108 174 68 173 162 44 183 80 150 141 42 27 191 117 93 137 121 103 36 34 106 56 26 128 45 156 191 78 60 198 73 186 140 67 95 62 104 9 162 68 
36 130 113 55 99 32 188 62 161 57 182 143 113 41 7 97 152 12 3 97 160 67 29 123 123 188 145 43 152 191 179 192 45 130 99 104 54 163 178 79 194 29 180 47 89 179 43 19 87 77 192 138 7 65 151 48 126 17 15 117 190 164 158 187 7 114 200 43 69 65 116 169 144 45 141 75 18 200 63 73 43 177 127 188 50 74 66 33 189 115 131 49 3 183 64 4 171 53 46 80 
184 101 126 33 70 132 19 12 173 115 65 182 87 16 68 112 167 189 198 81 23 189 153 188 105 162 49 158 68 154 173 29 85 136 82 131 166 130 122 60 48 133 36 80 150 62 146 141 27 171 142 83 24 127 197 181 85 131 8 163 99 26 130 189 107 133 178 21 50 42 19 162 75 36 173 180 59 171 164 66 105 110 101 14 34 37 167 72 127 80 122 31 96 165 133 172 142 94 19 13 
29 154 41 159 166 178 52 60 92 64 112 160 34 24 161 49 115 200 45 6 179 132 140 194 143 133 107 83 187 30 20 157 41 153 129 32 191 138 51 133 49 116 119 28 25 130 5 52 181 33 130 76 120 16 129 150 161 165 107 103 92 1 182 123 62 199 177 59 88 49 13 191 193 87 65 20 12 83 174 23 145 86 94 141 47 1 55 79 32 55 164 141 83 42 2 31 65 200 179 165 
57 148 117 163 164 168 83 157 137 179 3 35 102 27 74 101 25 6 150 169 169 134 117 49 170 18 177 80 172 143 187 199 104 191 175 149 73 170 73 6 95 89 117 194 116 24 114 115 34 110 110 188 118 156 132 46 103 88 140 112 1 94 165 16 29 185 12 71 125 33 28 45 189 117 154 17 41 19 169 9 85 116 20 122 29 8 185 16 79 143 172 149 142 157 40 124 136 136 109 147 
184 183 147 6 187 169 90 185 134 130 166 34 129 53 170 23 89 98 165 116 89 182 192 138 45 114 193 61 88 93 170 80 112 104 154 150 52 138 115 200 137 78 171 11 19 132 78 93 28 16 161 8 166 71 122 179 107 149 156 152 171 167 129 42 133 2 39 98 189 28 78 15 4 51 109 182 59 71 150 118 102 184 7 200 50 161 153 10 175 105 99 59 175 2 27 60 152 80 92 75 
179 108 143 33 20 132 65 105 67 127 72 182 66 184 146 69 130 24 188 174 22 36 199 75 140 183 4 72 188 177 106 110 78 163 135 11 151 66 155 193 60 122 43 59 134 97 100 168 6 119 62 86 153 26 115 151 140 20 40 128 5 78 26 195 39 67 63 65 113 189 198 121 183 97 155 2 91 114 105 87 115 60 180 73 13 194 64 108 41 154 199 10 172 158 134 65 191 100 170 17 
40 38 91 82 35 118 40 159 77 145 194 166 11 84 33 122 185 34 145 2 17 119 106 111 130 194 61 165 56 80 195 126 58 168 6 32 173 172 42 24 67 90 46 118 197 127 191 21 113 67 176 160 97 18 100 34 96 34 50 4 167 151 120 135 120 185 98 114 1 89 138 30 171 151 72 12 87 53 11 169 128 8 142 108 165 107 7 145 102 81 179 173 12 86 191 128 161 11 108 5 
75 110 156 191 77 20 200 134 43 115 120 175 151 115 39 162 80 154 116 121 139 130 67 30 33 112 113 131 70 158 97 137 188 3 173 130 14 167 60 94 125 15 192 83 186 73 116 105 199 97 129 112 147 56 77 48 177 184 94 35 141 173 23 13 173 59 126 14 142 71 74 81 196 71 83 72 125 170 49 136 47 107 111 108 94 143 44 62 83 111 96 181 127 48 182 38 53 78 59 1 
162 45 112 35 27 42 181 59 34 20 136 11 59 46 110 181 89 26 53 102 17 78 177 61 187 116 27 8 54 6 50 46 48 81 200 72 77 196 99 27 195 20 47 166 69 33 160 147 32 28 59 97 28 55 123 177 26 173 92 50 71 118 41 113 30 173 39 177 30 169 54 74 11 122 197 128 23 109 78 125 172 195 182 99 11 55 90 135 163 32 37 122 111 27 37 174 196 102 67 125 
54 29 94 94 118 186 156 54 13 16 113 5 161 11 52 177 165 53 102 33 62 151 99 149 74 46 17 16 48 121 123 70 188 118 8 74 12 199 18 145 9 125 199 92 131 169 100 42 147 85 200 30 77 107 2 152 76 145 63 147 84 105 184 85 192 21 73 13 122 136 196 187 71 90 103 42 72 1 189 118 13 138 56 5 78 30 148 76 148 25 56 184 25 91 118 192 116 11 135 146 
117 161 130 160 159 68 38 75 145 66 198 81 106 188 109 160 123 144 49 68 77 56 45 15 73 59 123 116 55 130 176 18 140 110 25 180 116 132 87 1 154 128 106 157 124 18 46 57 41 152 159 200 66 40 149 47 64 41 42 68 70 123 62 10 153 90 190 82 190 173 29 109 72 48 101 127 130 100 127 121 146 42 90 153 163 180 33 119 37 55 183 155 146 182 46 183 63 65 154 76 
150 199 24 146 84 151 32 154 198 68 92 144 174 120 16 168 189 127 199 153 5 30 96 172 193 122 74 136 24 43 175 43 125 166 96 73 29 133 168 45 77 111 91 117 2 180 51 52 15 199 13 10 12 190 3 58 140 5 61 14 128 60 160 114 34 24 133 120 103 14 68 189 159 18 15 115 111 41 141 141 193 188 51 63 177 103 162 117 29 134 49 28 99 23 8 155 5 155 151 142 
53 113 176 18 14 107 127 95 185 74 186 156 53 81 183 184 178 16 91 171 21 97 76 80 168 105 139 53 4 146 169 161 4 16 122 157 127 129 139 152 88 85 51 84 133 50 52 116 166 52 21 136 48 37 181 190 79 200 7 132 70 28 13 105 91 121 124 14 6 165 113 77 85 102 169 15 144 156 104 99 175 146 66 128 110 163 59 169 12 131 68 125 96 188 155 116 112 195 156 106 
36 68 83 40 44 41 8 134 147 128 156 109 129 75 34 143 5 10 156 101 41 188 169 138 130 52 108 37 36 188 43 158 71 160 94 166 103 56 83 30 84 149 79 9 134 85 184 166 189 118 59 176 3 51 173 69 168 96 13 54 120 165 96 56 95 65 170 19 156 8 131 177 26 4 164 139 134 169 148 130 155 127 17 98 65 182 33 85 117 162 197 35 109 51 12 66 78 71 193 187 
93 124 85 19 45 145 30 111 190 33 90 78 110 93 111 100 40 111 143 135 77 174 10 172 15 116 36 36 41 91 85 192 171 93 25 105 80 189 187 62 12 123 31 190 93 184 94 173 106 92 120 31 97 161 108 174 129 163 13 159 123 148 110 13 87 40 167 34 109 148 176 138 10 79 114 107 103 43 38 178 36 127 167 96 95 67 6 156 146 197 149 53 89 163 15 150 164 166 68 83 
