100 2
0
1
1 46 158 678
2 52 96 -140
3 145 184 1249
4 215 114 443
5 289 174 1681
6 389 80 1029
7 436 92 1172
8 515 181 877
9 742 107 956
10 1053 73 1199
11 1127 144 1415
12 1273 79 1589
13 1321 158 2269
14 1338 51 1338
15 1427 127 1427
16 1473 88 1825
17 1536 25 1586
18 1707 46 1799
19 1916 50 1816
20 1941 32 2133
21 1963 34 2099
22 2011 98 2403
23 2057 145 3217
24 2086 47 2368
25 2086 121 1844
26 2324 19 2400
27 2374 96 2758
28 2440 86 2784
29 2598 172 2598
30 2599 178 2955
31 2626 6 2662
32 2667 64 2667
33 2690 137 2416
34 2695 184 2695
35 2768 115 2998
36 2871 71 2729
37 2898 55 3008
38 2981 145 3561
39 3111 82 3603
40 3252 74 3696
41 3274 74 3126
42 3297 50 3497
43 3376 165 4036
44 3415 43 3587
45 3436 162 3112
46 3460 142 3460
47 3485 191 4249
48 3526 81 4012
49 3576 180 4656
50 3592 60 3832
51 3635 152 4547
52 3722 28 3834
53 3730 178 4798
54 3734 83 3568
55 3746 39 3980
56 3849 134 4117
57 3891 129 3633
58 4035 72 4179
59 4044 54 4152
60 4068 51 3966
61 4080 97 3886
62 4114 95 3924
63 4155 73 4301
64 4180 179 5254
65 4217 54 4325
66 4283 188 3907
67 4339 193 5497
68 4347 111 4569
69 4373 100 5173
70 4451 17 4519
71 4522 108 5170
72 4534 117 5236
73 4593 132 4593
74 4764 86 5108
75 4836 17 4802
76 4849 71 4707
77 4875 76 4875
78 4899 150 5499
79 4930 121 5656
80 4969 76 4817
81 5056 84 4888
82 5062 176 6470
83 5130 51 5028
84 5170 19 5170
85 5249 167 6585
86 5314 74 5166
87 5421 32 5613
88 5422 162 6718
89 5453 128 6221
90 5571 198 6363
91 5572 47 5948
92 5608 10 5588
93 5663 57 5549
94 5677 69 6091
95 5750 194 5750
96 5753 32 5945
97 5764 117 5764
98 5817 29 5759
99 5861 49 5959
100 5933 78 6557
115 95 47 77 73 167 138 7 57 26 132 139 38 133 193 69 11 119 181 165 42 33 166 146 156 174 183 19 74 120 51 78 138 130 60 107 52 34 165 185 110 69 175 93 106 197 127 136 132 53 26 18 170 101 107 166 18 128 10 65 104 169 39 17 21 142 63 47 69 99 108 106 198 153 144 133 11 171 133 25 185 96 18 164 178 43 39 75 180 50 140 49 85 170 153 88 194 108 154 200 
75 97 13 29 68 75 112 90 115 186 40 124 125 87 67 43 95 131 38 70 30 65 160 37 39 86 70 22 131 89 12 114 196 13 47 6 118 47 30 169 74 173 154 26 173 102 63 104 16 32 56 186 123 103 110 9 159 177 145 16 45 162 97 140 185 74 90 107 102 177 144 158 92 58 122 95 141 165 187 192 78 200 117 156 135 57 58 35 14 71 47 123 100 175 168 160 130 144 49 170 
41 107 16 76 106 98 38 95 118 89 70 29 85 155 197 112 23 115 103 5 7 83 78 32 68 60 32 196 119 104 89 117 191 169 199 44 92 198 114 54 165 173 130 154 123 179 25 128 175 175 23 135 77 165 24 168 106 85 5 64 143 39 152 111 1 134 2 157 152 27 192 14 90 54 30 10 83 187 142 97 77 39 107 38 15 4 9 31 122 180 190 86 142 116 187 72 170 187 42 142 
78 10 183 124 187 101 16 131 51 53 58 39 184 78 101 142 7 86 55 133 54 41 158 105 53 144 192 130 138 49 199 182 44 79 65 74 151 61 169 156 60 71 19 123 157 85 60 126 108 69 1 98 27 51 188 15 59 165 129 178 119 11 159 44 198 192 38 75 2 164 29 121 62 81 1 186 169 138 183 31 192 73 175 123 123 14 129 47 136 98 54 118 78 33 23 74 108 31 31 117 
33 120 58 16 60 106 173 188 17 148 2 82 51 79 173 94 122 89 31 94 134 145 40 8 21 160 81 103 173 76 150 127 69 114 177 198 26 122 110 170 182 116 23 81 97 64 186 149 105 37 58 114 27 142 168 106 179 120 175 178 156 172 80 181 31 67 196 99 22 129 113 192 116 83 100 71 11 188 156 54 69 72 3 98 60 19 65 199 142 154 80 101 88 108 23 166 72 155 23 29 
164 29 16 169 77 14 46 70 193 27 124 9 59 148 181 123 157 127 149 6 56 169 198 93 38 110 25 98 182 96 85 134 103 166 2 131 126 181 132 74 147 37 24 187 31 91 113 47 135 153 5 40 80 25 52 190 18 82 84 169 125 5 160 158 7 59 158 161 6 129 78 3 145 105 81 79 73 181 158 174 153 51 195 136 66 20 19 28 26 190 9 31 163 145 183 161 134 92 182 200 
195 7 190 122 150 68 198 42 94 87 130 175 119 180 183 117 121 34 129 75 155 149 122 83 32 197 125 32 70 154 136 170 136 127 77 183 5 21 14 105 81 111 98 158 59 24 116 7 63 176 8 118 80 116 176 32 120 50 101 42 89 128 82 156 78 75 73 70 49 27 22 194 12 129 141 106 195 112 165 98 132 179 144 174 21 183 73 195 66 108 20 185 116 187 5 13 50 113 158 23 
30 103 44 6 76 77 41 160 137 188 13 186 18 23 54 43 49 119 150 93 145 4 70 101 12 82 49 8 178 32 121 25 86 18 32 101 68 116 76 180 6 180 152 100 31 35 187 15 106 195 74 88 199 178 180 25 164 141 159 22 10 195 19 86 163 190 27 41 101 181 90 76 150 131 24 166 38 105 103 83 198 147 200 123 46 31 167 66 195 41 6 14 86 33 56 36 17 65 83 71 
59 114 33 15 56 171 76 141 179 136 60 169 149 180 8 97 14 93 158 191 179 197 53 164 101 56 187 150 64 118 134 189 197 13 22 66 152 149 48 25 55 140 174 10 196 51 177 109 43 40 158 6 42 144 77 4 48 71 76 174 11 1 17 146 178 37 98 164 116 135 79 173 194 102 85 197 93 104 119 141 111 3 125 192 11 7 6 138 172 85 74 162 124 57 145 64 104 126 168 68 
168 11 75 198 79 136 30 69 109 110 8 188 183 128 80 79 182 56 71 163 39 69 155 96 52 132 28 185 162 171 176 9 45 127 59 100 123 102 6 103 191 81 95 13 13 72 14 11 95 173 115 148 65 163 68 103 86 14 1 131 45 82 86 153 143 31 66 158 126 31 177 114 61 14 36 165 73 67 12 77 31 141 158 36 39 143 139 18 21 26 65 199 88 51 90 41 98 158 173 178 
91 153 107 38 49 105 139 166 51 8 27 77 72 144 20 127 196 129 162 182 146 92 174 48 50 111 31 176 182 153 23 153 149 6 109 48 175 31 22 43 193 9 16 143 104 35 194 119 50 30 122 29 143 111 100 194 82 152 140 11 60 133 42 136 183 179 108 125 149 22 99 39 7 199 20 96 62 82 163 52 63 149 75 68 112 125 128 175 73 161 34 12 94 148 37 155 143 182 109 125 
126 163 12 162 90 74 69 45 40 147 50 173 69 157 8 150 21 136 114 14 159 175 118 83 83 183 196 159 149 93 125 147 195 115 29 68 56 151 23 72 54 2 31 53 153 88 111 69 23 79 89 107 155 13 172 20 160 71 106 124 20 72 151 21 85 53 33 33 31 169 69 30 170 135 107 83 163 154 162 145 90 129 114 191 29 176 97 153 119 34 19 148 15 63 32 31 164 133 195 88 
115 131 76 106 104 139 52 120 134 135 111 50 8 185 17 191 56 62 23 176 195 46 192 70 34 59 75 35 161 53 152 114 50 43 20 145 158 94 41 121 97 59 70 33 97 95 1 84 32 193 43 49 92 132 54 195 47 2 116 156 146 2 2 163 147 3 169 180 84 105 98 125 32 122 155 114 86 10 61 112 137 168 185 145 169 176 161 48 92 159 176 75 92 153 129 27 101 110 53 84 
92 98 22 114 63 67 188 93 174 62 135 65 2 157 17 10 190 141 127 126 85 119 164 18 161 103 39 116 97 111 84 164 118 71 156 58 61 34 144 102 105 82 169 35 189 7 123 141 128 6 21 87 122 57 172 98 39 93 89 159 13 118 110 56 93 6 196 18 132 28 178 33 29 95 167 174 159 69 188 110 186 176 41 187 69 49 83 133 35 142 31 144 179 120 122 25 91 18 7 191 
130 122 17 177 107 108 142 56 73 75 95 116 121 86 32 186 32 40 154 153 197 32 199 195 168 53 148 66 69 118 67 100 15 135 23 3 24 120 92 83 55 199 100 123 189 198 93 182 5 92 31 78 85 102 63 99 5 62 56 194 46 140 70 22 54 124 155 95 42 122 46 29 61 136 3 29 40 193 147 175 114 17 146 23 48 81 151 32 62 179 154 4 169 129 27 128 45 25 178 186 
169 90 192 159 129 61 149 10 43 54 106 8 36 113 8 128 18 4 21 154 44 161 1 83 103 126 77 136 106 76 32 191 146 123 139 124 114 71 158 12 107 68 44 156 92 55 52 91 27 63 36 84 43 135 150 42 166 86 162 35 76 165 106 134 158 16 168 104 180 196 121 146 9 54 24 68 115 85 47 74 160 84 31 131 30 97 142 22 192 133 121 126 190 40 141 114 68 35 58 63 
99 71 112 22 174 132 75 187 140 32 1 105 72 33 1 25 30 162 98 1 172 85 59 65 64 177 136 191 186 12 37 117 184 169 186 27 109 74 44 76 129 117 170 121 68 60 5 26 34 144 105 199 97 122 160 82 63 37 171 49 35 140 179 28 193 119 154 142 13 157 124 149 3 150 179 68 177 7 117 128 75 111 28 19 179 28 187 80 54 174 119 113 74 128 28 187 196 44 9 73 
71 170 64 86 20 176 146 187 126 25 4 69 134 59 122 197 125 113 2 148 111 65 181 59 28 27 157 103 48 71 90 68 156 8 154 111 48 167 12 78 180 153 63 39 175 43 119 29 107 75 134 184 108 53 80 97 51 2 197 170 79 70 195 1 31 45 45 141 1 95 198 158 3 159 107 49 151 56 131 90 179 78 97 64 36 55 41 24 154 67 91 38 171 47 38 199 163 168 128 195 
72 77 130 16 178 82 124 14 197 57 200 57 187 22 80 186 62 12 30 196 200 9 64 121 12 61 13 113 9 20 94 109 20 45 115 14 9 141 71 132 166 68 156 165 53 77 19 44 22 155 152 121 100 162 161 119 68 116 60 162 109 80 117 105 84 86 181 41 180 143 1 148 80 74 109 183 92 73 12 126 40 102 68 79 134 130 50 162 75 111 7 167 194 171 198 196 132 184 8 28 
112 135 163 67 77 154 82 54 91 70 52 167 123 151 33 22 140 104 59 140 92 22 154 5 159 164 185 175 154 144 63 115 47 144 169 143 7 198 49 140 15 21 77 200 45 135 116 152 51 170 166 88 74 26 39 35 82 196 55 11 98 2 31 69 28 23 191 65 58 91 45 153 22 146 88 67 172 116 172 25 146 33 121 20 88 105 95 50 56 2 6 186 121 90 3 129 66 181 37 155 
26 10 195 66 82 157 62 179 83 82 81 81 193 175 36 166 8 186 138 86 102 72 197 44 71 38 7 199 97 107 193 93 155 198 189 148 70 35 74 111 152 9 114 36 186 143 4 110 200 153 158 147 61 75 101 61 187 191 14 45 184 68 19 151 26 94 163 60 80 83 57 5 83 45 68 37 88 156 98 64 95 139 8 33 67 117 86 119 71 104 131 26 45 55 65 74 158 92 119 28 
145 31 16 49 55 134 50 24 32 88 3 27 89 151 197 115 64 109 81 185 149 41 19 86 55 95 1 63 148 104 32 14 75 59 33 162 63 181 151 11 166 24 174 16 103 6 79 95 49 133 14 38 177 54 90 32 58 36 6 30 155 110 48 149 1 172 4 90 31 51 188 5 122 128 181 53 81 111 82 96 39 183 7 44 17 44 189 71 137 153 79 150 129 120 71 112 188 101 117 161 
197 121 6 86 162 121 20 86 164 34 42 136 7 110 150 93 180 78 126 43 179 127 180 196 29 131 138 10 57 6 36 116 55 200 17 78 101 171 83 131 152 183 133 150 84 21 155 134 104 84 148 76 53 33 154 55 57 107 120 133 34 109 107 140 170 39 10 14 24 38 122 10 55 65 134 31 7 138 45 38 6 68 72 18 40 150 86 116 79 199 15 6 52 31 2 155 105 53 37 189 
55 14 63 199 102 11 44 156 21 33 178 74 124 158 189 58 198 70 7 74 5 9 185 141 139 87 166 101 74 28 171 149 124 165 123 63 30 164 106 166 173 36 131 116 10 197 178 82 86 177 94 72 145 56 44 66 78 27 147 126 175 137 126 1 36 14 90 105 149 136 122 69 178 26 24 192 156 179 115 120 68 95 179 66 176 180 193 87 56 161 27 93 31 182 19 89 128 24 160 12 
30 195 164 140 40 116 152 7 84 75 160 100 5 5 98 125 123 178 151 68 133 171 55 135 153 84 158 25 83 5 137 158 3 26 43 130 171 69 110 45 115 197 184 112 31 72 168 172 49 141 52 41 93 105 37 198 156 137 132 38 195 109 180 120 3 38 170 159 170 80 128 184 68 143 75 157 76 62 156 198 31 66 176 108 84 53 13 60 23 40 22 1 173 136 47 58 82 99 181 108 
183 151 20 83 176 172 65 175 56 138 21 179 154 91 119 14 146 131 170 45 36 188 191 55 170 109 112 28 175 186 7 140 67 99 145 200 67 185 148 108 23 86 163 68 11 187 15 35 96 165 63 58 71 130 169 108 152 190 29 93 160 63 5 77 152 123 143 90 138 27 170 83 100 163 103 48 140 14 119 49 116 196 168 38 108 75 89 148 72 198 170 22 173 189 39 103 164 10 20 165 
71 26 170 17 66 172 129 66 20 120 43 177 50 144 42 70 48 65 41 63 196 40 135 8 197 107 63 170 61 40 106 109 42 123 157 150 19 52 57 180 67 33 99 1 135 69 122 93 157 42 143 181 103 139 105 20 105 157 149 197 76 1 173 162 146 87 75 93 24 188 133 58 24 119 100 47 8 55 173 184 169 29 145 158 66 159 70 111 128 120 60 123 76 146 124 115 114 113 20 179 
26 191 154 184 59 48 166 74 59 99 8 192 185 38 7 72 108 167 62 35 9 37 121 100 131 138 19 69 174 116 117 189 80 32 66 27 105 68 196 101 43 165 185 5 199 184 115 187 147 11 56 79 122 28 155 104 124 52 147 198 183 186 98 61 171 109 104 5 27 49 122 100 11 47 130 175 184 94 68 196 73 83 91 186 145 47 32 1 5 48 71 178 165 53 114 63 62 29 67 72 
91 69 40 140 134 186 183 200 189 174 186 140 167 199 63 120 143 27 186 71 115 21 194 161 163 83 107 171 64 21 166 165 40 119 48 157 45 51 47 65 47 137 39 20 47 82 146 116 54 182 195 58 174 29 187 189 62 35 85 26 142 178 70 165 74 161 10 61 78 29 157 148 36 59 177 95 93 23 65 50 147 90 192 132 53 89 80 24 88 177 46 178 81 64 22 177 29 162 116 43 
132 39 117 29 159 156 93 13 160 127 105 3 102 166 123 157 75 68 13 137 40 177 36 74 193 158 82 78 110 195 137 46 10 47 177 133 26 136 136 164 39 193 65 38 152 43 149 121 54 118 136 52 79 139 181 44 129 87 188 62 57 143 119 62 166 146 178 118 79 193 38 126 33 133 99 13 115 96 86 9 103 136 121 25 162 23 184 86 48 111 197 72 71 135 68 32 81 114 117 71 
77 133 110 160 122 182 143 18 67 183 180 165 132 59 160 183 51 125 109 47 143 123 149 141 153 65 71 77 152 161 167 9 120 181 140 147 178 14 128 178 31 41 5 51 114 48 95 67 135 87 83 5 146 194 82 54 133 160 107 155 5 37 101 54 17 84 152 124 29 126 58 2 17 74 111 167 96 87 141 171 40 81 65 151 154 189 148 81 75 160 164 145 108 58 142 115 46 22 67 191 
158 29 146 136 104 131 102 97 146 60 82 16 15 169 106 178 79 57 110 127 99 58 83 173 103 98 67 102 4 54 48 138 45 134 109 96 168 160 159 78 116 83 124 103 112 74 105 106 113 57 12 146 62 100 12 85 89 186 80 16 118 56 159 115 62 94 164 118 5 130 91 12 86 99 54 49 2 144 18 22 142 32 104 1 42 154 199 38 52 193 139 51 54 182 91 152 128 32 23 143 
140 152 159 25 190 168 95 20 2 154 110 37 150 32 187 40 64 109 44 117 65 2 4 109 116 82 113 77 164 137 26 91 192 82 121 193 92 158 139 85 30 127 43 51 143 37 129 142 163 98 96 153 38 164 18 172 140 97 106 27 114 104 3 200 104 165 11 108 44 2 147 138 90 99 14 139 99 49 195 91 187 174 150 98 166 156 156 153 24 126 56 189 158 170 197 162 141 163 90 129 
70 55 30 194 169 108 146 38 25 133 75 110 86 102 36 134 124 174 117 170 30 178 186 169 143 42 116 105 125 171 77 154 195 73 35 122 199 160 51 131 104 174 18 35 43 40 171 92 35 86 21 129 42 73 41 134 20 105 22 108 100 147 85 27 40 114 26 92 89 24 147 27 177 102 15 35 109 160 118 148 198 181 17 145 126 85 68 83 179 157 188 72 3 185 81 32 11 33 177 156 
159 42 130 36 37 15 36 74 191 110 56 60 74 120 14 171 28 17 59 153 81 2 25 143 117 140 121 121 151 131 11 41 112 42 6 142 132 161 200 182 113 131 32 136 5 130 88 120 22 195 93 43 171 69 112 84 31 49 178 8 67 6 77 92 96 47 151 63 162 73 67 106 105 107 2 21 90 87 51 15 177 191 129 195 60 86 32 179 58 116 66 106 125 19 26 74 77 188 23 178 
18 71 67 195 33 112 102 49 182 93 116 119 18 94 178 128 107 133 176 125 42 99 168 185 176 52 152 198 124 174 17 60 8 21 54 114 46 156 175 198 47 1 132 155 32 197 60 95 61 163 188 116 13 56 45 42 97 153 200 199 116 164 164 49 126 136 46 153 140 188 186 32 2 8 129 1 38 56 69 199 91 83 127 49 119 89 139 156 117 43 121 36 100 84 188 48 79 67 132 49 
70 7 111 30 195 162 109 160 184 101 187 117 52 89 101 38 121 21 91 120 139 126 124 92 123 83 99 125 85 91 131 154 181 73 134 23 9 41 56 18 28 140 179 171 68 162 98 143 129 107 51 194 154 200 4 161 104 111 100 187 81 173 97 161 31 132 114 149 121 75 17 167 165 64 125 143 156 37 161 9 183 95 104 151 122 133 146 172 91 79 17 181 62 17 63 133 131 78 94 83 
129 11 200 15 103 42 131 115 87 112 65 131 123 32 114 188 22 62 97 148 75 156 80 148 92 115 26 43 188 159 51 166 126 191 139 63 84 66 121 122 147 166 168 56 39 27 21 169 112 38 83 181 119 86 77 193 33 145 44 189 67 111 148 112 184 130 119 28 150 86 131 142 158 23 160 91 67 159 135 85 100 136 3 53 37 97 22 1 86 154 178 27 111 82 74 75 152 53 195 150 
162 99 26 143 104 146 20 50 186 75 69 39 152 27 186 102 34 195 43 159 125 49 145 109 179 122 110 88 91 57 185 175 45 189 184 90 179 131 146 99 90 43 87 133 43 192 93 77 118 122 100 174 64 8 131 173 148 152 38 133 46 131 95 106 51 42 95 14 200 120 58 183 14 78 108 189 92 12 188 161 121 129 146 16 79 100 144 15 123 32 109 29 185 166 104 4 153 31 162 179 
113 199 11 50 98 56 59 28 83 56 18 32 185 27 164 87 62 83 36 56 54 9 174 118 66 112 20 47 144 101 54 14 149 19 102 75 159 180 189 128 189 184 16 84 56 145 80 7 141 179 122 74 32 66 145 162 29 74 159 52 156 104 89 15 191 160 40 60 50 180 103 47 176 44 180 189 169 38 31 152 104 15 111 175 97 179 188 121 128 146 171 84 98 30 12 54 158 53 71 190 
40 119 148 87 53 154 137 73 49 32 186 109 130 15 23 86 18 144 99 109 191 5 47 11 11 189 67 159 176 152 130 33 146 80 41 40 81 81 149 173 190 192 162 156 64 147 64 143 183 165 5 158 153 136 115 100 177 45 57 3 57 53 21 177 3 12 156 163 29 57 107 1 49 142 62 147 164 91 138 138 140 87 159 22 165 125 25 79 103 133 190 31 32 78 30 122 135 170 43 155 
148 159 45 95 101 44 196 155 33 161 58 160 137 152 137 10 146 169 160 37 82 121 75 148 128 101 45 50 145 178 7 179 25 53 65 120 78 30 104 11 32 136 140 123 84 195 38 189 166 188 47 126 172 34 138 48 26 10 129 64 84 120 158 45 20 75 59 92 22 130 68 85 59 47 127 125 190 89 7 158 163 154 26 20 62 125 71 52 36 150 65 28 82 62 46 192 155 15 25 44 
145 91 26 76 165 38 57 104 196 44 142 52 141 145 116 174 186 81 98 188 121 66 171 27 85 181 127 72 1 47 90 158 41 128 74 114 143 109 175 129 53 174 18 97 158 53 21 179 159 15 67 33 193 43 34 103 49 67 20 64 147 55 145 165 197 28 109 119 142 12 4 137 136 31 135 90 110 16 15 155 52 63 130 141 8 155 149 33 165 69 188 136 169 48 101 99 94 78 46 42 
151 30 93 187 129 25 152 123 93 103 55 112 24 193 114 187 153 146 22 199 189 166 157 191 111 136 129 51 18 61 125 96 116 99 53 15 28 5 56 127 108 47 75 138 33 173 45 177 88 187 167 195 101 56 163 79 154 99 133 112 181 16 56 150 135 4 193 31 2 8 29 61 50 25 123 55 89 194 183 135 170 40 138 30 94 154 22 55 55 176 180 122 21 21 33 87 131 148 139 185 
33 119 10 163 69 185 10 59 79 32 158 19 104 135 37 156 2 97 45 193 177 46 10 97 169 128 147 103 167 78 186 197 170 157 15 89 65 45 186 188 91 145 185 110 61 144 4 99 28 49 28 44 135 126 124 28 161 109 49 191 95 114 145 142 6 32 166 166 167 115 129 70 178 27 50 48 81 181 179 189 19 49 46 5 157 4 199 5 48 107 49 133 66 87 177 123 150 75 96 52 
171 28 12 149 81 169 91 32 135 93 166 116 197 70 124 18 108 108 65 157 91 44 54 150 65 150 171 58 58 123 46 129 141 4 80 55 7 9 120 161 96 68 101 32 137 77 21 166 90 46 11 11 24 195 7 85 74 124 133 27 152 46 157 107 33 4 91 140 172 38 19 176 142 93 32 89 180 58 98 122 81 92 104 112 178 88 71 47 182 129 46 148 17 83 113 86 183 22 98 148 
172 2 151 196 174 118 102 91 49 9 101 142 170 171 165 178 7 158 198 1 34 47 101 22 90 18 143 122 38 152 175 143 172 72 5 80 60 94 43 145 23 28 189 145 141 162 127 75 128 127 32 87 36 80 196 21 149 45 107 160 108 184 177 136 154 168 189 122 52 4 172 71 137 102 150 102 25 137 114 109 23 102 13 149 24 190 102 69 20 63 130 119 157 37 86 58 132 180 55 60 
27 45 149 165 176 186 53 128 85 115 86 200 125 174 97 110 101 153 85 170 113 176 183 175 5 80 63 181 75 200 85 52 28 193 163 90 77 114 136 148 153 189 133 113 109 43 143 165 55 76 130 171 21 105 196 188 97 4 42 33 79 108 158 97 27 9 153 167 18 182 78 169 32 38 106 48 60 131 137 32 97 57 18 59 39 41 135 148 7 128 63 104 126 125 23 67 145 54 103 67 
5 100 154 124 129 104 146 137 188 138 196 164 24 38 178 42 166 136 140 193 61 159 108 128 105 158 182 6 44 6 58 105 180 8 4 127 28 67 3 199 59 97 123 66 161 85 80 19 33 193 136 140 142 90 104 151 82 20 55 80 20 199 111 107 112 162 110 130 49 76 103 191 73 184 84 125 21 38 21 91 90 181 111 21 164 96 195 190 51 94 184 21 88 144 114 153 43 175 112 175 
106 133 63 199 179 18 142 118 114 197 113 46 35 114 191 100 103 132 194 102 133 26 52 179 108 17 36 72 25 118 78 32 88 2 120 31 188 49 75 76 35 108 190 71 96 179 73 49 161 12 16 39 126 20 15 101 137 184 183 38 46 41 21 186 177 37 63 108 59 103 178 190 71 11 175 56 27 158 154 156 66 54 79 110 74 53 67 154 79 190 132 7 95 94 90 31 195 62 175 5 
17 41 126 132 98 184 101 190 76 84 63 35 99 31 14 40 190 73 87 185 127 86 186 75 143 164 181 107 110 74 18 16 10 54 111 91 13 175 39 153 166 98 13 24 126 68 30 5 93 39 108 177 78 31 85 194 147 63 191 40 97 164 35 34 124 118 14 49 77 80 86 148 101 37 24 47 2 72 171 46 116 141 188 29 116 42 82 21 122 100 145 85 42 68 15 173 30 192 193 114 
141 7 10 199 37 187 189 6 105 120 112 64 115 76 47 128 61 190 66 92 21 193 98 39 62 71 183 16 107 109 163 36 109 195 25 186 83 117 47 84 93 139 163 136 182 8 138 43 120 162 125 182 189 65 108 118 123 38 112 152 140 166 145 109 160 25 110 191 29 143 78 63 65 187 87 193 139 97 38 143 11 167 27 160 83 108 149 78 83 50 62 162 3 199 143 117 22 156 160 189 
147 147 6 111 120 146 183 75 18 43 29 46 80 11 75 66 131 103 92 123 179 30 172 150 108 2 200 93 166 109 29 85 19 46 65 137 7 20 105 22 43 192 61 53 107 36 122 7 38 66 152 191 114 104 190 128 123 200 23 102 42 22 64 15 108 54 51 105 91 112 28 71 135 51 146 151 124 119 13 12 21 5 9 53 65 106 69 91 7 65 138 62 16 182 7 190 61 125 124 108 
63 11 106 57 17 109 47 109 83 61 59 30 171 177 178 16 136 60 96 172 126 159 151 156 119 109 55 43 188 188 55 174 62 33 60 138 71 107 174 124 198 24 197 136 164 112 160 20 116 164 123 60 119 165 23 119 105 62 172 28 151 13 24 77 114 29 37 34 147 75 189 147 173 185 190 114 118 25 50 12 135 115 50 69 105 197 64 9 110 41 20 152 34 198 70 23 73 2 19 11 
104 121 161 199 65 120 170 195 143 77 104 196 72 135 96 88 63 52 109 187 21 113 119 155 140 184 15 72 129 27 28 183 116 70 65 84 31 28 167 172 198 123 105 143 65 172 37 26 62 119 5 22 163 85 37 91 143 111 183 117 176 68 87 46 183 35 17 16 158 116 11 29 109 157 3 130 85 23 196 14 89 63 90 114 2 16 32 97 52 153 199 53 36 163 120 5 96 109 182 109 
181 35 144 83 23 151 130 23 142 171 73 1 26 116 28 117 144 29 124 154 139 142 175 81 136 169 39 52 118 24 10 145 164 82 63 57 29 31 155 100 41 71 138 175 9 91 6 24 106 181 61 140 29 172 162 121 105 157 149 126 17 49 147 2 66 166 108 84 145 3 197 41 91 177 166 165 9 125 90 154 91 185 49 45 40 128 13 180 152 163 15 103 5 92 106 138 79 124 19 76 
113 144 89 190 114 19 16 164 185 21 65 70 191 122 96 119 88 123 20 68 49 79 32 177 145 104 92 43 164 85 85 169 41 83 8 66 114 17 119 4 198 47 76 154 43 109 54 108 149 115 92 94 137 180 55 6 187 129 173 181 122 47 153 12 7 166 79 37 174 30 27 117 3 75 74 114 177 108 79 37 142 153 68 164 117 66 103 170 193 13 193 118 167 36 100 85 166 166 194 41 
155 13 152 190 185 126 111 13 72 119 174 15 192 177 156 170 78 102 160 159 70 108 76 1 160 33 96 22 48 9 6 140 31 33 45 109 129 65 159 10 158 82 153 138 195 21 124 200 30 2 118 137 158 151 79 33 103 24 72 187 80 161 10 96 28 148 155 186 27 68 173 180 14 137 98 107 154 175 58 105 46 5 113 35 138 71 196 139 37 11 151 125 183 66 9 178 105 110 167 198 
74 25 104 120 13 83 110 181 190 123 183 11 80 63 157 104 195 164 5 151 88 111 146 200 120 23 153 68 82 105 111 37 116 103 55 75 193 79 151 53 103 31 63 174 121 144 187 29 26 66 147 50 167 29 68 35 165 178 109 183 85 75 38 156 35 167 145 35 102 177 65 148 21 143 62 75 79 170 100 134 148 183 142 154 51 93 168 165 159 103 68 197 127 172 47 78 162 75 43 186 
126 52 9 7 173 50 123 99 156 60 20 35 176 152 170 106 104 163 150 95 104 48 147 78 51 64 184 92 29 106 27 176 152 92 95 5 73 35 187 129 109 130 118 79 181 195 135 103 177 93 44 117 196 25 90 77 23 66 129 26 77 51 104 172 98 112 120 52 200 155 188 130 89 131 11 14 94 4 56 185 65 176 144 46 66 125 18 51 86 74 182 187 95 192 150 159 18 44 19 190 
182 16 145 189 101 48 80 12 183 23 2 118 87 20 46 144 79 165 175 88 27 23 111 175 147 95 103 37 80 36 37 174 98 196 137 50 70 199 101 140 5 74 85 189 95 62 71 162 26 69 69 157 26 99 188 121 103 66 177 74 108 62 22 59 48 127 24 37 123 6 143 146 122 98 90 90 107 2 173 156 86 82 32 155 178 161 123 130 105 3 81 14 67 75 68 196 61 198 163 62 
39 33 59 149 151 46 77 157 162 114 66 48 24 181 144 74 182 137 117 89 76 61 56 48 116 119 43 191 23 174 24 118 106 99 127 11 96 63 168 2 12 96 169 164 26 73 12 118 31 95 146 136 55 153 167 103 170 60 135 52 166 115 95 39 108 157 138 170 113 188 98 2 98 43 27 183 12 174 195 159 116 2 198 132 141 25 40 54 16 108 147 59 192 53 157 154 84 99 42 121 
18 9 43 128 139 38 199 91 73 21 74 185 46 37 188 41 151 183 135 55 2 130 49 90 90 10 42 168 59 104 147 174 195 50 58 178 17 137 29 142 93 20 71 69 43 163 183 28 27 52 79 88 168 21 34 190 198 14 147 149 186 182 60 150 5 34 184 31 120 90 45 126 31 68 140 80 99 158 35 137 196 179 106 87 81 96 120 61 32 42 177 143 199 111 53 159 151 67 153 99 
108 146 20 109 12 51 79 28 167 51 23 149 117 63 56 147 14 35 91 93 40 11 164 117 40 86 124 1 6 99 41 155 133 175 146 110 15 132 15 28 40 142 138 19 53 146 142 36 39 112 68 49 88 61 7 55 142 44 87 48 95 77 30 14 173 174 26 30 190 153 68 166 27 12 163 136 54 135 107 178 99 19 111 151 35 62 166 33 37 198 40 175 47 178 193 26 191 115 146 148 
113 7 86 152 172 156 12 109 76 61 135 127 162 42 170 126 161 184 72 51 123 56 65 49 147 139 128 59 90 53 12 107 132 113 95 151 104 122 95 51 29 131 119 189 114 125 170 140 149 163 149 55 107 17 138 30 151 194 160 4 154 188 9 97 156 153 79 159 198 180 41 170 2 44 183 60 178 123 5 80 170 107 126 148 185 144 56 62 149 75 172 165 15 32 122 184 151 52 97 54 
131 148 177 49 142 1 19 86 40 9 63 32 100 20 36 55 181 68 106 85 133 133 130 61 165 70 200 46 25 70 87 105 40 65 15 178 15 129 154 174 29 188 154 99 98 99 159 116 20 123 189 178 126 196 16 44 191 60 145 196 137 102 168 8 71 68 38 2 153 142 108 24 114 93 60 192 181 114 75 189 34 123 150 179 31 194 170 129 66 165 187 52 169 108 92 5 82 142 192 111 
195 13 97 44 60 116 126 148 120 49 14 9 51 127 193 102 190 180 199 69 139 101 119 128 164 30 91 24 45 54 129 49 151 130 81 53 85 119 176 162 34 140 131 120 130 73 113 104 169 4 89 185 117 60 64 3 31 1 150 94 127 41 193 144 161 143 2 118 168 101 76 15 83 158 63 12 97 139 102 170 75 90 146 56 87 100 140 33 39 86 88 112 34 31 177 29 25 39 150 21 
167 26 38 176 55 147 184 182 48 10 102 180 60 176 132 155 104 191 8 95 122 77 77 95 150 66 171 198 66 174 9 184 162 3 172 82 33 144 25 134 4 8 83 108 27 87 128 117 95 63 125 92 131 150 193 97 11 42 95 154 29 196 79 80 181 170 164 159 121 177 1 159 146 77 19 15 94 74 91 140 134 39 117 187 44 57 63 47 20 25 134 137 104 148 158 46 80 98 164 123 
36 28 50 74 159 93 102 30 59 127 55 113 15 126 59 2 131 17 145 95 126 119 86 56 172 121 96 47 42 101 13 140 128 13 142 79 107 105 112 70 97 144 44 118 145 154 25 73 82 19 129 52 5 12 56 161 7 87 177 180 23 75 59 33 138 153 33 62 115 110 152 66 150 50 133 111 73 188 113 187 5 146 22 105 81 103 38 127 168 59 151 39 153 148 62 44 185 160 87 42 
25 134 48 113 40 52 72 12 192 85 111 142 81 81 161 155 7 146 116 178 193 185 175 145 4 155 188 73 170 169 49 186 81 194 141 86 89 151 110 144 95 137 52 153 117 181 69 189 113 176 190 40 80 14 36 129 57 28 44 88 109 94 157 169 14 193 35 156 186 14 148 148 129 29 137 138 1 162 159 81 191 107 90 195 44 150 76 9 10 86 62 115 111 61 189 132 189 183 175 82 
80 130 87 133 200 169 3 190 9 183 31 64 142 64 162 153 192 75 57 118 114 70 5 64 27 17 182 83 6 78 95 110 76 46 186 166 99 111 2 119 192 161 192 125 83 13 188 162 184 10 57 194 111 190 193 103 76 12 115 171 142 198 52 48 3 160 173 103 61 70 66 122 155 30 57 62 167 52 146 124 170 34 35 74 20 81 93 48 57 58 106 71 112 154 71 48 178 87 32 173 
193 123 6 35 13 6 116 170 36 153 108 87 191 7 48 82 158 166 42 63 130 51 75 104 149 189 173 155 86 95 171 72 93 45 146 60 143 153 130 29 187 138 67 79 6 1 56 161 192 31 147 159 34 65 41 100 96 198 183 14 112 1 166 162 148 177 121 183 110 19 192 20 145 182 76 133 18 168 111 15 43 20 122 176 147 33 154 4 116 17 38 102 39 111 9 157 130 15 137 76 
196 103 27 181 183 48 136 7 162 139 52 196 132 34 139 104 117 138 173 48 168 58 165 92 184 41 29 110 164 127 22 194 174 67 81 105 5 200 61 183 119 64 27 29 189 133 6 6 169 49 160 100 126 66 10 149 189 108 71 167 91 35 112 37 137 159 168 104 112 13 106 102 4 97 135 136 20 75 169 169 70 100 158 70 9 195 113 158 39 93 78 105 93 97 143 35 109 97 92 119 
83 16 131 126 5 74 168 105 164 52 184 122 103 151 52 197 167 76 188 56 89 79 159 157 116 136 188 181 151 119 57 103 159 20 34 65 96 176 75 186 182 137 13 160 13 198 62 36 117 9 135 17 77 4 175 74 156 22 184 31 1 143 65 126 43 33 77 175 171 53 186 11 89 34 175 99 37 128 75 191 166 130 146 180 59 7 137 109 16 147 98 184 189 164 131 183 110 178 184 136 
196 107 167 120 52 168 163 126 66 2 111 41 190 141 10 67 52 62 56 73 71 166 82 142 44 98 132 103 71 97 81 17 62 168 7 24 20 83 170 157 179 104 192 152 12 155 150 148 120 91 183 117 198 192 77 145 102 39 21 83 165 42 133 24 78 125 92 144 51 197 16 110 86 81 177 75 191 114 45 28 59 200 43 128 83 197 194 35 169 167 23 75 193 57 15 79 91 19 38 102 
94 78 146 81 173 190 63 93 35 149 139 146 165 5 60 141 149 164 83 196 171 21 130 1 120 51 123 63 146 66 184 63 46 131 10 87 138 188 188 1 155 143 15 42 59 82 138 60 142 181 153 15 17 53 90 73 29 50 117 72 179 121 50 20 20 169 185 89 47 36 173 3 103 11 78 121 32 167 94 144 62 119 126 8 178 68 104 71 116 129 168 118 199 133 25 48 30 42 8 50 
39 30 167 19 196 190 125 145 151 134 151 178 33 89 94 17 168 106 93 54 100 124 3 93 187 65 82 102 169 127 165 188 197 31 89 133 190 125 168 16 40 169 114 72 187 40 123 172 34 118 121 184 25 152 51 172 178 52 150 159 33 186 190 16 62 50 52 115 145 120 98 65 127 120 92 137 97 108 136 144 115 170 155 57 78 34 141 96 192 27 53 96 70 70 80 146 12 118 6 37 
7 32 135 160 71 82 68 129 168 199 122 58 174 63 94 105 48 86 158 9 134 198 93 190 29 126 111 121 170 161 20 122 165 136 192 46 139 57 104 158 28 166 37 98 89 160 171 157 102 162 153 199 87 31 70 165 122 97 39 94 124 148 94 182 155 59 168 127 134 119 113 137 134 179 89 100 43 83 83 81 176 72 91 118 169 65 139 84 184 47 179 137 18 124 87 24 40 106 134 138 
23 62 175 57 107 79 191 8 63 98 8 110 22 35 160 190 59 19 158 118 107 29 114 107 95 98 98 3 163 171 176 174 190 140 190 13 98 93 168 117 164 10 192 126 72 45 139 71 198 68 146 27 56 136 162 8 181 130 3 158 126 1 108 117 80 17 34 148 149 37 110 12 3 130 154 170 122 182 149 187 122 179 193 135 191 13 51 158 152 167 36 102 89 105 116 94 161 39 6 88 
176 152 179 152 57 171 154 99 57 3 175 140 172 8 103 122 110 190 127 9 44 185 127 116 106 30 186 179 26 93 127 155 113 177 171 112 44 96 85 100 81 122 146 61 132 71 82 104 168 117 115 200 76 77 137 69 196 50 63 188 67 6 135 170 181 82 111 199 168 120 173 196 20 51 73 55 17 53 28 187 8 34 63 147 83 58 130 132 113 194 65 38 198 38 39 44 66 198 132 25 
18 146 165 29 117 40 191 10 42 20 146 107 12 192 4 63 189 3 104 191 90 136 15 42 92 187 99 44 170 192 181 33 32 91 83 72 173 163 91 159 36 63 66 167 160 77 150 32 58 41 83 16 175 111 93 166 120 79 59 47 64 140 121 71 129 159 20 150 190 200 165 88 140 125 196 160 51 52 81 57 140 92 100 116 81 184 101 194 156 152 58 194 82 171 42 66 83 122 150 92 
126 166 64 81 187 194 50 61 35 57 69 50 157 88 163 190 165 163 47 11 174 78 21 48 136 53 183 47 57 73 156 138 72 40 41 166 92 133 153 122 168 177 188 51 95 53 150 12 26 83 173 109 23 3 127 142 164 89 106 12 132 93 42 25 88 98 8 54 170 189 111 99 36 21 53 72 98 57 52 119 127 121 134 113 121 47 58 55 152 14 106 24 44 49 173 62 108 19 37 103 
110 6 44 191 121 47 161 55 106 62 194 25 63 17 109 84 156 140 127 143 48 176 27 77 174 158 185 152 39 49 174 172 163 148 49 30 182 79 184 184 192 158 105 112 181 175 45 38 89 137 157 18 88 41 69 76 61 55 193 83 124 117 36 25 127 21 165 51 177 128 59 24 51 14 71 28 179 31 145 83 133 124 6 61 50 169 50 103 164 58 157 159 78 41 172 125 38 102 48 30 
161 200 33 28 191 38 192 55 198 135 49 20 39 61 81 4 198 101 94 38 187 191 120 17 122 171 65 7 83 73 22 78 55 57 1 177 43 45 192 199 195 12 124 119 83 111 172 58 128 191 78 192 31 200 44 85 80 95 22 84 90 84 119 48 126 193 172 9 200 105 82 28 84 179 26 134 5 180 118 121 21 7 34 36 10 26 21 151 4 120 91 16 192 187 146 55 73 77 95 108 
197 91 85 151 185 11 56 13 189 106 123 150 92 118 147 121 21 120 1 39 150 100 164 81 140 110 167 94 9 172 68 7 120 83 54 62 113 49 147 113 135 180 126 30 162 165 31 77 100 47 163 168 183 52 78 195 166 12 93 38 11 60 81 74 175 195 1 163 167 48 2 172 80 149 143 186 194 52 24 37 14 171 60 113 108 1 66 127 84 23 171 171 143 31 95 116 80 100 150 17 
84 119 199 125 57 164 121 152 152 133 172 59 198 185 7 99 100 187 142 121 42 116 41 119 64 90 37 36 173 176 51 71 56 109 131 102 81 57 45 149 60 112 62 197 44 31 71 29 89 13 41 102 52 47 190 66 132 44 65 68 180 117 105 70 123 73 20 85 64 78 94 53 166 2 87 64 189 157 80 21 36 68 91 144 21 63 66 70 61 3 90 89 111 5 54 11 54 76 73 39 
7 120 40 198 70 153 85 174 164 67 108 10 97 90 197 157 82 131 8 184 182 7 7 47 76 155 111 153 138 181 14 94 38 61 156 95 100 118 169 155 26 50 198 145 115 103 7 180 148 20 139 50 9 29 120 185 155 35 59 191 32 90 8 63 24 3 149 195 5 139 175 11 188 124 71 133 113 91 8 38 145 79 103 18 195 63 34 25 175 72 160 125 5 56 61 151 99 151 44 141 
170 173 152 180 130 71 33 38 197 179 87 126 126 44 179 12 16 52 73 197 129 156 48 41 38 38 144 193 24 40 98 132 84 191 124 143 55 154 143 169 8 75 9 137 54 10 58 167 52 87 110 189 134 47 82 88 90 127 10 51 165 137 75 133 92 43 24 61 122 154 166 57 45 181 198 193 155 39 117 56 93 8 57 148 194 43 124 98 38 58 137 36 30 44 33 181 136 85 134 153 
82 77 53 189 20 98 52 118 102 94 189 150 181 176 116 193 23 58 141 155 168 92 200 110 24 111 34 73 154 20 162 93 124 37 151 60 196 56 58 31 144 137 97 34 107 181 186 19 77 25 122 78 168 111 178 26 128 131 106 17 133 108 107 164 67 191 102 100 48 7 60 78 93 108 46 106 77 193 55 10 101 169 157 29 60 175 98 148 198 51 54 185 35 157 144 66 79 171 104 105 
50 42 5 189 68 44 144 124 72 67 110 127 173 2 147 36 31 145 141 16 169 116 89 143 9 156 168 148 124 136 155 115 67 26 157 181 156 70 4 92 170 17 154 196 138 43 48 23 30 13 13 134 134 32 3 140 19 22 156 58 70 143 98 62 166 159 76 95 135 29 185 187 191 132 23 38 77 199 123 45 91 194 66 83 58 32 96 28 91 68 162 92 22 105 2 126 17 30 81 174 
115 120 110 193 120 14 46 65 116 114 164 48 49 100 153 59 187 148 162 39 188 17 81 137 38 193 74 152 172 125 45 193 33 200 24 94 6 54 52 93 24 38 125 80 121 140 19 74 98 190 180 146 98 90 17 124 162 73 89 184 161 182 129 47 159 158 82 19 69 76 25 107 26 134 49 12 52 68 168 82 169 153 86 33 134 156 13 177 117 117 144 129 44 63 71 97 5 19 181 90 
195 90 157 49 164 7 52 129 179 109 58 20 134 85 182 65 138 43 192 7 78 25 103 28 59 155 97 161 117 90 35 189 67 76 106 136 5 189 4 200 11 64 170 130 178 49 50 19 34 133 183 94 175 168 176 96 60 96 170 169 24 116 90 104 26 58 147 132 91 2 5 25 129 195 111 101 41 198 55 5 21 50 101 145 128 38 129 25 107 24 131 53 181 58 200 183 155 181 122 100 
5 17 167 34 149 31 32 192 52 112 200 124 127 178 125 62 184 158 80 101 64 90 133 58 79 23 170 65 122 165 161 116 185 80 140 43 94 187 182 197 52 77 110 101 69 163 80 182 65 34 119 65 142 124 157 80 72 100 147 43 164 24 116 37 53 105 60 200 40 178 8 74 89 99 2 64 59 100 66 150 109 67 41 97 184 6 14 190 101 146 122 10 93 42 20 153 75 8 92 85 
180 2 117 149 200 45 70 121 62 165 73 32 126 44 129 116 84 185 53 183 112 36 136 85 135 200 119 197 99 159 60 186 128 175 14 119 138 91 173 167 170 9 115 168 132 81 172 188 192 88 193 19 19 64 88 108 19 143 191 103 179 165 189 74 158 152 199 37 76 88 35 22 32 122 153 7 48 172 81 107 77 64 144 78 36 72 36 94 106 164 122 72 21 70 122 159 3 151 125 50 
164 185 119 180 167 112 139 172 182 153 173 25 143 129 97 97 2 21 6 186 136 122 123 2 165 96 199 16 137 19 72 180 27 132 47 48 53 55 114 5 34 28 51 29 183 137 183 80 199 118 45 8 162 57 131 110 58 132 106 140 95 6 100 93 124 14 92 10 105 47 12 182 130 126 33 125 88 2 8 117 121 165 59 41 76 23 149 133 37 176 195 79 21 140 16 163 143 191 31 15 
11 93 157 178 72 96 66 176 67 3 1 144 52 76 21 167 14 178 1 105 84 171 41 126 14 175 128 13 199 46 182 117 149 36 180 38 175 100 161 99 181 169 196 111 153 182 67 116 17 120 83 13 123 104 71 92 77 176 138 151 166 92 127 151 59 70 178 122 57 184 177 123 85 26 82 105 144 151 148 81 163 175 171 3 62 21 81 175 119 27 2 113 7 98 20 61 39 147 10 77 
6 145 141 187 69 162 44 4 34 190 170 125 156 93 171 193 35 138 84 104 14 64 181 74 50 191 91 164 29 79 139 99 181 31 138 62 14 21 184 26 1 180 170 44 191 185 175 114 191 108 178 28 197 94 15 27 106 199 47 151 197 78 49 114 29 182 66 169 170 43 117 181 61 156 8 101 68 66 70 150 117 39 199 146 80 56 86 178 58 67 194 63 80 120 71 185 59 52 5 182 
108 3 62 120 141 31 3 67 96 85 70 179 194 148 155 101 179 62 104 98 146 156 9 105 92 127 30 2 55 108 160 150 77 40 167 80 56 15 34 172 190 83 147 132 37 132 154 193 121 191 92 140 175 48 100 78 116 150 60 88 81 27 46 46 175 39 54 125 85 155 37 132 79 17 90 164 140 195 184 8 14 41 36 130 111 42 4 30 60 17 113 79 169 81 101 192 43 130 161 83 
147 135 89 186 65 37 146 34 27 110 94 173 26 48 71 31 83 97 67 195 169 47 29 24 159 9 173 196 76 49 41 113 5 184 183 19 56 75 10 44 92 60 121 89 123 26 164 21 116 164 7 92 191 173 4 43 90 16 66 78 132 127 98 30 127 150 46 129 23 132 61 130 148 66 32 133 26 127 118 140 33 66 137 108 5 159 83 168 64 165 82 192 55 6 139 188 21 146 146 185 
112 135 136 152 56 21 92 120 136 8 76 196 173 78 195 148 38 96 176 46 63 133 124 130 176 82 181 15 23 19 156 139 99 76 67 31 7 61 122 184 199 102 100 42 66 158 73 177 17 57 142 24 175 13 47 181 127 19 120 28 123 2 102 131 9 98 49 134 194 20 15 167 41 139 171 178 81 188 21 172 37 131 67 120 138 186 132 60 181 155 27 46 69 30 177 138 114 189 76 80 
96 25 101 65 40 66 1 101 185 192 74 167 126 33 100 73 148 5 37 111 131 117 128 12 190 171 37 75 111 32 193 101 163 175 177 137 12 160 3 26 31 62 105 176 193 148 161 200 117 25 196 160 46 149 172 6 132 140 192 112 103 14 78 89 49 81 78 28 35 46 119 141 132 147 78 46 71 161 68 32 92 32 111 193 186 161 49 150 30 14 193 200 13 43 72 121 199 44 144 94 
