75 4
0
1
1 7 38 235
2 8 45 8
3 10 161 10
4 22 2 34
5 44 89 400
6 59 152 -245
7 76 57 304
8 99 182 1191
9 179 190 179
10 266 189 1022
11 313 20 273
12 344 187 -30
13 356 73 210
14 381 26 381
15 383 64 639
16 386 130 906
17 392 126 644
18 532 47 814
19 545 33 677
20 583 95 583
21 608 114 1064
22 617 123 863
23 659 58 775
24 659 147 365
25 672 158 1304
26 673 152 369
27 746 172 1434
28 780 162 1428
29 792 171 450
30 796 91 1342
31 838 166 506
32 841 156 841
33 852 157 538
34 877 120 1597
35 885 58 1001
36 984 182 620
37 1036 140 1036
38 1103 43 1275
39 1105 127 2121
40 1109 190 1489
41 1111 144 1399
42 1149 83 983
43 1235 170 1575
44 1257 84 1761
45 1332 119 1570
46 1361 185 991
47 1540 165 1210
48 1597 155 1597
49 1611 5 1641
50 1618 100 1418
51 1657 158 1973
52 1713 198 2901
53 1717 10 1717
54 1721 141 2285
55 1738 182 3194
56 1743 69 2295
57 1757 133 2023
58 1784 128 1784
59 1788 133 2320
60 1792 34 1792
61 1806 103 2012
62 1832 91 1650
63 1862 93 1676
64 1898 100 2298
65 1941 27 2157
66 1943 28 2055
67 1970 182 1606
68 1973 149 3165
69 2010 188 2010
70 2025 1 2027
71 2126 128 3150
72 2159 179 3591
73 2170 195 3340
74 2199 119 2199
75 2204 122 2204
18 75 180 184 98 18 123 5 81 194 114 149 143 146 107 140 191 87 121 77 85 68 135 128 190 143 138 30 196 87 138 196 155 126 150 112 189 79 168 123 57 94 30 77 77 44 191 4 112 72 112 196 140 13 165 64 66 73 11 60 11 3 113 172 174 179 190 132 78 159 61 55 198 63 112 
192 4 27 2 186 155 39 15 125 172 145 115 144 73 109 45 21 165 110 98 186 13 88 198 194 200 120 7 98 199 73 11 68 46 72 100 190 35 28 122 30 159 165 140 112 127 99 55 1 54 160 176 133 78 57 55 72 77 167 7 46 111 163 131 138 87 8 195 151 100 169 132 22 73 23 
16 157 89 106 80 46 97 199 12 132 45 80 8 198 139 41 136 108 26 168 196 122 112 9 179 45 80 48 12 153 48 23 163 40 55 158 166 112 33 121 13 167 4 39 32 154 106 27 62 3 173 151 90 138 21 41 134 3 30 143 124 172 185 198 4 12 197 31 91 11 87 85 46 87 14 
53 2 171 171 47 163 145 198 117 104 190 135 18 108 92 194 115 45 158 80 33 77 188 26 75 188 166 73 56 5 20 54 94 151 159 92 166 8 24 15 129 31 86 50 75 19 184 170 98 161 54 112 61 172 146 108 131 56 170 160 97 2 99 59 33 27 7 145 82 90 191 57 101 19 60 
50 148 171 24 52 77 167 181 126 19 182 137 101 29 91 88 29 5 170 93 150 93 184 16 82 64 79 80 133 59 195 153 51 41 52 101 141 23 115 25 189 157 146 83 140 47 145 27 103 164 155 175 81 189 24 113 34 107 74 13 54 126 133 173 146 133 197 97 157 195 139 74 30 29 154 
160 7 53 61 194 156 23 2 183 97 61 183 8 100 100 115 7 162 80 15 171 22 8 28 151 89 168 94 3 22 14 100 134 45 134 53 113 197 101 171 100 20 103 120 32 24 100 15 112 144 130 160 14 155 168 5 24 182 76 72 64 54 55 111 115 200 84 138 158 187 116 59 64 98 4 
108 109 89 164 143 93 161 175 101 119 45 42 5 86 110 175 128 139 65 36 97 27 186 51 44 120 140 182 46 58 100 9 114 166 119 132 37 23 101 148 177 24 94 173 185 3 5 138 124 1 124 162 9 48 158 45 163 200 153 63 141 153 152 43 101 38 172 93 18 155 117 49 116 79 7 
146 133 29 18 117 142 195 73 177 52 160 38 151 100 7 22 173 98 167 196 133 160 24 24 114 77 24 4 168 186 87 83 77 127 80 100 53 2 164 91 51 79 70 161 136 150 17 31 150 196 150 103 58 146 16 47 5 77 116 30 37 5 196 198 129 112 30 177 25 43 198 71 184 75 121 
12 167 183 87 58 165 63 110 191 129 74 106 177 39 8 128 19 129 88 85 79 50 150 64 74 85 194 23 164 68 6 198 111 191 7 135 16 165 131 74 45 47 4 175 133 2 188 6 133 74 69 62 139 122 193 49 194 190 199 131 91 157 52 32 84 48 83 74 8 152 172 162 60 188 199 
102 122 98 36 51 188 51 99 141 153 114 180 156 63 171 29 75 112 89 41 114 60 160 196 131 148 17 74 75 96 190 62 31 124 77 69 127 84 148 119 83 163 64 136 179 45 88 67 199 87 190 122 108 120 92 44 194 87 82 97 200 25 104 187 126 137 191 67 142 50 158 104 27 164 63 
157 46 121 56 166 80 37 11 99 11 35 31 151 57 48 94 159 102 45 79 12 35 14 100 4 17 2 6 78 153 128 134 37 62 68 162 145 195 41 39 168 184 198 117 150 90 167 187 110 175 43 110 130 134 157 103 24 92 92 171 185 190 124 173 107 13 101 14 128 133 6 132 191 186 15 
35 107 120 177 9 139 69 57 13 125 43 46 160 134 160 49 56 49 118 94 148 58 18 128 73 1 72 159 2 90 31 31 115 80 85 127 51 140 39 47 47 71 149 17 198 186 90 176 169 75 69 108 66 100 173 164 69 110 174 200 90 95 166 113 145 68 82 67 58 39 26 18 126 172 186 
195 145 131 72 48 2 152 141 92 53 49 122 181 8 108 15 54 154 197 7 60 119 192 42 181 183 110 55 131 148 165 50 19 175 12 125 61 159 112 9 107 162 104 141 138 142 87 32 57 189 154 41 5 182 86 78 98 76 103 90 119 135 30 104 52 175 48 20 200 74 105 123 87 34 189 
59 165 78 148 165 196 157 104 67 200 82 100 74 78 187 37 52 167 150 159 61 52 164 103 123 162 177 105 186 45 92 112 189 148 55 123 44 1 47 21 193 90 78 182 46 79 140 128 96 72 87 21 141 155 171 168 1 73 14 37 118 10 20 181 136 97 30 16 38 141 109 199 99 86 105 
1 193 53 125 50 93 160 90 28 28 166 50 192 79 26 153 27 177 36 40 195 136 52 160 135 40 94 102 91 152 16 56 139 152 125 24 83 14 200 158 29 166 99 72 111 187 54 142 160 124 54 88 117 159 25 132 149 63 75 167 91 171 164 42 5 18 22 56 187 128 88 164 137 43 164 
199 123 58 2 171 42 183 141 181 175 90 20 16 77 162 30 14 111 56 160 16 59 77 86 186 104 70 19 125 28 193 147 173 56 63 8 72 40 109 185 102 21 31 16 159 79 168 75 92 41 187 183 31 184 193 192 120 82 81 43 189 187 14 45 199 17 62 89 199 109 129 47 135 90 143 
183 46 108 133 120 59 125 129 102 8 64 98 27 7 123 132 186 88 71 96 112 105 169 169 179 152 181 158 61 38 127 197 128 200 124 70 185 156 160 41 150 28 54 57 92 19 34 77 16 41 82 85 69 123 106 80 183 71 191 27 187 103 26 191 3 115 181 70 37 107 92 34 2 116 145 
52 120 150 33 191 79 23 147 34 186 12 86 183 54 22 185 143 90 44 59 82 170 160 12 159 29 135 124 199 51 107 13 2 84 31 21 113 182 125 200 139 96 87 176 59 48 139 150 93 65 196 33 162 184 89 110 31 154 54 115 194 162 152 74 116 85 134 90 191 177 168 37 66 115 115 
158 16 17 179 51 77 16 109 155 142 76 102 43 88 172 113 141 37 152 66 60 98 186 154 61 108 168 34 147 143 150 72 153 182 178 155 147 86 152 199 162 35 15 33 64 179 136 64 1 179 150 135 138 142 69 23 40 84 157 139 101 42 91 197 4 91 77 132 113 110 180 15 171 85 6 
18 82 108 195 84 174 128 21 33 63 198 66 36 11 137 179 82 16 72 101 67 70 42 67 22 23 136 25 130 87 25 170 186 41 65 51 133 131 84 150 2 87 155 136 162 170 52 96 47 186 94 108 92 133 137 159 187 166 134 71 105 141 185 194 185 156 22 6 85 146 110 76 70 80 5 
93 183 18 147 62 65 73 66 94 75 21 53 126 87 142 176 25 138 200 196 35 43 56 24 2 68 197 171 160 48 170 107 88 189 153 137 3 170 176 158 115 103 139 62 91 38 21 2 95 87 112 40 62 8 125 104 127 162 135 56 1 27 34 56 120 197 115 163 136 195 180 122 168 136 146 
30 121 199 17 134 32 200 96 77 51 164 29 158 6 97 49 164 61 77 82 109 141 116 165 23 42 176 53 1 163 40 192 104 151 200 103 155 12 75 64 188 107 77 195 99 48 7 184 113 148 81 200 2 185 162 191 183 185 104 35 15 9 110 26 193 126 180 17 170 24 113 137 50 157 110 
173 34 150 156 32 164 50 94 29 179 191 176 120 179 79 43 189 112 44 173 171 40 111 36 87 122 130 28 12 53 96 138 143 168 32 86 137 63 43 192 45 188 119 37 157 67 64 193 6 13 198 79 25 76 135 126 138 162 184 40 134 194 99 185 19 3 106 117 101 79 70 43 75 4 50 
14 51 100 191 187 19 133 19 190 4 21 180 192 51 196 190 56 55 149 59 155 135 37 182 4 56 61 140 84 177 15 65 148 160 112 139 14 123 136 86 175 13 97 179 198 158 14 173 69 9 105 184 191 108 79 80 141 35 116 105 9 196 141 52 65 90 85 132 58 24 96 115 21 173 174 
20 125 15 15 50 149 38 123 182 130 78 142 49 137 49 172 83 145 154 14 169 58 87 95 11 134 11 171 41 3 14 126 179 24 143 190 177 178 93 194 109 24 38 163 91 57 11 131 93 179 196 157 87 110 5 113 69 45 150 90 164 198 197 34 104 102 92 131 198 114 141 163 66 29 162 
191 82 99 30 138 68 151 142 53 153 17 110 26 79 7 151 6 130 79 132 167 147 49 123 180 47 89 6 153 186 123 85 196 21 40 109 35 91 13 115 119 70 85 110 114 137 131 100 48 54 133 196 56 2 165 117 181 180 51 73 147 43 20 187 95 188 61 50 57 187 17 52 194 141 89 
75 157 187 45 38 21 175 92 62 46 42 85 96 106 28 193 173 88 52 103 145 91 52 136 20 39 6 111 191 192 113 52 84 198 148 103 17 7 79 118 181 83 139 166 89 167 72 107 192 25 109 61 95 20 48 18 116 143 77 157 97 156 173 131 199 4 84 11 175 96 179 128 95 50 186 
70 176 117 125 45 121 146 149 46 195 191 63 102 69 155 101 90 174 85 27 31 65 31 138 96 18 124 199 46 69 167 23 10 35 158 178 97 24 129 17 25 125 63 127 100 16 142 30 17 122 132 86 200 149 71 82 78 171 185 83 12 189 126 29 79 66 54 47 118 61 49 159 70 178 116 
51 74 84 34 178 60 199 69 162 102 145 175 167 182 200 39 5 139 56 100 94 164 168 100 93 75 106 125 157 50 59 158 156 128 61 94 193 106 146 74 108 73 14 64 200 161 26 115 26 38 69 20 86 29 161 26 113 140 75 151 128 42 143 41 82 35 57 148 50 156 95 163 60 105 62 
156 7 164 56 184 153 44 191 55 178 23 95 151 134 152 161 139 73 97 3 71 153 60 142 153 19 148 160 90 21 182 53 113 3 99 32 99 91 1 49 84 26 191 190 175 121 194 115 9 89 3 178 103 79 18 75 166 63 11 70 188 116 196 155 93 136 60 22 46 76 176 4 101 137 17 
72 157 24 105 176 29 184 92 45 36 174 85 173 152 64 145 157 85 84 113 53 115 152 37 10 5 93 124 2 54 137 9 142 166 27 128 46 193 158 195 7 78 138 60 156 143 39 139 52 13 141 70 139 10 50 88 148 153 2 110 2 106 192 60 124 57 180 188 172 128 97 56 29 17 111 
35 116 64 9 176 194 167 43 121 26 64 84 122 92 71 153 138 64 26 70 197 94 74 2 38 140 187 88 99 139 129 7 181 99 165 35 2 120 114 197 131 167 187 33 44 144 114 94 39 86 19 87 197 105 180 117 77 101 156 21 96 152 33 39 56 86 101 26 16 124 43 78 58 66 47 
198 158 48 74 96 146 48 118 67 23 78 147 5 29 85 1 110 135 163 30 62 190 24 128 120 85 195 148 126 75 157 89 148 24 56 168 200 184 160 2 7 28 47 102 175 10 25 6 85 32 44 172 20 171 38 123 40 96 22 136 147 19 82 112 27 60 15 16 55 173 79 95 193 51 144 
154 56 127 44 156 174 159 54 88 3 171 17 64 138 194 57 181 21 122 137 166 14 99 181 37 177 17 8 108 50 24 100 152 91 190 180 174 31 57 140 69 77 166 19 187 194 37 132 77 85 37 113 167 152 192 126 169 166 176 91 47 188 28 15 195 91 200 98 48 113 192 1 190 83 27 
89 126 199 190 193 50 75 104 133 33 28 59 8 133 28 53 124 138 49 106 6 17 80 188 96 59 166 197 189 20 162 164 118 97 113 57 101 74 140 65 64 95 154 108 1 189 56 97 197 187 67 145 166 122 38 35 34 23 45 46 154 40 183 152 86 115 171 70 80 19 137 125 162 26 100 
41 49 191 138 41 2 183 7 9 115 138 200 157 133 10 167 27 170 143 189 138 64 73 115 49 145 29 50 85 78 111 112 125 150 119 141 21 29 94 153 35 109 92 144 173 157 181 188 147 25 75 177 58 83 76 151 181 197 21 102 177 185 26 113 186 113 40 143 99 191 48 1 47 146 148 
166 120 39 42 184 118 107 58 169 191 67 180 148 73 42 112 52 191 67 6 64 186 155 120 113 177 20 4 55 196 123 191 54 84 125 145 99 171 184 159 151 60 107 136 79 91 197 191 17 175 117 75 111 149 176 11 17 63 133 165 128 139 91 169 186 146 104 178 137 198 54 92 131 150 174 
32 57 111 159 38 9 126 70 170 137 174 47 14 54 158 177 195 1 200 25 133 132 51 131 38 50 124 171 137 151 14 3 65 127 25 195 130 1 37 145 147 8 138 78 12 40 98 56 152 7 120 168 161 139 36 55 200 140 153 78 75 26 7 3 126 36 70 141 42 28 73 187 60 81 83 
165 115 23 50 190 39 172 60 175 113 152 171 55 19 154 194 23 44 139 31 9 174 75 89 33 43 33 178 76 45 49 51 16 120 147 166 155 96 112 85 175 113 176 37 142 196 114 29 67 166 88 149 61 179 5 53 48 121 8 198 28 17 120 43 53 196 200 116 31 38 180 88 1 64 190 
151 13 25 30 113 181 59 98 12 43 57 168 101 119 200 162 144 41 103 86 68 165 193 52 134 126 122 125 41 131 88 11 147 72 125 33 53 150 155 152 189 91 112 17 83 166 126 68 143 186 51 176 5 121 117 101 160 129 190 100 137 142 176 81 171 171 137 73 135 26 75 56 148 181 181 
92 146 81 69 62 22 9 45 153 26 164 123 64 114 7 20 25 88 73 73 71 194 50 176 141 97 13 141 180 92 30 51 107 38 55 173 67 145 197 28 102 80 106 124 9 59 100 131 116 155 176 95 132 128 73 141 61 118 193 41 147 144 39 121 40 184 10 168 91 129 110 76 89 138 110 
189 188 117 124 69 96 33 99 185 19 60 167 158 85 57 171 199 83 93 6 53 163 84 7 35 26 187 25 97 26 191 80 7 32 168 115 118 188 152 168 151 200 69 101 45 39 189 127 168 185 7 123 83 125 75 124 159 78 10 194 112 103 168 99 190 158 165 61 129 126 123 158 193 134 76 
46 121 179 152 107 192 91 130 174 14 38 14 87 3 187 26 128 33 116 151 57 152 95 15 121 56 136 4 74 46 45 37 20 166 5 117 77 122 105 157 160 167 70 13 30 108 137 12 159 175 118 89 155 114 161 97 190 69 200 9 126 1 192 177 158 148 96 170 37 81 87 17 111 185 73 
116 1 36 101 9 137 139 145 169 14 77 59 143 135 199 27 69 1 134 47 25 166 57 112 176 34 111 19 73 141 33 27 72 52 134 164 72 196 20 141 67 123 199 39 172 135 72 72 165 81 179 179 161 109 68 74 73 170 149 96 103 138 54 79 80 31 129 110 194 124 12 31 127 150 94 
58 145 26 143 27 54 160 158 61 194 166 84 118 15 176 90 25 99 139 55 39 106 68 196 68 20 35 137 191 43 161 167 133 196 69 164 177 7 88 39 19 46 74 134 51 185 110 71 65 123 68 187 117 56 194 101 143 75 34 53 154 14 58 112 150 84 195 5 74 62 133 130 100 198 92 
161 182 54 105 112 156 53 43 194 170 132 156 141 95 13 132 166 10 77 159 119 36 31 70 45 171 140 78 162 61 132 13 90 134 199 60 178 121 11 166 24 123 74 55 181 174 132 82 29 143 93 14 185 100 61 157 98 125 157 30 153 177 192 122 10 140 200 170 190 40 21 129 183 134 58 
32 23 48 23 134 14 73 122 17 13 143 82 137 164 103 118 37 146 83 72 6 9 18 188 77 138 15 158 113 35 163 23 137 114 12 99 106 100 167 129 53 103 163 5 65 147 50 159 102 83 164 192 151 129 84 139 76 170 37 20 107 166 179 23 62 156 159 158 89 136 112 190 169 46 111 
25 109 194 64 195 184 151 190 100 53 73 84 76 30 46 25 160 107 188 100 124 136 199 43 30 143 35 149 52 166 41 167 67 18 4 157 39 163 171 58 64 77 81 21 178 18 83 154 130 41 100 71 175 51 147 160 67 117 137 153 142 192 132 171 83 137 34 167 9 138 169 187 44 40 147 
34 7 112 144 25 156 184 27 47 194 137 40 95 149 128 61 38 177 98 182 51 122 105 116 118 52 60 150 150 169 46 35 36 70 43 77 122 167 43 70 200 61 131 37 98 190 14 30 148 178 79 104 182 164 195 94 191 177 120 19 117 69 127 56 91 27 94 65 36 5 97 59 138 162 108 
124 117 157 165 166 191 54 9 57 173 3 71 110 158 28 144 195 35 100 165 4 110 7 20 36 189 28 128 178 106 175 138 41 116 26 18 83 70 72 197 123 24 25 73 89 82 43 13 155 189 126 140 168 53 28 10 125 108 5 102 121 187 188 172 27 119 7 145 57 103 192 84 72 131 191 
173 199 110 110 117 73 84 117 150 9 130 144 13 49 41 94 154 187 165 80 1 151 6 56 55 161 55 41 16 184 186 180 64 199 122 15 185 131 193 24 112 106 60 162 179 110 157 137 181 155 194 174 43 85 90 116 126 30 120 37 197 81 125 89 70 138 182 87 141 137 149 124 111 195 181 
7 55 13 148 117 112 83 123 74 191 86 91 38 88 165 121 85 33 69 82 24 95 82 30 100 1 149 8 161 138 160 200 49 107 125 93 42 101 68 171 178 8 93 151 29 28 37 121 103 50 187 170 160 8 72 172 143 40 154 187 58 199 72 162 64 91 86 113 15 87 94 98 163 6 108 
120 113 6 200 2 159 49 132 28 94 99 182 105 85 124 3 56 75 117 154 121 120 46 25 188 6 22 38 178 92 69 77 79 58 157 84 52 105 160 5 130 148 150 125 61 66 90 84 151 41 122 67 4 28 191 63 65 99 65 107 115 116 85 62 107 1 131 93 78 113 160 106 52 146 13 
160 8 198 44 10 81 97 45 192 123 174 49 135 150 99 70 173 161 143 35 112 74 200 16 146 24 195 26 71 104 102 153 170 110 166 130 56 140 61 156 142 148 166 106 106 89 43 35 186 32 49 123 149 22 134 50 118 46 181 160 189 101 51 98 56 159 21 108 27 52 150 86 164 43 163 
174 143 147 44 73 1 124 165 51 25 140 49 102 103 101 156 65 26 60 118 31 195 49 159 128 18 114 27 143 88 52 111 150 83 126 76 86 139 58 54 8 121 67 3 161 132 161 199 135 155 134 86 110 196 62 160 114 145 140 29 90 41 75 56 113 90 90 64 74 156 155 167 120 168 4 
38 89 86 85 173 24 182 150 66 74 48 110 87 54 96 175 80 56 3 112 80 173 8 127 118 113 39 2 156 99 149 14 87 108 27 9 89 96 96 191 19 17 165 30 90 144 131 78 22 51 20 153 197 141 65 61 190 15 185 198 78 62 52 137 190 111 94 63 171 103 57 121 142 180 185 
149 103 181 135 52 150 65 197 67 76 149 128 57 188 177 164 5 80 104 44 151 55 149 29 59 78 92 184 183 199 30 77 189 120 123 79 43 118 63 174 12 63 127 132 144 111 2 96 113 91 120 95 101 154 132 24 76 99 28 91 97 19 98 61 15 200 56 110 125 88 4 138 146 18 126 
60 62 105 85 173 88 70 182 128 101 168 104 80 167 145 18 192 116 22 12 170 30 165 136 27 29 43 65 104 86 115 193 12 48 52 47 18 196 18 13 140 105 34 135 64 95 52 101 8 97 176 112 2 12 107 188 156 77 81 55 16 22 142 14 86 177 39 151 19 133 96 141 63 193 150 
72 59 150 144 158 100 160 87 21 107 15 76 125 125 81 177 164 1 188 85 16 169 10 45 160 134 13 145 59 143 81 26 112 163 164 189 119 186 138 50 146 86 53 165 77 175 48 40 149 10 169 139 124 8 163 162 198 197 162 135 107 107 57 71 6 13 48 124 189 5 154 71 56 65 73 
18 186 66 21 195 190 87 86 23 44 145 123 2 121 143 175 188 197 90 160 112 60 73 93 189 138 8 146 69 117 105 159 151 165 172 192 87 86 2 146 108 64 72 62 32 137 62 115 36 147 29 103 15 14 51 164 90 18 22 76 44 147 130 131 25 93 138 73 111 133 81 197 97 50 93 
189 67 129 88 137 44 138 26 7 131 108 187 66 114 115 101 27 164 153 102 170 149 65 196 96 97 105 9 42 40 24 118 19 136 106 158 147 68 188 125 15 26 130 86 81 56 29 96 98 76 60 22 184 162 20 16 69 40 198 106 89 89 61 180 154 156 162 190 135 96 18 164 104 47 75 
69 19 59 117 49 102 129 192 133 15 147 112 147 173 79 105 159 86 114 134 72 13 55 14 59 154 33 11 29 135 43 125 108 145 37 174 5 62 46 118 53 56 138 58 160 42 6 188 165 29 199 129 26 192 38 182 106 16 180 103 199 128 167 44 90 37 33 81 35 8 168 145 18 161 171 
127 36 67 47 103 46 186 181 30 169 20 156 103 108 9 139 28 28 93 176 182 199 66 71 77 196 50 194 4 161 53 185 195 167 10 61 18 41 157 37 75 149 105 21 139 63 105 174 183 133 168 152 139 8 24 28 12 77 7 166 66 91 180 141 39 85 117 192 11 134 60 10 95 176 8 
47 162 40 42 138 17 135 128 198 37 69 136 41 29 113 28 44 168 169 57 89 189 109 122 180 128 200 86 98 6 169 109 53 90 39 163 69 113 89 107 119 54 109 143 144 31 155 190 29 70 104 176 56 167 107 136 62 166 5 45 134 61 79 177 27 86 181 22 15 9 106 139 196 172 128 
65 54 155 28 78 188 60 62 29 25 51 146 14 196 165 61 7 141 63 42 85 72 45 56 168 45 44 40 62 16 54 48 105 181 175 35 2 178 155 102 27 109 167 129 11 114 200 159 3 102 106 50 96 119 177 76 128 92 133 94 195 96 166 5 50 76 161 4 115 171 192 98 61 167 171 
200 91 122 147 50 13 1 24 16 131 140 113 67 118 198 199 153 163 64 78 155 107 49 174 43 147 92 35 35 66 124 105 124 116 31 153 101 64 44 11 192 130 165 131 6 121 57 156 150 145 5 83 175 109 40 120 41 11 107 10 191 132 57 19 145 65 32 1 63 158 198 21 25 61 104 
92 200 62 135 187 84 185 189 52 173 75 142 6 47 135 84 165 162 84 36 157 36 5 40 7 99 122 38 104 16 124 101 156 46 98 99 56 135 9 54 137 31 93 134 124 111 141 165 139 120 155 86 52 17 155 44 45 182 89 86 25 173 183 115 18 87 150 105 148 38 169 31 20 34 116 
73 153 113 192 122 112 167 154 39 4 176 53 67 124 175 118 25 194 170 162 45 146 8 45 8 196 25 71 185 2 2 15 178 91 52 133 33 62 149 18 199 114 27 4 45 78 162 1 44 154 144 1 104 188 99 150 72 142 119 64 127 60 72 39 81 113 88 161 17 142 115 147 87 102 168 
104 186 49 115 195 70 49 50 8 171 163 88 64 162 199 19 198 170 173 60 152 90 18 91 112 155 1 81 170 199 168 199 2 1 77 93 172 73 194 147 197 148 96 118 101 164 199 144 51 89 89 87 57 29 120 74 10 97 139 78 2 45 26 101 155 42 47 62 6 164 47 155 179 198 30 
169 163 149 84 10 29 99 59 140 87 118 122 51 190 200 164 175 164 54 163 104 24 13 163 92 111 110 12 107 88 57 91 121 112 196 196 199 48 28 33 194 60 157 48 69 123 150 3 119 171 111 62 195 102 121 190 67 22 197 171 75 127 68 18 198 188 108 123 114 1 198 76 74 11 110 
121 160 66 62 156 138 39 167 69 21 163 103 69 155 40 157 191 123 71 78 15 46 67 15 58 49 4 161 133 156 161 29 137 29 161 197 111 200 128 97 37 130 187 9 162 105 105 100 107 73 46 147 79 152 43 121 134 145 157 150 126 164 60 169 39 167 136 169 114 117 51 8 117 44 19 
85 46 98 172 56 1 116 110 175 151 122 67 15 110 145 113 181 105 88 147 6 13 39 168 141 148 35 150 163 127 195 123 190 195 32 45 110 112 143 49 29 70 189 39 127 96 7 71 120 125 83 55 100 58 29 115 44 70 107 148 83 99 170 83 73 46 76 199 174 133 55 108 55 194 54 
7 131 98 19 83 112 68 179 165 92 142 118 34 64 155 82 142 126 183 133 198 197 107 20 67 72 99 66 84 103 36 193 170 194 126 122 77 45 30 12 34 20 176 151 61 126 29 4 82 40 39 14 30 60 119 79 42 129 164 129 67 169 39 57 105 11 21 109 191 195 99 138 47 171 118 
179 124 50 67 37 191 80 43 64 32 21 76 97 132 55 128 152 47 144 84 30 6 6 180 33 134 27 45 73 6 49 13 2 80 34 164 70 77 187 85 164 190 187 148 48 173 196 73 99 54 83 98 125 91 118 195 103 52 97 175 175 68 55 38 37 124 26 36 198 185 81 114 147 118 181 
174 182 110 86 160 20 73 198 103 115 7 81 107 29 190 50 118 44 115 15 82 182 72 172 77 181 152 154 43 65 21 111 15 53 143 142 43 130 5 52 109 197 80 153 99 64 109 18 51 53 99 57 181 100 56 84 123 158 106 82 3 190 39 30 62 102 99 30 37 179 25 161 58 166 6 
75 39 164 30 184 40 20 116 59 110 149 117 73 107 176 171 126 27 73 124 183 114 156 41 75 18 61 146 56 179 115 177 45 135 109 23 160 179 133 8 15 172 165 157 70 35 157 131 128 3 167 199 46 144 157 39 85 5 6 35 99 17 198 75 197 41 87 162 101 126 193 29 193 72 147 
