125 4
0
1
1 26 198 -370
2 54 89 588
3 71 136 1159
4 107 160 1067
5 113 63 365
6 117 152 -187
7 148 184 -220
8 167 87 341
9 218 141 500
10 310 151 1216
11 314 152 314
12 344 83 178
13 362 115 132
14 370 40 450
15 438 59 556
16 468 13 494
17 589 19 589
18 610 80 1250
19 616 60 976
20 621 159 1893
21 646 187 1394
22 674 52 882
23 682 26 786
24 724 199 326
25 762 8 826
26 834 102 1446
27 890 199 1686
28 891 112 891
29 910 12 958
30 930 162 606
31 941 192 1325
32 946 20 1026
33 965 165 2285
34 984 116 1216
35 1065 178 1421
36 1068 31 1130
37 1071 71 1071
38 1097 25 1247
39 1209 77 1363
40 1277 35 1417
41 1280 11 1302
42 1286 16 1382
43 1323 78 1947
44 1356 44 1444
45 1370 100 2170
46 1386 168 2730
47 1460 172 1116
48 1470 8 1454
49 1477 143 1191
50 1498 79 1814
51 1517 37 1443
52 1523 150 1823
53 1534 191 2298
54 1608 200 2808
55 1649 181 1649
56 1657 64 1529
57 1690 20 1650
58 1715 63 1967
59 1740 180 1380
60 1741 25 1841
61 1759 35 1899
62 1759 100 2159
63 1790 196 2574
64 1790 149 1790
65 1865 115 2555
66 1918 89 2630
67 1998 11 2020
68 2023 117 2725
69 2043 184 1675
70 2049 146 2341
71 2091 79 2723
72 2112 118 3056
73 2115 115 1885
74 2169 197 2957
75 2177 158 1861
76 2179 139 3013
77 2214 137 2488
78 2222 123 2714
79 2241 116 2705
80 2247 128 2503
81 2261 147 2849
82 2299 1 2305
83 2300 97 2300
84 2338 160 3618
85 2366 185 2366
86 2396 195 2786
87 2436 129 3210
88 2466 15 2496
89 2485 79 2643
90 2537 172 2881
91 2543 35 2753
92 2552 54 2876
93 2575 29 2575
94 2593 170 3273
95 2662 156 3910
96 2665 1 2673
97 2667 131 2667
98 2713 190 3473
99 2782 175 3832
100 2803 197 3985
101 2817 48 3105
102 2923 125 3173
103 2958 180 4038
104 2993 174 2645
105 3014 152 3622
106 3021 121 3747
107 3056 36 3128
108 3076 175 4126
109 3092 141 3656
110 3107 182 3835
111 3136 179 2778
112 3227 187 3975
113 3281 144 4433
114 3300 182 4028
115 3491 97 3491
116 3504 41 3586
117 3581 73 3435
118 3600 28 3712
119 3623 178 4335
120 3634 72 3634
121 3638 191 4402
122 3655 85 4165
123 3659 41 3659
124 3701 25 3651
125 3717 125 4217
114 131 119 9 9 164 156 98 45 160 3 145 68 177 23 15 115 179 47 64 187 169 101 117 182 37 192 117 41 68 121 152 66 26 34 199 51 30 145 165 200 30 195 163 50 96 109 113 166 187 34 61 199 130 147 182 52 32 130 20 27 84 110 171 109 57 170 130 121 110 112 130 46 65 118 103 28 12 163 161 89 139 162 136 40 28 52 65 179 43 87 178 64 80 100 161 20 63 71 189 154 195 60 75 92 83 100 154 54 95 62 7 172 56 69 139 154 21 13 13 181 71 197 143 154 
31 150 174 157 18 129 96 97 46 195 5 186 134 80 19 161 180 120 145 181 58 195 54 141 134 71 68 166 135 12 16 200 96 164 173 156 41 99 85 151 114 96 88 37 42 39 120 100 26 144 1 149 28 17 184 8 185 138 156 141 19 23 103 25 187 31 73 128 114 80 76 147 167 20 93 136 46 100 60 158 200 103 75 127 16 142 146 88 4 160 129 41 119 41 171 134 6 68 123 30 7 45 41 85 106 121 57 86 102 44 115 113 185 40 85 21 176 58 50 20 90 149 110 103 80 
121 176 29 127 91 132 120 149 129 86 180 168 74 47 6 3 108 83 44 166 89 13 152 13 45 84 113 69 21 118 44 129 5 195 72 36 190 103 176 180 68 172 120 95 122 190 128 1 179 94 193 33 25 106 138 26 96 89 83 133 50 8 19 41 121 67 185 28 176 7 138 128 66 10 31 149 89 97 37 139 4 48 55 48 177 52 187 155 132 169 127 188 125 158 4 67 86 26 195 150 51 82 178 43 185 172 159 9 16 155 15 40 31 101 51 140 8 24 123 173 24 83 123 57 36 
72 61 70 23 132 153 17 159 128 89 135 28 88 163 6 187 142 7 104 2 6 137 104 197 173 31 134 178 66 128 22 190 138 41 49 90 32 57 4 110 162 163 96 35 56 111 2 52 44 187 182 178 156 158 47 59 60 180 28 40 168 153 64 184 191 144 140 183 10 140 174 87 147 199 47 199 119 180 4 141 125 20 82 133 177 16 106 6 143 63 57 104 111 74 131 82 190 149 129 189 97 76 114 121 170 45 24 118 68 141 115 90 188 5 8 49 30 124 153 160 66 40 56 130 84 
104 161 1 74 81 102 93 97 127 192 31 93 99 118 145 172 134 63 38 140 139 147 58 1 30 141 20 140 192 76 88 68 192 147 99 109 93 79 163 10 23 164 157 41 10 136 136 157 191 121 150 94 1 134 151 153 168 3 173 49 151 192 183 48 104 182 118 178 123 145 53 168 199 34 26 38 143 99 102 7 36 171 61 146 81 58 90 143 19 29 87 155 45 61 80 111 115 97 118 16 23 16 151 5 192 22 91 115 104 43 87 103 163 179 79 172 141 134 149 16 177 104 94 122 3 
155 172 194 110 64 194 13 2 112 61 136 82 95 153 116 195 2 23 85 152 1 102 103 8 73 33 149 137 178 171 112 167 3 2 122 87 140 158 171 182 13 62 147 173 129 135 196 65 164 167 92 159 93 194 124 6 25 157 43 133 179 134 110 6 116 1 35 168 127 123 27 75 97 182 103 36 85 186 174 164 123 85 166 155 84 140 169 1 28 169 150 105 89 183 162 168 19 194 179 179 122 191 187 114 169 143 8 156 81 62 23 115 146 112 2 163 36 14 73 123 182 24 124 185 150 
196 34 82 5 176 141 79 41 78 13 15 160 92 138 183 46 115 47 96 70 81 138 35 191 190 165 146 124 45 11 55 158 196 184 93 99 73 88 13 71 69 158 65 67 173 135 46 92 49 111 10 135 135 193 130 95 41 98 128 79 131 96 176 37 29 117 103 65 60 161 65 169 187 182 12 79 71 101 190 57 149 3 101 8 131 107 185 146 35 168 148 142 25 96 94 111 6 3 58 171 153 32 15 93 165 11 94 113 60 55 121 41 189 153 146 192 124 74 105 6 17 187 46 98 136 
60 103 198 194 198 140 49 113 186 36 56 86 149 145 189 71 181 174 44 163 159 126 167 175 170 123 97 124 38 161 180 85 176 197 80 33 66 143 131 134 112 117 24 113 155 57 2 22 190 47 44 127 131 139 174 143 60 101 122 171 133 8 176 18 63 51 91 134 123 175 153 35 42 58 182 167 31 76 93 3 196 71 80 195 155 147 72 90 20 75 82 73 169 56 31 14 46 179 5 9 187 191 119 21 67 23 170 13 169 199 44 23 126 133 161 185 132 47 116 53 8 76 130 13 23 
199 174 68 92 120 39 86 33 88 188 38 45 163 199 58 54 27 96 39 165 136 99 189 8 13 36 179 27 174 8 22 53 187 86 108 48 60 38 116 116 95 64 71 49 94 156 76 66 173 155 11 166 142 129 2 197 161 19 64 36 24 102 112 35 200 83 28 174 169 183 176 112 36 134 131 17 75 90 190 99 193 185 142 110 2 140 188 47 174 158 158 22 9 37 69 158 84 126 124 29 21 155 152 27 139 153 135 22 139 76 55 142 48 116 112 22 118 157 197 70 117 122 47 8 10 
82 197 4 130 80 29 132 198 157 12 200 88 59 146 181 99 190 62 2 143 183 8 155 166 190 1 170 75 87 179 69 162 72 195 51 89 64 141 11 186 166 57 12 56 68 156 169 79 82 175 43 125 81 111 33 37 159 179 7 58 51 36 8 57 17 129 9 164 5 158 29 89 178 154 38 115 24 73 81 135 24 161 3 54 76 27 14 30 195 87 33 66 58 103 76 143 131 55 200 22 158 134 1 147 78 21 69 53 68 78 2 75 184 141 190 7 80 87 20 117 126 26 37 187 12 
179 80 173 132 191 48 198 51 166 23 198 179 11 142 80 195 23 70 136 146 95 101 8 160 85 82 9 125 128 178 190 7 74 5 160 192 140 128 71 190 143 197 36 130 187 8 186 89 84 127 70 175 113 28 33 156 104 71 190 149 120 57 101 158 42 48 78 193 73 129 132 113 97 99 29 162 25 178 132 81 126 20 53 175 124 121 65 123 171 56 170 30 176 125 164 127 87 124 18 196 31 177 198 88 86 89 47 155 46 144 185 109 78 127 184 130 200 60 143 127 82 131 100 22 98 
16 118 110 183 65 46 71 45 17 178 79 111 31 55 125 154 30 111 1 116 120 160 50 154 163 82 136 7 102 2 94 8 129 184 151 137 41 144 89 94 51 25 13 38 188 72 187 108 169 67 179 183 195 2 191 13 80 102 199 99 93 102 104 100 167 193 191 112 109 170 192 76 194 167 150 194 77 6 27 35 47 151 167 144 3 34 46 168 80 41 74 189 117 104 54 60 140 179 165 76 161 101 8 67 164 194 199 47 86 135 96 44 9 184 78 43 169 126 86 80 89 28 97 181 33 
158 1 183 147 107 11 18 21 1 140 183 171 24 196 20 127 184 131 72 189 184 188 160 161 148 126 156 140 116 120 69 91 61 44 39 24 64 150 7 106 10 63 138 192 36 108 142 99 99 28 192 166 69 113 112 115 177 95 177 116 188 53 186 176 179 46 165 109 92 123 81 169 156 93 54 79 60 22 144 58 127 142 84 112 145 19 99 93 178 45 162 119 58 159 102 115 94 136 159 161 18 63 105 23 53 151 110 194 96 162 159 34 137 136 53 140 8 31 42 112 137 99 65 122 33 
96 113 77 190 98 158 151 25 86 81 184 182 178 117 183 107 7 183 99 155 76 29 149 116 14 198 99 145 72 29 38 67 104 153 91 42 146 139 165 68 2 53 178 141 174 195 63 49 94 99 120 120 195 154 164 87 148 89 36 143 126 53 23 110 44 82 141 72 162 121 100 2 152 80 37 160 83 180 24 86 125 37 12 122 184 161 120 192 134 11 10 135 86 43 151 23 63 110 114 41 76 75 71 13 52 187 181 176 106 117 92 31 68 126 24 106 178 145 5 163 37 113 145 28 124 
81 119 144 112 76 170 100 12 189 197 197 78 161 192 68 29 17 80 20 8 42 77 144 66 51 38 1 195 22 190 162 200 155 114 30 30 32 174 131 158 73 69 54 185 87 158 132 159 45 21 69 193 200 104 126 199 79 8 64 138 48 11 162 21 113 94 94 178 27 63 1 170 90 77 105 25 115 111 104 115 66 43 171 5 167 180 196 21 85 52 142 122 191 21 31 46 116 71 34 62 2 11 160 108 165 177 43 141 15 130 12 175 52 13 11 196 77 174 17 70 63 11 34 177 98 
129 13 42 146 150 102 172 107 165 44 47 56 30 102 53 151 27 62 14 117 188 57 117 181 138 2 134 76 5 45 8 133 52 176 144 58 145 112 11 72 15 129 95 3 80 107 8 153 73 60 145 185 191 12 159 193 114 41 180 188 166 129 48 31 78 150 152 13 132 43 198 132 166 75 125 147 7 48 98 62 55 12 136 159 59 190 199 43 135 89 145 49 174 85 185 15 99 63 3 91 92 92 58 180 85 174 76 198 126 128 29 111 174 170 18 25 36 146 36 43 93 150 167 75 110 
90 7 187 115 94 122 114 88 199 127 111 72 78 48 21 85 131 80 125 128 126 55 92 76 67 183 196 119 75 47 141 150 45 59 93 44 184 60 61 104 129 44 22 98 140 65 10 71 46 22 194 3 162 151 180 176 98 118 124 95 156 189 108 193 166 200 163 70 53 101 28 64 144 15 5 84 159 24 156 110 139 6 27 133 17 135 166 34 165 2 34 34 198 144 41 120 183 46 133 181 60 66 76 86 74 98 189 3 195 48 116 144 198 132 99 28 166 29 6 174 72 65 43 180 193 
183 13 43 160 12 151 84 118 28 94 170 91 194 59 192 195 34 154 140 127 194 111 172 93 62 198 142 78 24 82 175 9 155 102 80 175 160 62 183 7 127 147 114 49 14 132 31 89 60 162 101 182 106 98 57 168 83 25 125 17 5 19 136 15 20 193 39 36 193 24 21 58 54 38 118 146 20 61 134 42 103 52 69 20 187 79 18 130 154 8 59 63 115 81 155 100 194 110 50 153 164 56 75 113 63 105 167 128 111 82 112 183 6 76 84 42 30 89 167 198 59 161 154 94 136 
126 120 53 81 139 31 101 113 85 64 107 185 122 9 42 157 124 114 61 66 158 65 150 97 4 25 174 169 155 80 26 41 59 67 117 147 110 135 134 121 178 124 93 115 167 83 40 194 154 177 96 191 185 30 14 195 38 150 143 49 88 135 78 78 181 65 31 113 163 142 195 175 40 194 184 156 79 57 24 198 98 80 80 17 6 36 166 11 127 61 33 116 89 187 76 154 189 73 52 120 3 136 171 87 148 149 127 71 48 29 175 143 200 196 72 79 121 159 117 39 152 39 187 52 46 
194 174 169 185 93 110 113 23 52 66 97 33 105 112 18 163 55 70 85 18 174 124 49 86 131 191 5 15 92 167 168 115 195 88 173 69 145 109 194 154 103 190 163 16 8 134 179 176 102 19 125 118 173 118 76 4 72 103 65 138 133 32 158 175 31 133 49 123 176 109 47 133 40 107 31 124 175 1 39 120 129 54 191 70 15 61 147 190 127 40 161 137 115 151 87 119 178 165 64 94 18 72 85 30 138 42 123 50 117 194 138 164 95 179 17 179 111 115 107 178 199 94 77 129 184 
52 12 131 166 119 12 185 91 76 11 41 199 42 199 112 15 171 151 145 184 194 198 157 192 137 138 198 170 191 91 193 85 41 149 63 45 119 96 101 155 130 16 115 130 46 129 158 197 20 150 64 67 171 146 59 75 45 15 21 128 50 23 159 189 169 8 138 143 164 25 134 142 120 10 150 138 142 151 41 29 23 150 35 71 41 147 80 101 140 100 54 15 198 99 74 75 79 4 107 19 92 71 98 179 194 43 16 29 143 124 120 132 34 90 155 134 196 91 93 86 47 90 64 25 76 
88 11 151 179 82 36 145 153 99 23 30 102 30 161 41 17 182 111 56 121 91 44 162 150 48 160 148 146 157 2 18 12 86 72 189 11 165 32 95 153 185 169 150 65 169 31 88 142 192 127 16 1 91 161 101 112 175 198 181 129 109 33 174 32 178 162 68 128 148 119 95 106 91 25 9 35 108 17 29 128 19 195 150 84 10 66 23 35 143 24 81 129 68 128 74 21 16 154 85 84 6 198 68 6 33 177 170 168 58 171 45 85 57 120 136 67 104 150 167 183 29 191 125 187 53 
159 105 135 92 37 30 106 83 66 26 74 96 26 41 180 87 111 50 151 76 28 81 107 146 106 8 2 191 74 81 188 1 186 94 82 6 184 9 158 95 171 2 135 44 11 200 106 21 153 115 55 136 108 194 11 125 141 98 62 4 199 147 187 42 136 140 185 99 127 143 84 9 92 154 128 21 162 30 13 155 2 157 129 157 120 124 179 79 118 156 23 85 129 117 145 19 160 14 185 71 60 142 52 127 68 148 179 27 136 183 4 188 107 153 170 175 30 74 195 5 135 194 171 53 23 
34 136 102 156 23 29 177 38 42 188 7 186 134 79 81 119 134 181 147 72 195 158 35 151 10 73 172 39 178 9 113 8 177 187 56 157 127 68 195 159 196 51 38 5 126 118 15 82 51 21 133 154 109 11 83 197 46 113 100 103 50 188 178 133 196 59 112 146 45 32 29 144 58 106 183 141 143 169 38 51 68 16 20 131 51 178 121 3 139 187 162 76 85 84 123 181 118 79 90 75 183 1 128 157 176 114 91 197 8 91 95 95 175 110 172 87 22 186 154 31 134 185 14 191 128 
90 195 116 170 31 45 92 183 81 38 60 30 114 136 101 148 78 2 154 89 39 61 84 123 176 163 133 8 191 8 144 118 166 63 142 89 104 189 157 27 159 74 75 83 7 199 106 39 18 131 52 186 163 174 122 155 82 61 132 8 156 163 152 103 1 63 53 162 38 75 124 94 89 118 85 122 24 66 117 39 123 3 192 136 58 27 4 7 19 54 117 185 139 87 134 167 1 195 113 152 28 41 1 90 117 165 37 137 54 177 19 57 4 190 196 3 29 18 180 87 139 58 83 72 74 
53 152 132 28 103 127 34 169 94 109 32 159 103 36 91 65 107 57 184 28 78 119 168 172 2 155 121 142 14 63 158 61 166 177 178 104 133 175 150 46 82 21 156 167 184 30 38 38 110 156 189 3 199 131 152 27 102 77 55 41 39 141 190 154 94 65 18 79 39 13 153 184 76 43 30 136 17 28 169 7 124 128 153 155 46 34 118 3 65 196 54 192 125 101 48 178 31 69 36 55 135 91 48 38 10 166 120 57 171 27 142 173 99 27 155 115 123 134 27 65 175 135 166 65 83 
115 142 20 149 80 178 181 127 64 189 119 98 143 46 199 181 99 62 91 13 126 185 65 56 1 37 73 38 194 68 168 179 92 124 193 76 23 124 64 46 69 35 91 180 157 145 183 93 7 102 122 103 188 27 42 8 177 88 53 72 38 160 64 161 52 194 13 9 126 194 44 105 90 176 147 191 193 186 175 39 89 118 33 103 129 77 157 94 24 61 20 185 55 108 155 7 101 164 196 106 25 120 101 52 16 197 32 167 105 112 57 47 18 48 35 72 114 131 48 65 6 77 70 122 191 
164 75 23 42 161 77 96 102 84 18 134 161 144 87 34 150 69 130 1 158 144 55 34 15 50 113 157 43 149 161 68 18 162 156 189 124 96 92 67 5 103 107 105 100 15 191 144 10 157 3 71 136 76 125 188 160 143 177 174 150 72 143 163 60 152 31 128 67 154 136 101 163 189 186 89 96 91 173 69 7 125 43 153 93 38 123 175 87 60 190 164 152 114 178 15 9 11 163 41 188 144 23 186 167 192 168 117 131 132 170 60 163 145 75 89 198 190 119 151 99 28 122 159 153 160 
35 75 99 31 75 107 76 104 107 63 65 85 138 118 98 192 157 136 92 59 154 86 171 54 82 20 57 81 3 94 159 98 81 127 89 18 44 115 59 136 35 199 37 185 136 190 22 44 54 133 121 30 70 109 98 50 172 100 44 181 121 125 15 158 57 39 86 111 146 4 64 125 90 157 191 133 120 167 157 130 148 15 194 102 150 53 92 58 89 67 164 61 176 57 118 189 131 3 155 190 153 10 100 170 11 91 110 83 72 158 116 105 34 36 67 21 128 177 88 11 111 146 87 50 155 
24 191 180 187 146 170 128 132 91 21 139 26 18 25 160 89 26 189 21 25 106 185 114 157 127 187 136 120 129 94 73 147 162 157 93 50 43 127 114 127 139 148 197 87 146 87 141 193 49 34 93 178 165 136 179 194 12 44 169 79 14 41 34 82 186 10 160 24 82 69 24 41 83 174 80 87 50 72 199 48 51 70 77 128 66 144 133 64 6 3 44 21 33 95 16 53 8 181 93 126 137 86 42 158 100 87 154 32 20 53 36 66 1 80 77 144 198 139 117 44 134 7 93 193 94 
66 21 197 150 87 177 184 110 83 53 157 40 193 169 31 67 105 148 79 68 32 37 199 134 57 164 193 69 13 23 86 101 78 47 199 132 90 182 191 128 18 106 129 15 93 81 61 71 3 79 55 77 39 131 130 158 12 59 158 180 127 173 20 40 77 10 161 145 15 107 126 49 129 103 130 136 70 18 52 110 124 103 5 29 60 110 49 156 56 36 58 34 134 200 51 126 47 183 47 154 177 55 176 84 48 60 24 104 103 52 77 147 165 187 8 30 12 129 176 51 11 131 70 154 8 
65 77 195 179 11 171 196 44 69 50 121 139 15 161 151 55 83 171 176 25 84 62 1 181 141 4 196 129 137 149 80 135 182 68 25 187 50 135 55 18 66 66 112 72 111 187 48 188 184 52 92 57 59 189 147 141 53 105 160 174 88 14 174 190 42 2 153 11 47 6 126 10 89 102 26 75 46 86 181 50 132 135 21 141 146 123 111 51 1 14 23 111 97 125 103 185 159 28 192 123 189 161 200 146 194 118 113 119 14 158 86 94 65 10 128 106 173 59 90 108 37 32 189 101 126 
102 118 120 106 166 110 145 35 37 57 177 150 104 1 128 85 197 75 46 58 134 136 75 124 140 187 34 19 91 30 110 120 64 48 95 93 125 65 193 186 131 86 73 98 167 114 52 118 182 186 153 176 109 48 88 68 23 171 16 142 120 48 87 69 115 171 160 57 199 16 82 57 147 37 68 126 90 107 69 115 184 56 161 142 71 104 73 131 91 51 195 161 115 130 100 116 66 1 6 46 131 188 34 171 147 63 14 113 76 48 175 184 178 67 198 197 136 178 120 14 68 119 32 81 155 
145 28 60 178 36 93 90 127 168 194 155 165 76 11 23 129 191 7 196 187 12 58 79 108 102 89 65 55 75 125 113 79 118 5 143 185 183 176 10 82 40 53 164 187 103 118 71 40 10 144 59 116 89 29 76 119 190 16 139 10 39 15 90 119 47 132 166 189 104 58 16 71 76 34 59 113 74 30 8 33 28 7 15 62 15 38 135 80 147 180 141 159 98 60 68 68 194 108 189 57 87 86 87 63 30 157 7 70 70 5 153 176 46 22 70 153 127 147 92 20 45 108 122 123 74 
138 89 137 199 109 90 132 82 141 6 114 144 110 14 132 98 137 109 58 60 75 113 193 118 50 54 14 181 26 72 32 146 164 39 182 64 26 75 143 144 28 99 198 157 89 41 180 89 87 122 36 66 197 107 67 50 179 125 163 190 147 90 1 194 196 140 34 130 59 50 14 168 188 124 188 92 58 98 69 47 107 45 24 185 154 66 27 184 24 138 157 153 92 123 165 197 142 156 69 176 148 160 33 70 97 146 169 58 54 46 27 10 80 134 174 12 23 11 3 138 25 46 193 3 60 
126 61 102 148 53 26 14 46 60 120 16 100 111 29 37 175 7 106 130 12 159 51 140 10 125 116 135 27 148 76 19 106 145 182 195 196 139 34 148 44 34 12 115 37 126 122 180 118 83 113 148 82 48 6 156 151 178 195 50 1 84 121 31 140 12 162 109 164 198 57 117 163 33 9 110 172 125 175 170 102 111 120 175 146 102 110 72 17 153 164 44 27 26 31 84 190 114 185 39 194 151 65 72 39 14 82 60 70 146 109 65 14 98 181 131 112 14 129 145 11 9 155 73 135 135 
61 22 97 96 45 110 153 2 138 90 81 191 15 76 50 64 137 1 85 164 11 123 1 6 65 87 131 65 51 100 32 10 80 94 17 76 85 16 63 53 169 65 194 49 115 104 86 37 5 160 95 102 17 56 137 79 87 83 191 78 25 28 57 11 182 95 88 104 155 70 15 112 69 94 179 96 18 170 176 84 36 152 23 122 7 30 97 141 73 110 102 115 122 36 63 166 175 100 38 82 67 7 115 44 6 117 120 195 132 85 40 141 87 32 28 85 10 140 47 49 69 20 54 88 150 
148 122 72 24 107 94 159 199 190 87 199 83 132 62 158 114 49 35 6 125 20 144 64 112 44 40 104 137 107 183 87 113 10 10 124 17 72 9 178 11 47 5 16 53 95 193 125 137 155 153 130 180 139 52 38 152 73 31 70 144 169 102 82 105 141 197 128 9 31 31 144 145 111 106 159 7 133 160 130 182 31 26 185 105 72 58 157 52 194 149 110 133 148 9 94 46 57 143 168 80 106 112 85 169 143 119 59 175 85 27 70 4 88 102 50 52 112 135 182 55 57 156 123 116 4 
19 54 20 29 11 123 6 36 87 116 192 134 54 46 67 166 172 153 185 143 192 66 108 174 132 41 77 9 5 140 170 156 86 117 47 143 169 190 33 179 113 63 39 41 24 196 125 41 33 69 182 61 72 5 30 130 86 151 107 57 91 146 172 84 52 181 59 149 10 144 129 79 93 84 140 125 131 130 66 44 177 78 146 79 27 101 149 177 114 40 122 34 60 123 127 81 16 152 52 184 181 169 71 36 27 26 189 44 65 153 59 164 16 177 183 49 83 190 26 141 44 23 167 31 70 
162 26 41 3 8 163 106 14 178 121 9 176 159 9 153 92 100 95 24 186 98 167 156 184 17 41 29 45 160 178 82 175 21 17 41 200 52 56 29 10 58 120 164 38 112 181 97 50 165 5 173 111 52 106 88 2 67 182 27 84 164 75 144 33 75 74 12 58 109 13 95 39 180 38 93 163 24 129 146 197 14 10 190 187 160 12 56 69 97 96 72 182 127 66 186 121 153 129 100 138 20 157 128 136 12 38 180 20 27 135 105 111 165 115 122 119 177 199 104 112 112 33 21 176 82 
67 62 189 140 200 60 72 163 34 188 158 106 67 45 55 42 117 156 5 192 14 58 90 79 190 142 39 188 164 194 62 89 23 45 18 154 32 68 162 102 155 82 52 12 200 26 183 200 130 16 146 73 159 180 172 123 102 77 200 24 132 149 27 142 32 182 117 168 120 66 183 113 158 3 75 6 122 45 190 174 53 61 24 93 48 41 156 195 150 177 95 11 111 118 69 38 21 176 166 196 133 174 99 145 2 94 68 140 81 160 12 136 9 122 103 161 142 98 112 116 36 182 62 68 88 
178 99 14 34 127 152 89 186 117 118 9 96 104 42 82 18 150 115 70 199 150 186 166 164 12 134 172 167 59 140 5 119 195 138 13 82 98 150 50 50 66 143 49 23 98 86 101 76 155 42 19 157 163 130 82 69 176 21 105 63 61 77 33 167 172 182 191 140 3 163 100 4 195 178 56 142 84 50 81 195 102 137 184 46 34 64 132 148 96 152 15 11 159 45 135 163 189 151 70 7 197 114 118 200 112 194 145 46 21 40 25 45 53 46 103 69 24 55 83 65 155 150 73 175 45 
134 133 12 131 46 151 56 179 175 163 78 131 105 46 139 41 1 92 28 36 166 193 174 139 100 125 172 170 18 173 72 131 90 98 84 156 132 67 84 48 181 113 54 126 151 33 128 189 10 113 150 61 83 154 82 24 43 189 135 151 170 102 48 199 185 106 188 86 24 98 189 64 47 196 33 53 200 39 115 37 94 168 142 153 39 174 184 86 104 200 65 63 84 90 93 179 41 42 99 112 86 44 140 187 59 79 53 178 181 129 200 80 113 17 14 137 165 143 109 21 78 15 55 127 41 
89 116 147 91 122 26 133 142 88 83 182 128 152 173 19 162 133 81 164 15 53 93 32 130 134 123 170 39 94 8 35 104 89 108 112 110 71 145 55 48 64 156 39 152 147 162 111 56 140 12 199 183 156 176 10 42 173 183 104 71 113 129 161 173 167 113 145 112 87 44 155 14 188 141 57 178 37 137 167 84 110 159 3 8 40 54 25 147 3 115 179 190 141 9 103 85 59 71 7 107 42 27 142 75 188 31 100 77 143 76 121 9 173 145 173 79 125 78 115 26 33 93 4 157 85 
50 88 185 41 176 132 161 58 192 54 115 139 79 198 182 151 118 86 7 8 33 119 109 139 49 92 57 111 35 82 93 165 38 139 138 139 108 183 14 2 7 115 184 164 160 49 79 14 189 45 66 132 81 99 21 158 117 154 148 31 75 30 2 174 31 62 164 129 51 166 110 45 18 187 113 71 123 144 199 90 52 199 163 168 50 82 76 36 194 99 127 195 157 95 116 63 177 108 105 149 60 31 32 161 18 113 149 91 47 1 196 157 26 55 63 35 120 189 89 143 87 73 101 56 137 
196 136 37 166 122 107 162 123 30 154 162 30 35 170 7 96 129 13 8 198 151 194 6 98 116 144 167 7 32 118 100 196 66 187 92 117 24 162 107 169 170 141 5 159 182 108 165 120 199 105 169 60 142 61 101 20 166 132 125 24 19 58 116 114 69 61 119 178 168 153 7 126 19 148 165 127 77 31 22 125 107 101 162 27 26 161 24 37 36 85 42 151 44 135 100 170 191 23 76 192 48 176 138 170 60 91 86 49 134 33 19 76 104 12 136 135 21 185 154 169 21 37 144 61 72 
49 71 70 84 14 76 16 147 42 73 144 187 110 187 64 165 148 98 146 196 197 49 164 96 126 167 90 81 80 157 184 103 21 65 39 95 29 149 181 168 159 161 37 129 5 47 42 5 17 82 197 32 197 129 121 157 37 68 71 200 165 73 150 77 38 82 84 117 37 105 150 61 195 180 189 75 117 75 184 128 148 139 62 63 126 89 46 59 17 4 87 166 104 91 147 100 146 131 152 123 150 44 167 159 106 26 25 43 97 115 183 130 53 51 74 5 166 74 45 142 136 197 198 143 130 
46 178 153 77 29 160 110 124 4 141 91 8 189 32 20 176 120 175 78 94 40 91 119 148 165 83 118 45 140 157 17 173 174 142 108 20 23 27 196 188 148 51 16 71 106 186 137 83 197 140 83 143 65 7 14 21 193 32 25 189 148 123 18 84 40 106 105 67 98 142 75 42 191 166 31 171 123 190 100 4 126 66 1 6 190 54 122 32 160 78 171 154 191 118 74 153 100 9 121 144 111 42 38 130 90 98 96 80 75 2 196 157 103 173 39 189 160 134 22 112 191 52 147 134 166 
149 155 14 156 21 119 15 4 105 115 38 6 158 17 193 164 73 32 65 154 80 187 6 162 64 89 58 189 196 158 194 132 107 149 8 131 12 20 186 132 164 13 96 157 110 49 153 182 131 36 68 28 136 68 111 50 171 148 34 122 40 92 54 179 38 48 113 130 56 30 57 25 187 154 49 58 67 97 29 110 140 156 131 72 187 132 60 173 80 47 192 61 94 99 28 148 2 111 81 35 62 79 72 30 85 189 175 102 51 80 155 167 67 114 194 121 98 7 162 146 101 119 84 178 167 
140 100 69 66 127 182 59 178 135 45 181 8 24 90 172 56 9 193 81 124 61 168 24 9 109 5 55 38 159 162 8 45 35 21 92 137 19 81 79 187 2 140 83 144 178 141 104 142 168 40 159 121 135 194 77 180 127 155 171 79 30 28 182 53 120 112 82 37 107 10 64 8 75 102 88 163 29 144 71 164 195 200 191 11 126 192 82 123 93 4 43 167 180 28 32 108 135 136 153 69 64 38 60 69 5 117 92 90 101 19 53 50 75 86 177 142 61 38 67 117 1 65 76 114 125 
124 184 127 153 155 145 53 75 110 113 41 142 142 15 118 162 2 101 137 179 93 6 181 12 65 108 200 100 78 162 145 18 61 63 183 196 67 163 43 188 36 154 82 8 47 93 117 95 30 141 156 112 194 5 78 6 106 28 126 67 70 31 108 33 65 179 84 181 22 67 180 58 93 146 45 73 79 98 182 97 50 123 45 126 126 116 9 96 162 103 168 151 72 190 27 99 37 65 117 90 184 165 190 22 157 149 85 70 119 188 24 38 172 143 49 116 50 190 169 118 59 35 179 198 108 
178 196 70 34 19 93 133 54 134 87 40 66 153 71 143 145 114 137 2 84 190 185 15 93 95 138 130 90 78 138 116 175 139 106 62 22 72 56 125 43 129 122 53 46 120 112 14 153 160 196 187 162 121 149 98 79 130 7 85 81 71 142 111 44 15 184 105 11 114 194 93 193 131 7 80 100 17 189 102 199 23 138 119 69 1 51 186 16 28 143 80 54 124 113 52 41 147 19 183 61 107 81 147 56 164 93 191 5 39 26 119 61 15 89 116 105 71 24 165 185 108 167 162 196 115 
185 137 76 118 121 188 134 113 40 13 77 71 47 133 3 34 80 176 200 20 27 165 160 153 109 54 32 39 58 173 78 29 172 116 50 189 177 132 126 123 35 174 193 184 167 150 74 142 124 7 42 193 105 115 18 22 41 44 128 43 161 19 182 176 52 55 121 89 80 125 30 36 84 49 10 64 64 136 7 181 78 112 174 81 42 170 116 90 82 77 123 32 38 121 132 30 1 168 145 69 145 6 41 13 164 164 64 165 40 134 137 19 3 139 188 125 137 24 190 171 44 119 62 87 177 
137 110 124 163 87 27 7 152 110 105 37 128 134 158 162 74 16 141 11 11 90 65 5 138 36 46 30 157 136 114 79 130 175 80 73 139 129 91 108 150 113 127 42 120 13 74 130 98 31 116 70 75 27 65 34 83 77 16 2 95 93 64 44 64 16 194 8 33 155 189 167 109 113 103 110 20 50 49 124 33 152 16 190 138 117 194 35 43 77 63 97 160 136 161 37 1 168 78 114 160 186 157 156 144 63 3 197 93 167 102 89 11 143 45 42 114 86 124 82 113 164 92 158 32 106 
63 20 168 114 123 57 12 123 130 189 193 28 132 9 52 121 7 160 154 7 33 94 36 195 148 41 101 75 149 119 87 76 147 168 192 125 79 65 185 5 129 130 16 120 61 189 14 50 58 151 64 159 34 132 156 154 14 28 123 194 24 16 129 61 29 35 2 180 183 125 123 96 66 56 173 179 31 179 147 111 14 192 28 154 55 140 28 145 159 47 160 198 174 67 144 70 162 170 153 22 54 64 119 98 7 160 199 113 116 30 6 138 151 119 136 46 58 99 175 60 125 187 146 122 152 
109 28 96 7 68 172 25 137 70 191 71 107 182 164 181 36 157 187 90 105 19 146 113 181 151 57 6 69 163 155 150 113 57 122 71 170 84 86 36 94 140 74 21 91 106 47 21 16 78 124 42 131 40 33 167 131 133 143 178 153 114 45 50 89 75 108 113 196 168 200 57 161 146 120 125 181 162 127 23 34 66 150 84 33 100 8 181 127 101 182 192 70 128 48 25 2 151 155 93 16 28 136 174 147 118 172 39 12 20 72 128 100 47 179 195 155 21 159 46 116 148 59 176 138 72 
170 141 185 168 117 117 84 61 75 67 77 170 185 111 103 14 71 104 70 123 25 39 130 40 186 161 57 122 173 118 6 128 177 71 149 56 149 72 133 16 59 123 187 108 31 156 153 164 144 165 89 65 165 121 187 159 160 170 84 177 50 173 148 161 125 122 52 53 80 143 66 185 70 11 115 60 66 68 128 20 144 174 81 159 116 131 177 180 177 9 7 190 187 94 24 57 160 144 79 76 161 135 82 98 59 18 33 51 143 170 151 106 123 79 190 169 116 179 68 29 166 20 146 17 18 
33 16 183 19 179 127 107 180 122 156 187 159 22 95 68 99 161 71 12 173 90 92 139 10 71 70 112 102 193 33 12 158 87 136 167 158 60 144 159 113 92 75 126 135 126 198 188 163 148 139 108 135 135 152 90 195 126 170 116 62 56 51 122 150 142 117 10 45 111 38 179 199 75 6 116 21 94 35 129 144 125 86 103 109 142 112 27 144 47 81 41 178 154 110 15 29 31 109 140 83 196 80 107 33 178 3 197 66 7 126 48 49 159 110 191 87 136 83 170 8 195 129 142 131 176 
197 65 90 40 172 158 134 118 32 92 69 142 151 125 81 9 35 32 71 128 119 75 97 44 182 24 166 46 164 151 162 173 37 100 125 31 141 154 52 70 136 93 47 142 98 57 152 59 153 189 167 87 189 167 24 109 155 185 58 166 155 127 192 17 100 174 46 84 86 190 92 172 163 87 76 164 37 199 28 117 183 55 149 171 181 194 3 149 19 181 61 28 53 62 61 110 30 55 162 168 85 181 89 196 121 138 10 90 149 137 157 119 147 36 22 85 51 157 13 83 152 6 1 178 57 
1 138 171 117 147 173 14 55 182 72 94 143 147 92 171 38 161 117 179 193 43 147 166 89 31 188 144 74 196 25 43 53 154 20 150 68 171 166 21 167 178 3 66 75 164 109 93 63 13 109 160 157 178 148 36 89 185 110 45 3 93 178 52 74 195 156 107 114 21 102 46 161 125 118 38 17 6 176 44 6 72 58 111 96 67 169 106 136 173 121 174 182 153 143 84 160 25 155 48 65 144 119 96 18 108 6 31 78 13 82 38 22 26 69 72 1 160 162 156 118 21 6 187 78 45 
195 32 65 63 115 190 158 181 123 24 30 10 121 147 135 176 122 33 13 16 64 19 37 70 113 163 100 34 38 78 101 68 183 141 43 159 93 35 100 18 182 5 197 32 137 84 171 5 125 78 158 112 89 47 108 21 175 82 99 58 12 193 54 165 98 48 30 151 75 135 90 158 142 37 198 63 91 117 51 131 13 101 175 63 59 93 120 110 112 38 182 76 45 15 49 72 200 106 154 69 79 150 104 190 68 14 123 66 59 25 148 195 173 103 17 7 18 83 107 158 81 24 86 89 161 
94 77 44 4 103 20 161 70 102 116 64 16 156 36 116 60 98 171 171 89 134 131 56 47 99 34 41 110 78 11 76 95 200 118 30 23 188 79 198 7 40 161 26 7 151 47 169 131 67 3 58 143 55 32 84 71 83 87 175 199 87 179 21 148 111 11 22 100 114 75 108 118 168 181 154 177 139 193 128 11 62 109 163 122 131 107 99 24 161 72 67 9 106 72 119 118 129 1 72 102 35 155 129 181 28 22 186 55 184 93 197 31 151 44 35 129 144 192 62 67 52 118 37 95 141 
113 17 172 22 3 90 178 104 135 192 180 2 46 115 152 58 138 105 92 163 7 126 35 141 176 113 80 63 102 126 81 65 178 75 37 83 163 92 25 163 121 47 42 36 174 115 132 79 71 27 17 53 15 38 46 67 200 63 80 173 12 101 147 123 132 84 24 76 80 96 191 94 46 78 53 142 87 27 120 114 39 19 70 22 175 167 81 26 15 67 185 121 151 84 124 57 163 58 125 74 127 35 2 79 26 101 124 112 161 98 61 15 26 5 60 188 24 115 58 61 113 10 72 65 124 
81 121 100 29 191 198 100 69 54 112 155 4 106 28 98 123 120 148 114 152 155 38 117 135 118 77 191 134 153 131 47 16 48 146 6 118 54 191 173 39 86 39 3 108 140 180 132 31 124 79 51 196 41 57 105 70 17 91 72 142 100 154 61 143 159 81 76 129 159 126 168 77 72 23 50 17 45 133 90 99 90 13 196 117 193 153 47 83 153 148 5 24 171 98 149 98 83 116 186 11 113 107 95 37 116 143 53 138 14 86 133 9 48 182 2 144 85 169 109 84 102 9 189 74 74 
27 34 139 173 21 16 104 139 51 38 132 181 199 133 147 93 51 174 13 173 159 191 44 157 33 91 2 44 38 138 92 105 173 162 96 199 98 141 7 86 159 200 172 155 30 139 29 88 109 46 199 131 114 2 172 103 131 179 74 112 173 180 113 54 128 131 188 42 27 172 110 48 163 140 57 96 54 23 198 194 106 73 40 143 8 21 165 185 108 107 92 48 116 120 190 163 158 5 76 165 75 166 148 16 167 26 157 61 50 92 39 137 40 160 46 99 73 80 36 188 44 70 3 200 43 
140 131 110 142 102 156 15 102 198 42 44 26 31 58 65 189 197 108 44 145 61 160 104 110 180 167 190 133 15 105 77 70 200 161 159 147 56 155 44 177 49 84 23 104 76 129 90 2 79 176 200 134 163 30 91 139 43 50 153 187 6 146 88 191 32 102 76 158 140 78 136 22 20 129 76 83 15 61 101 147 155 81 167 24 195 54 37 1 177 73 199 124 146 151 84 120 61 87 9 161 84 44 194 183 54 143 101 152 58 184 134 54 147 14 19 166 25 53 19 133 84 197 6 99 197 
49 179 149 63 89 183 155 146 183 128 112 55 151 31 154 99 59 136 36 186 98 146 24 143 85 79 144 115 157 122 159 152 145 37 160 141 135 63 101 185 66 163 167 172 142 57 115 109 192 45 137 74 54 191 94 166 65 101 152 35 38 103 21 189 170 165 7 151 154 125 7 94 53 66 109 190 11 11 10 149 44 85 89 146 78 145 124 66 144 188 44 124 99 131 61 168 23 140 112 171 129 125 109 9 77 99 91 152 82 34 139 74 100 140 112 154 115 197 160 179 33 16 47 122 55 
162 114 80 147 68 61 152 161 89 198 186 61 179 169 65 38 22 174 5 199 155 133 107 127 54 175 90 130 104 82 18 164 15 85 18 51 63 114 184 101 69 96 29 152 136 195 71 186 20 143 10 15 112 135 41 173 156 110 90 194 18 1 7 72 34 65 138 143 67 96 135 32 97 138 88 126 112 67 13 38 69 153 184 167 131 190 37 186 136 47 98 110 56 144 189 122 129 31 56 23 194 185 13 128 174 11 110 99 47 162 57 134 98 10 17 50 2 84 45 128 60 35 58 192 74 
135 196 92 29 193 26 193 133 62 91 120 35 89 70 150 74 91 100 31 82 85 129 137 93 152 71 109 193 164 179 21 63 33 141 173 75 165 26 18 56 62 45 93 31 169 145 157 107 128 70 119 195 198 10 150 90 155 77 197 36 193 90 148 24 43 58 97 133 155 181 117 14 14 99 57 129 72 50 87 181 126 19 115 158 97 76 35 64 63 157 96 18 164 17 76 142 111 112 150 171 17 18 104 20 49 132 83 158 48 145 16 156 102 140 18 110 98 187 151 4 127 100 78 34 112 
144 16 48 112 73 122 87 102 10 160 185 42 39 127 76 81 65 193 101 151 48 190 156 54 128 38 19 138 78 154 124 177 158 114 191 106 118 95 154 83 12 191 86 151 145 68 37 191 106 189 190 96 142 79 114 21 106 164 95 40 138 189 112 22 140 98 28 50 72 91 188 32 200 100 29 103 96 156 122 183 85 106 139 181 19 109 70 180 151 130 17 149 113 56 148 179 41 9 155 171 131 135 103 161 32 120 5 191 12 143 69 99 118 10 168 162 135 57 150 139 95 125 51 26 120 
72 36 148 6 174 152 141 86 74 29 180 45 13 3 101 91 199 163 29 186 100 163 124 184 91 163 171 63 17 30 148 183 87 198 181 101 48 45 11 73 120 200 143 40 34 192 19 91 52 125 188 48 5 160 191 145 11 131 144 35 193 28 180 109 127 164 95 47 78 41 127 165 131 74 115 65 195 192 32 105 21 84 182 66 53 6 102 12 23 54 83 44 160 130 4 171 168 186 103 23 19 82 192 38 130 142 23 129 164 56 13 82 50 22 72 84 161 13 199 112 60 52 107 54 150 
108 29 59 145 110 45 53 52 196 119 25 140 164 68 26 5 165 140 57 4 140 194 28 175 183 62 74 140 5 100 50 141 56 25 167 136 33 82 192 69 5 147 18 173 196 68 85 136 112 68 58 49 140 108 164 58 30 184 133 57 133 57 108 68 32 161 150 183 71 56 86 66 103 39 123 56 168 57 162 123 127 164 127 120 195 29 109 79 137 195 68 139 80 3 15 13 175 119 107 101 22 165 84 191 87 26 17 62 106 57 136 86 49 64 6 123 200 143 75 33 36 57 94 64 154 
26 90 95 76 43 34 182 155 193 155 198 134 83 97 66 103 66 10 130 184 50 31 164 177 70 51 66 11 196 149 50 5 139 38 75 91 189 71 39 85 38 189 188 174 59 145 158 15 122 69 109 155 108 175 89 121 11 116 140 142 113 110 63 166 128 105 193 85 56 19 41 160 170 150 61 106 39 173 88 124 29 45 23 84 153 20 109 156 190 157 8 36 5 31 126 112 116 167 40 15 30 19 60 168 20 122 196 13 16 22 59 80 63 135 85 89 92 123 114 52 108 17 108 188 167 
9 81 50 10 75 150 111 177 105 124 154 135 27 11 54 66 171 180 171 182 156 175 198 58 161 100 193 79 107 84 115 118 110 113 31 157 175 192 181 180 59 152 63 12 18 107 95 108 96 133 150 97 15 59 50 56 94 136 77 7 183 111 134 142 120 146 60 5 53 83 197 51 138 195 70 80 3 103 194 194 128 59 154 143 122 29 199 119 3 108 168 23 115 81 200 195 26 14 171 166 37 121 101 53 169 154 126 28 78 18 75 156 132 114 181 55 177 131 32 116 145 17 107 88 87 
134 70 91 200 56 26 41 121 178 26 163 73 56 189 120 159 200 74 88 37 131 48 91 120 74 55 17 65 150 26 43 167 136 14 103 138 194 100 109 30 41 172 116 10 8 133 39 113 161 49 188 107 154 95 140 110 164 53 14 32 148 132 82 126 58 191 148 10 11 83 115 36 157 80 54 195 105 185 36 119 32 185 96 163 110 119 76 138 73 5 60 47 66 89 114 160 29 52 117 142 13 143 45 164 184 186 144 20 18 67 61 198 106 118 169 56 157 16 88 1 144 22 56 182 145 
112 183 160 113 100 193 61 72 134 129 127 99 18 3 171 2 16 182 194 177 17 36 125 165 59 189 77 138 176 93 62 188 114 200 103 140 131 152 117 112 138 54 46 169 139 5 125 153 153 28 38 130 149 155 189 131 1 4 137 163 189 181 99 189 133 16 78 1 166 186 76 13 78 25 80 194 75 143 46 129 199 65 47 148 3 37 66 141 48 200 11 31 177 4 115 4 15 68 170 14 97 68 45 107 112 161 64 135 148 94 151 46 5 118 31 101 2 4 58 170 14 52 127 109 28 
115 40 49 128 12 193 112 193 127 178 13 165 93 26 10 157 114 155 180 96 169 92 140 64 94 30 58 121 71 39 35 173 187 49 117 77 142 89 179 63 63 174 76 75 14 131 124 57 104 126 63 123 58 110 7 176 58 37 39 90 191 78 30 19 99 36 175 14 165 110 85 23 38 149 178 111 157 87 8 53 27 153 70 128 162 24 31 122 6 83 191 74 93 176 34 167 93 111 164 168 41 116 179 111 195 10 171 78 126 4 65 125 53 63 19 119 78 121 107 138 171 31 34 111 96 
87 195 114 14 86 49 159 58 38 104 180 105 43 14 123 142 90 19 197 107 111 128 177 9 103 36 179 196 132 197 184 190 6 2 98 186 57 102 175 126 18 65 136 186 187 186 188 92 11 147 178 149 172 167 37 131 107 197 140 174 166 92 62 23 162 62 57 92 97 136 54 167 102 182 170 150 72 128 146 27 13 159 82 140 61 116 194 180 14 166 98 57 28 9 160 98 147 29 100 45 56 200 111 133 22 86 56 119 128 25 134 167 199 63 44 144 200 154 70 117 178 118 194 41 69 
4 186 23 173 158 51 83 75 163 36 36 59 44 40 88 184 76 199 148 117 147 196 140 15 26 174 189 51 105 45 34 8 135 118 40 149 64 197 84 1 83 112 181 109 102 132 121 138 169 136 162 192 80 142 187 123 17 132 73 112 146 153 27 69 190 191 65 129 168 24 165 158 79 100 132 136 74 1 157 39 68 9 171 191 43 22 168 160 147 107 145 74 157 61 180 80 124 130 169 17 78 161 145 67 168 69 87 22 194 179 107 141 22 21 43 78 17 148 49 194 140 197 176 112 130 
31 8 131 19 35 181 1 53 64 164 41 170 59 9 110 145 169 20 114 32 111 144 116 143 114 186 52 128 196 156 23 161 176 119 167 114 3 117 5 130 114 143 187 96 121 43 103 28 72 127 38 100 172 149 80 8 75 196 158 172 138 17 113 134 124 36 35 171 115 37 135 80 13 141 10 125 138 156 93 15 142 57 144 153 65 73 171 9 9 107 73 125 26 4 43 12 125 119 76 40 139 9 71 31 130 41 28 35 103 17 197 10 142 108 37 57 44 2 146 178 83 50 20 63 108 
18 28 114 182 114 179 146 15 36 21 180 68 200 132 200 39 40 74 189 132 119 62 155 19 77 40 23 57 81 19 114 167 46 163 99 76 100 25 99 155 25 131 1 196 61 137 175 169 20 38 25 73 28 107 200 198 111 131 3 63 135 66 7 48 57 101 50 141 69 161 31 38 70 92 96 190 61 33 12 170 77 10 177 135 34 101 139 71 111 18 55 131 182 100 41 65 172 134 1 53 123 97 102 121 128 133 104 48 137 84 198 54 81 165 146 139 41 154 137 102 55 161 196 199 50 
125 133 111 157 117 117 133 95 123 108 35 146 84 167 125 12 160 105 152 91 17 78 11 15 197 56 159 71 113 4 90 112 180 159 110 147 85 148 12 43 184 180 8 129 48 50 87 173 110 200 174 82 194 173 113 155 46 108 143 63 80 71 137 40 156 182 113 193 137 142 109 87 180 121 123 112 18 189 120 6 41 95 195 11 117 151 91 94 181 25 171 134 153 111 183 20 98 91 107 20 108 189 187 130 142 72 59 144 48 20 102 96 167 57 26 5 162 160 168 109 69 52 169 83 46 
115 192 190 88 6 121 192 198 185 78 128 98 147 142 80 111 177 145 179 15 76 163 170 77 51 64 56 37 77 121 125 57 177 176 31 122 56 114 183 189 97 70 106 185 140 16 93 81 111 40 166 133 27 96 194 18 4 25 80 58 141 123 92 101 111 52 54 173 111 195 12 80 18 134 129 167 117 95 194 135 100 11 18 46 25 71 120 92 46 131 55 17 151 127 22 96 132 104 1 121 112 177 149 119 79 191 86 105 110 199 35 40 121 17 23 83 48 25 139 41 18 60 161 143 145 
156 8 24 157 148 40 195 50 53 122 108 136 131 107 102 194 154 43 6 198 36 49 109 93 70 174 5 30 151 193 192 18 37 72 76 140 33 190 69 57 45 86 63 8 123 52 117 187 102 114 21 18 15 110 75 135 196 87 181 76 105 94 104 91 139 77 22 175 135 43 116 192 37 195 155 129 21 40 195 136 84 200 175 11 136 173 173 79 124 92 188 46 178 122 3 116 32 29 173 90 174 38 99 159 59 38 194 86 156 92 122 195 197 131 190 197 75 42 40 33 187 137 9 109 48 
53 60 191 1 150 159 187 112 122 14 74 192 53 93 55 100 96 43 34 15 96 153 154 193 133 147 127 125 50 197 77 102 85 51 17 113 68 141 142 57 160 41 72 144 187 157 165 149 137 156 54 123 123 99 36 143 186 92 111 134 90 91 104 26 127 184 55 129 133 180 30 19 181 102 54 78 100 147 45 64 171 75 65 199 8 143 67 55 192 168 8 193 75 66 67 85 186 35 81 49 56 24 195 34 31 126 11 4 120 11 95 86 183 16 40 120 113 13 67 43 198 29 122 158 200 
111 166 68 159 107 111 139 125 144 198 116 128 103 177 53 197 151 107 110 44 1 34 32 52 1 126 145 119 107 147 59 119 117 195 180 78 75 187 26 196 174 134 133 99 149 27 92 89 35 67 157 88 148 27 33 167 59 5 55 140 190 112 189 189 55 116 97 107 117 32 37 128 166 143 33 83 8 140 72 123 114 84 193 57 39 104 193 27 98 142 172 133 5 127 81 182 158 53 89 61 141 45 156 134 53 105 156 73 24 146 200 52 63 45 73 87 75 176 32 183 115 140 12 143 165 
81 69 32 153 100 172 176 2 47 143 72 52 89 197 178 163 64 11 122 25 113 21 106 158 81 89 158 179 170 44 5 62 44 108 170 80 163 175 117 119 175 146 15 157 159 191 120 117 141 99 124 151 6 193 62 55 21 190 143 76 48 102 108 148 86 154 33 115 78 112 176 176 108 72 93 16 65 105 70 55 112 70 109 91 51 47 78 2 143 168 99 40 77 53 58 192 132 113 122 186 144 70 100 165 93 99 163 199 196 14 114 143 108 56 157 107 191 15 109 57 94 139 198 42 26 
197 108 54 128 141 151 188 184 42 26 152 75 6 141 94 178 38 127 3 51 33 28 117 106 30 124 13 77 55 56 72 180 45 112 195 89 170 171 193 88 161 172 30 16 66 108 159 171 196 26 182 152 101 71 147 51 64 195 138 48 130 112 39 114 97 33 69 90 200 36 72 164 26 172 140 166 191 142 152 120 9 139 157 39 58 174 144 140 88 187 108 150 186 113 186 94 90 177 7 194 186 38 6 6 5 22 6 189 100 44 146 140 20 71 71 167 59 22 103 166 170 58 39 10 102 
7 28 98 16 113 29 14 163 193 74 118 18 161 9 181 5 50 187 126 41 60 32 42 46 81 34 128 66 73 26 45 69 89 129 195 166 30 190 178 192 115 59 78 35 119 121 101 189 98 108 6 85 72 181 127 83 37 125 118 95 87 147 117 30 135 195 184 110 9 195 149 157 15 144 143 123 56 50 69 142 188 169 166 62 58 15 33 107 134 4 14 65 60 121 65 29 114 124 26 6 74 55 1 175 102 125 50 73 182 177 114 46 108 193 26 161 154 162 31 32 84 88 41 73 124 
107 109 58 171 70 160 183 152 112 71 29 93 18 52 52 98 24 38 58 110 193 48 159 166 108 116 72 85 37 115 53 43 167 106 36 74 184 77 23 134 195 174 79 139 198 125 149 96 127 194 9 55 48 67 81 187 47 53 21 174 103 91 38 140 26 48 23 79 189 78 116 63 57 44 109 170 57 8 43 14 124 65 61 133 198 139 138 39 20 96 63 89 170 89 33 55 44 5 137 88 133 125 68 30 35 147 32 29 78 7 88 164 177 177 189 142 74 182 36 82 156 138 83 174 159 
85 33 169 136 150 113 118 152 149 187 143 2 114 116 179 69 24 38 72 113 16 130 156 153 190 56 123 19 193 104 55 181 175 47 175 65 79 3 180 180 81 113 77 3 72 7 3 34 158 12 54 80 93 123 190 186 18 63 151 154 26 87 18 60 80 173 150 40 9 45 32 145 115 93 175 55 155 102 89 89 198 130 62 59 48 103 120 18 147 74 36 186 122 119 51 50 116 1 188 147 87 139 145 157 42 78 49 11 23 170 111 47 161 168 110 98 85 97 124 59 51 126 191 120 166 
24 12 109 58 42 158 198 113 82 5 84 107 128 159 42 6 72 121 55 41 154 183 178 84 122 129 172 110 84 78 66 149 33 106 159 187 54 4 71 32 147 66 188 60 103 91 90 70 31 169 115 1 52 62 134 135 49 45 174 14 88 131 86 99 86 92 169 113 169 43 15 63 156 61 138 73 83 192 189 75 128 155 56 56 137 103 190 2 126 32 6 168 127 169 106 143 199 86 159 176 179 175 132 15 50 166 133 71 129 196 61 93 163 36 191 196 26 138 35 184 169 200 15 133 93 
175 118 145 38 42 28 59 182 88 47 94 99 32 63 95 196 124 40 158 99 111 23 49 177 187 100 167 60 10 35 10 124 190 123 175 36 62 75 98 83 36 127 170 158 142 68 61 144 30 30 118 44 17 133 111 135 189 96 99 23 75 129 171 77 64 172 188 110 199 62 50 50 153 167 2 1 42 54 170 160 64 31 89 173 3 127 28 7 70 4 106 70 182 159 91 71 189 126 10 84 12 149 195 164 69 121 161 87 18 182 81 166 85 104 121 53 93 51 156 56 32 99 5 192 162 
111 100 31 6 2 77 61 167 76 37 42 18 95 41 78 81 90 96 127 133 35 142 189 164 48 150 162 85 139 68 29 16 179 164 84 169 42 36 98 2 110 90 157 47 107 70 171 37 170 5 60 155 14 109 161 52 81 78 79 61 44 38 181 16 101 75 162 60 34 37 138 70 93 37 185 73 99 179 16 35 60 89 136 74 197 113 187 22 80 35 70 33 28 144 77 130 21 107 25 91 175 121 56 59 80 64 59 117 189 148 200 60 156 25 162 84 166 170 175 81 22 161 151 30 148 
40 6 46 71 133 93 172 41 188 90 4 66 49 146 122 1 152 127 89 108 193 191 86 189 200 170 69 9 183 132 143 120 72 142 31 9 38 95 80 96 149 3 61 177 116 77 109 1 102 166 185 75 8 104 17 74 182 124 107 199 93 184 161 10 25 14 187 75 69 4 88 179 64 41 134 167 127 101 164 37 62 164 4 200 104 2 62 150 190 3 45 59 36 69 145 77 24 45 91 100 11 136 153 106 44 33 67 6 67 43 147 58 135 59 35 30 21 39 31 164 9 144 104 9 36 
43 135 77 51 32 120 180 119 62 7 106 170 63 110 116 30 114 15 64 193 151 157 180 98 122 199 82 30 84 2 58 65 96 127 80 63 85 72 36 71 35 142 30 190 166 24 106 3 47 36 91 128 176 78 146 180 84 112 24 160 30 62 8 23 60 113 40 58 48 159 54 145 147 16 79 145 85 103 36 14 137 73 36 185 180 197 122 166 37 22 195 48 107 106 156 68 58 11 42 69 104 151 189 110 53 84 99 200 124 168 171 13 32 84 134 57 114 141 144 39 15 43 198 174 94 
75 36 111 11 136 116 103 72 162 140 39 185 45 159 106 41 176 51 123 64 179 149 175 149 10 169 25 185 161 150 64 89 115 64 157 85 70 45 190 68 31 6 57 91 54 23 91 30 80 111 62 35 86 200 173 107 121 137 72 167 93 130 143 114 153 79 200 172 180 183 138 36 142 190 33 180 163 122 179 52 15 197 178 177 158 166 102 67 71 138 199 87 154 115 53 167 47 114 98 55 155 108 156 142 124 138 150 162 93 188 52 192 70 8 116 163 81 47 137 198 102 88 56 9 83 
186 182 175 199 90 106 57 132 168 27 147 38 164 51 90 50 90 61 142 187 144 83 104 4 72 72 86 109 179 115 80 200 196 66 157 145 164 27 62 189 54 140 191 191 116 114 25 167 66 143 159 30 87 4 53 48 27 29 194 68 94 19 120 67 198 51 93 10 79 175 142 8 142 76 200 87 151 23 158 128 176 3 75 8 33 137 51 119 83 70 162 100 174 53 27 89 56 50 175 47 118 53 55 70 170 59 16 21 25 13 72 37 39 128 191 143 51 2 100 182 170 114 72 197 105 
118 1 77 120 133 194 77 53 151 38 5 49 85 42 77 25 45 147 197 9 26 73 21 193 32 148 196 90 189 95 187 51 138 183 161 100 66 93 133 52 125 69 176 180 105 125 76 26 110 13 182 88 104 45 117 62 31 140 187 177 6 178 120 143 181 18 57 194 52 97 44 22 64 175 12 41 43 23 3 85 40 117 191 109 88 33 140 21 159 76 184 1 148 198 169 154 157 129 189 196 38 195 162 16 79 44 175 98 36 71 140 35 188 183 141 48 127 23 46 174 151 66 129 123 188 
175 150 95 105 127 98 111 149 100 176 50 126 27 46 174 86 51 162 158 54 55 168 129 26 35 117 92 199 86 95 156 84 62 165 82 112 176 197 53 52 65 90 198 173 37 21 53 55 92 182 88 58 8 7 31 103 10 17 14 67 23 6 180 198 149 177 74 179 178 33 170 72 108 105 72 154 68 112 11 56 61 146 60 44 157 26 98 93 60 183 173 199 64 84 18 64 121 81 154 70 2 94 21 141 17 153 118 174 102 106 33 193 44 32 116 67 139 92 182 37 103 95 101 16 60 
17 102 72 126 111 28 39 169 153 153 75 146 16 112 27 22 130 113 186 16 121 97 24 65 141 15 35 142 76 165 183 150 46 50 89 122 83 23 159 166 29 173 99 87 30 191 157 53 60 146 30 41 21 87 58 94 158 166 148 138 36 82 59 15 146 78 6 101 152 124 95 141 105 166 109 118 198 49 115 200 197 142 111 146 155 5 77 116 25 173 153 37 191 76 94 31 24 2 42 14 152 169 189 12 53 22 150 98 9 16 172 192 72 37 21 152 3 55 115 110 154 137 157 89 138 
177 61 62 139 163 64 33 151 102 71 166 190 45 113 7 106 84 145 121 50 198 174 68 178 16 142 66 32 143 161 79 51 105 66 156 12 43 200 68 60 89 142 107 134 165 198 57 116 26 77 167 119 183 70 149 192 172 72 133 70 190 153 37 85 54 37 175 16 146 106 142 36 198 135 18 101 15 160 60 148 95 198 135 175 176 173 170 181 75 169 109 113 87 55 70 181 172 36 17 117 119 39 89 6 103 146 73 133 162 121 186 33 183 169 27 194 140 95 133 129 72 32 80 174 91 
101 89 182 114 183 76 71 118 166 32 144 77 167 78 48 112 76 188 136 143 19 110 109 52 193 28 44 49 80 56 114 194 19 152 171 152 58 31 190 192 163 12 143 159 133 198 186 33 96 52 102 177 180 73 148 104 111 144 69 25 38 176 186 11 185 22 107 109 30 4 9 33 164 187 183 194 5 113 8 36 185 184 135 189 140 61 121 121 150 178 55 95 45 161 95 152 134 5 24 10 178 93 66 151 196 92 86 79 85 130 145 78 112 7 42 121 18 140 49 157 4 76 102 73 39 
13 149 64 93 128 85 135 76 156 197 145 171 3 69 156 181 14 78 31 11 26 51 191 179 31 158 173 5 48 114 200 126 174 182 118 68 8 176 122 12 154 59 84 39 120 78 9 188 10 129 45 112 13 160 60 18 77 51 193 199 32 191 140 92 140 15 22 104 29 133 51 40 178 162 145 64 16 189 163 1 65 138 131 109 100 58 82 92 168 174 74 133 134 141 156 74 151 182 99 45 32 104 146 79 101 117 173 143 119 76 78 149 20 49 130 106 107 95 43 157 177 198 176 104 26 
159 140 124 27 122 199 3 162 33 126 109 92 45 78 80 32 2 74 90 129 79 64 102 7 180 171 51 47 161 121 106 17 39 16 90 93 50 169 86 48 197 178 9 52 196 193 175 34 54 9 197 126 160 127 28 71 137 184 39 44 42 154 151 133 156 174 109 162 76 23 91 185 25 152 115 148 52 161 8 23 195 4 10 188 134 92 190 48 32 93 77 70 126 144 64 46 175 146 36 15 28 163 37 116 125 52 198 53 149 10 45 71 186 183 45 107 193 135 124 12 87 5 15 42 163 
131 199 58 35 161 196 14 176 82 192 101 107 144 198 84 43 152 24 93 190 18 163 147 35 82 66 155 65 114 115 111 65 17 74 48 152 85 110 110 37 174 18 7 160 45 150 26 61 134 69 122 81 75 1 172 62 158 130 5 107 19 41 162 5 73 21 108 145 128 130 49 101 33 71 181 121 119 82 40 162 135 99 120 43 147 21 51 166 188 41 30 199 158 185 125 44 144 114 132 140 97 25 150 168 49 46 137 45 35 23 163 48 189 155 11 62 146 5 147 199 75 37 66 148 12 
182 112 172 159 194 26 29 59 87 193 191 188 164 28 194 129 192 10 143 114 28 52 91 109 92 47 133 5 46 184 158 141 124 62 176 29 43 7 89 34 13 68 59 200 7 197 164 116 44 159 94 98 80 126 118 97 179 146 144 32 53 19 118 95 3 141 172 76 68 12 63 60 115 123 101 17 149 55 83 153 115 188 159 34 30 197 135 162 152 44 46 73 103 191 129 141 89 119 94 171 100 64 26 136 38 180 137 115 143 5 75 37 162 164 75 70 5 37 74 117 38 72 132 64 136 
150 11 128 101 77 120 194 158 90 14 112 107 186 158 116 65 91 18 37 50 125 182 139 1 171 124 200 174 78 170 146 192 194 140 117 124 175 103 120 131 26 19 12 92 136 156 131 115 117 101 199 84 155 61 22 158 129 54 134 146 82 196 6 94 97 106 63 26 126 98 106 169 97 62 138 11 178 71 191 92 6 71 82 135 68 148 69 41 170 102 12 182 48 149 151 9 44 37 53 126 121 68 83 163 84 192 2 141 151 105 182 144 74 68 39 180 129 9 100 43 91 34 144 183 102 
106 55 77 162 178 191 40 97 152 68 8 120 170 177 52 104 93 93 164 74 196 190 166 48 138 191 52 122 132 121 192 180 111 9 126 100 146 149 56 11 100 14 92 20 2 157 83 170 116 11 148 112 156 3 197 182 13 60 148 37 179 7 114 29 24 183 12 39 92 96 151 13 122 88 50 57 200 18 50 70 163 62 19 94 70 199 143 200 54 175 59 79 100 108 155 36 3 47 70 174 152 6 103 127 113 170 33 152 197 113 48 16 106 197 99 115 176 118 1 110 87 44 179 66 20 
82 92 48 106 42 159 65 146 187 147 21 200 84 48 95 60 42 113 69 131 23 179 182 187 96 128 8 15 51 51 67 133 12 169 114 131 55 45 192 6 197 38 93 70 78 151 137 180 49 187 164 69 61 28 45 27 106 165 45 93 127 153 133 45 180 55 138 131 187 56 155 24 34 4 179 185 100 80 9 198 138 36 69 120 20 37 107 30 17 137 93 97 58 69 75 171 60 10 121 179 17 85 45 15 74 151 12 57 185 129 92 37 105 145 64 136 29 6 135 172 30 129 177 63 48 
46 38 14 18 18 138 100 4 28 36 81 39 135 190 133 53 69 183 74 12 111 49 147 190 62 78 75 99 89 109 106 68 189 22 132 186 116 147 160 132 73 93 144 122 118 79 146 72 44 136 35 30 60 149 146 102 162 177 69 1 55 134 73 78 66 162 17 100 170 111 100 55 12 39 9 145 177 51 121 161 189 158 66 185 31 153 102 180 108 35 79 83 138 28 96 175 18 121 192 100 131 114 138 186 17 71 171 127 132 88 86 186 188 142 145 59 178 90 157 192 76 90 160 128 129 
111 8 15 38 168 84 157 82 49 80 8 72 87 109 30 177 196 21 198 193 71 70 50 200 95 109 128 83 81 161 22 153 9 76 191 150 190 17 104 158 97 65 196 19 2 119 87 124 23 21 82 143 152 142 129 54 58 59 168 78 17 184 123 159 14 55 190 178 180 18 200 195 153 108 169 13 107 4 21 36 107 62 140 72 196 28 127 29 168 176 96 141 99 54 73 159 110 126 46 18 132 42 107 45 155 50 167 154 20 193 198 183 18 2 141 155 121 198 174 156 128 181 175 181 115 
45 53 20 127 178 134 171 124 132 149 51 28 57 112 34 137 101 185 171 41 72 190 58 13 175 174 146 47 123 76 9 20 59 123 68 103 116 45 63 53 146 6 191 10 163 177 30 37 57 182 9 8 23 117 87 79 40 86 18 91 89 157 178 66 104 51 141 15 30 64 34 50 79 26 114 184 54 140 78 120 73 7 155 19 60 186 179 151 145 149 25 80 200 197 168 77 1 196 19 189 157 115 151 60 142 42 186 101 26 194 117 162 160 106 84 29 5 185 150 74 10 104 101 104 96 
76 26 110 160 82 118 116 108 118 13 170 155 31 69 197 197 11 189 47 24 142 128 163 162 14 94 51 178 104 152 138 198 6 99 3 47 40 135 135 20 132 120 20 199 119 83 18 174 82 32 117 103 168 125 147 4 166 105 179 23 114 151 89 58 2 141 126 140 15 193 10 113 61 183 49 51 35 81 13 60 67 76 87 75 185 192 151 4 102 153 4 87 84 37 122 106 8 89 190 12 141 173 129 28 101 35 178 19 48 104 24 148 70 6 96 182 27 3 142 174 50 162 199 35 40 
54 5 3 180 141 117 98 139 155 3 17 109 102 2 194 168 13 85 99 135 153 156 18 153 62 112 62 147 81 181 142 174 164 16 80 116 101 164 87 138 42 22 104 79 96 43 32 48 81 49 122 180 47 161 84 150 178 166 182 22 77 80 83 11 27 67 79 161 143 179 6 8 45 177 124 173 106 145 71 113 37 150 43 151 144 4 7 84 15 141 62 100 74 70 164 126 118 153 22 3 121 190 34 180 126 27 7 38 173 150 128 185 181 182 142 76 17 140 150 41 15 89 175 140 96 
119 135 189 30 159 135 32 181 142 99 13 144 121 63 41 89 149 90 30 187 157 13 149 134 143 181 65 92 108 143 127 138 84 180 12 132 9 44 7 198 84 177 129 173 44 3 19 29 25 91 23 152 131 179 35 176 15 191 1 172 164 109 138 164 104 52 140 89 83 140 22 91 190 125 110 21 181 173 12 17 52 135 59 128 90 102 175 173 30 4 51 32 40 10 169 61 114 51 38 104 188 32 110 13 68 113 121 184 126 85 146 77 161 185 167 31 86 185 63 111 152 165 42 162 181 
71 109 18 21 121 71 45 5 125 67 107 187 87 150 148 101 7 13 85 21 119 187 153 81 181 181 69 72 68 53 191 196 150 86 61 12 165 194 142 78 171 125 82 176 132 120 154 65 138 57 15 37 145 64 24 24 121 121 59 111 93 185 41 156 68 146 65 56 108 88 142 91 155 28 118 2 60 154 89 177 49 73 7 59 149 70 37 99 117 49 130 180 131 6 182 22 143 156 171 98 42 47 193 132 137 141 116 26 188 48 187 193 104 126 111 104 28 113 65 125 6 101 139 62 156 
167 176 172 195 70 54 178 149 99 82 106 80 27 168 88 151 72 133 11 57 94 174 23 191 160 79 199 183 9 82 41 159 176 164 103 66 10 48 156 110 29 122 91 47 9 149 87 7 47 193 111 173 88 71 5 152 68 126 196 126 39 52 137 57 8 69 38 189 153 111 37 169 114 12 85 137 47 68 10 80 33 62 12 171 177 32 110 138 95 20 96 64 199 172 171 21 66 72 45 95 164 116 144 154 121 119 22 38 58 61 24 173 108 142 97 15 23 71 58 199 193 153 164 120 192 
132 19 92 86 197 195 184 39 194 151 110 161 118 124 172 9 94 172 23 90 18 5 76 134 26 3 5 129 185 11 114 38 34 40 119 59 48 179 105 79 199 93 74 145 54 19 59 130 35 153 181 70 142 145 167 65 194 79 199 72 24 181 10 40 89 68 159 63 165 141 118 71 177 115 62 90 127 134 117 194 150 120 160 49 32 19 101 135 185 45 44 126 150 127 20 154 165 86 39 132 43 34 25 114 132 176 193 13 148 189 179 132 26 110 112 173 5 49 141 174 69 158 150 61 85 
172 55 81 115 199 14 120 121 20 187 196 93 106 177 2 101 100 141 178 15 59 130 154 158 96 181 32 57 165 24 92 135 2 16 181 102 113 28 164 37 187 120 26 23 2 107 10 76 53 76 15 53 84 154 125 164 196 53 127 189 167 83 153 20 106 117 49 186 124 155 16 58 167 40 88 140 40 110 186 172 154 151 62 10 36 154 40 171 98 28 5 95 122 11 73 26 40 46 36 191 142 97 104 126 105 184 27 39 183 127 95 51 16 17 124 2 105 120 92 33 42 166 25 76 115 
90 80 107 37 151 16 67 95 32 8 163 25 37 79 103 99 182 15 24 22 96 52 176 164 102 115 137 97 141 183 84 189 142 57 39 104 196 158 105 76 137 112 100 101 193 70 198 63 86 26 131 51 59 37 143 32 141 53 155 186 104 75 151 86 112 126 137 96 53 32 194 150 5 110 6 122 32 82 41 180 139 83 168 55 65 165 23 72 190 156 24 141 150 109 54 34 113 55 61 8 16 136 5 66 139 6 43 28 175 111 5 183 51 76 58 79 141 42 9 122 75 76 199 2 51 
154 170 44 59 53 128 9 169 51 100 140 179 81 64 1 196 160 74 102 166 171 139 53 53 128 144 123 158 53 199 3 61 48 109 95 136 26 22 48 112 44 63 161 99 117 158 69 171 15 32 41 43 177 200 136 85 62 75 87 74 161 149 15 154 99 189 82 145 36 65 131 131 170 66 70 162 20 180 38 73 55 139 100 182 7 167 39 163 86 26 64 181 30 131 90 123 77 8 136 162 136 196 151 97 181 111 44 26 15 5 1 39 176 75 116 55 114 96 29 13 96 168 91 177 5 
45 42 178 198 85 159 162 197 135 148 121 141 59 150 129 38 25 123 11 187 163 194 68 176 197 109 63 65 65 17 93 59 21 19 178 10 175 173 121 40 44 144 53 163 111 96 76 9 127 155 128 177 59 139 153 67 23 18 29 82 121 96 88 101 150 177 124 50 12 109 192 63 199 3 46 183 147 48 178 144 148 135 142 162 195 194 169 50 141 106 42 104 188 170 47 185 125 54 15 85 190 93 195 123 166 83 70 47 91 47 100 147 96 169 88 85 25 60 9 1 81 193 10 2 158 
40 133 153 186 199 9 36 31 98 101 122 160 123 199 18 30 77 145 19 118 108 128 63 175 100 66 87 66 107 19 99 153 187 8 75 52 125 126 34 198 190 178 42 49 168 189 169 42 28 134 196 50 52 34 80 142 125 191 104 35 27 123 198 167 41 44 19 103 110 150 100 72 111 29 2 66 78 180 189 172 17 190 14 14 25 5 48 137 105 64 181 122 46 164 182 174 40 37 77 164 25 187 37 28 71 21 154 42 78 115 22 44 31 134 79 4 80 147 25 140 86 67 23 200 130 
195 29 74 116 126 55 17 61 60 89 178 29 74 36 21 18 20 46 124 37 34 40 152 74 136 49 66 55 119 24 92 87 150 118 24 187 34 60 105 70 18 11 127 146 144 157 137 3 77 89 49 41 149 84 133 178 200 97 115 47 197 34 183 49 65 161 135 108 110 184 95 76 6 4 34 166 71 9 47 59 190 25 35 76 184 194 173 94 99 181 133 24 55 65 100 157 109 130 167 110 101 194 86 81 164 27 100 135 175 72 2 47 147 57 187 126 151 105 26 41 58 24 180 120 20 
155 57 181 156 173 28 6 91 108 107 39 192 57 141 51 165 105 26 55 82 25 10 200 65 175 177 176 83 6 113 142 5 76 66 184 171 148 159 165 63 4 63 89 41 34 81 31 8 90 81 52 63 4 69 83 104 157 163 187 37 34 198 107 113 180 57 19 98 164 105 135 2 87 175 124 116 63 94 45 174 78 43 157 197 63 61 32 38 104 190 186 5 120 69 125 199 56 46 100 100 89 94 190 112 17 104 169 96 42 164 39 104 24 196 119 65 112 128 23 91 12 168 60 198 71 
