150 6
0
1
1 12 107 868
2 39 95 609
3 73 78 697
4 79 27 79
5 97 198 1681
6 153 35 223
7 169 149 -129
8 188 38 340
9 190 79 506
10 202 39 358
11 214 90 34
12 215 9 269
13 218 31 404
14 221 156 1469
15 230 29 404
16 247 188 1751
17 253 177 607
18 289 187 289
19 295 83 793
20 355 156 1603
21 378 165 1038
22 399 76 703
23 426 184 426
24 484 117 1420
25 489 92 489
26 498 43 412
27 523 162 847
28 570 120 330
29 570 122 1546
30 590 22 634
31 619 141 1183
32 666 73 666
33 686 67 1222
34 698 147 1580
35 729 107 729
36 780 75 1080
37 895 64 895
38 896 188 2400
39 909 150 1809
40 942 174 2334
41 964 70 1524
42 976 47 1164
43 1000 135 1270
44 1010 8 1010
45 1091 183 1823
46 1184 7 1212
47 1246 185 876
48 1278 2 1278
49 1373 175 2423
50 1381 129 1381
51 1432 4 1432
52 1485 66 1881
53 1543 195 1153
54 1651 98 2435
55 1652 12 1628
56 1684 17 1752
57 1724 25 1824
58 1732 116 1964
59 1780 44 1956
60 1805 110 1585
61 1834 185 2574
62 1856 179 2930
63 1870 1 1876
64 1885 52 2197
65 1902 179 2976
66 1929 151 2533
67 1943 47 2131
68 1989 2 1997
69 2034 81 2682
70 2075 4 2099
71 2101 32 2101
72 2116 103 1910
73 2144 23 2190
74 2217 26 2425
75 2222 78 2066
76 2252 77 2252
77 2261 189 3395
78 2277 200 3877
79 2389 53 2707
80 2434 126 3190
81 2445 77 2907
82 2573 36 2717
83 2618 96 2618
84 2629 160 3909
85 2641 29 2873
86 2672 23 2764
87 2699 44 2875
88 2733 197 3915
89 2790 195 2400
90 2796 73 3380
91 2813 52 3125
92 2856 155 3166
93 2908 121 3876
94 2911 50 2911
95 2960 116 3192
96 2972 110 2972
97 3010 112 3682
98 3033 6 3081
99 3042 51 2940
100 3079 128 3847
101 3084 104 3084
102 3100 80 3260
103 3106 199 2708
104 3168 87 3690
105 3172 183 2806
106 3178 12 3178
107 3196 28 3364
108 3222 81 3870
109 3229 111 3895
110 3247 176 4655
111 3305 117 3773
112 3335 126 3083
113 3352 32 3288
114 3363 11 3363
115 3382 165 4042
116 3401 115 3631
117 3431 119 4145
118 3490 34 3694
119 3563 124 3563
120 3576 109 3794
121 3678 6 3678
122 3680 166 4344
123 3789 67 4191
124 3819 51 4227
125 3850 55 4180
126 3908 43 3822
127 3916 88 4620
128 4005 32 3941
129 4058 188 4434
130 4082 73 4374
131 4115 30 4295
132 4155 123 4401
133 4266 103 4678
134 4271 58 4271
135 4334 103 4952
136 4352 149 4352
137 4354 132 5410
138 4369 100 4769
139 4450 78 4918
140 4515 189 5649
141 4518 185 5998
142 4540 113 4314
143 4557 165 4557
144 4580 133 5378
145 4591 106 4591
146 4699 44 4875
147 4706 53 5024
148 4849 58 4733
149 4878 147 4584
150 4886 110 5106
162 190 152 84 195 105 9 35 1 57 140 74 52 199 121 120 112 184 26 119 185 73 29 42 66 88 62 22 10 159 75 151 21 28 104 107 165 172 189 32 196 7 38 190 15 38 10 82 44 42 180 71 124 19 71 131 138 73 106 11 194 144 13 115 30 70 22 10 99 93 159 26 21 170 173 133 185 193 46 141 162 97 69 14 59 192 194 166 23 85 45 160 79 8 187 97 61 31 178 58 34 67 111 8 175 57 8 127 161 165 127 155 21 54 52 134 47 4 19 21 39 45 23 100 183 82 157 56 83 184 13 69 162 39 49 142 177 114 34 117 51 163 191 187 101 49 61 165 127 157 
44 32 6 45 172 167 141 88 72 50 96 166 103 151 197 2 107 66 142 144 133 14 173 11 171 81 100 89 118 28 56 81 155 81 170 34 114 98 142 4 127 166 55 53 199 22 119 38 184 127 26 70 193 123 18 76 135 166 185 19 13 159 155 19 73 11 119 170 106 121 46 4 46 6 62 61 57 138 138 53 56 153 102 57 102 82 101 174 174 84 63 198 147 66 148 147 191 111 105 103 77 77 175 139 28 42 40 141 30 32 32 73 107 177 157 104 142 116 173 188 2 170 121 177 118 13 163 134 151 182 56 197 37 181 72 133 82 133 23 76 105 142 76 180 12 38 160 111 120 82 
153 42 2 116 146 104 48 53 68 158 64 102 175 159 38 79 125 143 199 127 186 169 180 172 140 78 21 81 57 17 63 41 161 3 9 65 178 140 125 82 130 155 11 175 157 163 49 199 53 62 118 45 165 81 131 198 61 54 19 79 66 133 194 140 144 78 110 190 56 33 95 91 21 119 179 4 86 140 121 83 50 187 65 50 130 134 180 93 193 120 113 9 12 30 27 133 60 22 61 144 181 187 200 41 28 44 91 38 72 95 36 148 195 22 146 158 120 79 8 14 113 129 86 137 170 193 122 135 188 72 175 197 141 174 139 128 179 57 36 141 189 41 171 26 127 104 7 101 57 110 
187 70 93 34 169 19 158 184 78 64 132 39 108 21 173 123 190 19 173 135 37 111 130 18 148 124 5 171 47 42 140 115 132 154 94 73 55 198 107 110 66 40 188 95 152 14 179 11 16 68 93 182 106 50 46 106 97 92 74 44 171 184 29 69 149 43 154 183 12 32 198 65 155 10 97 151 73 94 49 44 178 60 141 55 45 176 179 4 105 157 181 196 73 63 184 155 114 151 34 7 182 42 177 163 150 94 166 17 27 106 56 195 6 161 39 62 77 157 200 118 84 10 32 42 151 44 75 178 76 39 15 5 61 84 179 130 189 62 119 12 25 194 22 28 24 176 139 169 153 119 
191 25 177 197 28 28 186 81 149 81 73 106 8 30 160 69 97 159 121 56 68 3 19 78 185 65 68 50 15 100 29 126 43 83 124 58 143 182 5 117 157 15 20 40 51 72 194 22 26 97 187 55 170 162 179 114 90 138 198 119 131 189 128 38 1 119 175 4 192 75 134 189 173 23 51 169 169 145 136 57 84 171 13 36 159 68 137 85 32 167 51 124 186 170 195 102 62 3 83 30 62 8 58 14 101 57 182 195 56 11 93 54 166 25 126 89 41 168 109 86 148 194 99 155 152 138 94 22 184 143 23 22 33 81 90 129 82 198 117 96 134 155 99 75 88 176 98 91 153 74 
97 131 121 139 195 129 148 125 129 90 75 54 88 40 39 196 176 92 37 61 35 16 130 183 148 199 38 163 120 9 17 195 2 168 113 72 156 130 118 95 168 200 135 12 61 191 176 111 146 97 163 11 76 165 84 8 178 139 89 54 81 147 117 32 71 148 164 118 82 134 57 91 140 9 85 134 179 107 38 83 65 151 90 164 71 60 122 106 65 168 152 58 189 97 23 3 9 23 19 148 103 4 151 111 160 197 162 56 60 52 185 80 192 71 47 95 65 26 61 59 155 106 190 162 96 120 159 192 74 101 91 102 124 132 181 122 160 149 103 3 150 154 47 71 95 196 63 80 126 137 
71 163 5 145 45 169 45 191 12 127 198 93 68 136 23 49 90 94 6 92 24 88 48 102 131 43 11 5 167 18 25 131 198 122 94 1 102 82 81 10 37 46 144 102 97 140 200 80 37 56 108 3 89 126 127 98 54 124 80 59 126 74 186 123 30 196 11 20 129 192 162 199 18 69 66 54 127 18 10 35 104 95 119 139 40 66 42 146 35 181 77 173 199 146 168 167 173 99 25 61 120 138 94 46 128 88 50 70 82 94 157 21 181 106 21 54 61 184 132 51 193 129 163 116 122 46 107 90 171 32 148 22 4 68 186 122 120 158 107 199 52 166 73 125 21 136 93 111 89 193 
70 17 124 147 8 33 55 168 113 10 121 88 155 186 98 153 114 135 179 23 22 136 130 188 137 42 123 103 127 47 2 198 167 123 2 86 163 31 196 44 47 124 58 104 94 91 110 112 131 45 186 71 159 118 2 188 116 171 102 83 131 178 83 172 2 19 99 188 54 109 46 134 64 34 184 7 69 81 142 159 140 70 94 137 57 115 109 157 59 105 199 2 140 11 171 9 133 115 40 32 75 187 81 46 65 115 165 36 13 23 29 148 127 67 131 170 11 15 118 39 98 116 173 107 44 37 183 167 70 153 126 142 74 109 124 161 128 102 135 125 160 129 161 135 189 171 113 85 66 54 
153 118 18 178 119 24 113 112 128 164 24 165 46 6 108 155 113 144 157 8 40 38 152 168 54 129 73 96 103 144 63 92 74 142 46 41 65 52 81 22 70 117 113 174 85 4 165 106 184 126 157 99 20 8 112 22 88 166 155 68 63 139 54 194 36 140 44 153 52 185 11 84 144 78 103 87 31 147 74 100 175 177 107 183 46 99 47 199 109 70 41 35 136 99 65 120 131 198 9 118 103 184 195 154 199 17 104 170 53 43 197 118 98 47 120 113 27 81 44 78 32 91 102 177 152 140 113 188 140 119 150 103 76 71 78 57 16 96 179 58 55 89 87 59 137 127 119 68 107 162 
110 86 107 63 89 145 99 36 178 156 159 168 189 70 42 137 78 66 43 134 31 134 31 135 52 191 72 130 188 121 125 17 77 139 27 24 19 20 28 150 100 81 23 117 52 175 144 149 133 52 1 130 23 93 171 169 71 7 192 196 42 191 51 184 9 22 7 17 68 56 169 175 160 171 140 141 5 102 101 159 63 199 93 187 78 194 105 39 180 20 23 129 69 156 127 155 9 191 200 109 94 47 196 102 137 183 52 118 96 162 42 132 77 183 189 132 104 160 150 42 21 197 76 160 78 200 9 159 164 135 18 59 191 163 49 172 168 43 35 144 98 135 39 90 105 177 151 17 71 12 
78 76 35 131 36 24 83 21 46 180 65 182 79 36 105 137 9 192 27 190 176 153 183 66 160 54 84 116 110 69 154 38 148 62 123 116 9 59 22 159 86 67 191 3 170 159 96 132 77 187 200 98 31 62 74 194 52 100 52 176 63 119 163 123 118 89 19 112 122 92 164 38 48 48 97 184 192 13 66 152 133 194 167 146 36 101 77 159 8 35 98 152 82 11 91 17 86 152 73 23 193 56 16 1 197 84 163 115 112 59 123 156 104 60 41 163 56 19 22 38 148 180 162 169 153 55 29 11 128 176 193 75 10 123 6 140 80 38 28 188 86 101 106 50 105 188 173 192 93 174 
173 189 168 43 70 87 83 93 200 183 185 14 178 128 95 119 158 81 24 143 104 93 77 181 33 188 149 156 43 121 9 142 75 106 115 101 84 174 160 73 120 188 17 52 148 2 159 64 44 66 70 169 86 141 117 18 27 57 23 167 132 120 63 150 45 105 5 137 8 70 26 147 86 70 62 65 157 6 38 178 58 88 185 16 189 77 75 127 54 99 90 190 179 16 31 15 49 194 21 143 127 67 111 9 62 171 61 59 48 198 33 144 104 121 34 59 60 138 47 33 33 30 119 32 142 55 103 50 113 119 12 173 94 55 180 94 108 76 36 79 171 12 52 186 83 152 80 21 153 182 
118 4 93 10 129 36 6 152 130 79 69 92 54 161 150 169 21 74 170 188 61 22 124 7 152 146 186 176 128 64 188 195 161 108 67 183 146 111 97 198 50 80 6 128 55 61 69 154 125 25 106 170 80 2 107 59 98 44 34 152 23 123 137 151 53 19 103 194 167 106 38 58 160 44 166 165 176 123 193 74 196 136 109 137 117 72 126 89 124 65 146 176 97 84 83 88 197 151 39 137 47 140 99 46 15 29 140 1 183 140 186 15 82 87 86 48 106 59 187 99 2 133 114 122 96 105 11 73 170 40 75 116 194 43 161 48 84 99 16 112 6 114 48 92 77 137 185 88 77 16 
42 149 129 183 200 100 151 87 175 173 98 59 97 80 50 50 185 198 29 19 32 105 81 171 67 8 122 176 166 20 191 32 5 14 113 104 21 181 111 99 13 180 29 55 120 35 153 173 40 114 6 50 94 199 13 104 197 189 53 147 132 36 60 13 15 199 85 10 23 179 55 69 184 134 26 113 13 43 112 137 45 64 97 125 59 85 93 168 4 57 169 45 88 43 62 139 51 1 184 53 98 199 168 74 131 155 194 151 142 134 103 34 17 72 19 9 68 164 127 126 14 180 123 108 150 38 43 52 128 156 24 73 16 159 36 136 65 90 144 152 110 132 35 114 181 45 144 55 27 68 
124 176 31 50 119 29 43 64 123 157 19 70 131 90 84 101 95 24 93 173 108 149 34 200 7 78 174 14 103 39 115 82 116 131 18 172 83 34 138 36 68 48 185 151 87 95 173 162 20 69 160 83 77 197 107 35 68 28 198 116 29 126 45 38 57 194 35 48 145 108 109 62 103 117 164 191 162 198 47 96 153 22 127 112 190 194 83 46 103 44 35 97 83 160 135 110 119 108 39 161 89 122 64 179 191 85 42 89 87 68 165 10 101 92 54 175 149 67 66 95 54 170 164 142 2 36 43 139 13 157 113 165 133 61 145 98 99 1 92 90 138 177 175 18 151 57 199 16 72 177 
72 155 55 76 2 182 170 157 126 140 70 111 33 120 21 188 133 84 88 100 12 26 89 18 86 181 77 50 58 125 19 144 165 18 136 15 75 9 98 175 124 182 24 12 120 67 106 36 102 63 22 161 108 146 135 54 152 163 96 139 197 97 140 147 62 73 62 11 170 73 184 178 28 38 186 142 135 183 143 38 71 64 19 51 90 127 167 174 165 57 154 175 122 86 159 107 105 197 59 6 115 11 56 38 191 60 120 5 26 171 148 62 136 183 134 40 150 191 122 68 168 133 41 64 6 160 90 86 186 182 159 21 170 186 152 158 54 62 94 86 66 72 56 158 9 144 144 141 6 6 
4 68 57 37 178 14 146 167 23 74 168 168 64 146 94 113 191 54 115 60 48 132 88 18 43 89 30 66 4 33 12 192 76 83 48 61 81 171 107 27 200 193 157 189 165 175 34 187 124 189 11 67 99 172 138 135 88 7 50 39 6 103 135 35 93 84 30 22 78 66 94 196 93 56 8 75 18 175 58 145 92 198 67 169 18 148 162 189 97 3 125 145 163 194 112 13 114 153 103 44 4 135 129 20 92 50 195 11 97 38 67 146 184 85 121 65 104 163 49 197 56 14 184 89 128 51 199 15 141 65 34 140 25 30 180 36 49 107 198 114 113 151 33 19 160 23 131 150 140 61 
24 178 186 120 89 119 107 103 153 163 113 174 126 162 112 114 183 136 126 159 62 5 61 165 113 34 119 28 100 24 142 179 199 119 33 90 13 131 1 147 57 134 64 82 39 162 195 29 73 139 5 186 53 39 24 60 90 64 141 164 47 31 155 9 124 184 75 30 138 34 138 21 103 60 144 147 137 71 27 19 165 113 19 109 135 35 179 56 165 66 86 114 84 23 79 73 132 105 115 63 68 118 190 149 175 39 178 25 101 140 15 152 168 184 56 24 36 42 77 38 65 29 32 86 160 106 4 121 113 50 102 33 29 22 32 51 59 147 4 48 110 118 138 156 125 12 98 178 3 190 
117 130 70 183 176 160 24 11 128 12 57 188 103 45 99 147 12 22 104 43 97 158 199 20 182 57 97 87 55 145 64 166 39 46 188 191 193 90 124 59 174 178 30 145 98 69 65 50 87 138 94 13 78 34 113 112 146 83 162 181 11 35 114 154 153 89 82 192 142 119 80 179 161 142 179 88 147 14 26 59 108 41 154 45 147 77 62 193 145 166 159 170 10 72 4 41 139 48 35 9 121 2 117 187 51 197 102 1 25 197 13 7 140 80 197 123 150 97 191 66 4 15 91 90 127 158 35 146 111 113 103 67 163 184 127 137 40 93 67 91 84 62 179 116 144 124 173 17 88 196 
9 116 101 131 150 157 51 73 93 138 109 18 77 148 140 6 104 69 65 10 90 154 15 79 165 89 153 60 5 189 162 123 161 6 71 43 119 120 129 73 152 40 189 177 167 43 118 167 43 167 90 50 121 163 109 143 200 124 83 53 192 92 150 125 162 76 161 111 84 33 171 34 185 10 11 34 190 169 127 115 36 75 17 108 131 64 10 144 39 161 71 17 11 135 81 84 31 131 22 43 64 25 153 178 197 32 71 57 130 75 165 137 40 140 4 88 13 76 135 78 82 96 174 116 134 145 166 183 1 200 46 87 26 120 155 139 61 27 154 132 10 2 19 170 19 7 60 192 168 187 
187 67 187 179 72 17 74 197 193 5 36 137 196 101 184 34 198 96 6 139 36 33 41 82 97 198 20 192 117 45 167 58 18 46 182 170 191 188 52 37 29 91 190 165 64 152 38 117 53 180 113 1 62 89 155 190 113 165 73 80 147 100 23 25 158 62 155 33 196 31 130 12 167 182 77 25 132 98 129 79 168 185 177 84 167 159 188 199 94 162 181 196 134 57 34 179 80 8 25 188 4 88 46 140 49 95 78 79 191 77 108 104 152 1 109 159 19 132 131 125 77 177 184 81 5 126 146 143 119 159 27 182 133 64 81 164 75 108 85 136 73 15 45 28 84 148 71 188 155 119 
46 114 103 22 167 99 171 95 44 103 200 17 19 128 33 119 23 179 150 25 70 105 160 50 34 129 102 100 160 192 195 198 19 186 182 65 125 119 58 106 4 193 33 154 190 115 41 118 111 130 154 48 48 120 32 184 47 171 130 43 84 79 95 112 56 26 26 197 19 45 23 10 188 3 4 193 123 53 188 13 171 8 103 82 56 104 47 55 156 33 168 1 70 56 61 137 41 82 43 199 85 1 136 111 16 191 16 141 77 112 89 15 27 75 4 143 176 43 64 140 91 175 35 48 173 64 130 83 185 136 14 56 144 47 25 71 85 155 29 79 82 84 99 105 48 100 10 58 31 27 
34 129 20 183 99 71 84 2 71 136 136 149 130 52 130 190 181 179 157 167 7 142 106 128 166 197 28 152 50 83 66 179 169 40 156 14 169 81 161 155 149 180 179 84 106 16 173 68 137 87 123 91 51 94 26 189 63 44 3 63 165 184 23 82 166 139 82 128 6 21 198 178 153 74 193 151 156 28 192 182 140 200 177 174 79 99 142 128 47 13 156 149 62 118 40 166 185 26 45 169 111 71 3 3 154 177 171 106 134 112 136 137 130 29 1 137 158 105 115 16 1 122 73 110 135 43 26 18 135 41 94 170 149 84 20 87 148 26 146 200 142 58 76 47 16 30 134 100 40 152 
131 168 12 137 43 109 32 17 104 125 101 29 151 66 138 10 190 42 95 195 143 89 158 147 116 155 119 75 51 71 135 77 81 191 152 119 7 117 104 103 42 190 77 157 16 64 41 16 5 43 12 77 22 182 189 96 148 124 165 190 48 59 84 93 64 86 112 103 115 27 117 16 75 84 13 120 125 187 155 90 155 85 120 33 14 148 161 73 116 176 169 89 171 153 114 60 92 22 41 110 25 11 71 86 133 113 124 121 8 95 169 179 55 19 46 84 155 146 9 68 199 125 40 113 91 175 197 75 104 137 7 1 195 24 92 187 186 71 175 193 182 148 125 200 49 18 45 19 5 10 
103 68 125 61 19 152 62 7 38 187 182 82 86 146 179 119 23 101 98 186 78 36 46 100 198 199 130 54 109 172 151 179 166 111 181 55 104 182 147 186 52 28 200 126 109 56 57 124 198 117 145 74 172 43 43 19 64 102 16 194 190 94 147 105 66 157 49 52 160 197 138 195 199 9 168 177 140 31 97 152 181 45 24 112 95 129 158 82 3 160 130 123 168 109 181 4 150 119 84 73 98 61 174 188 104 101 104 171 109 83 110 192 6 185 179 12 194 187 30 61 103 79 16 103 91 200 121 74 51 75 184 48 165 177 81 10 89 144 92 61 79 69 73 134 66 22 78 125 8 174 
70 85 142 107 189 76 1 16 121 152 50 104 191 25 12 149 44 105 125 40 49 15 46 85 105 185 97 186 174 138 123 126 189 102 163 4 149 133 82 141 136 159 52 37 41 182 140 196 118 165 86 14 80 67 133 44 186 155 62 159 68 21 167 39 40 135 140 55 170 92 116 64 22 55 124 27 92 3 120 117 147 190 60 49 32 200 40 75 120 69 164 68 82 80 91 63 197 165 73 125 106 123 34 79 146 135 27 105 41 11 117 179 109 13 24 33 83 83 17 53 149 162 119 54 68 21 90 148 179 22 42 35 29 115 125 155 18 177 76 52 60 179 98 87 76 110 84 134 156 52 
97 81 80 46 74 35 105 194 103 34 41 47 73 22 168 72 49 171 34 49 5 175 178 131 145 61 153 171 48 112 66 21 182 152 14 60 46 179 105 144 163 54 132 100 199 111 194 30 119 59 163 95 114 1 127 36 14 59 136 80 70 114 94 69 37 144 14 3 159 144 116 16 39 166 69 162 197 71 74 107 127 136 32 96 53 146 79 183 139 170 108 12 136 81 112 200 76 132 100 53 107 106 18 46 29 181 191 73 12 21 143 181 85 112 163 91 6 7 179 38 179 183 8 33 150 199 191 69 86 31 187 120 11 83 5 118 51 165 83 146 154 110 141 26 165 82 54 55 40 105 
106 116 100 12 198 146 23 199 172 156 69 71 142 143 146 93 19 43 199 63 105 178 132 97 173 146 47 150 126 155 123 17 32 151 35 100 168 26 65 34 126 83 127 135 180 171 109 118 56 166 190 122 37 190 77 71 132 30 150 111 173 48 150 31 20 169 100 75 12 81 42 38 174 63 127 8 88 89 83 190 43 37 132 155 105 164 157 77 40 12 35 26 182 8 84 86 15 116 72 142 70 12 196 198 100 3 191 101 184 32 118 167 26 193 196 46 2 54 196 116 37 98 56 5 25 50 93 122 95 127 64 57 80 199 142 71 147 111 39 100 169 56 138 105 110 80 124 15 42 160 
194 81 164 163 44 145 103 64 3 165 5 180 106 156 88 160 13 164 166 92 78 20 114 42 6 165 138 83 172 39 15 69 74 68 165 114 3 9 137 152 186 178 16 62 110 147 135 184 82 108 33 8 88 72 117 107 4 120 51 76 19 2 43 143 79 24 61 57 140 127 52 108 187 169 15 48 181 30 73 137 197 193 51 179 98 77 39 200 154 86 135 121 173 122 38 140 151 115 100 15 117 126 173 108 185 160 150 160 53 125 28 70 123 114 2 12 98 57 171 153 170 198 197 17 15 165 109 150 177 102 4 195 185 34 121 158 192 106 27 133 188 72 132 1 45 25 108 21 39 57 
154 131 159 54 86 177 76 99 37 56 80 2 55 27 75 3 13 122 99 52 102 177 54 172 161 91 86 32 32 122 196 138 117 96 189 6 173 149 129 54 62 161 88 85 69 5 41 44 85 25 142 24 90 179 117 174 175 177 94 85 60 178 59 126 139 119 122 20 181 79 12 197 3 142 98 25 117 156 181 44 93 40 33 104 10 6 112 19 74 133 61 25 200 109 3 21 22 188 124 124 60 85 153 150 122 70 48 23 75 116 95 154 49 103 18 113 133 188 83 85 53 21 100 108 184 186 84 41 123 71 22 14 15 182 21 114 142 133 68 78 141 139 134 45 194 89 128 146 173 144 
131 93 67 23 39 81 137 110 71 23 62 119 128 184 93 93 62 11 51 67 8 124 198 67 54 8 116 73 142 144 55 101 177 118 91 27 155 96 160 150 38 199 23 104 132 194 168 178 102 198 55 85 178 10 197 181 198 111 142 108 24 127 11 22 86 198 140 39 76 87 37 174 187 45 153 170 39 98 183 48 101 73 183 185 123 19 161 196 150 58 55 173 163 76 166 70 95 190 82 153 78 192 42 182 3 77 132 27 18 119 83 103 27 33 141 90 179 6 103 59 107 101 196 175 154 145 197 132 56 136 78 11 140 58 67 98 86 131 58 1 145 10 60 18 51 165 102 28 52 133 
80 67 47 62 37 63 59 108 198 198 31 83 60 27 106 36 46 173 184 123 133 11 151 73 153 71 111 161 122 119 3 22 55 198 131 154 82 148 145 178 2 1 83 36 102 124 39 46 143 26 101 94 51 188 190 183 29 94 80 87 45 32 130 198 132 43 9 78 27 86 146 52 138 49 87 38 45 88 20 69 68 28 173 88 17 110 23 198 35 29 188 5 160 58 102 114 43 155 175 126 70 42 160 136 117 139 112 181 200 108 133 136 82 153 138 186 41 22 136 171 146 59 158 105 133 106 33 2 65 5 178 80 38 132 117 50 80 76 92 53 138 191 130 168 25 125 34 140 59 17 
12 128 40 102 20 99 46 25 95 153 2 177 195 83 81 43 65 60 99 192 130 2 120 171 97 91 33 34 26 24 76 135 145 180 154 45 34 168 141 27 131 25 23 98 44 90 176 27 21 135 96 184 106 49 86 118 139 19 132 154 23 73 166 113 25 152 15 12 179 18 166 183 122 93 105 79 137 78 83 129 183 89 18 3 80 39 142 144 160 187 31 70 152 92 113 63 93 76 70 69 103 141 41 55 131 96 158 124 151 116 188 115 110 178 21 94 86 183 97 36 122 139 32 152 75 131 151 43 82 34 143 34 169 125 94 35 131 1 195 87 61 14 99 153 192 176 188 17 190 50 
33 50 163 141 9 77 52 85 44 79 39 187 200 28 168 14 38 24 28 107 50 40 141 130 112 200 75 74 110 25 98 92 136 180 114 110 184 22 173 195 79 36 29 141 27 84 184 115 28 31 47 153 158 198 17 23 81 68 193 87 83 23 126 115 35 4 173 114 189 29 66 5 187 14 45 49 128 194 104 182 166 148 149 55 109 95 83 187 66 140 186 56 196 78 53 59 169 161 73 120 189 79 29 170 73 88 146 118 189 45 190 75 28 135 60 107 83 126 36 179 97 109 19 163 52 110 15 13 200 124 175 95 40 4 194 177 46 196 137 33 174 35 7 26 89 81 5 45 109 146 
4 159 64 15 101 160 23 158 176 20 132 172 80 59 51 24 107 64 15 171 80 32 48 145 101 174 111 142 95 174 46 164 153 74 165 192 108 64 15 56 154 43 56 55 160 47 110 88 64 39 21 8 41 117 67 18 14 34 63 64 100 133 28 93 122 126 119 93 37 11 170 40 60 80 186 101 32 43 105 89 61 39 133 93 138 126 133 181 124 50 101 135 31 113 165 111 151 142 96 158 147 163 39 167 36 144 66 38 161 176 112 41 18 17 11 31 49 22 28 156 38 122 104 56 19 183 117 8 99 97 60 134 80 89 154 132 187 106 51 155 100 19 148 32 92 107 172 114 175 79 
73 78 13 113 178 129 24 106 107 71 4 8 10 107 193 142 173 76 154 157 4 72 133 164 97 46 59 38 3 139 179 124 166 50 123 150 111 126 146 60 167 181 5 94 174 120 128 87 17 78 157 115 113 119 28 177 70 121 21 32 43 170 35 58 131 134 137 7 78 6 27 163 149 168 188 17 182 6 69 157 28 150 161 21 140 62 28 130 123 124 19 140 9 15 94 28 59 4 41 47 148 31 14 31 85 86 90 95 23 140 156 27 191 37 30 148 81 81 61 169 91 114 113 51 21 78 94 163 145 135 44 168 165 49 7 47 85 6 160 28 124 194 127 96 13 12 197 126 135 8 
38 89 116 95 49 176 50 108 109 187 110 120 111 169 60 46 13 71 169 103 84 127 129 112 87 16 91 8 106 27 121 88 96 185 37 7 157 111 44 33 157 9 106 114 4 35 181 60 153 7 88 163 116 172 43 118 33 103 169 20 49 190 41 170 86 152 185 108 156 181 146 178 38 103 172 85 147 185 16 21 182 47 137 48 174 171 167 58 187 9 49 165 20 82 164 61 6 153 77 183 111 116 35 136 83 28 92 68 7 16 51 176 135 54 33 19 131 53 3 4 26 175 103 154 16 114 117 139 176 164 114 25 183 32 157 37 33 57 47 188 147 133 7 100 10 171 9 144 61 108 
19 46 182 16 152 18 159 51 46 2 7 90 28 94 136 159 152 66 6 61 197 13 48 198 130 32 196 144 38 57 55 145 76 194 180 142 120 177 120 64 141 40 170 28 196 54 110 170 123 88 87 153 57 40 151 44 152 61 128 18 23 48 65 158 19 14 31 56 194 189 109 109 44 11 90 55 154 60 56 168 30 101 102 46 96 115 23 94 155 63 81 48 144 27 47 123 118 87 84 53 3 196 166 39 123 180 14 170 42 58 98 120 94 31 105 31 5 113 66 8 138 25 22 50 169 174 39 57 11 103 53 68 133 61 5 36 21 117 22 38 18 109 8 167 20 70 41 182 131 194 
58 32 189 145 23 165 24 2 188 32 198 3 199 55 131 22 124 57 112 109 84 149 126 57 162 29 180 94 115 36 55 165 157 10 82 151 17 105 188 42 37 123 200 32 141 147 200 180 119 121 4 93 71 85 200 25 28 47 62 17 122 36 97 85 97 199 18 135 174 187 23 153 120 39 44 67 5 193 191 149 125 132 95 177 167 125 74 181 61 97 123 77 179 74 125 139 125 176 45 26 182 63 150 38 57 143 136 100 186 126 179 189 49 88 198 21 40 80 199 47 194 121 46 69 103 169 181 50 199 140 4 56 158 49 11 14 195 28 195 164 17 14 86 46 49 185 117 176 85 41 
79 88 189 71 50 199 130 122 179 195 25 133 66 109 184 1 113 62 160 101 129 49 121 126 25 71 161 7 11 190 158 8 31 46 42 93 74 24 84 81 29 32 129 84 193 193 137 150 39 154 180 63 117 199 149 74 82 54 127 49 20 87 66 109 71 54 128 101 80 26 129 165 54 184 11 110 58 124 73 157 98 187 146 167 110 6 159 150 36 51 102 165 157 6 161 166 2 150 197 98 49 31 56 18 151 101 10 193 21 108 96 189 53 93 121 44 72 187 8 88 106 21 154 122 78 118 23 58 55 91 183 179 184 106 41 35 197 7 40 133 90 144 142 26 125 84 95 68 124 174 
192 151 30 19 71 177 145 41 184 30 94 180 104 66 76 197 176 8 196 23 116 185 39 85 197 162 19 148 112 127 109 126 84 97 65 196 200 102 7 136 195 167 108 94 153 128 77 96 105 98 149 46 182 125 132 30 151 137 84 155 79 158 84 89 76 167 16 184 129 45 131 87 142 181 32 94 174 5 92 193 174 21 189 183 82 8 65 159 54 64 156 131 162 125 84 7 111 195 161 98 127 156 103 111 197 104 182 52 107 197 188 21 173 75 52 179 62 155 161 172 39 160 34 199 116 105 86 165 1 112 61 66 174 79 1 156 160 140 31 80 116 140 82 5 48 190 60 59 74 126 
125 99 190 32 185 107 131 117 33 100 109 113 194 79 16 41 81 77 98 76 1 190 116 192 9 139 163 103 56 43 174 111 104 199 127 183 81 33 130 31 182 160 155 173 85 124 61 15 116 26 16 131 112 141 164 196 15 55 150 168 109 23 195 19 31 128 89 63 21 42 75 82 36 198 186 58 79 136 38 71 27 186 136 129 128 191 75 63 93 153 98 3 178 1 95 92 184 46 153 127 14 170 176 95 2 138 45 14 155 117 57 27 147 83 116 24 52 52 160 163 156 116 182 10 168 142 57 116 33 171 112 166 13 119 159 2 80 102 35 97 86 154 182 25 111 70 21 114 24 189 
118 150 176 127 83 113 169 66 7 156 111 199 45 170 57 10 112 143 78 153 124 119 153 187 191 52 121 194 96 41 49 109 186 135 162 93 131 53 181 127 170 136 111 36 175 198 164 133 152 88 12 121 200 187 111 18 18 162 24 177 111 95 155 105 25 184 57 22 172 64 161 75 151 108 9 105 15 116 35 135 41 64 109 169 75 147 161 62 1 129 150 100 177 129 17 157 33 53 122 99 132 59 139 56 155 182 42 156 12 101 167 143 92 174 141 180 24 7 31 164 89 193 4 19 73 186 194 55 114 104 146 155 91 111 14 195 36 21 33 81 45 87 171 171 118 113 3 18 35 189 
107 183 177 168 197 118 49 80 183 9 184 55 145 142 37 70 157 169 112 68 193 168 3 66 177 43 169 11 123 164 177 6 163 111 10 99 98 31 132 85 138 135 28 82 188 3 114 3 60 69 196 124 75 120 44 151 111 175 141 106 144 40 107 158 192 40 154 105 125 199 164 53 105 84 184 180 110 22 141 73 117 150 167 183 197 14 23 161 139 146 57 99 170 21 44 68 100 75 118 145 78 161 142 64 121 55 16 60 58 40 33 59 4 60 188 176 13 82 124 18 109 162 10 4 81 20 112 108 97 124 17 59 118 191 185 49 50 49 140 108 141 179 104 61 50 128 188 103 105 88 
22 6 25 192 162 168 152 48 197 92 150 109 173 179 64 56 132 92 122 14 178 82 157 128 33 135 109 182 162 116 24 75 118 15 21 69 52 83 34 171 191 48 152 43 133 8 191 104 197 152 81 49 142 141 5 133 70 90 24 81 32 10 30 1 122 21 34 2 174 96 10 22 188 173 184 106 57 24 94 103 95 86 31 193 162 34 54 138 1 25 158 191 63 63 74 181 176 70 45 69 119 106 76 55 58 26 104 181 122 141 180 21 103 56 137 28 73 126 197 91 142 44 182 82 186 192 18 196 111 111 120 106 156 164 131 117 111 44 188 99 109 11 81 138 125 195 180 35 56 18 
132 109 6 59 156 113 196 170 168 58 52 24 100 192 72 146 180 69 24 70 66 106 4 175 140 69 43 98 9 51 70 88 154 84 72 81 30 27 146 40 57 82 158 108 178 170 70 6 158 101 170 3 169 179 105 134 23 28 89 99 99 17 126 3 20 128 96 54 18 122 54 190 170 45 17 50 2 15 30 24 118 96 78 45 24 106 124 64 111 51 103 12 119 153 145 142 77 111 138 178 108 61 143 106 104 159 129 134 22 27 68 33 192 18 193 166 33 88 169 177 145 102 95 57 143 52 138 124 150 1 77 159 73 195 97 85 139 173 40 173 117 40 183 138 45 33 93 152 42 164 
29 160 60 10 63 50 119 177 18 75 139 155 197 171 76 98 152 106 22 7 174 174 69 112 64 15 145 53 27 54 156 178 200 121 140 53 82 114 83 28 72 118 91 109 137 137 154 11 88 176 164 172 162 40 14 147 27 149 82 49 71 10 141 152 182 29 127 114 31 100 154 181 177 32 16 75 116 61 135 52 135 164 25 155 185 39 139 5 101 173 62 32 113 122 134 153 103 78 100 137 104 97 132 127 167 76 129 119 70 47 78 51 163 102 86 122 22 114 139 75 105 99 136 45 149 122 161 118 93 192 137 172 87 93 90 93 191 127 170 6 194 180 182 139 94 54 174 52 52 159 
12 54 155 176 34 120 90 141 76 70 91 96 1 196 169 7 192 41 99 141 131 50 37 110 143 178 47 26 14 200 174 109 9 9 70 138 35 182 128 188 189 139 191 196 139 167 158 90 76 183 80 32 122 179 142 120 100 65 73 84 126 94 109 92 108 58 113 57 7 84 38 17 68 44 5 43 200 161 179 134 154 94 25 186 8 193 141 69 44 32 84 134 109 188 4 101 78 89 60 152 168 94 90 196 62 163 98 190 95 173 149 115 86 97 195 136 41 185 155 90 66 140 185 165 79 175 43 47 188 39 185 97 91 107 150 166 54 125 74 121 57 25 198 169 152 55 135 72 53 26 
173 7 193 21 53 19 2 42 9 66 118 44 28 19 193 119 24 132 66 182 80 167 157 49 108 179 42 73 189 153 133 42 53 33 8 4 199 138 88 71 70 6 97 168 82 51 167 55 10 67 175 149 54 80 82 182 4 107 154 140 92 85 133 122 119 53 56 16 187 3 2 87 166 98 111 157 33 85 117 167 124 200 36 30 138 55 167 184 59 121 113 1 182 27 93 114 48 78 1 182 117 95 28 59 161 170 137 158 194 62 94 81 154 42 50 15 93 155 190 21 53 4 34 64 143 85 3 121 36 18 148 18 143 105 60 102 166 30 53 39 131 126 189 90 136 72 107 147 63 160 
103 158 104 190 181 2 107 54 125 11 83 8 147 164 197 17 109 155 17 24 175 70 167 43 188 81 94 126 169 190 53 125 151 67 80 24 9 97 38 7 101 181 122 79 55 152 170 3 9 115 162 175 118 174 130 136 109 44 18 188 83 193 72 165 67 150 71 131 47 79 11 20 61 171 40 28 28 36 104 97 23 151 151 132 52 163 64 196 114 187 6 21 56 146 78 92 2 9 46 148 190 69 49 33 139 107 68 159 24 8 84 132 154 115 51 34 152 120 151 70 41 133 27 4 7 117 75 81 137 44 184 186 135 155 125 107 173 148 94 7 188 121 32 36 20 73 155 60 65 146 
166 80 20 134 133 196 53 178 30 97 137 168 51 140 121 161 12 110 186 24 82 2 130 184 29 200 195 154 123 168 170 123 135 13 87 185 139 193 46 182 51 18 172 19 171 5 194 200 55 123 176 72 18 80 85 36 77 171 13 10 5 136 111 46 100 171 130 165 48 177 110 10 57 196 197 25 167 74 135 192 134 131 100 171 23 78 99 27 136 14 45 89 47 40 157 183 40 122 19 155 35 124 151 36 58 84 136 187 116 95 51 73 189 44 36 47 66 88 200 84 75 143 116 132 102 154 22 90 140 117 96 5 171 12 174 167 166 64 56 113 200 45 120 108 18 37 100 85 23 169 
122 73 81 194 30 68 26 151 120 7 191 144 69 179 66 161 73 174 1 39 122 111 56 9 55 69 180 198 149 104 169 106 124 132 131 198 166 19 133 104 177 87 74 80 129 176 156 110 161 15 32 54 72 81 3 118 46 132 163 135 87 108 131 167 60 37 77 167 4 102 84 102 66 121 194 195 16 60 155 76 12 93 165 95 159 56 150 67 127 194 54 53 47 26 93 194 198 180 53 128 149 34 8 154 58 101 23 41 151 30 176 148 173 86 23 57 156 79 52 149 125 91 68 5 54 133 167 58 140 48 160 19 25 136 128 82 104 41 91 191 46 90 163 130 182 60 170 36 181 138 
175 40 27 189 50 50 196 63 67 112 43 141 167 111 69 117 6 114 199 7 200 126 156 26 150 32 127 48 16 199 80 118 129 167 131 92 65 129 63 46 55 183 127 189 139 177 17 137 92 108 112 22 100 187 72 141 177 87 200 18 161 174 130 64 133 27 29 25 125 129 169 192 32 4 27 14 40 19 112 157 31 127 24 69 28 142 89 26 117 10 110 182 11 86 192 93 12 139 157 55 133 35 181 184 102 58 123 51 141 175 190 61 58 173 10 43 6 7 121 170 150 138 125 191 87 72 46 38 65 38 159 40 24 39 186 171 74 94 144 94 143 4 16 87 159 81 175 78 90 106 
16 164 65 153 83 92 15 30 48 154 152 5 34 41 99 118 48 84 64 47 73 147 92 108 176 44 63 43 172 160 169 176 104 13 135 37 19 198 87 79 34 90 42 92 113 13 62 167 115 109 141 61 189 84 198 192 89 168 93 126 69 180 18 155 69 136 50 138 156 41 64 53 194 189 191 196 198 147 149 191 192 132 175 114 50 4 159 196 47 153 50 171 68 61 191 146 115 141 190 85 146 118 72 143 11 126 108 12 2 179 183 96 96 127 144 85 97 80 127 146 87 172 15 91 196 94 111 71 67 191 70 38 191 112 196 163 188 119 136 164 65 145 50 193 65 134 31 107 173 176 
163 135 101 22 140 145 57 2 53 189 33 199 127 77 178 105 180 139 125 109 101 6 48 123 51 128 48 128 100 182 190 67 1 95 39 127 194 103 61 117 199 184 53 128 157 75 151 16 120 95 41 49 118 136 173 21 175 185 129 8 56 120 192 54 8 131 51 132 27 116 169 81 68 193 124 181 52 119 15 92 8 7 128 8 120 138 155 123 58 125 93 79 132 144 175 160 12 79 70 3 172 122 12 182 86 188 179 187 79 78 114 65 50 134 50 32 70 75 150 136 96 124 192 108 88 121 83 30 36 16 123 107 10 127 129 117 149 113 79 136 57 143 180 79 177 163 128 5 58 152 
93 79 131 71 141 109 181 28 129 180 12 98 109 70 144 110 146 46 69 22 80 187 146 143 137 181 121 59 84 164 185 135 44 196 173 44 87 68 48 104 154 127 183 92 136 113 200 179 115 72 145 107 131 54 94 148 36 119 88 69 101 164 168 67 90 18 33 20 131 148 142 78 176 100 118 10 98 144 94 59 185 43 42 14 72 15 76 43 127 186 140 30 115 71 119 61 190 141 101 128 199 26 127 143 33 5 97 120 87 17 57 111 128 144 60 29 8 87 13 106 187 196 90 54 185 41 51 180 104 80 32 122 185 184 181 189 116 96 96 165 84 106 197 8 146 106 124 190 184 149 
95 194 87 161 177 66 70 151 1 99 81 167 172 161 11 62 61 183 181 165 123 27 105 50 37 167 48 83 62 199 25 29 67 97 10 71 71 96 22 51 194 93 2 122 7 104 193 43 4 145 22 65 184 81 92 1 138 155 172 65 150 52 91 22 198 161 47 37 188 110 168 58 96 63 158 185 159 42 186 39 107 157 149 55 50 145 5 42 157 44 102 110 141 85 72 75 63 71 140 189 123 86 37 46 17 167 22 179 25 82 135 69 75 172 109 21 193 15 137 19 139 149 22 5 55 59 157 113 182 194 19 18 115 133 170 76 160 186 51 31 16 173 58 83 130 119 142 68 157 72 
127 51 60 93 42 71 19 25 83 85 61 70 41 67 134 188 196 87 92 108 88 135 150 160 188 99 148 44 169 51 121 50 182 195 138 120 136 156 128 25 92 185 190 84 185 146 167 147 38 41 166 72 78 65 180 186 189 104 78 33 97 19 72 3 60 170 85 98 71 135 13 152 88 180 12 145 29 155 158 174 168 77 74 78 91 120 117 36 95 27 70 40 141 91 135 34 100 160 172 33 29 54 68 13 128 90 83 26 118 128 69 41 122 82 82 147 39 169 83 149 149 173 178 60 151 77 75 105 127 189 144 54 183 59 5 74 181 60 121 145 188 64 113 134 114 78 157 64 39 30 
153 72 135 61 22 160 191 65 2 40 110 137 184 97 47 46 165 122 59 74 1 119 110 175 193 130 100 110 59 81 54 45 60 105 118 67 109 32 51 135 150 35 71 188 12 58 103 194 3 122 59 100 66 38 85 64 12 146 52 95 121 179 109 3 188 96 122 177 73 130 175 193 92 119 173 128 174 14 95 44 5 189 171 152 180 179 159 68 104 41 37 180 130 178 188 66 38 105 104 157 54 22 43 67 149 178 128 36 38 101 70 153 152 74 50 83 92 100 88 185 164 31 71 14 154 11 177 142 118 100 103 126 193 131 9 128 54 64 45 143 81 55 88 101 9 49 106 64 124 42 
73 140 189 63 15 6 75 129 89 22 65 173 194 13 94 144 166 38 12 149 147 39 99 91 131 100 189 27 67 64 96 144 188 80 138 93 156 121 118 122 83 51 168 96 192 121 57 144 63 70 192 44 147 161 95 187 153 30 74 97 133 172 93 29 53 76 64 199 38 29 64 4 58 118 120 90 49 46 62 138 27 7 29 100 71 191 18 50 138 106 1 68 6 102 132 163 162 2 172 190 185 65 66 27 80 120 47 93 39 68 157 90 129 178 121 113 152 200 95 151 83 147 99 56 25 3 73 135 10 69 69 68 31 153 108 198 28 86 110 109 164 83 114 55 116 184 185 21 198 168 
60 10 198 97 82 56 42 30 145 29 136 21 172 97 190 36 183 122 138 186 65 28 59 21 65 36 53 45 148 180 162 95 109 150 50 193 40 140 139 163 83 91 134 168 51 131 141 196 172 119 120 88 147 158 199 8 146 86 115 90 52 95 32 52 77 108 94 72 131 167 168 59 33 20 126 84 18 148 153 43 66 59 167 194 175 92 87 35 120 107 154 165 153 195 160 172 184 83 45 48 191 107 157 17 145 147 35 154 11 96 113 131 83 91 25 144 104 20 129 199 41 190 125 90 198 150 189 138 70 31 94 75 135 193 88 82 31 120 42 168 19 165 194 45 98 74 124 148 61 134 
13 189 59 135 171 147 32 61 98 32 50 8 24 139 180 130 19 2 187 125 6 132 22 22 31 103 35 112 37 169 12 31 66 6 157 37 142 115 89 78 74 105 48 16 140 43 146 54 189 137 62 129 179 56 47 48 128 108 145 73 56 14 200 134 161 109 37 43 140 175 138 131 178 169 73 124 133 137 174 191 28 167 195 133 111 115 101 69 5 184 38 53 124 193 98 197 43 190 186 22 132 129 107 137 107 22 67 71 158 2 89 153 119 145 60 62 106 96 9 16 144 122 38 165 18 15 172 6 22 104 187 47 33 109 32 92 17 39 20 98 34 5 162 191 159 168 4 13 15 88 
5 195 68 163 99 147 45 154 157 95 48 186 53 85 49 128 108 9 140 30 117 156 180 47 95 91 111 29 157 23 11 159 106 122 16 16 86 42 64 23 169 112 183 71 164 19 85 155 18 170 113 11 2 53 187 23 178 182 123 147 187 39 135 68 91 112 195 160 155 158 41 73 8 120 135 76 177 39 110 41 49 31 169 32 192 62 169 188 165 123 8 175 80 84 59 77 8 188 163 161 131 48 87 185 145 72 187 105 38 188 91 132 8 4 170 15 142 108 40 172 69 172 142 8 128 23 21 9 100 200 26 48 31 74 197 22 157 82 31 131 27 174 195 171 22 194 15 164 163 191 
135 20 3 76 133 13 145 14 143 96 173 96 165 151 179 46 193 81 62 159 47 21 142 132 3 200 86 21 129 189 167 161 44 188 90 75 90 177 67 69 162 47 61 126 69 90 7 47 131 120 67 190 36 87 161 10 154 43 39 14 123 36 82 141 12 149 19 9 126 37 153 18 106 105 133 55 198 60 103 104 133 124 187 17 81 174 27 150 41 66 117 147 74 114 151 2 24 171 80 196 188 34 59 129 142 82 181 90 109 140 131 171 63 107 164 56 92 109 115 131 130 99 123 72 127 92 61 1 193 1 163 197 49 179 10 125 40 86 154 42 93 16 24 68 149 152 177 71 85 63 
39 199 183 88 104 180 175 45 154 184 158 26 87 86 50 47 146 67 55 181 116 110 180 102 159 24 79 165 99 3 195 37 197 32 26 181 187 78 187 101 27 137 128 137 196 84 118 84 49 25 82 125 189 7 63 32 111 192 142 187 112 112 115 99 115 134 25 169 59 112 84 21 73 134 134 62 191 182 196 165 165 44 124 157 98 193 191 15 192 120 98 162 83 49 2 84 196 142 147 12 120 20 41 56 136 132 178 151 114 88 176 142 62 184 130 90 73 88 172 152 38 150 145 175 173 154 199 79 3 153 172 183 178 157 165 64 37 136 24 49 25 153 50 61 111 96 3 162 97 187 
98 90 70 151 185 189 160 14 169 188 79 150 76 70 113 179 72 171 119 146 169 57 200 121 109 141 88 115 185 166 107 28 168 76 180 167 159 190 171 47 140 115 101 87 28 190 14 52 121 82 75 1 191 62 183 96 109 180 14 157 142 57 58 139 76 174 33 13 69 103 18 155 35 185 105 198 26 82 128 23 48 25 93 178 134 18 23 105 98 13 125 139 181 197 56 127 49 50 82 121 200 183 80 64 144 104 84 1 171 23 69 103 21 44 156 135 197 113 99 133 171 25 77 118 93 148 123 193 87 84 23 113 91 133 44 124 143 148 79 180 156 85 87 77 102 25 194 5 123 158 
33 18 79 111 12 103 103 195 148 131 2 198 130 79 139 150 132 75 40 141 155 168 93 134 53 104 20 150 126 79 198 51 86 192 73 103 191 4 194 18 25 187 99 55 78 54 100 163 57 128 59 110 180 80 178 30 7 158 113 112 73 193 145 125 6 44 142 100 57 9 175 150 160 8 124 102 53 193 66 189 133 186 1 40 103 72 189 60 128 39 47 106 151 195 13 18 144 50 60 183 63 179 179 134 110 64 6 133 133 81 4 169 152 13 167 151 146 66 46 147 181 181 6 86 78 120 64 85 64 13 166 135 40 190 125 188 52 174 64 85 16 109 110 106 128 192 110 78 94 74 
8 9 100 87 30 74 65 77 152 172 33 8 8 81 44 69 91 114 43 10 13 24 193 42 101 9 58 156 12 181 152 175 68 199 95 164 78 174 19 17 85 71 132 29 106 131 40 43 22 176 172 107 160 162 97 158 36 62 76 89 13 67 200 118 193 1 106 34 152 197 188 158 126 7 154 196 94 39 60 96 184 12 177 92 60 110 106 9 78 78 70 169 21 127 88 18 165 74 200 159 56 160 121 108 89 19 17 173 55 108 139 131 199 36 127 106 118 162 84 43 23 99 117 175 172 143 200 63 132 143 58 7 45 13 196 127 119 57 103 106 7 51 34 111 185 44 43 111 26 8 
186 128 109 158 118 91 28 25 103 69 86 183 3 155 123 87 156 3 18 72 151 189 53 184 38 134 57 97 29 162 23 2 102 8 109 21 115 52 181 184 115 98 117 5 78 92 74 26 165 143 29 87 54 144 153 152 166 65 70 82 50 174 184 112 114 161 119 27 54 194 77 113 44 38 20 200 185 114 125 117 173 11 89 162 5 21 43 83 173 143 173 148 42 159 110 171 128 151 193 194 132 158 14 116 38 29 131 29 151 43 103 24 169 149 28 67 15 81 113 3 106 162 8 149 129 157 49 82 74 174 66 109 199 33 158 103 44 171 97 126 109 25 194 42 170 97 171 86 31 162 
19 166 180 34 145 31 57 191 119 119 196 165 19 35 52 122 117 41 110 62 89 88 39 59 174 114 172 13 74 165 146 37 92 172 71 20 187 199 41 71 158 90 102 42 186 177 180 69 127 55 184 42 14 46 97 10 133 31 56 164 63 104 15 142 62 98 148 179 98 4 62 120 62 97 69 191 200 168 23 118 104 106 80 53 10 159 196 41 51 45 6 109 58 32 121 138 188 199 3 48 118 153 120 142 96 153 39 129 81 34 2 103 132 21 199 13 164 87 120 132 47 59 166 115 190 196 101 75 44 97 180 74 155 36 141 100 98 116 118 36 49 102 154 1 189 188 123 82 155 52 
76 167 151 73 62 78 9 166 119 103 30 140 56 16 20 109 30 103 27 51 19 59 40 118 8 94 58 81 144 113 126 157 93 165 101 169 35 177 197 121 184 26 6 90 199 119 164 12 109 186 149 68 160 124 139 32 197 128 34 167 152 16 98 71 161 10 105 103 183 154 36 164 156 92 5 29 107 88 55 24 24 167 176 112 25 28 88 1 126 199 44 130 50 100 190 45 78 123 97 111 5 112 114 170 148 105 65 63 32 24 127 123 74 21 18 136 141 175 148 37 112 171 200 192 121 140 163 191 101 58 84 30 172 6 167 64 121 19 118 191 148 21 36 18 124 164 89 89 5 84 
90 142 89 158 91 94 124 96 146 75 52 135 39 173 199 29 186 145 189 199 26 122 80 132 134 176 194 126 103 118 5 187 61 104 65 142 2 90 34 9 140 195 32 159 18 181 166 195 101 68 29 74 153 15 166 19 36 11 89 17 61 200 186 147 25 157 176 44 53 21 119 171 118 60 175 80 142 130 108 103 149 130 171 74 92 57 38 128 53 59 178 15 68 40 56 3 4 169 130 182 165 185 74 171 115 107 85 65 146 88 167 41 84 169 81 66 199 39 149 142 16 195 93 191 60 43 74 83 174 36 170 142 114 197 189 44 9 119 111 53 59 8 51 156 31 148 140 15 154 17 
164 64 87 69 193 110 71 114 65 78 152 146 30 124 94 45 83 60 175 30 103 177 42 176 11 80 90 165 30 126 75 118 116 190 58 35 74 158 155 138 76 53 39 3 129 112 14 73 165 133 12 65 26 64 55 191 47 158 89 177 119 150 50 108 41 133 88 199 51 170 87 144 27 68 60 170 143 5 53 77 114 30 31 114 22 75 52 7 110 101 107 97 187 39 198 114 188 73 151 101 162 92 104 119 127 194 159 79 138 74 75 76 161 194 160 200 15 143 200 154 36 143 100 106 44 192 114 186 85 57 7 83 101 2 112 149 50 174 49 129 155 47 61 106 67 85 2 107 110 104 
158 18 94 20 96 86 138 166 180 23 81 51 170 47 162 60 180 91 172 64 7 108 185 78 78 163 39 135 26 74 14 75 71 73 145 161 198 20 161 77 60 127 175 25 34 41 166 53 24 106 37 170 13 128 169 14 66 146 67 142 188 169 86 78 163 44 191 145 11 190 96 190 40 21 61 86 29 52 49 65 53 133 21 56 17 1 160 24 50 42 153 40 165 4 170 37 85 138 148 45 198 43 152 187 100 105 145 176 110 199 52 167 21 171 83 60 139 150 78 170 169 148 73 16 191 99 9 39 162 150 194 38 118 57 3 81 2 134 181 85 63 25 69 91 84 56 49 17 112 105 
99 101 41 34 123 112 180 184 82 52 48 122 141 128 60 119 36 103 41 193 37 68 4 108 37 153 89 110 39 51 180 1 37 101 97 62 168 51 146 119 49 64 116 110 20 17 183 105 139 126 39 139 101 155 146 152 145 98 22 1 101 35 57 148 40 134 62 85 3 60 176 135 184 75 96 61 184 26 120 127 130 46 25 72 181 25 92 24 43 73 39 68 121 178 176 97 48 88 116 79 23 132 171 140 146 110 147 33 116 133 143 180 146 50 12 113 140 14 187 200 144 149 16 101 63 39 158 173 152 33 151 87 186 138 3 94 176 9 170 189 102 57 161 184 87 68 66 80 58 111 
76 27 34 105 99 115 22 27 27 188 1 63 158 19 97 188 115 26 199 111 13 93 58 104 9 125 34 18 159 187 9 135 57 73 192 19 90 183 169 19 185 42 12 165 35 10 79 106 196 3 104 75 99 111 134 28 36 112 185 39 174 82 88 169 125 133 173 190 94 169 158 49 67 9 119 116 151 6 73 52 95 124 99 133 135 63 27 103 11 47 153 185 119 186 152 123 47 73 170 158 139 174 53 68 53 159 172 174 188 56 81 54 78 23 94 187 127 120 188 89 68 97 60 170 55 140 10 71 6 155 63 81 40 159 154 62 76 72 20 124 72 19 197 135 87 30 93 10 101 181 
17 196 135 144 99 106 16 113 10 70 73 87 40 192 176 99 150 146 151 15 9 162 88 87 158 139 183 124 110 48 126 58 154 162 55 69 200 194 164 64 168 88 193 4 20 43 122 22 82 23 71 159 163 120 95 96 47 70 166 24 168 167 114 78 156 47 145 110 48 30 200 183 192 19 152 55 69 63 54 20 179 107 14 141 138 13 191 54 48 72 75 189 74 21 165 143 43 105 15 12 181 195 140 101 82 61 194 146 37 35 2 188 165 179 185 81 125 197 61 120 66 191 52 123 42 122 6 98 80 166 153 10 85 102 1 176 54 109 82 96 114 48 66 108 38 89 110 58 11 59 
54 31 94 20 34 124 145 79 4 164 24 23 94 139 184 67 48 80 64 126 152 10 57 58 28 18 34 113 60 117 110 124 158 18 139 172 51 93 9 197 93 191 174 35 12 53 128 7 138 162 153 64 73 30 84 22 91 58 123 24 105 81 70 26 189 152 200 169 36 129 48 112 145 40 110 108 153 189 139 20 8 6 4 152 128 186 60 55 159 119 111 182 14 166 157 200 176 129 176 34 153 161 66 90 183 153 46 141 22 126 18 100 132 198 141 189 130 30 65 32 55 32 175 56 94 117 96 130 116 54 137 144 148 71 11 111 84 192 55 52 160 110 133 135 20 42 64 92 177 169 
43 8 55 103 2 111 98 197 130 115 187 161 163 194 168 165 167 130 68 48 109 36 134 165 94 153 5 50 38 63 186 172 143 66 162 22 128 27 140 78 124 31 83 144 114 131 110 115 110 186 98 78 171 171 112 84 9 13 90 56 147 187 145 39 16 162 66 41 98 126 19 146 122 177 183 88 197 187 144 17 154 75 175 21 74 177 37 113 80 121 106 49 197 190 73 179 74 182 97 176 125 24 149 171 172 166 33 198 87 28 153 186 18 169 4 142 62 184 68 138 143 33 25 59 39 68 101 64 71 13 97 31 197 109 118 173 149 148 65 87 17 91 153 165 94 183 19 136 165 6 
76 74 81 40 150 15 17 38 15 167 79 74 4 87 57 44 117 38 191 100 5 142 75 155 88 79 48 106 37 195 68 22 28 193 61 141 119 176 131 186 24 54 171 96 122 140 136 148 86 75 199 36 132 49 55 121 165 170 23 194 114 13 16 111 197 143 125 132 139 198 122 145 121 128 140 51 183 98 20 4 58 98 180 35 142 47 138 117 92 45 99 78 40 176 145 200 152 42 13 117 126 108 17 151 154 63 24 131 147 131 24 149 190 74 77 96 125 143 116 94 179 137 14 97 164 184 80 43 183 55 134 86 3 139 79 119 61 74 196 23 19 84 146 20 136 46 144 136 126 124 
105 105 17 58 119 61 192 158 186 193 145 40 161 134 66 96 90 98 140 37 73 93 194 197 37 25 174 137 1 6 24 175 78 111 59 181 132 49 129 113 67 25 131 165 11 107 23 37 137 165 95 160 15 79 50 27 142 140 65 102 65 14 129 89 187 196 5 16 100 188 65 52 175 196 11 183 181 191 160 40 144 165 121 21 38 38 94 154 105 71 20 101 171 192 125 70 95 144 191 107 19 11 39 185 81 179 79 69 71 176 110 115 46 145 34 50 31 3 192 179 81 151 74 174 144 42 182 73 194 172 13 73 23 114 112 126 147 167 131 158 115 67 160 17 159 3 42 99 93 163 
68 90 67 7 60 73 102 91 129 7 7 52 126 31 74 141 190 114 44 21 2 26 17 57 12 105 195 150 43 62 192 117 59 29 167 31 103 144 171 55 167 122 21 117 48 46 179 169 137 71 191 6 196 106 25 2 142 102 124 34 157 9 9 95 159 38 33 148 200 176 162 36 127 31 130 186 171 48 184 83 178 95 109 173 103 3 75 30 38 5 148 49 29 62 26 39 51 122 2 55 113 184 155 45 139 152 9 117 44 182 114 87 180 4 82 63 93 48 124 85 190 156 155 176 98 56 91 181 139 63 30 181 111 115 99 4 194 122 112 191 66 82 181 34 118 13 123 140 154 96 
166 129 158 84 37 127 47 48 142 182 71 166 39 106 123 65 45 63 177 115 98 176 42 25 75 35 39 6 4 137 164 143 63 62 55 15 58 10 37 129 114 163 171 6 120 64 90 62 165 27 77 86 13 181 92 37 35 184 118 119 13 36 151 7 31 168 30 138 198 82 92 84 122 98 186 72 48 132 147 153 88 78 32 146 169 125 23 11 184 45 97 88 71 33 97 184 53 6 92 116 197 119 68 91 67 103 168 52 166 193 155 193 51 4 200 133 161 1 13 196 135 22 129 34 120 18 72 5 169 91 174 134 111 182 106 154 63 148 169 62 2 96 49 151 139 76 57 111 189 167 
90 14 47 152 100 5 15 194 48 184 173 150 52 182 84 100 168 26 169 127 179 133 76 7 32 176 43 176 157 84 2 38 6 86 147 58 149 23 143 13 48 177 34 76 49 139 71 86 199 68 176 191 91 136 149 64 65 176 137 116 121 68 100 65 164 34 64 105 13 176 12 51 197 105 192 45 170 109 63 186 141 192 121 98 19 79 81 80 140 78 3 58 30 120 3 56 185 110 109 48 57 183 75 20 57 155 36 155 83 109 138 5 167 89 147 199 20 163 90 6 151 179 36 146 134 24 14 92 119 130 159 100 70 41 162 113 113 117 176 81 180 12 24 137 180 96 61 120 63 121 
111 154 104 42 171 114 151 29 150 117 61 190 96 111 34 119 39 21 199 28 87 161 162 72 27 192 171 26 171 47 132 22 64 124 70 171 161 194 108 182 50 149 103 121 20 1 151 36 28 54 176 62 142 126 59 31 135 25 152 19 48 149 61 96 194 132 170 175 25 25 99 178 2 69 58 171 118 75 26 104 76 23 27 148 122 191 92 4 161 157 181 15 4 54 58 125 73 114 24 138 115 188 155 148 59 42 58 81 128 158 124 40 152 188 70 107 151 44 56 170 196 28 22 183 85 88 9 34 57 19 191 10 82 147 60 170 127 146 135 46 21 173 37 163 141 164 75 69 63 46 
6 72 194 181 131 160 115 178 187 114 42 82 199 13 50 53 21 119 36 98 133 125 133 172 21 130 17 200 109 12 84 20 71 125 33 70 30 15 8 41 92 135 113 178 76 124 68 121 131 136 182 174 6 30 56 158 114 106 74 112 96 187 124 48 2 115 30 47 9 88 120 172 125 139 4 104 82 3 42 11 150 69 163 200 121 117 54 196 154 96 111 99 31 168 164 144 20 39 122 37 150 118 1 32 197 133 8 174 180 30 143 142 189 53 34 125 179 173 40 67 101 137 58 19 136 63 163 103 92 112 163 10 79 93 93 13 39 118 116 155 16 152 110 157 196 133 7 124 185 160 
90 182 123 61 108 182 96 115 188 114 25 29 134 36 33 157 1 113 185 40 106 138 82 60 88 194 112 152 120 82 126 101 109 157 193 53 92 1 55 131 140 164 59 39 158 79 124 181 34 18 149 42 160 121 116 59 63 18 68 76 159 4 15 70 24 65 172 180 78 200 64 112 188 49 11 90 5 31 67 126 198 131 128 35 73 105 149 4 187 185 98 158 24 108 178 98 59 98 160 179 30 131 37 17 58 61 5 164 154 160 69 162 117 174 145 115 119 48 141 44 75 59 68 131 141 66 5 81 124 181 150 28 176 160 52 81 163 124 85 1 109 33 45 190 36 43 2 7 64 50 
29 146 1 140 51 118 23 35 103 185 175 162 69 37 181 23 46 25 25 91 128 16 95 28 200 129 39 122 69 51 56 171 171 137 39 148 60 162 104 191 83 150 178 102 164 84 69 162 126 112 106 23 179 191 72 5 73 91 192 192 84 78 43 94 78 8 27 4 155 132 33 190 86 17 165 143 12 175 138 162 105 172 135 112 31 31 43 116 104 88 99 38 79 181 26 187 50 125 85 194 129 6 92 186 34 101 12 10 133 109 41 149 194 136 149 151 88 80 52 142 45 155 117 173 76 116 12 167 3 133 74 102 72 43 8 58 75 4 74 65 64 61 35 26 56 154 82 117 83 153 
111 36 50 43 89 33 33 164 135 92 7 183 191 48 166 76 154 156 58 194 176 154 28 18 200 24 67 107 35 112 115 187 75 52 64 177 86 170 15 111 124 171 172 107 68 100 12 114 1 33 189 111 186 174 106 123 42 29 90 195 196 28 62 97 27 71 186 135 181 156 129 136 9 88 15 116 120 134 15 169 109 52 60 107 48 67 130 2 99 118 100 157 171 6 22 99 166 107 6 46 96 196 73 118 72 152 109 2 192 17 130 52 132 51 10 18 176 107 166 3 161 49 138 164 13 74 20 162 45 49 70 148 165 104 186 170 14 153 195 35 117 151 200 63 186 61 164 188 147 32 
151 26 146 122 76 45 167 51 16 88 6 103 42 78 71 30 72 168 173 108 85 46 84 146 58 168 152 52 188 134 76 181 67 11 80 195 84 20 6 83 148 120 27 58 1 20 69 5 49 137 98 95 82 62 154 162 88 143 90 142 36 110 28 200 36 22 66 4 119 69 5 194 126 106 106 56 56 43 183 100 74 33 165 84 149 151 29 13 191 2 77 89 65 176 94 7 88 155 53 33 181 153 56 113 39 190 146 184 29 17 145 126 47 135 117 71 88 59 11 154 25 125 146 199 17 27 151 20 85 170 120 60 147 35 109 165 3 63 25 177 61 39 18 175 133 6 28 87 43 117 
196 10 175 85 93 109 23 70 39 84 132 50 138 157 88 46 37 77 41 193 61 159 27 92 95 70 130 36 145 86 120 48 8 78 190 143 41 3 47 44 164 185 159 188 108 55 128 187 144 27 60 35 101 79 173 52 152 193 97 35 86 89 82 185 90 14 187 70 175 120 162 103 50 112 52 19 182 151 56 63 83 187 42 129 72 130 22 12 113 55 197 158 168 97 136 78 153 137 52 76 130 16 76 175 164 141 67 89 149 108 184 187 46 173 157 50 96 48 45 135 199 66 66 178 66 108 151 67 2 172 29 143 150 22 77 107 170 54 53 195 173 86 176 175 127 7 106 92 11 86 
5 153 75 195 44 84 110 154 197 5 122 67 141 101 173 55 153 147 107 130 2 195 90 22 8 17 195 98 27 108 102 95 178 154 57 59 54 62 6 89 25 111 38 50 106 136 179 146 40 188 178 52 79 11 55 12 188 117 168 188 136 38 70 1 48 106 69 169 40 43 198 184 107 105 165 183 110 146 106 93 130 105 172 101 66 148 49 77 82 51 40 121 130 136 45 158 50 135 102 89 162 74 49 25 3 199 165 148 196 29 199 83 135 51 182 124 47 9 52 87 103 9 132 49 180 9 24 126 24 80 87 77 144 126 30 144 155 72 6 199 5 36 25 137 142 143 19 57 16 195 
13 153 16 20 84 10 113 1 134 167 120 188 114 26 89 143 154 191 109 72 57 146 92 30 146 92 98 35 180 135 37 181 127 93 115 12 18 135 154 152 96 45 135 12 31 71 183 14 160 27 104 83 152 1 57 191 51 40 111 91 150 20 95 12 188 120 85 198 150 119 56 96 162 181 172 123 138 137 50 21 165 64 70 139 121 95 117 17 48 65 31 115 41 52 65 13 197 104 7 36 11 18 15 134 104 95 62 97 135 27 117 102 74 116 157 101 138 97 77 155 109 58 88 5 159 57 102 67 198 163 155 151 41 56 75 46 68 12 40 25 182 183 29 124 176 46 164 18 140 107 
44 38 168 81 117 126 68 150 81 100 42 34 8 126 45 83 171 81 76 98 49 55 106 109 66 111 94 2 107 186 129 6 21 16 84 65 155 84 81 93 148 34 154 84 80 148 15 122 155 61 171 181 173 63 42 15 95 67 149 87 153 7 9 16 198 175 119 60 92 11 184 51 2 116 40 46 64 76 49 27 139 118 30 152 15 57 169 175 55 107 150 63 30 120 82 141 121 113 7 186 14 43 190 153 22 111 179 30 91 125 21 119 95 150 160 110 194 21 154 74 155 136 160 3 177 58 20 5 174 164 60 172 15 68 44 189 103 54 152 122 11 27 40 130 180 120 25 190 90 166 
10 155 166 160 161 54 64 22 81 34 112 100 68 195 150 6 188 196 103 159 32 113 75 42 87 122 35 110 53 65 105 11 121 61 158 71 107 196 4 186 171 151 57 99 128 167 54 121 87 136 48 57 165 108 156 46 8 158 125 164 185 121 150 185 178 4 109 157 1 193 62 162 62 42 17 137 152 159 106 61 197 88 69 197 179 5 117 200 177 200 88 105 16 137 120 61 83 40 184 170 95 78 27 23 58 32 50 156 96 3 188 89 95 151 172 99 18 197 145 23 37 28 98 188 37 60 142 152 166 180 70 52 138 107 21 100 30 147 52 185 89 26 4 143 155 31 9 127 24 149 
78 98 120 59 127 95 30 166 188 157 15 167 57 178 86 57 171 18 183 27 197 80 198 188 117 27 137 44 45 150 71 23 84 111 154 193 42 21 22 7 90 39 88 179 43 56 28 125 11 29 34 125 143 173 111 18 83 89 183 137 121 161 21 199 47 60 92 127 124 137 34 177 30 108 8 106 180 11 2 74 99 8 109 139 114 135 139 14 147 81 73 4 198 45 99 95 17 117 14 76 155 179 48 115 90 125 101 193 187 24 127 196 132 73 83 23 193 11 99 79 159 192 185 86 10 177 3 196 177 17 94 98 200 190 168 158 146 117 133 39 144 149 177 49 118 200 115 189 198 85 
136 111 119 42 129 100 144 33 61 4 88 129 89 65 16 121 105 124 96 18 189 78 78 28 42 132 88 194 56 29 5 154 185 130 4 68 103 69 36 77 32 6 36 169 199 36 147 45 2 132 55 141 134 67 67 98 166 190 133 83 148 183 131 108 73 66 83 56 2 33 135 25 71 77 139 24 48 79 48 32 130 147 102 59 178 67 123 40 70 157 14 15 156 42 39 114 80 187 30 29 167 26 145 188 188 97 77 158 126 164 75 14 161 178 9 196 157 5 93 180 146 95 150 67 105 28 100 33 108 85 158 72 52 20 181 40 143 9 29 40 93 69 115 190 178 188 176 58 106 152 
155 3 16 165 112 136 92 68 85 13 103 190 73 79 48 6 44 95 73 193 162 184 144 196 97 146 138 77 150 130 185 104 147 40 31 184 25 52 59 37 160 67 7 157 107 26 57 64 105 154 128 32 130 93 150 82 110 67 111 200 31 125 146 75 117 76 20 96 128 2 20 160 64 185 178 3 193 13 122 52 33 32 56 197 181 190 59 163 138 64 199 22 181 178 111 108 2 196 13 163 55 58 36 87 97 71 189 70 17 37 75 180 155 162 46 99 110 180 190 73 42 32 173 134 74 59 134 160 149 141 113 37 176 107 50 157 180 113 150 100 132 60 86 157 172 95 42 76 107 107 
103 112 62 22 124 25 81 118 171 198 149 37 100 80 111 137 89 198 43 176 148 94 38 7 37 27 79 137 46 189 127 102 102 164 165 57 31 81 33 137 185 190 48 24 92 182 110 144 170 199 157 117 133 62 170 97 58 131 1 58 173 5 175 64 76 112 193 165 13 147 95 149 84 189 186 6 85 53 67 134 159 44 3 80 54 22 107 143 104 183 115 136 68 196 138 141 163 127 194 83 195 144 114 83 88 33 103 49 11 118 57 199 184 192 60 45 25 144 153 153 161 69 23 73 168 27 163 9 122 123 61 49 166 18 176 67 176 24 76 163 61 152 36 78 130 101 3 199 56 35 
176 189 10 86 30 99 3 169 125 143 120 46 130 143 89 26 44 75 28 19 84 101 68 97 108 75 195 100 120 180 135 102 40 59 117 19 131 31 130 119 175 89 136 170 85 73 59 176 74 99 52 163 17 37 27 91 89 200 167 184 75 120 47 6 135 113 4 196 9 67 165 199 102 28 31 45 124 11 20 119 111 144 74 175 120 44 130 60 172 3 176 74 36 187 52 17 108 89 71 172 127 81 170 95 128 180 126 6 168 59 136 179 153 35 162 81 133 180 76 169 58 163 57 185 13 164 50 136 168 174 57 21 29 83 156 102 38 10 144 200 18 66 62 61 144 124 160 101 33 80 
120 109 39 142 97 4 153 171 65 18 128 117 40 121 172 31 6 91 30 49 41 63 186 9 153 58 11 154 91 62 130 75 137 117 38 14 58 165 35 82 82 29 121 139 196 101 164 113 199 117 54 145 168 85 116 133 27 137 191 58 119 155 195 92 193 65 12 72 88 136 86 49 163 7 64 150 19 43 158 118 93 127 22 77 177 76 64 133 21 186 146 148 129 7 191 115 168 49 193 183 161 106 6 6 59 199 119 143 52 199 59 11 28 148 52 81 149 53 148 133 102 105 21 105 10 79 8 76 159 114 54 122 28 194 186 193 165 65 51 134 154 189 132 61 21 35 69 53 136 71 
43 150 116 96 147 42 162 19 139 62 179 52 16 54 146 73 174 44 73 176 127 60 145 177 35 57 88 100 82 158 160 20 7 160 22 192 105 37 188 81 34 30 12 56 21 110 140 25 162 8 65 167 115 195 165 150 172 168 200 142 127 177 52 121 173 186 75 7 100 133 136 89 163 102 157 155 6 179 135 8 66 113 80 196 122 55 137 195 55 91 112 119 113 28 133 155 161 147 162 21 23 196 27 58 1 35 86 197 13 51 164 58 189 111 11 10 78 120 33 136 169 152 162 123 120 59 118 55 144 110 192 42 24 84 18 134 2 76 188 174 124 138 150 1 142 198 156 94 21 117 
144 40 148 91 22 139 155 145 29 144 34 10 56 192 146 137 6 126 147 51 128 149 16 124 196 152 48 78 59 176 143 184 165 74 72 144 159 43 15 162 103 104 13 50 56 89 27 146 16 51 184 1 5 182 64 4 32 15 83 164 105 140 102 66 114 63 64 195 65 29 68 109 192 113 113 143 66 91 139 167 181 130 135 161 147 174 62 190 25 33 144 198 88 102 151 189 4 61 7 87 167 56 18 50 168 132 140 52 153 7 187 109 72 100 107 73 78 200 36 41 132 15 121 89 111 127 26 15 125 150 55 187 83 120 153 10 162 120 47 159 182 68 170 167 40 1 15 34 120 70 
163 104 197 84 113 126 123 106 96 8 115 145 97 51 50 190 68 6 3 132 123 107 67 27 12 192 94 61 171 134 101 21 94 133 10 146 27 96 135 50 55 162 59 110 34 112 39 64 74 40 64 199 199 164 10 100 143 124 183 27 111 112 70 59 34 81 35 142 162 105 10 90 11 100 146 48 71 186 87 41 127 192 180 168 49 78 199 16 63 184 50 84 58 135 146 175 132 146 156 138 196 68 71 36 41 80 57 139 121 154 65 92 142 95 2 52 170 8 118 163 191 56 106 83 9 22 6 178 105 92 36 118 140 60 75 60 180 5 131 124 86 96 119 126 190 112 14 149 66 1 
81 162 47 178 31 21 26 33 122 46 33 79 168 36 113 151 77 196 5 16 68 120 29 32 107 23 116 187 177 144 135 22 92 195 17 45 45 40 21 1 152 175 121 138 1 84 125 118 113 186 183 169 133 117 18 110 155 74 81 183 171 95 54 132 67 36 100 172 194 70 117 170 17 12 196 66 188 131 145 22 125 62 19 183 191 114 152 35 178 177 108 184 1 42 68 151 193 55 83 131 156 138 65 167 17 102 3 3 108 145 91 90 73 34 138 89 154 5 138 77 69 130 88 183 39 61 101 56 118 41 60 22 4 3 4 35 51 111 132 21 110 154 101 91 152 127 185 185 142 148 
107 10 187 61 23 96 172 155 181 52 178 69 62 173 52 122 66 81 148 196 30 140 144 123 189 181 118 168 26 128 32 29 68 11 113 34 106 20 21 77 90 40 72 108 99 92 61 169 148 199 155 42 186 131 131 124 42 36 192 88 62 140 168 71 47 13 78 142 174 195 4 7 200 6 190 146 6 118 188 18 145 167 61 106 188 6 77 101 128 45 146 114 83 152 90 192 91 149 118 92 41 64 103 26 92 142 88 116 26 5 167 177 43 113 94 4 84 45 117 5 42 22 107 80 166 88 48 10 41 14 147 191 112 29 78 43 82 20 192 91 184 57 31 167 181 152 180 159 184 148 
182 190 45 119 149 188 126 112 159 21 93 29 76 101 38 4 50 143 9 174 165 111 140 24 109 98 15 165 94 173 158 156 171 153 190 51 32 69 195 134 150 120 169 9 139 64 90 126 45 29 146 29 7 34 195 139 160 185 7 140 5 42 95 32 164 138 36 40 1 49 59 109 114 40 12 200 84 16 138 71 131 125 157 91 12 163 62 188 118 156 172 86 117 61 86 115 168 24 56 61 124 163 146 77 104 149 82 14 83 120 127 37 103 61 65 148 169 93 195 119 26 13 67 174 49 48 116 36 160 98 191 113 113 18 78 100 32 162 80 95 152 195 172 188 11 143 150 33 34 7 
172 135 16 187 81 36 198 93 110 94 190 179 150 93 61 69 160 154 45 4 131 195 198 58 159 87 152 180 3 177 197 167 173 124 57 33 98 165 126 76 106 5 92 29 57 36 22 32 74 44 175 116 110 30 184 97 194 166 23 106 90 113 102 103 38 131 157 3 76 169 74 70 81 90 25 81 181 91 37 89 116 197 110 115 50 158 143 189 29 122 165 65 106 119 78 53 195 59 46 47 168 142 15 189 194 116 51 165 56 200 195 89 173 121 75 124 55 118 7 181 180 34 186 73 46 96 74 141 185 49 174 47 168 124 44 14 109 76 157 85 9 118 31 139 133 139 181 173 198 90 
48 17 194 125 192 121 18 197 162 99 165 47 86 117 98 177 133 164 7 34 131 179 126 167 144 87 117 78 31 151 190 89 142 92 101 130 115 51 150 88 109 135 139 175 194 14 118 139 91 128 67 183 7 30 105 148 152 168 8 111 73 81 142 102 157 126 128 177 145 51 159 11 154 77 109 194 93 138 97 171 60 4 98 101 136 191 116 178 92 176 87 147 77 199 47 15 41 13 134 4 66 11 148 38 158 71 112 115 44 157 116 96 81 195 49 33 150 14 197 190 196 83 170 176 197 54 63 197 70 186 40 180 80 64 123 84 160 185 121 39 84 129 56 46 27 18 115 178 133 171 
157 34 39 81 100 114 76 44 31 81 71 39 107 60 184 144 196 15 94 100 9 154 106 46 98 9 151 115 140 56 74 42 152 121 147 23 10 122 96 129 135 169 73 109 36 176 69 93 26 197 148 46 108 200 176 13 65 53 24 161 161 92 162 102 58 168 131 81 52 91 29 117 35 39 72 192 60 122 123 98 162 51 120 159 179 84 67 79 110 5 8 23 34 79 196 66 41 86 74 156 170 37 28 90 40 62 104 88 5 155 23 123 82 158 167 142 158 79 187 63 169 31 75 12 95 175 141 195 27 162 175 143 38 41 181 124 184 97 156 165 50 76 107 146 49 67 137 117 188 55 
129 63 168 12 6 135 34 140 188 89 191 32 7 111 27 148 131 60 78 192 61 164 134 65 76 180 92 150 196 29 159 37 135 42 1 9 163 96 103 49 133 97 120 189 98 95 20 191 27 193 88 135 35 88 166 163 127 3 90 183 188 81 173 72 92 158 133 177 194 117 11 54 118 99 11 163 95 38 86 24 91 169 11 99 11 31 155 22 19 166 7 98 143 54 152 145 3 53 50 80 108 80 21 30 62 47 194 34 183 21 127 107 113 181 9 12 26 96 85 44 151 155 40 85 112 144 83 188 173 9 88 132 70 111 60 192 176 52 155 161 26 105 89 16 122 49 173 165 88 141 
132 53 175 29 152 166 14 147 17 182 194 84 175 144 162 114 61 98 13 119 197 29 107 32 80 112 176 185 131 69 171 28 50 46 84 149 21 106 83 191 90 7 51 187 165 126 115 114 39 104 162 64 1 186 66 146 58 187 153 63 195 142 140 197 160 2 117 189 145 147 12 152 121 54 135 39 65 149 153 173 147 112 54 47 165 178 31 47 8 158 152 98 151 154 8 139 135 170 45 140 188 21 113 175 107 52 168 25 150 121 113 40 77 131 144 100 172 199 80 70 73 17 176 99 126 51 157 76 159 143 89 15 191 42 115 106 108 99 53 150 17 191 199 18 16 94 51 195 143 42 
87 192 38 69 177 44 177 16 181 21 148 61 173 86 183 141 162 61 163 161 76 188 149 79 76 28 165 89 71 179 55 198 73 97 109 101 109 8 99 186 124 169 32 50 61 153 7 192 79 29 124 123 81 122 99 147 56 35 50 97 142 77 43 33 40 165 45 130 10 36 32 64 150 150 24 19 77 119 31 120 21 77 79 187 61 148 162 155 45 108 145 63 51 8 85 184 8 185 78 193 128 193 93 50 73 162 186 190 184 107 83 123 168 95 79 8 82 93 59 118 184 190 100 39 184 19 33 102 174 59 31 119 50 76 85 112 103 88 168 27 35 160 97 80 76 180 134 30 102 52 
35 18 113 163 172 30 162 172 164 200 51 89 134 53 150 146 64 133 117 51 166 200 87 94 9 27 153 50 31 114 73 7 136 94 40 196 25 21 83 44 82 76 77 195 151 44 155 133 24 122 4 80 124 34 60 79 178 181 73 89 158 124 99 12 200 128 153 47 23 66 68 113 63 12 108 75 130 177 178 21 110 156 107 140 141 89 115 146 137 90 40 33 47 92 52 103 70 34 144 52 46 183 89 14 189 151 178 81 36 99 185 111 34 100 53 88 161 6 9 140 115 61 162 28 178 78 28 138 195 101 25 181 199 174 91 124 130 149 82 89 147 108 50 125 138 176 169 46 65 89 
26 147 127 57 122 30 163 68 17 175 174 117 169 51 55 143 83 44 168 159 68 104 92 157 173 42 184 12 190 126 29 42 24 87 181 94 85 191 129 33 53 89 2 96 138 97 67 141 122 41 107 197 91 190 37 134 93 46 13 126 112 63 165 91 195 68 10 2 46 162 141 89 49 161 173 94 64 191 154 109 17 1 75 113 142 4 51 82 35 1 189 54 2 72 31 8 19 97 45 37 179 119 97 36 26 163 85 190 47 87 38 62 50 56 44 27 15 28 166 143 86 168 123 147 12 54 147 42 56 35 137 120 44 160 155 106 29 145 103 156 161 182 89 182 168 160 88 23 102 110 
40 129 133 177 153 55 23 9 18 152 47 37 180 54 31 157 46 193 60 169 30 43 111 81 96 38 63 56 160 116 84 102 128 196 143 135 156 183 45 63 76 47 145 40 34 170 136 16 89 177 153 76 142 179 22 95 85 71 199 189 24 155 27 117 14 147 62 183 157 186 111 83 114 1 6 146 7 102 137 9 67 91 153 8 24 36 192 189 111 51 1 134 132 48 81 95 170 180 143 143 152 163 9 127 127 152 170 15 142 168 199 105 192 162 35 3 6 15 125 42 17 5 184 87 89 63 141 32 189 5 150 196 165 8 64 117 94 64 81 107 15 134 20 135 28 64 51 21 164 178 
179 146 174 33 126 181 197 170 76 127 177 161 76 156 170 116 179 4 84 197 45 177 119 43 183 8 14 138 180 139 135 61 135 94 175 184 25 197 30 17 93 197 191 191 82 82 106 26 55 18 82 39 157 185 97 92 1 29 171 109 71 65 177 112 21 199 191 133 136 138 95 114 106 75 101 134 156 77 57 198 106 12 56 104 187 81 145 140 191 122 80 133 89 61 177 97 58 178 85 106 134 98 169 166 160 8 114 54 112 158 189 77 31 170 25 85 167 159 106 148 163 22 77 76 77 97 185 88 88 124 144 103 65 54 130 12 171 81 56 4 183 135 59 80 47 37 88 99 21 189 
6 165 37 74 32 191 119 158 108 152 122 199 137 84 95 57 64 177 97 67 131 126 15 94 77 192 10 187 98 1 186 39 105 127 178 185 135 53 79 173 98 147 153 130 128 25 45 173 182 145 78 194 107 44 48 5 42 12 180 80 57 161 46 185 51 185 20 40 150 121 22 50 164 162 118 50 98 163 140 78 108 113 177 118 125 111 132 136 164 91 46 92 90 163 33 92 137 33 182 85 105 97 165 150 178 87 49 42 145 200 13 200 197 57 64 14 89 16 78 113 8 25 51 193 191 7 132 185 118 188 81 105 127 2 118 98 127 18 42 19 89 132 169 83 69 188 188 4 138 16 
181 80 171 60 17 112 7 44 102 36 90 175 99 9 140 102 102 21 145 22 8 66 150 144 155 28 57 200 78 177 10 187 132 171 7 26 144 5 154 119 14 66 177 121 124 98 154 5 70 151 60 110 117 44 4 47 188 3 194 168 66 182 145 122 196 20 161 150 183 17 150 43 68 32 170 94 133 23 96 129 39 79 136 147 80 119 188 65 71 155 113 81 134 189 178 70 53 149 41 97 16 9 148 37 74 92 161 85 19 41 187 186 153 125 107 102 9 177 79 132 113 123 174 131 139 159 110 26 160 32 148 123 2 196 17 136 77 142 65 143 115 108 122 34 56 85 199 183 164 105 
148 185 82 99 90 88 17 8 182 168 30 52 20 178 32 124 115 153 133 122 144 11 72 191 188 119 160 24 193 167 158 11 45 53 50 122 25 107 60 9 110 22 155 98 44 2 32 134 27 38 150 140 150 161 171 162 68 95 126 175 167 133 109 139 187 164 134 128 93 160 125 143 93 123 197 80 88 64 54 21 136 42 1 110 129 100 199 104 34 186 141 56 184 76 74 26 43 19 106 29 79 109 154 25 195 61 21 114 134 118 62 15 24 52 169 32 44 6 45 63 5 168 60 91 39 44 189 136 152 139 58 19 54 76 41 99 109 20 26 174 40 107 123 124 117 190 71 189 196 41 
155 162 185 120 120 3 148 14 157 180 36 191 188 190 39 137 174 21 7 150 121 127 195 56 95 109 39 17 107 20 48 34 7 184 141 147 13 127 52 159 34 2 152 73 97 181 161 24 100 86 34 36 19 46 161 87 148 45 160 21 44 71 26 90 126 74 100 188 38 195 74 41 72 160 147 193 72 177 164 117 71 57 131 162 46 44 8 77 101 106 66 141 67 53 131 98 116 105 87 155 12 157 83 44 83 157 92 148 14 149 40 65 198 67 29 63 126 32 15 127 166 43 149 21 25 77 76 168 113 150 125 62 173 158 98 4 190 55 123 33 142 29 54 184 15 200 199 162 113 10 
108 39 187 59 16 190 1 18 189 45 47 75 46 100 51 12 40 163 16 193 95 139 35 42 115 39 40 91 129 103 112 179 155 20 13 1 68 85 118 72 125 39 16 65 23 80 23 93 187 27 14 129 102 34 25 16 173 25 96 47 1 187 18 28 155 102 105 177 24 37 88 56 9 62 3 139 162 39 137 113 101 165 54 55 91 56 185 141 71 32 61 198 108 36 187 84 150 149 74 107 179 41 41 37 186 115 63 166 101 194 122 198 131 101 176 120 115 97 94 27 21 29 96 193 96 81 110 78 141 87 171 68 178 123 184 65 79 11 74 104 65 11 38 52 56 66 17 114 189 161 
141 8 179 87 78 159 123 147 92 74 70 27 40 171 129 3 1 160 135 76 54 199 193 119 99 7 61 150 94 161 152 152 160 66 101 132 159 191 172 177 164 195 142 151 51 79 89 146 31 45 55 105 88 148 50 124 79 65 140 40 7 116 140 186 192 181 76 178 127 16 25 177 134 45 178 78 166 175 33 109 135 146 130 17 52 94 55 174 72 98 144 77 193 10 2 153 109 69 94 8 135 166 113 188 36 116 192 4 161 172 20 21 25 106 196 150 142 21 174 180 197 82 81 7 169 137 34 185 179 81 132 47 76 123 121 172 183 56 46 14 185 146 47 15 93 25 199 99 93 63 
24 139 29 49 30 109 49 102 80 148 133 171 46 113 66 122 196 138 93 199 1 70 192 172 130 178 90 13 13 198 43 160 78 169 163 188 19 153 128 102 145 149 42 93 21 7 152 33 96 147 49 29 179 141 55 20 178 41 28 171 28 132 122 18 172 39 61 100 158 55 182 184 104 16 59 37 110 166 77 69 108 160 125 109 73 117 175 79 33 138 39 82 103 169 160 53 189 151 159 66 191 136 69 30 100 154 18 77 94 123 24 71 102 19 152 85 58 102 177 61 135 8 119 167 136 198 179 70 161 166 193 174 55 30 198 79 155 17 101 178 113 58 36 103 141 144 196 141 37 173 
40 165 150 49 187 92 138 134 104 16 183 35 138 182 179 104 114 176 32 66 94 131 101 130 200 17 59 128 44 142 52 198 32 77 62 116 194 127 192 87 12 151 115 77 170 92 165 69 57 188 161 152 47 143 149 152 111 90 172 71 88 64 57 172 44 67 111 121 31 38 60 168 108 189 158 140 11 97 40 44 118 69 131 40 56 133 14 119 185 112 191 2 117 154 107 87 20 91 75 85 199 103 18 185 153 185 5 53 139 141 52 143 160 45 42 81 137 107 19 51 159 168 125 44 32 17 20 152 27 38 92 1 67 36 86 66 15 178 184 22 163 49 63 149 87 1 186 191 49 172 
22 154 170 186 108 186 166 200 46 58 87 76 102 61 54 117 197 116 127 84 159 27 13 148 181 196 83 60 35 60 51 31 2 132 59 65 147 25 118 195 46 70 165 97 103 50 78 5 140 171 140 14 111 193 155 196 47 65 34 117 68 70 87 29 123 166 155 23 22 87 64 175 182 134 70 66 114 94 193 13 78 124 162 188 19 187 195 50 1 200 160 85 18 175 100 122 102 30 73 137 177 141 95 87 160 26 10 109 34 195 93 105 67 41 124 75 192 9 157 117 170 196 87 127 162 177 111 163 29 174 131 182 2 144 144 195 23 13 198 93 6 91 185 126 115 82 124 121 137 190 
154 73 80 34 40 103 132 176 113 11 105 36 112 162 57 97 79 83 73 120 175 111 60 32 167 51 161 109 92 5 182 108 81 158 174 191 187 77 81 32 175 45 88 65 167 100 193 54 187 158 137 131 119 108 178 167 2 181 178 182 162 58 138 164 22 154 18 166 26 10 5 156 138 82 145 70 69 127 103 29 185 124 114 74 7 39 47 163 140 153 117 135 76 50 110 76 141 162 85 91 57 197 22 185 188 131 128 84 138 122 75 67 32 124 69 57 94 154 195 68 131 168 85 50 94 144 38 67 26 58 151 71 101 159 13 189 34 189 11 170 77 16 100 7 10 102 129 5 18 151 
12 192 165 59 1 181 1 50 20 199 42 75 168 32 169 41 180 37 174 181 59 93 84 20 123 155 29 169 156 140 195 21 187 39 171 148 116 119 68 188 93 22 140 139 28 7 48 44 100 192 50 18 120 108 122 36 86 30 145 167 25 144 139 192 195 200 159 36 178 15 13 162 46 131 17 183 113 117 14 151 200 100 177 40 174 147 113 54 122 42 29 173 14 32 82 143 28 13 193 156 123 156 117 190 116 42 124 149 52 1 158 68 11 174 199 114 150 64 171 45 17 39 19 62 121 44 27 171 165 185 70 46 109 152 103 11 65 4 131 176 122 33 110 72 42 166 107 118 40 16 
25 170 147 97 119 169 79 131 55 109 52 72 30 38 72 32 110 29 78 135 56 66 59 46 69 77 126 128 182 110 55 24 91 14 114 191 31 57 59 137 187 99 129 114 174 6 195 98 118 46 61 126 128 50 172 84 172 112 99 118 114 122 197 132 32 140 130 61 182 94 116 70 89 30 58 48 185 82 199 179 11 29 189 190 191 57 175 31 198 142 146 134 181 162 194 168 67 3 176 50 118 154 163 12 37 39 162 105 7 108 172 29 80 47 169 33 107 163 102 141 152 74 95 59 189 109 173 166 129 189 177 169 103 138 152 115 139 102 98 82 196 57 190 55 151 57 166 94 26 170 
13 9 194 82 19 96 6 66 3 187 124 138 181 119 153 166 125 28 20 144 120 70 9 150 100 85 122 99 170 67 124 83 54 28 29 172 164 113 161 181 36 95 117 191 103 113 107 108 164 1 52 67 179 33 193 4 127 133 36 105 15 2 193 38 130 165 140 41 48 88 5 113 9 168 175 167 80 151 132 126 191 91 5 146 89 47 30 188 102 79 95 196 175 192 199 169 114 194 26 169 50 200 12 66 167 79 81 67 24 87 96 45 129 83 81 22 17 84 104 157 166 134 91 6 191 101 44 101 181 33 199 95 185 30 91 20 22 110 90 124 32 120 67 101 182 40 133 113 20 15 
170 145 165 25 41 180 98 96 79 162 26 200 185 118 35 129 89 5 67 162 80 95 15 167 23 104 147 124 65 10 146 166 72 2 132 53 27 147 25 125 26 106 10 51 188 74 34 167 131 145 34 141 137 32 9 88 37 164 121 22 66 115 165 156 67 143 149 143 10 163 84 68 123 164 180 86 16 57 117 56 11 179 197 27 29 46 26 57 103 103 151 32 68 3 87 81 175 200 46 160 159 9 122 136 89 152 145 31 22 157 105 159 178 164 174 70 102 128 11 74 193 40 194 21 144 109 70 22 143 62 144 36 198 14 90 158 181 93 54 52 8 71 10 89 27 78 150 137 88 17 
131 20 132 173 125 12 60 98 4 32 151 143 4 103 72 117 120 16 83 147 90 143 92 71 144 9 29 191 29 50 157 13 82 150 167 109 150 175 174 156 41 92 64 158 174 126 135 106 70 11 172 187 122 69 81 113 16 109 23 154 15 147 150 86 169 127 108 8 4 102 198 5 192 72 112 104 103 149 69 153 133 51 110 192 62 31 107 22 59 144 25 60 17 159 157 100 111 88 94 142 3 117 131 115 59 179 28 97 26 165 14 160 173 95 135 145 140 170 58 25 137 154 61 17 186 63 14 132 47 17 117 78 2 119 110 13 174 58 178 70 131 83 57 50 102 176 155 188 87 12 
19 74 152 47 133 146 114 101 53 195 158 58 177 166 87 180 63 185 9 39 107 129 145 20 132 129 34 153 177 15 42 186 58 4 2 59 77 73 20 59 155 156 183 3 84 59 194 106 155 26 2 158 118 133 37 141 89 14 63 153 137 166 104 193 140 154 77 76 77 32 185 94 76 83 27 96 148 72 30 74 154 188 105 98 141 46 4 46 168 168 2 19 31 183 7 168 1 145 93 1 163 136 110 120 103 131 15 33 142 133 153 53 33 20 141 49 55 141 77 105 170 117 143 23 19 4 148 137 133 130 110 94 119 117 1 55 110 72 112 16 95 75 171 192 83 79 26 32 147 91 
57 137 89 114 194 90 147 142 177 36 98 106 68 32 16 82 108 182 3 21 150 103 173 21 160 127 193 182 105 110 48 173 140 9 126 18 107 103 75 56 134 50 119 179 2 58 22 118 194 95 84 199 21 119 168 166 132 29 108 143 141 54 147 17 8 9 82 125 7 124 7 50 145 65 147 182 149 4 33 13 193 119 64 13 180 59 124 193 139 27 37 74 118 43 90 184 149 108 45 124 134 143 123 49 40 93 141 67 134 72 32 134 135 84 90 187 38 40 77 137 26 119 22 116 118 102 27 76 105 36 192 133 81 10 13 2 128 194 140 56 150 94 134 31 22 147 143 63 90 122 
105 164 66 126 128 93 148 123 67 90 41 168 140 43 86 167 70 144 42 98 38 84 120 101 150 144 105 108 27 3 67 62 147 92 176 40 75 60 142 183 112 109 166 184 116 19 144 41 16 88 60 146 111 157 64 72 103 55 52 69 12 169 183 53 101 8 27 10 131 38 141 109 37 188 188 152 25 138 147 154 5 106 179 107 86 98 137 192 25 23 197 33 93 122 64 31 143 55 13 129 71 68 58 189 51 70 182 66 11 31 72 27 80 100 62 149 133 131 58 128 177 167 76 126 120 6 163 16 19 146 12 154 195 46 98 196 182 151 173 104 30 158 102 169 168 78 171 146 152 15 
131 101 166 125 146 90 42 8 68 103 187 162 149 198 107 148 102 169 67 87 73 1 1 74 137 200 40 90 44 175 120 58 160 51 146 60 110 18 109 144 65 3 112 46 66 118 90 141 155 18 3 90 57 12 110 103 181 62 153 84 156 71 148 154 64 125 131 109 108 3 55 110 119 156 176 1 200 101 140 118 82 144 156 15 176 134 125 87 39 95 126 63 69 61 119 137 1 140 199 102 74 191 113 148 145 178 68 174 152 117 113 154 133 72 108 85 149 159 156 5 171 55 200 177 71 101 15 64 137 185 80 31 101 171 74 101 96 153 48 21 148 60 131 95 76 112 199 104 161 156 
17 114 87 119 115 125 60 62 90 106 118 123 158 12 97 112 194 155 36 83 92 50 64 62 114 170 7 79 6 50 112 153 51 181 69 168 14 187 57 80 136 91 194 102 90 117 198 106 27 25 164 152 145 119 79 182 91 117 57 149 52 154 18 108 149 200 58 42 41 75 109 111 118 183 39 141 184 15 164 78 54 21 122 60 126 79 106 47 132 139 66 158 61 131 106 48 93 148 164 182 140 46 160 132 70 134 164 5 134 52 169 142 53 169 185 2 147 159 85 123 124 140 150 181 191 61 191 128 129 171 67 57 176 158 16 99 153 99 181 21 88 47 77 77 79 140 21 9 196 57 
158 129 25 69 46 135 70 146 61 58 4 17 106 142 45 108 186 193 116 173 126 40 3 158 132 90 43 48 148 59 45 152 17 14 7 59 49 103 178 45 90 58 192 126 17 113 105 183 47 167 37 51 11 127 155 126 160 157 42 1 6 28 17 63 91 146 12 78 26 146 33 110 61 175 138 156 17 189 133 71 134 40 139 191 62 16 193 100 87 177 177 79 126 124 190 132 138 89 119 9 18 176 89 35 199 63 176 18 153 52 102 138 130 18 163 34 31 126 137 84 18 86 100 9 184 38 90 22 86 100 32 21 20 140 159 161 126 2 82 3 23 42 182 6 157 23 90 45 17 34 
38 70 181 82 179 173 160 130 196 188 128 164 74 167 129 73 101 117 99 17 170 163 192 123 2 31 14 7 194 88 198 54 86 88 105 162 86 7 71 124 20 183 54 78 188 72 6 104 45 128 114 177 142 186 37 123 130 131 173 127 62 18 83 162 89 3 83 182 24 75 113 149 151 94 18 181 61 128 89 19 114 179 99 64 31 125 71 62 96 191 37 87 12 52 194 72 96 190 129 24 163 29 197 200 63 3 152 186 32 137 156 117 26 118 2 55 103 148 16 52 119 158 187 105 25 69 48 190 83 16 9 127 128 140 164 3 130 58 17 143 88 59 103 58 50 60 62 180 184 20 
109 142 45 88 89 86 154 3 121 47 95 163 93 108 129 135 9 134 137 29 109 7 193 35 43 99 28 113 98 66 67 68 106 130 77 4 88 29 124 21 171 33 11 99 192 19 136 170 85 141 111 5 198 27 94 136 115 19 178 193 153 117 193 171 142 108 167 199 9 20 178 6 135 146 11 115 26 99 142 32 39 141 58 162 162 109 122 57 30 166 44 141 195 19 22 180 89 14 149 115 76 51 48 98 95 30 53 77 93 37 56 121 20 160 168 197 3 75 177 19 41 154 152 196 46 84 90 181 106 64 117 190 41 24 98 87 186 32 158 113 180 89 99 147 43 167 172 161 7 64 
4 181 77 96 76 150 127 122 187 113 177 2 171 19 175 27 80 103 43 156 90 146 161 192 81 61 21 149 166 163 117 118 50 86 5 19 116 14 31 103 46 169 33 183 171 140 79 155 71 102 130 161 72 59 144 50 142 197 31 48 41 181 185 62 47 115 69 47 14 74 59 57 147 69 142 22 188 145 24 39 4 98 30 128 59 119 130 157 154 31 1 71 185 122 103 44 24 145 4 59 130 79 69 49 121 73 137 61 141 55 92 132 38 157 127 72 134 67 137 165 198 81 124 79 139 73 179 158 146 129 89 132 164 148 153 188 99 16 123 196 87 8 136 14 143 90 94 116 126 44 
17 145 125 60 152 15 144 17 86 24 3 103 13 13 91 140 25 31 116 77 98 19 133 172 139 24 188 16 140 157 6 45 20 129 12 38 10 43 182 16 18 52 36 18 100 133 74 23 104 118 175 29 63 49 194 68 4 111 186 33 171 125 144 16 26 122 31 33 23 178 144 198 159 42 17 132 26 107 138 199 174 131 194 25 114 85 135 108 183 26 49 126 159 63 60 53 114 199 115 156 34 63 16 179 169 54 185 182 83 35 165 9 185 145 148 91 25 31 124 159 78 153 130 69 133 132 164 66 82 88 39 126 191 163 186 29 32 115 21 65 91 132 50 49 11 155 10 16 155 22 
25 112 95 56 198 107 22 51 156 124 131 75 7 154 48 189 35 153 34 150 116 163 104 146 68 13 66 167 30 43 173 196 141 87 119 10 151 166 135 149 97 94 74 159 194 129 122 30 53 177 14 64 83 199 94 190 16 101 121 6 123 140 194 82 176 91 116 191 40 66 191 58 61 121 57 55 70 5 157 174 133 117 190 30 82 53 156 37 193 75 166 107 8 51 124 32 59 9 47 193 106 42 103 73 130 13 156 172 90 119 188 73 5 108 106 16 173 32 14 165 113 10 6 16 150 45 134 65 184 196 34 66 160 190 156 183 74 190 119 59 166 130 63 123 194 58 137 20 111 158 
86 50 101 42 108 162 198 51 90 157 50 44 140 33 144 188 172 134 179 5 144 105 92 53 161 79 90 50 55 135 9 196 184 72 114 174 181 162 69 134 153 150 69 26 6 68 13 104 152 179 60 159 132 80 186 68 173 170 149 181 130 46 184 157 169 137 19 173 53 70 124 13 126 103 153 35 42 59 117 75 179 154 170 29 141 182 177 137 103 152 128 25 130 100 139 88 195 165 140 60 21 169 185 130 158 33 31 88 157 93 132 191 106 180 61 110 39 45 26 184 96 84 10 18 169 73 103 12 197 32 20 163 24 9 185 109 89 135 64 199 172 61 122 190 166 56 45 6 116 108 
125 175 46 35 11 117 101 5 81 163 183 195 196 169 128 70 20 90 152 53 85 144 2 146 80 48 112 116 23 60 48 51 29 131 93 171 37 54 10 11 131 187 9 88 159 194 14 60 21 166 151 176 65 11 17 64 38 172 192 89 116 90 41 76 182 21 32 9 16 38 84 89 88 76 10 150 42 78 181 38 16 187 50 62 188 155 22 163 106 169 23 6 87 174 30 72 123 174 196 186 109 182 20 99 154 18 176 166 36 48 156 38 176 13 98 168 57 170 69 81 3 187 121 51 54 167 193 8 53 181 181 195 98 46 33 76 1 77 43 185 112 187 135 65 49 56 48 188 148 169 
136 16 123 116 33 164 79 99 51 200 150 183 121 167 108 200 105 28 36 48 181 49 115 31 89 15 187 48 82 14 18 97 119 168 124 73 196 68 128 100 63 10 15 78 96 156 107 151 101 192 6 56 156 24 12 194 195 24 48 106 189 188 6 146 96 163 169 110 150 72 26 11 11 125 34 24 61 193 6 8 111 129 55 47 129 106 54 122 56 100 87 21 136 79 77 75 48 114 172 169 119 10 120 2 187 11 123 77 149 58 48 155 92 185 149 187 54 77 159 7 190 100 130 128 145 47 90 179 30 44 152 99 37 157 62 55 56 96 189 195 46 182 166 92 9 73 186 192 160 189 
140 104 173 31 118 61 180 178 148 33 90 171 167 43 141 142 46 163 43 146 167 21 197 65 131 14 13 42 165 102 23 173 154 55 178 128 83 78 14 112 121 188 198 77 52 71 35 119 194 51 200 86 157 111 48 50 87 89 131 97 114 17 151 149 105 32 64 184 149 120 46 4 108 180 145 91 43 17 91 79 55 44 166 178 161 91 52 161 84 48 180 146 76 119 171 5 184 157 96 111 7 82 14 114 170 124 93 68 7 60 48 73 83 84 140 159 131 119 131 92 17 68 79 127 133 21 64 16 184 10 143 105 92 29 39 199 137 87 90 61 92 94 125 110 81 31 141 125 12 163 
34 187 194 192 127 95 76 36 126 54 36 153 177 147 165 128 126 31 92 38 58 84 168 175 168 117 121 100 128 91 111 112 7 117 66 58 134 40 167 32 184 171 14 61 83 28 49 90 115 53 47 98 61 24 82 43 113 48 147 197 175 186 99 181 7 69 111 101 66 17 155 60 38 147 22 93 190 198 109 101 169 60 151 63 2 199 155 68 40 18 169 70 119 182 68 77 4 65 188 122 31 7 95 49 33 187 114 106 142 138 58 186 89 82 89 47 123 18 133 93 67 119 33 98 126 13 116 128 171 38 155 191 110 84 158 157 17 71 182 194 20 197 90 101 8 169 197 69 50 127 
143 160 40 175 193 73 124 178 89 37 21 114 89 11 12 64 108 7 144 88 90 171 186 110 122 80 94 95 85 13 88 48 120 49 157 166 67 66 133 187 181 98 68 193 161 139 156 71 122 72 8 144 75 176 172 44 114 128 146 138 16 82 63 148 176 53 150 88 148 197 165 136 13 102 119 111 88 192 118 185 100 49 19 99 18 4 11 129 172 194 2 90 59 3 82 124 156 6 120 34 118 95 8 104 65 179 157 139 118 89 184 171 165 76 99 51 105 102 11 142 110 183 188 167 186 128 138 99 194 58 157 131 50 76 188 198 124 19 138 32 67 69 85 71 104 49 188 122 21 42 
97 88 18 137 101 91 115 40 188 129 185 33 110 183 10 14 16 79 162 17 141 194 150 159 122 167 184 108 76 23 170 152 153 122 172 43 126 166 86 25 127 62 123 110 53 137 185 165 144 38 183 186 16 60 85 17 160 103 5 154 112 75 117 137 176 1 109 97 7 18 51 37 12 95 33 118 173 10 85 178 150 200 71 86 85 32 44 64 29 77 77 24 122 20 54 166 22 32 176 15 22 104 168 34 195 168 150 129 131 68 30 89 60 40 103 145 4 41 82 135 62 191 165 33 129 190 84 137 102 20 66 15 71 66 8 115 96 141 167 5 151 172 64 58 27 90 184 53 71 168 
101 45 86 116 145 46 123 77 176 32 127 135 136 184 50 78 124 193 21 154 113 44 23 43 117 30 145 162 95 70 199 190 59 9 151 71 106 15 82 140 176 48 152 188 70 56 168 42 8 42 145 183 12 50 42 198 182 116 49 107 82 163 160 36 66 139 93 116 169 81 48 155 193 191 75 117 157 42 38 2 135 94 140 25 187 161 99 119 8 189 25 37 137 195 95 186 61 184 178 121 131 26 185 102 42 15 185 161 125 45 57 33 65 72 156 109 170 49 91 56 135 107 114 14 144 142 5 176 181 12 56 45 42 57 86 22 107 110 118 158 35 162 147 193 183 5 168 127 41 118 
