50 6
0
1
1 23 137 297
2 72 53 -34
3 132 184 1236
4 151 97 151
5 160 158 1108
6 186 54 186
7 217 104 425
8 226 25 426
9 264 23 448
10 297 173 1681
11 322 76 778
12 345 65 605
13 388 143 674
14 416 11 482
15 433 108 649
16 500 68 364
17 567 170 227
18 651 53 651
19 757 49 659
20 761 169 2113
21 773 73 919
22 803 113 1707
23 850 182 486
24 868 143 1440
25 895 95 705
26 949 6 949
27 952 68 1224
28 958 173 958
29 987 123 1479
30 1082 46 1266
31 1135 87 1309
32 1178 197 784
33 1196 156 2444
34 1216 116 1448
35 1320 163 2298
36 1322 121 1806
37 1364 38 1364
38 1371 136 1099
39 1397 150 1397
40 1437 84 1437
41 1450 98 2234
42 1497 72 1497
43 1517 49 1419
44 1534 24 1630
45 1545 28 1657
46 1558 82 2050
47 1569 148 2457
48 1610 19 1572
49 1638 166 1970
50 1641 114 2325
148 150 172 40 92 108 93 167 87 94 189 32 132 72 170 33 178 178 58 137 174 110 86 197 197 139 7 21 72 7 75 189 156 148 134 23 85 2 41 65 105 128 81 86 181 103 47 135 33 161 
10 67 63 18 178 64 46 41 102 8 35 184 188 19 16 156 117 2 186 54 28 166 158 11 180 161 47 141 38 135 11 169 9 196 18 185 196 106 142 116 137 116 146 169 39 117 2 65 161 172 
142 194 99 26 50 19 86 46 51 24 146 180 116 13 180 35 17 113 136 109 180 123 70 81 173 9 149 11 194 168 186 50 60 38 170 112 97 63 120 3 190 6 98 141 141 11 21 121 15 144 
168 34 24 161 131 25 175 44 102 100 49 1 14 6 63 82 67 149 51 75 164 59 164 160 29 164 43 150 117 27 127 171 111 194 77 145 39 15 184 80 3 3 193 91 145 168 188 34 13 170 
199 180 130 61 2 118 86 199 166 24 23 139 23 155 36 97 135 170 54 117 143 80 99 28 37 92 186 111 101 173 20 178 66 91 24 178 31 196 76 178 60 23 14 82 14 183 19 163 2 4 
47 86 70 4 56 60 50 56 109 54 123 154 20 199 100 41 69 35 72 85 197 43 103 152 44 29 48 14 99 178 157 93 178 28 24 39 183 21 179 177 192 2 160 170 193 3 23 145 85 63 
37 83 51 68 148 70 10 13 158 187 117 185 180 38 119 74 39 167 88 195 133 9 144 137 90 119 63 51 48 67 167 70 60 27 193 138 35 117 8 65 52 128 67 30 49 54 131 8 159 116 
34 120 112 154 3 129 197 122 119 159 199 17 136 179 144 66 50 142 12 121 15 81 138 84 125 46 150 158 124 10 159 157 101 9 120 147 143 131 124 28 182 92 64 54 172 97 131 19 26 97 
194 16 186 177 177 10 19 104 70 56 14 117 91 144 13 198 90 78 150 184 183 55 95 131 23 200 42 155 13 161 10 106 42 93 23 105 93 3 41 90 43 197 136 62 36 144 98 171 165 1 
199 40 180 186 136 181 62 110 46 59 161 190 184 179 126 111 137 175 38 29 10 179 175 2 110 197 19 11 181 46 10 179 143 122 132 142 185 94 86 76 176 68 133 15 23 31 130 2 127 99 
113 147 148 140 88 175 38 91 116 198 10 150 135 167 54 147 180 103 88 18 174 182 52 21 51 151 40 59 142 144 181 144 85 153 154 103 182 164 164 199 185 109 61 185 112 171 166 33 53 49 
135 157 24 128 21 187 90 55 163 150 95 170 176 110 99 148 141 155 164 179 167 55 97 173 66 24 180 171 78 43 143 44 180 21 37 62 21 52 17 186 198 131 13 21 2 12 22 143 63 103 
194 94 9 92 163 72 167 12 123 50 11 15 198 171 93 101 28 140 157 87 75 159 8 133 139 149 21 163 140 181 175 142 2 53 120 196 193 63 180 19 87 103 79 16 102 185 49 184 198 58 
17 36 52 127 130 34 71 189 51 54 79 184 67 28 30 153 179 200 199 84 135 58 32 145 145 25 20 4 161 178 72 83 195 148 45 152 106 141 145 156 4 64 197 81 194 194 196 183 19 199 
1 175 165 197 90 140 122 55 157 173 18 27 127 115 69 16 2 88 125 140 135 96 35 91 175 192 85 187 87 70 70 4 57 21 94 178 105 195 17 41 127 1 82 76 103 20 102 150 105 77 
79 52 195 142 174 13 52 163 28 122 5 157 112 189 122 49 193 160 145 13 52 111 128 168 102 2 117 20 151 117 48 136 144 133 150 165 190 97 165 61 14 164 142 192 119 75 92 24 37 110 
173 176 89 117 118 78 14 37 49 44 81 49 134 30 12 143 4 120 59 172 181 170 196 169 121 95 129 135 26 179 156 70 66 169 195 97 66 15 28 123 144 37 100 198 179 174 99 163 135 3 
91 137 90 39 171 22 107 198 103 200 102 2 114 113 136 107 118 56 77 78 100 100 73 104 13 5 142 54 2 44 65 134 146 101 131 16 9 169 147 1 138 176 140 47 146 42 175 25 26 177 
15 181 93 37 140 36 72 53 45 92 171 200 160 170 11 173 21 109 152 14 59 100 98 124 118 82 24 12 83 122 124 140 14 96 32 172 180 130 133 135 104 154 180 170 63 62 184 107 57 36 
60 184 6 185 95 79 177 133 169 136 128 89 113 152 144 129 155 116 22 60 96 117 7 97 7 170 6 21 47 156 77 178 58 67 22 191 149 105 124 44 198 160 13 119 18 141 132 49 178 138 
115 146 3 141 175 14 136 26 27 14 46 67 60 16 69 48 183 85 66 36 17 181 178 132 195 136 161 191 179 62 22 165 5 40 161 159 167 9 109 115 69 17 49 181 5 21 126 180 199 67 
29 79 169 197 156 122 21 84 41 138 5 38 49 42 164 127 40 184 38 21 159 170 9 158 134 45 188 17 82 177 44 134 104 179 70 49 29 55 14 122 96 121 59 87 35 25 144 184 192 14 
190 175 36 77 49 103 200 131 78 10 66 131 174 38 183 159 152 134 64 67 133 21 21 129 135 181 28 162 86 62 13 125 56 176 169 78 37 62 124 193 110 198 9 44 157 5 98 144 175 172 
55 85 178 3 8 115 51 61 123 100 187 83 172 73 22 69 192 169 188 56 136 124 119 57 107 31 53 98 77 127 41 141 108 1 49 77 147 164 161 112 21 54 72 71 41 38 24 91 191 21 
75 186 28 29 74 73 90 187 9 197 48 24 45 116 83 136 139 64 42 32 48 44 2 47 160 14 134 140 112 77 79 106 142 48 138 170 161 134 3 136 5 166 45 43 143 41 11 83 43 54 
129 68 34 34 48 196 136 121 163 89 186 139 155 64 25 140 102 137 134 34 177 131 148 5 169 184 104 180 48 123 57 148 196 132 120 71 184 110 20 192 128 63 88 192 129 181 181 25 189 165 
193 83 194 110 33 26 39 184 9 51 73 136 120 135 134 189 169 30 38 2 6 138 141 103 162 93 99 38 196 171 47 92 138 3 57 152 23 64 199 54 138 126 55 145 62 28 57 161 170 123 
81 117 127 162 92 2 43 164 34 7 89 111 145 103 190 49 161 38 7 198 111 96 78 111 132 142 52 172 133 78 142 62 17 18 3 71 55 171 78 126 6 165 49 23 4 197 89 3 136 177 
72 145 124 46 29 80 137 113 180 157 23 113 199 175 98 52 154 38 159 121 125 200 170 175 127 106 69 171 183 71 25 158 165 43 126 73 136 194 14 166 102 21 150 138 164 102 142 55 3 122 
123 99 157 100 48 85 168 138 105 156 35 167 186 4 160 90 6 87 13 145 22 157 37 52 186 118 97 186 22 17 53 105 36 27 158 158 111 159 65 193 58 54 140 200 163 122 141 121 122 170 
190 89 109 59 74 101 40 85 168 29 143 103 193 174 105 183 89 189 60 182 187 154 78 165 54 60 54 20 37 113 40 95 9 119 24 73 17 99 122 174 84 132 71 121 44 5 2 154 61 54 
37 20 102 172 185 70 44 45 166 74 64 81 34 177 67 30 121 176 66 150 73 184 93 99 189 10 192 86 124 28 4 193 117 155 19 191 98 175 80 31 168 115 175 74 57 193 177 69 170 6 
199 145 49 86 87 46 193 54 112 123 93 9 79 77 23 53 115 27 4 73 107 45 16 80 141 168 36 149 67 128 87 108 147 3 178 42 73 129 68 61 24 141 175 191 70 72 36 29 164 75 
172 90 31 83 47 186 191 89 45 64 198 60 169 53 31 142 100 143 19 122 149 70 45 44 65 9 63 8 9 124 85 57 74 33 19 91 152 148 34 158 171 12 53 191 13 100 36 101 186 175 
89 120 100 133 59 106 137 149 176 5 192 20 128 105 61 152 34 1 122 90 97 125 157 46 62 135 170 51 75 151 84 1 50 136 33 171 146 42 102 105 97 24 99 85 128 30 98 35 19 136 
159 127 117 109 178 43 125 170 85 161 94 131 77 113 67 5 176 80 31 148 80 194 78 40 149 165 123 141 145 7 114 9 179 30 133 125 44 33 17 67 3 164 39 124 64 76 165 153 75 111 
118 72 106 100 100 83 1 47 13 168 59 132 32 38 133 46 107 183 86 12 13 56 159 3 84 140 38 4 183 159 41 60 98 199 133 67 155 139 52 141 14 121 75 177 64 129 193 179 170 73 
48 49 170 147 97 17 196 186 99 4 140 161 165 52 109 157 168 158 7 55 64 189 137 65 55 110 82 97 153 145 51 57 59 51 10 110 62 12 24 168 82 114 89 51 22 79 16 95 142 12 
87 148 150 48 57 145 81 19 28 47 1 20 167 169 68 15 91 85 151 90 194 189 143 128 49 8 51 90 125 90 164 17 145 15 160 48 62 37 150 55 14 47 194 155 100 58 27 198 16 111 
127 28 119 69 30 5 49 73 85 168 188 33 144 102 109 151 168 50 124 113 65 98 182 138 127 134 2 53 116 45 59 126 32 60 137 95 64 60 186 117 92 84 148 155 118 193 21 170 116 49 
44 148 127 159 56 2 94 106 157 81 63 166 182 158 115 137 67 129 152 36 162 14 109 94 80 16 127 135 97 144 65 28 193 136 40 131 44 89 179 63 181 116 136 106 103 21 70 97 77 171 
188 94 11 161 166 32 154 43 162 2 36 96 162 106 11 102 9 167 179 8 11 42 75 114 96 60 138 140 194 75 125 171 48 182 192 65 98 7 120 170 6 191 7 45 116 30 157 55 38 19 
78 52 115 79 197 155 177 169 35 39 194 26 169 114 74 145 25 35 150 173 118 58 93 178 120 37 183 122 180 66 21 26 72 94 94 187 45 117 35 19 185 194 53 51 140 119 53 180 148 162 
82 192 13 77 177 18 178 155 64 49 197 147 163 72 75 124 55 169 117 56 164 143 137 145 88 82 77 168 78 12 24 162 36 46 193 175 117 103 54 175 158 57 40 69 197 108 169 16 89 107 
7 48 35 5 35 194 103 149 99 38 79 80 193 189 82 192 178 58 82 126 194 131 51 134 17 199 57 75 119 24 129 76 99 196 31 98 100 18 59 4 152 121 133 183 121 45 190 61 65 140 
148 98 181 66 165 173 29 66 188 73 154 69 124 135 138 160 77 88 150 107 181 199 47 197 63 151 69 15 52 112 15 161 136 65 77 122 111 53 25 10 142 78 68 102 114 137 36 83 159 154 
54 27 84 136 145 35 146 122 175 122 118 122 148 177 88 58 174 9 148 130 72 130 114 105 188 187 184 140 4 103 121 94 172 90 49 75 71 94 110 186 194 51 10 91 199 133 114 158 187 98 
175 145 122 164 199 9 74 97 119 109 158 20 28 159 31 7 97 23 148 85 60 50 21 171 188 19 19 134 111 105 125 5 23 164 34 186 46 76 140 87 63 165 51 145 91 88 181 189 70 5 
163 116 57 82 78 159 96 118 86 148 154 132 60 65 193 127 55 27 147 19 54 160 14 61 62 23 7 180 28 69 120 145 89 84 61 134 73 83 26 190 20 62 60 123 166 178 53 160 124 189 
60 2 183 184 56 14 89 31 22 6 151 175 66 185 195 104 143 197 49 63 49 87 186 74 122 81 13 196 197 20 174 15 19 25 166 118 1 105 35 48 58 142 93 162 26 137 85 149 74 23 
38 63 137 160 81 182 4 154 161 43 155 4 12 59 90 87 63 112 5 88 185 16 111 186 12 125 142 30 9 53 101 174 190 7 148 64 91 140 67 26 85 137 91 60 123 198 52 63 11 132 
