150 2
0
1
1 78 149 78
2 83 146 -209
3 87 144 375
4 150 12 246
5 252 148 548
6 332 118 804
7 335 183 335
8 464 78 308
9 480 75 330
10 609 184 1345
11 827 97 1021
12 882 198 2466
13 937 98 1721
14 1017 110 1897
15 1104 193 2262
16 1295 157 1923
17 1443 126 2199
18 1483 92 1667
19 1568 129 1568
20 1650 50 1750
21 1658 64 1658
22 1673 161 2639
23 2006 159 2642
24 2080 156 3328
25 2120 124 2616
26 2179 59 2061
27 2275 109 3147
28 2293 168 2629
29 2329 199 3523
30 2339 116 3035
31 2710 15 2800
32 2741 10 2801
33 2882 158 2566
34 2993 150 2993
35 3318 105 3108
36 3330 59 3802
37 3382 61 3626
38 3416 177 3062
39 3471 89 3293
40 3639 86 4327
41 3695 108 3479
42 3755 73 3901
43 3769 162 3769
44 3828 56 3940
45 3851 97 3851
46 3888 121 4130
47 4001 38 4229
48 4195 82 4851
49 4225 167 3891
50 4345 194 4733
51 4345 87 4171
52 4417 101 5225
53 4422 72 4566
54 4716 64 4716
55 4757 175 5457
56 4778 128 5802
57 5106 118 6050
58 5186 6 5222
59 5244 124 6236
60 5251 20 5211
61 5566 82 5894
62 5622 16 5718
63 5784 180 6864
64 5815 9 5869
65 6150 184 6518
66 6183 194 7735
67 6400 43 6400
68 6594 4 6586
69 6737 125 6737
70 6884 92 7436
71 6986 181 7710
72 7079 177 8495
73 7104 148 7104
74 7178 57 7292
75 7190 188 8694
76 7430 71 7430
77 7437 103 8261
78 7437 41 7683
79 7710 108 7926
80 7834 11 7834
81 7869 89 8581
82 7937 21 7895
83 7990 3 8014
84 8009 156 8009
85 8036 5 8026
86 8240 24 8384
87 8272 179 7914
88 8286 50 8486
89 8332 120 8092
90 8416 56 8640
91 8484 139 8484
92 8586 183 8586
93 8606 22 8782
94 8618 134 9422
95 8704 150 8404
96 8778 119 9730
97 8813 37 9035
98 8884 146 8884
99 9022 4 9030
100 9024 115 9484
101 9431 91 9795
102 9730 75 10180
103 9898 34 9898
104 9917 154 10841
105 9923 105 9923
106 9934 11 9978
107 10042 59 10278
108 10377 53 10483
109 10439 53 10333
110 10499 154 11731
111 10625 80 10785
112 10762 115 10532
113 10782 64 11166
114 10797 79 10955
115 10949 27 11111
116 10973 24 11165
117 11094 138 10818
118 11197 88 11725
119 11408 12 11480
120 11411 85 11751
121 11482 72 11770
122 11548 31 11486
123 11762 152 12370
124 11945 147 13121
125 12027 133 12559
126 12062 149 12956
127 12095 169 12771
128 12383 133 12383
129 12397 157 12083
130 12399 171 12057
131 12434 146 13018
132 12515 27 12569
133 12617 104 12617
134 12809 146 13977
135 12962 21 12920
136 13002 8 13018
137 13223 20 13383
138 13279 60 13759
139 13333 154 13025
140 13482 108 13266
141 13692 42 13944
142 13736 89 13558
143 14239 30 14359
144 14336 178 15760
145 14372 80 14372
146 14407 114 15091
147 14417 122 14905
148 14446 51 14446
149 14531 1 14539
150 14757 170 15777
63 29 112 63 87 194 40 27 198 193 58 168 80 104 66 12 173 137 25 166 136 9 56 112 160 61 48 136 74 89 121 96 115 44 156 157 192 190 111 81 135 12 1 88 179 148 139 80 27 194 169 45 75 176 159 111 99 8 135 6 65 23 78 130 1 83 144 198 99 105 129 162 59 109 194 154 78 199 59 19 149 130 66 131 44 106 12 58 112 68 184 157 169 190 166 109 60 182 84 29 153 97 31 179 175 124 48 100 63 155 80 187 19 175 198 154 82 184 111 40 103 162 79 194 193 141 171 40 158 65 71 141 25 145 145 1 199 120 106 12 157 62 7 135 128 45 133 114 37 124 
169 95 182 95 160 30 96 2 43 23 15 92 125 182 105 49 140 110 25 96 77 69 4 116 35 140 110 184 87 2 14 146 132 95 143 86 176 176 72 26 25 121 151 189 115 103 71 177 176 165 20 20 82 152 85 43 88 37 132 133 28 82 26 68 141 183 44 32 46 75 121 38 194 139 153 113 2 138 83 8 143 74 55 147 155 52 57 56 37 200 90 191 13 27 83 58 150 26 89 162 142 196 103 69 11 180 22 117 79 154 14 6 31 141 148 83 49 140 9 47 1 6 90 31 33 177 101 156 186 102 37 127 139 14 158 163 161 35 137 144 187 85 61 92 89 69 54 154 192 42 
123 115 69 71 127 110 100 53 135 172 31 186 117 80 163 127 164 56 87 55 53 1 21 157 30 29 179 54 86 84 120 84 4 132 143 145 72 63 126 87 21 97 15 43 92 195 108 122 23 77 144 177 82 168 169 152 12 195 156 80 58 7 55 7 196 30 57 100 45 103 153 160 85 12 110 194 187 135 127 171 116 34 2 123 96 135 176 29 129 47 9 89 70 34 136 170 46 129 29 129 107 126 106 163 46 9 175 146 40 173 124 112 101 71 128 15 129 152 37 101 80 96 144 82 123 18 194 177 182 30 61 154 22 130 95 49 187 10 35 92 114 110 43 157 171 139 88 97 20 4 
52 48 129 171 27 117 124 69 111 71 165 42 68 3 157 3 36 125 128 128 126 113 165 171 63 138 49 144 156 33 43 133 58 192 125 87 122 171 107 132 80 36 112 134 151 200 22 68 52 196 192 163 197 53 187 124 18 29 124 181 107 15 192 189 89 21 82 66 144 13 165 54 43 56 105 124 6 56 70 146 179 15 145 52 140 173 49 11 62 23 122 200 18 182 108 180 70 176 102 155 127 91 180 129 45 139 94 106 133 181 4 168 189 105 147 30 10 103 79 157 61 122 77 133 197 74 119 132 49 128 112 47 104 69 177 124 190 128 169 89 6 119 76 192 186 95 43 103 78 23 
45 111 191 51 99 62 189 16 191 180 183 50 69 147 27 93 200 30 52 186 2 150 154 125 35 46 59 132 139 129 180 87 196 143 189 113 157 192 187 20 132 43 25 181 80 36 166 68 110 57 94 91 176 93 69 130 180 58 14 47 146 106 101 18 9 96 185 125 80 6 111 200 144 57 25 143 80 134 138 22 125 156 161 164 36 17 22 75 69 47 197 96 169 5 18 77 82 173 123 128 158 133 59 168 198 24 146 102 19 159 112 73 11 19 108 180 22 24 40 82 29 109 73 117 133 115 50 40 107 13 13 55 26 127 105 32 5 142 6 89 76 109 120 99 134 22 116 40 3 89 
8 186 136 146 71 197 15 193 130 45 63 132 102 103 138 163 144 54 73 99 38 36 119 116 20 106 16 179 15 105 146 17 9 23 105 120 40 80 73 9 48 61 197 160 115 84 86 40 142 96 132 116 87 120 118 89 57 31 10 137 116 60 141 57 56 42 137 38 106 153 113 135 128 40 20 88 3 137 93 32 189 60 37 20 84 189 54 14 155 165 52 37 165 10 17 159 92 131 76 47 138 46 84 127 159 45 115 101 97 145 181 46 139 111 128 26 27 41 18 196 39 66 31 166 8 89 137 124 146 159 42 195 152 2 172 159 40 193 177 163 181 35 49 80 115 40 42 147 162 95 
96 196 169 142 196 95 151 56 108 67 128 162 181 30 66 9 55 197 32 18 188 20 196 139 117 11 198 126 163 149 184 18 80 94 73 3 65 4 134 188 7 80 92 11 27 178 91 156 134 8 199 145 95 200 65 74 83 158 36 40 109 116 104 179 120 195 192 9 164 45 107 21 151 96 170 75 8 162 4 121 96 144 40 136 171 53 74 80 100 35 79 143 32 109 85 47 171 65 82 54 31 187 52 69 20 109 178 107 125 99 94 59 64 88 199 178 56 11 17 5 37 149 163 52 33 193 96 93 135 192 94 124 52 59 61 200 95 121 52 76 76 35 159 26 26 45 130 1 152 191 
82 112 181 119 142 81 10 54 186 140 96 188 24 106 83 15 122 17 146 133 138 194 139 113 161 59 74 54 108 160 180 170 60 7 78 84 33 103 88 152 159 78 189 192 39 13 158 62 50 158 149 124 194 108 89 15 99 89 164 176 11 70 61 37 34 22 159 29 84 22 144 193 66 43 107 91 153 62 120 77 98 6 46 31 179 82 17 164 35 75 59 149 83 84 160 75 89 37 194 35 62 4 165 86 7 178 192 62 189 33 131 171 5 186 161 151 72 124 4 76 67 58 181 45 14 158 9 6 119 134 103 125 167 35 123 130 132 57 194 51 192 75 172 187 157 27 58 171 124 135 
144 71 187 93 85 36 145 189 86 85 124 24 151 158 120 15 68 29 19 45 121 1 197 171 74 121 179 188 62 38 85 108 169 155 145 156 163 163 60 176 112 20 81 145 34 49 61 61 193 197 179 83 103 19 54 196 172 50 128 55 41 158 38 67 51 15 149 156 154 138 182 47 16 76 140 67 118 171 149 120 143 95 27 146 44 195 174 117 59 110 143 32 68 30 19 107 134 1 147 98 191 119 88 66 148 38 54 9 141 127 17 114 86 157 183 91 81 189 56 77 165 145 6 88 52 115 165 145 107 15 165 16 10 40 38 66 44 123 96 137 181 108 182 181 112 141 98 163 124 32 
108 20 66 62 116 197 50 68 54 199 169 21 77 125 116 25 158 198 45 186 151 171 197 76 5 75 191 156 103 2 130 159 142 178 30 61 81 176 23 66 153 174 27 164 81 46 47 182 30 150 146 67 44 103 75 143 198 98 95 42 69 127 13 45 172 54 157 5 81 177 122 109 16 49 41 169 54 91 108 69 56 74 107 175 153 108 20 180 180 51 11 59 12 70 66 86 141 161 18 172 70 10 168 95 128 163 16 123 131 175 104 84 87 131 128 8 82 178 63 146 175 180 195 96 127 187 178 114 200 9 64 4 91 117 34 113 33 187 161 92 85 184 115 180 162 57 40 189 1 22 
118 1 52 194 94 12 184 7 19 107 3 112 127 134 10 34 106 184 164 180 167 188 49 135 105 106 44 1 154 96 33 69 102 63 59 82 86 144 118 104 9 183 118 76 189 22 75 14 80 116 134 52 177 97 81 178 116 110 131 62 63 146 55 31 27 67 164 183 79 175 84 180 17 138 186 137 196 52 20 123 5 34 36 78 153 129 4 147 163 55 184 13 52 164 93 177 74 70 62 49 156 81 176 135 157 180 20 148 123 37 115 85 185 40 65 81 65 171 179 149 106 172 67 159 199 6 96 153 22 150 175 32 166 115 86 15 185 189 112 150 171 150 164 42 125 177 59 91 143 110 
111 177 1 195 155 17 73 67 195 61 194 18 81 66 104 156 110 48 16 69 62 100 71 53 148 115 118 168 12 128 139 156 2 118 33 89 132 3 53 115 68 44 63 103 25 11 14 140 84 37 115 166 198 28 162 113 115 95 144 27 185 188 12 45 134 191 119 51 74 179 170 5 27 122 36 122 65 17 165 24 75 108 119 123 142 109 99 118 164 94 143 182 113 119 14 160 129 173 55 177 157 50 119 148 35 121 59 168 12 72 137 196 57 144 182 9 78 152 133 61 147 102 192 79 128 154 38 176 146 154 98 139 197 8 193 44 90 24 113 83 15 183 125 96 54 80 160 83 147 142 
57 197 56 23 27 2 127 141 20 142 116 45 148 165 82 114 131 176 146 197 127 177 45 141 58 131 118 103 143 148 174 18 6 193 135 107 131 55 26 166 113 91 110 93 194 43 115 184 122 22 33 6 185 200 35 115 82 3 178 134 112 133 178 189 178 185 168 131 189 61 196 56 148 137 115 165 39 79 104 196 171 140 190 107 64 103 8 28 170 97 106 47 148 63 9 74 183 10 6 80 132 172 151 144 151 110 60 10 98 151 165 45 98 17 138 177 151 79 85 8 158 160 120 168 183 127 54 135 125 197 136 165 190 59 19 149 67 55 163 8 29 194 97 52 76 29 160 5 161 133 
141 145 115 57 118 77 64 14 49 7 198 88 196 49 10 37 21 137 160 126 158 35 98 180 146 167 26 37 106 98 3 48 166 87 197 151 30 95 168 87 172 174 24 142 97 105 91 90 179 76 133 30 54 104 183 48 47 190 27 50 161 112 175 60 179 94 163 18 139 154 68 199 181 184 141 46 122 164 198 55 50 5 92 161 150 65 133 52 113 12 20 53 27 111 104 17 134 19 110 60 33 29 25 44 140 78 84 136 134 79 49 38 112 45 87 32 19 84 9 5 13 97 153 16 111 180 3 129 139 48 113 17 142 144 62 32 108 139 86 154 163 198 61 1 20 15 13 163 60 153 
176 167 81 39 109 156 144 49 167 134 152 53 70 191 16 179 47 66 67 13 87 134 94 130 46 185 161 177 52 144 76 141 195 26 185 189 200 176 112 43 86 42 191 151 57 167 59 172 122 102 108 117 83 73 10 70 88 18 136 193 107 17 68 26 56 171 107 126 109 30 103 84 181 177 173 74 177 74 183 94 112 98 124 152 96 72 193 170 193 77 84 75 82 42 28 176 92 69 77 144 189 140 183 72 58 60 198 183 39 105 112 58 160 189 184 43 162 139 120 196 200 135 159 89 188 44 35 177 195 169 128 18 44 92 173 168 34 96 187 161 30 89 61 103 125 181 154 138 41 200 
88 107 31 111 62 68 182 108 181 93 84 158 6 129 7 83 5 197 112 7 38 149 53 94 123 160 101 28 61 77 49 101 67 122 111 195 194 141 171 128 59 18 173 157 20 109 85 17 110 61 181 164 125 112 152 11 40 157 9 14 179 46 23 196 39 88 161 20 166 122 129 104 26 21 102 116 146 131 174 62 58 88 94 5 69 72 145 123 166 75 136 106 111 137 40 73 41 192 31 27 118 128 169 148 88 197 8 124 165 13 3 192 35 4 85 91 62 54 136 150 9 160 145 93 67 161 101 148 153 64 103 3 26 86 198 90 40 5 106 125 108 190 55 189 49 10 39 127 94 115 
17 15 170 20 182 14 157 171 82 177 3 161 91 2 43 84 133 105 79 152 36 51 119 124 193 162 157 77 8 48 75 20 93 170 19 81 70 161 19 58 121 32 10 84 97 163 128 51 137 154 73 158 107 104 127 163 196 26 163 36 111 7 165 142 59 45 126 43 161 119 33 30 191 162 17 104 106 131 150 190 13 64 194 113 170 72 153 130 173 162 5 141 64 100 111 154 38 135 13 125 199 138 157 103 48 174 133 72 4 120 57 87 21 90 76 69 160 33 5 143 91 38 163 167 172 124 30 145 52 139 130 103 23 21 44 3 39 91 59 130 73 23 180 117 97 11 161 178 162 124 
122 25 79 176 152 34 75 36 123 136 3 79 192 30 180 178 59 84 160 56 23 188 76 96 15 34 20 96 108 87 57 70 46 50 32 109 160 192 187 167 134 154 80 193 165 60 127 51 90 42 85 116 75 26 126 30 135 56 198 154 109 127 60 113 32 113 183 190 40 19 11 65 35 158 70 187 192 32 90 147 198 177 65 56 85 83 139 186 52 186 134 79 133 83 196 196 160 167 42 6 31 76 86 137 107 44 145 146 85 142 146 182 114 143 48 2 138 169 126 83 30 136 172 105 151 183 106 194 114 165 53 42 79 119 182 144 127 132 108 37 108 140 144 58 156 114 187 115 65 103 
138 88 102 115 7 105 122 146 99 46 57 8 118 138 103 85 157 138 178 106 46 53 69 3 153 195 186 42 74 12 126 168 165 5 3 141 171 173 25 53 182 127 87 115 135 140 153 65 57 114 7 170 112 194 179 175 149 141 91 120 13 124 141 36 195 69 59 108 28 196 88 25 51 178 189 95 169 171 87 118 57 86 129 118 199 105 119 124 196 178 93 160 102 74 184 198 59 8 164 37 21 86 163 40 138 52 19 141 95 57 63 123 80 26 28 64 189 12 73 70 63 110 96 19 42 173 100 45 111 129 79 93 159 132 4 152 194 6 90 167 77 163 22 119 197 150 168 8 179 188 
187 147 159 60 105 148 33 26 75 139 129 86 66 179 84 139 84 85 165 56 3 185 110 179 131 181 68 154 162 91 60 104 127 72 88 23 71 58 186 82 30 184 153 14 33 112 76 82 22 131 124 86 88 26 30 189 174 65 171 47 11 122 20 59 173 165 188 137 26 139 2 78 2 132 4 139 6 186 196 168 103 126 185 130 37 52 159 44 96 21 25 31 9 42 102 8 35 131 86 128 60 173 2 141 21 145 146 11 47 125 182 139 42 89 181 85 179 19 73 196 179 185 181 145 182 38 147 28 177 176 153 140 116 12 143 173 114 36 47 114 172 68 167 30 126 106 133 93 144 159 
105 147 143 63 58 20 16 152 109 54 28 4 106 33 146 84 52 70 10 141 65 51 12 53 125 145 102 27 174 95 76 24 175 182 157 181 64 145 80 55 40 171 149 40 157 43 129 59 101 124 4 55 2 9 188 179 56 197 93 7 103 174 175 184 90 54 192 104 169 89 94 19 35 97 70 133 7 39 89 82 160 157 113 90 153 178 127 103 198 134 132 29 65 54 146 105 5 12 126 24 174 190 170 134 60 35 29 197 50 91 146 141 73 159 9 199 22 12 55 14 99 141 76 170 25 188 78 67 83 145 165 27 69 48 116 151 73 86 142 146 136 65 74 196 21 28 89 65 141 61 
125 79 49 149 173 173 33 161 136 176 149 60 21 88 28 16 109 171 121 17 198 146 36 35 130 114 164 115 143 4 18 106 71 89 16 197 60 187 29 38 32 192 101 190 24 19 113 133 20 48 77 173 160 36 10 39 18 170 97 12 93 140 51 118 55 175 3 88 133 109 97 51 83 200 15 166 130 15 91 136 120 124 70 107 93 70 190 60 166 41 65 150 13 131 143 45 180 62 187 177 146 160 146 98 152 15 147 106 65 180 161 96 112 189 61 3 167 16 134 103 133 56 50 114 147 38 75 118 71 84 20 76 145 23 81 127 113 82 134 96 143 79 77 172 126 31 96 11 105 61 
96 194 15 161 130 37 149 76 191 37 51 146 112 191 167 147 146 144 150 103 164 112 47 135 91 120 61 128 151 77 14 13 26 173 16 100 142 37 16 84 51 86 4 20 153 99 36 194 186 177 66 177 35 73 122 126 95 71 28 139 117 110 23 82 96 168 48 162 151 186 32 125 42 81 199 117 117 181 140 36 20 38 47 43 149 183 187 155 199 45 35 164 98 194 199 18 81 72 155 41 82 95 13 4 163 190 100 107 163 180 160 35 17 155 19 6 159 140 30 11 41 51 55 146 115 180 171 33 144 140 132 33 130 26 18 131 198 76 44 99 104 137 22 194 89 168 156 21 74 141 
60 116 170 81 71 20 67 77 158 55 106 32 78 148 4 109 28 19 162 166 108 131 35 106 25 140 7 194 51 170 45 27 27 153 12 154 55 156 80 31 174 15 154 188 98 60 94 200 19 58 53 79 102 26 112 117 170 22 49 189 169 21 72 46 137 186 52 86 89 27 31 93 25 125 70 48 164 35 166 61 115 110 115 141 106 116 68 174 22 160 86 174 107 27 160 21 2 117 76 129 137 147 79 149 100 190 164 157 26 180 158 134 81 160 90 75 146 1 105 113 124 141 128 100 151 200 92 87 190 5 52 9 1 72 37 34 163 99 192 134 159 67 25 181 103 60 146 76 191 14 
174 46 77 4 177 71 139 112 125 26 170 160 24 6 22 171 96 187 26 4 170 135 101 65 25 114 95 163 2 33 165 16 79 105 95 156 160 114 37 152 12 117 196 152 166 79 110 38 87 192 159 159 34 186 10 50 161 194 171 183 6 169 99 186 200 102 42 139 100 142 73 36 88 116 99 120 37 101 197 101 5 16 178 69 184 55 88 13 35 68 49 177 107 176 128 196 192 191 131 30 55 183 142 28 156 67 184 95 57 81 19 153 167 108 10 57 62 124 174 42 24 183 13 178 9 2 50 5 95 5 164 19 29 39 94 119 26 129 143 26 53 169 98 189 107 77 87 164 95 69 
55 3 102 176 157 142 199 26 197 68 96 181 56 13 1 138 199 87 134 120 118 133 28 95 12 81 14 148 101 19 108 19 79 43 86 177 13 22 119 11 25 103 154 110 49 126 136 195 147 157 21 134 89 171 54 66 181 48 136 164 103 43 152 124 174 191 198 45 13 10 149 80 144 95 24 30 66 95 143 29 2 46 153 61 116 137 197 194 148 131 59 106 60 4 93 17 199 22 119 126 27 42 148 157 63 125 181 143 1 12 37 44 195 96 59 62 188 183 177 9 19 69 23 45 27 196 9 160 186 52 45 83 150 56 159 174 31 131 177 34 94 97 56 153 13 124 21 72 171 131 
96 141 1 143 7 169 184 197 67 121 7 35 83 59 29 85 165 44 145 169 175 158 33 80 3 145 28 54 54 146 63 179 50 174 106 127 118 145 27 74 200 118 151 36 125 168 134 178 196 82 42 168 2 79 145 187 14 101 179 161 110 63 73 8 90 100 159 122 175 200 139 32 157 37 106 42 114 186 36 96 81 177 174 55 146 192 107 152 129 10 98 115 169 100 104 20 63 99 156 176 112 150 67 198 101 43 105 103 37 104 199 114 163 158 157 148 40 37 140 35 191 6 82 4 69 188 51 20 147 113 56 141 116 121 96 193 163 118 34 109 152 113 62 8 90 86 13 171 66 186 
50 175 70 54 1 90 170 195 158 41 162 195 169 1 75 120 48 76 1 60 121 70 139 161 161 101 108 158 94 142 62 59 29 158 137 20 168 134 67 38 73 72 19 65 147 169 28 157 8 95 30 112 122 50 186 20 162 96 162 78 187 185 81 64 190 177 108 78 69 44 50 126 17 133 96 119 29 158 26 58 25 95 131 89 122 158 30 139 190 48 108 159 110 14 41 200 74 112 35 175 33 122 90 89 134 49 190 10 184 73 140 126 8 92 129 10 164 62 189 52 8 195 22 88 20 66 130 133 75 95 142 134 140 39 187 182 125 109 167 58 181 17 153 189 68 48 14 189 182 108 
161 124 158 23 8 112 150 188 136 83 181 119 185 41 197 105 108 127 38 81 55 39 129 76 98 53 156 79 85 48 105 24 7 190 89 48 90 99 142 153 69 189 82 37 44 18 151 120 100 76 118 47 3 109 77 36 182 178 58 72 18 159 74 91 25 136 81 29 192 97 107 179 45 179 133 84 107 138 142 184 153 170 45 194 197 169 120 36 194 185 193 128 107 151 46 74 109 129 200 173 40 80 152 186 10 2 125 107 40 197 25 82 126 108 4 177 85 26 48 114 13 148 111 171 142 106 6 104 61 46 195 111 113 26 26 27 35 96 115 26 197 110 168 79 179 135 132 134 98 20 
78 170 69 180 66 38 143 22 75 163 146 38 50 191 124 178 153 78 59 19 99 148 45 56 145 52 119 80 141 128 15 150 174 151 175 20 95 126 140 196 92 200 37 121 101 84 154 12 13 19 142 57 98 29 184 178 10 55 44 161 3 120 118 74 167 76 132 2 200 120 115 76 190 91 172 193 74 77 131 190 90 154 181 21 79 33 16 58 174 99 176 88 16 51 13 111 173 163 140 50 70 43 57 9 52 40 47 45 153 153 81 83 147 115 178 154 1 2 69 22 181 9 172 163 88 120 82 16 104 198 76 59 40 58 167 113 35 65 197 97 28 56 27 173 194 85 67 192 51 86 
54 103 61 107 101 119 54 184 47 47 52 6 180 160 132 162 16 149 157 182 130 187 60 3 155 59 11 2 198 32 172 122 94 185 197 27 81 112 97 126 119 196 104 178 5 77 186 58 146 101 128 50 7 161 87 46 79 130 1 58 138 50 157 168 172 78 44 52 191 116 98 8 198 153 162 145 10 51 113 136 52 123 98 54 10 151 67 83 105 119 49 13 43 41 53 114 82 58 155 186 34 171 77 52 166 10 22 143 200 76 123 147 7 27 191 47 121 28 7 39 125 151 123 164 72 3 131 134 44 58 74 170 19 105 25 164 75 66 91 103 27 12 46 154 153 63 124 175 167 119 
139 141 172 85 120 141 117 108 100 142 183 54 44 150 57 27 122 168 34 169 177 94 181 83 56 189 89 24 158 181 81 93 170 144 132 194 3 21 154 99 85 71 92 46 139 43 70 44 143 178 27 15 124 10 30 84 150 13 98 96 178 37 166 166 166 160 128 81 41 184 164 32 189 149 91 42 20 69 8 53 16 151 29 185 114 182 91 76 5 123 39 101 63 148 32 103 65 93 76 69 161 143 135 86 74 46 157 73 69 187 23 23 100 7 67 160 76 128 124 89 153 159 150 150 62 142 108 152 126 56 2 64 82 124 103 37 144 45 137 32 42 2 122 190 177 23 184 187 159 185 
157 127 18 57 127 171 75 162 130 124 105 34 67 41 87 195 30 11 20 10 60 53 111 70 48 113 193 154 64 116 57 101 148 162 135 122 136 90 42 87 27 49 150 74 157 107 116 181 129 128 48 25 110 48 85 185 59 104 161 39 200 170 131 169 11 125 1 136 88 105 193 185 156 15 85 195 190 149 106 180 1 112 192 141 136 195 58 44 35 94 130 34 21 51 170 17 22 54 44 132 105 192 95 174 180 156 154 68 76 39 168 164 177 106 184 67 155 68 137 24 62 178 130 88 21 15 5 124 195 18 47 175 116 117 190 28 75 196 144 42 145 65 196 120 11 68 188 128 119 165 
64 6 109 133 175 124 121 47 153 163 133 133 23 171 56 8 108 87 85 122 151 158 162 49 47 168 172 38 76 143 151 70 96 36 129 93 174 92 167 187 18 188 145 4 190 16 110 7 54 41 157 174 188 9 197 172 171 165 151 148 156 88 49 67 161 10 155 51 69 101 187 53 4 199 108 130 161 54 79 189 63 72 48 7 92 145 97 113 151 5 101 197 83 8 39 10 115 54 14 32 15 187 177 174 25 166 42 109 157 119 157 13 163 99 100 56 181 30 102 6 173 67 98 62 180 103 9 95 134 13 9 158 154 101 38 117 138 177 91 77 17 165 42 108 147 32 64 81 67 150 
182 44 51 23 164 48 93 96 190 172 187 137 73 182 101 7 104 191 24 92 136 180 146 14 199 119 40 3 99 18 137 53 63 183 119 15 23 54 94 5 177 97 40 17 31 60 190 48 174 189 38 104 152 158 179 82 186 175 54 190 200 123 107 141 111 25 148 144 1 49 154 200 21 138 196 84 75 11 107 121 195 74 14 154 44 52 64 180 23 47 23 155 60 158 177 20 133 31 118 40 181 149 69 41 163 15 174 56 175 131 14 14 143 140 35 192 107 193 127 103 200 64 172 148 176 131 12 56 26 149 122 154 171 114 65 127 33 175 178 196 61 149 59 119 32 72 39 166 59 17 
154 64 174 103 42 59 56 163 156 76 54 189 184 66 119 99 13 3 127 77 2 180 78 108 4 22 173 59 189 102 70 58 112 170 75 9 125 48 53 122 116 58 171 160 92 11 94 4 158 157 186 111 32 136 170 113 11 58 15 73 137 86 128 97 122 187 104 110 6 9 95 133 172 77 88 106 67 7 76 110 175 168 199 170 150 170 111 171 153 167 198 165 28 38 156 81 130 83 52 132 197 164 160 71 138 158 73 28 111 187 91 149 122 48 1 17 16 109 158 196 187 150 120 151 129 138 89 128 123 172 29 80 149 67 57 111 105 75 152 104 70 14 88 78 153 61 117 52 123 184 
53 133 165 68 103 79 7 11 28 145 146 74 9 142 130 18 31 37 46 153 131 175 151 69 35 148 140 194 57 111 160 149 114 112 99 106 82 135 69 156 1 87 185 59 149 39 34 33 60 53 108 180 182 151 4 44 169 10 93 108 132 175 4 88 48 95 157 139 153 165 141 193 19 21 125 190 75 162 193 34 170 75 184 126 173 86 124 108 36 17 28 10 171 23 185 124 135 54 181 190 192 160 144 158 66 119 135 112 71 37 95 199 22 158 4 102 109 181 57 168 109 171 188 112 66 191 178 105 28 129 55 149 21 115 122 106 9 174 139 69 81 153 151 170 36 5 154 90 144 43 
100 126 153 197 173 144 11 170 169 197 46 174 34 169 98 74 194 89 136 131 71 22 78 171 196 99 150 131 85 137 198 100 164 36 15 139 20 73 61 115 36 5 42 136 155 181 21 156 127 124 35 29 14 141 73 42 98 6 25 97 129 76 174 90 108 173 94 98 123 32 53 185 10 118 52 50 6 172 91 67 1 37 118 125 121 197 126 104 182 171 99 118 133 168 88 103 177 9 45 103 72 151 183 96 154 179 125 24 165 110 86 60 40 22 177 32 162 60 103 133 82 182 88 89 92 164 180 116 63 40 55 27 11 86 176 33 99 80 19 190 41 42 47 134 187 49 47 29 157 57 
26 117 71 93 57 136 91 37 140 81 143 31 195 171 50 166 85 91 60 23 196 176 179 91 8 94 45 142 55 186 62 24 182 7 141 142 128 94 14 132 150 27 128 31 194 180 141 195 194 101 112 129 40 94 191 91 140 52 90 108 184 68 70 130 181 90 166 15 164 85 189 149 23 178 185 133 67 100 61 90 143 131 80 173 18 94 155 194 19 195 136 103 31 28 158 4 100 3 24 101 91 53 33 65 126 152 58 74 94 3 111 77 148 4 104 186 158 74 115 84 119 196 116 28 35 107 107 58 102 62 126 115 129 164 9 87 140 29 59 83 94 84 108 187 77 82 83 166 176 10 
187 57 51 28 151 156 122 150 15 62 72 52 19 140 107 74 161 196 8 53 41 113 67 100 141 161 186 108 176 115 34 100 199 118 136 32 194 116 172 9 137 180 178 187 1 4 182 167 37 14 170 52 13 158 118 2 148 117 153 77 186 70 97 35 184 44 192 91 54 192 88 163 165 45 126 109 39 164 65 174 30 145 95 43 91 59 96 178 14 2 171 15 133 193 116 182 50 31 164 47 181 129 71 125 17 15 108 32 124 67 45 5 136 58 137 45 199 154 151 139 24 163 134 185 177 131 85 138 106 85 62 8 177 12 33 199 45 189 16 116 174 35 140 25 88 173 4 100 63 83 
33 113 181 176 146 118 82 158 104 134 190 62 74 120 56 151 132 111 197 198 61 82 54 159 161 66 103 112 183 111 131 183 80 189 173 22 90 99 113 188 134 151 137 91 158 58 55 13 26 73 64 118 10 100 21 163 150 71 28 158 74 25 28 83 142 43 129 109 125 22 161 98 85 155 61 100 191 76 73 180 21 137 81 146 194 44 92 109 74 38 188 55 91 97 177 197 83 48 6 124 126 54 8 106 43 194 27 89 197 1 169 29 44 66 129 70 18 168 183 77 199 166 100 20 134 147 184 93 194 91 59 60 122 135 168 68 130 150 78 176 148 198 194 32 138 92 87 170 167 100 
150 43 191 146 130 120 62 66 91 46 192 92 80 15 157 149 125 15 77 40 114 162 163 144 156 110 107 103 186 23 6 52 96 82 192 179 14 173 163 32 45 161 64 35 190 123 168 103 17 9 139 186 193 184 28 119 98 90 184 15 159 42 59 86 176 69 127 127 195 170 133 30 25 169 181 88 172 85 39 143 34 105 185 108 141 47 36 59 114 40 166 85 144 108 63 29 161 124 80 42 35 67 198 149 117 141 48 49 145 120 40 158 28 121 171 118 71 94 86 124 124 95 135 59 103 28 17 136 4 47 32 118 38 46 115 42 162 145 6 124 28 22 27 152 6 91 102 69 12 94 
162 60 197 114 185 61 38 23 122 30 128 113 4 50 25 75 122 97 179 173 147 31 53 155 15 25 44 19 38 199 3 161 64 169 176 108 193 142 194 34 101 151 182 128 36 65 138 70 168 165 197 55 102 6 183 157 16 105 57 107 29 172 66 51 157 3 58 93 95 66 58 200 186 14 108 18 176 60 162 38 134 108 163 74 139 22 114 66 79 6 164 104 141 6 169 2 114 183 109 184 184 96 59 129 72 42 146 111 78 188 200 132 186 79 170 97 86 49 164 198 95 116 104 9 155 113 79 187 124 45 162 145 169 153 124 29 63 53 125 151 197 60 90 171 192 185 104 40 77 74 
21 147 72 174 31 10 32 62 112 143 135 1 95 111 183 63 164 4 121 186 65 82 187 125 37 117 65 97 63 177 189 196 161 176 159 161 103 31 75 54 80 28 84 168 172 92 197 13 66 132 98 64 27 47 159 190 44 88 143 73 173 126 160 129 63 119 82 15 107 176 34 120 185 16 109 171 44 186 99 105 103 147 86 51 148 173 173 84 53 97 30 32 93 150 38 46 114 163 91 4 41 14 165 145 175 199 167 3 32 135 158 66 169 22 157 187 180 133 138 135 15 121 30 62 124 45 8 40 149 83 92 42 79 114 52 72 19 45 22 145 138 24 158 190 28 97 189 171 51 95 
152 162 33 64 23 65 182 44 184 10 158 126 80 41 162 147 47 15 41 110 177 142 80 140 49 66 30 127 148 191 132 186 43 32 117 29 44 122 13 91 87 71 48 27 44 169 131 119 95 68 191 31 125 98 82 139 173 143 93 31 12 27 176 183 8 121 41 128 10 89 107 74 64 36 89 75 166 92 170 14 7 95 98 195 108 49 78 97 2 57 184 49 141 80 132 23 140 159 28 68 40 86 126 186 92 92 17 122 158 56 125 88 65 66 29 42 38 56 170 153 54 16 1 158 45 197 57 23 61 158 176 150 174 75 102 7 56 129 82 60 89 152 22 45 72 92 24 35 118 14 
32 126 181 32 188 39 150 67 100 119 72 78 44 93 117 135 31 6 10 23 165 14 55 108 136 121 141 131 41 73 70 43 40 76 70 183 114 181 183 50 51 191 194 186 83 43 193 104 23 167 141 176 27 175 26 5 191 65 27 86 141 195 48 176 83 190 17 154 132 161 152 35 199 64 177 38 74 114 91 25 46 113 31 82 190 102 21 107 111 42 85 48 47 80 166 135 114 11 128 7 180 88 22 182 106 4 132 174 42 163 1 21 183 2 68 116 173 109 10 178 163 184 97 173 117 47 111 55 148 35 74 72 25 166 15 143 123 82 193 41 131 75 19 155 79 179 38 13 98 5 
145 166 73 198 73 196 82 143 51 184 200 105 66 170 15 27 101 173 17 180 4 103 156 177 38 154 177 149 130 157 8 1 22 74 45 154 145 137 102 132 142 22 186 182 110 1 82 177 146 28 94 152 125 10 181 192 111 188 187 118 96 23 104 33 130 74 174 166 58 81 178 63 100 160 194 98 128 31 168 132 66 155 165 103 98 31 102 150 92 161 73 8 124 104 51 197 112 71 36 78 130 195 82 4 111 180 94 8 60 97 134 188 94 192 32 37 106 145 49 179 9 40 154 8 32 111 94 40 24 141 155 49 158 37 171 94 84 196 57 98 139 143 170 140 134 168 52 117 133 133 
132 167 23 75 66 70 41 142 152 139 180 102 119 141 19 43 44 130 92 166 96 59 32 114 150 111 131 163 27 6 138 189 133 134 130 128 173 168 45 84 170 63 183 11 70 124 24 143 187 19 7 106 128 142 56 110 68 97 141 190 4 17 11 188 187 112 61 12 130 16 125 32 160 109 140 197 103 5 90 82 44 57 53 199 49 117 14 152 106 7 147 83 68 107 86 158 176 155 158 91 6 60 112 179 148 107 93 169 168 30 176 136 134 88 98 165 47 93 128 95 94 12 97 186 85 130 4 15 149 84 114 130 52 20 184 42 43 72 188 149 88 117 137 81 188 117 61 176 29 161 
167 70 143 143 176 140 27 73 187 44 1 32 178 97 117 26 126 4 60 125 8 184 137 129 150 28 118 91 53 99 52 55 113 107 152 194 195 12 126 110 181 18 55 15 141 131 122 22 165 73 152 189 160 188 164 77 22 19 9 125 105 155 62 196 71 198 79 14 182 34 31 104 9 24 56 185 66 30 108 180 82 107 161 196 126 7 169 30 108 185 58 143 163 18 127 113 126 62 192 80 133 68 147 140 131 189 100 172 188 178 87 105 20 21 182 154 29 150 83 80 111 79 112 34 85 155 106 136 47 18 82 151 80 91 65 93 47 3 185 88 52 78 41 200 37 32 189 47 98 105 
119 75 32 162 9 77 196 115 128 79 66 24 104 195 72 168 121 41 157 171 1 174 78 97 87 116 177 65 87 24 139 60 179 80 36 195 94 197 25 94 185 156 53 47 81 165 163 9 78 187 121 1 146 51 32 24 139 2 160 2 79 110 82 148 94 73 156 175 145 175 178 133 44 28 64 107 64 103 163 100 54 39 190 68 87 132 14 113 46 185 104 33 34 150 4 34 124 171 14 168 132 54 77 54 30 20 77 173 102 105 195 119 117 32 5 198 130 48 185 14 10 182 176 199 12 123 171 29 84 132 89 164 33 3 125 13 146 22 24 165 39 160 15 60 120 37 68 170 106 139 
114 26 126 197 75 188 13 1 170 35 70 123 125 186 198 153 200 10 14 170 194 168 12 37 153 127 182 55 167 177 111 130 193 3 134 165 44 29 153 82 87 35 88 144 193 127 151 107 197 129 189 42 60 162 36 56 32 50 155 36 58 79 68 65 106 148 62 176 180 161 8 158 38 6 32 48 15 192 128 82 85 53 130 10 129 105 6 191 31 126 65 166 132 87 166 135 77 39 55 109 102 13 131 112 38 73 112 70 21 54 127 33 52 59 15 94 194 153 188 18 175 105 73 45 16 115 150 9 57 197 61 168 155 19 97 82 17 120 20 159 69 77 137 131 180 4 172 61 166 198 
100 65 184 30 79 65 12 158 80 122 86 150 148 48 119 28 157 58 30 31 87 18 110 39 86 90 76 192 45 55 183 48 101 34 69 5 23 123 119 35 167 38 49 51 86 73 178 114 86 25 111 107 122 193 112 159 154 103 60 105 42 34 28 62 102 110 46 72 51 175 60 108 158 79 98 24 30 35 136 36 152 117 81 52 171 10 153 164 54 144 29 93 186 120 113 100 151 160 194 111 182 45 53 74 39 109 13 13 92 36 119 154 165 168 177 196 87 89 195 75 168 77 56 41 7 175 132 53 11 5 85 120 37 26 82 193 89 17 138 130 156 69 67 81 57 26 80 89 67 43 
50 35 118 177 163 172 39 98 144 46 83 29 121 49 193 192 124 185 23 64 172 192 196 111 124 120 154 17 151 54 121 65 82 7 109 25 111 76 130 163 132 29 183 5 72 172 168 172 96 189 53 160 90 143 198 5 136 25 186 125 152 41 172 192 69 58 100 198 46 15 73 7 94 173 192 17 19 111 172 188 75 93 148 144 199 126 128 17 68 82 67 33 2 48 66 6 147 50 179 102 84 94 54 162 194 36 24 119 150 160 66 199 118 3 175 5 196 164 141 100 177 98 136 94 80 110 50 135 58 56 120 50 33 199 32 167 80 121 198 98 106 84 68 71 69 29 7 157 60 90 
110 26 67 99 198 165 164 143 99 103 103 33 96 21 106 110 107 199 80 147 162 70 68 163 29 143 160 22 66 54 49 137 142 17 25 39 72 3 55 140 115 184 144 182 195 150 70 51 124 174 72 33 73 92 111 102 154 184 123 13 81 194 50 49 13 127 167 165 43 120 60 112 11 71 136 61 123 23 162 178 103 173 150 105 73 83 146 97 109 125 93 88 27 195 56 111 177 20 48 115 192 2 93 70 7 63 135 86 73 170 100 50 98 23 48 66 146 174 84 100 5 174 181 122 126 117 130 86 56 129 178 138 134 138 54 31 160 84 7 9 136 49 41 172 28 37 83 134 118 27 
24 84 95 114 4 184 112 187 34 113 70 63 153 135 30 189 67 177 76 52 26 81 87 59 51 102 59 149 195 133 48 30 128 45 69 88 27 4 159 6 169 137 190 26 199 51 43 177 182 5 136 39 30 113 196 1 32 115 188 26 93 192 138 185 160 72 157 11 35 35 155 63 64 133 40 51 137 28 87 125 37 98 182 199 39 23 129 122 3 192 81 11 116 178 17 76 199 162 83 15 178 71 59 16 188 199 179 179 35 120 198 50 160 1 47 125 17 119 86 161 16 137 77 14 51 42 27 47 184 145 183 135 15 122 17 23 165 69 149 122 99 42 171 176 127 81 85 18 117 154 
165 94 88 198 71 153 36 21 120 159 123 80 100 112 102 37 79 194 137 158 50 26 173 192 193 145 24 195 97 73 171 29 195 83 62 44 49 81 135 135 13 151 182 72 41 102 134 195 185 70 114 164 145 161 99 92 87 200 174 133 170 28 96 17 77 88 82 114 198 17 34 162 98 186 46 52 186 154 183 63 36 71 190 37 187 80 107 193 126 78 72 87 60 157 172 112 41 35 5 76 14 54 76 131 155 172 198 30 105 54 1 99 38 162 57 193 31 159 140 29 19 37 116 29 103 111 180 123 78 82 185 60 40 52 9 137 131 45 118 45 17 8 186 92 17 118 54 94 123 129 
192 161 82 132 95 192 123 50 83 156 46 63 123 188 36 154 12 82 103 36 79 5 198 127 51 91 35 62 126 171 37 43 117 92 195 19 19 29 132 5 5 143 196 164 104 175 2 53 143 162 77 69 126 6 28 73 7 96 40 55 114 58 60 154 64 173 56 123 84 108 32 181 131 15 118 146 185 36 60 109 66 159 58 130 63 191 2 119 196 58 46 16 63 96 4 72 88 58 20 171 12 161 91 83 134 74 65 7 89 74 12 5 23 110 93 51 109 105 18 194 138 19 137 190 180 92 193 163 187 58 43 9 182 191 160 130 39 115 155 194 33 7 37 21 23 81 119 149 28 9 
94 116 146 188 134 82 113 182 193 5 108 50 61 161 92 45 169 200 97 130 72 175 17 188 109 91 39 167 150 32 117 158 135 41 8 4 49 97 31 47 181 16 2 24 22 2 104 144 88 92 5 115 111 128 114 129 140 165 22 80 151 64 153 197 148 109 12 49 48 59 79 104 177 57 198 22 151 117 44 30 90 17 10 181 123 155 109 98 14 38 117 157 74 186 172 73 150 95 112 142 91 22 157 134 100 16 14 183 34 12 89 30 9 118 168 162 124 92 155 51 173 137 45 103 188 65 177 111 33 180 112 128 65 131 183 177 79 97 159 144 195 146 45 48 43 86 8 31 142 85 
36 113 138 127 71 2 168 52 136 74 181 185 14 72 130 84 82 19 103 135 178 135 34 112 157 6 175 22 31 185 46 67 188 38 114 18 143 148 18 118 80 125 13 73 57 145 115 107 13 165 91 124 63 117 140 82 43 5 57 34 88 55 92 149 156 74 21 176 175 185 19 111 74 158 148 6 136 178 97 109 174 197 18 134 158 197 93 111 101 138 167 131 49 168 128 88 142 164 70 120 176 67 177 66 179 168 137 12 177 86 170 111 154 62 185 102 8 95 172 68 151 76 120 18 38 123 11 139 118 131 93 167 85 77 79 6 170 19 5 50 167 53 78 175 21 126 90 90 166 179 
9 72 20 73 110 87 194 48 112 25 190 13 160 99 20 78 199 104 103 135 39 11 144 28 138 26 138 156 154 56 30 81 62 103 2 63 68 95 72 114 54 120 57 76 154 23 8 48 168 113 136 152 26 81 146 29 5 95 77 163 119 182 35 73 110 158 137 200 36 123 72 5 126 22 112 39 146 174 91 196 15 124 45 93 36 159 54 133 141 155 103 123 17 113 65 64 14 138 138 136 85 28 96 149 17 137 94 136 30 24 189 142 174 6 5 98 166 31 122 138 142 34 1 185 112 35 50 179 108 128 169 61 7 163 135 183 8 67 120 195 87 91 183 19 46 158 94 71 65 197 
63 46 165 90 145 59 80 159 60 123 187 113 200 104 130 110 149 105 38 126 76 166 93 4 19 9 24 164 8 6 44 160 149 174 91 102 75 112 104 104 142 129 93 26 173 141 117 37 47 81 70 149 192 149 139 150 122 194 172 32 78 57 93 61 103 197 193 116 3 189 77 17 99 137 2 193 193 60 13 19 118 102 120 65 193 188 128 113 157 142 121 181 53 4 141 56 154 193 141 42 132 107 66 59 107 80 150 164 92 69 17 174 198 187 33 56 5 32 170 30 123 66 53 40 130 69 10 147 188 76 70 132 92 64 124 109 55 6 184 20 134 15 41 105 140 127 23 132 70 179 
171 166 54 63 136 21 19 144 178 85 3 158 22 112 9 15 124 165 51 22 7 168 133 22 48 115 151 181 186 78 7 137 126 13 55 41 16 85 2 158 40 134 190 98 105 181 151 124 171 186 95 132 176 176 7 15 23 64 183 111 27 186 135 87 175 1 165 42 174 196 175 132 7 163 72 192 89 155 22 63 78 23 33 97 8 33 76 73 87 176 76 51 108 196 72 53 34 31 93 158 19 119 81 46 62 22 22 147 96 45 20 2 141 144 154 131 87 41 160 90 5 21 176 46 72 173 65 53 41 55 190 52 77 129 148 64 95 73 4 161 199 183 92 161 24 34 170 33 136 101 
94 43 128 136 56 126 73 183 134 141 10 110 200 57 14 49 44 172 193 8 177 183 166 141 91 22 148 68 129 146 106 122 168 83 115 24 31 122 45 27 101 53 75 47 32 159 161 102 115 81 190 105 38 176 13 44 196 30 146 176 132 113 119 197 62 23 86 11 82 154 114 132 26 122 200 95 162 86 196 177 8 23 56 6 22 81 178 172 117 145 92 28 8 7 68 158 126 99 58 22 60 70 91 161 15 162 159 134 54 38 188 94 81 87 55 71 70 10 116 112 80 70 95 53 112 136 185 156 107 55 84 128 13 50 91 121 52 80 57 88 130 120 98 186 24 30 96 173 60 45 
82 176 48 9 178 49 81 147 162 96 8 133 130 43 114 175 29 138 25 56 146 172 149 117 97 88 76 119 99 14 64 106 131 187 159 59 20 177 82 125 51 81 192 51 190 126 143 58 81 198 47 85 15 164 189 26 66 111 144 181 126 11 150 135 167 176 156 66 93 102 121 140 53 189 58 138 76 57 17 71 45 185 114 17 171 52 28 163 106 60 177 165 39 104 177 112 11 2 166 119 16 39 115 64 70 183 41 159 135 92 171 19 150 69 67 68 83 182 136 130 30 98 164 133 176 142 65 137 56 4 131 37 63 169 145 196 135 134 160 50 110 141 137 85 172 72 149 90 94 141 
52 78 78 121 190 137 155 116 165 51 46 116 22 152 110 115 119 190 84 72 60 136 148 126 164 157 24 142 53 8 129 32 194 126 58 69 123 111 178 33 137 110 18 171 1 145 116 176 167 164 177 67 47 27 152 42 4 25 87 114 146 81 2 168 161 145 191 75 131 137 89 126 130 82 25 14 54 145 100 149 96 129 89 96 74 123 155 136 78 146 72 38 118 149 22 71 43 162 193 31 29 7 99 28 147 53 57 38 41 110 192 77 135 103 184 175 155 19 123 146 4 75 200 91 13 107 191 65 46 10 96 179 85 76 123 126 55 158 143 162 8 88 126 69 85 104 34 113 14 96 
27 77 71 165 82 175 184 159 11 71 192 73 146 200 166 194 41 172 34 24 2 58 118 131 36 116 150 151 90 145 88 96 189 198 163 158 34 9 46 31 12 132 46 9 176 29 82 69 82 123 122 94 42 29 95 12 139 7 116 151 175 194 5 91 89 23 154 19 8 15 85 120 68 196 47 100 134 104 98 169 99 104 183 143 116 188 37 70 192 88 30 102 190 53 196 138 114 175 15 59 132 179 125 170 169 198 98 134 69 5 80 73 151 166 197 165 57 6 5 68 1 51 70 114 27 71 50 153 6 3 1 2 179 117 194 67 101 34 148 143 73 117 60 136 149 27 55 159 196 166 
179 19 110 25 72 175 40 7 46 7 117 21 174 148 131 22 19 199 140 200 180 38 142 177 17 3 181 111 5 58 138 72 200 152 91 59 118 74 157 124 73 22 56 78 152 133 167 72 69 92 126 38 56 129 41 6 60 88 90 165 165 159 28 102 137 59 37 91 159 78 156 200 198 165 112 71 12 66 16 69 108 137 170 177 122 5 155 74 82 187 18 159 11 26 90 44 135 110 184 105 194 162 121 112 195 101 33 135 15 191 34 122 164 118 68 50 123 153 30 156 81 3 141 163 34 64 145 122 185 157 154 138 108 29 3 115 103 168 157 158 167 103 199 170 170 111 10 91 31 61 
62 9 95 92 146 167 153 137 31 12 38 135 136 84 65 21 40 132 132 116 25 35 131 40 18 175 150 117 111 123 127 149 102 152 182 120 114 1 89 144 149 18 160 83 24 30 146 164 81 111 120 134 185 58 121 150 122 72 123 123 62 88 104 59 179 93 109 23 50 27 45 159 54 125 173 79 6 142 172 73 129 143 65 47 182 148 3 7 74 131 146 56 164 110 144 129 16 144 184 170 44 117 70 128 154 75 56 178 58 131 195 173 17 146 29 73 21 100 8 192 81 118 58 65 161 147 122 131 90 99 33 36 38 102 60 103 19 74 155 64 88 118 156 64 152 51 169 78 39 79 
40 23 91 53 65 3 13 168 137 126 133 134 164 20 193 120 15 2 148 185 187 200 198 117 48 77 146 106 101 20 173 30 144 109 190 177 127 60 179 111 132 91 3 47 114 176 113 3 45 126 24 5 36 142 79 43 125 186 43 64 98 26 88 110 42 120 1 9 2 116 140 135 37 73 64 196 140 95 35 22 54 142 84 26 72 83 188 183 3 87 3 94 105 103 150 72 75 74 59 147 183 94 189 35 142 156 60 165 147 138 104 137 122 169 61 98 128 157 167 167 178 18 28 147 59 192 178 134 16 161 81 30 148 177 81 78 88 197 17 11 36 192 123 102 32 74 183 191 20 64 
36 78 109 169 5 28 125 47 101 16 21 49 24 77 53 45 25 176 129 179 50 65 151 143 135 104 56 170 48 57 195 22 108 82 106 176 161 79 70 95 181 98 5 15 94 54 148 19 172 158 98 125 127 42 32 2 17 135 105 36 71 25 7 58 52 180 32 80 161 32 160 178 79 90 95 31 57 111 99 146 26 147 121 66 21 83 56 42 165 144 3 10 129 157 52 24 168 151 182 116 20 175 69 29 61 95 177 78 23 100 125 70 63 173 183 19 9 4 102 193 52 33 136 163 96 86 75 19 172 139 92 97 151 162 97 151 187 146 8 155 192 144 29 190 86 44 73 46 91 24 
48 165 98 3 142 89 30 111 64 123 133 1 107 91 80 198 190 66 118 12 47 60 66 50 135 141 198 126 5 73 196 130 45 188 94 31 89 48 99 93 66 146 43 40 159 172 17 51 140 156 181 6 139 198 169 57 84 78 154 148 195 156 40 43 113 93 37 199 52 2 182 200 176 80 52 32 169 43 200 170 104 85 167 150 82 88 152 138 43 98 169 59 77 84 75 61 172 183 135 17 29 170 7 87 132 185 86 139 95 42 151 167 74 131 14 91 107 44 53 68 146 21 141 148 22 195 82 67 122 193 143 164 48 135 184 116 47 147 42 188 140 82 99 4 50 107 62 179 59 112 
140 151 142 25 167 102 189 124 185 156 146 195 91 3 39 110 2 187 30 100 30 85 50 72 32 31 182 93 29 177 165 182 193 20 44 162 30 163 81 197 185 102 113 115 53 150 131 130 49 91 144 83 184 162 132 62 184 48 176 24 53 140 51 80 183 148 93 102 112 66 72 154 148 49 176 187 42 153 173 102 13 14 61 51 161 41 45 55 36 187 31 47 134 130 105 167 57 63 79 14 108 146 196 177 19 170 144 31 173 22 183 169 79 103 68 159 124 76 163 191 111 28 23 29 180 159 72 69 23 149 84 151 29 116 158 48 47 183 194 138 185 114 197 164 29 23 38 163 111 106 
74 36 1 123 129 83 80 18 8 137 66 4 180 172 139 147 197 1 16 152 40 153 86 108 99 102 197 37 28 196 64 128 41 89 32 81 184 140 171 15 3 38 122 116 74 85 54 32 120 19 193 54 54 47 39 192 23 69 19 194 177 16 189 50 4 119 66 2 108 70 103 160 4 32 118 48 45 110 160 196 21 196 103 27 36 184 108 104 57 82 142 172 54 133 153 197 65 181 68 6 160 159 84 30 54 161 11 145 23 25 36 82 47 29 3 159 93 74 29 134 184 197 136 79 168 22 71 177 151 30 92 180 70 50 156 93 43 52 10 34 174 46 141 111 40 62 177 72 64 99 
55 165 38 159 86 4 144 110 181 158 147 27 102 70 15 40 86 9 103 4 198 162 80 84 55 53 64 79 107 49 190 50 17 11 37 155 24 72 39 174 126 187 186 50 144 60 90 59 130 36 37 49 171 95 139 163 179 9 89 163 28 20 169 191 192 52 82 118 97 70 31 26 96 154 145 93 51 48 16 61 191 107 61 119 23 113 94 50 84 1 197 108 64 126 19 180 12 190 113 25 198 117 91 175 142 110 50 119 185 78 10 119 129 200 115 151 179 30 150 42 1 52 175 21 36 31 63 54 16 153 138 195 104 171 34 138 93 90 154 85 131 6 81 196 123 119 191 144 55 87 
174 98 6 59 128 109 197 137 158 178 102 51 103 125 12 195 142 170 32 52 165 164 118 58 89 46 154 137 118 136 106 22 144 13 155 90 119 25 169 43 136 188 166 75 100 73 18 129 16 137 128 44 11 181 21 170 41 146 37 128 138 166 66 113 145 135 49 111 40 31 65 102 157 18 84 142 194 142 134 90 188 158 197 90 110 70 149 190 122 21 147 33 39 70 166 49 46 126 47 142 33 181 146 135 31 194 7 174 87 63 57 56 3 33 70 22 138 24 156 104 120 66 91 2 66 164 49 75 143 186 40 79 107 49 29 112 180 163 121 121 199 123 112 29 71 166 85 110 101 117 
132 191 61 77 32 98 149 63 137 136 85 172 99 10 12 189 107 191 72 117 191 37 198 189 138 44 44 2 61 46 165 156 54 13 98 156 158 15 43 180 154 6 40 169 116 115 191 77 150 158 31 81 188 52 3 52 58 4 9 108 43 125 187 41 56 76 192 171 61 67 74 199 117 84 191 117 77 123 184 198 29 61 109 18 140 51 19 141 121 57 7 196 174 183 116 83 98 23 181 74 151 60 130 190 92 95 1 153 58 148 169 13 11 121 195 152 61 127 83 16 145 117 172 97 75 94 119 132 17 51 45 141 171 80 160 70 90 101 1 26 1 197 62 161 52 194 11 61 25 75 
5 156 79 39 6 10 54 23 17 105 120 117 48 25 91 81 194 50 182 195 44 7 185 137 34 98 148 194 177 148 155 88 75 153 175 122 101 126 114 35 149 147 19 139 199 93 110 88 4 74 51 195 117 164 150 85 130 2 95 171 165 118 167 147 177 146 17 192 192 17 116 156 165 176 158 23 104 102 133 138 185 195 111 192 111 79 100 135 124 158 49 94 164 179 53 152 166 161 163 158 53 73 44 114 39 92 91 188 186 128 121 40 26 43 30 112 78 175 25 26 127 107 198 146 123 23 116 96 100 25 135 80 46 190 186 174 179 72 4 194 117 16 13 106 196 19 152 97 183 125 
6 28 183 98 86 127 44 72 85 150 152 157 49 45 66 176 14 108 193 198 172 110 83 92 11 80 61 81 36 60 64 121 169 2 183 91 37 184 91 124 152 80 106 184 8 127 139 173 13 44 119 24 76 143 44 92 123 55 53 181 98 15 39 181 188 163 83 37 179 27 49 172 145 47 162 70 191 113 55 86 31 66 81 126 150 32 102 171 103 80 94 10 72 156 42 107 59 168 194 152 28 44 63 88 67 43 25 199 180 93 162 169 29 122 31 53 9 156 196 99 7 140 56 80 89 29 178 70 118 57 98 84 186 126 87 115 73 101 153 171 57 104 50 173 14 199 170 98 44 81 
90 65 114 3 30 163 63 107 127 98 191 189 122 1 28 200 25 191 6 189 107 67 44 40 28 63 33 199 106 186 65 52 178 74 75 103 113 183 174 141 151 116 66 192 183 149 91 68 185 98 180 170 11 42 145 64 181 53 34 70 112 84 7 176 159 5 63 28 162 177 37 13 43 149 200 30 94 29 19 29 119 103 59 59 4 100 127 10 13 39 15 17 88 30 46 17 168 91 51 175 68 52 199 164 165 160 21 54 55 138 68 19 172 195 165 111 176 139 1 21 30 194 50 191 5 104 8 126 103 30 39 78 146 41 147 39 8 43 53 195 171 143 99 37 81 13 126 12 47 3 
70 163 157 136 101 195 29 101 105 97 61 197 141 180 46 148 112 88 110 134 151 16 184 104 27 156 179 18 75 180 162 68 143 142 106 46 48 97 190 122 112 98 170 51 174 50 153 39 10 95 128 194 113 38 130 173 131 156 94 24 102 3 182 189 148 162 17 3 113 6 62 144 166 66 3 126 18 131 72 74 183 44 146 168 42 142 188 22 32 20 174 25 194 160 34 180 123 127 105 62 96 22 146 68 93 156 111 149 66 14 41 126 105 24 37 5 132 86 159 141 102 104 60 157 139 62 35 50 167 52 82 171 69 136 172 37 187 82 59 99 119 74 32 90 160 169 149 54 40 47 
119 41 172 48 65 1 77 101 26 60 189 61 154 139 96 6 119 137 75 43 200 4 80 147 16 77 12 88 98 55 47 193 21 185 116 79 17 186 198 110 96 199 74 64 75 20 64 22 169 33 144 118 176 118 50 98 60 67 147 120 153 193 182 15 45 123 195 21 163 153 16 149 78 85 138 186 116 193 38 87 109 105 81 156 180 59 34 160 117 31 102 46 54 24 63 180 140 24 191 53 170 145 43 77 60 51 105 21 142 81 61 104 183 11 80 88 84 165 187 179 51 54 109 3 30 28 1 61 107 132 58 87 45 136 145 12 29 4 180 96 176 63 100 187 166 11 142 2 133 25 
78 158 37 47 105 119 181 69 178 93 35 45 95 57 4 151 157 128 96 73 54 33 123 105 184 15 150 126 138 160 185 28 146 41 147 49 46 151 151 129 142 176 41 19 116 176 5 188 15 171 116 77 144 27 96 79 2 132 123 149 145 141 71 72 46 194 171 14 142 197 77 84 122 16 11 15 95 143 95 124 176 121 98 152 120 183 178 15 193 98 3 35 111 54 191 147 69 54 3 82 110 120 48 162 139 75 94 147 31 52 126 111 122 184 135 174 75 24 17 53 197 65 5 147 152 193 195 91 125 114 136 127 154 189 166 69 160 174 163 18 56 125 20 129 20 101 173 165 51 124 
146 89 54 26 132 141 188 24 169 56 51 182 137 117 101 106 16 62 157 25 139 146 46 109 109 160 48 28 79 176 147 166 153 26 176 147 106 70 109 2 91 149 177 116 124 196 71 200 26 78 115 142 140 84 97 197 43 130 161 141 31 75 183 102 9 44 127 89 81 77 141 91 154 66 193 28 102 126 66 12 96 3 54 26 129 11 126 151 83 140 200 78 171 25 126 14 39 182 100 87 23 151 144 21 159 73 60 46 108 142 155 140 79 123 4 12 187 18 195 182 79 67 60 21 114 137 79 56 133 66 159 20 152 128 111 173 4 193 59 44 27 199 127 106 190 198 110 151 143 8 
96 70 87 22 54 187 64 83 43 173 160 156 175 63 156 17 156 14 40 45 9 17 105 118 1 32 8 140 53 100 140 110 143 96 179 116 181 86 7 175 154 87 157 184 54 10 190 121 100 101 136 109 180 73 36 5 71 197 173 106 13 23 50 195 134 158 52 158 68 115 120 23 191 123 29 173 140 20 20 109 12 13 142 122 166 102 22 56 14 148 193 92 55 31 115 137 35 24 173 141 27 54 196 95 194 139 29 41 132 17 2 154 49 23 93 78 6 6 60 32 40 15 183 154 157 73 5 152 149 70 13 128 193 118 104 196 84 138 158 70 192 105 59 157 48 173 163 99 78 64 
97 144 61 95 117 15 138 85 104 98 71 80 9 33 74 92 155 95 111 91 11 117 101 98 140 47 176 152 101 109 88 197 173 154 158 50 66 74 108 42 47 27 50 155 12 126 175 32 107 167 152 83 174 88 50 59 38 149 169 153 151 151 25 180 98 86 77 147 169 139 46 191 160 186 152 99 165 138 111 146 167 180 147 35 146 5 65 180 90 59 168 162 61 78 198 189 120 154 186 198 139 120 34 7 151 82 75 57 20 121 166 85 66 183 84 184 173 90 44 123 164 129 26 7 170 52 3 169 161 192 12 176 133 131 128 37 174 42 164 54 180 186 124 200 17 93 136 184 80 146 
27 64 198 80 15 76 198 198 71 115 28 187 108 26 117 115 136 78 30 23 67 157 184 193 91 183 170 198 13 134 125 162 52 163 57 39 97 152 99 148 174 198 43 78 126 177 116 198 100 160 3 184 137 33 66 171 134 142 189 79 82 20 140 64 27 168 115 170 71 168 25 106 92 93 188 1 18 7 1 80 181 163 87 110 94 19 146 29 143 103 10 68 169 63 103 192 92 183 51 53 116 29 22 183 67 69 167 191 18 6 11 5 94 59 23 26 159 117 8 52 177 92 190 18 156 8 90 113 16 163 3 37 18 122 97 87 170 188 7 91 17 184 193 9 187 44 32 97 56 154 
141 76 106 174 124 58 147 122 91 73 40 105 193 7 117 196 118 29 180 26 44 15 13 125 106 111 117 55 94 157 177 133 31 41 131 19 95 45 122 193 59 10 166 61 36 58 101 41 53 184 107 13 133 118 150 10 33 99 136 41 109 165 125 126 168 181 51 95 37 190 131 150 125 63 67 84 148 51 155 22 8 73 23 120 125 92 168 160 40 148 96 28 107 3 123 21 49 7 161 154 40 70 73 200 175 149 171 191 75 179 119 34 93 64 143 53 130 52 9 8 91 46 148 157 111 104 164 8 90 139 53 26 27 186 63 153 36 125 62 163 61 26 2 177 101 95 138 136 141 125 
18 110 57 51 165 62 162 158 187 56 114 127 144 110 63 102 96 194 39 63 135 173 116 173 123 89 70 41 5 99 153 36 46 65 62 63 54 15 185 165 100 36 45 176 97 102 122 5 56 185 120 58 118 11 151 152 85 154 120 64 114 44 3 113 163 41 180 93 72 88 101 51 177 164 8 133 181 92 116 16 169 31 186 73 197 197 140 82 31 190 139 134 189 25 30 134 41 90 75 105 175 156 60 36 164 96 16 94 81 12 18 194 53 51 9 61 96 147 91 61 104 13 182 76 109 180 151 184 67 80 19 28 70 160 129 10 30 103 90 40 80 164 71 170 190 38 80 141 69 145 
66 63 84 188 148 121 5 85 77 184 160 27 16 157 82 189 44 26 23 184 124 140 12 111 81 133 70 119 179 178 162 58 42 116 49 176 160 41 14 71 164 48 28 200 89 13 195 169 139 118 124 40 24 75 48 152 146 108 152 29 153 57 164 109 121 103 59 177 42 69 140 9 109 177 20 108 12 148 104 12 35 119 67 4 15 86 97 18 190 94 2 11 107 86 159 30 172 200 194 68 86 193 183 70 54 170 171 150 174 42 140 16 155 154 21 6 13 169 189 89 171 20 24 144 98 14 174 175 165 158 68 89 88 2 28 62 35 164 13 21 118 130 62 178 45 122 125 200 171 77 
141 154 88 41 45 76 1 145 22 141 68 165 186 60 79 197 95 190 164 97 91 169 115 97 150 130 85 1 144 27 150 141 109 142 106 169 178 86 1 3 179 110 184 102 98 6 114 1 71 5 166 50 171 159 168 198 9 48 58 17 178 50 86 164 164 113 43 116 3 128 110 79 181 99 73 65 131 13 59 154 43 89 126 110 154 40 130 3 53 88 96 161 111 104 33 9 166 125 106 114 39 72 22 163 66 114 69 20 6 36 90 163 51 32 145 94 188 190 151 4 142 196 111 69 138 42 39 167 151 85 135 31 151 153 132 124 102 106 110 128 188 70 85 142 14 154 85 25 40 5 
188 52 18 128 175 156 83 16 163 139 178 73 73 91 8 108 22 200 118 138 45 57 10 178 110 136 37 18 70 115 34 105 112 144 170 19 119 3 168 182 29 120 56 148 155 92 66 159 123 116 197 123 5 188 197 9 93 127 87 1 89 172 117 105 64 72 134 85 174 77 67 197 138 50 73 148 115 103 101 134 117 77 32 151 175 33 126 81 154 121 24 15 132 37 3 136 32 176 103 144 104 56 187 135 82 160 89 100 38 18 85 102 199 182 58 10 39 146 8 82 64 188 100 68 19 40 182 126 61 1 25 129 33 26 92 85 166 140 46 115 13 154 100 140 69 104 147 84 170 86 
89 185 3 138 64 9 150 156 194 21 129 38 110 1 160 95 134 197 27 95 116 65 95 200 106 200 126 152 137 183 69 156 164 68 157 101 118 143 28 10 122 58 187 62 34 32 3 151 173 70 124 117 187 80 144 131 128 89 52 168 31 116 145 99 182 124 55 143 32 4 170 80 62 197 165 85 127 180 94 2 58 188 142 155 107 60 1 112 10 42 6 16 61 123 148 2 133 17 169 26 41 171 72 43 179 74 127 127 155 123 165 117 129 78 87 46 60 124 172 50 144 65 8 100 133 95 32 171 105 66 91 190 74 123 15 50 106 13 108 146 25 3 74 24 93 26 115 131 75 189 
89 66 81 85 9 159 92 3 86 4 121 2 185 177 39 90 23 193 89 101 148 174 115 131 33 173 137 191 85 187 111 148 77 88 59 121 147 115 67 53 148 115 165 150 195 11 192 158 67 80 113 32 36 81 51 176 100 80 178 192 37 42 52 33 154 172 101 20 16 98 180 111 139 3 153 143 186 4 145 172 23 68 114 120 129 76 140 96 28 114 38 180 8 145 180 79 159 32 187 115 122 154 159 67 108 54 87 49 34 118 138 152 37 39 132 139 77 41 182 75 96 45 19 188 94 89 18 44 130 46 66 50 177 158 69 122 163 125 122 98 29 159 12 199 153 110 30 52 103 36 
28 145 173 168 3 157 107 147 20 80 22 167 69 186 102 153 106 89 42 84 87 87 192 68 35 157 96 1 132 143 172 180 167 5 136 160 70 173 36 157 67 6 175 189 14 27 89 23 27 136 106 114 48 65 14 137 131 79 74 33 49 139 47 150 97 152 95 120 49 98 194 95 184 167 34 68 170 36 168 63 70 117 146 29 112 128 30 193 52 104 109 16 151 89 48 173 104 95 67 8 141 172 156 88 173 33 84 11 161 19 67 97 113 101 112 178 135 46 28 137 77 188 153 25 41 130 141 121 7 165 192 105 58 142 6 88 182 4 23 27 8 41 185 143 77 178 121 23 183 157 
101 163 12 152 25 110 30 20 39 192 24 13 70 8 92 179 82 17 78 185 157 69 20 13 86 1 59 29 60 166 107 169 35 46 109 159 25 112 200 135 41 62 167 38 181 112 13 2 14 135 145 87 117 2 22 80 139 37 46 47 180 71 21 163 167 95 17 63 89 159 177 160 151 63 184 136 178 106 74 46 11 7 4 152 78 65 35 30 103 196 149 45 4 97 87 162 146 139 106 5 132 142 25 143 129 164 86 94 4 58 78 61 90 30 122 80 73 148 150 35 190 146 199 106 16 194 83 15 71 129 31 111 98 6 135 134 127 13 77 167 97 56 129 198 162 31 141 11 167 1 
162 112 71 84 166 46 141 195 81 125 189 119 136 187 191 196 158 148 131 166 95 71 93 66 63 46 132 188 113 91 29 88 99 42 83 72 147 36 174 117 17 123 97 92 164 128 89 81 59 122 49 112 27 180 49 96 138 178 175 152 36 26 99 135 167 45 105 138 155 45 93 15 178 43 65 77 16 61 72 185 49 10 67 5 135 22 79 63 112 191 168 154 156 109 153 131 198 54 49 47 184 6 39 196 39 38 1 131 145 200 73 77 77 110 73 61 161 117 14 193 20 23 7 110 112 198 47 19 93 11 161 86 100 38 121 5 16 170 26 96 148 14 173 97 167 110 193 191 6 191 
168 1 12 31 191 104 102 179 147 5 107 42 179 73 136 32 181 103 77 94 14 169 17 38 69 145 144 188 30 95 69 166 133 155 157 157 116 124 196 109 93 84 116 22 97 185 173 49 154 7 31 79 106 95 129 164 33 192 158 51 105 76 16 19 176 116 94 15 62 164 49 139 136 95 10 67 53 54 181 170 178 78 189 197 134 158 173 185 64 104 83 18 175 185 110 42 199 130 79 93 27 187 172 117 64 52 183 161 35 44 50 149 74 9 84 115 161 14 179 96 39 95 98 44 37 72 1 41 133 113 158 61 141 19 18 186 9 91 92 196 128 88 140 137 152 117 87 112 74 1 
197 24 151 79 163 89 27 179 199 23 29 63 39 60 53 158 27 164 72 82 148 43 111 49 65 75 181 163 105 88 17 91 165 80 130 10 20 21 38 170 73 67 113 159 186 174 139 74 162 76 3 174 143 183 167 131 15 2 103 147 113 169 41 7 200 45 117 177 132 104 111 38 81 28 169 118 56 87 22 138 166 180 135 191 90 56 142 117 29 32 138 15 169 28 11 46 123 48 17 113 58 61 61 133 27 180 76 6 36 54 156 48 9 188 96 51 46 11 181 1 182 94 190 22 104 30 198 156 127 126 113 101 187 19 33 3 13 108 64 67 20 151 180 84 188 128 57 138 96 154 
91 117 7 158 30 56 27 11 24 197 178 113 101 38 79 68 182 95 142 95 159 66 97 143 84 30 173 117 141 188 69 146 90 51 132 196 55 139 88 161 105 60 7 153 9 153 36 168 145 79 64 75 64 96 67 132 90 112 93 129 100 52 26 118 125 105 19 61 145 70 160 27 144 108 80 132 84 179 196 7 73 141 182 131 116 80 166 26 70 190 1 199 115 15 27 105 144 185 197 7 21 151 10 141 32 34 29 3 64 3 12 144 29 70 82 132 47 117 117 168 42 88 16 169 115 111 43 146 51 195 115 39 155 199 63 169 155 191 129 33 30 50 52 141 86 46 30 42 99 136 
104 127 168 154 180 114 80 151 73 23 45 146 146 141 29 18 55 15 44 25 174 71 114 145 5 195 94 46 65 195 34 135 179 21 175 142 79 189 64 100 154 142 66 80 59 75 179 35 44 171 199 183 25 53 104 163 138 83 180 132 48 60 76 95 117 13 70 47 100 76 103 87 7 177 41 27 102 133 121 33 171 152 113 77 6 180 109 1 139 199 114 41 87 6 118 89 95 90 198 88 126 21 66 34 113 56 22 124 53 75 121 152 71 178 58 6 114 52 88 138 171 170 195 147 90 53 31 192 198 134 28 143 197 77 183 81 198 74 153 148 57 71 190 170 184 27 163 79 94 107 
10 200 77 24 104 9 192 26 14 73 141 118 48 136 53 161 88 59 144 41 64 193 24 198 38 46 182 93 121 163 38 16 136 54 32 174 39 22 151 179 187 121 5 153 120 110 134 8 152 34 189 57 117 56 98 23 144 63 166 14 66 70 57 101 200 88 164 124 76 173 88 28 43 115 152 84 44 14 156 110 36 69 156 145 132 150 59 76 112 31 82 193 66 154 66 95 151 56 65 107 116 19 42 63 134 41 183 133 77 70 66 68 191 119 188 109 173 197 149 73 76 126 196 122 116 146 97 155 27 173 116 65 189 21 146 119 79 111 100 47 191 18 90 85 145 195 72 132 34 93 
86 150 107 186 81 199 22 149 88 156 90 173 35 198 148 82 135 114 100 171 22 71 42 16 140 167 36 118 60 43 174 47 136 182 174 175 123 103 20 104 95 133 34 13 145 163 183 107 182 106 185 169 131 171 44 186 127 159 22 173 9 137 123 70 57 75 50 115 101 90 136 186 180 139 103 96 192 127 156 160 2 53 31 104 126 81 57 33 94 75 9 98 170 83 121 136 160 96 55 67 46 106 158 122 73 115 79 152 154 41 138 49 194 29 82 88 175 171 152 192 132 59 91 172 60 176 156 142 134 188 86 137 113 26 4 14 139 42 125 22 197 6 192 5 91 81 101 27 160 146 
159 49 170 49 37 22 81 76 115 175 193 51 76 153 109 168 94 69 111 163 46 53 145 181 66 108 66 166 130 43 24 119 191 52 38 106 121 152 15 133 162 109 100 193 131 189 143 22 57 154 141 104 109 112 115 6 106 172 57 38 10 95 86 30 130 139 198 104 41 42 160 99 19 84 27 65 163 116 23 82 133 151 178 89 188 183 182 145 146 62 101 143 193 150 5 86 136 133 64 95 55 84 53 47 189 36 45 58 181 18 79 168 116 45 34 87 100 198 141 69 10 137 75 156 162 106 127 132 17 109 186 18 92 96 13 122 10 47 6 37 155 67 147 150 183 127 14 172 33 126 
50 152 1 121 19 113 194 81 91 92 83 16 145 3 183 98 147 82 152 84 93 188 109 181 151 165 90 19 124 30 91 102 106 74 200 7 4 60 93 162 138 115 95 118 105 48 154 56 90 43 179 81 13 129 60 61 175 146 171 49 144 67 139 88 128 130 5 55 186 108 192 35 104 60 147 123 23 182 157 71 59 49 125 136 180 91 48 137 79 185 163 66 138 129 64 99 145 198 29 133 33 81 191 137 22 45 13 7 100 71 143 190 154 101 139 185 75 75 29 119 114 121 46 94 112 126 69 24 110 10 181 64 20 82 91 33 5 36 61 62 59 182 144 110 192 112 44 17 56 39 
140 56 197 126 42 79 142 147 134 107 4 51 101 9 128 15 64 170 112 117 115 180 129 94 29 166 164 172 125 79 173 186 92 16 60 53 198 199 95 83 68 63 50 113 102 61 8 173 157 76 146 150 27 60 103 16 55 56 80 149 158 36 153 20 39 120 71 186 77 80 75 86 104 111 93 55 121 128 152 163 141 197 93 21 17 21 70 101 196 68 59 15 145 128 6 179 62 47 35 127 104 143 96 94 175 159 92 97 164 14 147 102 169 135 53 33 86 77 199 153 183 169 157 38 103 34 72 31 57 59 19 16 78 93 180 107 108 10 192 29 77 164 50 51 45 62 146 147 103 174 
160 135 200 125 11 75 20 23 175 151 135 15 66 103 126 56 78 173 199 164 49 187 37 10 166 123 199 50 156 103 61 143 97 39 156 164 141 137 172 68 22 108 136 178 120 79 160 24 99 159 169 118 183 173 146 11 143 148 24 183 200 84 81 137 8 137 99 195 71 5 18 100 13 43 31 68 146 98 98 179 65 133 171 35 74 114 43 96 48 82 104 133 123 2 50 37 81 43 68 95 110 91 20 95 171 14 145 93 47 116 135 99 156 53 22 136 13 39 1 2 136 108 56 128 181 18 192 55 117 181 174 190 18 12 89 89 10 179 115 118 148 27 145 116 100 162 119 36 195 7 
141 173 24 12 163 164 107 12 6 154 135 168 120 18 136 5 111 86 68 39 42 112 157 108 49 187 164 109 180 139 186 39 141 95 93 153 123 186 60 68 146 166 130 112 19 90 107 80 152 69 76 149 24 61 23 21 109 187 179 26 132 42 74 170 23 176 114 47 22 181 102 4 23 76 101 162 108 139 115 76 134 54 108 15 37 85 194 136 8 72 115 77 89 108 145 84 21 144 127 31 71 18 50 1 130 17 191 133 58 148 55 97 84 129 20 126 94 34 11 98 153 142 41 76 80 38 157 54 171 86 105 102 83 55 190 82 166 190 199 94 175 132 116 166 149 58 61 77 113 85 
36 143 67 2 185 81 168 9 188 85 162 172 107 56 55 48 37 185 65 45 37 67 29 91 111 167 193 17 38 104 151 76 105 91 143 141 44 96 49 30 37 64 86 100 7 183 173 155 81 128 136 125 190 153 134 154 63 42 161 22 110 6 104 39 154 60 104 135 122 191 66 102 119 61 82 117 142 24 198 119 46 80 47 143 193 66 181 92 152 162 192 200 157 93 152 30 106 44 21 12 64 123 123 32 25 130 53 175 10 23 193 29 125 196 8 83 199 25 115 140 99 164 33 162 22 9 102 76 133 56 36 199 150 128 193 175 34 166 191 160 127 86 14 133 153 65 105 96 156 108 
168 192 37 140 113 152 157 34 36 145 48 197 49 89 33 152 199 104 86 41 4 80 74 8 147 172 27 102 141 58 89 183 33 1 23 157 138 29 133 41 59 104 142 101 25 23 175 163 3 68 110 22 158 128 176 123 114 35 17 24 77 71 172 2 132 106 192 125 135 183 156 26 53 41 99 84 89 119 74 54 68 131 69 15 126 97 35 67 9 11 104 31 61 49 4 131 111 154 193 97 162 154 145 159 200 108 10 89 142 41 83 173 50 27 195 9 150 88 74 53 169 156 23 191 158 21 70 70 59 1 164 199 82 176 191 22 188 50 77 191 173 175 78 177 44 120 35 8 191 16 
21 47 151 67 33 160 61 44 157 61 129 37 151 51 145 66 63 176 13 179 23 122 148 47 161 181 47 149 124 179 85 58 22 11 21 76 95 173 109 149 145 162 63 111 80 46 58 23 109 78 199 51 25 162 127 156 159 141 51 116 16 16 9 109 68 190 145 133 64 36 46 168 127 9 168 190 122 55 144 142 73 135 41 198 63 189 109 67 199 151 61 39 108 157 128 187 37 18 179 101 87 157 87 34 146 104 25 50 159 27 138 71 167 139 122 127 51 78 153 162 27 117 118 15 24 48 39 119 187 85 168 34 151 121 108 95 172 174 77 90 66 58 167 199 131 190 63 126 132 45 
64 162 194 159 29 106 146 31 168 61 126 30 183 100 122 175 28 166 69 140 3 38 43 124 82 127 61 11 79 172 106 13 128 139 77 29 114 22 52 127 187 116 196 138 103 173 162 9 26 188 171 79 136 65 127 103 49 58 170 173 114 122 196 163 114 1 51 90 4 160 153 23 21 104 177 27 123 132 78 172 109 161 149 183 111 4 155 106 196 172 75 147 89 187 64 73 44 145 97 158 151 136 89 82 124 123 76 69 32 46 192 101 56 96 47 177 6 188 196 17 115 85 77 139 74 47 110 81 112 4 8 9 90 133 169 44 43 110 41 12 111 49 73 190 142 38 129 120 134 61 
173 13 7 138 146 184 18 133 67 69 132 72 130 35 186 93 191 20 73 86 84 85 116 186 194 182 193 43 146 146 13 154 139 144 83 177 54 28 198 155 64 69 25 59 49 19 198 161 133 196 98 20 102 7 17 10 145 30 103 168 151 87 32 174 59 36 185 181 28 142 86 4 14 144 179 47 45 120 112 55 200 140 145 190 180 8 127 8 159 30 182 47 115 182 101 117 198 170 136 57 59 105 82 69 82 140 170 200 56 41 199 24 132 187 175 3 37 109 200 73 92 179 113 38 46 15 112 73 118 13 134 38 66 141 121 130 95 156 24 122 28 29 27 192 198 69 100 24 186 100 
171 107 66 35 139 76 52 99 3 118 196 88 7 126 190 59 94 120 194 64 144 35 141 120 185 135 187 74 158 147 79 173 187 116 99 23 87 19 127 124 118 90 126 76 99 2 138 24 145 80 13 10 14 149 114 27 25 82 50 124 50 35 30 100 67 109 126 94 20 22 12 125 2 110 75 136 18 130 150 156 25 138 94 192 1 165 82 132 118 91 113 36 142 58 193 156 194 77 142 30 193 119 152 45 62 44 67 122 72 115 110 20 190 60 7 22 89 25 86 134 200 188 4 162 36 35 83 170 133 128 109 38 33 152 56 45 114 178 186 172 148 180 10 116 18 81 118 111 88 167 
102 80 30 120 9 119 97 48 145 195 159 1 15 108 22 76 38 109 175 121 140 126 104 104 2 127 115 37 46 149 165 3 181 75 199 101 128 194 171 92 138 55 94 92 189 30 195 123 85 7 15 35 90 72 172 47 86 137 95 11 183 111 127 92 82 113 153 40 103 7 48 56 144 7 144 181 100 128 183 87 178 196 134 140 166 146 95 36 38 18 12 5 150 7 74 153 46 197 165 136 83 98 160 132 13 57 145 4 74 187 15 94 199 131 18 17 129 63 179 7 52 51 51 153 6 76 72 139 16 59 74 98 93 51 116 188 57 165 116 46 57 60 134 89 179 189 44 66 200 157 
55 112 9 49 198 79 91 111 33 16 119 105 196 71 200 125 149 195 51 175 122 16 8 169 108 113 130 168 82 127 181 92 46 158 180 50 163 54 177 136 30 161 186 21 189 137 106 111 56 73 72 99 198 26 7 177 157 32 138 174 159 103 172 154 178 130 70 7 189 131 156 52 73 179 185 88 167 63 14 18 68 144 199 117 71 58 14 55 159 149 31 175 111 152 27 59 104 53 140 62 171 88 166 68 147 84 173 163 42 10 46 178 53 130 156 190 125 8 92 144 65 72 145 44 156 16 183 150 140 4 103 149 38 89 114 33 27 140 100 10 150 122 51 147 132 133 51 28 154 24 
8 163 60 27 182 88 29 84 60 47 66 152 145 66 16 37 164 15 96 78 62 142 8 179 97 139 128 124 12 153 144 3 53 53 19 149 22 24 150 159 22 124 160 149 181 159 35 153 174 114 142 55 12 102 139 41 67 74 100 34 112 106 158 169 10 136 100 183 91 191 151 62 125 38 15 183 123 164 50 27 90 21 172 20 191 66 49 103 98 138 98 34 155 73 69 116 95 99 160 61 9 184 5 102 143 139 100 174 194 61 174 78 178 7 185 120 10 1 20 164 151 97 167 20 48 34 78 153 58 38 106 104 168 88 192 99 58 117 90 173 43 143 139 183 169 88 113 40 58 112 
91 178 172 158 152 165 32 187 66 60 138 51 168 137 163 94 200 17 172 108 131 85 116 89 141 144 61 80 189 122 188 33 111 128 9 75 193 166 100 24 4 37 99 154 159 200 198 107 72 121 178 27 78 81 31 130 153 56 13 142 61 139 155 186 61 133 148 187 84 48 42 33 115 2 122 148 169 143 83 48 73 154 15 27 200 122 111 118 96 10 23 133 31 19 54 137 165 36 22 163 68 16 30 128 74 9 81 64 134 155 39 139 20 127 193 81 97 145 108 61 48 54 136 133 62 127 62 68 123 133 44 78 159 21 184 30 158 198 71 75 167 134 22 76 198 26 52 190 149 131 
159 155 117 180 145 45 119 74 20 70 28 39 19 95 147 14 200 95 80 69 37 50 56 160 184 125 74 23 165 63 50 105 129 145 82 17 110 111 36 40 173 104 45 132 157 182 42 135 56 157 24 43 161 19 57 37 140 129 93 124 164 155 56 63 168 39 162 170 79 125 167 187 27 54 5 175 50 181 191 131 192 187 151 80 52 18 171 179 101 113 168 39 151 166 22 193 69 22 27 108 23 16 117 158 12 121 57 101 66 165 190 67 72 74 81 27 137 117 163 74 62 3 10 46 170 118 152 71 38 105 177 182 9 76 101 94 178 105 185 124 140 182 41 12 200 151 48 46 133 71 
120 182 190 101 84 73 112 44 185 10 192 33 145 16 155 102 84 95 89 53 2 195 6 127 178 149 78 125 92 150 102 84 126 157 120 85 36 152 112 7 141 117 122 124 119 20 154 157 158 30 36 161 199 23 177 72 181 2 130 60 173 183 151 42 75 81 89 100 108 186 22 20 63 162 22 106 33 140 193 105 134 11 61 165 175 71 150 17 185 58 87 47 133 192 146 185 40 11 28 159 184 89 172 104 52 46 16 37 120 118 70 11 141 71 105 98 43 137 17 85 107 114 178 29 25 190 143 171 67 164 156 163 111 25 163 12 108 35 25 79 107 11 185 3 198 140 145 190 68 46 
178 159 61 195 143 177 20 188 71 185 69 96 67 153 111 143 36 71 189 120 47 172 121 157 97 31 173 112 174 193 146 176 15 17 166 52 15 141 105 86 129 78 152 134 67 188 163 80 130 151 166 76 166 142 59 199 27 190 75 176 145 1 48 160 28 182 198 177 69 146 200 30 162 58 125 41 181 133 169 45 19 63 38 110 91 51 23 196 30 109 29 126 139 5 130 57 119 107 60 41 109 61 101 31 43 135 162 69 14 194 168 191 68 199 89 78 38 184 76 115 116 21 129 178 21 119 33 116 118 146 84 151 108 52 78 53 193 49 2 43 111 180 5 11 199 15 54 92 103 67 
56 165 138 186 119 63 92 42 38 69 61 116 185 98 86 44 84 73 11 198 146 133 104 23 122 96 77 174 199 78 176 9 144 151 6 88 48 190 119 42 92 170 149 49 42 9 149 192 21 14 38 192 66 166 133 100 42 54 185 99 103 137 183 45 131 190 62 145 187 172 173 121 17 102 124 126 10 81 5 136 185 45 14 24 155 15 79 50 168 134 23 108 150 193 70 169 37 63 189 195 178 152 2 42 166 114 151 44 169 78 130 18 139 84 70 131 17 165 171 82 11 50 190 118 178 123 58 74 55 64 14 68 55 192 78 88 166 28 195 174 54 97 91 163 39 29 184 117 190 95 
130 66 25 91 32 145 123 17 106 93 13 192 10 199 37 45 99 23 68 161 146 9 163 200 115 35 87 163 186 70 155 132 104 185 178 55 37 19 116 182 43 46 53 144 14 142 166 119 152 152 113 65 124 131 195 180 181 149 170 79 191 127 60 38 163 109 91 30 135 70 170 169 78 77 141 24 11 196 75 55 40 38 107 115 200 66 83 74 119 128 169 25 182 105 185 179 80 177 188 17 82 198 199 15 28 190 61 170 73 76 30 138 150 146 109 180 10 101 73 105 117 80 135 156 40 173 1 69 20 16 19 6 111 99 122 141 28 7 32 77 92 62 98 130 106 84 134 198 14 133 
82 82 143 112 84 169 124 178 80 15 153 69 22 85 136 122 24 65 16 142 45 23 16 96 82 175 5 127 171 112 165 132 129 97 157 155 6 178 165 71 38 87 170 29 110 47 108 10 172 39 78 173 123 140 11 128 55 162 33 189 116 167 31 47 172 106 71 143 171 1 70 83 147 14 163 164 39 71 139 86 40 32 179 76 138 48 4 104 70 20 45 88 91 8 161 96 125 165 35 135 121 89 53 94 86 146 89 40 101 51 77 15 126 188 76 95 199 194 168 29 64 131 58 172 154 14 100 178 140 194 172 39 113 75 164 37 136 78 152 26 40 35 63 149 66 70 99 86 52 32 
47 61 188 173 89 94 59 184 194 71 5 13 197 175 132 108 116 51 186 185 8 140 43 196 24 165 51 116 81 155 187 182 119 38 31 130 41 82 168 59 86 99 70 132 101 159 150 97 188 190 136 124 4 105 11 98 82 133 104 14 186 124 194 90 21 47 61 69 102 172 85 198 101 70 92 46 68 140 38 122 178 109 125 185 28 139 167 177 81 51 83 191 162 166 39 192 175 60 163 121 114 27 98 14 31 163 154 157 72 45 77 122 158 19 121 88 92 188 156 52 111 15 87 43 29 153 113 128 40 49 89 174 27 9 6 4 142 94 17 3 63 191 6 67 175 110 128 45 185 40 
112 171 145 148 32 140 108 160 183 54 109 200 196 124 93 72 55 85 88 48 166 54 129 14 41 159 71 36 78 5 57 76 130 67 57 8 108 154 142 122 30 79 106 180 91 12 185 68 111 92 149 38 191 88 68 41 174 68 120 66 135 4 1 35 126 91 103 78 48 22 62 19 57 16 114 19 172 175 82 26 176 88 102 195 44 52 121 127 66 152 77 117 169 67 38 24 11 27 49 65 179 126 39 199 9 194 169 48 14 58 50 147 11 40 194 68 156 116 176 15 44 24 9 176 147 6 147 51 93 76 27 7 56 183 33 68 52 38 58 74 182 162 170 78 175 102 37 155 71 176 
38 24 65 110 30 92 158 14 14 11 21 88 171 90 185 96 143 92 107 94 194 193 80 90 113 41 99 129 45 116 174 127 200 165 87 197 187 66 148 138 115 101 95 184 32 142 176 174 154 97 78 134 48 102 172 175 65 197 185 39 118 150 109 9 156 197 10 156 171 187 26 72 14 120 114 27 91 116 164 7 24 107 135 79 26 13 161 100 178 48 163 151 93 56 172 47 34 8 14 174 131 141 155 185 84 47 100 66 168 76 133 47 12 167 171 102 82 189 121 66 188 197 127 135 118 39 26 49 46 18 141 110 138 137 5 44 75 58 53 1 156 132 7 10 92 69 31 46 131 83 
72 58 180 135 121 163 40 25 186 62 159 179 49 196 142 27 177 126 133 190 53 58 31 94 150 186 130 185 79 186 176 192 26 14 71 114 176 152 31 117 69 148 189 3 164 163 85 144 191 195 196 176 152 93 71 43 184 102 15 141 199 16 167 120 179 15 152 36 52 75 16 197 167 29 186 63 12 149 108 116 120 200 57 64 94 56 188 156 135 40 155 159 176 136 46 29 105 75 175 38 131 87 46 173 20 66 82 84 107 75 93 101 105 79 81 92 139 144 59 102 106 74 86 81 14 67 2 20 11 115 41 87 169 22 198 143 133 145 5 188 183 177 68 7 65 118 9 11 24 75 
200 60 5 34 171 73 168 41 108 140 110 75 45 183 137 17 193 170 164 108 153 189 128 14 195 194 93 170 165 82 156 124 14 163 156 119 152 134 171 67 6 35 75 138 191 64 47 70 66 180 124 87 157 25 133 131 71 34 169 83 111 34 23 141 137 82 6 124 72 113 39 83 169 142 68 51 118 122 92 138 39 74 112 32 54 14 161 170 150 54 174 162 48 36 75 18 124 30 155 58 118 121 123 146 57 90 163 35 32 15 60 190 96 141 81 127 69 9 180 124 141 8 162 16 107 71 25 160 141 132 100 127 41 40 198 121 26 181 173 109 22 134 75 93 44 87 45 106 172 45 
25 46 169 79 4 198 98 136 102 114 160 16 196 114 125 150 198 149 149 36 21 67 160 1 188 149 48 190 111 126 156 187 142 198 114 114 10 34 116 84 58 153 119 55 112 163 105 3 52 189 147 177 40 145 172 28 177 118 15 90 137 91 196 57 84 30 112 44 95 99 189 122 2 16 181 188 77 135 158 174 122 191 22 35 6 150 169 97 50 79 18 149 171 134 183 102 71 49 31 3 166 113 188 101 116 186 15 3 89 27 138 7 6 133 167 36 172 80 22 86 137 114 86 37 23 114 174 185 41 199 188 25 100 47 35 43 86 165 80 194 174 98 132 104 124 83 81 65 117 88 
179 83 69 189 49 183 192 2 70 52 43 23 126 200 162 141 194 169 172 175 165 83 81 108 4 52 196 145 138 137 88 189 92 99 173 94 43 93 164 16 49 86 167 169 129 87 114 185 153 18 85 158 56 84 168 37 9 85 119 14 116 58 38 172 123 24 124 41 174 57 167 164 174 95 40 93 30 182 172 147 102 157 94 65 82 18 3 114 184 72 147 132 126 31 200 151 82 56 66 7 105 137 14 184 78 152 49 18 56 148 49 100 104 36 19 157 79 183 169 8 53 9 96 97 149 109 90 134 167 80 156 196 50 121 115 61 198 39 178 181 108 69 177 104 117 82 110 49 91 163 
4 46 91 62 91 169 5 100 64 141 168 169 99 68 49 175 144 62 90 74 71 108 31 64 88 178 195 55 117 177 101 97 53 73 198 33 55 34 25 101 148 113 6 99 13 146 112 31 52 37 149 135 71 145 47 50 65 200 160 23 95 97 25 160 189 114 45 94 175 101 26 36 24 45 81 51 172 153 144 108 74 127 98 60 34 152 27 69 35 104 52 187 9 140 84 28 187 154 97 113 50 138 193 74 154 122 176 183 101 23 121 18 116 24 154 174 193 54 80 169 153 166 76 93 19 169 23 10 155 84 173 104 92 132 101 69 156 47 10 136 132 27 109 39 175 139 14 179 162 24 
104 178 133 141 70 148 54 168 67 167 167 79 190 83 189 64 164 136 17 67 11 14 112 18 48 35 181 30 147 144 152 125 129 156 1 141 185 168 16 89 137 96 15 165 197 43 150 102 189 135 5 65 122 148 11 110 118 181 117 110 31 107 114 48 45 1 98 158 83 60 50 40 99 152 44 129 89 176 25 70 188 47 28 62 5 19 127 107 152 71 128 9 190 48 10 36 127 183 78 20 71 76 18 2 160 36 141 17 77 111 159 41 142 104 102 68 79 116 180 144 195 124 4 58 121 37 91 9 181 80 85 128 188 45 30 49 155 175 91 30 188 171 144 114 169 173 42 102 138 63 
64 44 54 172 46 174 90 166 75 196 61 17 118 135 61 100 179 83 61 10 167 74 199 46 48 154 18 169 103 99 17 104 111 85 121 118 150 182 161 120 12 116 101 136 82 58 134 170 135 66 8 123 19 89 147 129 81 33 138 48 183 21 3 16 50 142 16 151 6 178 9 3 156 162 51 82 20 156 151 25 9 51 130 140 168 44 31 170 115 200 42 26 23 23 149 19 159 104 108 100 88 200 169 190 98 185 78 105 8 196 55 175 58 195 193 128 155 168 84 81 116 22 134 155 77 42 118 105 112 20 11 104 51 86 178 121 138 145 33 1 60 38 146 40 149 117 46 39 54 156 
48 61 94 28 148 55 38 72 47 129 15 39 180 80 29 170 99 178 131 185 128 21 193 156 52 91 4 18 6 61 167 39 86 12 162 12 191 46 143 145 170 22 34 72 108 8 162 195 35 198 42 189 195 88 72 85 164 100 135 101 154 145 134 193 141 148 90 196 70 151 22 178 140 56 42 4 199 195 113 129 36 30 179 122 173 29 145 189 9 102 144 158 165 1 52 97 90 158 87 6 39 32 60 51 119 92 29 164 34 70 29 146 24 193 59 121 199 83 48 13 84 170 32 10 84 62 33 2 173 14 109 199 86 15 182 18 168 26 184 13 158 84 64 29 112 98 17 119 118 150 
73 64 43 113 62 131 39 111 124 129 60 102 200 61 78 173 173 163 135 10 29 76 67 174 127 118 152 117 96 12 168 174 103 24 33 27 16 18 166 130 79 186 110 168 153 10 150 168 143 165 159 56 130 33 81 184 153 86 51 30 39 7 190 37 197 50 47 192 133 31 176 92 162 88 138 71 122 129 127 106 137 72 180 180 136 2 50 183 125 44 29 155 185 17 47 69 94 195 158 197 152 189 156 99 159 197 132 194 23 37 44 75 80 121 102 184 111 52 96 174 49 47 57 23 72 186 47 140 10 112 164 115 96 182 11 176 185 145 22 107 11 50 66 151 103 74 172 17 137 181 
77 116 41 76 175 86 105 141 12 29 129 165 84 32 190 76 75 131 78 178 157 195 118 32 71 112 127 65 112 107 129 170 179 119 40 63 96 44 119 81 64 133 42 95 79 44 173 112 54 101 162 60 155 1 5 86 16 70 170 76 99 189 12 181 73 152 168 56 50 83 128 149 5 6 184 199 99 99 125 108 23 65 161 102 154 103 85 197 9 30 183 175 165 91 74 100 177 116 161 150 152 180 192 145 80 145 93 44 69 154 73 60 140 128 138 92 127 119 108 114 48 136 117 169 53 44 143 135 78 35 118 13 4 21 56 136 155 114 65 22 158 158 134 33 130 162 125 128 87 75 
10 50 18 152 86 142 121 13 115 16 138 106 89 106 187 154 31 22 145 26 10 188 167 79 102 9 59 166 124 166 101 52 6 56 160 136 42 199 137 140 37 60 108 142 8 152 28 149 29 175 169 23 147 192 8 187 44 173 59 75 25 56 46 37 39 150 78 36 149 68 69 62 40 164 60 138 98 19 84 174 118 27 109 112 121 117 124 185 11 45 49 116 13 120 178 100 33 35 72 12 64 119 154 32 113 41 111 191 107 84 38 69 26 1 81 183 82 105 178 123 172 187 155 114 94 189 86 193 10 137 16 126 25 88 168 147 11 190 80 53 96 63 82 88 49 15 52 200 196 154 
56 37 81 95 84 181 145 145 135 99 35 92 199 16 130 55 47 34 81 5 56 65 187 139 195 62 159 157 158 31 71 77 100 200 140 69 84 32 72 96 34 76 194 116 78 56 116 144 185 8 144 25 22 70 128 91 169 64 94 115 122 122 165 199 117 113 189 75 50 45 13 125 190 19 187 81 186 189 30 141 72 174 49 169 66 186 194 5 43 62 123 147 96 200 122 195 101 194 86 78 173 25 55 58 146 193 167 159 78 63 136 10 102 131 193 22 173 126 116 143 3 79 149 42 138 8 110 174 131 188 95 170 39 38 21 126 152 107 125 91 198 169 67 18 93 200 32 17 117 129 
57 81 91 51 178 91 149 62 27 57 126 191 139 144 156 136 55 133 37 160 150 17 150 49 140 11 79 199 187 186 179 197 100 51 36 145 156 146 22 107 71 95 69 114 146 85 124 10 182 168 61 46 44 156 94 53 13 146 71 48 13 12 170 136 28 43 75 143 29 111 19 160 58 155 140 16 83 161 137 22 88 61 32 95 160 23 101 92 149 78 36 54 131 58 140 15 145 79 156 41 105 170 174 182 177 24 198 79 27 168 84 188 76 156 151 127 161 17 99 133 61 113 40 47 166 46 147 32 144 134 117 10 103 167 29 115 93 187 36 200 48 101 160 40 159 124 143 78 4 79 
81 35 15 185 91 158 34 62 118 143 141 36 191 185 134 6 146 164 163 195 111 168 199 61 148 88 74 44 39 175 17 161 70 35 18 87 148 200 173 116 190 59 84 45 168 15 155 176 164 58 74 18 157 145 135 144 151 6 183 161 141 138 136 20 114 140 62 178 39 7 84 15 77 157 57 12 129 163 130 81 23 150 178 43 123 114 114 60 199 37 112 121 94 22 4 166 95 133 173 36 143 13 117 13 196 99 106 16 190 43 1 28 71 26 74 88 1 23 119 76 52 157 56 133 81 120 186 21 192 148 163 16 143 106 121 19 43 193 160 92 160 26 126 68 108 175 110 111 153 94 
174 176 41 92 99 99 190 179 182 23 138 119 36 177 49 193 182 25 149 88 92 34 55 130 88 175 156 61 47 197 33 159 36 150 87 13 114 26 86 117 5 93 134 93 166 10 26 141 76 60 15 51 63 59 172 41 52 85 200 194 45 57 22 98 135 7 179 142 91 103 52 144 172 144 87 41 106 109 114 164 55 131 124 159 109 66 134 122 178 162 76 168 99 8 21 16 116 79 99 124 131 108 162 122 159 59 108 124 197 90 88 140 71 140 72 49 179 78 135 80 135 168 171 8 149 51 155 15 45 29 27 153 72 24 149 135 104 31 1 49 130 85 126 59 19 166 47 161 165 44 
169 84 200 42 168 177 107 131 142 111 59 42 178 72 13 18 66 64 41 106 67 96 34 21 192 143 109 179 105 15 160 115 74 86 52 27 130 99 126 103 117 51 124 31 108 148 68 76 115 115 194 197 151 30 3 82 79 48 186 32 89 46 161 97 137 22 91 19 174 178 90 43 27 46 52 184 113 30 72 126 49 71 80 64 9 136 155 103 179 177 196 128 94 36 165 97 38 11 172 45 113 9 189 173 196 159 143 60 82 183 78 170 157 120 196 130 195 34 108 185 68 178 103 12 147 107 148 74 11 192 199 165 44 128 4 125 65 80 148 61 147 3 158 55 192 151 16 72 172 84 
61 166 177 99 102 165 38 162 125 199 98 21 47 6 78 187 32 168 110 31 194 36 27 12 92 49 184 177 126 150 161 129 173 3 65 74 135 48 28 189 77 172 22 199 176 170 149 148 169 89 29 147 57 19 31 127 38 48 30 17 138 4 172 93 3 142 191 88 48 13 95 42 56 9 195 195 63 47 185 191 108 139 155 27 24 51 111 178 196 175 49 136 174 79 36 4 8 88 70 148 177 197 127 59 158 181 40 16 51 114 97 50 168 64 128 196 48 160 170 103 98 78 124 21 31 183 139 28 134 77 198 65 22 194 112 163 197 149 17 14 145 109 87 153 145 128 102 105 111 138 
124 60 170 115 178 152 84 12 176 3 183 2 175 182 53 14 143 98 136 184 111 56 119 141 19 6 99 55 107 47 65 27 12 16 41 170 132 141 133 143 132 42 169 90 184 160 10 3 1 114 117 51 147 20 170 24 58 19 166 140 17 110 196 31 141 122 130 53 105 35 193 179 165 7 83 134 69 14 192 23 122 164 136 188 196 192 65 27 108 93 139 173 112 139 97 122 47 162 139 103 125 5 154 44 121 48 27 24 147 87 151 51 19 74 39 29 152 144 13 102 189 83 71 142 25 8 189 115 199 145 61 61 152 72 96 140 169 85 157 73 179 196 165 9 62 110 72 31 163 58 
18 193 36 64 81 69 155 171 161 142 47 128 150 4 80 3 12 60 137 24 69 37 47 179 46 79 159 120 31 114 174 39 139 183 107 139 31 49 68 113 163 69 129 105 128 167 92 66 101 144 145 17 69 45 181 31 175 136 158 170 30 85 18 122 119 81 30 143 120 167 113 68 168 199 2 107 153 97 21 111 134 149 45 89 132 160 130 53 172 45 6 104 47 105 111 155 5 85 17 26 22 132 71 71 185 152 106 61 128 139 147 150 2 72 65 126 41 133 130 190 118 50 17 110 94 189 79 171 189 137 142 20 123 174 70 89 173 93 162 177 83 67 167 86 171 152 45 74 41 138 
65 130 69 170 48 102 2 176 86 72 135 174 110 181 48 67 94 45 41 180 72 145 48 60 11 131 73 48 169 41 26 150 87 147 40 28 118 130 60 134 65 189 119 72 116 28 67 26 138 147 134 183 13 59 143 125 101 33 64 105 197 99 75 178 62 9 185 115 85 9 197 12 150 170 137 72 20 156 113 45 79 142 57 17 67 3 176 42 113 160 116 176 104 56 107 55 175 150 165 193 164 66 9 179 6 92 170 34 197 71 29 20 88 192 175 197 144 148 84 103 44 120 189 116 149 128 150 9 8 86 94 172 58 19 194 95 43 102 33 43 93 146 58 163 144 138 96 145 39 155 
65 65 75 8 33 116 108 28 123 183 193 35 122 135 155 190 17 45 86 171 120 113 158 180 52 198 190 199 175 181 45 6 146 200 22 126 180 184 170 169 29 10 108 147 40 155 150 125 193 161 74 67 25 141 162 37 120 143 136 117 15 131 53 75 54 71 13 28 120 21 44 54 50 33 188 196 7 166 40 16 189 178 171 87 156 13 156 134 60 31 169 169 135 145 96 192 42 96 171 158 62 78 199 46 188 198 87 96 191 130 170 43 18 121 119 190 99 15 9 195 84 174 39 28 18 87 173 166 33 2 158 152 13 11 132 14 30 124 30 105 86 174 102 155 18 71 29 65 42 25 
61 115 104 164 185 53 160 35 2 2 58 131 142 139 174 182 146 54 11 112 78 150 34 112 141 78 57 180 161 11 87 130 142 91 137 157 129 81 166 32 161 25 38 152 98 131 97 11 186 109 68 192 37 30 140 75 55 100 83 60 93 8 115 57 117 82 55 90 103 97 44 150 152 179 186 167 28 193 163 47 177 39 92 169 58 22 9 57 154 3 104 20 118 33 102 9 82 12 142 124 136 61 3 59 162 100 159 45 38 195 160 170 25 132 108 171 4 34 190 18 152 46 139 83 48 191 91 121 162 157 26 11 200 172 156 155 169 13 53 186 43 128 34 188 11 54 94 21 40 38 
191 75 169 48 191 99 97 57 73 157 52 21 61 174 105 178 176 150 31 148 78 114 114 92 114 59 54 114 62 123 185 29 197 32 19 132 71 10 53 80 104 166 200 30 39 51 130 23 76 114 58 62 147 52 51 66 155 141 99 189 100 176 119 84 141 156 55 50 40 6 33 152 19 174 120 14 165 100 41 41 49 199 1 50 15 33 18 88 26 184 45 42 48 5 4 182 67 169 136 111 95 100 186 124 175 110 196 154 95 170 12 150 12 185 161 24 181 115 183 137 113 6 173 69 54 164 20 108 51 46 55 127 178 138 13 91 137 180 8 2 107 51 186 131 24 86 85 29 175 5 
78 44 172 44 36 18 2 80 49 116 43 121 199 175 183 170 64 42 3 177 92 81 143 65 12 149 129 72 35 80 185 22 159 108 143 48 41 162 77 137 48 30 193 23 173 133 166 57 39 98 120 67 71 86 131 199 161 171 84 4 99 74 13 54 81 22 137 85 75 110 39 54 128 106 12 132 183 16 89 13 69 161 62 126 9 51 107 123 199 33 67 92 102 13 191 83 35 47 96 3 122 57 200 188 61 15 200 136 81 187 50 181 115 46 109 126 6 190 108 132 95 50 188 117 26 193 155 114 116 167 93 71 155 8 107 40 61 36 62 29 99 43 78 48 18 183 135 16 23 133 
91 174 197 157 68 75 121 94 4 169 134 185 61 76 78 87 9 197 161 95 93 89 80 128 35 196 20 46 21 179 106 66 156 54 111 17 143 142 169 141 35 169 120 21 4 144 85 176 159 188 143 133 110 13 52 136 19 145 115 33 167 95 147 32 141 73 77 103 168 6 130 150 38 86 40 194 17 190 163 34 102 6 83 11 35 84 176 172 195 1 158 99 164 91 32 58 76 18 35 45 158 27 31 64 39 145 79 79 124 98 173 70 36 139 1 46 174 153 177 68 124 155 17 68 69 94 184 86 134 37 159 82 32 69 103 76 199 147 121 190 71 26 93 102 14 72 184 58 148 53 
