50 2
0
1
1 303 45 663
2 310 21 352
3 328 137 876
4 504 171 504
5 577 151 1785
6 639 116 1567
7 758 53 970
8 787 81 949
9 823 195 823
10 902 200 1702
11 976 172 632
12 1079 117 1313
13 1113 110 1113
14 1251 192 2403
15 1338 28 1338
16 1496 96 2072
17 1530 15 1650
18 1645 34 1577
19 1653 191 3181
20 1777 191 1777
21 1981 66 2377
22 2137 195 2137
23 2169 48 2457
24 2309 183 3407
25 2349 177 3411
26 2351 12 2375
27 2382 124 2382
28 2441 101 3249
29 2523 92 2523
30 2982 156 4230
31 2993 58 3225
32 3095 193 4639
33 3206 185 3576
34 3252 104 3668
35 3326 81 3164
36 3412 158 3412
37 3425 189 4181
38 3550 136 3278
39 3579 11 3579
40 3611 57 3953
41 3652 87 3652
42 3882 170 4562
43 4012 68 3876
44 4150 98 4934
45 4263 83 4097
46 4414 50 4814
47 4415 151 4113
48 4585 147 5467
49 4681 44 4945
50 4791 50 4991
116 74 152 135 120 137 95 71 53 107 47 76 99 99 81 102 95 117 86 152 161 112 194 60 44 100 3 46 92 139 189 104 60 42 168 145 186 111 115 19 46 161 19 160 66 77 177 174 185 23 
85 137 112 142 27 199 87 94 68 116 108 5 41 14 176 172 18 161 133 131 65 142 48 114 70 187 43 170 57 66 70 155 169 18 164 124 56 127 17 117 76 8 123 52 1 77 110 40 80 54 
156 175 160 69 144 138 60 97 34 172 199 130 53 181 88 29 40 113 112 18 41 103 66 45 2 11 102 125 2 71 163 179 46 179 59 109 78 59 44 152 73 192 65 19 176 91 3 27 100 33 
70 113 64 73 148 111 162 53 40 41 194 151 200 18 165 133 103 53 93 158 156 98 194 26 114 142 81 133 14 45 18 160 41 83 20 191 97 182 40 197 50 190 163 176 66 139 27 181 45 43 
132 44 45 84 63 5 97 140 146 23 158 67 134 26 75 33 107 20 135 64 120 163 142 9 186 59 23 28 127 40 133 146 163 160 53 121 13 70 187 34 32 84 122 179 171 142 78 47 18 57 
136 102 197 77 39 26 180 106 141 200 125 65 187 157 116 193 91 108 126 45 178 35 13 125 9 153 1 5 91 11 106 185 181 165 49 62 141 71 36 1 21 6 141 163 81 136 54 147 3 85 
60 76 134 177 46 58 145 192 113 56 166 54 151 96 141 182 11 140 160 197 194 43 188 123 190 34 30 37 147 185 91 24 119 31 121 62 11 163 91 66 7 152 113 134 132 181 90 140 10 56 
126 75 133 106 40 140 31 80 27 37 104 85 165 129 140 12 79 99 168 70 175 89 159 51 96 28 171 183 184 180 147 30 54 25 149 5 129 140 144 6 62 66 169 151 167 131 2 147 198 148 
41 116 147 174 73 102 178 29 115 102 26 49 56 135 55 156 10 33 57 29 93 183 99 14 70 32 168 12 140 95 175 52 66 89 47 193 64 44 175 133 176 63 150 15 103 17 158 56 33 126 
192 48 124 200 114 86 159 97 44 85 97 151 157 59 85 35 138 181 88 92 33 40 154 125 107 183 126 135 176 7 15 17 11 170 14 43 170 94 149 147 45 78 66 178 29 124 188 138 108 39 
181 89 167 129 130 193 176 46 36 1 171 117 182 29 145 119 193 37 177 172 94 91 74 194 100 74 9 107 155 86 173 18 145 12 38 164 153 4 24 41 178 189 186 149 56 195 146 82 162 46 
99 183 13 143 49 134 90 58 77 72 99 62 139 130 86 189 155 196 157 50 188 22 199 182 147 151 159 156 26 53 57 190 31 196 130 188 57 13 131 76 105 194 43 88 147 104 158 2 19 190 
57 127 146 156 101 9 153 60 94 200 128 124 156 120 183 63 89 100 79 109 7 68 93 186 13 122 83 36 43 200 8 14 146 9 18 50 76 194 141 15 42 14 61 87 153 60 189 85 108 70 
17 101 171 93 108 173 129 191 81 22 62 166 193 133 171 118 183 8 72 122 89 142 168 155 200 75 170 22 18 97 56 194 116 185 12 126 198 190 124 115 38 65 91 173 133 159 197 168 106 153 
122 69 1 168 136 102 178 189 76 38 1 87 55 56 24 133 169 128 127 106 104 200 106 2 84 193 119 40 78 12 101 192 122 3 46 94 148 76 138 128 10 89 72 185 156 93 199 32 150 19 
125 62 159 62 8 162 175 11 1 126 57 31 2 168 9 144 51 142 192 153 6 198 196 116 190 70 199 187 82 159 88 40 59 101 186 85 189 193 79 76 4 110 25 83 180 63 10 65 159 83 
4 52 79 86 142 121 93 58 124 133 92 180 186 24 183 24 71 87 83 111 147 6 97 88 47 133 38 145 90 150 191 140 14 44 138 92 128 46 188 135 146 30 43 99 99 195 58 186 128 10 
29 160 98 8 110 80 122 177 160 86 179 76 125 197 159 190 47 23 92 119 132 181 185 93 4 179 59 35 185 107 64 189 142 87 198 31 149 55 106 121 69 116 80 116 58 54 166 47 26 141 
162 177 40 101 191 134 98 198 170 28 91 130 54 35 156 175 26 18 27 190 83 120 18 84 101 156 88 44 88 142 111 55 37 96 125 158 24 116 83 63 65 69 67 77 189 39 137 4 37 179 
187 111 75 70 3 14 126 168 59 142 170 90 169 82 52 28 24 154 126 33 21 28 121 99 159 116 19 96 157 132 40 180 173 165 150 42 67 70 120 74 81 89 3 59 111 5 3 182 44 26 
160 112 193 34 135 33 108 109 194 64 74 133 57 47 1 137 56 111 135 188 4 86 23 133 83 34 25 140 139 185 3 197 142 10 9 135 198 20 43 62 46 151 6 185 157 45 5 13 178 73 
81 26 112 55 127 96 126 128 199 59 161 9 77 184 42 24 10 71 121 195 21 5 52 153 63 65 81 152 93 76 66 148 1 12 153 21 110 166 52 173 16 73 64 27 163 15 196 196 2 164 
194 82 135 167 188 115 32 151 40 66 190 34 131 186 47 184 10 90 149 4 123 3 139 27 197 200 29 179 50 58 106 14 164 3 190 193 68 58 179 69 108 29 4 150 198 102 56 113 106 20 
37 55 101 136 40 158 44 158 176 103 139 169 138 180 39 196 69 155 192 103 80 75 61 5 139 165 53 21 179 16 185 51 115 65 18 26 150 155 64 186 110 50 24 131 91 16 122 180 86 155 
183 84 51 122 30 91 78 84 154 185 168 64 84 65 178 199 176 165 161 47 153 82 132 70 186 81 79 42 189 47 71 197 148 185 21 190 200 46 144 30 14 43 81 176 179 196 146 142 197 2 
6 98 114 200 196 35 88 13 51 69 77 32 97 6 123 5 200 25 117 11 166 133 146 1 42 167 119 123 149 40 39 97 81 87 70 56 152 124 194 26 43 128 170 92 2 138 132 131 54 31 
102 97 26 13 32 2 160 23 186 156 148 71 194 21 53 166 50 184 112 103 151 121 193 35 182 186 129 115 1 129 13 160 95 160 127 99 85 199 87 98 44 86 56 45 47 64 192 187 149 172 
26 48 86 98 64 18 96 29 177 69 122 92 41 126 23 174 114 192 175 49 110 151 83 31 6 184 161 1 137 59 89 88 194 104 12 64 188 149 74 117 131 37 40 1 52 198 72 140 110 126 
116 141 104 85 167 73 132 177 112 74 124 135 23 38 171 82 98 85 126 80 161 197 138 89 81 93 11 95 85 8 62 54 100 143 85 148 96 192 197 166 193 162 128 98 178 167 147 51 12 194 
167 28 197 165 181 63 34 41 79 169 98 115 156 140 150 93 158 89 61 166 53 158 87 112 80 4 119 170 46 62 25 117 187 60 86 4 98 112 58 10 26 67 162 125 197 78 147 24 87 93 
198 71 169 110 182 197 13 109 109 113 78 12 178 173 54 178 117 18 192 136 68 56 114 20 176 40 40 19 180 97 176 129 140 52 33 24 38 5 157 171 86 140 132 58 171 128 160 28 70 115 
155 46 71 135 157 196 38 172 142 114 92 188 156 185 85 106 48 3 111 36 44 83 151 146 48 24 100 64 23 195 118 127 64 78 175 154 60 20 84 123 191 161 61 168 28 150 9 28 199 3 
80 156 103 152 130 168 20 174 153 57 5 118 68 15 90 157 136 140 15 185 101 64 124 181 139 123 38 82 120 172 163 168 145 51 39 99 106 41 17 66 173 183 22 104 188 25 151 123 190 143 
26 176 67 13 125 99 126 99 111 35 137 185 198 123 128 101 38 32 165 19 90 46 25 36 19 163 32 101 121 115 69 63 116 186 79 13 26 179 113 171 79 14 184 7 4 93 132 139 152 5 
161 102 124 111 162 99 92 63 52 25 9 3 137 68 147 64 11 40 11 100 20 98 20 124 183 129 139 162 118 72 40 142 45 147 152 171 59 139 81 192 99 146 89 192 77 2 166 133 35 18 
122 44 90 83 184 47 185 95 72 22 124 133 11 41 64 3 32 169 117 166 81 110 92 15 102 54 57 72 142 183 75 66 193 183 91 45 89 20 162 132 11 200 18 75 26 106 5 22 17 156 
7 37 53 50 41 84 164 52 18 153 125 80 98 199 76 54 191 184 110 30 36 142 51 21 17 36 67 103 145 122 68 173 137 27 163 20 120 57 180 19 74 38 56 46 59 36 27 127 123 123 
57 27 104 84 140 3 30 32 149 173 60 113 20 177 54 102 95 17 81 123 20 172 63 4 135 174 17 109 196 120 162 191 48 187 75 166 68 70 196 86 85 165 157 15 46 81 87 154 182 64 
105 19 63 37 136 109 70 40 79 61 4 150 166 92 158 73 72 121 68 139 152 179 195 87 2 63 95 95 23 120 181 146 62 156 86 97 34 152 168 92 105 90 44 79 144 145 164 41 132 123 
165 71 183 50 172 152 194 40 93 42 85 189 127 25 185 135 115 45 66 86 89 159 8 20 30 151 90 121 14 116 178 91 8 41 6 43 110 99 195 170 81 137 155 155 92 108 185 176 57 46 
63 186 13 74 119 60 96 106 171 115 162 45 80 145 132 200 9 74 69 175 162 115 162 139 17 124 45 9 128 157 66 181 160 2 166 113 7 163 13 101 77 145 129 21 183 179 141 88 38 144 
4 19 27 83 188 192 170 62 9 59 153 36 166 148 23 100 135 93 188 83 188 35 126 194 73 151 58 153 166 17 99 26 53 136 122 58 112 43 135 186 27 59 87 121 182 13 85 153 190 83 
182 84 3 88 110 164 151 166 2 173 133 143 106 14 168 143 73 3 149 81 48 50 120 76 186 137 90 48 86 27 179 41 114 50 114 7 160 4 10 107 66 179 170 14 61 147 7 62 125 72 
114 31 5 127 129 118 187 42 25 138 3 125 148 28 88 14 195 82 27 113 85 84 59 192 172 123 164 24 143 180 137 107 12 107 81 156 133 79 169 130 94 7 67 27 175 11 21 142 70 65 
60 83 181 164 181 67 44 163 173 185 45 125 200 200 71 119 123 160 118 152 8 100 51 138 143 177 154 137 111 183 59 64 150 67 57 143 183 2 63 64 183 129 12 145 137 182 123 32 6 47 
74 197 26 187 190 70 68 67 105 30 76 161 18 101 3 37 65 91 77 149 47 139 65 42 116 39 54 144 136 41 194 172 161 181 67 60 181 38 25 188 45 160 198 67 197 198 33 92 96 4 
45 25 152 151 121 13 126 157 157 104 50 37 187 106 130 138 133 89 199 47 186 35 87 59 106 107 185 9 41 146 48 162 7 41 177 67 14 165 41 178 121 106 6 77 153 187 141 159 55 104 
45 111 194 104 163 183 90 60 81 54 161 22 190 154 136 92 117 34 23 82 24 189 53 52 3 7 97 82 173 163 92 66 150 39 31 122 1 175 175 103 108 36 104 10 134 196 97 81 142 198 
64 120 163 54 125 114 199 185 163 135 16 89 24 91 84 128 177 60 4 66 32 156 103 89 185 83 90 139 112 3 186 121 136 15 122 16 131 11 187 186 7 105 171 84 49 78 118 107 33 122 
71 50 19 122 177 189 188 68 75 66 68 22 142 92 10 68 126 149 191 28 71 16 3 6 195 45 119 139 43 158 147 96 84 2 11 125 150 20 27 17 170 30 168 91 107 63 85 39 66 84 
179 185 70 52 100 121 4 7 154 130 66 186 59 55 148 44 32 31 41 154 82 30 140 121 97 183 62 88 136 178 20 69 79 69 88 85 11 142 20 72 187 28 51 185 18 48 167 133 84 22 
