125 6
0
1
1 48 194 48
2 77 117 545
3 91 71 91
4 136 78 760
5 151 12 199
6 221 68 357
7 247 138 247
8 282 110 282
9 297 55 627
10 371 21 539
11 410 19 410
12 441 75 291
13 441 181 1889
14 442 173 442
15 444 89 266
16 479 9 515
17 495 113 1173
18 550 83 716
19 562 89 1274
20 578 136 1394
21 632 102 1040
22 647 27 701
23 726 38 1030
24 739 70 739
25 757 149 757
26 830 159 2102
27 844 90 1564
28 880 195 1660
29 941 8 973
30 983 160 1623
31 1012 70 1292
32 1022 163 696
33 1037 181 1399
34 1055 163 1055
35 1167 142 2303
36 1243 68 1243
37 1270 160 1910
38 1303 119 2017
39 1428 137 1154
40 1435 45 1795
41 1443 68 1851
42 1510 46 1786
43 1563 71 1421
44 1591 98 1787
45 1622 200 2022
46 1643 44 1907
47 1692 20 1652
48 1715 114 1487
49 1787 183 2153
50 1826 11 1826
51 1844 33 1910
52 1845 63 2223
53 1847 7 1861
54 1856 12 1856
55 1858 127 2112
56 1910 107 2552
57 1924 158 1924
58 1930 104 2554
59 1967 124 2463
60 2049 78 2049
61 2102 10 2102
62 2213 90 2213
63 2229 72 2085
64 2245 46 2521
65 2293 74 2441
66 2381 104 2381
67 2421 191 2039
68 2450 172 3482
69 2502 55 2832
70 2525 8 2557
71 2548 4 2556
72 2581 154 3505
73 2606 166 3934
74 2656 183 2290
75 2667 173 4051
76 2685 148 2685
77 2884 141 2884
78 2900 163 3552
79 2906 159 3224
80 2952 67 3086
81 2987 161 2987
82 3025 190 3405
83 3080 40 3000
84 3112 35 3182
85 3142 34 3210
86 3152 12 3224
87 3180 150 2880
88 3226 127 3480
89 3254 81 3902
90 3258 145 3258
91 3350 76 3350
92 3354 176 4058
93 3392 83 3724
94 3516 136 4604
95 3548 20 3508
96 3559 150 3859
97 3563 143 4135
98 3566 192 4334
99 3589 39 3511
100 3592 193 4750
101 3633 50 4033
102 3644 123 3644
103 3675 161 3353
104 3686 81 4334
105 3687 47 4063
106 3725 114 4181
107 3746 34 3678
108 3751 35 3891
109 3839 58 3723
110 3843 109 3843
111 3845 148 3549
112 3879 13 3957
113 3886 99 4084
114 3917 78 4073
115 3952 72 4384
116 3964 178 3608
117 3985 49 3887
118 3999 92 3815
119 4020 123 5004
120 4074 137 5170
121 4076 31 4324
122 4097 72 3953
123 4097 187 5593
124 4141 108 5005
125 4142 112 4814
117 111 119 94 64 197 88 169 76 167 13 51 197 2 21 117 89 33 183 170 105 76 175 186 74 8 159 50 53 109 140 194 95 43 123 103 167 81 80 192 183 54 106 101 21 17 34 114 171 145 151 128 132 131 71 94 151 9 92 143 191 184 77 85 166 186 127 86 73 100 138 123 8 41 168 62 180 168 18 78 121 186 195 189 29 8 139 28 135 70 168 87 34 75 190 188 171 173 24 127 150 23 197 98 80 172 83 170 117 65 117 128 14 49 129 72 184 137 100 148 71 139 52 18 162 
155 170 133 134 63 158 158 65 3 30 33 190 59 38 71 9 167 39 23 197 200 129 16 69 150 149 120 74 69 107 134 11 12 146 194 85 194 90 190 75 82 96 29 146 74 114 182 89 42 17 55 28 152 108 146 52 54 75 107 47 162 108 32 91 131 46 73 7 155 84 84 99 102 200 52 120 145 51 19 113 77 151 32 131 91 181 144 65 17 189 59 13 133 131 131 22 37 35 42 94 90 190 194 75 115 18 108 146 91 179 154 42 103 42 54 81 106 49 21 10 80 128 136 105 109 
9 127 96 195 70 19 192 119 182 171 25 140 83 74 123 160 176 152 135 166 88 53 75 184 131 196 28 79 68 44 117 98 79 138 92 56 54 198 196 182 24 68 182 73 159 13 167 165 115 182 36 166 15 120 162 73 70 152 9 128 12 136 43 138 17 46 191 123 57 140 123 113 196 172 96 56 155 150 165 53 197 194 64 164 147 140 58 8 199 164 70 131 5 82 46 143 149 3 78 151 80 6 55 93 5 119 113 33 59 91 33 32 82 163 42 139 121 73 42 146 65 17 84 132 151 
61 140 123 107 54 12 31 169 199 38 76 149 29 87 157 160 173 125 147 129 66 49 47 112 145 113 116 110 51 165 186 191 33 132 9 102 162 189 35 149 38 107 79 178 13 175 9 148 22 82 10 39 20 63 63 122 184 161 6 152 82 148 17 200 4 59 179 35 92 22 167 102 32 30 178 3 179 116 79 46 148 106 132 91 158 105 152 122 171 181 25 130 54 184 15 30 39 175 177 108 112 124 29 121 172 4 60 53 43 13 31 129 10 39 15 101 106 35 24 87 108 172 93 24 4 
11 126 149 78 76 36 21 174 33 67 140 91 167 95 37 81 163 83 60 162 125 25 192 113 78 110 14 10 11 139 137 179 31 112 186 46 23 161 142 55 169 181 41 67 176 182 48 125 149 102 31 79 146 12 124 171 123 1 137 119 66 172 193 129 91 113 65 33 29 177 89 45 139 155 123 132 118 162 44 198 93 117 142 183 137 129 182 27 1 72 152 58 45 86 142 194 146 75 65 65 76 193 17 193 63 71 56 114 198 177 43 71 145 186 87 82 171 159 84 132 132 118 186 96 164 
169 82 25 174 121 35 113 151 15 175 67 31 145 147 71 16 17 189 156 179 180 37 82 164 137 140 88 28 200 152 159 37 197 27 20 34 149 25 142 23 61 4 50 8 107 10 42 179 200 32 150 141 60 118 104 117 77 187 90 148 62 3 52 136 92 188 20 73 160 67 90 3 117 161 59 127 63 123 149 129 107 170 37 125 30 29 20 100 74 98 177 76 11 84 26 90 77 77 188 105 98 139 109 69 115 141 69 182 158 125 37 129 16 98 78 29 156 22 137 101 17 93 129 198 36 
196 20 159 48 101 102 56 123 73 8 4 74 138 185 12 16 83 58 128 11 55 151 198 59 71 56 35 136 188 95 188 154 85 172 193 102 163 14 68 91 153 110 95 172 127 137 107 164 27 28 137 1 80 51 162 43 145 158 94 124 6 94 24 13 138 69 151 21 151 171 170 166 46 1 193 142 152 126 127 78 69 56 200 39 141 199 113 127 88 145 91 28 88 199 192 62 149 196 94 33 99 56 95 102 96 15 118 164 74 164 158 73 152 98 22 154 138 194 34 191 8 153 170 63 161 
138 106 196 135 132 47 54 71 167 130 99 151 20 200 168 15 14 150 69 136 200 145 40 160 180 4 74 116 197 50 15 44 200 47 21 152 141 192 135 3 77 52 49 110 108 133 113 95 198 33 24 13 102 52 58 67 191 56 72 200 97 28 91 87 67 51 166 54 187 133 192 86 24 44 72 107 17 164 39 171 136 135 147 113 73 180 96 36 49 104 39 92 125 39 19 30 107 38 43 36 9 89 82 143 126 106 139 24 74 43 88 181 83 152 143 200 109 40 158 53 13 65 1 139 82 
108 76 166 105 60 174 108 74 82 194 137 151 51 69 199 83 170 114 84 137 56 185 88 89 82 197 14 115 157 161 115 108 127 117 63 65 195 146 198 82 109 11 107 185 35 18 34 72 74 77 103 35 27 147 199 188 22 148 19 137 17 134 35 150 196 35 142 104 27 150 182 116 198 4 189 32 178 54 192 120 148 39 138 193 32 177 154 7 15 96 26 42 144 82 117 193 128 11 76 138 180 191 198 24 163 183 30 64 26 127 77 14 136 159 66 62 160 70 179 23 54 69 106 8 138 
171 3 98 144 69 124 162 75 52 95 167 141 77 87 59 25 161 197 154 185 142 148 128 81 85 168 110 149 60 101 146 103 44 158 101 114 101 41 5 11 9 129 42 11 178 85 188 54 160 1 87 67 74 88 40 110 31 23 50 199 187 161 152 38 65 71 77 86 77 10 121 88 2 114 170 164 89 21 161 50 173 185 92 193 79 3 42 150 132 183 9 81 38 186 55 160 39 123 28 38 181 185 76 23 62 197 137 42 31 104 10 91 92 72 97 148 109 136 178 143 150 64 17 118 131 
168 144 198 190 165 42 46 184 82 18 111 27 69 164 122 2 112 61 150 200 3 177 54 85 109 194 144 83 59 89 196 1 116 20 47 9 159 154 113 118 178 63 29 17 175 98 12 57 45 35 139 154 107 183 196 54 151 56 163 141 193 133 147 85 78 1 64 132 151 56 151 164 147 53 37 29 30 31 29 122 110 134 134 186 47 39 92 126 156 150 148 130 197 168 71 80 172 188 117 159 161 9 51 31 129 191 100 32 8 27 166 143 193 37 74 115 169 92 83 121 22 72 2 103 192 
160 67 132 163 118 57 116 114 164 14 89 118 70 156 7 65 181 23 114 68 121 188 147 97 125 1 158 137 79 173 59 147 188 16 198 54 87 68 77 165 77 139 131 93 94 76 176 70 52 177 194 123 58 161 113 183 46 154 119 72 147 142 19 64 184 193 196 177 192 133 21 127 83 144 165 111 69 2 115 176 141 58 27 8 141 51 33 75 112 85 7 169 182 13 133 128 55 92 58 78 137 186 15 90 130 181 41 19 9 196 174 59 157 182 80 114 18 124 114 88 135 5 97 73 173 
114 65 24 142 134 95 39 165 23 41 180 66 121 181 101 94 5 64 115 155 52 197 14 192 143 67 143 7 23 175 198 26 88 29 94 175 102 169 143 190 62 143 46 177 175 133 148 170 14 58 89 3 41 2 89 74 184 8 171 129 163 197 120 135 170 56 26 87 47 23 14 39 138 152 59 36 18 38 181 58 171 192 137 157 23 113 32 108 69 31 53 36 190 34 2 120 117 43 112 180 127 113 200 197 110 20 92 160 110 189 69 59 63 118 194 182 27 174 69 130 139 45 59 29 60 
183 3 84 53 111 19 198 187 25 110 132 139 13 8 195 95 2 32 50 70 168 185 150 88 84 13 24 90 114 71 90 186 93 162 31 104 30 24 106 188 166 70 104 93 48 34 35 127 117 29 136 176 74 122 193 99 153 109 157 56 20 148 110 97 46 96 123 1 137 95 200 130 45 6 153 73 195 64 149 24 77 69 145 144 34 112 12 96 53 43 160 115 60 69 158 178 83 134 28 5 3 177 16 79 26 76 76 160 71 108 25 33 100 70 151 25 148 200 42 45 63 76 77 185 49 
64 71 110 121 39 41 33 115 43 193 56 3 174 147 140 135 5 137 182 137 110 64 180 29 9 190 144 152 148 160 98 156 103 174 7 49 153 44 144 89 127 120 148 120 23 29 62 14 59 172 60 63 168 154 194 60 15 40 120 85 69 116 160 4 148 12 17 34 150 124 82 39 35 108 56 107 32 44 88 32 1 144 143 200 99 14 121 162 48 166 143 96 17 11 15 75 131 42 169 28 133 38 43 155 21 155 99 56 39 34 130 83 143 161 12 27 120 37 137 32 46 85 88 184 122 
45 155 72 143 84 31 64 174 62 45 83 178 3 200 86 149 17 160 162 179 191 80 80 100 35 154 38 166 103 38 18 94 54 144 129 86 20 79 32 99 28 135 37 163 98 63 56 178 125 17 93 141 124 131 141 97 147 142 13 138 187 12 14 17 69 156 150 104 111 72 90 31 82 115 21 146 114 76 96 100 118 140 185 172 122 190 102 132 71 188 8 49 168 2 12 154 135 36 199 168 81 26 125 39 75 7 188 50 58 41 46 29 18 166 173 53 108 44 29 44 191 67 49 167 168 
136 139 88 158 31 24 131 150 1 126 27 21 129 131 189 72 106 189 29 171 115 97 73 139 43 4 198 106 115 20 199 107 93 6 38 168 165 197 123 37 66 6 161 159 200 72 146 130 98 142 147 170 123 7 70 134 60 146 121 129 161 146 145 156 107 7 148 8 182 29 187 30 170 103 69 58 180 171 129 96 73 103 139 68 41 165 95 103 85 18 28 85 5 17 116 56 55 5 173 198 90 89 83 15 102 169 174 153 21 137 119 190 43 163 167 193 29 75 189 128 6 164 122 68 46 
72 117 193 58 29 176 103 71 162 171 98 76 191 82 164 56 95 33 89 33 144 129 187 172 148 66 159 169 70 163 68 125 67 126 12 74 193 41 139 35 119 159 113 134 144 43 111 23 187 64 57 186 115 102 2 97 43 145 181 11 27 70 38 162 180 122 162 118 147 196 67 38 120 25 191 4 47 126 190 185 87 181 157 196 144 84 108 55 183 45 77 112 140 107 71 146 68 3 87 195 73 131 30 33 150 21 26 45 31 111 86 40 50 95 82 20 100 91 49 33 51 140 154 28 114 
181 110 149 196 30 189 75 56 23 36 10 39 137 155 47 118 161 107 122 38 36 178 24 198 179 168 45 79 168 96 184 89 80 153 156 93 162 7 78 15 55 132 58 151 144 102 100 168 22 60 183 69 178 169 113 138 100 192 102 96 6 28 190 160 26 167 171 29 10 119 114 187 25 131 53 119 163 100 24 162 135 92 6 121 74 191 182 160 175 69 142 31 80 68 13 25 40 22 31 45 74 172 61 140 174 151 167 94 160 165 53 118 193 78 143 96 14 104 71 7 104 176 86 34 102 
139 18 171 191 142 92 183 37 112 41 59 131 35 140 123 148 174 52 196 150 97 78 83 138 50 57 142 31 90 120 200 101 199 89 189 12 170 146 101 118 168 4 48 187 144 97 179 106 160 147 131 30 10 110 21 129 80 144 69 46 103 14 136 137 131 93 195 183 140 40 18 28 34 174 135 139 3 188 187 164 192 131 153 194 51 112 85 52 167 131 113 184 169 164 171 46 65 58 149 99 135 54 159 192 103 14 100 96 130 183 18 46 140 145 164 24 14 55 149 56 163 73 115 69 79 
2 131 33 145 50 32 75 94 127 71 173 13 34 183 146 177 200 21 127 151 149 150 172 110 152 25 193 100 152 144 122 107 103 173 185 107 101 22 108 72 56 46 171 168 169 58 17 137 26 178 169 21 7 156 86 159 52 188 54 78 1 139 79 3 117 114 188 70 52 99 140 38 38 16 151 4 8 49 137 89 69 187 4 115 169 104 162 64 169 29 91 48 71 176 80 163 147 102 82 50 163 103 190 112 192 140 108 107 119 26 188 54 195 22 171 14 25 13 37 162 29 164 55 18 94 
159 75 174 127 72 178 79 153 42 118 137 32 18 139 7 180 196 95 68 43 177 177 20 72 176 88 168 87 75 105 99 56 106 101 29 181 61 105 97 178 165 150 17 70 36 78 53 9 9 159 84 162 147 200 171 53 86 78 29 11 166 178 97 76 36 172 180 7 30 121 112 167 122 192 10 69 168 66 169 85 103 150 145 120 145 67 28 178 127 20 193 90 55 152 145 142 161 173 179 101 180 182 93 135 31 4 173 200 129 80 6 193 165 93 165 77 181 143 46 83 112 183 79 156 91 
121 169 72 155 104 183 139 47 46 126 28 107 40 60 98 132 164 161 127 184 24 169 168 38 49 179 103 112 184 189 43 132 168 32 15 154 163 122 86 191 134 174 33 163 154 5 136 176 7 118 143 105 147 88 118 87 135 129 135 61 91 167 68 98 86 45 13 144 75 169 118 124 179 105 11 131 171 18 36 111 90 16 200 56 191 166 200 105 45 110 89 100 105 15 69 34 172 162 120 180 166 132 19 28 115 163 111 36 159 175 22 61 169 126 73 183 95 107 84 140 36 145 68 1 13 
160 185 157 70 142 115 195 143 56 107 13 137 72 50 106 64 30 70 183 6 183 16 56 79 6 124 72 22 11 176 17 124 133 160 100 133 161 120 157 106 131 68 83 51 25 118 40 82 76 89 42 12 146 15 66 118 70 61 71 186 70 148 114 101 71 7 106 5 194 43 123 54 21 49 112 126 95 47 6 71 144 100 150 156 100 19 85 53 154 98 58 145 27 64 1 44 171 170 186 30 162 55 85 182 129 90 186 72 199 157 128 121 78 80 69 30 133 185 185 158 200 171 161 5 151 
146 124 175 80 61 128 186 66 84 36 136 8 153 29 23 107 60 34 155 15 24 185 143 118 63 67 137 117 162 148 9 181 57 45 64 108 37 104 185 99 108 113 14 108 45 24 103 123 38 17 79 20 108 163 135 181 173 87 159 176 48 190 151 126 161 162 136 4 9 29 190 87 111 18 172 178 56 200 18 64 84 84 154 150 184 90 108 179 91 114 83 168 192 85 76 130 60 56 170 68 179 125 139 149 165 150 115 6 74 97 47 92 56 41 135 149 42 108 106 106 97 71 112 77 102 
52 56 156 34 171 14 47 39 183 113 40 84 162 156 38 40 21 21 7 97 70 90 92 5 197 44 132 68 58 28 155 166 174 105 60 46 28 103 165 190 172 140 78 54 100 173 133 175 152 88 22 107 147 94 7 111 87 107 160 59 102 57 135 81 132 18 11 163 19 47 157 133 110 107 141 94 152 62 37 112 167 75 95 111 7 185 6 80 186 118 19 30 30 78 198 102 150 90 152 87 183 115 94 82 15 118 135 196 100 62 65 28 132 50 135 22 111 47 100 109 41 66 55 67 148 
88 185 14 175 151 71 36 110 140 177 85 199 117 120 168 161 120 123 80 120 59 102 72 150 179 5 54 128 19 64 192 188 173 7 116 8 48 8 82 179 193 191 168 140 82 95 11 153 172 179 128 137 8 171 84 150 40 134 102 171 77 141 79 150 142 142 161 184 46 33 68 59 10 126 5 94 97 197 131 79 15 60 129 176 1 180 139 156 150 114 8 193 134 178 149 112 162 91 28 56 104 6 173 117 195 60 118 177 49 75 101 99 5 50 101 122 47 158 185 185 142 128 16 66 49 
120 164 104 173 17 97 8 26 166 43 96 139 32 122 86 16 108 177 34 97 155 76 50 177 103 195 186 164 51 6 98 136 144 27 22 121 187 72 69 196 53 11 197 88 47 30 130 88 156 104 135 85 10 158 158 147 23 67 78 190 17 113 183 89 67 82 8 169 12 127 180 170 121 168 98 84 156 31 100 51 130 17 177 130 89 13 61 189 84 49 71 146 89 100 141 5 164 139 50 188 102 11 70 25 151 90 178 65 112 59 146 176 20 58 169 141 200 70 44 71 133 157 47 78 101 
116 131 166 34 147 188 61 196 90 190 67 127 128 193 187 8 166 195 54 161 173 114 145 19 3 92 31 19 88 107 102 43 13 137 158 15 26 38 149 46 78 112 110 200 33 20 72 163 169 153 100 196 198 64 137 195 185 54 83 176 53 163 12 35 118 112 120 177 154 93 41 157 54 130 77 88 3 191 162 87 156 108 129 168 93 33 122 49 78 175 29 5 167 200 38 196 169 40 175 182 100 14 135 78 85 168 2 66 64 81 175 153 116 113 65 194 135 70 123 74 11 68 191 171 55 
167 9 177 8 42 95 170 116 54 196 94 68 181 128 73 107 150 130 106 9 193 170 103 64 193 196 179 193 65 112 153 1 88 152 195 183 68 79 73 188 131 113 139 70 3 148 198 150 123 197 50 185 47 32 199 189 152 116 58 74 89 52 90 163 21 16 110 124 76 137 134 80 7 100 154 48 12 156 107 104 101 5 139 23 153 165 155 51 175 144 135 95 57 76 95 149 29 28 62 149 193 195 103 98 118 86 194 186 9 69 135 121 80 53 184 197 29 57 100 171 86 185 59 198 38 
114 68 71 153 115 41 151 23 5 130 60 108 58 6 91 91 107 188 9 76 37 68 87 159 58 185 155 56 51 30 180 83 169 69 21 122 129 141 98 109 143 53 192 138 165 77 163 69 132 192 34 73 195 183 165 18 42 15 59 160 166 46 28 47 180 98 68 46 27 168 136 2 38 198 100 18 117 46 106 46 2 15 180 194 86 68 184 5 11 14 193 164 42 50 61 103 151 34 161 84 199 60 79 111 100 70 189 154 19 17 95 198 25 18 93 173 114 172 11 191 47 53 154 72 18 
164 25 90 86 51 126 113 77 49 177 117 157 96 64 150 177 100 95 169 184 154 173 95 19 136 14 123 18 87 115 102 105 191 23 187 157 105 39 7 180 97 193 194 189 64 172 40 146 143 167 169 99 121 110 119 122 64 71 15 50 140 154 3 53 93 165 172 108 187 107 88 66 58 12 16 194 200 136 104 163 184 53 24 149 22 62 134 119 127 74 52 115 115 100 34 180 129 80 179 113 132 160 153 28 51 24 149 23 110 198 7 47 91 62 129 102 91 173 98 111 186 102 41 157 112 
187 23 83 173 4 114 21 10 149 92 93 100 200 94 144 69 161 75 5 3 133 183 170 20 46 121 77 190 2 137 71 54 5 174 188 127 145 184 42 35 48 63 71 60 95 22 138 151 142 75 126 99 31 70 176 197 64 171 11 146 116 17 173 7 143 76 93 154 2 108 4 42 31 192 151 110 168 72 5 5 21 152 65 173 65 10 98 79 124 19 129 175 134 79 123 183 35 117 56 189 11 67 186 190 31 38 57 137 137 196 185 63 140 44 13 67 160 63 16 69 53 58 197 179 182 
122 152 108 68 64 34 111 60 132 80 182 135 81 138 122 93 154 73 11 160 167 187 172 63 150 11 133 15 169 119 35 15 178 180 114 40 61 195 189 171 68 19 9 102 127 115 4 54 13 73 75 121 178 121 147 34 126 171 84 92 167 82 114 45 191 112 169 167 13 91 114 22 88 8 151 120 51 173 24 19 21 178 72 187 196 71 122 35 99 151 79 12 127 99 151 152 170 168 35 14 160 130 42 84 34 88 69 120 84 165 135 180 103 171 126 85 43 71 139 119 34 43 165 18 189 
126 6 81 133 139 126 63 28 140 81 13 59 161 138 192 55 121 5 198 57 154 111 150 83 19 64 64 165 32 97 141 44 41 31 154 114 59 26 22 41 58 130 63 68 6 159 132 131 117 93 168 156 12 93 33 103 175 164 83 151 94 84 27 113 94 124 127 177 1 199 125 113 154 156 75 104 142 186 187 1 83 179 82 16 54 10 52 181 25 23 166 82 64 117 144 15 103 174 64 47 56 93 121 60 175 43 39 89 15 27 126 153 22 78 63 6 12 75 31 162 171 26 89 141 146 
18 98 58 22 32 105 177 154 78 177 14 50 52 43 143 140 8 137 64 77 126 144 40 158 200 52 106 182 147 154 125 80 167 88 195 61 181 42 72 70 52 179 94 25 42 7 159 155 110 175 137 164 86 145 154 100 90 34 171 68 48 110 185 1 184 131 140 15 148 173 94 179 106 39 35 117 140 172 41 30 125 176 33 145 157 51 135 122 35 143 191 184 13 59 165 56 15 61 95 27 65 117 130 155 112 160 102 166 6 155 9 52 45 68 33 69 177 194 175 77 146 80 101 11 34 
22 22 51 82 161 68 176 153 134 7 23 53 62 57 66 89 31 75 13 183 73 45 121 9 69 118 37 110 66 41 83 171 3 25 175 174 66 43 75 44 200 158 190 160 55 77 158 148 124 122 158 173 174 112 61 189 171 167 132 118 92 112 114 85 150 5 192 176 142 51 139 107 19 86 63 7 38 44 21 70 22 67 200 78 197 129 184 19 110 13 6 67 146 103 129 193 17 151 52 29 176 124 119 196 95 145 28 83 118 116 20 25 169 92 120 69 50 54 157 124 158 150 192 45 40 
117 190 72 160 29 83 34 167 40 29 58 191 40 156 28 95 6 57 183 67 151 48 98 57 125 111 164 135 97 24 173 183 31 166 47 44 67 186 158 144 156 96 43 165 84 146 125 20 37 5 180 177 10 14 28 96 65 34 41 30 165 181 143 79 117 137 58 148 191 142 145 147 189 13 30 60 114 125 174 126 147 35 114 53 112 106 159 22 51 68 153 120 121 134 156 165 4 116 143 145 186 192 97 31 20 190 78 47 8 118 29 188 36 147 25 10 18 151 32 167 67 5 118 5 77 
61 130 184 21 192 130 119 112 98 17 136 43 86 93 54 50 116 45 44 171 83 97 97 160 67 178 96 23 84 51 98 93 11 164 38 7 29 83 117 162 171 178 142 90 106 93 102 128 185 14 54 196 190 136 147 119 162 141 3 56 65 91 105 8 169 154 104 189 10 13 136 187 34 61 129 133 84 150 40 156 123 37 144 7 117 187 150 24 39 159 116 8 28 88 100 141 94 99 183 200 70 37 172 86 190 165 185 104 23 32 7 22 175 190 59 199 26 10 8 173 121 38 84 31 107 
43 166 42 138 123 81 17 10 79 18 58 57 197 154 126 84 12 159 171 74 111 101 187 89 194 196 152 197 54 84 32 20 25 42 52 113 58 133 189 135 96 83 180 150 122 114 39 47 14 172 58 161 162 136 156 33 32 25 141 73 48 197 178 56 182 105 79 11 181 74 159 172 12 152 37 105 49 37 149 41 181 137 136 91 160 57 121 22 92 32 198 22 135 172 83 86 4 75 105 100 148 14 178 180 179 130 194 85 57 15 45 103 164 67 118 152 48 140 120 85 117 21 50 197 17 
35 155 96 7 99 112 8 68 152 100 183 194 181 69 143 152 53 151 50 61 193 98 21 10 179 145 50 12 86 96 183 59 22 22 36 1 148 16 52 106 73 86 156 99 188 30 164 150 185 137 162 51 118 140 146 9 59 105 74 190 98 191 151 104 181 54 141 113 96 161 113 55 36 180 65 100 194 7 52 32 168 159 152 22 19 116 119 19 147 50 176 66 87 118 141 78 172 19 128 96 128 57 21 63 189 175 85 123 156 155 150 192 178 163 95 65 13 117 32 5 7 141 178 52 43 
79 44 85 178 173 190 147 94 162 128 12 112 56 194 1 191 131 188 117 39 48 196 133 88 161 174 42 75 160 170 153 116 58 70 46 136 110 70 14 166 148 3 127 197 193 5 92 136 94 106 120 160 196 175 3 124 72 148 74 160 92 32 102 138 70 29 49 13 182 38 125 155 60 54 136 185 25 143 187 192 76 58 18 12 132 26 181 124 133 101 199 194 32 156 111 188 42 29 84 92 86 65 188 47 133 110 200 38 116 6 194 103 27 74 5 51 140 88 61 94 28 139 23 70 34 
5 137 56 125 122 84 126 42 20 127 9 166 81 93 159 65 104 115 35 193 12 121 182 161 74 132 161 1 145 40 114 155 170 122 34 59 171 164 153 44 5 127 153 183 129 73 140 130 162 58 123 62 115 119 25 57 90 194 56 174 79 76 42 37 77 66 97 8 87 199 7 32 53 3 89 52 5 189 153 195 70 110 142 152 146 47 171 17 200 20 53 37 199 180 26 55 59 182 121 96 38 170 127 184 45 182 193 21 134 197 29 189 57 2 74 171 48 61 73 35 192 66 123 34 120 
19 135 45 160 84 21 66 182 181 64 60 46 105 106 10 25 184 11 177 35 19 27 174 69 111 93 188 2 90 83 119 87 119 50 29 59 111 84 143 178 107 135 145 181 103 183 103 143 44 148 120 69 186 140 46 83 97 53 49 165 27 129 197 95 127 186 22 53 169 159 155 143 144 137 126 32 131 98 152 29 124 108 39 132 15 29 69 128 97 20 9 32 95 172 96 5 30 49 85 96 156 44 103 93 102 72 97 113 88 8 29 117 63 186 69 133 24 78 17 11 75 12 55 92 199 
62 27 3 24 54 158 43 3 140 117 67 180 86 190 11 109 59 33 151 53 138 147 56 68 9 81 173 126 44 5 74 10 119 114 118 25 121 116 196 186 86 104 54 114 110 83 143 182 64 189 76 9 44 176 115 23 2 126 185 92 158 104 71 135 174 153 181 35 172 30 99 77 87 137 10 50 153 66 135 45 180 50 180 191 53 80 5 177 185 64 132 56 96 163 98 55 29 168 51 144 158 18 126 51 91 172 36 133 121 166 21 22 170 111 124 65 135 89 149 11 41 80 190 18 25 
184 125 164 164 111 10 191 49 46 170 85 33 135 143 194 18 69 171 95 49 122 152 157 92 15 65 134 134 93 167 19 176 66 20 96 87 169 85 56 102 21 84 33 52 3 102 169 26 10 143 77 123 44 141 194 52 95 170 69 65 123 135 168 104 33 79 171 155 18 46 128 59 159 62 188 36 45 188 42 111 17 192 4 22 111 23 192 65 132 89 83 166 199 73 147 173 149 53 92 72 10 151 197 9 192 25 78 10 139 175 55 158 157 174 100 105 159 110 93 54 62 38 193 126 192 
16 182 173 71 19 126 17 31 101 163 1 124 15 159 194 39 18 181 45 149 39 127 46 110 3 41 184 10 32 31 100 7 167 104 34 132 146 6 187 67 79 164 18 66 72 96 52 121 111 37 107 2 34 22 104 16 78 170 188 65 85 37 18 177 194 179 168 82 146 38 74 12 40 13 123 27 174 113 7 32 55 64 120 84 131 165 44 74 189 11 70 142 57 173 40 185 149 137 89 115 53 152 138 154 121 39 103 39 64 144 41 141 107 157 90 8 54 113 103 120 142 37 135 19 24 
2 91 200 65 13 115 193 59 173 41 25 19 1 2 122 16 131 87 169 97 27 19 66 159 139 4 178 26 172 145 178 13 90 37 107 134 41 7 74 188 150 59 43 190 1 97 138 115 143 56 41 141 115 172 3 72 192 146 87 148 36 130 156 12 126 4 193 144 173 188 102 99 125 105 11 41 189 104 163 198 164 26 156 16 60 1 7 50 17 109 147 123 84 191 164 184 173 18 9 37 86 43 142 5 22 14 51 53 39 14 191 171 20 67 183 137 156 108 146 153 93 128 45 34 109 
132 24 197 112 199 185 95 40 14 173 175 50 168 148 114 43 161 60 145 64 66 168 164 79 116 14 106 172 84 25 39 85 46 121 91 54 73 35 177 16 125 42 161 95 117 24 139 143 26 147 162 150 199 23 61 137 5 89 132 183 166 142 145 107 119 168 160 134 198 75 75 98 28 92 86 175 98 199 25 80 173 154 74 118 79 151 17 16 39 197 157 109 127 2 138 115 146 81 111 180 60 87 110 94 156 86 85 104 29 31 173 159 88 132 90 22 190 69 91 164 115 87 90 127 50 
127 150 145 28 20 185 50 101 65 153 153 89 59 152 186 56 148 69 49 184 35 121 6 43 172 183 5 35 200 143 14 8 83 14 58 140 37 10 97 197 196 90 162 126 174 72 100 90 14 125 166 103 92 98 62 188 100 150 40 128 5 147 68 50 186 196 34 39 34 5 129 117 79 13 158 80 157 174 194 22 54 38 174 23 89 38 155 120 122 173 180 140 38 14 16 174 111 182 159 194 132 110 78 40 56 167 72 19 117 114 25 23 53 32 3 22 174 197 64 120 156 152 9 138 73 
28 54 82 99 175 38 197 139 95 157 139 39 172 99 149 46 89 191 26 130 98 145 82 197 156 61 86 179 173 43 111 196 111 21 30 161 128 61 116 12 92 157 9 24 191 21 25 114 193 30 26 162 110 99 166 39 147 64 135 172 52 12 181 125 182 168 16 146 174 121 178 8 18 118 13 1 88 109 71 142 77 200 200 62 43 91 51 149 99 159 189 112 172 5 55 137 82 168 121 163 188 32 103 76 36 196 67 30 101 137 117 56 87 81 173 129 118 48 51 19 15 168 156 65 96 
168 157 62 81 179 140 141 15 179 87 188 198 57 87 84 79 135 144 29 178 105 101 135 200 81 77 33 200 3 34 145 6 174 72 142 54 81 8 191 36 35 77 13 105 4 102 92 94 66 159 28 72 22 53 120 104 171 68 173 3 69 29 14 43 70 115 41 160 19 71 51 139 55 57 131 102 117 74 168 178 137 54 12 103 15 14 48 158 199 108 176 124 177 146 117 121 100 39 10 177 122 69 134 113 17 58 189 58 131 133 8 102 146 181 62 165 133 28 19 120 43 126 148 16 20 
46 160 53 78 85 135 190 108 114 51 16 4 25 33 175 97 124 176 170 101 115 66 79 58 3 118 8 41 97 152 183 46 85 26 107 69 179 124 164 165 83 108 154 35 151 53 63 127 33 134 3 118 112 131 37 135 76 95 72 115 71 6 199 84 13 72 181 41 67 56 35 178 118 65 126 65 160 186 22 198 198 168 174 89 33 195 20 31 162 164 98 160 68 138 67 68 126 33 146 88 56 115 90 95 114 157 143 2 106 98 136 84 154 187 117 45 184 187 136 72 17 35 102 69 117 
86 128 176 145 188 80 50 56 126 163 154 152 38 156 182 194 9 155 177 26 71 22 102 169 12 21 196 189 81 96 185 74 137 157 108 25 160 45 35 189 51 187 55 80 6 141 191 104 40 10 124 140 179 139 9 94 24 199 29 106 85 198 37 184 71 16 62 16 188 161 167 74 187 69 82 33 63 46 174 167 175 24 51 132 121 124 10 70 68 79 65 64 85 13 83 136 123 122 55 74 115 188 145 128 198 52 43 65 136 185 33 140 116 74 20 60 63 190 7 71 40 141 29 6 152 
150 28 56 103 131 69 66 124 55 28 140 183 141 156 77 111 139 134 112 26 132 152 111 78 157 113 157 24 12 64 93 194 148 164 41 3 83 88 27 100 30 151 66 183 25 27 22 24 85 70 8 56 68 65 120 102 42 171 132 156 132 13 31 70 175 125 199 61 110 24 106 169 80 32 70 81 26 42 140 141 29 121 15 76 199 98 123 140 32 108 182 181 104 184 173 189 142 163 153 136 150 84 179 18 105 180 135 151 157 36 70 137 137 126 141 70 200 145 100 112 157 29 164 190 77 
106 38 113 10 143 121 191 34 193 157 15 170 5 64 160 35 116 40 16 84 191 7 33 200 20 65 78 68 86 57 12 5 70 40 17 8 56 116 143 36 153 126 101 55 152 45 161 52 60 60 126 130 125 19 168 199 153 115 97 17 146 137 33 16 198 53 170 4 179 109 137 152 103 186 195 117 76 164 168 162 139 105 22 171 116 44 132 28 138 166 58 98 167 19 196 118 47 101 130 195 193 185 55 56 105 95 53 38 189 57 17 70 70 41 126 23 122 145 141 74 11 144 74 22 160 
177 193 88 138 40 53 46 174 193 183 174 119 165 150 123 84 124 155 52 118 58 95 1 126 107 3 111 8 53 158 47 165 10 88 81 194 138 186 177 4 9 200 52 17 198 170 120 147 98 132 192 91 111 124 12 90 198 115 82 116 18 29 44 93 36 106 42 123 33 1 58 126 40 141 162 54 187 85 52 32 179 93 150 166 194 80 7 106 45 146 162 22 61 89 75 184 20 156 28 48 55 122 196 53 163 171 96 186 30 110 129 73 143 34 41 138 182 182 156 26 45 11 184 199 73 
104 191 190 120 124 63 14 133 180 22 127 102 113 182 132 188 84 57 78 2 173 80 18 50 18 174 46 164 165 8 196 20 48 184 82 7 181 49 23 78 195 65 163 149 156 41 187 82 1 167 19 97 72 97 90 104 173 89 108 59 184 166 68 101 17 144 14 74 136 162 198 36 20 161 33 111 133 69 188 173 191 193 58 56 197 19 195 199 11 170 160 141 19 37 30 79 169 84 138 156 158 49 155 79 134 25 93 170 79 87 17 97 31 112 10 46 200 53 168 145 113 138 200 176 140 
162 60 3 34 19 116 38 36 30 106 77 52 76 94 86 85 63 45 51 126 109 49 65 3 24 23 165 52 51 120 192 111 89 23 12 188 13 187 48 119 22 69 20 175 43 165 63 110 123 173 161 83 98 158 116 83 144 155 181 44 179 143 77 196 153 139 87 81 48 159 133 28 50 66 87 184 97 107 81 181 94 7 178 142 14 124 181 13 123 10 155 12 21 91 100 4 187 154 132 186 67 170 47 142 172 174 33 149 31 61 30 169 198 22 137 171 21 12 142 168 68 101 122 55 176 
93 75 49 84 15 99 47 65 112 83 13 128 78 27 35 9 26 26 135 84 46 64 120 38 164 96 165 56 180 7 63 12 11 50 95 190 147 185 103 126 127 119 155 177 2 16 123 53 59 86 9 45 31 183 161 117 9 25 18 49 157 76 13 27 48 79 31 133 114 107 172 104 95 113 31 38 39 141 124 184 80 141 64 8 92 195 95 88 48 166 140 141 143 35 102 172 99 27 188 172 12 76 34 14 37 139 107 133 43 41 155 147 79 119 26 90 53 44 199 100 12 99 116 53 14 
154 147 191 82 132 101 103 128 19 104 45 29 15 54 39 79 94 115 56 18 149 77 200 183 185 159 76 167 166 43 185 148 6 118 143 138 51 154 145 67 92 147 115 129 60 113 175 78 132 48 150 46 26 14 132 88 178 184 86 81 143 169 73 76 128 173 181 182 109 19 81 22 57 120 144 129 57 145 35 34 180 141 121 4 131 84 7 8 166 146 120 5 84 94 49 104 15 109 153 174 73 133 142 133 5 72 151 103 73 93 46 189 162 32 105 134 185 192 197 104 195 67 78 120 163 
167 119 62 168 35 83 164 7 54 182 19 62 84 190 134 76 185 16 2 80 78 164 83 21 36 20 156 136 23 162 108 124 64 78 112 71 87 33 138 72 85 41 77 121 38 172 109 161 10 161 11 96 188 182 64 129 42 48 168 163 108 148 189 36 69 170 33 132 42 188 89 123 99 183 6 187 152 127 112 132 187 90 77 181 90 11 137 36 170 129 14 1 56 102 38 165 71 32 11 51 48 186 111 28 100 2 51 68 23 97 45 72 53 119 161 199 32 200 132 27 53 159 4 123 61 
38 28 16 189 82 77 2 45 53 42 144 176 38 60 6 1 9 134 16 14 104 13 195 9 137 106 40 12 70 146 138 72 81 44 155 96 193 125 127 117 128 51 124 119 75 127 53 184 37 176 139 117 109 34 22 96 19 105 199 166 153 150 109 118 106 21 136 69 69 98 137 142 180 20 107 130 162 96 181 92 180 61 57 52 76 3 136 48 123 160 95 123 130 114 174 49 88 82 198 151 160 177 109 123 143 51 144 44 132 33 57 169 20 187 27 47 53 193 193 120 110 92 125 107 55 
181 138 122 47 89 124 188 175 150 110 132 193 115 158 139 146 38 42 108 154 26 149 62 83 22 148 166 143 184 41 118 16 133 126 104 97 161 195 6 72 16 128 135 93 105 13 24 189 162 1 56 126 153 27 106 200 4 20 37 154 18 94 156 95 137 46 17 111 130 27 106 2 38 147 143 60 36 150 5 157 33 177 54 147 117 185 75 108 89 191 174 69 44 198 143 178 79 135 26 166 143 9 26 4 17 27 42 93 192 135 76 175 86 112 37 140 46 1 109 184 115 150 58 21 49 
54 89 68 122 185 108 175 197 199 125 77 157 1 44 164 49 164 175 99 69 58 101 109 140 149 191 112 38 153 151 96 99 33 21 177 63 9 4 25 196 107 122 72 13 65 159 4 96 115 178 52 148 91 12 72 24 63 36 138 62 133 99 88 12 132 180 200 90 169 174 80 92 162 78 79 32 52 69 99 181 113 45 155 131 22 109 57 102 171 69 45 164 79 1 76 61 85 184 53 82 167 199 71 61 142 96 145 12 182 97 125 112 146 124 29 147 1 132 76 168 129 135 140 114 18 
125 197 142 50 164 50 10 174 136 58 60 99 81 110 34 127 74 91 69 30 139 140 84 63 198 174 10 59 166 136 80 28 110 17 31 62 35 191 181 25 114 69 96 29 152 183 172 156 158 29 99 187 142 13 122 20 62 122 54 134 3 29 148 49 95 197 55 28 181 18 177 172 44 40 32 128 98 54 65 35 5 127 136 186 143 77 127 171 21 67 187 21 186 157 139 124 30 126 30 20 162 182 75 97 98 105 42 124 144 140 182 159 189 167 111 75 100 88 62 42 67 72 153 130 26 
198 81 177 39 199 115 91 43 36 163 101 144 49 61 157 115 77 11 124 119 198 13 141 17 165 177 48 35 17 183 118 183 72 182 143 98 73 124 91 104 106 193 36 101 172 7 5 26 167 75 52 128 49 186 152 198 2 196 50 19 181 165 122 120 107 185 14 96 30 164 192 49 192 9 82 125 65 106 136 72 12 13 72 89 55 136 62 48 142 12 97 4 35 143 176 40 16 124 95 106 45 164 32 162 31 163 121 125 11 72 155 168 15 21 148 104 180 85 164 11 86 107 34 50 45 
158 6 170 17 101 179 30 174 5 160 10 119 137 57 15 71 94 19 130 114 169 89 64 4 177 157 151 44 9 152 117 146 135 118 129 58 112 73 93 57 54 54 91 5 104 178 171 161 168 133 81 75 148 54 154 162 80 32 17 113 98 45 139 66 176 188 183 136 197 172 48 178 9 107 180 150 12 91 177 23 113 24 178 161 3 130 119 161 73 148 81 22 105 125 23 86 132 116 83 28 185 144 4 11 29 144 129 155 129 158 159 184 98 34 10 145 81 162 35 146 60 154 75 101 190 
47 91 157 40 69 70 21 66 51 45 188 89 54 64 118 152 17 68 138 77 168 88 107 70 101 51 51 161 69 153 154 51 39 59 93 200 6 92 55 40 56 157 185 178 98 118 61 18 31 69 113 58 25 15 139 18 200 97 63 137 127 147 105 86 160 124 12 93 110 95 32 11 4 101 74 198 112 159 3 48 172 192 200 62 3 92 155 165 120 83 7 63 150 42 87 115 8 25 82 16 172 150 79 134 35 77 46 124 67 179 59 82 137 126 93 48 132 57 124 83 159 25 88 74 189 
68 52 60 11 16 174 58 181 177 83 199 37 3 106 9 48 79 46 28 137 133 84 171 145 47 71 4 61 38 195 12 179 69 61 36 6 13 68 114 131 109 153 112 12 151 175 155 156 72 18 173 7 142 28 29 65 83 91 194 28 44 2 12 192 185 166 82 77 195 200 42 1 93 11 29 163 105 170 34 187 15 65 188 32 66 15 57 139 7 35 181 7 132 130 37 136 95 34 166 30 193 56 99 79 35 120 130 44 172 4 73 200 96 192 167 123 151 35 58 98 21 163 195 200 38 
89 48 139 9 154 140 35 22 8 107 167 29 92 30 163 162 69 163 168 162 99 82 18 32 119 146 49 51 11 171 172 11 191 67 78 79 41 47 1 40 26 78 181 87 105 32 23 111 198 2 141 161 120 185 71 62 74 170 199 184 155 127 11 88 17 37 22 10 53 62 80 179 174 85 137 178 117 126 104 88 95 135 111 168 120 171 9 50 97 156 13 12 124 23 122 70 112 105 120 23 136 41 93 196 10 35 147 144 191 7 121 120 58 17 186 108 94 73 108 10 192 17 157 3 93 
104 192 135 11 90 33 106 114 176 139 47 15 179 166 177 105 23 82 7 15 98 100 128 123 167 175 128 61 38 17 106 191 162 172 150 19 118 58 184 27 148 132 16 188 12 177 177 127 32 28 11 30 169 111 84 77 120 48 32 200 195 12 156 117 193 120 179 50 25 120 183 16 42 196 196 132 50 138 41 9 49 134 113 170 199 120 35 199 44 36 100 26 103 73 112 68 135 175 148 197 163 96 141 28 60 164 154 127 187 183 194 114 137 22 112 105 59 32 86 175 77 189 131 104 22 
190 99 133 171 116 68 3 91 71 181 180 99 29 11 39 187 151 94 137 161 76 39 42 177 155 124 177 140 131 9 112 86 155 105 64 165 29 111 144 133 25 197 55 139 186 165 65 148 71 113 23 178 149 126 165 70 21 173 182 198 164 144 104 101 82 175 80 188 40 124 8 70 42 105 91 85 158 84 100 181 149 155 124 82 25 185 44 44 181 27 195 26 80 142 131 13 95 99 17 85 88 32 86 93 104 36 17 106 128 165 79 29 129 190 93 175 144 177 57 38 127 67 174 92 116 
130 55 27 179 144 69 175 69 124 41 84 94 95 176 23 171 197 110 181 100 172 30 157 32 126 152 69 79 104 111 124 26 117 174 155 172 88 82 193 188 24 135 35 11 84 74 56 18 61 176 187 128 141 49 172 89 125 148 62 59 162 168 33 89 176 159 36 196 75 150 171 141 160 116 97 64 116 68 124 192 142 172 4 156 191 97 133 116 57 38 78 158 19 112 80 57 132 112 43 53 46 63 137 86 79 167 66 177 173 98 196 171 20 95 47 55 40 199 20 86 57 153 11 160 73 
53 10 36 137 154 8 145 196 66 56 83 25 4 46 71 145 113 127 44 93 198 39 64 12 169 131 24 62 170 12 28 66 15 41 105 190 112 110 15 156 36 84 140 52 75 102 139 181 190 153 199 129 31 148 125 146 76 186 58 94 65 66 104 97 7 117 75 164 78 118 162 119 22 135 61 30 119 30 56 23 98 38 165 102 194 36 178 86 71 107 10 46 149 123 8 113 99 126 27 142 147 195 172 182 31 113 149 162 86 112 77 102 47 12 74 18 51 148 88 7 33 31 200 73 188 
21 194 67 52 153 66 21 172 159 76 3 67 3 133 79 98 174 68 65 40 162 64 142 130 168 170 124 78 83 47 179 10 1 178 93 122 56 35 65 187 14 146 60 35 132 79 184 86 181 106 29 183 34 51 145 181 73 45 143 82 145 177 134 66 121 200 178 183 105 152 152 99 14 84 193 150 169 141 136 29 125 33 198 194 179 97 57 157 12 57 41 73 116 48 181 89 161 68 198 148 3 112 9 151 192 184 142 147 127 104 104 63 82 114 124 192 6 123 54 58 146 145 13 196 86 
90 156 24 88 184 178 198 131 74 109 175 76 111 79 41 189 52 64 26 87 82 95 49 192 64 150 155 47 153 57 97 9 67 29 183 120 15 157 106 48 56 102 186 184 116 105 144 56 86 44 156 79 195 69 197 28 198 58 86 121 40 15 128 38 170 15 94 156 19 67 134 151 192 3 104 151 86 50 39 182 13 193 106 48 36 106 192 45 2 44 132 77 119 8 167 126 189 192 55 27 76 117 112 75 122 178 162 171 125 68 115 191 29 181 69 198 83 17 181 61 64 136 113 108 28 
173 80 170 124 37 36 42 18 32 199 96 81 89 77 14 100 127 57 88 183 79 109 156 85 139 61 56 43 30 122 77 34 148 43 11 163 145 76 149 139 43 88 108 9 8 193 9 52 99 149 157 1 57 53 47 90 85 30 44 159 19 103 8 66 113 166 136 82 119 157 21 120 152 67 81 142 146 161 78 194 171 186 47 154 24 42 8 15 171 191 121 103 114 187 129 18 43 139 43 86 112 160 176 121 183 105 104 114 164 54 70 162 163 168 170 51 167 110 145 140 131 152 125 168 118 
69 157 133 117 89 107 178 194 16 101 34 46 36 108 44 113 90 71 135 101 75 16 186 93 137 7 129 5 24 175 162 182 156 112 182 73 124 180 115 73 154 183 49 97 170 28 70 171 197 2 79 76 167 189 13 83 136 110 138 126 83 158 160 31 193 155 174 110 151 72 137 18 13 168 89 116 66 120 82 47 83 67 176 26 11 193 3 21 65 196 71 110 103 142 150 78 47 28 153 141 57 155 50 126 131 62 31 87 56 144 180 191 87 136 98 178 94 176 86 13 137 196 112 19 121 
15 91 57 126 55 92 17 57 21 54 81 109 54 156 15 12 84 85 181 178 181 72 94 196 51 37 169 185 86 27 29 141 75 168 88 144 150 63 91 106 187 130 132 158 24 51 179 178 107 1 149 49 170 175 71 137 117 73 133 20 34 19 113 180 153 191 98 64 86 141 150 31 133 173 129 167 124 104 109 34 41 33 8 146 187 61 44 4 31 82 127 73 24 139 87 83 13 130 32 73 107 27 17 114 50 43 11 159 117 28 43 87 153 137 97 98 69 126 112 21 150 23 142 109 195 
18 138 49 27 181 96 53 37 187 77 61 156 32 79 129 125 20 88 39 60 181 164 65 163 5 9 89 11 34 66 139 48 164 48 180 98 94 149 147 74 184 84 153 15 6 5 33 33 113 194 157 54 52 100 196 41 180 122 5 106 171 69 91 14 155 89 8 3 128 157 86 86 181 83 45 57 28 78 59 81 65 179 68 5 60 196 136 129 82 147 17 79 82 149 167 65 69 102 47 50 23 91 122 182 19 64 128 106 30 78 39 100 72 91 23 127 100 9 101 76 120 153 89 110 193 
121 143 187 120 5 90 164 34 150 155 15 27 59 95 117 115 145 10 56 153 72 123 66 156 189 45 137 112 182 18 23 140 109 173 145 26 1 54 59 56 183 83 193 170 37 68 93 18 189 110 39 169 77 94 42 134 152 187 122 39 49 85 27 38 172 40 8 86 44 96 46 31 133 82 58 31 92 96 40 64 53 155 83 104 113 126 12 43 37 97 182 145 64 42 115 87 17 102 187 163 166 64 131 120 119 36 109 39 152 85 36 194 154 195 133 73 178 155 190 69 160 110 27 113 127 
31 56 186 58 99 130 187 165 73 82 58 26 90 176 48 17 80 69 158 176 60 43 145 175 126 31 191 13 188 135 23 182 200 70 86 129 127 77 12 102 77 48 36 51 104 79 186 183 52 94 175 59 153 39 10 111 181 141 148 190 190 90 197 141 64 115 13 64 157 185 132 92 177 30 81 152 184 121 27 62 128 45 131 188 179 140 56 143 60 144 187 50 138 29 182 187 114 63 171 123 39 136 188 33 59 105 176 94 150 196 64 38 171 62 31 37 143 15 192 149 32 77 161 91 25 
29 84 119 56 123 143 167 83 156 178 200 192 51 125 107 109 184 16 115 142 176 200 40 142 130 159 64 128 180 187 163 178 39 42 133 193 163 85 161 114 19 135 39 160 51 149 80 178 93 36 196 121 95 62 185 92 120 170 182 79 134 127 159 108 70 104 61 111 138 23 100 64 6 193 127 55 133 92 10 78 19 189 173 183 67 186 23 141 74 146 19 194 65 193 41 120 61 35 146 110 196 7 139 197 82 183 51 177 61 100 68 80 170 165 14 154 163 7 4 24 2 82 135 193 134 
152 27 186 159 12 8 119 146 129 189 105 57 128 154 191 73 71 142 71 92 97 86 98 143 88 122 199 132 150 164 96 123 121 86 95 128 146 37 142 113 170 36 188 10 51 7 142 42 138 73 37 192 18 105 93 176 22 92 16 151 174 24 138 124 18 100 15 178 198 155 8 172 176 21 134 134 129 179 139 180 117 172 25 17 56 145 99 79 31 74 193 80 186 13 63 45 152 81 110 91 59 108 138 43 44 190 143 30 35 57 31 161 16 3 104 95 190 91 4 29 33 115 41 103 145 
186 193 74 89 54 31 90 97 4 101 3 77 173 138 56 185 128 157 175 15 120 104 189 163 67 17 39 8 146 111 116 99 193 11 23 139 76 51 74 85 139 156 53 170 157 108 52 39 125 146 87 72 126 130 154 193 45 163 155 38 176 127 142 13 117 125 105 71 25 88 64 156 4 112 125 121 46 9 93 59 6 20 104 7 99 96 173 97 6 115 163 26 42 92 75 11 80 66 49 15 71 195 149 115 37 4 154 150 147 99 78 8 177 159 30 89 13 116 1 191 187 31 84 38 48 
168 68 187 179 38 139 84 55 53 44 199 178 156 8 70 103 129 62 85 73 108 138 120 52 162 126 75 107 43 153 155 17 78 2 63 66 104 72 39 63 5 44 67 52 19 90 178 97 84 145 56 83 161 117 20 82 113 113 155 135 184 24 28 104 139 141 18 111 187 75 130 66 89 17 29 35 89 3 96 161 92 66 146 198 194 167 131 158 122 19 124 123 29 27 45 102 100 195 191 29 160 32 109 34 192 50 125 8 182 93 73 149 196 193 51 103 141 29 119 192 121 184 108 90 174 
67 13 57 146 198 196 176 59 44 50 48 90 91 99 181 141 71 89 65 141 122 162 118 155 7 158 117 166 74 15 40 119 56 94 87 173 88 197 141 63 14 1 142 160 111 106 19 116 66 195 188 75 52 89 56 41 73 41 127 145 34 158 31 112 80 135 78 126 72 37 116 158 122 118 100 32 88 143 145 38 22 184 154 177 169 197 64 150 102 108 65 139 156 168 128 26 120 121 41 12 55 41 169 88 55 2 184 89 44 12 32 39 145 15 33 145 189 15 181 119 56 165 113 51 92 
129 161 49 105 92 153 132 9 72 77 176 8 126 123 137 136 188 45 54 156 82 83 199 23 87 194 126 8 25 46 103 178 37 171 148 51 129 109 1 24 103 89 165 184 96 188 11 42 70 194 17 37 84 105 155 192 62 143 159 78 97 144 139 189 180 27 122 185 61 190 56 47 158 165 40 100 82 80 25 145 104 162 23 7 31 55 93 48 167 143 123 123 194 133 82 148 72 13 156 86 18 82 131 120 9 35 180 161 59 32 197 134 139 145 101 151 47 75 88 97 171 134 140 157 72 
95 134 49 179 2 114 132 123 107 72 177 122 47 1 29 84 24 57 155 186 4 162 153 5 172 56 83 156 50 122 154 29 63 170 195 111 127 28 107 140 46 87 129 28 17 47 171 159 96 43 153 198 171 156 96 192 164 19 30 41 130 78 15 167 140 182 106 27 104 17 149 18 111 124 110 52 33 68 50 40 146 137 49 162 78 131 86 199 112 90 160 141 34 42 96 162 37 119 193 38 81 107 37 132 164 89 125 170 3 46 53 45 93 140 51 124 106 91 133 42 60 190 124 198 110 
187 106 193 191 74 8 134 192 70 117 184 23 121 8 4 81 136 112 123 65 184 128 160 138 37 143 139 129 33 161 60 144 189 51 8 47 146 197 22 51 29 78 102 14 96 129 137 15 189 52 54 130 101 105 184 110 66 171 78 117 10 22 162 165 116 63 85 153 161 22 135 82 15 152 199 170 127 126 195 83 162 188 32 151 143 99 126 95 166 176 113 70 71 118 177 154 63 167 86 39 118 26 138 124 173 116 95 95 15 180 17 157 148 102 4 130 162 105 158 19 7 25 81 1 102 
184 89 186 107 192 94 149 178 198 69 150 97 147 66 187 162 177 87 149 52 94 41 3 124 141 112 31 155 183 27 179 157 26 175 5 175 9 146 162 47 120 11 80 80 31 102 119 178 179 40 30 160 31 113 24 98 37 187 97 14 105 182 162 9 78 124 54 186 138 157 67 155 197 94 57 143 76 90 156 19 9 96 87 12 150 43 41 78 9 103 199 14 30 143 129 189 182 14 194 132 137 34 40 1 116 181 85 125 142 39 62 98 124 68 125 198 178 103 108 58 1 123 164 72 124 
51 186 30 106 44 195 30 153 150 183 173 184 183 182 76 186 2 48 188 191 57 80 95 170 157 57 155 177 9 140 34 2 187 139 52 132 189 180 49 126 17 108 75 126 43 7 153 179 157 153 68 157 46 194 57 73 74 81 192 192 137 170 23 5 106 170 92 134 98 112 12 102 151 112 59 85 63 113 15 105 35 28 170 126 100 118 69 40 62 72 163 109 151 107 31 169 45 29 146 50 27 1 160 1 10 156 4 151 146 57 138 137 82 8 142 37 7 97 184 188 173 186 11 117 100 
36 37 26 196 163 125 58 121 195 23 49 11 56 68 163 124 160 115 186 100 18 31 86 25 129 162 169 200 184 21 41 102 168 85 125 92 180 74 110 47 96 63 106 77 79 87 65 23 101 29 171 11 114 162 117 134 101 96 75 98 183 38 14 30 160 174 39 152 149 118 92 195 194 132 158 147 189 17 48 117 174 184 179 66 138 12 81 133 2 22 193 61 17 156 142 152 143 196 39 83 16 8 18 135 16 138 190 145 30 13 100 97 54 106 184 66 99 190 173 142 111 46 139 42 22 
32 73 98 100 106 26 26 163 90 44 164 24 93 112 166 54 137 101 47 148 106 122 9 45 147 186 12 45 46 100 127 35 85 102 83 44 12 106 187 149 127 17 96 130 111 119 39 94 110 96 46 171 25 194 111 51 108 166 126 17 142 68 126 139 128 181 5 37 47 42 41 134 186 186 186 38 45 106 130 113 166 137 55 15 31 200 162 117 39 23 137 149 9 2 55 59 186 3 87 32 195 163 50 108 31 80 91 89 16 122 70 154 133 77 39 51 42 80 153 45 107 16 87 80 18 
20 105 79 184 185 111 109 137 3 98 84 138 106 129 190 136 16 67 50 176 50 187 33 104 13 85 163 120 149 37 69 81 61 98 107 23 119 116 121 89 38 149 65 56 122 67 120 62 91 2 110 159 181 78 196 63 162 98 181 159 24 104 64 96 121 79 82 137 76 116 92 171 190 56 25 98 118 83 164 146 108 22 120 163 30 179 34 128 157 165 96 23 84 54 139 122 188 110 37 3 154 144 177 151 174 159 117 76 82 19 54 49 164 194 116 197 32 29 129 110 74 53 5 21 19 
83 105 92 16 194 35 39 127 72 180 1 126 127 13 70 33 76 129 157 8 125 111 104 192 110 46 77 193 163 49 108 191 142 32 200 179 95 24 51 172 78 63 94 169 119 65 129 183 108 110 17 137 113 173 152 116 67 119 105 180 144 182 119 100 58 27 155 49 92 136 18 160 86 171 19 97 35 29 49 32 44 164 28 141 50 18 41 76 119 56 130 76 68 193 75 168 45 45 106 35 93 173 169 122 117 90 182 189 73 49 89 71 169 160 191 90 194 51 169 163 145 101 142 192 47 
110 96 109 51 192 143 83 131 48 147 75 129 55 61 93 48 120 34 82 162 198 62 164 131 77 99 23 52 40 131 133 62 21 144 41 71 105 13 87 48 149 27 136 138 45 113 135 30 9 74 198 177 87 125 34 115 10 105 103 136 110 102 2 102 57 160 124 90 139 2 179 176 26 53 111 93 106 120 68 67 166 164 17 156 2 147 122 10 88 92 182 80 18 125 113 13 139 87 61 187 184 81 62 188 120 79 170 13 26 76 92 69 58 102 133 49 104 8 134 139 82 57 128 18 98 
1 130 93 128 156 26 179 74 94 184 26 169 114 24 112 133 133 153 138 26 161 34 99 124 31 38 84 32 25 80 66 189 158 178 144 24 113 96 198 68 142 87 99 105 125 121 69 55 155 84 37 89 97 181 148 95 19 171 177 23 49 92 63 94 62 40 198 27 139 60 44 59 124 3 108 59 69 146 16 92 5 187 27 43 23 15 166 136 3 170 73 59 64 25 30 1 163 173 11 102 7 153 77 8 53 158 104 178 31 133 84 51 85 72 77 93 21 9 41 142 94 98 194 4 156 
173 96 70 103 133 59 6 98 153 185 102 96 43 36 162 84 157 8 166 162 82 74 92 113 103 186 6 3 55 109 101 18 107 127 158 102 77 108 126 1 44 146 196 72 120 183 125 187 112 139 184 48 129 9 176 60 167 174 32 182 37 90 144 163 7 75 33 139 105 186 198 115 57 88 66 107 31 87 141 79 129 195 120 159 134 167 168 105 168 9 81 33 200 79 9 16 98 1 174 98 20 84 103 173 100 10 47 190 90 91 66 106 90 16 71 22 64 154 135 168 128 119 164 87 128 
100 183 190 42 66 14 85 163 36 94 165 66 28 6 121 190 79 37 37 26 113 198 30 12 88 120 145 181 117 2 41 74 163 110 200 163 109 169 78 94 84 159 131 131 15 155 40 137 74 11 162 4 170 117 120 102 85 166 15 98 121 8 124 115 4 122 112 184 87 100 72 55 157 20 95 115 105 68 50 93 17 26 45 171 143 101 129 180 64 132 75 7 155 176 163 184 152 24 59 102 159 138 56 82 170 200 198 2 149 194 36 76 88 88 37 50 15 21 81 192 105 188 76 7 54 
134 166 48 109 171 152 12 185 179 92 198 16 142 73 110 121 113 114 5 82 126 13 132 58 56 190 85 96 177 99 43 33 94 116 29 33 176 160 160 7 151 81 80 57 134 43 134 192 162 60 115 117 157 173 140 122 83 79 142 123 66 30 22 101 147 88 175 88 35 6 12 17 56 191 97 162 111 158 15 51 59 37 66 20 40 38 185 160 65 120 172 135 26 101 73 98 86 95 192 53 87 56 113 199 138 88 26 72 151 114 186 66 65 196 96 190 1 125 34 45 140 7 66 122 138 
90 68 174 52 21 162 195 138 34 130 176 76 173 165 39 74 189 152 54 96 168 177 35 187 118 114 74 132 116 146 75 184 183 192 103 2 162 124 177 2 43 6 17 200 32 24 154 43 55 133 7 34 106 124 14 5 39 141 98 107 175 40 176 113 15 109 183 177 58 107 164 154 97 46 136 14 160 110 147 164 91 33 190 171 177 86 21 78 200 62 69 77 24 153 141 83 32 44 5 176 176 89 71 17 105 200 100 70 138 133 172 89 112 177 100 125 9 152 191 164 29 130 4 3 2 
140 16 67 122 178 199 76 196 64 187 40 191 89 178 2 14 2 167 176 138 85 98 10 53 100 41 18 102 122 79 107 23 96 183 192 67 126 107 72 162 168 195 57 96 79 88 133 179 88 193 154 64 125 118 1 85 92 42 12 159 103 66 132 187 54 165 94 140 44 169 180 169 43 75 76 92 124 180 103 20 160 134 84 28 115 18 91 65 164 108 190 23 52 38 141 6 143 71 145 162 2 57 40 42 115 151 13 130 59 182 176 64 79 187 168 31 88 198 71 82 25 75 78 60 112 
11 38 162 119 148 163 56 96 154 175 116 92 53 134 192 79 127 35 159 193 59 38 174 119 42 57 130 5 146 164 77 63 163 21 172 161 195 61 130 148 100 47 112 192 40 93 189 153 148 27 47 34 106 113 172 29 170 169 124 34 140 70 71 26 16 129 165 95 108 143 125 109 176 171 191 35 195 180 17 163 81 70 134 16 170 87 18 38 101 156 20 113 178 76 60 114 192 71 81 161 90 170 69 16 79 93 191 146 109 51 86 47 146 183 158 86 93 113 158 22 176 7 153 160 61 
27 102 15 192 17 42 186 196 156 166 10 92 69 33 50 74 58 76 127 147 37 101 156 186 63 11 48 174 193 199 194 126 113 32 96 72 6 136 36 14 147 190 2 85 184 3 96 155 29 142 139 118 8 125 173 94 200 145 80 23 164 146 135 50 97 15 132 1 56 147 18 65 56 126 150 90 125 28 127 130 165 90 7 34 168 57 128 102 85 130 45 94 162 65 147 1 170 88 50 130 112 36 41 188 152 2 21 44 99 158 2 159 37 19 185 57 40 183 188 62 99 172 45 165 163 
24 166 5 184 148 11 136 72 103 81 32 111 52 78 171 46 58 60 25 164 95 163 16 21 165 193 185 67 173 97 124 142 146 180 84 42 119 163 162 132 30 121 78 182 179 77 47 197 82 159 136 8 64 192 58 183 33 145 123 171 195 122 58 155 29 36 90 115 114 27 59 160 11 135 40 136 104 28 156 65 177 10 193 34 6 29 160 34 54 180 166 127 152 39 121 115 179 152 114 100 173 46 159 144 181 191 166 189 28 170 10 1 120 93 177 7 187 46 167 148 182 167 117 69 186 
95 9 108 174 54 186 81 81 15 50 163 161 193 126 4 165 83 96 133 189 170 191 136 111 136 123 129 80 38 14 179 23 152 192 70 7 186 70 53 125 77 102 65 59 149 147 177 71 91 157 79 190 39 80 75 76 59 1 68 19 183 64 139 56 114 139 107 123 89 153 65 37 67 163 142 121 125 180 157 127 169 31 192 37 149 149 97 123 139 34 152 186 167 60 109 30 103 165 99 55 52 7 71 85 8 67 7 94 129 107 138 175 195 143 136 79 5 168 143 51 35 19 77 15 163 
109 159 85 185 81 174 81 44 37 162 72 189 63 155 88 92 57 45 162 15 104 39 95 177 105 132 48 100 135 139 55 67 179 118 43 124 72 166 68 87 74 84 117 134 15 37 95 195 94 137 32 138 169 101 182 179 1 19 179 42 58 125 45 94 152 51 144 74 183 82 120 111 57 90 14 20 155 18 127 4 191 143 53 18 44 106 82 100 187 197 147 126 162 138 109 52 85 12 69 82 130 190 2 167 5 39 170 60 85 43 104 50 45 101 82 42 68 96 169 115 91 175 11 133 183 
114 62 142 174 69 156 109 31 107 178 137 187 117 77 34 84 146 195 127 120 192 166 10 1 141 109 43 20 50 10 91 21 180 41 8 97 69 131 133 81 123 187 186 54 74 148 127 65 185 18 53 117 153 108 131 193 169 23 86 184 39 119 171 67 118 182 59 47 8 29 165 183 149 169 149 98 152 42 25 76 199 60 82 113 193 45 143 164 170 96 39 20 171 72 81 113 127 114 114 77 190 34 128 3 191 63 155 199 173 81 167 117 82 132 22 26 131 185 41 97 57 94 145 60 124 
180 60 114 155 28 58 182 129 96 145 36 91 123 77 11 19 105 183 42 113 181 141 36 141 128 107 19 61 106 54 153 68 122 68 109 11 75 20 52 66 170 59 163 156 198 145 130 154 18 19 122 154 96 16 116 161 27 48 177 74 65 114 51 20 174 41 75 103 138 88 190 9 84 49 63 153 137 114 9 77 189 4 174 79 46 60 188 24 60 183 81 114 146 13 27 101 42 186 93 4 71 48 147 28 80 86 136 102 123 5 9 100 142 101 90 182 194 81 95 141 143 81 16 49 142 
32 95 77 54 142 47 68 48 134 198 140 186 56 130 131 108 91 28 99 97 92 174 8 154 44 116 106 11 42 61 77 7 135 4 137 99 108 83 58 190 135 131 110 167 139 8 120 149 122 158 141 187 21 40 110 83 164 136 145 30 186 7 142 66 166 85 146 65 185 29 65 79 50 118 191 125 193 152 171 152 18 112 173 185 173 114 147 44 29 43 98 24 105 180 42 157 97 67 147 9 148 183 197 185 100 5 154 78 62 120 163 39 28 90 197 182 67 74 96 5 116 91 61 173 166 
72 99 198 29 191 113 14 91 101 141 166 106 79 193 144 97 154 178 42 79 2 7 187 13 109 123 85 117 178 18 128 154 53 125 152 40 13 75 67 95 143 87 80 184 51 129 4 134 62 184 187 20 153 150 44 191 74 12 149 70 145 156 53 175 61 34 132 171 199 39 70 173 16 167 36 56 23 37 14 104 124 123 193 160 49 118 50 179 2 60 51 109 197 34 98 69 136 13 28 112 26 65 195 81 83 192 199 38 120 89 12 144 50 172 33 14 26 143 1 187 102 58 110 141 184 
131 184 89 169 26 154 114 141 30 120 109 50 13 123 187 181 35 149 42 199 150 111 186 166 59 77 16 132 7 100 23 193 80 93 64 198 118 80 61 197 120 191 122 181 18 196 109 141 15 55 142 90 3 186 47 9 167 42 60 100 116 44 161 186 189 172 93 118 20 19 132 90 194 88 121 168 24 69 38 28 36 31 102 50 69 188 3 101 162 105 184 55 107 77 108 198 1 18 25 148 105 33 150 191 80 28 190 54 158 114 74 170 45 107 70 194 155 135 143 67 1 18 92 80 178 
127 108 139 135 21 174 179 103 97 41 127 175 98 146 133 166 165 175 31 9 192 26 158 152 160 122 42 155 36 66 131 55 134 6 60 77 40 97 83 186 123 67 159 185 143 4 166 29 156 175 136 152 178 146 60 11 130 172 171 128 73 191 32 87 73 89 198 108 138 76 185 106 54 146 125 31 111 196 137 19 145 64 183 197 188 63 135 110 148 120 91 151 81 181 56 89 96 2 59 154 57 146 93 131 10 80 40 142 125 190 47 115 159 46 25 17 53 197 132 120 63 63 2 148 141 
94 66 26 32 76 128 180 33 53 190 129 166 63 80 182 36 3 171 52 102 71 19 67 85 15 39 173 186 19 62 16 155 69 22 15 132 13 45 114 66 100 13 155 181 196 159 55 145 133 162 102 81 103 33 128 54 160 101 91 151 76 188 109 190 169 128 173 7 27 110 141 144 84 186 42 113 31 167 8 42 134 118 105 33 76 60 33 166 200 125 188 114 80 68 10 48 100 91 173 167 114 170 47 175 61 187 85 70 121 118 55 192 32 95 108 155 52 138 29 138 155 46 200 115 166 
127 131 88 147 81 182 137 91 104 62 189 119 110 114 166 19 65 16 140 127 125 91 181 145 40 90 161 56 45 77 99 186 195 142 157 17 148 171 145 117 105 97 132 101 42 137 60 18 191 156 27 174 77 128 157 104 160 50 85 44 58 21 102 159 157 196 66 63 79 66 83 42 64 135 54 142 200 200 77 42 29 185 184 132 126 130 161 83 54 106 157 75 154 149 20 107 90 24 6 100 154 179 153 48 117 84 14 52 181 117 7 10 157 196 99 161 38 77 118 108 42 32 186 124 146 
170 131 145 136 150 116 111 53 189 141 6 24 165 174 127 39 110 134 115 168 167 100 147 127 177 181 47 87 73 116 5 150 156 164 48 170 126 111 168 198 102 60 195 176 31 119 87 122 99 52 56 149 183 33 24 164 72 86 76 63 107 154 6 28 20 58 68 11 62 11 97 126 64 24 138 143 35 29 189 106 17 124 133 35 70 4 199 143 185 149 161 186 174 148 47 199 62 64 38 166 188 8 21 127 127 12 22 183 198 184 128 18 99 137 86 65 140 134 140 160 88 13 102 64 129 
181 164 175 8 133 187 134 135 42 52 130 162 193 122 13 58 8 31 96 149 104 44 62 9 100 111 85 94 149 92 88 49 62 75 155 4 38 185 176 89 192 108 185 144 131 42 90 197 132 45 30 115 126 7 66 176 25 170 172 87 89 130 16 195 85 78 135 24 167 53 148 177 32 71 36 82 39 185 160 182 110 188 11 83 136 46 6 167 127 139 161 19 111 196 61 158 162 88 107 8 184 190 129 174 146 166 122 110 149 162 141 42 43 102 152 117 192 180 86 29 150 62 101 36 7 
65 196 6 121 41 73 131 5 5 155 97 137 77 55 188 185 146 112 180 93 46 73 31 23 16 10 179 58 21 21 137 77 32 82 96 87 152 126 180 175 199 103 166 155 109 71 125 124 124 127 44 137 138 89 140 71 199 128 118 104 168 93 41 49 132 62 104 198 182 182 131 150 119 179 9 195 148 70 124 106 180 197 47 146 168 200 110 176 157 161 125 173 146 70 192 162 162 130 152 89 195 185 20 134 177 145 198 3 186 18 31 70 179 170 140 86 196 179 8 78 124 107 181 150 119 
140 15 52 89 120 102 36 48 111 185 161 180 170 82 65 179 140 104 109 156 40 96 23 77 82 98 65 173 21 47 96 45 171 4 149 56 199 83 98 31 85 178 2 74 181 52 73 152 29 113 185 120 155 94 121 190 160 197 24 83 107 80 94 50 98 123 104 40 167 101 21 20 103 138 22 164 27 114 131 47 48 175 33 99 165 77 47 191 114 139 63 85 159 162 143 98 23 89 13 71 47 43 75 138 177 16 102 98 91 61 195 119 126 184 101 153 170 192 14 121 152 106 46 199 197 
75 76 154 83 155 94 105 47 9 151 33 42 27 133 56 11 179 194 98 117 161 15 189 11 188 188 135 19 121 96 162 94 179 36 57 135 82 31 143 15 104 38 184 85 44 187 19 91 197 131 129 55 108 24 138 51 192 130 62 152 87 52 168 51 165 13 3 156 121 45 195 104 46 98 12 137 113 172 17 51 89 88 83 115 71 91 99 180 75 68 108 30 2 62 48 136 142 21 91 131 155 3 50 192 188 106 82 57 183 169 46 22 192 124 193 113 141 26 165 193 47 33 69 1 132 
118 2 60 98 123 19 92 190 167 122 78 158 140 26 26 42 111 8 132 158 77 188 137 176 117 25 117 11 96 124 46 194 96 176 193 24 43 114 82 181 57 199 6 18 83 83 186 81 50 55 177 87 144 35 147 119 95 146 55 131 95 135 96 162 169 57 88 108 162 183 177 129 157 107 25 10 149 95 189 165 13 64 7 135 183 70 126 90 121 184 48 198 184 124 189 53 2 128 76 163 69 177 84 88 192 96 59 51 33 117 117 176 182 136 59 63 49 93 158 80 47 155 172 139 124 
156 175 130 88 166 137 32 16 33 176 48 117 48 9 39 81 13 94 129 164 82 86 8 167 89 30 174 197 174 71 113 92 39 8 167 5 83 191 28 163 154 149 79 154 144 51 53 45 75 8 128 157 88 90 92 130 186 13 134 62 42 96 187 45 179 82 114 91 126 13 137 1 34 127 157 198 44 91 187 195 178 35 156 144 32 23 126 138 178 177 142 34 4 29 138 37 176 14 114 67 12 83 84 151 114 174 128 159 64 82 34 98 8 53 98 86 22 182 199 70 155 125 103 106 76 
87 187 130 52 40 177 80 176 23 67 44 188 115 60 19 133 93 72 78 173 182 122 104 159 40 18 30 53 200 31 2 134 92 125 19 103 130 41 91 96 39 6 90 86 134 84 191 196 92 32 127 185 66 120 116 11 45 59 47 30 49 4 117 15 197 16 152 160 91 41 57 180 100 166 51 105 170 34 164 38 1 197 128 110 72 36 21 154 133 176 46 127 125 177 94 140 137 123 80 179 183 16 177 97 66 161 77 35 34 88 72 70 3 176 123 117 111 200 47 163 194 17 59 20 118 
141 144 183 182 131 8 36 188 185 4 6 104 71 29 109 8 134 119 173 153 56 172 61 147 164 128 143 15 161 79 199 32 25 22 181 103 4 75 165 67 180 103 134 183 138 31 63 147 31 73 91 181 59 180 174 103 124 153 106 152 169 144 154 145 83 145 101 44 108 112 21 163 75 48 152 98 138 40 104 93 127 17 82 53 53 33 40 12 71 160 39 195 121 184 99 154 162 50 170 115 129 100 15 188 59 43 153 167 109 9 23 115 24 177 74 83 70 149 162 176 84 154 150 81 82 
