50 6
0
1
1 5 38 -71
2 28 2 44
3 47 37 343
4 58 120 538
5 79 178 791
6 216 155 1456
7 235 130 755
8 285 98 677
9 369 191 369
10 443 160 123
11 457 58 457
12 470 79 944
13 471 91 289
14 474 63 852
15 517 197 1699
16 537 36 681
17 602 119 840
18 635 82 1127
19 754 178 754
20 755 161 433
21 783 190 1543
22 856 168 1864
23 864 164 1848
24 881 53 1199
25 881 194 1269
26 898 198 1294
27 967 64 839
28 968 35 1038
29 1028 175 1728
30 1033 198 2221
31 1071 138 795
32 1143 3 1143
33 1203 191 1203
34 1213 169 875
35 1219 13 1219
36 1230 100 1030
37 1244 77 1706
38 1327 119 1327
39 1390 84 1390
40 1406 69 1268
41 1435 44 1787
42 1436 68 1300
43 1437 135 1167
44 1530 197 1136
45 1540 80 2180
46 1583 52 1687
47 1613 151 1613
48 1620 90 2160
49 1650 171 1308
50 1660 198 2452
15 42 145 3 82 155 155 76 46 8 12 159 168 114 130 174 97 71 77 140 122 174 110 131 110 193 148 167 94 82 193 61 104 115 144 56 29 194 179 146 149 186 159 166 25 22 173 128 68 161 
149 4 3 3 2 173 165 35 159 151 169 141 194 181 45 145 45 118 10 136 119 17 31 97 112 9 119 36 155 62 101 192 94 85 135 63 182 34 97 28 49 175 72 162 157 66 26 141 131 26 
23 13 175 112 56 8 153 99 55 46 136 8 7 40 108 182 63 186 66 136 108 15 77 103 130 192 125 47 27 158 8 38 200 188 50 94 102 106 138 85 94 87 161 101 100 192 189 121 40 70 
177 30 111 89 14 113 176 6 117 154 58 155 161 67 94 87 128 43 79 148 137 36 81 118 191 101 160 41 174 41 12 9 144 154 120 100 50 175 3 123 67 175 89 74 38 185 66 174 98 125 
73 31 55 163 68 62 168 42 42 169 188 74 86 171 96 6 90 19 33 149 129 54 189 46 48 157 102 28 104 177 23 18 113 21 114 93 169 129 152 49 42 181 99 149 185 189 71 162 98 86 
88 84 20 44 34 56 142 7 183 75 179 9 17 96 92 4 150 13 107 135 56 200 101 139 171 130 139 160 167 91 50 142 137 13 8 97 107 109 177 67 5 64 176 25 156 162 16 65 108 147 
66 74 110 127 134 146 126 153 162 124 45 176 172 160 125 162 75 143 52 145 103 154 162 94 101 199 37 191 110 146 143 2 171 93 37 186 130 105 69 158 100 166 142 189 182 38 124 36 85 126 
42 199 20 143 128 42 88 20 56 8 176 133 8 123 136 185 180 141 162 157 130 142 116 189 193 133 1 146 140 194 107 181 56 121 52 176 101 196 110 159 170 175 9 57 42 119 1 62 61 105 
200 26 33 19 28 46 59 11 60 195 13 50 66 86 112 158 117 109 190 5 176 36 131 144 160 121 36 148 86 21 93 24 60 76 74 124 39 140 94 139 176 94 43 53 11 184 66 85 133 134 
140 175 105 143 16 22 155 121 122 84 53 189 40 5 29 134 147 24 154 109 176 170 185 38 125 133 131 188 93 120 105 50 111 62 6 152 138 97 56 45 177 159 102 180 132 8 150 25 55 55 
175 46 93 75 25 196 106 86 157 177 88 63 36 179 169 177 109 102 21 168 105 144 128 200 165 148 122 95 74 113 154 141 98 64 33 199 71 155 121 69 129 97 40 158 178 131 71 77 26 71 
7 95 133 16 167 186 9 97 143 72 30 98 154 179 96 42 51 69 20 191 110 60 96 151 21 196 58 98 194 92 7 94 76 178 157 130 5 112 140 190 140 11 171 182 144 125 31 49 129 57 
140 145 129 73 192 3 163 117 194 49 121 148 102 154 182 118 190 172 148 74 87 122 160 20 107 140 53 2 31 189 19 153 151 20 158 184 82 169 127 55 70 17 17 77 183 117 55 146 183 159 
164 134 21 13 151 121 78 149 166 20 169 165 17 132 124 105 169 59 129 116 80 131 199 102 23 139 65 27 197 12 157 41 9 100 106 96 25 27 49 125 27 121 83 95 150 193 75 38 99 50 
139 89 168 35 123 147 53 164 143 136 1 179 78 96 173 144 184 32 147 182 151 79 147 172 115 157 198 6 60 18 101 118 70 136 192 78 97 96 190 11 77 152 177 200 81 44 169 39 168 161 
191 178 83 40 2 161 47 163 1 111 96 93 3 131 65 7 123 193 88 129 33 146 177 56 67 197 32 95 3 134 67 86 171 153 102 162 172 40 13 60 12 43 145 37 77 52 50 76 100 84 
150 89 109 173 93 74 138 47 160 192 51 89 166 157 118 134 35 4 44 144 88 24 149 22 124 192 96 131 10 186 92 42 179 176 73 115 132 42 37 77 189 183 134 84 19 65 88 57 60 12 
32 40 147 12 81 35 184 86 142 98 105 85 43 24 129 109 137 149 68 84 84 84 36 55 152 125 159 46 7 94 128 14 53 78 101 105 19 16 76 185 103 48 165 60 124 127 132 108 26 145 
134 131 136 166 52 178 189 54 164 168 55 160 130 148 25 167 78 129 12 39 68 120 11 39 158 10 161 87 79 109 54 167 49 187 182 76 21 65 1 164 34 35 106 145 183 95 91 21 96 168 
164 116 188 89 176 134 21 6 199 139 84 30 129 166 196 124 23 134 127 156 175 98 91 30 36 8 120 128 129 19 23 183 144 199 47 125 66 187 138 120 7 1 27 146 88 50 78 157 92 48 
6 57 109 162 196 173 191 167 175 139 120 158 188 90 12 94 17 55 179 24 10 101 28 40 32 70 154 8 66 172 9 40 73 194 79 25 97 149 135 20 31 7 51 27 6 84 128 87 194 152 
116 14 44 96 155 30 198 118 117 158 91 83 188 23 36 168 84 59 77 195 15 112 43 90 196 125 83 158 124 75 44 125 41 125 183 69 144 140 103 10 137 125 15 13 115 169 46 109 175 143 
133 17 148 161 92 67 200 156 19 50 84 55 137 4 14 123 162 75 107 42 151 106 46 39 22 136 106 77 54 141 89 137 107 130 50 3 181 40 97 159 152 45 33 95 173 197 170 192 112 182 
94 65 122 137 170 193 118 64 131 121 148 174 102 192 100 129 93 155 199 110 80 17 33 46 53 27 176 12 168 159 9 197 142 16 154 53 44 65 39 136 36 22 74 78 54 122 26 178 137 200 
52 36 100 69 100 4 193 32 97 198 6 80 20 128 67 179 152 155 107 89 104 52 21 156 173 9 91 53 2 134 34 174 52 77 141 81 162 126 67 105 20 28 50 35 94 126 51 65 168 41 
180 27 64 181 23 84 97 102 2 37 55 106 3 21 80 156 165 109 185 132 176 190 70 105 179 152 23 127 11 66 130 39 103 128 57 147 138 51 76 102 41 181 62 158 83 164 34 84 128 147 
153 91 73 173 32 195 121 30 40 198 75 49 109 147 117 197 47 197 159 145 73 95 62 137 87 184 178 26 86 35 23 169 76 161 154 123 179 119 130 156 193 35 100 99 71 80 90 99 41 124 
155 71 4 77 55 31 190 177 110 50 91 126 191 192 91 15 68 75 178 107 34 11 88 13 190 89 94 191 200 154 93 83 131 4 59 58 197 142 197 135 3 63 130 52 195 60 114 139 192 28 
146 113 13 6 120 43 47 198 75 196 194 52 93 164 184 168 189 54 123 64 98 99 160 24 66 123 68 127 130 73 64 154 26 97 38 164 43 192 65 136 107 2 130 200 187 90 186 21 13 144 
15 54 8 70 137 85 28 166 151 174 144 6 179 134 93 144 56 37 83 118 81 163 153 148 96 86 166 23 45 197 149 92 122 40 200 42 32 150 47 113 163 177 52 197 185 126 16 125 136 11 
150 170 10 105 6 30 117 70 95 163 82 141 141 5 22 32 81 135 149 77 65 30 45 140 137 65 85 11 51 188 40 177 132 7 130 45 165 54 165 71 21 65 199 152 40 66 87 166 75 34 
60 37 191 184 144 136 24 176 66 23 199 123 146 40 33 14 140 46 192 161 44 52 32 32 70 108 2 189 51 132 92 56 62 25 118 111 184 43 171 171 174 148 178 157 105 46 119 133 128 7 
113 191 119 110 65 184 118 148 25 147 77 60 167 91 28 4 39 37 16 175 26 13 166 49 187 10 178 71 69 35 99 32 133 134 60 155 91 18 73 10 4 149 171 132 147 148 39 124 59 196 
110 195 29 157 179 142 69 67 86 192 1 102 83 108 7 78 49 7 179 16 76 27 67 18 172 24 49 175 44 186 172 180 180 175 32 116 171 73 190 134 17 38 63 160 127 153 29 176 131 89 
192 125 169 70 80 187 199 3 54 157 115 39 17 20 80 186 88 140 101 20 76 85 168 1 183 181 4 168 65 132 19 134 177 165 132 23 130 20 173 36 36 68 124 188 124 46 119 180 61 110 
193 85 67 25 171 71 14 124 5 170 75 58 154 156 127 55 76 19 133 54 198 128 184 41 167 198 181 56 135 149 146 130 110 95 116 102 75 198 76 136 88 61 114 45 138 152 189 29 125 171 
162 62 23 99 193 171 8 79 32 133 119 132 68 197 78 69 83 111 196 182 184 25 109 82 2 39 113 176 128 144 110 161 138 152 128 19 89 15 92 118 69 7 165 86 96 20 21 54 155 159 
51 189 167 75 85 136 153 134 19 178 135 75 97 163 31 97 20 104 158 134 85 180 60 48 33 76 42 189 176 51 42 181 38 60 94 33 194 13 69 179 85 113 28 184 95 141 107 82 149 129 
159 106 159 151 110 119 185 89 74 90 101 155 195 68 67 69 114 124 115 147 187 157 12 185 185 152 52 171 174 36 156 37 57 26 38 19 81 167 20 95 74 90 141 87 187 92 24 164 68 86 
44 137 53 107 181 32 195 172 120 108 67 162 76 158 191 49 97 92 18 54 57 20 146 160 11 95 9 102 92 183 45 158 11 86 106 24 124 196 115 134 35 85 93 127 157 79 24 7 195 167 
144 77 181 30 64 103 49 29 108 61 86 137 145 139 78 28 11 72 175 192 143 147 29 136 12 116 7 59 38 130 6 186 36 200 86 116 149 17 22 134 166 45 6 99 191 20 154 74 58 67 
106 93 140 57 97 121 36 56 171 88 76 101 56 182 164 26 181 159 79 188 97 37 113 161 109 51 179 160 116 73 10 8 171 129 113 23 39 11 122 165 197 193 186 65 181 181 66 147 136 103 
13 109 88 61 59 152 33 165 8 82 81 181 156 42 174 126 166 12 7 4 109 31 2 55 61 73 22 148 75 26 47 99 147 25 159 7 72 157 124 64 28 177 177 196 74 38 41 129 64 166 
92 5 119 10 199 152 14 103 49 151 146 101 142 56 157 131 192 167 196 170 197 134 11 139 110 93 165 11 150 60 182 142 196 180 6 43 56 55 91 198 132 191 183 62 121 149 122 69 169 179 
117 37 141 75 74 159 110 118 168 183 139 38 106 130 190 100 134 90 105 27 178 181 79 200 166 138 109 83 1 165 34 51 164 71 183 113 44 135 36 106 118 160 6 167 19 95 55 50 157 27 
80 67 40 125 120 185 75 44 167 76 199 127 106 162 28 3 6 135 32 52 38 187 30 96 25 166 56 100 130 127 34 88 182 197 91 106 88 55 73 109 45 13 29 162 62 128 54 62 178 73 
148 9 65 120 170 174 39 141 194 148 101 31 57 36 146 8 194 187 24 136 44 23 140 153 139 11 151 132 146 85 27 28 54 6 200 163 109 3 86 48 75 65 180 164 130 199 163 195 179 115 
15 50 20 60 157 103 124 83 34 14 110 164 139 10 153 137 182 190 97 19 64 53 89 110 199 112 72 101 64 100 10 134 185 15 150 59 144 137 30 47 104 112 53 176 9 133 47 130 151 117 
111 182 114 89 124 72 29 108 188 14 11 110 29 93 147 25 118 167 146 182 156 182 140 109 78 39 110 16 112 187 95 30 71 188 143 1 41 173 6 169 176 86 60 33 50 167 35 113 75 94 
160 117 117 22 139 178 17 162 179 43 25 190 180 146 57 72 139 100 144 133 30 27 93 33 131 147 4 140 9 200 174 124 190 192 136 172 110 122 128 101 45 33 162 88 50 18 172 128 30 9 
16 103 157 97 139 181 55 169 104 99 86 183 50 196 120 13 31 151 149 130 24 83 117 42 14 151 65 16 50 27 183 84 113 117 163 123 24 144 149 86 70 35 9 4 144 65 123 93 30 83 
