100 6
0
1
1 2 128 258
2 17 73 601
3 51 160 1331
4 58 84 394
5 87 70 -53
6 98 79 730
7 185 157 -129
8 221 84 557
9 248 24 200
10 257 79 99
11 258 135 258
12 332 162 1304
13 342 173 1380
14 394 123 1132
15 426 143 712
16 443 115 1133
17 471 44 735
18 495 81 981
19 499 18 535
20 574 188 2078
21 609 30 729
22 627 97 1015
23 645 27 591
24 687 152 687
25 735 47 1111
26 756 107 970
27 763 10 763
28 788 199 390
29 826 108 610
30 965 8 1013
31 969 91 1333
32 991 125 1241
33 1135 134 1939
34 1145 187 1519
35 1211 133 1211
36 1219 183 2317
37 1229 158 1229
38 1287 28 1399
39 1300 10 1300
40 1344 19 1306
41 1366 130 2146
42 1455 36 1599
43 1458 84 1962
44 1540 129 2056
45 1545 105 1965
46 1570 178 1926
47 1586 103 1380
48 1587 199 2781
49 1599 59 1835
50 1649 150 1949
51 1673 71 1531
52 1771 48 1963
53 1799 99 1601
54 1804 31 2052
55 1810 135 2620
56 1871 60 1751
57 1891 163 2217
58 1895 73 1895
59 1991 143 1991
60 2023 196 3199
61 2067 3 2091
62 2070 61 2436
63 2086 61 2330
64 2087 16 2215
65 2105 189 1727
66 2119 190 3639
67 2130 178 1774
68 2193 17 2261
69 2219 134 2755
70 2244 193 3016
71 2289 143 3147
72 2316 15 2346
73 2322 143 3180
74 2322 25 2522
75 2327 200 2727
76 2331 184 1963
77 2363 190 2363
78 2409 171 2751
79 2410 90 2230
80 2420 32 2676
81 2422 39 2734
82 2423 142 2139
83 2449 200 4049
84 2451 5 2491
85 2531 102 2939
86 2549 82 2877
87 2654 135 2654
88 2723 77 2723
89 2749 138 3577
90 2887 78 3355
91 2968 29 3200
92 3005 198 3005
93 3023 54 3239
94 3077 54 3293
95 3201 93 3387
96 3202 90 3382
97 3207 70 3347
98 3223 166 2891
99 3269 133 4333
100 3298 131 3298
129 105 193 32 195 154 71 46 156 48 176 125 128 105 24 65 151 8 160 129 90 65 176 153 157 9 177 177 135 180 164 200 98 79 113 23 164 84 121 196 75 160 199 11 52 65 67 74 10 72 156 83 61 111 59 105 142 157 147 133 122 104 158 183 53 136 130 100 22 124 17 105 6 73 138 142 65 165 86 115 183 93 182 38 65 17 196 41 183 99 14 14 2 68 19 53 84 59 31 92 
35 89 114 98 156 97 173 80 41 172 71 185 174 112 189 1 132 66 183 189 126 169 52 198 162 76 190 175 81 22 41 181 116 115 107 186 8 173 37 122 35 23 193 123 193 155 196 120 184 88 165 61 186 43 130 140 63 61 82 101 69 80 171 7 172 10 41 174 26 13 38 46 28 122 90 192 115 67 173 123 157 79 37 76 176 103 174 188 184 51 11 114 161 103 193 53 28 122 191 27 
167 1 25 197 150 189 158 172 189 175 57 65 136 46 33 168 117 74 115 99 6 199 179 25 132 174 109 85 154 126 8 64 93 119 121 195 150 167 114 41 105 149 37 97 46 90 35 14 198 120 44 166 170 97 5 60 36 124 85 51 42 88 181 142 114 181 24 109 101 93 189 184 117 33 99 31 174 89 32 167 68 130 171 162 118 87 192 56 163 69 47 149 158 87 189 176 158 40 54 94 
72 4 32 116 72 4 142 67 196 195 11 108 127 39 166 140 20 169 197 138 189 144 113 41 137 14 9 167 40 170 58 6 60 154 12 12 92 123 196 89 187 118 172 70 168 140 31 46 53 171 11 112 43 184 56 100 142 52 105 108 27 42 48 198 70 42 172 52 169 156 33 53 169 178 91 16 52 178 125 142 149 20 22 114 38 102 42 83 89 63 146 107 191 161 193 44 58 80 74 42 
158 152 82 162 113 12 95 118 87 108 86 192 9 3 85 181 28 197 38 135 36 106 61 170 176 59 161 161 17 130 54 31 152 132 163 166 187 127 97 191 83 19 70 190 180 25 72 175 116 171 103 50 21 113 114 157 50 37 183 63 62 139 128 58 117 45 134 155 165 92 75 178 8 66 198 37 18 94 196 151 16 44 150 74 63 28 45 11 85 145 158 148 34 118 84 70 44 131 180 137 
156 172 78 45 51 145 20 8 103 4 163 79 1 25 159 26 152 195 145 8 165 20 27 21 80 111 31 7 73 73 116 148 155 183 191 121 120 94 199 97 52 94 135 144 106 21 89 109 74 27 117 116 97 119 91 27 33 100 175 103 60 134 144 167 83 96 28 98 93 173 181 46 187 15 101 147 30 64 185 11 11 5 49 163 14 6 7 56 67 145 183 96 4 88 192 117 197 166 90 63 
109 116 31 111 50 178 41 60 134 129 169 32 175 106 180 60 8 20 120 162 187 43 180 4 187 98 89 51 178 200 67 36 164 101 102 150 101 160 148 69 154 143 161 77 160 175 128 126 116 45 78 137 43 104 57 191 137 100 195 159 101 8 60 18 40 49 135 61 110 187 123 79 50 120 97 4 10 31 196 175 52 143 38 160 138 70 175 190 64 104 102 191 153 35 51 101 152 197 106 141 
27 2 134 119 47 141 133 5 156 143 100 31 6 62 30 184 81 155 193 151 101 171 3 74 119 69 27 64 175 86 161 52 103 91 86 62 3 139 72 182 196 69 155 176 193 70 57 200 130 22 126 191 12 170 85 100 137 79 37 191 53 125 34 68 23 72 152 7 54 142 68 28 85 85 100 101 121 102 109 31 85 73 9 113 189 136 56 160 109 178 40 134 73 155 29 27 46 42 109 17 
157 199 116 154 87 65 26 126 144 18 46 81 110 194 175 175 50 114 49 101 33 61 40 91 24 177 152 149 101 193 185 7 75 118 2 91 18 29 10 195 179 163 30 8 117 132 11 96 72 54 153 158 44 198 65 101 12 63 9 175 2 66 30 31 113 79 74 170 123 1 106 79 37 121 132 145 120 11 117 114 180 139 149 177 68 7 98 162 103 22 166 143 91 3 21 4 59 101 56 67 
162 199 70 76 157 37 54 121 54 72 49 73 143 157 149 88 75 161 148 48 68 16 92 70 45 155 150 199 182 169 47 129 192 33 126 10 177 128 195 105 135 86 21 197 25 93 70 174 62 61 115 39 51 176 131 92 143 41 36 189 143 158 196 95 105 82 64 111 157 192 28 110 120 123 198 123 137 31 42 26 143 62 170 92 162 123 1 48 69 137 106 88 58 165 131 28 73 184 191 61 
183 71 156 188 189 147 42 95 125 80 129 185 131 54 131 188 104 147 145 105 182 188 63 17 12 191 99 76 158 36 153 87 129 149 74 119 166 59 25 76 153 94 7 57 123 43 155 72 5 164 156 165 93 190 29 177 170 75 120 51 80 23 74 18 152 56 139 173 119 101 114 147 74 72 27 192 29 108 195 46 31 116 109 43 128 138 1 125 66 51 131 67 4 119 164 96 14 70 47 23 
120 40 28 86 101 19 122 68 36 99 60 28 74 140 158 92 117 57 37 48 79 90 54 76 120 89 185 63 96 177 179 139 76 158 172 16 12 32 195 178 176 162 108 36 41 194 85 169 97 9 38 182 153 136 138 168 195 182 5 176 73 48 65 16 165 148 9 182 137 1 172 141 118 182 21 139 40 128 75 37 8 104 55 138 195 152 23 21 115 21 83 199 6 141 100 186 79 138 186 181 
53 17 124 79 181 14 166 110 44 165 193 17 10 179 102 160 2 178 69 93 91 179 174 148 192 37 84 73 74 52 60 176 195 115 27 187 60 186 127 14 147 40 91 107 45 151 6 191 39 163 62 50 40 189 122 119 134 78 34 137 38 182 127 101 109 15 66 21 89 115 200 83 71 140 56 34 37 141 6 11 153 92 23 120 126 22 129 49 92 169 121 64 106 72 7 4 106 7 167 150 
98 15 86 125 8 3 160 36 109 12 172 169 120 30 41 152 78 107 159 102 21 71 148 127 121 113 177 104 118 60 191 106 39 40 44 69 32 150 123 97 174 98 92 141 93 197 73 69 30 69 165 64 199 194 1 50 137 86 146 56 120 121 150 16 172 67 117 166 147 200 192 14 123 43 125 44 61 34 197 29 22 30 181 32 157 75 171 51 128 158 160 16 149 72 192 39 181 56 52 45 
40 88 12 160 44 93 49 163 139 2 174 200 174 199 135 183 87 107 4 17 79 123 7 59 92 177 47 133 192 84 198 186 188 195 139 199 176 74 116 182 153 179 165 33 51 94 178 156 170 94 155 165 86 194 129 51 65 42 15 37 82 61 81 57 122 13 169 6 90 82 105 110 123 53 139 42 196 87 155 118 146 136 167 36 51 163 27 11 18 85 33 130 186 146 82 46 5 99 100 180 
19 122 184 37 94 50 165 170 154 165 90 28 136 50 96 172 53 134 16 178 40 136 159 76 197 53 47 100 134 58 53 3 73 19 33 171 112 56 141 125 100 59 160 36 169 181 57 89 52 164 1 139 13 128 140 24 160 175 106 150 89 182 27 46 25 118 34 143 147 21 65 111 183 64 177 172 58 122 177 112 50 54 63 109 41 23 127 150 194 59 105 193 47 84 108 171 48 135 145 110 
55 65 113 158 114 37 11 44 25 93 120 80 81 104 160 29 108 55 23 199 26 29 67 62 123 79 156 75 181 102 129 162 32 179 47 80 31 194 22 28 64 139 6 84 73 86 198 137 199 122 4 126 110 126 67 130 88 55 86 2 82 39 4 37 94 135 111 138 113 88 98 189 87 117 94 57 18 196 147 30 98 173 131 5 2 6 146 125 132 54 121 1 81 105 110 12 191 103 49 62 
54 177 131 117 91 136 10 147 124 6 176 131 115 24 105 137 20 38 36 86 159 20 7 48 166 160 95 166 48 168 177 8 89 153 189 134 13 148 34 93 124 145 87 35 163 116 46 62 166 48 140 114 47 110 113 145 39 52 82 145 102 62 106 129 148 99 119 133 70 51 157 96 188 117 198 38 92 31 166 118 55 8 39 22 157 169 179 82 26 88 82 36 164 155 186 129 56 175 34 87 
155 11 15 164 45 69 78 80 20 190 195 13 81 17 195 170 153 27 6 120 175 60 73 157 46 121 65 88 122 150 35 84 102 69 11 191 158 30 86 89 25 144 95 157 200 73 2 148 196 166 99 105 141 191 51 137 189 142 98 49 197 19 118 92 66 103 181 157 103 97 46 162 125 132 98 96 13 192 141 109 90 118 50 197 145 54 188 94 134 179 108 156 13 120 125 133 184 3 182 124 
135 141 41 120 17 151 126 29 168 121 191 127 17 71 49 40 21 195 95 5 138 153 77 81 105 73 158 74 125 3 164 100 54 159 3 146 72 174 131 167 53 47 40 100 53 164 121 8 20 41 53 187 40 147 181 168 175 85 192 135 26 193 89 146 19 101 94 153 64 48 166 24 165 63 80 40 17 49 84 13 166 101 132 102 11 171 77 11 33 195 116 67 115 88 51 66 46 55 149 77 
88 126 62 1 188 176 168 109 24 64 173 171 107 26 190 97 111 109 10 46 82 29 5 51 67 161 68 92 108 133 141 67 27 167 18 63 42 147 118 101 43 68 186 67 181 49 165 57 3 47 173 9 13 130 13 97 2 74 112 58 171 72 11 175 62 60 95 62 147 68 4 81 90 2 133 115 23 91 169 62 19 98 31 74 90 123 12 2 101 100 159 127 145 45 99 16 92 131 68 164 
28 186 161 170 141 135 109 114 178 105 66 92 102 179 102 129 56 60 55 109 143 85 41 130 104 23 109 109 14 135 84 179 26 15 141 112 59 56 118 195 135 115 24 99 43 27 98 94 63 177 74 149 96 163 167 54 130 182 37 196 164 57 114 171 182 179 149 181 10 184 95 130 33 39 129 31 106 47 171 79 148 104 154 165 32 54 56 37 194 167 52 190 25 84 135 72 15 69 130 178 
138 181 8 57 177 151 35 149 198 53 88 142 99 92 93 81 77 39 98 169 60 183 92 178 163 40 155 53 51 70 111 37 181 127 148 80 41 22 181 79 149 65 89 88 163 110 49 31 104 153 147 109 140 27 50 99 137 108 65 16 183 25 90 39 47 4 197 176 10 51 39 164 142 123 176 74 28 20 24 113 115 162 155 106 103 120 59 138 142 48 140 183 14 82 60 117 39 198 131 181 
181 36 53 54 74 23 3 1 49 46 82 44 129 160 62 98 89 122 43 7 20 122 38 71 1 55 120 166 89 173 192 85 88 56 81 182 90 115 154 102 104 98 176 28 164 73 148 76 69 61 127 135 7 76 84 150 173 153 167 80 129 37 89 151 134 160 77 111 69 39 119 57 97 107 5 27 83 180 161 28 184 198 164 36 41 150 12 159 22 195 85 44 168 66 44 144 102 143 9 89 
32 91 194 137 25 24 180 120 95 165 172 155 147 161 3 85 181 100 46 195 51 195 163 90 91 105 92 84 177 15 169 189 80 79 94 122 161 66 63 151 177 190 103 25 18 9 58 190 2 195 95 92 94 104 118 119 25 165 39 18 150 66 67 140 16 194 195 117 139 127 128 28 16 174 103 138 54 113 32 91 23 200 166 78 51 128 63 156 107 116 193 183 127 184 47 25 109 64 5 14 
160 3 168 42 183 110 28 71 178 86 174 68 139 134 94 130 63 131 59 150 11 148 90 57 179 31 162 190 51 116 170 189 150 101 188 63 32 7 38 147 153 183 191 34 94 145 55 23 73 116 72 20 182 24 190 37 2 140 100 11 175 17 17 27 71 130 2 124 118 129 154 90 175 199 187 156 161 102 3 104 165 196 81 190 51 83 19 200 60 21 70 166 141 168 128 155 89 157 134 99 
20 63 80 90 6 4 147 8 99 67 121 13 167 35 75 194 79 26 145 104 155 6 46 69 196 7 69 156 120 135 37 156 188 63 78 20 56 7 7 123 173 11 162 22 3 177 198 9 17 10 16 171 192 106 121 48 191 182 155 3 98 154 35 1 62 100 24 34 6 155 188 12 177 59 37 115 87 170 65 133 167 142 25 79 52 126 107 118 10 118 24 127 126 142 6 164 163 188 168 170 
75 121 125 139 4 13 56 118 34 21 43 57 191 11 12 133 191 156 110 126 196 74 83 22 75 67 161 116 190 3 45 34 169 93 17 102 83 109 184 29 28 24 155 42 125 138 158 140 178 55 31 152 147 140 158 14 42 19 140 24 13 161 63 63 98 104 127 83 149 63 193 99 34 140 73 37 108 41 113 23 188 3 36 130 109 143 37 99 151 93 192 159 106 174 184 97 100 18 123 38 
167 86 139 53 118 162 30 39 192 72 127 29 79 43 126 53 53 19 28 98 80 61 25 133 73 187 198 28 128 112 124 91 100 118 15 148 155 16 152 170 9 144 5 121 159 183 94 74 54 39 67 57 133 25 99 66 171 66 1 40 49 52 54 68 56 117 100 195 16 57 194 9 21 22 80 147 94 172 55 181 100 173 23 18 199 6 13 84 192 193 78 83 32 59 15 47 164 144 153 120 
193 29 135 21 14 57 48 13 57 130 130 42 96 70 76 117 195 126 130 150 115 8 46 24 65 5 99 166 74 188 193 160 185 168 101 115 100 67 72 51 128 162 13 158 128 189 184 21 162 173 89 77 103 55 168 22 184 163 194 87 148 36 140 190 4 178 40 150 114 101 28 160 36 50 190 143 152 80 161 16 159 26 69 28 124 110 70 9 129 3 171 115 46 53 156 143 109 104 13 24 
91 111 146 106 81 151 183 4 5 167 155 81 112 71 32 127 38 74 85 9 50 42 67 91 32 162 148 18 57 21 105 106 80 133 161 68 134 174 96 132 5 12 149 27 5 74 84 48 118 77 124 93 186 189 174 74 87 85 88 158 71 47 194 180 72 200 116 166 151 195 121 3 97 197 89 200 32 137 114 141 3 38 43 39 170 172 10 149 113 17 47 52 130 160 118 3 24 159 147 125 
191 171 107 171 105 185 62 100 166 48 16 89 34 21 78 51 55 141 143 95 146 116 100 81 18 142 3 7 20 174 60 108 11 136 51 84 66 104 191 168 97 136 65 6 133 125 68 79 138 117 200 110 1 137 181 51 85 19 16 128 119 132 169 41 73 157 88 100 164 159 152 172 102 81 5 196 137 196 142 18 135 137 200 30 81 66 178 15 114 165 175 97 163 7 36 19 178 143 135 155 
198 113 53 149 189 88 40 157 72 103 188 7 188 125 153 108 112 47 91 110 183 30 100 165 66 191 45 155 22 78 181 174 121 85 26 184 181 137 64 89 27 12 169 48 86 116 67 17 198 53 97 9 74 118 193 51 16 199 190 22 90 14 33 131 85 164 142 73 92 68 194 196 84 84 112 124 99 39 80 165 10 160 3 167 144 124 113 95 195 108 54 12 56 104 9 163 35 178 131 95 
26 54 63 163 54 98 14 152 81 23 33 59 169 127 36 185 80 141 181 182 44 135 136 21 90 161 109 66 191 33 44 76 72 162 114 96 59 129 72 84 195 136 9 36 129 53 198 19 68 154 114 187 189 15 161 149 99 184 94 47 70 90 194 46 98 98 109 34 15 177 175 46 109 115 95 157 91 173 120 44 117 95 192 111 170 180 40 128 127 113 146 184 67 174 15 106 163 118 79 56 
198 153 161 134 173 180 91 166 198 83 159 187 198 61 163 133 84 179 200 139 91 142 159 59 197 110 140 32 1 161 178 88 167 15 197 100 144 39 6 53 181 82 50 80 165 161 150 87 118 9 149 170 74 60 28 175 192 135 139 28 37 165 47 96 57 26 6 96 176 95 45 191 32 27 109 170 85 48 192 108 68 16 154 150 25 9 187 39 133 188 7 54 26 80 32 189 185 113 44 122 
153 118 59 127 199 165 91 42 76 75 145 33 123 115 142 29 183 33 49 150 14 89 37 137 30 7 137 99 21 75 139 97 18 80 43 84 154 63 105 85 122 197 109 93 185 119 189 22 160 131 75 78 103 17 43 95 125 112 168 8 195 187 17 6 68 7 162 166 91 79 196 54 117 83 145 157 35 10 124 34 80 75 42 124 11 188 100 137 7 1 102 106 8 35 99 40 66 50 124 4 
172 73 122 89 163 33 187 42 139 11 112 123 40 123 200 177 141 84 116 160 164 186 178 92 111 103 167 104 94 5 5 198 186 159 25 33 136 188 186 121 151 63 97 126 33 5 62 111 185 192 74 200 96 181 159 56 131 93 194 27 121 73 88 156 63 67 143 80 83 141 42 90 51 88 106 48 64 141 79 168 26 38 55 32 179 76 178 135 185 79 103 58 88 88 22 15 143 136 81 99 
97 182 158 158 6 190 56 109 29 107 8 96 101 52 18 54 3 173 7 55 63 145 101 160 46 195 81 159 107 180 185 160 198 17 189 32 74 150 156 86 166 188 114 61 49 69 115 142 114 184 11 11 180 174 1 53 114 21 57 100 120 67 11 196 120 11 118 23 199 171 146 63 148 90 82 9 97 142 25 180 143 134 183 49 160 26 1 122 186 174 53 117 33 89 162 73 179 12 155 107 
130 41 32 6 59 91 77 92 197 192 162 100 157 173 168 67 166 153 180 172 144 40 160 151 156 95 176 116 135 89 85 1 173 35 90 63 130 12 59 140 129 55 119 23 175 113 72 181 120 42 186 13 193 118 26 36 124 119 94 79 132 53 90 88 121 43 75 46 57 166 141 9 152 115 67 107 200 56 116 102 179 62 128 158 128 172 14 1 38 11 35 121 137 23 190 182 119 54 27 56 
163 147 8 114 137 128 138 173 151 4 153 144 7 117 88 112 91 106 193 60 160 82 13 172 34 1 83 11 62 52 102 166 65 62 12 58 165 18 63 43 198 84 174 134 28 111 90 42 182 155 111 195 76 151 21 186 185 82 163 92 183 100 79 100 71 146 95 58 9 85 184 156 119 193 71 128 179 32 172 94 173 28 132 83 65 133 50 75 133 110 183 101 101 88 122 63 1 168 112 57 
77 123 20 60 168 104 24 32 57 196 1 116 155 73 57 106 179 141 118 143 5 141 35 66 16 34 23 182 116 112 35 189 9 93 143 133 114 94 30 58 76 159 36 58 2 85 184 54 176 157 73 115 169 3 33 51 70 59 41 36 60 172 127 198 96 101 126 180 146 113 10 67 23 173 193 188 192 52 24 65 37 22 21 9 130 60 102 133 183 13 26 189 72 79 40 46 174 68 135 80 
148 23 29 153 100 22 175 72 100 168 104 51 21 39 6 120 142 85 13 91 41 196 49 159 152 155 78 76 42 163 150 159 140 5 64 159 136 61 29 55 129 105 155 75 165 53 167 79 115 141 87 135 80 103 88 174 89 57 103 156 200 18 118 52 128 101 141 197 127 135 100 103 4 126 23 45 189 140 30 83 95 19 19 117 83 45 60 9 50 3 11 85 158 98 31 163 74 103 130 9 
74 54 113 72 29 156 164 122 104 110 144 115 133 85 87 95 61 119 154 74 132 132 121 57 92 176 98 4 142 144 89 70 180 151 101 4 48 194 50 90 104 149 101 107 197 120 160 157 112 97 45 185 80 45 44 52 76 138 183 12 103 43 94 198 43 154 194 187 7 154 90 106 100 197 28 130 133 90 200 99 43 2 110 147 39 180 28 156 153 144 200 60 62 94 170 35 104 33 86 46 
114 38 20 60 190 148 82 183 71 151 174 156 99 60 117 168 101 154 169 132 74 106 78 184 178 32 155 194 47 42 124 193 60 161 126 147 108 17 170 6 84 121 5 164 139 8 22 178 91 8 61 131 173 104 134 34 5 132 14 15 66 86 76 168 165 36 128 33 175 92 39 12 81 132 38 123 157 181 108 49 36 54 139 70 42 90 163 53 125 40 62 26 59 190 194 132 160 12 175 41 
142 194 25 100 35 132 199 21 120 124 59 139 183 150 20 26 151 188 13 136 15 21 28 165 193 90 65 161 113 177 24 116 184 57 26 98 30 130 156 16 113 185 57 172 81 112 200 147 145 135 138 60 159 32 178 147 125 192 45 158 168 51 197 116 58 110 34 66 95 62 115 28 62 88 70 67 41 173 15 99 180 121 197 129 148 117 81 119 43 69 43 63 39 198 152 98 151 71 160 146 
56 117 80 114 101 198 127 48 75 24 23 66 2 182 180 140 20 81 38 25 191 47 139 45 124 141 163 20 24 181 175 166 138 103 49 108 135 139 186 2 82 20 185 2 147 45 183 83 163 120 171 77 104 184 11 9 74 55 4 150 150 23 9 88 58 94 3 73 104 115 43 179 55 29 106 151 154 184 144 124 6 93 160 5 198 16 196 52 154 83 15 31 79 142 18 139 135 14 163 13 
119 73 55 94 166 56 85 80 64 143 162 91 125 21 28 52 38 13 160 84 44 35 5 199 8 14 24 183 55 125 53 165 104 127 137 81 99 198 18 24 22 86 138 197 139 139 177 47 17 3 73 122 141 114 48 88 33 30 12 161 31 136 130 162 164 75 78 144 123 183 122 2 152 197 153 196 87 114 96 169 105 94 27 44 71 174 60 144 71 97 160 147 156 50 175 48 195 103 80 92 
51 114 59 195 102 87 54 156 131 108 100 114 112 64 112 177 147 103 157 108 167 107 77 134 108 34 114 91 141 139 181 199 99 168 22 60 67 98 54 69 179 29 176 4 158 114 94 132 199 178 47 17 133 67 193 196 161 20 12 95 148 134 118 33 23 49 104 76 87 179 89 167 84 171 13 160 96 44 52 68 21 91 151 158 35 15 98 82 154 22 104 37 157 187 105 111 64 112 155 172 
174 111 183 172 70 90 101 98 6 119 24 29 40 18 74 185 34 149 21 58 26 169 69 32 18 27 32 125 79 99 171 45 169 174 185 130 95 82 85 145 35 165 115 106 60 47 35 136 6 90 119 199 105 197 166 21 48 3 200 176 120 122 39 10 138 181 7 127 172 85 70 101 3 38 180 144 132 73 172 176 65 90 102 2 121 67 161 126 171 40 36 148 18 138 101 27 43 107 78 198 
68 37 18 29 167 172 53 2 184 55 167 26 32 142 199 110 107 130 25 29 175 76 51 95 131 107 78 9 80 135 97 37 134 102 26 62 9 8 25 181 178 141 34 78 19 95 90 199 46 35 43 184 26 69 75 6 25 38 15 142 17 137 179 68 116 98 117 89 127 141 173 153 145 129 1 127 18 154 149 155 114 49 85 169 38 14 146 176 65 59 94 113 99 80 135 73 73 122 186 135 
101 56 74 83 178 72 124 48 2 114 102 110 142 25 42 30 144 4 194 83 98 174 195 194 36 166 117 65 45 152 123 183 12 196 165 179 90 172 17 86 78 146 134 75 92 114 75 173 77 9 22 55 22 110 74 158 32 183 32 29 187 163 98 29 42 186 21 180 138 115 12 42 180 45 14 86 130 63 141 81 139 160 168 158 156 20 81 191 177 96 193 64 107 53 188 79 175 85 186 15 
193 174 16 160 48 137 174 33 194 117 192 59 161 63 136 56 104 154 67 105 30 102 24 44 116 71 65 118 174 40 184 3 97 111 121 192 16 166 137 12 75 17 168 180 164 112 107 86 152 100 59 185 59 94 90 8 179 25 91 93 164 62 114 17 27 173 88 50 100 86 59 175 51 99 137 183 107 51 34 76 1 61 76 162 103 116 11 47 198 175 89 145 164 59 39 28 139 162 192 5 
199 161 160 91 148 142 179 188 36 178 53 10 31 147 117 198 85 75 122 195 92 27 47 4 33 133 49 194 194 158 76 186 32 143 8 63 26 147 145 113 156 70 35 78 45 30 120 172 162 65 112 21 27 45 77 96 64 156 4 148 92 123 11 24 18 162 71 80 120 31 142 85 192 55 11 124 128 55 154 69 6 131 130 81 186 190 187 145 56 166 158 154 38 14 113 54 41 45 29 84 
30 20 130 95 94 60 188 132 108 94 111 187 116 122 10 158 54 93 170 94 117 173 159 62 44 58 19 111 97 119 65 114 123 54 21 192 85 95 148 93 128 15 56 117 69 17 70 119 4 70 27 146 71 143 62 129 132 87 41 65 99 69 142 155 49 142 61 122 177 130 149 32 185 189 129 69 21 186 79 117 3 14 149 194 26 28 142 139 167 137 39 69 134 175 139 134 17 200 68 53 
62 154 175 91 74 85 131 119 171 175 141 12 34 111 1 82 181 125 127 181 147 162 74 161 172 79 15 82 77 127 184 105 145 167 165 100 74 87 114 94 63 145 157 161 83 56 95 184 5 110 145 149 143 60 30 75 64 149 171 118 109 1 162 157 26 190 33 42 78 197 164 51 64 146 67 98 41 154 195 53 200 80 131 130 145 110 128 55 192 77 99 155 184 46 167 195 73 114 163 194 
135 1 156 167 70 90 47 46 198 113 69 126 4 105 173 82 67 26 76 58 152 132 66 177 52 29 37 180 1 51 197 91 67 158 137 25 155 191 89 55 185 175 124 74 159 200 73 95 102 133 76 1 102 142 192 200 58 38 51 141 35 168 9 183 70 4 79 13 153 65 117 52 146 35 44 181 81 61 74 137 84 143 135 119 62 76 140 170 27 141 194 17 107 171 111 7 111 33 132 75 
40 19 177 79 27 173 28 66 84 59 86 73 24 112 174 151 172 36 121 8 83 12 171 93 93 61 77 151 126 75 195 96 118 40 36 47 4 118 165 88 82 98 45 109 80 148 185 198 75 66 23 43 87 147 167 35 69 24 131 77 100 173 135 17 137 20 10 198 24 21 169 66 197 108 72 161 150 132 107 121 46 170 4 52 94 172 143 181 162 159 26 104 167 179 123 102 28 144 22 169 
144 54 54 32 74 95 52 61 33 60 152 129 65 166 48 83 10 65 92 173 21 81 21 4 166 80 123 141 106 118 93 129 107 133 141 197 194 190 46 191 75 171 80 193 7 148 64 5 90 71 74 38 184 44 180 168 158 94 116 101 93 27 116 118 57 29 54 84 146 67 116 135 28 8 194 72 166 106 38 134 29 36 35 57 19 79 114 126 26 107 85 153 108 46 124 189 147 48 132 186 
81 13 137 185 119 107 122 122 52 121 98 39 144 105 113 121 20 159 13 195 111 154 39 69 6 102 15 115 163 96 93 187 37 62 155 85 193 49 153 54 194 148 44 5 28 33 6 89 3 184 18 160 160 55 115 153 67 4 143 82 81 25 109 179 164 184 37 133 116 14 104 56 20 11 19 9 88 138 95 49 61 130 60 59 154 150 48 1 9 27 16 55 167 176 153 145 23 167 146 46 
73 73 6 189 195 71 179 4 119 140 6 145 80 141 81 158 70 117 167 43 19 35 123 42 128 184 38 186 168 188 125 83 119 176 58 170 151 169 31 34 7 122 75 9 144 5 133 132 102 77 95 98 103 54 142 105 20 78 123 191 136 188 167 145 197 29 110 160 48 85 125 10 135 39 146 173 163 186 15 62 18 199 23 23 137 145 175 103 19 175 68 85 147 147 29 103 143 134 65 142 
45 116 136 99 178 24 26 54 199 103 189 131 71 47 83 144 82 65 101 131 13 171 154 67 51 161 54 176 71 197 119 66 89 165 37 199 73 116 125 14 20 158 189 142 195 178 79 69 63 167 182 88 13 172 46 160 183 6 54 61 17 2 59 59 86 55 35 11 181 199 96 135 115 65 154 181 163 181 60 160 200 117 138 28 91 197 24 73 67 29 81 51 158 33 70 172 136 146 109 193 
74 89 98 105 29 140 195 2 138 181 116 159 120 121 45 53 51 48 55 159 42 85 159 157 49 187 19 98 105 156 50 85 143 13 38 183 143 75 114 119 80 43 131 21 12 181 122 163 74 2 189 157 91 51 62 122 114 156 38 153 145 123 141 76 89 30 157 71 157 7 181 117 39 73 95 124 32 41 8 82 86 132 178 48 63 145 172 79 198 45 76 168 140 86 6 195 154 14 66 166 
121 5 191 91 31 152 125 191 138 38 148 70 5 106 151 193 161 164 28 78 130 198 41 98 53 117 168 106 56 100 174 100 61 32 170 50 163 69 23 195 149 90 174 75 195 124 14 35 93 127 32 61 27 70 125 157 132 36 6 95 104 125 143 8 79 9 12 49 98 66 39 157 140 193 19 26 182 52 30 4 186 39 95 183 50 139 2 50 14 16 129 139 61 130 155 136 20 74 20 17 
148 89 52 138 43 153 111 86 8 5 87 80 143 115 78 95 14 22 171 80 196 130 74 181 49 32 34 149 200 143 64 149 43 78 190 115 96 41 105 86 159 121 177 89 81 129 140 197 59 84 64 166 145 107 1 150 21 71 128 58 132 89 107 18 161 178 8 125 182 65 39 175 99 2 94 54 62 54 140 61 131 22 141 133 183 196 59 140 130 85 134 136 35 124 163 68 115 34 107 92 
59 178 107 151 86 38 92 106 196 12 109 154 167 151 182 119 8 40 134 141 60 141 187 8 46 92 188 101 189 51 54 90 8 96 64 148 112 13 48 113 114 107 77 13 27 109 96 39 138 176 172 136 28 146 82 21 73 77 169 108 115 61 105 170 139 59 5 170 157 30 135 197 8 31 13 35 106 83 66 118 43 152 17 108 175 118 29 30 66 55 28 198 7 125 146 197 65 136 112 38 
128 185 81 75 51 105 25 188 195 184 5 103 134 107 115 4 28 80 159 76 119 126 193 77 138 133 27 140 57 34 157 131 157 191 61 16 171 91 58 188 44 87 186 42 121 12 78 70 78 124 3 62 106 20 168 22 137 167 150 49 123 103 199 166 189 200 82 54 118 66 52 148 41 59 61 24 41 42 59 51 108 66 157 141 117 173 9 64 114 160 102 117 28 134 3 90 177 4 154 166 
36 1 115 83 130 93 134 178 116 1 160 173 95 144 190 200 86 149 175 47 148 47 126 126 75 192 25 41 170 42 2 89 175 183 100 145 13 181 185 64 18 99 174 156 111 20 52 37 30 176 166 164 125 113 56 105 137 177 112 104 104 56 135 51 39 73 10 11 142 76 113 97 148 33 51 91 83 169 153 11 15 194 72 105 75 61 108 10 68 160 131 148 24 107 135 26 27 1 174 12 
12 79 176 121 18 110 193 160 173 141 184 11 90 81 91 13 98 47 66 182 160 169 81 176 38 109 30 111 176 173 104 23 123 111 200 166 37 33 23 11 132 34 9 120 2 134 156 1 187 86 33 65 34 93 97 14 135 195 131 14 24 200 162 67 35 148 34 73 51 112 19 157 93 144 46 149 94 185 158 70 163 30 111 8 128 59 142 111 3 12 149 85 147 130 14 19 141 53 59 16 
83 166 105 111 13 91 49 87 179 19 126 167 129 56 155 66 169 41 157 90 119 30 181 91 101 116 49 99 9 84 9 161 153 127 132 4 195 149 23 56 153 146 16 100 71 23 85 25 177 128 171 13 169 158 48 8 191 33 174 162 44 114 50 31 178 86 152 133 85 50 168 153 65 86 165 34 200 128 154 48 23 192 43 91 185 160 195 44 190 196 172 9 28 23 160 170 190 5 101 1 
185 174 67 179 69 199 31 155 60 193 99 15 54 59 24 137 56 155 64 129 63 56 106 122 199 108 194 71 123 152 96 80 133 124 129 19 128 109 190 180 19 112 29 85 2 111 78 9 95 50 128 83 156 41 157 133 62 120 45 90 42 52 1 150 70 164 192 122 127 9 181 40 161 187 114 18 175 21 165 16 131 147 7 39 42 108 48 51 108 101 87 4 6 40 90 54 48 115 128 31 
52 152 141 14 15 174 108 134 59 116 105 55 87 182 59 69 59 107 22 104 8 22 20 84 141 100 135 117 9 135 111 127 175 4 81 18 35 112 131 5 169 37 130 190 144 121 131 113 159 170 126 147 99 83 94 15 17 138 8 19 121 71 96 60 10 144 147 20 2 76 157 72 91 138 157 146 7 68 24 21 16 149 20 10 55 21 14 186 72 38 191 83 190 48 70 144 124 100 13 149 
91 80 63 155 165 107 107 52 12 119 98 95 192 123 195 200 5 70 67 67 187 161 167 84 83 181 184 161 87 32 126 126 14 155 181 93 115 79 55 140 163 108 29 86 5 177 8 86 140 149 44 181 144 184 158 182 51 156 14 72 63 157 94 109 108 110 61 97 26 145 197 115 1 180 123 63 112 40 119 153 187 156 132 100 130 79 153 10 170 34 41 26 141 185 29 165 184 50 132 95 
57 171 43 5 25 103 163 180 103 15 60 152 106 150 144 195 102 133 27 6 198 71 12 143 108 39 197 96 182 9 130 146 3 52 29 125 191 83 106 19 111 54 155 108 145 43 1 44 86 58 59 22 44 38 8 61 101 115 87 82 93 140 116 86 182 189 87 165 80 118 30 138 67 114 90 72 113 113 177 34 2 147 199 83 129 155 96 143 147 49 191 83 110 69 95 44 14 153 105 89 
156 85 169 60 143 181 6 1 55 124 21 155 66 31 11 11 177 182 135 1 139 176 99 6 54 43 8 11 171 8 95 65 93 198 116 32 97 53 12 64 96 61 100 109 78 183 73 198 175 23 160 74 139 158 58 95 174 106 66 55 81 186 3 96 128 17 113 130 130 133 139 163 187 186 86 178 20 186 90 36 36 107 184 21 80 91 101 33 76 92 43 127 21 166 72 120 46 40 147 192 
165 197 76 39 196 197 73 92 10 165 119 150 192 165 7 104 102 42 108 148 106 196 67 10 117 52 88 44 56 52 155 91 53 175 157 198 166 87 183 142 100 84 47 157 14 88 90 10 45 173 28 200 100 89 95 78 104 142 164 12 8 57 77 107 165 82 95 167 181 123 119 96 42 85 172 146 175 91 180 121 135 169 86 154 184 152 47 106 12 185 192 21 162 148 102 196 185 63 163 49 
65 173 65 153 96 111 141 174 180 42 64 25 53 122 88 37 97 90 14 108 12 161 70 123 48 37 169 89 179 29 50 51 68 130 31 65 187 185 115 22 69 176 63 21 34 167 161 150 89 107 101 48 178 63 91 99 63 114 9 149 107 101 90 69 40 178 67 107 137 16 61 159 21 121 92 194 194 88 10 28 117 102 56 80 10 35 113 157 16 128 182 133 53 21 141 161 90 88 117 154 
131 127 136 70 47 98 106 85 105 79 137 16 73 161 82 188 108 125 117 97 5 45 93 34 129 191 153 20 197 98 195 71 193 47 66 154 175 112 74 188 156 131 153 179 125 3 107 18 166 21 197 22 69 39 159 64 119 40 19 65 177 89 92 9 12 194 86 7 133 100 139 119 144 44 80 6 106 84 91 181 16 70 133 55 19 74 182 169 173 162 176 121 159 7 58 155 45 133 57 170 
151 56 135 48 152 156 99 199 82 44 82 186 55 59 103 41 178 40 152 156 187 64 121 80 132 151 141 77 155 27 30 105 130 198 93 61 159 177 19 58 164 70 98 87 200 85 138 179 65 86 184 200 110 103 103 77 142 105 26 129 91 129 71 90 77 105 96 123 133 150 157 178 177 152 106 42 162 167 71 3 20 178 125 153 41 74 163 34 75 157 136 22 169 123 83 111 186 187 123 145 
114 93 117 163 168 45 124 88 34 65 18 197 80 50 113 162 189 52 118 137 187 82 164 167 129 84 72 115 166 94 188 171 46 53 22 51 177 99 175 1 113 116 64 129 181 36 188 194 41 176 137 134 2 29 109 57 52 66 74 161 77 195 131 186 106 30 66 129 48 113 131 15 138 125 96 89 116 131 117 71 58 42 81 6 192 28 177 54 188 150 182 21 85 3 143 40 146 25 85 55 
104 94 160 85 27 111 99 6 47 11 11 70 26 82 136 89 74 3 140 120 145 38 143 192 30 162 130 63 119 62 190 156 43 100 39 51 45 70 169 106 39 74 117 84 146 146 162 199 9 167 145 3 197 150 176 116 168 94 111 142 193 50 12 195 103 13 88 27 45 89 41 68 118 92 2 23 154 35 20 42 190 56 61 117 116 62 98 43 1 163 199 183 56 2 59 124 43 142 126 150 
86 83 96 51 177 130 10 149 45 140 39 117 192 145 45 97 160 113 47 38 50 130 76 92 92 19 73 147 148 30 86 49 182 151 86 63 34 156 38 153 97 176 106 139 133 87 105 99 110 81 82 103 60 65 147 145 7 159 103 55 57 45 43 90 59 102 110 33 178 198 177 5 29 112 131 61 53 21 7 63 114 151 62 138 77 141 41 60 133 18 7 192 64 159 168 94 65 68 140 147 
141 198 43 30 3 144 65 178 179 105 76 16 93 164 144 44 94 42 182 192 189 68 70 132 29 67 86 126 158 86 114 195 162 71 9 9 127 8 143 61 114 107 188 93 24 42 135 78 168 165 40 110 115 1 183 70 113 142 81 66 77 21 161 133 117 49 195 128 124 169 68 199 59 107 170 44 47 118 95 31 93 33 128 120 148 179 67 178 112 194 96 6 69 196 114 8 43 6 8 159 
81 7 13 130 134 50 95 178 166 69 65 89 142 150 45 155 82 91 54 141 131 29 108 87 47 80 188 11 184 191 195 65 83 137 134 98 80 145 105 50 138 164 25 53 5 3 163 168 99 122 64 134 103 175 45 68 65 32 41 126 127 64 97 144 36 186 108 22 130 188 32 31 5 66 133 159 38 168 186 80 39 67 22 24 113 170 30 39 109 4 151 163 8 199 194 180 171 57 133 191 
22 133 103 188 167 1 50 194 89 137 121 157 8 3 119 137 41 93 165 9 30 69 18 12 197 26 39 46 37 160 53 163 163 142 113 115 60 5 14 179 181 55 60 71 110 97 195 117 147 150 157 123 23 173 95 133 41 132 155 86 101 174 29 161 112 151 200 54 195 75 92 79 77 119 39 142 75 126 66 100 186 163 162 32 64 29 179 95 34 68 75 36 93 141 42 107 57 193 67 82 
55 153 16 41 41 121 153 176 132 103 197 87 54 68 197 152 119 153 47 29 58 115 56 158 200 96 76 60 136 152 96 68 87 33 75 160 190 47 34 190 3 5 154 106 29 100 154 40 162 150 154 47 19 61 112 173 76 179 114 119 167 124 63 122 166 193 112 188 9 92 191 176 200 90 24 17 2 67 128 53 71 61 65 163 30 178 48 51 174 149 35 45 47 38 177 109 129 47 125 189 
75 124 86 80 39 7 86 121 137 7 80 85 101 72 125 18 104 140 51 189 50 80 24 150 156 22 26 96 149 153 58 24 136 190 135 185 111 179 109 108 197 183 135 199 20 81 103 34 126 97 118 102 148 66 81 19 138 125 119 21 31 160 188 162 54 138 96 20 130 175 67 168 77 198 51 117 26 9 29 188 56 189 113 185 164 182 85 30 193 177 52 164 114 12 132 111 57 156 158 24 
92 197 182 176 127 169 19 175 47 129 79 55 82 77 116 14 118 175 151 180 144 79 113 167 39 116 69 88 190 87 35 10 123 70 29 47 118 82 133 58 113 137 157 158 43 118 84 92 183 64 181 7 41 130 190 39 41 169 104 66 109 177 125 177 35 92 94 102 1 91 63 19 97 133 160 182 95 95 133 26 67 180 10 192 40 90 30 131 180 188 14 157 162 86 1 37 79 69 9 18 
111 193 10 78 68 146 196 150 4 92 57 56 161 99 4 147 111 71 21 93 18 142 127 105 178 159 80 7 79 73 164 79 92 80 105 14 126 65 179 106 158 74 67 111 140 149 178 138 173 168 128 134 167 8 63 151 113 51 132 189 197 66 87 189 198 191 23 25 193 68 98 167 71 145 106 36 15 115 8 32 185 173 29 47 184 119 151 96 157 154 176 101 163 53 145 21 95 177 191 152 
7 101 63 187 72 47 198 184 148 14 10 151 116 146 119 18 75 116 59 27 178 92 93 28 88 135 193 11 192 85 11 59 174 145 163 90 44 16 37 46 86 164 102 185 114 181 20 129 127 1 74 200 66 60 50 98 102 195 65 158 152 162 63 176 114 43 10 135 189 75 73 142 140 53 57 146 30 5 200 18 175 51 150 183 10 135 135 12 177 72 152 165 169 152 32 182 85 9 95 77 
178 103 63 123 154 85 90 97 111 167 107 90 86 93 6 48 181 142 38 171 147 121 191 155 115 29 151 193 137 187 88 159 43 176 161 94 162 75 82 20 106 146 114 131 76 197 54 186 177 195 102 191 149 195 24 161 122 77 89 185 43 132 18 55 153 134 65 98 158 157 44 162 69 42 36 197 47 85 53 80 149 36 14 21 75 41 168 75 196 144 85 28 103 33 4 85 70 89 46 166 
27 194 10 120 51 169 69 111 169 110 117 60 172 71 119 167 151 179 4 165 113 80 90 71 64 168 59 56 132 145 139 93 141 107 25 147 145 62 25 183 72 122 190 80 198 80 108 199 80 47 129 55 157 106 107 3 179 90 132 72 13 44 106 69 163 39 160 24 185 55 47 59 97 29 121 152 81 153 151 181 143 155 117 158 155 47 18 118 73 139 138 10 80 100 84 131 178 117 163 123 
97 76 4 134 173 114 150 10 15 185 159 66 84 34 178 88 180 89 6 128 195 142 132 100 113 76 41 127 72 48 158 120 34 190 139 33 159 187 76 176 158 29 89 73 59 19 150 75 127 174 76 159 68 166 46 42 170 2 126 83 7 192 53 32 195 130 146 3 34 47 165 68 16 69 171 142 13 101 88 188 191 54 108 32 186 85 28 162 119 88 54 70 80 33 28 7 150 140 126 62 
184 17 86 79 118 31 50 67 125 164 109 62 114 96 167 70 90 94 63 108 55 175 171 187 84 165 35 71 188 3 125 42 110 179 133 130 84 50 151 169 31 15 49 152 171 145 153 139 57 51 138 181 177 83 143 132 57 143 121 26 17 173 101 160 157 123 26 126 83 176 158 1 39 38 2 185 189 179 4 99 57 171 157 127 132 61 181 66 61 147 20 12 159 197 99 27 34 141 172 10 
82 136 33 26 162 163 73 15 118 123 100 130 110 147 180 168 97 108 47 52 39 118 36 86 65 70 118 127 95 95 146 2 78 44 84 142 105 79 38 180 31 174 72 152 177 61 8 143 101 30 145 185 104 41 134 131 105 99 88 142 138 107 80 91 29 96 77 63 136 42 74 76 6 37 189 17 54 84 178 42 176 1 33 133 10 200 136 101 195 143 89 142 96 90 37 104 136 56 116 190 
72 121 144 195 126 108 103 106 94 84 15 12 124 73 37 177 75 41 44 24 57 38 7 143 162 75 157 179 97 131 48 60 150 150 12 118 21 152 65 57 113 122 41 186 174 42 152 77 167 44 70 14 44 65 170 140 5 139 11 151 42 137 103 152 128 110 6 169 169 87 194 185 14 104 53 94 46 43 193 48 27 63 192 152 56 26 121 164 161 145 173 145 173 135 46 173 78 163 14 80 
27 23 27 189 149 77 159 166 20 103 80 180 52 128 53 152 91 102 186 89 123 97 8 53 31 193 120 169 49 1 153 120 195 179 54 154 48 156 51 37 69 42 38 88 46 170 24 77 104 175 44 152 140 19 36 146 26 1 76 126 122 133 177 192 91 154 55 194 14 179 172 63 182 86 9 78 3 38 28 159 160 128 128 93 136 82 92 86 1 135 198 125 117 93 119 132 167 57 154 26 
25 189 198 179 52 38 134 42 105 200 154 54 190 14 132 109 41 102 57 46 46 27 36 49 63 82 140 2 168 108 95 147 6 200 103 7 172 196 9 57 106 173 99 14 102 67 3 107 161 87 161 122 80 43 161 91 140 86 116 15 188 195 13 114 129 174 125 179 120 132 199 57 102 49 159 164 70 94 173 96 125 129 4 67 35 125 184 25 79 178 113 156 54 24 167 196 116 169 172 15 
84 70 72 32 178 98 194 50 171 106 72 103 33 152 35 161 174 18 84 170 35 52 195 185 36 140 98 19 84 66 106 143 151 154 18 48 24 124 190 138 87 15 35 29 112 168 24 81 185 82 9 75 12 95 99 149 100 137 67 168 194 36 13 85 17 156 12 10 199 47 169 191 11 91 164 87 75 100 196 109 35 70 12 66 111 131 159 169 157 98 43 79 151 161 166 63 103 50 12 171 
123 176 43 66 112 39 132 183 74 43 109 35 157 143 72 131 144 170 124 170 77 192 187 57 144 154 199 122 37 83 23 18 77 191 137 8 27 196 121 14 66 146 89 53 127 156 74 138 169 5 62 181 66 9 34 42 181 62 84 154 88 25 181 20 72 64 15 26 4 59 169 142 43 15 43 111 27 5 80 175 117 144 97 13 135 192 63 11 198 106 19 170 123 200 36 127 19 71 19 116 
150 13 25 176 11 197 133 200 154 142 127 140 96 38 55 182 138 196 142 200 153 177 77 163 43 18 9 175 60 145 18 45 16 71 182 147 4 149 53 37 191 37 94 33 125 10 7 64 124 67 28 197 85 181 34 22 68 62 19 16 190 192 119 17 122 76 14 148 46 57 148 142 10 188 30 14 142 143 86 156 46 158 23 200 109 4 131 36 195 159 71 162 54 56 45 94 101 31 40 177 
130 141 37 126 32 106 135 154 136 184 166 170 49 174 101 73 126 199 114 49 70 86 108 153 170 62 2 23 74 3 75 85 154 63 161 72 136 86 58 198 67 135 22 95 33 51 154 175 87 35 154 130 157 98 185 181 176 32 106 11 9 66 37 146 126 119 181 73 42 78 49 75 175 71 162 173 190 134 134 29 4 195 162 94 106 193 139 171 4 182 113 153 33 126 38 151 82 47 124 155 
