50 6
0
1
1 57 35 197
2 104 26 156
3 107 122 107
4 124 159 442
5 142 178 498
6 148 157 776
7 172 161 816
8 198 57 198
9 290 41 372
10 310 73 456
11 317 190 1457
12 333 101 737
13 352 184 -16
14 395 117 629
15 399 117 1335
16 434 67 300
17 448 73 1032
18 485 165 1805
19 486 191 104
20 519 21 519
21 549 38 625
22 554 177 1262
23 592 24 688
24 636 46 912
25 651 163 325
26 721 189 1855
27 800 40 960
28 856 110 1296
29 876 79 1192
30 895 198 2479
31 912 71 1480
32 915 91 1643
33 941 7 997
34 948 28 1172
35 952 177 2014
36 995 150 2195
37 1006 54 1438
38 1028 19 1180
39 1093 2 1109
40 1178 102 1790
41 1244 84 1580
42 1344 9 1398
43 1414 66 1810
44 1443 9 1443
45 1444 51 1648
46 1524 135 1524
47 1544 138 2372
48 1593 3 1605
49 1606 198 1210
50 1628 89 1628
21 142 44 165 20 63 140 121 165 174 15 114 45 124 50 50 197 185 42 45 145 39 108 70 75 43 120 191 112 5 42 168 17 42 66 106 114 167 22 132 13 141 171 186 157 96 61 19 64 101 
57 185 2 175 76 127 7 100 68 58 158 68 128 167 174 152 104 58 87 36 147 160 173 182 7 108 13 45 40 161 178 15 185 95 153 33 37 5 46 12 76 1 153 161 140 14 27 6 169 129 
130 38 51 136 128 145 86 17 178 116 166 161 53 89 132 110 107 165 64 83 161 58 85 41 129 119 160 15 129 1 41 59 100 198 88 49 184 139 189 196 21 116 152 26 198 159 173 117 158 74 
22 23 10 63 185 35 26 86 116 192 188 178 78 190 197 7 136 75 34 46 91 147 55 192 77 105 158 145 138 89 185 45 35 93 84 148 20 12 62 56 162 80 111 100 93 43 85 93 103 49 
106 148 19 57 121 115 144 25 53 195 62 198 190 32 45 56 166 29 64 86 116 34 55 49 200 1 137 183 146 81 153 98 8 67 16 39 102 47 59 109 147 182 186 116 52 123 23 123 194 199 
179 121 86 49 160 60 126 64 174 199 1 152 55 38 167 109 141 26 199 142 185 63 135 112 72 12 21 161 117 123 47 104 186 77 45 72 163 73 165 75 91 18 33 46 145 159 90 164 76 108 
36 190 100 25 16 179 154 85 164 77 64 100 170 100 54 81 38 13 197 22 173 37 46 188 18 151 45 100 58 76 29 191 175 90 42 94 188 84 13 185 90 128 35 4 76 78 70 193 18 188 
38 40 7 39 75 108 15 140 151 29 156 23 148 76 36 94 138 109 56 15 79 55 129 97 32 123 8 48 141 126 1 121 69 27 65 80 15 46 61 72 61 56 185 8 116 19 153 135 46 171 
152 133 97 144 30 144 109 56 92 89 114 143 98 4 131 99 99 75 188 96 38 2 64 147 172 168 54 49 144 101 55 97 47 177 177 115 61 142 143 60 43 47 5 76 64 84 188 86 24 94 
78 172 192 77 147 129 150 1 18 25 199 105 162 164 132 101 71 154 173 64 77 52 129 15 120 159 161 123 9 196 194 151 38 60 104 87 148 123 11 110 81 51 17 99 191 198 146 21 145 165 
54 130 41 64 36 49 57 15 193 182 87 134 16 9 63 136 129 86 183 167 160 18 15 182 150 105 110 124 48 102 176 117 154 147 25 119 30 57 193 130 54 113 131 178 25 196 11 175 15 109 
141 43 67 36 48 103 79 15 179 20 28 3 170 126 199 60 23 128 93 77 115 133 114 120 182 163 11 104 18 63 33 78 109 102 124 65 1 20 108 18 197 119 89 77 181 128 195 98 65 177 
88 52 160 198 159 181 3 195 44 178 174 54 78 83 141 56 108 174 149 83 101 177 182 32 8 88 93 158 160 18 198 37 27 148 41 156 88 58 16 151 14 183 168 95 110 77 68 55 182 121 
94 44 161 122 93 63 118 99 40 135 1 39 54 200 179 106 150 13 29 189 156 84 153 58 6 46 11 144 93 140 64 186 189 151 94 118 164 188 12 138 114 167 109 167 52 160 107 165 27 61 
134 173 57 105 90 51 97 149 186 142 49 37 141 178 79 91 78 102 62 102 79 119 29 62 186 182 65 53 13 105 22 21 113 121 131 3 42 152 137 179 85 150 116 152 179 62 85 76 27 154 
136 102 162 90 13 135 145 25 129 13 106 100 146 154 100 183 122 19 41 59 122 44 178 133 36 7 176 163 117 4 61 25 72 71 81 19 183 104 111 32 172 1 28 11 82 87 137 146 115 105 
4 69 179 43 123 22 165 40 169 158 163 69 8 22 74 69 148 17 48 11 27 90 200 136 73 46 40 12 48 132 67 65 13 145 155 11 185 144 101 33 173 99 192 33 200 146 26 166 192 92 
111 121 20 82 67 151 81 32 93 98 139 199 85 63 42 64 156 191 159 24 79 142 28 141 29 29 161 122 66 38 118 138 153 34 11 10 66 140 140 155 74 93 193 49 145 91 1 107 42 60 
125 86 119 16 57 113 77 128 67 4 104 68 72 42 192 11 23 176 71 96 106 119 19 98 134 137 81 142 2 34 26 118 56 174 85 9 187 186 6 71 111 188 95 145 106 9 110 19 94 48 
181 43 135 62 185 57 16 14 18 129 180 106 46 194 30 42 1 118 197 139 99 51 140 124 172 64 51 21 13 73 97 114 163 88 40 60 40 126 52 117 174 121 22 113 34 170 43 180 6 100 
186 138 7 79 10 164 94 117 146 27 33 143 152 86 21 163 171 193 68 199 172 118 156 84 151 23 83 200 51 129 72 5 64 167 114 3 88 78 49 172 54 193 27 189 179 108 24 36 148 38 
145 143 61 112 30 12 42 152 86 119 136 15 162 162 105 19 35 102 90 160 88 53 77 103 130 49 38 129 39 89 14 153 37 90 70 78 102 95 197 106 10 94 170 109 171 173 147 42 190 92 
4 146 75 41 195 64 175 81 41 73 25 122 78 19 118 131 69 112 20 7 2 53 17 76 76 26 12 88 109 77 132 23 105 145 164 169 145 85 57 131 47 19 160 70 50 87 53 151 94 175 
160 167 22 152 75 13 59 131 189 113 71 51 71 40 175 178 136 90 77 78 183 75 75 74 84 50 163 166 194 130 20 149 152 83 10 118 79 163 97 145 31 160 47 74 38 69 85 54 64 149 
116 69 71 65 140 30 127 13 63 151 131 94 197 189 70 79 47 126 95 86 10 35 17 68 50 96 147 138 60 109 32 109 3 135 19 29 111 191 158 162 177 21 189 70 111 16 77 128 87 191 
127 72 82 157 61 70 66 123 41 53 137 135 88 123 183 101 78 6 52 130 170 197 68 61 149 155 145 200 123 154 14 104 102 118 111 80 53 195 183 78 55 140 39 71 72 184 149 117 8 51 
111 121 137 116 165 75 86 88 12 135 34 101 97 77 135 176 109 141 64 56 58 154 163 175 145 25 61 95 85 53 115 151 81 126 2 135 174 71 164 64 137 193 119 168 67 9 29 158 96 189 
159 77 184 146 147 142 159 192 60 154 185 21 109 66 48 142 160 176 117 97 66 64 129 139 195 78 47 55 157 16 118 79 134 65 128 176 50 54 87 160 171 95 24 50 167 71 149 143 98 70 
5 51 65 139 39 12 17 188 182 168 41 8 102 111 133 130 97 41 136 74 10 29 185 58 180 129 27 134 80 141 149 28 33 7 139 86 156 83 116 19 38 178 123 166 172 159 122 137 18 97 
40 99 113 197 90 87 130 21 140 101 148 51 10 116 133 164 31 38 181 44 142 26 134 183 124 139 47 43 3 141 31 23 55 6 129 194 108 18 121 81 166 9 83 59 117 63 133 88 106 179 
117 175 77 79 68 11 119 64 19 148 189 78 100 157 189 85 89 117 19 52 193 178 126 52 50 21 109 14 199 13 26 153 68 144 175 75 136 192 93 71 53 110 65 14 108 139 62 8 138 18 
124 175 22 5 103 131 4 81 179 42 161 27 91 146 137 83 17 44 111 80 165 5 188 49 2 3 63 54 33 107 174 13 87 158 6 76 126 103 122 49 112 80 35 139 94 58 64 116 169 145 
8 158 86 38 135 26 184 102 152 4 13 160 132 154 90 160 171 142 192 86 183 40 121 62 181 48 128 185 100 200 24 173 25 41 125 173 12 97 168 43 128 157 173 40 74 166 31 111 120 131 
174 115 61 196 126 73 57 189 135 129 30 22 144 149 102 131 30 116 41 102 17 93 157 70 196 57 18 11 196 136 104 54 52 168 30 172 85 15 183 20 27 18 62 158 148 85 59 38 66 198 
106 146 71 112 84 86 133 102 90 130 52 115 105 45 9 124 113 132 24 41 128 28 157 152 22 47 199 36 52 83 181 23 145 45 15 175 77 145 130 158 99 191 170 125 135 108 68 48 119 73 
61 108 116 23 116 148 83 57 14 176 117 44 132 7 145 85 136 118 82 170 39 42 23 35 132 13 97 132 66 4 193 41 130 87 177 62 69 36 70 117 175 56 16 124 102 198 11 89 120 5 
141 149 192 84 20 120 134 183 85 128 113 138 102 134 105 161 14 119 112 25 165 98 28 55 59 52 185 117 169 13 168 77 73 17 115 111 64 20 69 67 149 177 188 55 6 136 83 134 35 120 
74 56 130 165 98 42 106 159 53 184 168 97 75 158 128 147 184 111 89 94 85 180 54 1 16 148 176 48 58 13 7 75 117 15 136 80 47 106 161 23 104 31 138 78 12 107 84 19 29 196 
125 183 173 163 97 185 151 148 11 40 72 110 56 55 138 115 174 175 184 67 46 163 73 76 78 106 132 188 107 107 15 63 147 96 17 183 27 37 186 192 91 5 143 14 30 159 122 84 73 114 
128 162 175 62 104 197 187 109 90 129 44 187 42 57 60 183 67 52 4 89 174 48 18 193 31 88 67 101 185 138 74 110 110 198 37 182 177 141 170 111 63 189 80 28 45 39 51 129 86 129 
27 14 141 88 9 77 149 1 29 99 178 93 104 104 183 22 168 18 80 29 28 64 159 70 75 159 194 78 140 83 41 41 129 165 154 50 195 181 193 98 186 125 31 161 91 5 131 19 153 24 
18 46 71 106 2 85 150 31 71 24 198 63 163 63 175 181 122 96 97 147 32 94 189 132 3 195 180 7 101 198 29 13 56 14 131 200 157 97 9 71 12 127 12 136 149 47 126 189 88 127 
191 141 113 25 164 47 45 14 193 200 6 30 199 129 53 16 96 156 184 82 66 193 81 127 48 155 167 158 20 135 69 142 73 37 7 59 162 37 111 197 147 96 39 63 21 1 137 124 70 166 
133 8 128 163 177 197 181 26 134 137 107 138 109 16 79 125 16 185 51 186 170 188 125 113 80 101 67 97 111 119 122 46 99 179 110 139 59 176 35 191 181 154 99 32 113 49 166 106 157 74 
149 52 61 62 3 112 72 166 43 29 176 115 26 61 45 93 35 162 7 73 91 138 190 22 175 134 151 198 9 16 20 51 181 185 107 97 89 18 74 35 45 97 74 162 178 198 159 47 57 160 
172 123 112 90 43 66 18 154 14 150 24 170 196 145 28 81 172 159 152 143 112 26 2 106 116 184 120 127 195 152 45 8 35 115 189 35 35 14 144 156 135 139 39 33 86 59 199 76 15 192 
91 90 116 58 37 40 117 153 30 81 88 37 173 95 67 50 93 183 168 37 100 128 198 41 75 184 129 95 144 66 160 28 94 135 194 71 99 177 117 38 137 169 9 180 169 74 42 5 5 94 
44 107 183 130 136 62 60 93 32 180 191 57 154 56 34 31 198 83 155 7 39 73 160 61 160 130 101 108 167 191 169 31 67 198 179 138 104 155 57 145 31 154 161 61 3 67 80 81 9 40 
122 28 167 102 99 128 73 54 131 82 172 51 77 169 186 81 36 119 44 57 156 4 130 65 125 156 171 72 54 181 199 162 14 40 199 68 172 9 198 93 8 29 74 195 38 118 38 156 77 6 
15 122 89 107 29 66 174 66 10 74 91 85 83 118 42 119 160 115 14 76 144 14 118 73 127 152 78 79 133 99 189 170 49 170 83 121 134 39 72 59 158 122 54 101 165 177 58 39 149 35 
23 2 170 68 179 31 88 84 70 34 103 176 95 179 76 63 8 39 146 73 39 83 146 179 37 115 12 14 58 100 18 193 177 14 69 150 2 98 72 199 117 156 119 126 132 196 29 26 161 108 
