125 6
0
1
1 80 28 248
2 136 38 364
3 152 154 -156
4 208 32 208
5 213 54 537
6 253 157 881
7 325 57 211
8 367 168 1039
9 438 41 684
10 510 27 672
11 519 30 759
12 537 168 201
13 698 16 730
14 700 85 1380
15 724 3 748
16 737 38 1041
17 774 53 880
18 850 182 1942
19 974 57 974
20 985 4 1017
21 1035 117 1035
22 1057 77 1365
23 1075 55 1405
24 1142 72 1574
25 1199 147 1199
26 1205 67 1339
27 1262 44 1262
28 1271 14 1271
29 1314 159 1632
30 1337 52 1545
31 1405 16 1533
32 1435 88 1435
33 1440 189 2952
34 1494 65 1624
35 1495 143 2067
36 1515 49 1515
37 1593 125 2593
38 1629 187 1255
39 1640 27 1856
40 1764 51 1764
41 1799 26 2007
42 1817 97 2399
43 1850 56 2074
44 1886 142 2170
45 1891 107 2747
46 1915 68 2459
47 1948 192 1564
48 1952 52 2368
49 1954 161 2920
50 1977 194 3141
51 2011 32 1947
52 2037 199 2435
53 2045 167 2713
54 2062 161 3028
55 2063 47 2439
56 2079 171 1737
57 2302 25 2352
58 2318 94 2318
59 2337 51 2643
60 2350 50 2650
61 2351 30 2411
62 2363 133 2895
63 2402 164 2074
64 2419 25 2369
65 2422 96 2422
66 2576 114 2348
67 2591 85 3271
68 2662 95 2472
69 2669 158 3301
70 2683 166 3015
71 2685 106 2473
72 2709 140 3269
73 2709 116 2709
74 2735 47 2923
75 2783 192 2783
76 2788 9 2788
77 2807 5 2827
78 2835 90 3015
79 2841 56 2953
80 2937 123 3675
81 2964 156 2652
82 2996 174 3344
83 3038 62 3410
84 3094 87 3442
85 3094 188 3094
86 3109 155 3729
87 3119 120 3839
88 3129 55 3569
89 3161 46 3069
90 3220 124 3220
91 3243 125 3743
92 3258 159 3894
93 3273 111 4161
94 3305 29 3247
95 3335 151 3033
96 3338 70 3338
97 3339 57 3795
98 3343 87 4039
99 3411 74 3559
100 3450 112 4346
101 3477 149 3775
102 3503 65 3633
103 3517 63 3391
104 3572 29 3804
105 3581 44 3757
106 3613 69 3889
107 3644 165 3314
108 3686 128 3686
109 3739 184 4475
110 3775 27 3883
111 3804 191 4186
112 3806 158 4438
113 3872 173 4910
114 3873 94 3873
115 3895 178 5319
116 3913 22 3913
117 3935 79 3777
118 4036 194 4812
119 4037 46 3945
120 4041 38 4117
121 4045 84 4045
122 4058 113 3832
123 4103 117 4337
124 4141 51 4141
125 4159 75 4759
37 59 29 193 38 97 32 29 153 151 98 108 161 108 105 92 174 172 95 149 2 91 61 84 15 53 6 182 160 151 18 15 132 79 105 170 110 144 36 155 54 84 145 124 77 3 80 49 21 195 11 104 47 83 193 83 75 7 21 63 105 168 32 6 148 155 102 194 33 106 130 12 154 168 81 56 33 119 144 177 26 157 42 101 182 31 24 43 87 131 106 85 73 88 112 154 141 158 198 94 58 108 20 172 109 112 34 181 31 134 149 159 138 131 176 119 115 163 79 147 83 49 39 63 75 
7 97 18 119 81 64 149 124 116 51 64 163 56 139 7 130 178 179 148 194 122 31 21 162 66 53 200 114 11 28 38 110 165 149 124 111 8 120 80 68 20 13 68 35 139 182 88 28 52 63 74 13 154 99 16 20 96 65 56 138 128 177 148 113 181 167 77 14 17 45 127 138 195 38 106 167 59 179 87 195 170 140 58 168 67 89 139 173 14 115 15 143 192 199 136 186 85 79 26 11 52 158 57 104 46 90 135 87 142 170 138 57 89 59 165 138 129 24 90 164 167 17 36 63 86 
38 159 123 45 29 127 79 122 173 178 1 61 102 41 48 131 71 48 98 199 108 69 22 44 3 125 149 97 41 127 99 176 24 75 15 119 34 125 81 70 191 140 104 152 159 134 130 91 118 24 167 129 41 64 73 174 6 43 130 171 163 154 10 65 33 60 158 97 155 171 71 59 163 83 156 78 113 190 132 65 177 163 124 19 25 182 96 142 180 152 141 65 118 62 21 80 159 17 66 90 51 45 76 180 74 185 162 114 192 119 93 98 116 9 59 122 53 110 193 62 9 30 120 42 77 
153 142 34 143 88 104 111 100 151 63 47 150 41 189 134 152 175 52 67 19 38 28 166 9 177 124 17 14 69 37 60 126 152 116 112 176 172 176 175 181 94 67 30 197 94 174 1 48 87 70 67 68 69 62 127 3 107 92 4 89 90 97 183 183 18 179 172 83 178 91 17 135 81 111 137 165 127 112 144 16 38 15 87 145 175 163 84 67 113 5 2 196 182 149 172 190 157 121 89 197 134 30 95 135 115 123 21 164 14 116 64 17 179 100 182 199 11 181 150 170 141 135 95 145 199 
158 115 125 130 153 152 179 158 144 194 105 102 92 163 196 174 190 170 50 109 40 181 10 160 64 173 184 195 17 86 52 174 85 103 151 17 139 166 90 39 98 26 89 143 49 24 16 149 109 125 33 111 41 111 160 102 20 199 79 164 18 152 76 132 67 38 66 104 147 55 160 77 20 177 33 128 59 161 151 148 121 77 23 186 56 28 26 78 17 3 75 155 141 23 43 140 40 161 75 175 115 190 148 13 140 97 84 112 110 193 43 195 119 157 196 31 198 105 39 18 112 9 105 116 45 
127 91 48 98 136 103 182 194 58 26 58 166 181 133 10 77 199 37 66 64 166 166 178 186 147 100 98 17 3 175 115 180 35 112 27 61 23 180 9 12 51 193 15 138 3 125 190 29 158 171 126 66 154 194 51 140 76 180 135 97 2 51 87 57 120 136 34 137 39 183 195 61 27 170 97 13 42 82 153 92 56 167 54 164 95 139 177 62 11 3 96 15 75 48 89 154 37 156 165 183 61 162 61 20 150 175 170 44 37 176 120 56 134 182 57 33 72 97 184 82 71 145 21 93 158 
157 146 70 85 60 76 51 49 37 8 197 151 43 22 38 56 88 194 118 95 119 70 51 45 60 1 26 196 62 130 93 174 115 18 146 46 37 1 2 100 105 70 78 100 80 145 112 130 119 24 66 3 32 37 51 183 189 144 6 186 109 87 74 91 121 185 97 105 72 116 53 36 158 187 191 29 51 187 115 35 180 106 179 15 27 195 97 200 37 63 81 49 52 104 86 109 1 48 56 199 194 80 159 195 93 25 27 142 46 143 134 114 53 8 78 113 144 147 102 94 108 103 56 67 81 
90 96 8 157 176 91 28 176 159 56 194 5 44 128 193 162 150 89 79 36 60 117 173 40 121 200 83 128 59 40 181 104 25 12 154 191 55 36 81 177 55 157 163 114 170 105 86 99 15 190 80 95 182 30 50 83 114 44 163 135 51 173 34 21 37 117 167 72 7 22 142 173 194 149 160 6 53 106 194 156 9 142 41 163 58 163 49 84 71 63 159 46 114 66 50 197 128 39 105 123 90 44 72 103 95 164 137 184 40 198 44 137 91 15 153 140 43 101 57 195 78 155 121 138 81 
72 99 40 47 6 30 115 81 60 179 191 195 130 191 123 26 29 67 64 120 106 154 136 186 74 182 57 19 125 18 77 61 177 186 186 17 32 81 147 28 148 12 178 142 18 169 122 37 9 165 57 121 65 166 12 73 79 8 171 58 183 6 24 176 169 84 109 40 1 69 139 175 40 10 34 178 200 101 110 127 192 102 84 32 114 118 184 135 99 95 168 111 166 32 180 44 196 28 181 163 129 33 8 128 159 170 98 72 139 19 26 47 112 63 55 3 49 116 64 185 25 111 52 138 93 
103 12 144 197 85 89 67 149 200 143 129 87 10 118 177 8 118 186 122 4 119 89 176 57 55 196 14 179 77 136 59 45 16 136 138 178 62 42 129 65 25 65 25 111 20 127 25 37 39 48 17 110 191 155 153 54 20 141 66 158 27 124 78 52 143 93 23 28 13 1 32 197 170 153 107 135 180 144 3 14 109 92 36 106 170 43 26 122 1 88 149 197 155 80 92 9 79 139 180 45 66 113 43 84 48 199 160 18 32 34 175 112 38 105 122 17 120 177 146 129 36 97 16 7 110 
154 97 109 107 199 9 75 6 193 63 121 132 105 14 133 9 111 89 8 56 8 36 129 88 131 65 108 172 153 108 180 62 101 199 183 31 48 136 34 175 145 81 123 133 87 102 158 198 75 171 28 72 91 187 157 51 160 79 189 115 170 31 23 25 57 41 162 157 97 134 165 42 71 179 176 51 183 25 15 130 31 190 156 142 146 68 195 154 156 37 75 148 25 95 193 76 62 53 115 132 34 79 6 64 34 175 16 108 154 160 175 120 97 37 23 141 38 88 58 146 87 172 154 122 110 
74 145 35 200 178 104 88 7 194 47 4 41 154 62 189 57 43 69 71 175 34 66 74 86 97 53 35 103 42 149 146 188 97 63 199 171 170 134 63 125 36 41 126 56 55 2 183 26 82 59 174 45 84 97 177 193 62 136 198 89 161 185 42 46 93 79 81 2 153 176 162 94 6 35 151 106 49 57 168 8 8 32 91 133 21 55 114 187 34 129 161 156 22 140 30 138 109 39 122 41 184 127 114 69 51 67 191 91 194 140 168 52 52 192 87 98 37 169 44 14 117 30 101 37 194 
145 15 196 117 84 31 46 130 30 147 134 200 198 46 166 52 38 141 78 185 110 58 31 177 67 85 11 195 122 139 90 126 95 145 74 197 132 114 128 7 65 199 14 155 131 117 147 54 97 183 161 165 35 172 190 171 67 144 146 164 125 10 77 106 182 3 168 11 173 42 64 106 6 96 52 163 78 144 131 197 50 46 71 140 154 146 167 144 51 3 73 184 121 31 183 81 170 33 112 107 87 55 197 122 99 104 167 175 68 35 25 187 14 21 126 38 122 152 57 76 99 187 64 35 4 
61 106 72 35 40 82 110 38 152 28 157 153 143 174 138 119 129 71 155 182 24 150 47 45 60 7 187 199 8 63 177 137 191 179 159 40 93 86 64 143 111 190 113 190 72 81 167 93 87 85 49 128 143 102 171 160 158 31 164 92 106 65 158 128 149 124 191 151 31 4 12 36 73 58 114 139 185 35 2 90 31 137 132 191 183 35 97 169 130 194 73 174 81 105 156 64 24 152 131 140 115 159 7 1 103 176 49 5 183 77 95 60 68 29 63 57 16 90 95 162 148 149 141 35 41 
66 157 94 193 154 48 79 26 87 175 171 93 12 111 11 139 65 115 33 7 112 112 12 78 193 51 124 166 199 176 100 161 65 164 162 132 133 127 166 67 79 85 105 170 119 113 150 2 132 199 126 118 106 35 82 13 110 84 102 29 167 22 157 51 65 161 160 120 53 133 125 178 22 171 89 125 135 189 39 17 140 34 130 30 125 19 164 93 164 74 100 88 7 101 68 106 70 133 181 180 170 95 69 17 119 77 32 66 23 198 189 134 170 109 65 12 194 59 49 177 132 5 142 4 90 
44 52 102 181 162 76 178 123 72 28 151 98 28 42 153 200 53 101 30 44 188 20 198 117 128 167 69 157 181 120 126 35 76 19 66 99 114 189 60 127 140 191 36 33 121 188 164 74 20 51 36 46 153 166 124 156 38 90 86 115 13 118 134 192 67 42 8 66 79 130 87 49 60 121 126 4 6 139 44 77 73 137 68 159 64 101 140 162 138 128 51 182 54 23 197 178 164 121 23 57 67 168 70 198 6 120 88 18 49 66 29 122 106 101 25 151 128 166 192 180 134 48 194 105 85 
47 165 63 21 108 184 14 45 166 73 161 37 139 34 168 77 16 161 102 123 57 2 88 147 139 114 154 153 95 77 93 72 54 152 136 16 31 129 76 121 138 71 190 134 126 93 175 129 20 32 172 191 197 95 186 130 27 103 51 95 178 164 122 184 29 199 12 200 55 55 2 98 158 88 89 197 88 125 119 161 87 197 145 35 30 130 72 148 84 174 95 158 90 144 1 48 103 160 9 5 121 139 154 93 44 199 174 85 180 106 179 14 71 197 173 162 118 158 69 14 77 178 151 124 156 
154 125 35 118 37 36 14 140 17 137 70 178 114 62 156 34 103 84 140 11 121 4 85 59 84 165 130 136 68 110 180 148 68 110 147 29 39 86 64 24 41 49 1 170 49 58 30 123 158 76 27 85 166 97 105 83 176 81 196 97 75 60 126 156 25 98 45 70 89 30 118 198 72 193 32 21 164 31 24 99 159 68 189 169 39 119 85 54 89 31 142 144 12 160 26 183 120 85 97 45 37 181 195 116 118 163 133 77 80 44 103 153 158 102 74 176 182 112 36 176 112 43 183 118 155 
98 194 199 46 190 95 11 159 46 136 95 81 178 188 151 183 199 32 66 76 90 193 120 107 170 155 197 169 169 141 107 14 136 86 100 54 21 6 35 104 104 10 40 64 120 41 27 59 88 9 74 42 128 16 26 44 49 198 120 128 158 6 174 107 149 153 13 165 11 196 119 102 51 142 139 157 176 158 120 24 42 169 106 190 119 3 198 19 42 184 61 56 162 171 36 33 191 11 177 91 26 96 142 154 67 135 95 194 102 113 72 163 185 116 76 167 158 134 147 134 130 140 135 117 129 
54 97 126 51 152 54 65 43 158 101 6 57 183 43 129 95 29 43 78 19 119 192 130 97 164 114 132 158 72 13 37 104 141 192 182 59 60 157 126 144 191 190 82 87 13 72 83 17 75 37 14 115 16 26 111 117 96 47 152 1 118 178 4 198 166 176 131 60 114 69 180 175 88 174 97 101 113 85 7 123 156 179 181 46 117 13 7 186 181 144 121 90 171 118 178 156 61 106 183 71 111 163 86 45 77 181 84 131 7 32 115 48 19 44 124 171 192 172 154 41 18 34 109 128 43 
167 189 153 66 112 152 30 31 131 184 76 174 42 67 92 111 141 104 116 79 13 4 106 191 127 76 160 133 89 65 179 131 132 154 79 185 35 43 87 128 5 3 21 130 176 29 135 76 140 34 168 29 149 97 173 96 120 128 112 194 124 83 58 172 161 29 54 84 155 142 166 48 123 110 40 159 15 136 48 65 196 156 39 34 20 192 81 15 178 103 73 77 96 178 77 182 144 22 110 194 96 86 100 156 37 194 19 145 76 125 189 38 133 146 101 10 52 125 179 80 71 68 28 67 191 
2 10 53 16 66 199 30 62 139 155 141 32 140 125 46 178 112 127 62 114 122 183 195 166 72 157 39 127 31 165 11 53 18 171 163 142 174 167 77 139 164 120 103 114 62 147 153 169 82 88 139 156 66 58 157 122 169 32 19 53 156 168 181 9 52 29 14 34 52 119 33 176 140 125 139 83 38 139 37 108 185 19 162 147 48 154 199 98 146 105 19 20 39 145 155 92 44 42 172 98 130 29 139 86 10 1 81 162 81 145 141 146 153 60 43 52 81 78 98 62 11 16 11 103 200 
34 197 193 8 40 36 146 105 164 4 67 20 27 9 54 6 144 63 154 159 180 139 177 167 70 199 13 117 83 120 160 87 11 107 145 130 30 43 151 43 199 52 90 141 51 148 114 121 30 16 95 147 194 28 154 179 30 26 54 134 103 1 153 117 168 95 148 101 181 102 174 155 80 168 36 97 179 81 56 30 84 83 91 88 158 123 58 84 119 39 81 179 114 3 88 107 87 181 45 142 91 107 141 164 128 98 168 146 3 25 26 98 75 169 65 55 43 160 22 193 18 73 131 169 79 
159 142 67 183 198 63 179 20 147 131 104 56 42 26 61 113 140 101 47 2 152 193 198 88 110 10 171 117 80 119 104 31 157 197 137 114 175 47 112 121 23 7 120 179 105 8 80 195 83 175 137 174 19 30 49 129 182 107 122 68 87 74 64 26 189 80 188 28 197 23 105 153 51 170 29 48 160 33 92 52 51 168 158 52 187 9 147 9 160 90 91 4 54 10 7 136 102 12 152 42 126 123 19 88 72 145 5 110 198 191 173 2 99 137 92 25 38 6 139 90 41 148 164 194 194 
108 172 89 65 156 149 32 81 106 109 104 187 96 81 87 8 34 51 185 143 185 79 151 97 100 77 115 2 77 10 53 58 158 46 92 64 60 179 20 114 107 69 28 166 75 20 110 14 12 79 121 74 128 8 134 97 126 137 4 112 55 10 31 15 173 62 36 199 49 149 57 40 195 40 185 126 59 194 159 71 75 40 10 155 166 72 182 46 189 9 47 83 190 1 128 102 74 137 130 54 8 145 192 26 87 9 47 12 113 198 163 150 74 52 75 30 2 189 194 146 69 125 40 77 143 
48 38 17 135 9 176 163 41 106 129 94 129 7 27 107 34 135 83 196 104 101 84 10 3 148 41 30 163 112 167 176 78 134 55 52 200 154 33 127 103 173 109 23 160 139 120 78 16 27 95 111 70 139 53 123 39 3 6 157 161 59 174 141 131 66 177 118 191 139 39 130 65 22 168 72 90 187 145 153 63 142 139 168 146 8 6 32 187 196 94 40 90 15 115 144 197 8 68 129 109 152 60 70 154 120 67 2 189 160 184 103 73 68 110 13 25 139 63 54 108 68 192 77 76 96 
129 46 60 4 165 170 199 95 9 28 165 140 80 102 126 96 145 101 148 4 111 44 115 44 67 167 22 137 159 30 48 153 34 75 163 44 48 107 121 10 176 127 16 83 113 196 175 16 31 99 147 61 146 8 84 179 46 113 157 20 76 149 171 190 176 56 37 8 144 180 187 193 112 27 182 28 100 5 105 16 79 162 83 132 32 98 143 186 168 193 145 52 148 81 95 105 123 60 30 164 73 141 180 145 142 32 161 183 64 27 39 42 137 102 83 134 93 8 138 65 179 181 67 108 79 
82 179 40 179 197 11 103 62 16 198 84 148 125 171 85 197 200 189 2 103 177 177 54 93 15 146 40 102 181 8 72 173 196 94 132 115 18 150 58 167 112 28 105 157 120 180 120 127 32 19 93 112 17 87 151 85 34 180 103 25 189 115 170 114 186 32 96 12 119 28 12 127 31 108 184 158 155 24 77 196 130 120 155 110 123 148 193 121 94 2 187 116 107 126 89 22 15 41 11 109 5 192 8 11 128 185 120 50 11 194 187 153 56 4 26 130 116 192 156 126 82 184 89 129 19 
12 94 149 32 54 133 75 140 57 19 174 120 85 81 94 140 63 92 48 127 197 22 150 177 86 124 115 101 149 36 98 50 191 72 195 99 182 34 55 161 44 167 15 122 41 150 42 27 78 161 30 13 153 9 192 40 131 139 138 68 5 49 107 137 86 59 55 97 119 160 116 178 62 196 10 126 54 135 52 55 34 147 154 200 87 163 91 135 105 132 29 157 131 147 87 162 147 86 187 124 67 172 77 5 31 42 157 165 109 27 14 98 77 127 198 198 139 121 26 45 170 148 73 79 89 
159 86 116 111 200 47 166 169 26 69 147 179 26 24 187 156 111 71 143 145 105 80 22 126 34 45 41 33 198 93 200 185 85 137 74 115 31 100 185 161 93 31 132 37 48 141 181 38 50 45 63 109 15 153 167 106 67 118 170 125 96 41 140 174 103 18 47 180 14 183 47 143 108 37 56 154 24 188 159 102 152 171 12 80 160 189 35 139 78 139 189 16 73 114 87 28 137 153 28 62 139 163 185 91 130 155 84 169 111 153 82 58 132 188 178 97 72 139 84 8 47 167 12 198 86 
125 3 143 160 95 114 114 4 198 118 117 15 177 8 169 144 78 197 7 127 147 19 141 20 73 186 185 63 85 25 110 134 98 14 46 138 51 112 133 69 13 33 198 30 8 175 24 200 37 148 14 67 135 5 92 175 150 185 133 82 101 153 92 57 142 191 181 48 180 132 175 40 199 70 99 64 197 14 160 86 199 184 181 64 30 25 182 125 75 30 50 191 33 162 173 13 8 82 175 34 165 3 112 24 168 71 101 99 164 62 153 100 97 166 76 124 72 11 130 63 175 66 70 68 72 
199 174 167 130 103 161 110 170 24 136 186 12 197 196 175 5 120 123 69 153 49 158 34 89 33 5 176 116 79 175 95 33 53 44 90 167 83 143 156 176 142 76 108 138 70 111 101 109 117 183 5 88 187 52 19 194 180 81 179 3 62 97 86 165 94 145 81 52 135 92 179 119 4 123 2 60 81 32 39 100 171 155 23 53 84 133 73 155 63 196 47 36 142 169 111 176 55 39 150 141 190 51 155 43 75 80 26 60 147 193 154 107 141 181 66 166 155 183 152 108 182 86 193 170 16 
126 115 88 193 75 129 164 10 73 7 45 77 141 70 28 137 71 82 195 165 2 51 43 61 105 103 18 24 2 152 81 150 49 84 23 90 3 110 145 174 79 17 53 100 146 198 109 153 146 9 81 78 10 149 77 193 41 92 114 157 31 191 161 44 164 45 86 67 135 92 16 6 184 89 46 107 10 50 168 70 45 129 124 46 116 168 164 103 113 105 79 142 119 80 51 95 69 111 135 50 16 108 137 179 15 83 52 182 107 61 163 152 66 107 117 85 117 55 187 31 155 73 28 31 123 
110 152 176 45 116 133 57 108 83 105 67 98 159 79 69 70 160 9 23 44 135 5 77 118 48 64 36 67 67 21 119 96 62 143 95 193 23 6 127 116 26 16 89 21 80 167 178 186 31 33 113 154 200 69 79 122 35 165 166 179 157 94 12 64 195 68 55 132 68 195 183 132 137 197 140 148 17 194 157 5 20 200 118 96 68 123 39 8 81 24 66 153 171 12 8 139 81 10 180 149 187 84 6 25 193 85 131 30 10 84 113 58 155 75 133 9 108 185 196 196 116 135 25 187 74 
18 59 153 17 149 66 111 11 75 136 195 18 158 196 181 118 92 38 171 162 9 168 70 114 29 11 38 200 90 133 49 8 13 4 153 195 118 31 87 96 83 22 124 45 64 24 84 105 178 106 34 199 169 51 86 34 58 45 18 32 8 56 49 179 40 154 161 50 177 173 111 62 86 37 185 17 91 110 48 151 105 47 30 82 186 84 34 146 14 169 23 126 181 94 73 174 198 102 35 155 149 117 62 36 145 13 130 189 54 24 64 46 15 158 164 75 178 70 28 181 6 48 13 70 141 
62 99 25 134 192 53 119 175 70 118 50 19 198 114 5 112 127 18 151 165 38 121 61 183 187 129 157 121 39 64 21 59 59 48 116 137 115 48 16 52 68 20 117 19 23 138 185 112 53 68 150 45 49 164 46 94 88 172 129 177 30 129 197 27 184 187 133 165 184 76 121 132 61 167 102 149 153 84 135 59 194 64 92 195 141 176 20 112 89 73 40 112 165 13 186 23 91 115 36 85 78 38 86 175 7 125 157 40 31 121 124 36 27 115 88 102 94 168 31 124 137 153 106 65 121 
64 115 110 102 23 111 106 47 197 34 195 36 53 53 56 27 178 18 103 9 176 118 23 133 103 75 58 168 157 12 200 81 108 40 158 98 60 30 42 130 67 29 66 50 9 196 14 107 69 106 199 135 28 84 198 52 73 81 149 90 122 79 118 57 128 180 52 14 88 125 171 181 72 164 63 200 110 170 92 150 115 144 151 174 197 39 151 104 170 96 189 125 25 66 33 90 8 26 47 54 115 120 145 32 15 62 69 73 153 62 132 2 109 43 172 101 8 200 148 20 62 107 152 187 5 
78 19 130 52 155 81 94 191 74 195 188 90 144 1 117 100 23 41 17 197 146 137 176 121 193 158 44 13 37 149 19 173 82 15 107 43 182 73 59 89 71 74 41 10 44 57 26 53 18 34 21 38 22 89 70 50 152 100 83 91 65 101 161 48 109 137 182 76 156 197 177 183 116 129 107 30 72 19 86 75 8 37 81 24 110 52 60 128 85 181 190 167 19 43 142 172 115 61 105 18 27 107 66 153 164 147 62 150 20 34 21 161 27 56 127 117 128 50 126 7 82 190 171 190 189 
105 143 105 79 24 17 16 117 170 167 11 184 149 23 174 32 20 68 81 134 156 199 199 50 105 101 143 89 25 199 69 17 43 50 59 116 200 96 116 112 155 127 140 78 35 126 92 95 182 25 78 180 182 167 166 108 145 37 103 46 149 11 55 41 53 54 37 50 166 173 176 117 187 182 124 42 87 135 82 122 188 109 85 87 2 57 3 34 98 138 4 179 173 100 79 84 187 36 87 68 40 111 65 84 71 35 132 22 2 190 18 111 14 6 116 181 86 150 184 174 112 102 87 191 66 
47 95 107 187 142 40 1 119 16 101 122 2 128 90 192 197 155 196 135 83 11 116 52 52 135 19 196 149 151 50 163 125 167 87 92 89 193 77 95 131 50 16 100 114 54 170 59 109 30 48 179 98 13 8 128 132 112 197 27 37 17 153 68 174 35 102 142 40 167 35 151 128 123 23 5 63 183 68 148 76 84 186 92 171 174 67 6 104 106 61 182 31 183 27 7 80 41 24 186 98 161 141 33 37 31 88 67 25 142 97 33 119 7 15 143 169 74 174 53 176 122 1 46 147 193 
90 58 106 141 39 14 194 79 164 135 10 3 39 103 176 35 128 99 144 99 115 67 195 18 113 42 142 28 38 197 59 165 185 54 7 4 177 123 76 106 152 186 66 15 130 31 90 79 87 185 123 40 128 168 150 132 61 127 149 140 77 120 48 53 24 120 180 186 47 184 28 27 182 37 191 84 95 88 25 73 146 120 18 67 44 171 149 152 70 145 156 109 99 105 121 115 48 47 76 119 33 177 168 9 191 114 135 109 10 12 154 140 93 62 160 93 83 8 9 190 106 86 14 138 113 
40 172 16 147 73 56 127 107 152 30 61 185 75 168 94 26 169 75 8 104 189 38 165 76 31 20 78 41 42 147 109 42 1 90 183 30 92 35 101 74 132 66 176 179 150 177 192 85 122 52 40 56 78 187 34 107 44 81 62 91 2 114 24 168 46 141 104 50 109 108 100 189 186 90 6 138 145 135 127 44 32 136 194 136 168 64 86 38 68 85 169 173 179 74 156 135 48 167 174 162 48 113 141 7 143 137 125 73 49 144 65 118 49 157 7 172 103 42 52 176 121 6 21 73 111 
163 15 162 15 174 185 5 27 132 125 29 63 92 177 59 6 36 80 170 58 147 164 26 13 95 58 10 153 84 89 63 44 193 146 53 58 150 85 62 101 34 130 123 193 160 26 96 97 110 188 13 159 64 54 68 171 60 67 113 20 138 195 35 114 64 130 18 162 55 112 131 9 9 20 17 115 47 121 15 3 34 43 7 191 115 180 76 145 111 138 168 34 75 54 123 151 28 132 163 114 44 142 113 59 101 146 119 143 110 46 152 70 153 26 73 185 51 18 116 22 79 163 127 71 83 
138 58 86 182 14 172 76 20 113 143 129 149 126 87 33 30 159 74 48 144 56 169 115 33 22 125 170 143 144 26 26 180 138 70 144 170 143 133 13 175 105 170 192 31 49 165 197 17 145 105 154 84 172 87 99 48 27 184 167 194 199 163 183 198 6 72 136 197 148 111 96 109 73 121 143 186 116 187 80 82 60 117 23 180 26 19 117 14 178 200 136 35 109 93 102 191 135 130 89 115 110 145 179 75 31 29 2 28 44 150 146 11 90 195 62 112 129 65 82 138 56 117 166 23 138 
176 157 195 1 200 181 193 62 74 66 66 42 96 72 80 5 142 107 60 116 28 198 17 58 10 200 181 184 149 17 42 108 91 54 120 123 38 53 29 45 31 17 192 56 166 38 198 12 36 186 188 9 122 66 122 138 129 33 15 144 134 109 99 13 161 46 148 99 136 141 145 72 40 31 136 167 21 39 188 164 46 118 170 133 73 126 53 68 28 4 184 160 155 65 165 19 32 21 81 46 149 18 36 73 71 59 63 43 40 178 61 187 43 77 107 22 135 106 73 91 189 50 136 18 135 
71 88 32 53 149 53 172 63 140 75 182 132 172 81 120 176 166 14 8 195 153 164 130 105 189 117 168 122 36 126 50 114 170 14 26 151 171 74 132 44 62 187 133 174 10 24 121 142 89 53 100 2 43 7 160 81 135 41 82 67 14 33 183 118 134 62 60 129 144 65 81 67 27 133 200 112 45 150 134 10 22 162 82 43 35 4 1 185 49 68 140 177 138 93 6 138 158 130 90 199 167 56 36 95 23 77 53 109 25 12 117 75 37 79 180 43 20 63 102 64 156 101 98 45 187 
114 25 156 53 92 85 63 8 91 132 70 91 33 164 68 77 111 61 105 132 103 103 49 141 15 57 198 38 175 158 131 103 54 112 39 109 129 151 123 104 187 169 158 52 57 113 144 77 90 67 192 186 185 71 187 137 64 184 137 53 133 137 172 114 192 148 73 125 100 32 36 123 141 29 22 172 146 87 161 138 188 93 97 12 69 16 110 70 160 115 171 83 142 90 138 17 121 174 163 127 177 173 155 97 175 199 130 11 136 188 53 140 124 195 109 89 2 113 147 159 121 136 145 150 131 
67 130 130 121 15 104 14 43 181 159 61 176 123 178 132 177 194 186 44 64 158 175 191 81 54 169 8 96 66 35 158 158 107 195 92 77 91 18 179 177 52 61 124 6 95 157 79 87 195 74 60 171 9 53 154 104 185 184 9 117 9 139 91 114 133 129 98 159 91 193 75 168 184 39 3 194 17 99 129 35 146 111 44 182 136 162 28 21 21 152 62 100 86 194 154 38 116 34 153 19 83 180 144 68 200 39 154 120 14 32 23 108 15 92 148 1 141 174 40 137 99 186 120 2 27 
4 101 93 98 176 35 75 127 154 90 156 57 26 59 58 137 75 49 195 85 137 68 131 7 1 182 62 84 64 126 81 87 159 88 108 108 31 169 44 95 79 14 99 130 113 127 134 13 127 140 23 172 132 192 116 181 188 116 200 20 90 91 56 124 165 23 111 186 120 1 186 62 111 9 81 164 135 43 72 162 10 162 76 118 126 96 102 109 152 180 178 105 111 144 188 56 83 29 189 44 153 55 48 1 166 115 122 64 33 24 129 19 188 128 45 168 190 89 137 121 2 105 143 148 42 
101 48 29 25 119 114 156 67 100 6 78 152 120 135 18 59 110 192 30 20 72 193 194 22 185 42 93 6 93 163 1 88 37 162 99 95 93 137 183 30 103 98 103 155 75 17 188 59 65 191 101 47 111 64 141 30 156 119 33 175 130 200 112 57 173 65 23 138 197 178 30 159 103 124 122 34 122 184 110 48 194 200 52 117 111 35 22 53 188 123 139 58 5 110 7 160 108 181 65 162 121 76 6 196 173 103 54 99 15 88 138 78 70 27 102 196 8 100 69 121 75 44 153 127 114 
67 52 68 170 97 61 73 112 184 168 59 33 179 151 92 189 200 41 42 50 62 74 5 80 163 180 165 36 95 46 44 128 111 33 132 31 76 5 82 50 69 29 189 10 129 87 40 92 34 12 126 101 128 3 123 69 95 193 63 95 156 168 146 163 79 169 127 133 84 189 117 59 62 128 79 115 196 27 67 200 158 119 104 187 147 19 106 196 14 29 24 12 27 183 150 116 181 81 63 86 78 50 21 15 152 172 168 101 60 91 144 149 47 116 185 59 60 1 137 166 111 186 152 195 50 
43 133 138 15 65 94 32 191 95 153 200 76 114 101 87 47 49 188 90 174 69 82 98 89 1 127 193 28 194 167 28 200 99 108 147 80 190 122 32 199 114 70 44 21 154 4 146 112 197 57 113 193 43 13 180 194 122 59 169 88 46 60 155 94 196 193 22 17 20 152 152 112 15 38 29 78 47 90 35 170 167 192 185 112 165 76 163 92 87 38 135 120 96 14 10 117 173 115 2 165 70 103 179 11 157 182 144 109 7 141 165 163 64 19 28 24 186 126 200 86 113 38 165 155 43 
80 97 32 30 158 61 174 154 16 40 142 128 127 28 86 35 136 97 81 64 57 119 158 72 7 133 129 26 77 88 174 120 94 185 49 95 185 178 60 156 69 67 80 99 192 109 30 63 136 33 187 189 126 39 174 170 109 34 79 72 55 28 135 61 99 140 20 115 39 143 101 181 130 97 125 40 70 49 159 25 128 20 27 135 66 128 104 150 123 10 36 110 178 88 63 11 134 60 171 152 165 115 12 59 131 25 32 102 5 85 21 143 33 15 105 12 50 61 46 117 52 37 70 120 194 
59 15 144 90 15 137 44 116 5 126 82 171 194 23 188 140 65 69 7 192 3 112 121 128 192 146 25 168 193 125 23 186 31 197 56 144 117 108 37 43 79 53 192 111 176 176 127 102 53 96 69 54 75 51 86 133 71 77 153 56 61 183 120 183 72 112 95 24 49 80 97 79 172 98 24 181 132 46 7 176 46 166 133 81 110 98 96 62 200 136 53 59 66 72 169 187 48 57 172 118 43 165 77 166 94 2 31 179 187 103 5 130 158 39 170 52 61 183 194 190 174 78 176 86 127 
38 188 190 199 39 35 52 10 75 46 76 181 10 3 50 63 190 184 64 49 69 117 7 40 105 102 118 175 185 183 193 82 130 173 68 28 55 41 85 183 76 82 35 70 59 85 176 105 69 13 72 17 171 48 11 39 159 134 16 183 200 18 74 199 54 114 55 154 157 50 71 175 112 189 70 137 21 119 10 58 18 188 121 196 167 42 51 109 22 74 191 3 159 82 143 4 111 116 37 115 179 140 3 124 181 140 10 102 186 138 13 170 200 5 106 167 22 20 70 136 117 136 54 147 30 
163 122 17 16 141 43 71 174 176 16 22 32 149 124 197 174 129 145 141 68 81 18 174 113 97 128 162 12 10 30 48 135 92 50 41 188 33 27 32 14 17 89 173 168 168 193 163 32 1 156 200 143 111 192 54 116 148 69 158 173 87 120 53 104 121 131 174 86 161 195 162 177 169 128 37 144 3 105 148 16 155 53 88 164 156 59 70 65 41 147 96 195 8 99 136 145 104 75 48 69 193 51 69 6 194 97 135 22 33 72 158 111 43 91 73 107 135 165 23 75 92 82 166 177 196 
75 80 30 29 121 92 106 149 116 53 17 148 119 144 162 98 58 171 169 8 112 32 50 183 85 113 76 166 159 77 52 196 142 183 111 121 30 71 162 181 35 177 39 97 181 179 176 83 6 81 175 94 92 77 16 7 194 68 125 155 84 187 199 187 170 166 43 80 65 145 135 103 17 169 103 131 86 136 128 70 59 196 134 77 46 26 101 61 47 160 122 1 193 193 141 96 122 34 120 195 27 19 122 111 64 196 87 88 91 146 194 17 28 181 56 163 12 194 59 78 57 37 131 128 74 
67 163 27 18 1 143 63 18 6 27 12 147 79 34 174 169 189 14 18 149 47 67 104 95 7 134 60 148 77 65 11 121 156 24 121 15 163 132 30 26 80 10 163 13 162 102 155 32 35 186 57 134 146 35 30 155 87 66 43 14 123 35 46 161 36 25 197 27 178 76 144 70 183 72 68 160 11 54 90 187 71 113 130 21 117 109 89 165 141 73 66 106 101 88 21 150 129 143 186 127 104 181 133 192 5 34 109 2 18 182 84 177 193 146 164 120 20 16 125 111 184 170 9 93 92 
176 158 197 51 153 46 66 184 156 26 187 42 165 31 32 37 123 76 69 41 8 53 199 189 29 99 33 94 54 183 168 5 8 198 105 180 160 134 127 126 7 24 175 170 191 72 181 18 196 87 26 25 127 145 170 59 192 89 159 152 26 51 91 87 102 91 80 74 14 113 129 89 180 99 51 137 172 14 161 24 109 73 44 72 76 138 75 14 78 112 152 137 60 27 148 56 41 163 9 29 185 62 16 50 142 163 131 140 21 194 137 76 56 61 184 35 46 82 166 87 3 23 150 136 150 
124 11 185 129 65 74 64 116 135 6 51 67 98 94 47 53 189 68 174 104 193 127 163 14 91 90 151 134 9 171 117 152 6 32 23 136 62 96 183 169 42 109 51 91 170 35 63 103 2 10 115 182 54 169 1 57 181 53 133 132 67 32 114 92 161 113 12 117 111 112 133 32 59 54 110 52 185 77 45 189 20 142 9 181 57 21 109 176 134 109 76 14 27 154 194 56 164 126 59 87 3 37 162 60 101 152 119 128 118 144 36 141 170 77 12 4 157 125 66 180 196 30 59 4 160 
73 103 179 188 36 41 197 91 34 76 193 81 61 177 183 64 155 56 31 142 54 46 9 37 175 190 84 164 39 50 150 38 189 185 189 15 85 162 108 40 191 111 104 181 18 97 70 157 7 29 57 145 1 200 21 86 18 187 17 67 111 131 157 132 54 196 63 63 172 196 61 87 13 65 35 31 24 176 122 44 130 163 3 29 35 171 192 163 124 13 134 80 200 172 114 66 159 149 11 184 157 58 40 87 50 159 144 104 96 145 168 92 20 186 116 98 74 151 181 39 195 44 99 70 68 
124 95 117 200 140 11 23 200 181 97 191 88 177 88 172 91 7 135 21 2 129 115 108 102 190 35 174 24 142 156 83 45 55 140 8 151 5 49 16 21 43 76 151 192 44 44 173 145 18 106 44 62 50 72 192 35 8 139 11 152 24 12 186 123 71 165 163 149 7 169 151 174 116 142 84 85 164 108 23 117 36 151 164 197 51 124 78 7 145 144 122 176 171 93 153 10 182 32 144 50 134 20 25 62 24 87 132 184 99 18 190 156 175 161 109 87 29 160 148 50 189 40 88 106 62 
68 147 62 94 83 7 6 187 193 181 176 133 24 12 191 120 83 51 58 168 136 4 192 137 10 95 91 6 73 154 183 193 66 192 105 168 193 54 167 183 32 19 170 36 9 192 171 40 108 127 142 39 20 135 102 74 179 174 125 73 182 167 11 197 116 13 158 77 73 141 170 19 73 174 115 49 141 108 11 99 47 116 98 32 109 196 92 14 124 2 105 111 146 75 127 191 104 4 6 200 17 32 46 109 200 160 37 105 86 105 124 93 143 42 78 2 131 21 1 172 63 149 27 47 64 
175 153 171 139 139 75 102 166 153 87 162 86 14 148 61 23 121 103 192 151 83 140 142 130 188 171 138 3 88 92 151 182 192 177 199 167 80 124 162 183 171 168 89 140 124 106 50 13 64 168 73 134 195 102 85 92 66 6 118 70 102 2 63 172 1 6 42 48 155 126 76 12 33 62 29 125 140 107 76 53 103 20 165 181 111 171 58 28 81 118 157 69 76 106 151 180 51 65 149 21 149 101 152 150 138 99 26 157 125 75 178 145 94 184 195 121 85 61 59 132 182 105 152 26 163 
180 200 136 85 29 20 174 142 163 128 15 139 120 198 35 131 20 196 193 52 114 2 11 188 48 184 53 104 56 145 177 5 110 68 163 191 123 51 199 9 24 191 73 84 170 113 67 61 123 135 21 84 34 66 12 159 45 84 55 96 45 96 71 126 13 104 126 93 94 182 136 187 25 111 195 122 96 155 98 3 177 28 161 29 96 92 42 143 34 109 90 126 143 157 38 41 63 68 169 27 67 32 67 68 190 121 195 34 77 114 106 95 108 197 37 138 58 170 184 29 118 9 38 54 99 
196 142 46 152 57 54 191 123 195 64 23 38 194 185 6 16 54 25 83 178 50 4 122 107 20 84 38 31 123 160 37 44 106 88 136 52 81 82 117 51 162 102 135 187 177 158 24 56 124 42 76 127 159 196 53 31 59 106 99 68 40 7 107 192 143 94 79 75 109 120 160 61 11 150 13 98 148 173 105 74 186 53 5 38 139 117 62 83 45 195 136 18 159 75 46 192 70 170 155 34 62 55 124 96 153 106 187 165 12 96 135 21 105 22 48 173 192 112 38 156 190 150 67 168 93 
178 164 43 116 25 100 149 199 12 162 178 194 177 77 123 144 98 192 34 187 112 91 131 103 108 5 177 75 98 193 76 83 198 95 103 107 12 73 32 1 115 2 91 45 197 186 51 102 124 157 52 16 25 73 111 101 20 38 149 102 41 45 22 89 126 104 198 153 140 55 63 184 80 162 125 70 146 108 166 88 94 41 113 175 86 17 67 100 59 52 94 68 117 103 54 21 160 6 7 140 170 166 70 43 127 105 152 142 41 165 80 168 101 62 40 129 93 199 126 122 41 107 3 145 35 
156 78 125 89 185 200 151 148 66 147 55 10 142 114 183 54 192 161 136 188 159 143 24 85 16 78 133 181 29 115 149 168 171 116 131 190 35 59 147 123 15 105 195 101 112 34 129 199 162 194 149 53 132 69 64 105 200 139 176 78 175 112 47 8 126 120 21 136 140 61 31 132 114 192 21 142 186 191 68 1 67 159 75 112 61 116 174 189 194 64 96 107 194 120 93 34 105 104 106 146 57 174 171 21 103 51 44 48 4 90 170 17 26 178 7 9 177 26 36 22 152 168 68 192 39 
121 60 35 10 89 133 49 130 5 50 41 137 192 200 68 141 76 124 38 1 125 52 169 181 147 129 105 77 179 200 174 13 86 28 52 107 106 81 18 155 173 114 35 83 143 129 137 177 37 114 195 129 25 6 1 24 110 24 62 34 114 14 164 142 26 139 148 65 67 85 38 123 130 70 68 121 63 33 146 58 133 117 113 100 138 160 52 171 110 165 71 20 146 117 76 17 41 71 33 2 123 93 97 11 185 97 192 110 99 48 49 192 175 138 97 108 49 90 192 148 195 134 150 147 57 
200 135 38 124 151 163 54 55 179 33 6 118 123 78 28 154 200 131 163 37 176 55 10 45 82 20 170 153 88 30 6 192 85 80 194 158 45 159 91 86 37 17 40 102 181 134 102 102 158 70 104 72 188 32 166 69 91 147 82 176 159 103 174 130 157 107 32 18 65 164 25 88 177 110 117 188 174 57 136 185 40 115 131 53 38 13 196 80 126 19 138 95 46 196 35 142 8 189 35 192 54 123 167 174 104 107 194 121 174 200 84 42 93 187 27 152 68 53 54 27 56 7 15 39 187 
15 122 200 47 6 89 177 56 170 58 85 132 127 127 53 5 7 46 110 128 166 82 122 18 194 53 112 149 10 91 82 101 140 100 159 173 24 7 48 108 88 90 14 93 195 199 26 112 22 9 53 59 129 129 158 73 29 33 156 157 171 160 137 57 56 150 19 27 4 186 2 53 38 87 47 91 14 95 51 161 8 59 94 122 128 142 81 149 119 50 160 41 8 143 183 189 133 65 66 164 188 136 125 54 64 121 129 112 110 118 46 38 141 96 9 99 189 130 77 13 198 37 188 124 58 
98 105 111 145 136 88 5 67 170 189 91 79 177 111 22 3 190 29 164 22 64 56 37 160 148 176 53 157 144 47 12 71 50 11 116 171 93 130 6 124 167 167 16 2 126 52 92 31 3 64 82 144 78 67 116 144 200 41 102 82 48 141 8 160 177 4 93 75 104 56 141 146 137 105 126 36 88 173 154 158 115 188 80 5 142 140 70 141 81 86 148 110 200 154 58 5 160 126 17 45 55 121 108 198 38 22 66 66 101 109 165 30 178 72 80 140 26 173 61 64 131 12 44 160 200 
177 61 113 89 14 42 182 12 143 103 31 68 2 176 68 114 155 84 18 73 11 8 92 122 21 188 187 53 193 91 82 163 116 79 177 139 104 60 167 35 161 4 129 76 24 133 61 66 99 31 13 179 181 17 143 48 151 30 186 93 167 83 105 94 169 181 121 2 73 40 104 85 33 7 86 47 142 142 83 49 174 104 98 1 143 60 183 56 50 119 77 189 146 64 67 65 152 41 11 94 45 192 133 65 132 45 24 103 61 145 112 90 136 180 86 188 121 43 11 59 99 182 44 84 37 
18 13 200 35 115 36 190 63 18 155 153 19 161 29 167 160 78 19 183 25 8 51 119 57 88 7 107 15 102 17 88 57 81 94 73 32 141 16 107 80 66 160 185 165 141 88 45 63 141 137 85 95 28 125 152 2 140 171 96 5 135 84 81 191 77 149 175 129 129 61 114 15 150 172 170 168 136 66 153 109 141 79 14 188 186 59 145 148 70 182 26 120 181 191 169 181 42 7 16 55 88 108 174 65 6 194 170 51 59 34 71 120 84 176 75 103 106 172 28 143 63 92 81 151 31 
199 168 194 49 193 149 180 9 156 38 63 119 188 66 133 149 126 183 55 44 110 188 136 3 105 39 64 28 19 157 120 115 67 67 183 78 181 133 125 185 4 45 107 2 8 154 56 95 148 31 51 153 33 23 71 49 123 184 124 135 39 187 140 172 60 184 26 178 136 151 127 52 177 79 144 56 90 40 32 128 160 58 80 69 17 83 169 121 12 69 104 2 177 83 107 142 113 30 105 47 117 180 20 155 59 119 131 197 113 182 114 156 127 37 176 17 60 38 144 150 110 25 145 81 100 
181 86 181 192 111 76 39 62 179 165 102 78 73 2 173 165 60 117 161 148 35 67 110 79 76 188 162 122 195 118 49 66 15 178 93 181 171 3 11 20 126 181 12 33 200 30 82 56 4 83 189 4 13 85 63 157 90 128 110 157 89 97 16 87 195 115 198 169 24 27 73 114 89 118 49 90 80 23 100 6 72 135 35 88 172 189 61 10 120 159 188 14 173 74 44 152 168 185 109 128 82 118 167 103 13 180 150 197 131 176 62 164 80 29 12 19 120 180 134 72 135 117 104 79 115 
63 194 14 10 109 142 40 140 125 189 139 94 120 180 115 68 17 89 58 181 107 166 123 115 16 126 89 93 112 25 99 153 73 126 158 155 16 48 55 135 116 2 16 86 131 92 197 94 121 191 117 129 15 157 154 56 154 158 149 192 115 37 135 162 197 191 134 57 133 31 111 106 152 20 42 102 65 36 6 25 20 159 103 35 157 151 93 43 141 172 48 66 98 194 4 53 147 170 126 53 121 96 98 128 77 46 46 167 51 50 106 195 89 179 143 61 163 68 25 156 169 160 111 68 185 
75 78 72 97 85 158 86 163 191 49 193 191 126 46 166 186 140 122 15 58 136 79 67 187 12 36 117 51 198 166 66 183 60 28 171 137 22 37 46 162 171 150 132 9 147 34 155 184 124 75 52 157 173 46 89 57 33 38 194 115 196 190 24 111 159 191 10 125 160 68 152 135 4 12 108 53 49 11 98 186 8 119 137 77 92 7 55 80 177 123 27 148 131 144 105 60 195 9 188 133 148 179 112 86 95 92 125 126 178 70 82 104 91 27 78 65 109 55 126 167 140 89 51 119 119 
128 161 174 80 5 121 165 163 88 1 111 112 175 4 184 92 102 151 195 90 45 164 45 137 80 15 130 196 142 141 53 82 22 28 27 115 60 137 163 162 145 176 178 116 19 136 110 196 139 43 128 100 181 103 41 47 39 160 195 138 191 113 119 45 2 76 117 148 128 200 166 186 101 16 75 16 195 120 171 38 192 140 190 64 128 98 163 200 71 10 31 179 194 45 99 175 78 176 145 134 2 167 154 23 50 81 135 24 67 98 35 27 193 37 94 107 172 38 7 172 136 165 119 171 78 
186 23 162 174 37 112 158 108 112 184 61 87 195 126 94 138 16 154 13 93 132 188 152 38 150 133 188 197 101 76 83 75 168 99 116 177 46 117 40 193 114 96 107 136 43 154 126 123 163 188 92 125 160 146 160 135 5 149 143 175 17 190 131 197 119 167 183 144 9 45 75 134 91 18 19 159 7 63 182 97 109 99 154 126 128 185 155 28 30 21 18 188 147 124 84 24 177 184 35 117 66 150 65 158 96 139 146 198 37 110 17 118 55 84 19 6 60 62 42 115 147 74 128 18 122 
148 172 18 175 89 21 115 10 176 36 108 7 20 95 154 110 44 5 20 122 87 78 91 126 1 166 83 189 52 51 46 69 168 184 77 10 166 142 30 170 30 79 184 199 160 61 40 83 174 105 44 70 177 142 166 190 189 96 38 70 164 124 48 21 122 40 79 69 33 176 104 140 61 18 147 185 115 61 167 64 2 187 63 45 94 73 171 106 11 142 188 149 194 23 50 199 52 95 87 4 95 197 150 158 198 1 186 191 61 156 101 7 103 57 141 169 97 184 133 142 98 66 173 141 79 
186 115 39 8 91 41 110 109 135 163 137 153 61 17 67 106 185 49 75 50 77 26 31 92 183 178 79 15 50 153 156 136 158 132 134 73 149 188 191 16 4 52 135 34 130 110 150 48 119 194 93 191 158 22 114 167 103 52 87 45 37 195 173 76 18 113 160 114 133 125 33 83 32 93 162 109 129 100 71 89 35 4 96 168 55 112 92 3 126 102 149 192 58 140 44 35 17 93 111 7 104 25 5 71 196 150 17 2 149 65 52 165 16 163 44 161 136 160 68 185 177 44 153 66 145 
125 6 7 85 60 134 128 142 171 19 76 13 56 19 25 188 200 72 6 188 126 59 109 100 136 60 30 18 63 23 105 134 103 42 65 56 64 40 180 110 65 6 74 166 109 131 53 196 187 80 93 188 164 149 134 136 185 26 189 121 160 64 58 58 185 182 166 121 153 44 103 96 111 136 21 172 146 18 191 8 156 91 191 158 161 161 192 167 169 75 84 105 75 49 151 18 15 62 38 153 59 188 177 80 147 146 92 126 137 10 75 146 164 27 18 142 89 99 199 5 180 124 174 179 175 
123 42 53 146 15 121 4 194 47 155 120 55 96 137 54 99 197 184 98 105 185 74 49 55 53 169 43 89 158 168 137 169 6 127 135 65 58 195 180 47 74 47 57 160 110 166 16 28 60 77 177 104 117 126 62 192 73 63 98 120 36 102 166 7 39 61 150 39 110 162 185 104 177 180 43 128 181 130 10 74 91 18 32 113 165 170 56 120 173 171 180 9 55 105 36 167 175 54 48 11 78 1 139 123 158 128 188 150 148 29 50 178 121 165 113 123 121 116 94 47 46 89 68 155 2 
40 26 187 149 70 4 30 196 30 152 2 60 186 182 120 137 33 161 121 121 120 120 193 53 17 14 24 133 174 130 81 10 17 145 37 41 11 164 6 157 133 161 2 114 4 95 197 99 99 57 189 195 191 8 20 176 110 184 51 143 37 127 27 64 179 153 156 17 173 152 57 197 196 148 178 13 6 42 103 79 187 35 182 56 66 169 14 194 45 90 150 175 152 16 164 15 172 163 18 131 33 56 84 125 89 162 158 152 135 193 13 178 62 115 81 2 33 190 4 149 18 191 158 151 186 
29 68 166 5 49 58 35 171 75 197 126 114 137 48 148 95 90 16 102 55 174 123 162 84 181 7 142 168 105 17 27 16 25 35 80 110 118 48 105 186 78 116 85 21 186 132 149 111 168 2 61 152 181 171 107 184 33 138 156 13 197 61 61 162 114 178 39 61 90 114 62 77 4 36 158 163 99 97 103 125 55 14 178 183 63 99 86 128 82 60 105 65 29 38 148 22 134 13 172 183 16 62 14 15 84 135 177 192 33 161 78 124 87 15 191 194 25 79 71 28 18 32 84 150 136 
98 34 10 167 121 71 183 59 27 41 70 41 112 50 27 32 159 192 16 178 4 19 172 4 119 44 21 174 76 63 63 176 131 88 119 67 80 80 143 121 166 189 194 6 47 9 50 89 139 196 74 52 35 128 101 118 129 170 80 18 46 77 21 154 85 11 194 149 199 13 71 91 98 8 68 171 86 7 17 189 155 191 167 25 174 85 57 8 122 36 132 122 74 26 164 59 86 45 58 192 130 187 67 128 97 193 110 170 90 88 106 44 113 107 153 18 170 163 74 155 2 62 116 67 109 
186 157 72 51 119 48 25 168 109 200 43 11 101 1 175 65 1 133 21 54 188 175 90 152 183 131 115 173 82 118 67 45 48 165 140 91 173 186 45 53 71 18 64 38 55 56 97 137 154 196 95 26 90 189 61 48 194 42 28 15 71 30 185 6 183 133 88 9 151 81 70 83 154 121 86 183 130 124 38 97 124 92 31 114 141 157 73 115 171 19 183 154 150 6 90 102 57 101 2 173 175 154 128 128 49 47 132 15 189 37 112 179 142 117 90 39 173 170 99 87 34 155 132 99 9 
155 40 26 15 30 37 4 78 174 32 118 172 196 130 44 2 169 117 26 23 113 115 43 83 84 157 177 189 83 91 170 78 37 159 44 22 69 18 46 102 189 161 178 45 33 8 186 66 189 27 88 113 42 152 36 68 86 135 60 138 183 162 178 56 62 60 112 104 51 192 1 23 162 177 26 147 10 94 29 164 25 134 16 155 15 152 33 99 147 197 71 172 171 46 30 178 123 97 11 57 143 7 120 181 98 128 81 142 155 70 99 23 62 165 109 125 144 74 168 54 98 96 87 61 50 
33 14 174 146 37 173 53 107 77 192 9 71 145 116 123 186 163 129 48 84 59 152 140 54 136 70 36 59 3 162 159 30 97 16 14 145 37 89 126 91 23 104 87 46 192 53 10 64 11 63 139 29 156 9 42 42 163 116 17 73 2 125 8 157 157 52 122 25 43 80 76 192 198 177 47 146 74 166 44 188 78 34 184 196 27 193 185 196 113 164 6 36 158 10 89 103 43 59 113 172 166 155 74 65 71 81 45 16 174 2 137 76 17 162 147 151 149 52 18 68 19 150 169 66 164 
118 99 3 156 178 192 39 13 11 79 60 7 69 17 112 130 148 28 113 51 117 166 180 155 2 14 96 89 199 14 199 68 124 194 137 182 182 60 82 172 194 14 151 2 189 160 196 69 130 72 121 85 35 35 113 154 28 58 119 84 138 136 26 146 149 55 141 58 91 87 198 62 54 128 198 58 116 135 101 180 194 103 146 47 89 6 88 2 80 144 197 82 116 144 57 129 137 28 70 83 91 37 147 113 155 180 155 134 165 4 193 169 74 19 31 190 188 39 129 98 125 191 99 198 97 
107 129 29 54 52 31 119 173 166 98 87 56 56 30 165 180 158 107 163 111 24 92 108 154 150 72 72 105 57 154 57 157 68 198 134 76 58 28 98 127 156 99 178 48 173 137 58 82 80 91 5 49 184 24 48 11 27 29 84 64 126 200 56 131 78 3 104 200 175 26 183 129 136 61 164 5 48 109 191 128 70 90 79 195 52 49 14 53 107 162 118 12 117 63 165 38 103 127 111 58 98 91 181 36 67 135 26 147 160 180 55 87 104 169 66 70 103 58 82 184 154 106 156 128 34 
40 137 131 186 1 186 7 176 158 46 95 129 2 57 88 46 104 131 131 82 126 77 132 17 135 143 60 76 20 140 4 117 112 85 144 194 155 47 188 175 20 70 8 16 54 9 27 27 181 127 34 90 186 187 87 183 13 69 149 73 161 188 161 79 178 105 49 77 187 164 115 160 120 72 99 192 35 129 189 132 136 72 196 49 51 29 16 156 161 160 171 100 131 37 155 11 196 106 40 49 90 101 104 190 131 58 148 66 131 91 34 170 154 112 45 53 15 49 136 19 66 200 200 84 16 
95 46 134 128 119 111 81 169 25 200 92 177 167 145 44 35 183 64 124 102 110 172 60 89 162 185 66 66 158 141 33 131 37 69 4 73 172 67 38 134 115 101 179 103 128 181 22 103 33 47 190 16 104 191 42 187 195 49 140 24 117 133 74 53 115 119 95 173 74 50 78 73 100 126 7 106 190 37 174 169 39 43 79 57 116 197 197 19 79 128 101 21 137 192 32 153 182 7 41 64 115 168 65 28 129 166 13 107 154 195 64 6 55 128 186 24 58 121 149 70 98 40 62 197 49 
14 23 17 165 64 2 192 131 95 74 177 149 108 48 91 96 179 129 17 112 116 15 1 94 87 141 160 47 87 151 136 99 72 20 39 190 100 138 200 96 66 82 99 167 179 175 152 162 71 167 184 150 194 160 152 94 9 8 85 14 13 53 16 197 55 30 172 50 170 57 198 128 42 76 153 29 149 48 96 153 53 152 19 136 82 185 79 15 158 63 83 99 42 4 32 192 28 144 89 153 42 97 98 144 52 7 29 9 32 52 51 186 22 86 140 138 102 109 68 69 29 122 60 24 151 
166 167 87 10 72 85 64 21 128 27 137 6 164 22 112 183 19 185 154 71 194 21 81 46 61 129 56 11 109 142 112 41 62 156 105 179 68 62 82 74 161 89 95 33 76 39 67 5 105 159 187 198 17 182 187 155 178 194 49 32 162 168 55 162 190 173 176 143 120 163 92 131 193 81 60 94 20 58 116 85 74 71 139 53 143 171 62 11 105 192 144 80 36 48 65 65 22 9 39 109 9 192 160 33 72 3 155 170 48 191 58 174 167 85 27 67 100 165 133 113 22 180 78 138 76 
47 100 63 74 197 176 50 139 113 49 47 105 8 147 19 23 115 78 44 125 196 5 179 35 30 76 70 76 195 84 4 102 57 48 31 26 79 63 17 124 178 28 90 185 124 83 32 141 126 163 195 33 97 30 92 194 113 167 24 185 83 34 176 142 139 37 31 68 68 54 105 165 183 128 31 135 128 79 46 117 184 43 165 113 8 200 186 143 72 196 139 158 17 107 110 173 12 121 135 169 25 76 48 49 180 2 179 23 56 197 140 21 99 131 156 194 75 62 102 41 94 16 4 53 77 
9 28 153 68 85 85 183 197 4 193 147 116 28 113 34 134 9 2 12 110 191 169 113 27 77 196 99 163 77 86 197 164 4 76 173 199 103 115 36 183 4 89 5 79 116 62 25 94 70 172 14 195 183 99 28 3 165 136 59 89 37 62 103 21 8 107 151 73 129 39 90 200 27 56 9 48 165 7 18 75 12 196 61 103 148 6 160 37 119 180 192 195 161 19 103 158 17 119 112 60 57 187 93 6 170 106 43 195 17 167 51 98 115 183 123 99 169 41 193 109 181 95 167 144 104 
80 54 173 90 26 186 198 85 188 172 16 20 145 160 48 121 62 172 75 156 25 116 53 115 179 106 70 84 125 173 137 133 135 117 24 74 111 102 132 34 197 178 78 54 47 159 75 156 67 124 30 8 1 39 9 144 40 162 99 137 18 41 47 171 85 61 190 3 122 141 178 37 25 25 29 157 77 159 89 179 4 171 139 104 155 96 162 166 55 128 113 41 154 88 42 50 101 133 81 34 184 121 51 171 128 151 32 199 198 195 113 87 39 71 199 36 125 22 68 82 3 13 132 179 61 
44 145 60 60 136 77 62 3 55 10 178 167 105 131 95 200 117 144 84 172 30 100 189 180 84 157 27 171 59 179 31 81 73 11 190 66 139 125 200 60 126 95 153 15 92 148 129 165 155 94 87 61 182 39 18 94 62 110 132 86 157 38 107 110 74 151 116 61 76 74 94 8 55 71 1 55 98 37 4 105 17 81 188 16 132 42 69 96 61 196 152 34 46 67 27 48 8 87 175 115 100 106 141 29 31 3 65 37 80 128 43 127 13 14 49 118 5 96 138 101 141 170 114 187 119 
6 162 191 65 41 175 192 123 117 43 99 8 120 90 168 72 177 147 119 107 163 171 193 30 159 51 171 158 121 26 104 45 26 195 5 185 26 164 168 26 77 171 195 135 8 96 97 123 40 119 1 167 5 115 29 138 186 185 139 45 177 7 135 115 72 49 133 27 73 187 119 198 78 162 46 58 177 162 35 199 156 152 113 128 25 66 34 99 154 184 162 29 36 192 55 179 88 43 181 80 144 108 21 87 67 89 180 85 151 122 153 113 83 76 88 184 109 147 13 45 80 24 126 121 70 
19 109 28 180 30 18 152 172 114 169 94 86 124 135 177 40 108 80 188 109 180 29 140 7 137 154 97 114 144 82 165 198 143 37 191 153 9 185 191 145 88 78 176 135 164 43 30 198 198 178 137 81 167 151 108 143 30 7 110 60 179 132 86 43 15 38 143 73 100 165 73 86 72 195 144 177 50 60 71 58 179 193 184 15 196 4 126 145 49 77 29 113 175 44 167 196 180 19 3 195 23 125 133 24 15 192 79 191 170 139 48 168 74 138 140 187 72 109 133 8 112 102 108 92 45 
145 8 85 151 81 31 185 115 148 182 91 65 98 103 123 156 60 70 147 133 18 58 193 113 123 190 144 186 177 102 114 71 47 29 40 59 93 80 55 76 143 44 180 184 129 194 165 4 149 44 146 26 4 108 7 113 47 120 52 149 16 50 80 155 182 123 64 63 198 186 24 196 43 51 167 195 69 56 57 10 4 85 138 111 56 46 102 54 73 92 145 195 68 20 101 101 134 75 40 31 18 7 82 10 156 152 51 21 157 80 47 124 97 181 106 14 114 8 188 113 55 131 191 110 136 
52 106 153 98 111 35 144 131 82 50 172 11 11 54 81 171 161 24 1 198 59 142 184 34 197 194 78 63 117 70 80 175 57 35 134 41 16 118 136 30 44 153 154 44 134 150 199 52 131 145 121 140 100 9 164 101 164 146 176 154 65 45 60 24 61 88 171 56 187 3 125 71 131 136 153 180 58 61 92 113 67 91 16 117 26 117 97 122 91 150 20 98 100 173 36 2 17 121 5 172 127 101 176 186 132 126 119 77 82 94 192 39 94 181 164 127 136 53 19 119 126 108 91 91 9 
39 188 48 12 102 193 123 167 185 19 11 133 59 124 128 20 170 193 39 59 126 42 134 125 167 3 56 111 82 63 200 123 138 79 74 58 34 132 109 183 190 71 183 168 6 77 176 96 26 26 55 30 70 96 123 156 31 13 63 160 102 2 76 37 24 156 168 137 92 91 125 190 37 39 123 200 105 172 114 93 6 172 120 143 118 57 107 194 156 84 108 166 97 171 90 85 178 165 11 67 128 176 29 37 136 126 119 161 72 32 173 123 172 23 154 163 38 52 98 55 14 45 35 133 180 
59 116 60 155 33 8 73 76 133 31 44 61 123 23 173 45 9 80 131 45 75 110 125 144 105 153 34 158 36 166 167 117 80 56 94 17 69 181 107 168 105 93 117 60 150 159 156 64 159 71 188 10 38 51 32 84 44 123 156 23 116 12 134 119 146 186 84 136 198 52 7 95 132 25 90 162 1 40 186 199 9 15 143 41 172 136 10 133 80 88 139 152 122 129 55 32 88 156 183 71 44 142 76 25 68 127 148 5 188 33 61 13 136 146 160 61 94 82 3 77 155 68 26 124 100 
185 196 56 199 71 98 166 27 8 143 106 180 161 82 22 93 2 14 132 53 189 23 161 36 97 50 36 7 51 94 44 192 36 163 86 95 6 9 25 119 101 60 163 157 151 56 136 136 81 35 190 39 185 168 36 140 183 154 158 10 15 178 103 13 68 134 35 38 16 151 36 175 160 122 78 37 150 158 5 8 12 83 140 59 84 154 163 59 104 105 99 64 62 70 151 143 75 61 139 50 106 84 109 92 62 122 86 114 59 88 160 38 14 131 144 12 184 196 78 20 182 54 111 175 135 
144 116 100 80 77 46 98 40 72 142 55 87 156 122 50 26 81 184 76 56 140 158 68 106 129 113 15 153 195 155 175 28 73 180 40 193 192 127 81 111 164 31 86 26 11 37 169 176 37 171 160 116 173 190 15 23 88 112 153 121 131 15 29 179 195 28 80 138 24 195 146 93 68 49 37 3 187 129 182 140 199 139 40 181 143 54 95 93 40 82 24 96 54 7 108 190 94 159 56 79 120 57 98 12 27 28 132 57 108 149 200 115 97 180 38 88 53 125 12 103 12 143 137 189 124 
44 182 148 20 57 65 52 193 96 90 101 34 115 171 93 68 113 18 179 83 88 125 179 193 161 155 103 186 16 198 12 179 32 84 61 98 166 42 140 14 127 21 98 170 50 148 18 118 2 136 182 154 194 35 56 179 185 166 5 179 45 60 178 148 9 40 184 134 178 66 51 121 198 168 200 50 7 65 87 113 124 69 177 48 42 173 147 94 41 174 38 176 34 189 113 195 187 112 179 73 184 144 70 140 177 63 73 183 4 152 167 29 3 160 186 38 180 176 78 6 91 103 179 135 161 
108 186 142 183 167 166 83 189 18 198 104 31 72 136 22 144 50 18 59 181 158 58 120 129 146 187 82 36 3 2 197 167 61 56 68 193 93 88 200 67 112 163 143 68 195 148 19 143 84 32 163 34 46 20 82 177 125 149 179 115 92 135 171 191 37 136 87 50 70 25 20 84 65 117 19 108 118 23 194 195 182 135 59 148 8 153 93 140 104 19 151 107 46 50 148 172 24 168 61 167 40 146 24 82 175 11 42 20 135 30 49 7 133 93 100 161 120 138 85 120 122 3 87 67 55 
29 157 114 112 89 112 67 155 75 86 67 12 110 68 127 177 117 16 94 150 15 169 74 197 43 73 189 76 33 99 30 75 54 18 48 187 26 31 124 113 196 179 197 38 189 68 186 122 44 56 134 168 117 147 14 73 89 44 11 117 109 115 195 22 29 8 182 158 102 33 70 151 121 43 97 62 49 166 108 132 24 27 43 97 31 125 81 41 188 91 167 60 168 86 151 127 146 147 103 63 132 68 154 41 177 69 91 194 198 121 49 37 74 171 51 86 33 165 91 51 2 100 96 11 166 
66 19 35 86 61 65 78 43 185 71 173 192 116 197 48 176 145 143 33 40 127 56 68 127 13 163 142 177 151 143 129 49 137 32 49 199 157 112 174 198 2 153 34 1 4 162 169 69 115 60 160 190 195 185 137 54 86 49 177 97 55 164 141 10 189 184 156 103 97 135 4 108 96 151 13 131 81 186 57 147 147 78 156 37 37 187 186 167 156 134 133 148 144 53 129 107 15 68 131 133 19 121 148 161 52 45 177 182 158 70 155 136 37 149 109 24 102 172 95 162 67 25 33 53 84 
91 146 172 120 106 11 99 193 67 52 33 56 106 7 66 90 92 173 20 74 192 112 124 197 166 27 77 76 97 151 69 36 139 2 40 130 137 58 34 148 48 52 177 108 132 50 163 65 94 97 177 26 15 84 185 176 81 168 140 141 48 142 118 88 43 143 180 108 108 15 10 85 163 107 16 149 176 54 178 55 175 129 109 35 39 83 108 177 80 170 164 25 97 61 20 15 53 120 92 117 11 79 80 192 164 59 89 142 12 184 57 70 113 48 141 165 26 9 98 181 74 186 146 197 168 
178 68 80 138 31 2 173 184 147 153 20 151 47 132 144 76 2 19 170 108 196 131 198 12 100 104 30 57 118 128 44 112 117 87 36 75 131 46 116 199 152 108 18 38 106 100 132 30 84 159 190 100 172 49 18 5 89 111 70 107 105 174 106 120 161 86 198 49 22 162 137 72 35 146 198 135 157 168 128 81 106 122 83 57 134 181 142 99 95 172 61 65 83 175 173 132 147 111 146 115 5 29 109 131 69 179 144 145 39 27 196 130 148 168 11 180 96 176 17 93 127 91 182 64 96 
142 17 166 192 164 55 33 58 89 84 91 140 86 195 83 35 13 5 163 70 173 120 88 187 152 176 37 50 51 31 115 77 101 84 116 193 191 8 169 59 71 119 162 33 45 154 104 42 87 72 81 100 148 91 54 62 106 152 22 59 42 42 44 82 40 12 64 127 61 30 41 49 99 74 120 53 42 164 47 48 160 41 110 48 58 152 36 198 99 64 164 127 54 84 23 59 60 41 96 36 115 17 21 152 155 61 179 51 93 177 138 14 143 14 143 12 170 27 4 93 91 156 75 2 89 
178 198 117 35 9 192 51 27 105 155 186 135 102 89 18 27 130 12 93 132 141 24 106 73 107 167 38 139 63 74 196 172 98 149 198 95 151 180 137 131 126 120 140 112 155 24 114 11 113 136 165 197 168 105 101 147 2 31 166 56 166 51 125 149 23 190 70 121 22 200 118 104 32 150 30 135 114 38 88 37 110 177 191 41 82 127 197 43 165 153 121 29 60 45 123 186 121 112 168 147 191 143 43 10 148 197 39 186 97 62 28 168 136 124 198 76 78 175 3 47 124 137 105 78 186 
170 115 161 58 138 100 64 136 32 162 54 37 21 141 99 28 54 18 195 100 133 8 37 54 47 85 95 141 42 80 128 18 46 159 34 41 112 194 13 12 86 84 59 6 65 67 147 59 186 80 40 126 23 199 48 108 54 63 69 18 178 92 80 126 113 104 162 112 141 187 115 24 26 65 67 190 187 48 169 8 36 101 26 56 98 2 105 137 146 32 59 23 186 75 52 169 31 30 131 12 112 191 90 143 71 126 84 22 178 195 186 190 91 77 100 72 104 95 57 68 80 81 54 169 138 
53 190 122 144 116 105 70 184 4 55 31 78 100 112 164 37 82 148 120 174 169 123 173 163 73 181 74 191 121 142 129 42 51 199 3 9 195 4 195 119 44 183 1 113 79 93 70 102 115 126 63 2 52 189 124 80 145 142 38 109 2 82 170 167 177 99 129 52 50 15 179 136 60 170 174 154 13 168 141 180 95 77 31 193 21 183 198 116 154 141 163 24 79 4 95 54 78 67 159 154 156 90 39 53 149 198 21 51 196 111 191 30 107 162 174 60 99 12 146 9 25 15 129 47 151 
39 12 47 79 81 27 181 171 86 183 174 11 74 6 143 194 84 197 182 59 150 158 38 95 74 83 41 23 123 82 110 84 146 139 88 128 2 176 175 81 21 188 166 65 14 18 57 159 81 185 35 135 121 124 176 118 137 163 165 90 57 19 28 175 38 97 92 121 189 123 18 25 130 66 107 68 187 194 64 119 70 49 136 9 171 59 112 51 187 11 108 163 136 55 121 140 106 142 20 121 5 26 131 59 96 129 131 62 42 86 78 1 79 3 82 194 117 45 98 48 169 59 102 37 32 
47 47 107 175 103 24 2 31 54 93 131 174 151 38 55 33 100 185 106 163 152 134 79 152 78 56 63 59 134 147 135 149 124 117 111 161 128 146 186 27 160 24 3 133 107 22 34 6 124 72 4 9 38 145 193 72 114 130 89 44 8 140 105 139 179 135 59 61 194 171 119 108 173 31 38 144 173 123 51 99 61 19 144 181 89 77 74 174 162 61 30 70 162 169 136 80 101 47 34 156 154 66 13 10 129 26 175 71 97 158 95 194 154 47 161 114 125 31 111 88 174 191 125 189 27 
63 194 93 166 140 64 15 157 192 94 141 55 42 146 51 181 49 137 94 136 198 129 51 10 35 65 77 177 76 150 154 26 128 179 106 65 109 46 32 49 9 47 21 126 66 22 101 151 111 46 11 72 74 85 132 130 133 73 42 191 110 140 95 147 190 12 123 53 171 31 85 96 1 63 32 116 46 181 54 88 195 77 57 18 153 118 117 134 174 67 100 76 34 55 193 165 106 178 155 73 2 88 131 79 147 46 89 134 2 74 89 165 131 123 47 150 62 133 8 161 107 168 7 39 153 
199 35 192 104 170 120 198 3 187 128 189 64 88 71 78 176 130 30 78 71 6 90 170 23 11 136 86 45 56 98 197 65 123 183 176 158 200 164 69 64 1 13 8 56 80 35 59 78 5 188 131 189 194 175 182 87 168 2 73 94 128 133 98 86 134 51 62 21 110 35 148 67 157 147 114 146 73 177 192 148 20 112 194 65 171 87 166 27 153 127 178 57 109 160 113 152 161 144 181 57 95 90 83 26 117 59 103 88 35 122 175 104 78 142 73 82 152 147 113 52 162 188 194 9 194 
177 83 1 85 158 143 181 185 44 105 12 42 167 128 186 10 8 78 68 32 3 38 58 184 149 44 120 147 59 177 143 72 171 39 15 179 166 3 102 186 162 148 123 179 107 148 3 8 59 8 81 59 28 12 59 42 158 141 98 172 154 19 132 174 122 41 130 98 137 84 45 117 126 84 92 103 82 199 55 117 46 80 74 196 155 145 29 123 1 84 145 79 135 132 134 5 53 73 32 128 84 108 165 196 95 123 131 95 128 192 31 142 21 103 114 171 145 62 148 87 105 27 77 95 7 
153 52 169 187 64 43 60 104 121 21 80 187 44 86 56 22 166 61 87 170 148 160 130 148 188 163 85 157 180 187 156 81 33 105 28 46 164 81 98 181 17 30 46 108 46 50 120 129 86 7 63 160 156 78 119 199 157 186 161 165 133 21 137 122 192 2 158 88 22 117 161 96 134 98 93 37 178 113 48 85 102 78 116 111 51 72 34 195 98 126 23 10 97 147 137 103 173 50 2 11 8 189 191 104 173 125 70 163 161 75 128 194 182 131 13 58 107 56 22 147 159 88 27 41 153 
114 160 124 53 64 168 87 155 1 79 73 164 80 141 151 191 130 15 133 29 112 7 34 191 112 200 134 103 93 122 200 135 132 144 55 154 30 135 140 152 130 111 84 161 87 119 58 138 98 125 159 120 187 128 57 111 30 3 95 52 10 177 88 169 61 167 34 174 187 170 64 34 152 121 163 83 20 195 154 151 125 179 91 83 74 13 156 161 156 186 58 160 48 110 47 125 60 90 110 96 85 36 7 165 77 84 34 184 95 110 132 92 98 108 195 39 11 82 106 116 193 152 150 5 14 
196 101 141 65 126 32 41 91 178 149 175 33 131 62 194 56 155 133 144 18 144 17 181 32 166 136 183 86 145 50 5 178 101 169 55 92 186 158 152 105 95 16 22 50 43 83 145 107 179 5 162 39 189 28 148 107 43 69 67 87 73 10 147 150 180 161 76 5 101 78 29 192 85 112 99 176 124 158 174 122 115 161 20 80 25 110 115 91 76 119 4 116 153 29 140 92 38 139 136 67 91 51 198 53 6 23 67 116 189 41 192 192 93 23 136 20 76 129 110 170 36 12 64 171 187 
