100 4
0
1
1 36 197 36
2 146 66 14
3 198 30 258
4 234 97 40
5 316 193 1088
6 330 146 1206
7 342 39 654
8 371 23 417
9 426 50 826
10 507 171 849
11 599 85 939
12 636 81 1284
13 706 79 864
14 761 171 1787
15 836 161 1158
16 859 52 963
17 879 145 879
18 982 83 1314
19 1056 92 1608
20 1171 82 1499
21 1237 110 2117
22 1242 125 2242
23 1313 133 1313
24 1370 19 1332
25 1418 83 1252
26 1441 75 1591
27 1446 159 1764
28 1548 114 1776
29 1602 30 1542
30 1651 44 1563
31 1695 121 2663
32 1744 60 1984
33 1762 107 2190
34 1821 159 2457
35 1886 24 2078
36 1920 75 2070
37 1957 35 2237
38 1976 91 2704
39 2006 170 3026
40 2052 6 2064
41 2260 65 2130
42 2287 90 2467
43 2302 173 3686
44 2327 119 2803
45 2369 113 3047
46 2441 101 2643
47 2625 70 2765
48 2661 32 2597
49 2695 163 3999
50 2831 55 3161
51 2853 90 3213
52 2893 7 2893
53 2949 80 3109
54 2962 125 3712
55 2975 111 3419
56 2990 3 3014
57 3012 109 3884
58 3055 13 3107
59 3126 51 3228
60 3141 152 4357
61 3163 15 3283
62 3176 7 3232
63 3226 16 3194
64 3252 161 3252
65 3255 19 3369
66 3256 140 3536
67 3261 147 3555
68 3290 147 2996
69 3312 174 4356
70 3333 4 3341
71 3416 183 3416
72 3465 188 3841
73 3474 163 3800
74 3475 194 4639
75 3498 100 3698
76 3522 100 3922
77 3531 18 3675
78 3624 27 3570
79 3647 158 4911
80 3858 129 4632
81 3886 159 4522
82 3930 111 4374
83 4002 165 4992
84 4171 8 4187
85 4313 162 4637
86 4336 27 4498
87 4378 8 4378
88 4384 53 4596
89 4464 118 5172
90 4490 104 4698
91 4513 175 5913
92 4576 113 5254
93 4591 193 4205
94 4591 199 4193
95 4636 62 4636
96 4759 92 5311
97 4789 92 5157
98 4884 8 4948
99 4900 43 5244
100 4937 9 4991
177 77 159 42 161 32 34 77 162 38 136 87 157 19 155 26 173 161 51 133 141 159 146 33 88 179 35 8 99 160 32 176 10 2 150 164 15 128 165 6 67 125 95 121 150 3 3 19 113 195 38 35 24 1 109 94 115 85 189 172 60 153 40 136 184 51 65 112 94 87 44 171 102 159 181 59 61 60 58 134 50 121 37 165 3 38 69 123 56 64 53 22 103 14 80 56 32 121 6 129 
177 9 196 145 46 77 12 115 174 147 71 97 142 81 44 127 13 180 148 170 138 168 112 37 113 31 49 50 3 91 20 37 16 84 53 10 159 180 96 14 67 153 190 62 64 73 137 61 56 169 7 119 40 157 200 154 102 114 47 56 154 136 149 44 86 1 155 148 72 65 124 143 34 19 34 175 187 58 13 50 88 126 165 120 42 165 52 189 28 39 65 123 46 199 147 14 96 122 186 10 
197 72 199 156 143 5 85 120 44 4 106 130 77 89 40 26 169 170 1 116 23 97 118 189 150 47 197 108 73 168 70 78 24 123 171 38 175 199 160 182 88 8 106 43 54 74 182 105 98 144 112 118 84 95 197 82 81 21 43 133 142 88 175 9 1 116 126 80 79 65 66 48 4 76 184 174 31 122 136 153 31 162 38 76 67 187 97 47 82 13 173 108 4 43 150 83 64 105 92 178 
84 41 94 105 113 78 162 152 73 86 51 115 119 114 70 172 140 52 152 154 167 189 151 133 23 37 124 49 123 64 142 73 106 127 153 76 17 179 109 114 172 16 157 24 140 145 163 55 112 44 13 2 158 123 82 130 193 186 21 70 118 182 123 28 79 5 98 105 120 193 152 98 13 45 161 25 42 86 163 68 101 6 138 165 121 36 50 101 160 172 50 162 184 83 93 112 3 161 187 67 
14 195 178 149 100 93 34 114 118 3 88 77 121 133 29 169 162 107 76 118 58 21 65 101 12 18 110 25 147 101 178 31 194 167 148 184 139 95 21 67 47 143 177 129 78 12 85 13 8 53 47 181 53 195 69 106 194 65 198 147 108 129 65 169 109 128 16 130 2 45 48 155 26 42 128 12 84 5 158 68 191 78 66 50 87 193 121 184 110 109 107 193 134 45 163 193 198 103 23 68 
153 66 88 198 2 172 164 96 74 190 189 148 33 119 53 32 109 76 56 63 173 190 140 107 100 69 161 27 55 35 85 104 36 186 133 2 6 105 159 197 60 24 173 165 16 27 93 104 52 178 187 23 19 58 91 7 69 160 131 186 107 62 16 151 139 60 186 133 164 113 141 4 162 16 169 27 30 3 14 19 36 86 190 4 197 118 173 90 115 83 105 32 183 194 180 134 154 27 151 63 
195 131 137 89 109 16 128 34 53 60 19 146 156 157 180 40 198 8 14 163 176 188 47 123 93 85 73 175 92 144 79 186 166 199 128 69 156 154 46 42 71 32 66 131 78 119 106 174 65 85 11 43 94 74 86 54 65 29 127 52 54 140 13 183 33 184 13 46 37 51 80 125 168 170 36 101 150 13 179 54 78 165 15 126 65 85 21 2 118 56 178 53 81 38 198 161 37 70 106 35 
163 136 69 30 71 119 40 46 2 69 111 199 140 76 171 75 94 80 180 82 145 13 168 157 17 189 94 138 77 4 196 82 117 158 157 92 121 21 188 79 121 145 78 15 123 138 17 98 172 142 129 194 175 48 108 19 175 39 189 140 95 39 74 176 181 37 20 73 15 110 167 30 63 25 176 174 135 188 143 15 194 31 42 193 158 115 129 62 62 67 114 98 123 200 148 22 75 50 59 87 
173 153 162 67 16 118 192 21 51 160 49 70 198 91 26 183 23 190 10 35 183 94 23 200 140 44 93 67 174 122 79 151 75 6 12 138 108 161 185 140 20 41 124 118 118 31 172 50 197 107 87 71 18 5 36 27 90 145 179 98 180 42 36 67 134 126 52 146 100 151 36 193 104 40 177 41 19 150 1 115 154 137 167 168 35 104 79 56 184 5 106 161 39 54 106 102 49 137 152 73 
184 16 108 62 28 84 89 49 117 148 75 119 133 185 129 75 7 127 193 36 53 122 170 75 163 192 166 103 37 73 21 47 154 93 48 143 100 2 102 171 188 5 162 14 42 180 168 37 46 197 17 28 12 6 69 91 114 158 88 26 70 49 166 25 14 109 23 44 128 100 129 127 124 164 153 162 5 102 37 67 130 177 128 73 159 102 94 128 65 47 169 71 80 50 113 190 34 198 47 177 
128 121 33 140 65 64 134 115 20 28 189 147 122 52 195 16 185 122 49 3 142 166 101 66 118 82 120 45 88 81 16 42 180 123 187 37 135 116 124 79 5 6 169 60 167 4 36 91 124 86 116 34 179 149 29 146 13 128 176 151 176 164 151 107 38 2 121 44 152 41 152 121 150 24 27 188 170 109 78 120 128 75 161 17 186 38 132 122 69 135 131 155 23 135 30 91 111 31 166 4 
162 147 86 190 106 150 157 90 178 65 160 21 165 71 120 112 146 152 34 15 104 8 164 91 142 50 16 184 106 100 39 111 36 25 178 154 171 143 19 32 83 124 91 43 65 92 85 164 182 54 39 40 47 143 192 195 76 79 12 150 193 167 121 112 155 159 147 56 187 158 6 97 153 5 98 101 12 41 58 82 78 123 38 116 181 57 52 122 40 79 117 9 128 32 29 68 167 13 21 94 
158 49 23 200 117 159 13 98 189 131 100 86 10 101 123 14 29 124 177 112 17 188 169 140 161 186 150 183 96 154 109 100 39 8 6 117 51 160 81 42 138 140 136 50 154 17 115 86 45 133 21 174 196 93 89 35 150 184 95 177 184 174 191 91 181 193 101 17 30 190 17 11 158 116 23 86 75 191 177 41 165 47 119 101 131 26 156 145 173 172 39 109 36 158 101 68 31 141 19 152 
44 17 187 52 186 78 158 14 30 144 3 25 26 183 170 82 52 57 76 162 46 198 168 14 56 11 153 9 12 58 141 27 168 27 51 92 181 147 15 99 159 139 18 1 104 186 187 5 70 67 196 70 129 46 175 124 21 57 87 26 4 162 181 115 78 132 79 79 147 32 77 144 20 22 165 5 199 11 71 26 145 112 51 111 73 47 42 170 37 193 170 134 22 64 116 6 61 173 67 86 
87 138 167 25 193 80 121 159 173 24 149 65 190 44 38 132 50 104 198 90 95 145 7 3 70 92 113 69 199 44 75 7 143 170 173 170 140 52 25 61 116 88 94 92 72 140 98 161 85 99 136 170 53 144 184 42 24 58 178 65 94 74 154 160 96 118 175 105 111 89 39 99 186 192 132 162 118 36 70 137 46 51 118 166 18 27 111 162 42 140 197 111 155 159 114 141 151 194 63 112 
3 155 29 24 151 66 86 43 83 101 102 35 130 184 168 19 146 75 80 192 13 1 199 141 157 37 163 63 134 3 80 178 9 193 148 57 23 107 127 64 191 104 188 93 185 59 72 130 89 145 188 156 84 73 56 147 122 179 47 70 147 35 65 6 119 81 1 134 83 100 132 85 179 189 171 157 195 24 81 94 160 196 12 147 157 40 123 47 103 22 108 183 180 52 87 79 76 26 121 120 
189 180 50 108 134 193 96 114 63 151 179 135 123 22 197 151 176 162 71 30 2 193 112 12 168 49 181 140 46 51 184 51 106 199 178 92 159 109 124 165 170 34 125 84 79 114 121 155 61 47 27 92 71 120 67 197 134 14 27 45 191 14 59 195 10 101 133 6 34 49 37 97 40 175 44 45 180 134 122 197 142 114 183 107 13 1 166 95 141 167 74 140 21 81 6 128 104 28 190 31 
12 158 20 170 96 113 180 53 8 49 184 93 166 134 73 197 162 165 117 26 65 36 80 44 129 132 132 25 38 14 193 42 106 1 154 106 125 86 130 150 163 14 15 80 51 35 43 142 15 23 135 144 31 46 35 93 104 80 80 93 118 121 120 82 44 17 110 91 106 196 6 65 22 151 159 156 78 159 180 160 198 92 54 81 23 32 126 148 193 117 41 183 151 72 194 112 175 190 82 172 
82 84 121 70 147 45 181 27 89 185 82 125 88 107 143 178 31 190 117 10 79 66 198 117 170 85 15 63 157 66 186 97 140 115 34 57 120 95 8 107 66 171 112 16 31 62 72 51 177 55 161 78 71 145 51 26 52 147 18 78 138 94 101 160 175 102 124 200 159 112 11 32 92 183 76 153 137 19 60 35 127 119 101 156 106 150 154 163 140 29 104 146 85 147 20 118 93 72 173 160 
46 99 74 159 45 72 151 55 52 129 113 167 78 158 8 74 3 45 99 128 88 42 18 98 147 186 186 120 105 122 118 99 62 123 109 9 25 111 8 199 105 138 70 104 14 75 74 146 142 55 122 190 172 189 137 55 136 84 86 100 75 10 66 11 126 18 78 183 78 169 127 158 40 90 25 108 3 84 111 55 85 109 87 6 119 97 149 103 155 105 17 49 77 22 190 177 157 13 58 19 
104 19 29 99 188 79 58 130 160 67 81 13 176 106 44 151 137 170 145 110 200 118 77 115 63 95 13 6 88 98 199 81 162 77 90 100 166 92 200 154 47 144 41 87 145 10 32 55 4 25 128 188 145 71 139 48 74 189 137 119 99 154 74 101 112 14 48 77 116 96 155 133 119 156 92 53 138 17 68 139 155 155 28 55 163 29 40 139 20 183 153 105 140 155 154 111 154 140 43 63 
160 110 143 183 135 122 150 195 183 194 91 32 133 120 112 169 199 89 198 112 31 122 59 73 68 62 84 67 185 134 182 140 51 44 157 109 30 122 13 32 94 153 126 131 40 48 70 42 177 59 142 92 54 153 10 63 134 151 80 12 88 29 15 46 161 190 44 179 189 129 156 36 59 43 75 8 175 143 185 79 90 154 125 180 64 24 135 177 193 180 68 101 155 107 92 190 12 43 114 72 
146 115 123 110 62 19 35 166 146 154 4 88 60 134 86 147 107 102 70 36 121 25 159 135 56 180 127 49 142 151 113 162 49 23 111 190 95 64 175 41 164 200 135 7 117 16 99 39 46 125 122 78 80 72 50 25 177 71 87 195 106 157 74 108 187 68 15 55 142 41 162 14 44 56 40 200 11 111 172 128 51 67 131 117 183 185 12 8 200 98 129 197 76 66 154 75 129 165 103 144 
113 197 116 146 89 54 109 35 147 170 25 176 188 51 92 49 78 168 132 5 89 155 113 84 49 37 148 77 23 31 81 29 45 121 9 176 23 52 29 125 138 182 124 98 16 165 101 17 16 129 111 26 84 85 38 174 124 138 130 84 88 71 70 196 2 86 188 55 35 103 13 6 32 179 29 77 84 38 187 29 101 38 42 79 79 30 84 122 103 51 98 30 78 52 162 12 39 31 18 171 
130 139 51 45 169 4 143 41 49 69 149 49 19 175 152 83 140 74 173 196 93 113 102 182 86 152 59 104 57 169 107 88 7 28 69 97 114 95 129 152 120 140 80 131 128 84 192 61 150 48 35 181 39 93 29 159 139 46 136 21 169 111 47 62 22 167 14 67 65 112 1 142 168 61 171 49 107 74 162 189 147 108 200 57 78 50 17 31 71 24 88 107 26 116 147 79 128 165 17 81 
34 123 101 179 2 120 60 130 164 103 31 123 70 38 177 116 156 55 45 14 167 187 195 60 105 37 15 111 168 86 3 66 70 167 172 200 129 94 164 186 124 65 24 39 10 98 138 56 58 41 116 171 168 73 17 178 94 54 53 67 175 83 51 145 77 25 120 10 63 194 151 38 140 11 100 132 124 199 112 178 149 196 178 128 118 184 69 83 146 23 27 28 32 81 78 137 54 148 175 93 
11 148 149 113 6 172 115 130 173 140 109 43 113 100 74 163 86 64 105 157 167 76 196 117 55 64 119 80 62 112 97 79 99 124 18 61 153 78 154 141 61 125 50 69 69 17 130 99 11 38 120 69 153 85 35 110 197 82 76 198 150 85 189 22 91 14 176 51 190 16 62 34 133 4 13 154 55 156 146 190 184 107 42 163 70 126 63 124 32 116 139 147 56 23 116 165 169 194 48 106 
126 33 37 8 168 134 46 189 149 28 3 42 138 123 54 7 124 14 80 173 113 163 87 22 132 20 70 140 7 138 154 39 58 88 96 98 134 25 156 174 158 44 195 66 95 90 4 126 164 71 99 132 18 77 71 184 181 142 132 119 196 184 90 121 116 37 27 167 176 188 8 162 101 27 110 152 148 105 61 174 36 84 41 58 90 74 110 173 30 26 85 184 90 170 9 8 137 129 135 102 
173 124 14 16 7 191 120 4 85 156 191 63 120 28 134 21 109 85 12 83 129 195 100 68 141 195 183 150 23 146 60 37 102 183 77 121 189 134 47 118 115 46 102 86 153 59 160 59 75 132 115 190 40 52 181 17 34 14 71 7 149 152 50 147 59 192 126 21 91 145 145 189 2 6 195 93 156 195 45 13 129 6 168 185 163 30 44 152 194 167 180 68 168 156 178 157 157 71 139 185 
128 44 50 167 89 13 76 43 26 190 109 134 21 41 11 174 132 158 128 73 189 166 155 112 23 104 10 40 162 186 86 45 90 132 160 154 197 134 61 73 43 106 21 151 38 167 130 164 109 121 117 82 158 56 58 135 6 195 47 119 144 138 185 136 13 144 175 149 2 170 174 28 50 144 162 8 148 29 99 183 15 83 200 105 131 46 193 33 118 146 42 160 67 34 144 83 23 94 50 128 
104 162 37 135 111 38 22 190 126 34 93 141 2 51 150 146 85 43 61 89 155 63 71 56 87 104 82 170 61 106 93 107 97 181 174 45 95 39 92 170 114 79 70 131 108 144 195 170 55 178 7 178 91 112 1 116 85 59 135 155 70 77 148 45 109 30 148 11 35 60 106 119 25 3 185 149 193 29 49 105 150 139 186 172 192 8 26 183 188 119 188 111 114 139 164 36 61 52 138 41 
61 27 125 183 74 89 198 110 32 192 150 114 195 150 179 21 174 12 14 109 101 93 75 55 46 14 178 104 115 138 77 72 114 108 116 8 34 41 117 127 149 94 49 82 88 102 191 83 66 147 142 175 137 52 99 186 157 59 179 124 117 68 185 72 161 73 95 17 109 84 29 51 133 51 108 27 195 186 14 137 98 71 145 169 27 23 115 161 61 169 93 50 173 124 70 13 12 4 35 47 
132 35 125 91 32 49 78 8 96 90 29 171 41 28 89 179 37 62 146 119 67 40 113 136 88 94 16 128 38 191 97 117 62 30 58 85 100 40 36 35 96 199 22 132 119 198 85 60 37 61 46 14 48 75 35 77 198 18 58 2 147 20 32 17 6 195 41 184 98 60 195 39 73 113 17 71 180 13 141 91 112 29 28 78 129 62 192 101 72 76 146 50 100 43 33 138 171 41 52 115 
140 21 151 141 142 186 60 17 29 103 70 33 92 99 47 48 31 119 140 192 22 2 179 6 142 46 44 28 131 73 42 117 126 200 177 98 199 122 172 58 12 172 152 8 44 127 152 156 135 5 21 41 138 131 38 10 144 36 102 133 89 96 51 135 165 50 195 129 2 195 50 128 168 168 106 95 188 198 72 21 47 183 81 113 177 193 154 88 68 154 168 165 110 6 28 195 130 110 179 71 
4 118 107 137 70 117 45 162 161 124 77 82 186 109 92 164 73 138 80 20 93 58 168 170 170 78 154 148 199 157 76 136 24 106 76 79 72 34 115 91 48 15 94 92 134 128 144 4 180 74 18 157 144 48 41 81 135 53 21 18 87 69 98 14 70 155 46 142 153 197 82 24 91 162 75 13 61 173 74 144 182 130 194 136 141 109 97 166 74 95 190 185 30 144 117 30 107 132 101 1 
98 89 151 43 125 43 111 162 27 183 61 193 12 147 184 62 86 199 191 33 45 101 17 183 140 5 197 197 37 159 151 133 67 10 28 27 182 15 169 112 153 180 154 139 197 65 49 111 104 78 98 116 59 121 195 159 80 180 8 186 167 72 128 47 117 98 109 177 79 11 45 138 93 70 89 187 20 15 148 45 117 33 111 2 161 147 58 161 35 48 62 78 140 170 198 22 92 197 173 133 
169 183 41 165 45 175 158 148 147 24 126 28 26 91 93 3 117 134 56 200 200 47 121 153 38 101 191 70 78 163 159 119 167 142 47 190 23 37 198 87 65 34 141 79 128 155 188 106 100 171 104 98 38 175 100 2 48 169 76 108 84 112 18 38 5 153 75 86 187 13 99 107 134 105 184 41 166 15 114 32 75 20 102 48 89 174 151 45 184 88 172 138 32 96 85 109 89 154 28 22 
21 146 127 55 128 161 140 128 184 153 25 69 122 161 108 92 24 162 161 112 110 195 140 196 39 102 36 55 88 153 195 49 16 112 162 80 69 5 161 99 30 132 189 3 178 12 124 190 191 83 94 196 200 23 190 16 42 90 125 39 58 159 196 18 154 75 65 48 106 146 64 80 150 126 57 175 52 41 92 73 87 176 65 190 77 120 169 121 135 4 157 153 118 3 199 119 194 171 24 85 
106 197 194 97 124 21 128 92 181 108 133 119 118 196 196 14 113 85 139 9 54 96 106 196 22 90 156 172 137 27 94 19 25 54 3 167 150 9 8 65 2 154 172 107 87 26 186 144 150 120 49 179 154 64 58 106 78 181 142 13 42 69 198 33 187 137 155 150 128 140 85 7 40 123 24 186 148 2 120 3 43 152 163 95 57 116 41 104 128 175 138 188 128 32 178 69 52 146 137 60 
127 132 136 4 142 143 94 67 43 121 79 125 2 138 20 115 60 108 18 80 22 93 8 88 122 28 62 102 104 115 86 9 5 29 176 170 139 187 197 149 146 60 179 106 33 174 102 187 26 189 114 105 144 32 38 195 24 168 54 65 183 35 6 195 123 186 154 156 116 152 167 180 117 129 40 48 196 131 67 2 141 78 101 118 107 130 90 3 136 193 136 83 106 183 3 151 52 182 107 29 
4 112 77 57 129 14 163 125 136 56 33 106 67 72 85 6 20 171 162 150 106 137 20 105 41 200 68 195 49 159 156 198 122 84 26 177 69 90 30 12 70 197 126 9 83 164 197 186 50 158 183 140 150 191 181 62 119 142 85 32 77 187 154 1 64 161 161 59 82 4 95 121 160 26 134 88 38 115 58 35 114 165 115 95 163 51 141 141 32 112 114 186 22 194 100 132 49 105 6 89 
143 142 128 106 92 33 39 130 159 3 180 158 80 93 31 162 68 117 102 166 125 53 72 16 155 113 116 71 10 176 82 92 109 66 114 77 101 192 161 157 82 56 163 25 15 33 161 84 108 12 89 135 164 78 101 182 89 47 58 117 49 111 102 193 143 162 105 116 67 61 99 109 117 152 67 88 3 176 140 167 130 186 178 114 94 13 20 143 75 197 189 165 43 179 113 195 141 105 19 52 
89 169 86 80 118 18 42 75 6 131 183 1 69 2 91 150 22 85 4 85 110 85 4 115 56 81 119 14 47 20 78 197 64 6 5 74 73 13 156 26 61 137 194 146 146 55 116 39 132 147 73 39 109 20 156 134 74 37 115 138 4 190 6 82 57 195 138 79 44 137 13 26 75 60 142 164 188 62 15 126 30 191 87 160 160 97 181 21 7 83 90 48 16 30 95 47 123 38 169 87 
167 104 126 197 23 147 86 140 20 105 64 94 140 88 200 88 159 148 31 93 25 80 192 101 192 173 152 136 147 91 76 64 71 135 179 146 3 108 29 146 72 152 45 27 188 131 123 56 184 190 107 87 127 113 184 22 102 83 66 157 3 144 75 71 198 61 68 49 78 185 143 84 18 191 26 133 135 177 119 19 73 130 186 93 151 76 18 170 119 174 66 146 182 77 88 145 65 83 169 130 
37 65 113 72 198 173 94 182 183 29 198 176 23 196 9 141 102 173 36 32 111 175 112 154 140 89 70 170 171 68 199 170 30 72 167 15 129 54 154 3 163 134 67 25 18 168 138 94 109 58 176 69 169 93 150 77 102 96 127 75 76 80 140 40 162 94 19 15 183 148 54 106 135 91 194 34 104 131 132 64 117 13 39 168 46 168 165 64 193 21 130 186 171 20 185 128 28 156 85 34 
105 81 6 185 122 153 131 109 90 28 32 90 195 174 4 198 143 173 86 71 163 182 170 17 122 119 191 85 72 14 82 160 76 119 93 176 148 41 144 150 88 114 198 185 126 118 175 13 92 129 66 137 194 43 96 126 169 150 77 61 186 84 171 36 133 87 2 190 36 21 55 160 57 84 51 19 134 103 70 94 131 159 63 56 89 168 64 5 87 37 179 38 180 129 112 171 86 105 185 77 
29 200 57 198 164 76 122 46 197 153 8 189 93 56 50 38 152 72 108 9 18 86 197 109 81 56 57 129 85 75 90 135 130 198 193 171 4 125 169 116 109 138 133 155 168 180 123 13 15 176 127 137 122 42 142 194 118 3 19 134 119 168 100 188 82 104 187 83 145 16 102 147 118 39 8 94 129 53 145 190 111 199 117 54 145 170 60 3 152 165 69 36 102 163 156 162 107 137 116 169 
80 130 126 138 88 9 22 70 125 26 80 93 98 150 78 55 79 193 54 142 23 99 157 160 11 157 192 88 147 19 182 148 127 82 23 126 69 95 148 53 8 41 62 65 107 149 121 143 108 56 152 162 9 111 14 188 186 162 36 120 39 178 74 103 2 52 90 46 94 78 24 52 96 131 52 179 109 149 138 77 57 13 101 43 50 15 124 158 2 153 146 63 180 124 142 100 136 195 155 47 
90 161 181 12 169 104 200 89 9 123 59 35 14 131 158 52 111 59 14 182 130 92 1 17 47 126 41 13 94 108 90 32 142 69 153 52 35 44 132 130 17 110 76 71 83 144 39 24 145 27 32 128 55 126 71 11 6 27 114 184 183 16 144 37 156 34 135 149 128 24 83 154 82 82 171 81 179 125 176 175 51 146 45 8 110 155 151 157 162 150 133 45 55 188 110 90 77 56 136 135 
51 7 23 157 52 80 162 133 13 68 130 191 76 15 88 28 1 115 46 107 26 87 96 144 178 4 34 28 47 105 181 6 40 128 136 16 160 162 52 21 80 50 124 34 98 189 43 18 155 197 162 144 170 2 32 127 191 83 16 139 28 142 38 54 142 130 170 23 151 30 16 7 194 122 38 71 78 170 199 117 43 103 44 148 37 154 72 6 12 48 89 134 106 174 186 71 154 165 122 19 
180 194 105 113 82 26 90 160 5 66 188 147 111 153 67 111 186 88 162 6 19 59 158 169 49 132 123 59 95 178 195 24 194 65 52 64 80 21 157 42 157 198 124 25 41 5 152 79 33 84 111 187 69 162 26 93 132 132 120 39 177 122 180 178 125 29 38 77 52 20 138 84 96 26 67 83 117 135 176 122 122 36 92 90 85 57 123 68 108 23 106 48 130 63 4 121 179 138 16 190 
172 116 21 23 58 147 145 79 197 184 191 101 127 55 143 55 65 99 162 90 179 152 23 117 194 6 24 66 80 46 116 82 75 85 38 5 141 98 147 151 3 74 75 11 182 82 130 106 159 141 1 48 152 48 97 161 26 129 112 196 68 124 21 108 10 134 125 70 108 75 128 145 78 48 199 12 115 34 146 121 91 88 105 110 117 151 7 200 170 133 200 131 74 5 54 7 104 55 60 30 
43 143 13 99 70 61 142 27 81 192 181 187 155 188 127 5 115 24 105 166 66 183 165 127 191 45 62 79 110 5 19 59 62 129 185 4 109 9 50 179 6 99 94 83 169 52 44 156 58 179 10 113 168 127 9 183 127 13 79 135 69 131 115 200 102 59 89 200 22 26 17 173 29 100 5 97 65 46 162 8 149 123 53 103 185 52 46 45 123 100 127 88 127 48 88 165 68 40 31 89 
65 68 59 76 179 192 15 95 4 196 111 196 42 113 114 98 78 70 89 173 190 56 32 4 58 174 181 198 94 32 195 75 69 127 107 181 196 140 61 168 120 191 47 13 63 103 156 21 77 189 181 97 175 107 59 152 157 187 26 168 67 187 8 77 149 146 57 199 190 5 15 134 64 30 91 151 28 98 193 17 106 24 186 142 6 9 82 28 118 35 190 12 74 2 80 177 114 73 14 14 
140 139 48 140 128 181 184 185 21 78 168 2 164 60 69 19 153 158 33 11 28 95 69 61 113 2 53 134 94 159 132 12 95 97 49 157 196 176 46 120 98 44 139 190 186 108 135 149 16 140 127 34 186 96 119 156 69 26 106 23 154 190 64 188 49 124 126 30 55 191 31 124 64 90 111 50 137 123 156 31 119 134 52 121 85 72 124 164 5 109 179 56 47 51 171 147 24 50 144 61 
176 47 179 59 112 175 138 72 116 57 59 76 19 131 136 64 50 21 147 120 47 9 47 6 60 130 188 136 133 8 19 90 22 101 165 103 46 96 115 72 142 92 105 152 45 59 103 34 193 4 11 57 127 152 84 169 160 47 5 13 152 124 89 31 35 34 117 88 67 162 13 54 99 20 23 73 149 63 34 146 89 86 167 113 32 65 13 1 91 123 35 143 53 138 182 103 21 175 70 119 
37 127 178 39 91 91 199 150 80 132 56 106 48 28 171 137 182 93 173 180 35 142 67 54 1 153 134 113 179 99 84 68 84 10 187 81 77 101 166 20 110 24 151 60 70 38 83 151 67 152 128 32 50 92 191 181 31 174 108 127 197 165 85 4 73 141 170 94 138 106 94 16 83 186 143 177 43 60 149 101 128 27 131 179 88 36 127 194 19 94 42 44 18 91 130 4 79 138 14 48 
183 90 58 27 161 100 23 35 28 177 95 116 152 56 165 97 47 47 88 84 187 140 196 72 137 34 25 158 50 170 143 117 156 113 1 169 100 62 81 102 41 19 133 142 54 100 86 152 143 40 126 157 96 118 104 130 110 64 174 48 65 188 24 152 110 113 99 113 103 182 74 133 71 75 22 20 156 196 32 107 88 109 87 143 99 123 74 136 36 15 94 25 146 10 161 60 114 105 163 23 
158 102 38 18 85 79 49 160 190 141 173 72 20 165 193 140 56 144 152 25 45 196 117 98 83 5 94 127 157 88 105 66 159 69 3 6 138 122 73 12 136 76 113 189 164 122 45 3 139 18 170 174 6 34 96 82 187 21 5 88 37 49 63 58 18 59 170 11 15 185 52 54 5 72 84 156 55 29 195 185 31 11 29 166 106 119 171 18 124 88 42 144 165 142 162 40 96 186 68 191 
146 163 16 16 99 81 90 164 200 18 60 94 100 125 165 9 67 170 84 194 181 188 184 37 129 142 72 148 49 27 162 195 162 134 195 82 129 122 27 71 80 179 149 141 3 147 181 172 108 55 168 16 105 22 171 63 41 64 47 79 164 190 51 39 193 148 16 55 75 194 99 117 161 103 156 51 136 113 166 15 87 173 75 86 129 68 108 68 131 147 44 75 12 198 108 94 72 191 7 11 
115 187 190 14 66 98 41 146 78 173 134 44 125 75 136 196 8 129 172 28 120 146 190 142 189 116 69 41 89 36 88 118 48 112 179 1 176 146 20 6 154 141 122 92 76 93 69 26 26 81 38 151 68 22 44 157 37 24 103 90 70 147 74 73 191 98 167 127 77 122 4 175 77 173 198 72 103 150 169 153 16 102 56 72 21 95 95 96 49 193 53 51 124 16 135 175 95 145 181 116 
115 43 139 46 37 189 170 168 44 8 105 21 36 4 168 103 91 83 91 165 60 27 96 171 138 78 180 152 127 59 53 66 28 111 181 125 21 70 51 111 34 39 57 191 151 67 27 94 118 21 124 12 52 73 121 131 45 25 79 127 61 96 90 32 199 93 96 77 103 80 19 170 49 24 122 45 118 91 36 92 111 141 100 189 173 85 64 101 25 83 139 124 142 67 103 83 129 136 74 115 
168 81 171 51 153 128 150 157 51 62 7 38 41 112 50 154 153 87 84 91 73 53 108 117 198 116 76 139 110 8 172 161 117 172 23 46 181 151 101 60 142 54 107 79 47 196 100 65 185 26 162 156 4 193 190 1 6 149 36 193 98 150 161 39 80 68 12 153 110 27 44 91 38 125 166 11 40 165 167 37 146 186 113 164 145 153 107 42 42 171 78 149 105 178 43 60 65 114 142 5 
113 22 118 143 144 138 104 186 126 106 180 81 101 87 172 44 132 105 73 116 26 17 33 189 17 78 90 73 40 168 111 194 50 58 167 48 3 82 7 115 117 121 124 23 109 179 90 62 132 167 113 176 60 175 36 32 112 140 126 26 136 19 197 30 131 132 11 10 176 191 146 163 64 142 40 138 112 106 97 93 200 144 110 6 1 29 61 18 148 49 157 152 20 4 174 76 110 76 20 162 
112 122 21 46 56 189 50 81 27 112 114 79 81 199 81 83 80 107 49 140 56 190 40 57 5 59 156 106 182 160 62 142 89 153 37 109 163 106 124 26 110 73 196 137 32 80 98 108 188 129 173 78 46 166 31 62 50 193 168 192 123 38 52 84 23 9 99 8 57 185 195 15 4 36 1 115 74 151 52 86 50 127 130 81 117 197 165 196 141 185 154 85 16 78 128 167 13 149 56 132 
52 196 136 30 45 102 73 89 91 22 45 1 191 79 125 12 104 103 8 114 186 150 182 25 82 161 165 77 104 195 103 161 36 33 186 103 114 186 32 117 181 14 115 65 112 187 168 77 125 183 148 116 65 100 115 24 155 73 98 109 128 127 83 138 119 35 6 192 100 47 93 189 135 38 181 12 192 172 6 31 48 94 52 139 11 90 74 126 44 61 29 119 112 77 33 85 118 168 175 61 
166 113 105 153 107 191 62 171 66 183 97 155 143 135 5 58 198 176 74 193 4 78 99 158 1 68 140 53 169 195 200 197 93 134 153 36 19 146 92 128 177 87 137 39 148 85 81 15 88 112 18 198 68 151 35 126 11 51 154 49 12 100 108 191 142 163 2 6 80 121 72 168 27 165 22 160 100 112 74 67 177 74 191 140 179 54 176 107 158 105 1 193 105 169 106 123 29 41 93 98 
38 176 146 146 64 86 20 180 105 175 184 172 26 5 176 184 105 94 121 19 143 104 60 139 45 25 80 22 80 35 50 10 121 168 163 138 83 139 86 194 39 121 53 101 143 143 116 116 134 9 200 70 178 128 166 82 49 52 188 161 85 61 6 66 168 82 7 159 163 78 44 34 105 129 120 66 55 153 41 147 64 8 118 89 52 148 162 54 80 126 184 161 80 45 182 51 138 47 19 168 
110 29 123 86 104 129 97 96 46 174 180 129 133 162 44 75 77 135 76 145 58 48 112 51 16 78 59 170 43 7 191 5 45 185 44 65 38 81 137 100 114 38 180 44 80 39 44 170 137 82 63 25 90 114 189 121 156 164 120 138 31 53 129 194 82 91 59 190 60 109 71 91 8 82 192 155 152 115 40 88 42 176 73 186 120 27 44 137 194 124 197 47 135 54 185 37 46 24 22 163 
83 110 138 12 155 37 176 108 94 29 195 123 11 95 18 154 3 157 26 146 163 71 62 156 110 60 36 170 124 129 12 178 71 59 3 40 108 146 178 16 7 101 49 88 19 177 63 27 187 29 89 140 199 117 38 41 1 30 187 78 145 178 181 84 132 57 111 22 173 96 144 82 23 193 115 85 185 96 128 156 120 97 20 177 188 184 137 197 92 142 87 36 196 114 65 27 96 182 187 74 
169 162 171 65 163 13 102 6 37 1 67 173 1 100 76 163 23 70 19 127 79 59 127 6 163 7 36 135 3 152 22 123 66 99 130 37 110 125 7 108 114 148 142 173 56 90 24 167 44 185 73 50 75 51 166 156 175 68 99 136 73 132 64 165 164 79 178 47 5 95 120 194 57 147 78 55 44 147 189 34 88 54 58 154 145 121 37 121 26 9 90 134 161 85 151 75 165 166 107 40 
76 154 198 115 17 9 19 42 148 165 38 145 162 72 20 88 175 127 143 172 125 137 171 176 109 74 25 79 200 45 125 194 191 99 190 55 56 154 35 122 98 116 65 120 150 123 103 198 152 10 143 5 173 77 106 148 121 5 101 54 173 42 15 57 7 110 75 108 51 82 40 121 125 36 68 128 124 99 63 68 32 163 43 98 35 65 90 55 17 95 128 155 19 168 44 195 176 14 87 163 
34 104 200 42 188 88 115 198 26 196 117 159 73 9 141 20 11 143 90 6 82 96 133 12 179 44 148 144 63 176 67 126 86 161 152 181 129 130 25 165 148 182 32 11 10 92 87 15 2 58 57 175 64 50 47 37 193 190 174 165 143 58 52 187 30 193 36 103 27 82 71 40 143 184 16 147 54 189 2 102 46 33 152 133 78 86 119 45 133 188 169 129 11 107 24 10 21 57 99 168 
40 172 180 143 131 166 193 2 40 101 170 76 31 169 22 71 175 74 77 121 90 9 176 13 66 183 76 145 154 135 168 99 154 33 103 169 117 164 154 66 50 86 160 6 147 147 166 122 149 49 97 54 64 112 73 51 133 140 59 95 46 30 19 121 106 148 88 91 173 24 7 105 21 59 160 96 29 192 33 127 59 47 61 18 19 33 113 29 115 179 39 170 4 181 36 139 46 107 130 113 
88 104 133 57 131 77 116 157 132 46 118 180 76 190 80 24 131 67 58 51 176 111 115 57 82 54 172 61 168 65 138 81 34 85 30 84 138 83 4 82 3 55 104 35 136 151 187 14 195 64 84 108 16 92 111 69 104 133 39 47 103 162 158 45 35 115 16 86 64 120 100 58 32 56 5 122 47 163 199 172 144 159 114 37 137 90 103 199 21 53 161 171 32 14 29 181 22 71 20 75 
146 188 34 95 96 21 171 29 66 82 82 189 83 18 148 33 127 164 160 109 119 22 41 53 155 105 177 7 138 36 177 18 93 94 92 47 191 83 58 41 69 14 12 70 159 114 169 65 160 86 6 2 77 169 96 87 25 72 74 103 4 190 192 67 156 126 98 152 82 116 194 84 136 44 108 96 113 40 180 143 180 8 116 153 161 172 47 53 151 102 128 49 170 52 76 137 46 32 181 66 
175 77 60 41 2 7 147 16 169 126 195 20 123 140 125 19 130 3 151 46 126 192 99 14 66 75 155 158 175 11 96 14 172 109 136 25 114 38 118 66 48 111 134 136 127 163 109 187 34 179 160 137 53 160 175 138 28 45 167 113 148 115 66 130 142 132 124 86 12 87 169 199 49 79 58 166 157 147 79 98 34 163 180 143 82 156 155 54 19 169 72 80 60 18 115 3 168 58 185 169 
32 27 119 136 168 141 45 187 200 118 158 140 179 85 141 115 66 189 65 175 173 57 130 74 195 175 22 115 36 149 84 186 25 190 56 94 108 148 176 107 133 101 123 62 66 155 46 181 182 64 145 137 16 36 120 176 100 8 138 177 53 137 73 159 85 124 131 131 104 117 162 96 111 96 41 94 129 116 134 102 172 84 100 12 68 136 171 106 196 134 185 24 146 86 200 44 8 126 34 111 
18 182 136 83 127 78 98 67 197 23 94 188 58 23 112 107 134 6 50 40 186 190 14 176 187 165 184 92 141 113 183 161 147 87 25 95 31 20 135 182 140 80 159 66 51 29 67 91 11 38 92 13 133 176 79 105 154 159 112 184 170 74 11 150 169 174 141 151 51 122 151 164 167 11 84 148 16 70 125 62 59 2 131 21 70 97 57 62 38 119 74 6 142 157 78 152 72 74 26 22 
76 106 11 60 127 99 30 193 27 132 70 24 132 141 46 103 104 58 104 4 174 159 51 32 168 145 174 147 46 59 17 189 47 120 70 123 22 190 108 184 112 124 81 152 170 13 171 129 17 11 31 170 96 163 115 165 65 69 28 86 156 187 101 173 182 129 52 152 108 46 176 48 101 198 22 46 90 160 13 193 128 13 117 47 49 136 150 58 27 110 60 158 180 38 32 83 143 140 32 92 
127 133 87 84 141 68 148 154 188 161 124 180 35 171 115 84 74 151 11 142 140 137 163 104 54 75 182 8 116 161 79 52 113 89 158 157 137 163 89 179 97 186 25 42 175 171 181 158 121 76 156 30 111 70 175 17 113 16 61 139 158 176 198 140 99 157 169 94 196 19 24 43 3 8 150 142 140 56 46 53 182 130 106 166 56 193 17 170 34 18 130 54 112 134 149 90 47 140 64 110 
183 39 81 21 158 194 103 117 18 30 58 188 197 107 192 152 15 87 66 101 120 162 159 155 86 86 40 155 90 36 111 84 134 176 118 85 166 52 110 104 51 180 102 48 196 169 149 26 97 8 163 79 49 56 26 34 118 119 122 165 166 41 176 16 174 193 133 198 20 163 117 51 41 142 110 54 5 179 80 50 175 10 161 4 169 81 3 143 139 40 135 172 104 80 155 189 150 94 161 136 
22 93 11 155 41 110 197 199 197 122 26 72 160 15 45 188 15 162 134 100 2 48 129 101 159 159 91 117 100 187 124 195 11 39 158 74 30 41 136 180 77 112 161 177 93 172 56 9 125 193 183 22 103 62 137 188 191 198 87 117 25 81 89 199 146 104 9 34 109 142 134 10 178 123 173 133 16 20 4 186 9 15 180 165 31 176 119 153 59 102 167 51 181 39 169 11 74 37 177 70 
63 103 85 190 115 197 53 17 88 121 34 136 34 68 59 14 37 53 149 165 88 109 19 183 35 127 109 136 192 142 182 125 105 17 173 89 120 41 124 179 31 144 130 10 100 79 1 42 152 25 100 50 45 122 133 166 15 140 123 136 167 158 165 2 81 26 163 33 87 79 4 77 150 171 30 92 120 60 104 161 33 143 135 82 71 190 36 56 39 125 17 81 36 110 44 67 194 90 188 154 
5 78 150 1 82 192 84 93 83 144 13 11 130 84 123 16 169 141 52 96 29 114 82 94 12 157 91 33 154 104 118 73 98 108 5 170 133 25 148 132 193 170 102 5 158 10 35 187 168 105 143 178 183 86 93 110 20 135 114 43 147 40 151 175 35 168 92 126 111 95 20 111 43 142 121 132 39 5 144 83 107 110 179 34 24 47 129 105 181 95 166 48 196 35 148 127 195 44 50 116 
188 126 1 155 128 112 42 196 197 36 101 113 65 96 161 152 96 25 152 195 112 49 12 70 45 61 83 1 196 62 180 33 190 168 67 162 141 187 183 134 160 151 129 75 29 32 2 174 50 58 136 94 1 78 33 77 49 190 163 125 65 195 95 44 15 101 69 125 145 69 121 91 163 37 36 152 173 179 63 77 178 82 91 2 178 110 24 5 171 131 93 153 190 69 46 70 19 188 18 133 
11 176 47 123 66 188 48 166 133 187 66 60 94 45 177 95 149 165 49 152 55 188 135 1 90 163 22 200 62 13 163 58 106 106 133 132 22 112 130 176 148 26 27 66 20 10 52 1 10 35 136 192 41 128 52 119 38 147 134 124 170 143 171 194 75 45 41 80 35 98 181 69 23 9 85 72 179 128 83 90 22 155 146 17 115 97 53 157 61 85 159 104 195 108 33 94 66 21 120 112 
150 45 28 179 117 105 123 102 157 56 24 198 157 150 110 53 45 19 15 51 152 83 159 161 98 113 41 53 192 25 134 84 21 113 11 145 54 11 48 24 47 37 7 101 57 18 17 51 185 13 89 60 119 176 15 104 192 163 129 134 92 75 170 118 159 16 90 17 101 120 50 42 84 129 26 111 118 121 40 63 106 53 194 132 132 12 71 183 58 24 93 137 160 94 101 101 60 15 125 58 
8 7 14 129 90 24 4 162 36 185 156 12 115 2 105 94 42 120 134 25 193 54 49 188 120 68 148 40 19 38 55 20 42 167 1 146 22 146 161 25 182 138 64 182 137 33 93 111 109 165 43 78 83 136 52 157 52 137 81 162 82 100 185 22 125 32 112 181 125 12 148 90 159 55 128 25 72 160 150 90 129 187 86 63 37 153 40 3 112 165 39 186 146 76 199 57 14 154 59 2 
46 37 141 8 133 125 6 44 200 133 123 86 24 79 181 174 196 115 66 127 31 25 195 71 105 74 46 128 65 181 71 79 65 4 111 132 131 90 53 17 53 65 166 109 24 84 113 32 80 32 38 158 4 106 80 27 105 89 134 10 165 8 146 40 53 56 2 50 35 105 73 77 22 141 77 89 147 198 60 188 61 25 24 127 64 23 189 41 32 169 161 40 163 62 130 148 145 9 165 118 
126 96 164 106 175 90 177 30 107 139 61 161 35 73 199 178 5 127 156 179 25 153 138 13 99 43 28 103 95 79 7 27 1 185 187 139 192 108 196 28 94 197 168 126 98 52 70 126 91 7 179 41 137 144 55 194 188 35 166 18 18 35 31 165 11 102 29 105 81 166 103 66 99 88 76 4 10 8 155 108 90 56 167 30 168 117 49 36 80 37 191 101 107 159 83 125 48 61 46 5 
32 88 41 135 76 78 97 80 134 168 144 114 34 37 50 198 49 59 131 163 143 133 155 122 126 34 66 170 168 17 26 183 123 79 57 154 57 189 28 45 4 81 43 1 177 70 176 16 99 66 149 115 73 129 177 55 69 63 93 55 116 126 134 13 44 78 80 55 90 81 32 24 7 56 9 58 168 3 9 46 107 185 44 177 196 125 73 86 157 95 91 169 59 197 185 146 162 196 122 170 
148 42 121 141 100 146 138 137 18 200 162 128 44 135 41 89 173 5 52 67 57 26 197 113 188 54 168 56 162 103 59 27 169 18 56 120 27 178 57 161 79 55 109 68 17 153 123 50 155 99 125 190 58 106 12 160 65 77 148 21 69 182 142 93 93 177 110 8 129 94 27 43 125 95 168 34 3 114 184 171 13 110 106 181 55 97 40 75 74 147 184 69 129 87 92 38 32 167 114 18 
28 161 147 170 81 65 192 181 154 199 75 35 195 53 176 151 25 71 145 190 65 82 50 144 62 91 44 169 188 46 155 121 33 157 192 3 146 175 113 113 125 149 73 30 30 119 96 38 30 110 38 172 50 124 161 71 157 126 71 136 74 199 100 21 157 51 107 16 17 43 193 92 188 173 60 10 184 161 114 130 169 84 116 107 166 67 158 150 102 133 18 48 39 108 110 152 168 165 2 194 
10 37 77 169 98 48 152 185 76 11 142 179 196 152 126 195 50 187 105 57 118 150 28 47 192 17 96 182 107 98 87 26 94 53 199 71 66 177 27 39 62 93 141 108 78 83 1 121 133 154 122 72 129 98 13 187 61 11 55 53 12 26 161 136 162 57 121 132 76 180 110 76 88 131 152 103 178 189 81 141 66 67 42 174 65 161 104 71 194 71 45 114 60 179 67 23 174 143 156 13 
166 198 73 104 16 107 73 111 27 65 126 175 116 28 186 103 173 191 33 89 112 69 46 61 82 200 108 53 171 22 68 51 98 194 4 57 86 175 28 45 31 117 16 43 11 191 93 34 101 64 61 164 106 130 49 136 14 143 162 95 141 5 126 198 103 196 178 184 42 152 120 191 31 96 190 30 162 77 116 164 145 139 199 118 178 156 33 38 13 161 102 159 90 122 25 25 128 75 175 183 
96 41 126 72 169 98 120 2 166 71 197 10 67 21 92 89 176 128 155 78 138 115 150 198 39 143 62 123 105 29 51 19 93 15 54 164 21 171 143 180 106 138 27 87 14 4 168 146 155 134 162 90 112 93 57 176 134 181 198 182 24 107 165 79 81 80 22 45 100 140 20 38 188 66 168 191 156 98 6 71 27 16 34 61 170 184 148 195 81 124 96 78 14 11 21 145 141 112 14 92 
100 13 120 70 100 97 123 195 165 98 21 187 22 156 200 109 182 108 83 119 190 118 167 2 65 15 168 32 173 34 174 131 69 91 27 162 173 32 16 109 196 97 99 136 125 129 60 102 161 64 144 83 34 173 177 36 117 55 100 19 26 115 9 10 150 111 69 25 152 106 32 3 143 89 111 21 162 116 81 131 91 34 142 22 79 78 138 122 158 170 88 149 128 19 192 30 145 166 41 41 
57 168 13 55 110 114 17 63 99 51 15 63 35 155 151 116 170 63 163 87 125 187 196 117 45 162 132 78 131 153 146 78 67 108 42 194 35 96 1 45 6 162 174 58 98 87 154 164 125 76 34 62 168 122 151 139 52 127 198 12 15 23 64 47 42 38 189 43 139 124 89 48 44 98 65 180 93 120 47 110 49 166 69 77 117 178 183 141 191 137 107 32 31 6 38 7 143 196 176 29 
42 197 89 2 1 44 68 190 38 165 105 122 111 41 58 96 7 141 183 66 27 123 40 46 58 67 25 146 33 167 128 65 70 154 45 151 80 102 58 154 40 112 43 111 126 147 60 197 190 172 143 173 69 166 118 138 54 133 3 2 14 179 149 48 54 135 73 200 54 5 30 169 68 20 173 56 107 152 191 111 194 3 128 195 142 83 157 118 13 93 60 153 197 155 188 42 167 43 200 94 
24 75 47 2 35 86 111 40 199 194 150 125 179 110 156 29 188 23 195 187 103 87 153 39 70 164 176 17 27 54 170 116 44 27 65 144 171 27 62 77 26 68 181 159 174 26 103 137 89 110 143 9 185 95 174 74 21 81 39 68 86 13 159 125 110 180 45 193 199 26 184 153 169 165 164 134 185 171 114 112 176 93 179 181 14 9 195 110 14 139 26 186 12 49 104 21 175 130 29 6 
