150 4
0
1
1 83 85 253
2 105 164 761
3 132 161 -190
4 157 188 909
5 180 131 180
6 194 9 212
7 230 199 230
8 312 110 752
9 356 151 960
10 398 80 718
11 452 188 1580
12 492 43 750
13 550 140 830
14 652 152 1564
15 691 160 371
16 749 11 771
17 783 116 1247
18 895 84 1231
19 906 7 962
20 973 138 1801
21 985 88 809
22 1052 119 1052
23 1057 56 945
24 1062 71 920
25 1114 185 1484
26 1133 180 1493
27 1204 100 1804
28 1212 123 2196
29 1218 65 1088
30 1321 77 1167
31 1324 146 2492
32 1461 167 2463
33 1477 20 1637
34 1480 36 1768
35 1484 102 1892
36 1509 96 1701
37 1522 115 1982
38 1529 116 2457
39 1551 133 2083
40 1748 71 2174
41 1768 15 1768
42 1913 60 2033
43 1975 129 1717
44 2119 59 2001
45 2122 15 2152
46 2253 176 3661
47 2343 75 2493
48 2416 104 2208
49 2447 73 2593
50 2460 30 2460
51 2498 54 2930
52 2541 135 2541
53 2569 52 2881
54 2577 179 2219
55 2610 175 2260
56 2649 48 2553
57 2779 92 3515
58 2795 149 2795
59 2823 23 2823
60 2896 142 2896
61 2911 16 3007
62 2924 101 3530
63 2955 128 3723
64 2973 10 2973
65 2999 2 2995
66 3107 197 2713
67 3111 192 4263
68 3227 4 3259
69 3253 113 3705
70 3258 25 3408
71 3266 18 3374
72 3313 38 3237
73 3328 124 3576
74 3389 130 3129
75 3405 63 3783
76 3463 114 3691
77 3494 128 3238
78 3540 27 3594
79 3623 92 3623
80 3651 186 4767
81 3709 143 3709
82 3721 174 3721
83 3826 112 4274
84 3856 195 4246
85 3924 142 3640
86 4031 33 3965
87 4094 179 5526
88 4369 100 4569
89 4504 111 4948
90 4623 153 5541
91 4631 99 4829
92 4694 153 5000
93 4726 120 4486
94 4799 58 4683
95 4809 178 5877
96 4813 142 4529
97 4814 95 5384
98 4931 139 5209
99 4997 105 4787
100 5100 148 4804
101 5157 1 5161
102 5171 128 5683
103 5295 169 6309
104 5300 85 5640
105 5440 192 6208
106 5484 105 5274
107 5490 19 5642
108 5564 80 5404
109 5572 43 5486
110 5634 142 6486
111 5638 190 5638
112 5644 158 6908
113 5652 29 5594
114 5672 135 6482
115 5697 137 5971
116 5717 153 6941
117 5754 123 5754
118 5763 89 5585
119 5799 140 5799
120 5842 180 6562
121 5951 59 6069
122 6027 51 6231
123 6057 109 5839
124 6090 88 5914
125 6276 73 6860
126 6294 182 6294
127 6368 44 6632
128 6429 70 6989
129 6436 144 7012
130 6570 10 6630
131 6596 44 6860
132 6669 98 7453
133 6748 180 7108
134 6765 139 7321
135 6868 39 6790
136 6937 74 6789
137 6989 176 6989
138 6999 40 7239
139 7042 171 8068
140 7049 78 7049
141 7056 161 8344
142 7148 145 8018
143 7262 74 7410
144 7266 78 7266
145 7301 163 6975
146 7430 47 7524
147 7433 184 7065
148 7437 200 7037
149 7444 150 7444
150 7489 143 8347
2 19 37 179 125 84 180 42 180 170 132 103 37 32 59 22 128 119 130 27 53 189 135 148 129 113 12 14 140 177 185 100 112 58 148 96 38 183 63 118 174 57 120 110 1 174 35 10 100 189 68 178 53 14 76 126 35 8 14 3 36 44 16 69 148 171 79 10 179 48 44 151 59 158 172 141 92 14 190 57 97 108 76 39 16 44 49 141 130 168 198 48 25 22 160 178 138 179 196 153 94 78 100 18 157 166 82 60 39 155 147 93 5 34 125 87 8 31 107 44 185 9 157 117 44 40 192 105 181 64 147 17 141 102 162 53 175 174 51 82 14 128 180 79 167 48 14 100 100 29 
101 176 82 188 141 45 92 42 176 183 56 179 198 104 37 145 34 155 80 134 22 30 65 64 163 30 127 145 74 134 165 150 156 173 49 160 82 13 39 89 74 39 64 200 192 161 141 57 143 128 187 79 118 181 94 156 123 49 20 8 29 125 187 67 70 56 53 85 85 172 185 2 187 196 19 67 162 39 77 111 58 15 154 183 106 195 108 25 194 135 1 149 106 120 143 107 156 128 157 65 23 191 119 151 59 36 54 66 116 161 124 130 157 20 64 79 70 153 104 69 14 150 56 175 133 45 134 196 107 115 42 189 120 78 101 3 179 128 46 79 60 171 86 159 134 120 196 40 183 128 
168 21 183 86 170 195 124 147 151 185 109 68 99 114 137 11 196 124 40 200 123 34 122 115 102 180 58 82 98 118 24 162 181 156 70 40 14 69 177 9 170 84 64 160 100 189 94 124 89 68 82 113 200 57 178 99 61 40 17 197 13 137 130 180 128 75 88 162 42 7 163 36 187 105 21 13 3 131 158 138 57 184 176 30 6 55 78 34 195 38 76 8 57 135 119 189 139 130 85 137 10 103 38 7 183 118 62 81 189 117 55 195 38 167 88 174 13 184 167 189 20 109 81 147 181 29 1 57 178 128 24 181 59 10 2 23 86 72 183 142 22 192 75 111 4 107 194 70 107 66 
62 53 36 94 98 197 81 150 39 83 96 134 167 74 30 99 68 181 122 28 132 132 115 102 79 55 183 111 111 165 20 76 151 145 170 194 129 171 80 37 148 169 94 104 117 149 87 189 97 34 15 49 196 189 111 50 179 44 165 145 17 168 146 149 173 87 195 1 6 139 79 164 113 145 98 83 54 111 24 61 45 24 148 13 10 107 74 197 14 194 29 107 91 95 170 193 44 80 183 7 105 157 79 46 96 120 167 27 143 188 15 146 81 78 23 106 158 112 133 75 11 49 93 98 99 180 145 13 166 146 152 124 132 43 89 145 113 134 152 53 44 80 110 50 120 3 147 37 195 130 
76 25 95 65 167 197 162 148 96 109 20 70 154 110 103 115 58 139 132 88 91 5 141 138 103 45 146 89 48 179 94 1 184 70 160 126 146 5 141 135 107 184 112 105 140 110 20 168 197 126 133 137 44 136 148 164 94 141 16 173 138 197 133 109 182 150 140 11 26 45 2 65 32 17 113 199 109 189 192 187 126 192 56 177 9 167 196 79 2 73 153 195 152 123 57 148 197 7 128 32 30 129 164 75 2 103 12 58 9 20 82 177 53 72 79 119 1 73 124 9 147 40 71 126 71 139 95 23 148 128 124 27 44 139 123 112 146 133 8 193 27 198 42 17 125 81 117 37 166 200 
141 65 55 84 137 36 137 25 136 117 145 78 17 54 165 1 1 184 84 151 180 79 59 49 146 182 167 61 107 137 48 168 71 181 183 176 144 80 19 87 111 90 136 79 165 42 1 10 200 6 1 156 53 94 27 24 92 138 150 109 167 156 59 95 128 198 63 163 26 67 5 198 131 81 94 94 154 27 125 127 197 63 114 173 52 152 106 54 120 164 2 12 182 127 147 121 24 123 95 180 167 146 69 137 47 124 112 143 115 106 146 60 138 124 31 93 98 5 25 104 55 111 179 8 29 78 78 132 63 136 61 10 118 92 16 87 69 41 162 37 15 37 44 33 164 89 92 50 71 175 
91 197 9 98 78 30 186 131 184 148 21 166 46 141 14 182 65 115 18 165 165 165 176 69 164 40 105 164 133 123 121 86 25 165 26 28 174 15 178 73 30 198 30 105 58 22 39 64 25 193 89 175 81 88 174 144 41 86 3 131 27 52 85 83 152 39 47 181 128 114 98 53 61 8 49 27 76 67 155 140 108 186 166 150 76 80 141 108 100 188 85 133 40 74 1 93 119 61 7 100 159 144 97 68 24 79 101 171 120 143 192 124 31 193 132 188 104 146 193 173 187 99 193 11 175 196 119 143 97 12 74 171 169 17 161 159 184 90 164 111 125 113 1 44 40 63 200 3 21 109 
140 143 49 96 69 152 12 121 158 141 113 165 24 187 49 131 3 25 46 3 69 63 117 127 191 81 105 89 200 100 54 65 82 112 192 52 120 42 89 185 7 21 40 96 66 150 98 200 151 108 121 10 74 10 136 19 10 103 144 57 160 161 192 34 178 197 48 176 99 105 71 145 8 95 4 47 164 159 178 60 109 98 95 136 93 195 75 94 37 153 113 66 12 44 16 198 17 84 38 19 188 61 40 158 104 103 68 55 59 141 41 5 84 88 113 115 15 155 174 69 137 194 125 184 80 8 50 132 176 39 25 20 149 74 61 194 140 70 18 19 115 159 55 182 145 40 20 193 103 46 
49 138 121 116 73 45 58 154 136 63 135 93 103 35 11 91 181 95 190 102 134 40 76 72 159 66 178 82 30 53 141 200 75 154 143 199 109 167 152 30 150 107 87 91 134 98 90 6 20 48 70 88 3 145 152 198 65 120 63 152 30 108 10 161 193 81 150 143 23 131 167 200 199 84 170 164 119 167 50 22 46 146 29 185 158 89 116 135 105 188 75 170 176 52 182 169 1 65 47 190 132 126 178 156 138 190 166 28 154 163 135 61 69 61 122 78 74 196 53 121 8 16 129 5 113 143 172 42 43 98 88 197 188 84 79 143 13 173 15 196 193 113 58 6 180 184 114 51 87 69 
15 133 180 111 93 129 156 190 19 15 52 62 118 196 15 25 48 19 146 97 145 163 157 51 43 34 127 5 59 128 73 44 151 176 124 165 140 40 190 112 1 5 156 135 80 92 160 30 129 188 92 196 7 193 117 11 82 174 50 151 136 79 51 32 194 14 169 34 42 8 126 179 35 26 181 36 152 29 143 199 7 87 9 45 73 44 19 1 17 91 123 174 110 15 167 134 143 9 164 196 194 1 119 87 83 47 55 7 186 83 16 121 86 182 123 192 109 139 24 112 198 139 189 156 56 9 49 22 83 20 164 22 35 14 42 7 92 121 149 170 44 34 120 139 158 164 62 133 151 113 
93 8 105 76 145 146 105 196 129 18 147 100 13 185 198 129 109 175 38 124 167 177 153 139 55 33 89 188 135 55 135 141 112 116 175 138 37 125 2 79 170 176 76 52 96 15 151 58 104 38 5 95 46 97 23 36 22 153 34 96 158 170 68 75 185 140 90 137 101 17 117 76 150 71 173 24 88 43 26 29 130 33 161 126 100 127 183 187 22 153 113 144 116 152 16 146 175 80 49 153 23 25 184 118 74 184 192 7 114 138 42 56 5 50 54 22 174 83 146 158 193 92 20 64 95 168 160 21 45 186 197 94 197 134 118 107 174 48 63 23 20 116 77 117 108 184 155 28 32 70 
88 10 113 88 13 30 56 101 45 63 4 127 94 76 27 62 22 8 188 118 1 132 130 50 178 62 75 156 190 169 89 70 106 172 132 144 113 17 38 34 136 184 128 74 141 62 196 31 191 143 200 67 53 12 4 161 145 72 21 37 141 25 75 122 41 18 120 147 173 5 18 89 111 110 47 105 152 159 75 39 118 160 67 96 97 200 33 104 185 199 168 17 179 118 181 130 40 81 94 166 196 87 90 66 116 23 178 149 182 26 131 105 150 54 122 66 64 11 52 72 161 147 143 152 184 52 111 46 132 44 38 108 177 175 119 50 88 25 190 163 37 80 197 90 119 142 162 121 118 134 
53 106 143 96 29 37 143 103 127 175 89 104 44 43 18 25 26 153 13 36 90 31 4 125 146 63 23 200 172 2 71 83 196 198 197 126 17 20 21 146 60 7 72 108 127 195 169 1 187 55 180 179 76 4 165 163 116 114 154 69 128 14 13 95 164 191 168 161 69 31 17 145 104 94 23 87 21 56 141 177 97 73 51 13 31 31 41 191 135 93 49 186 128 75 31 32 22 116 106 105 193 134 111 59 76 99 142 112 59 114 27 180 60 79 154 96 91 166 188 59 82 98 133 83 10 105 153 177 168 100 173 160 118 174 63 2 103 158 74 92 53 179 7 67 5 32 149 84 66 16 
119 187 121 145 79 4 191 85 145 189 104 69 37 141 111 48 54 146 185 25 134 79 94 60 83 15 41 175 83 197 17 32 42 57 91 27 18 152 29 71 114 10 171 29 117 37 86 66 44 58 195 66 67 123 112 88 101 102 71 155 37 25 169 55 194 24 22 158 186 61 200 33 18 22 92 178 159 97 152 175 190 117 168 107 18 189 48 119 123 197 160 173 192 4 172 107 52 48 130 174 41 35 117 14 198 191 63 162 124 31 157 184 148 185 68 178 32 196 184 24 35 122 67 78 157 178 89 157 139 176 165 36 6 152 106 45 90 93 194 11 71 16 59 31 118 95 193 134 55 199 
194 18 40 77 49 162 59 178 138 31 93 133 148 146 53 80 82 32 125 132 180 196 15 47 70 132 188 123 93 46 178 73 31 108 185 139 58 11 22 45 164 186 191 140 75 72 106 74 76 41 142 36 109 66 68 2 42 192 170 90 116 27 42 2 61 109 26 46 114 115 173 40 179 144 8 46 188 73 103 78 71 31 20 65 19 66 92 64 22 5 176 116 52 35 51 81 165 46 29 85 178 30 159 42 141 15 21 143 147 103 34 146 92 6 172 96 123 116 2 138 154 138 6 55 143 8 52 19 58 167 113 20 35 180 31 154 141 93 25 196 142 171 101 148 175 54 166 78 16 30 
141 149 183 107 53 23 189 69 181 184 135 187 194 80 184 81 145 75 64 2 69 156 14 131 167 6 148 71 118 6 175 127 140 161 79 81 15 161 155 68 171 39 51 31 60 73 111 93 146 97 181 41 151 144 66 163 27 19 72 62 91 126 192 4 195 130 11 103 35 92 1 46 75 1 31 95 120 161 25 146 95 29 56 133 52 134 69 39 160 29 52 143 75 37 55 128 143 20 154 95 121 25 139 92 146 67 184 179 38 199 122 179 9 150 13 98 168 31 84 55 169 57 112 75 117 92 72 177 68 162 18 32 161 173 161 45 154 131 120 185 45 79 98 191 100 185 135 164 49 10 
163 59 85 91 178 5 5 135 178 130 98 163 10 152 38 71 123 45 166 137 145 39 146 151 170 111 91 7 87 118 160 111 134 109 179 41 31 114 178 115 105 104 21 105 100 87 88 71 80 191 65 151 42 28 88 156 10 110 152 2 21 6 176 100 176 98 179 145 69 39 99 199 79 165 184 50 119 31 195 144 24 136 198 85 156 60 131 133 7 89 188 66 3 145 134 102 15 39 86 137 53 96 151 101 193 52 5 193 143 116 60 173 49 110 115 85 189 193 16 88 140 100 59 40 53 148 167 5 133 18 1 88 138 130 34 139 105 194 107 190 156 187 107 135 158 134 13 7 170 149 
172 72 61 42 88 174 97 18 20 35 65 153 133 32 58 66 33 66 29 84 200 12 126 190 17 170 24 152 101 139 100 76 78 63 16 100 46 49 16 63 18 111 134 47 31 133 116 193 148 52 118 4 32 151 105 110 44 35 10 165 170 194 195 133 180 190 152 179 145 176 11 97 67 43 89 67 156 28 32 64 13 146 134 6 30 141 85 51 127 128 94 42 86 3 143 96 74 33 116 160 122 75 95 166 82 48 168 81 164 149 109 26 131 193 171 12 193 82 142 178 176 9 195 110 194 78 38 170 101 90 167 119 44 183 42 34 196 125 15 94 168 21 12 44 7 166 113 162 187 9 
150 101 162 185 135 171 61 28 71 24 161 96 188 127 54 115 114 128 99 196 3 185 177 121 180 178 180 27 163 133 63 133 17 84 65 149 131 122 157 199 26 137 10 29 167 21 162 142 20 72 48 17 27 130 79 25 199 75 157 186 192 142 1 150 124 140 19 95 159 90 72 157 147 97 90 103 103 75 172 100 19 26 110 196 192 92 185 112 43 38 129 21 105 82 42 8 167 49 143 90 13 153 152 45 169 190 150 112 153 120 27 48 178 107 10 59 153 184 165 75 142 176 161 196 141 156 109 165 98 122 178 76 114 93 23 1 38 88 160 26 108 14 150 32 94 135 177 186 103 86 
178 177 39 79 39 7 35 157 108 113 115 135 62 178 115 2 67 155 33 82 104 171 114 162 64 139 95 115 146 96 72 135 92 125 92 190 48 150 45 92 77 104 110 166 15 94 76 146 86 42 196 77 109 135 120 195 78 176 80 182 3 56 103 64 62 57 115 49 181 77 76 195 97 41 121 186 125 40 147 173 158 41 147 88 145 97 63 3 118 122 132 145 62 94 58 128 68 45 3 179 9 20 115 60 184 100 3 91 133 176 54 70 90 92 118 181 133 58 7 2 36 187 95 113 89 143 113 74 153 171 88 99 80 172 109 45 116 66 26 9 131 132 107 120 122 50 175 138 74 65 
42 54 1 108 76 82 147 116 112 143 14 2 117 155 41 101 126 108 104 6 133 36 103 41 57 18 173 67 12 165 81 161 110 23 32 26 82 104 166 172 37 98 47 79 66 184 90 97 45 170 24 67 26 154 185 184 200 179 91 196 6 95 129 165 47 63 106 4 173 21 86 154 147 54 44 69 103 67 171 64 139 166 124 13 51 70 98 189 23 65 101 24 49 158 58 170 148 55 6 166 43 6 171 66 62 52 63 67 118 139 144 20 15 12 188 102 185 127 129 116 177 183 54 178 190 175 163 67 96 172 176 128 128 117 186 35 169 32 87 90 20 104 35 160 104 18 53 144 10 183 
107 28 89 91 174 115 66 67 75 105 63 142 89 181 101 51 138 144 146 154 59 136 183 135 86 100 61 155 23 132 149 116 13 147 59 96 145 196 25 124 23 34 102 30 33 173 31 3 95 19 200 90 117 94 85 2 130 86 102 195 192 51 30 131 200 112 153 61 53 107 191 27 81 135 95 189 18 79 91 60 55 8 86 73 177 75 172 45 11 12 80 31 129 139 148 181 184 102 54 78 19 97 131 64 90 73 121 152 10 134 87 157 122 139 174 194 12 114 57 99 153 21 128 59 5 142 156 193 105 183 126 24 9 81 154 1 25 62 69 112 21 88 10 200 54 122 145 118 19 149 
166 20 40 53 75 28 62 81 31 162 92 164 151 83 101 65 3 134 72 27 23 73 184 62 47 60 16 121 105 121 94 168 110 153 131 11 143 192 57 5 102 38 119 20 124 128 57 144 43 122 132 143 100 1 141 68 135 49 20 108 111 63 126 62 30 33 14 48 113 7 96 192 53 131 160 135 116 34 199 8 89 171 173 168 182 150 32 126 147 126 197 109 94 5 132 25 98 38 17 99 25 25 147 92 120 99 84 84 92 93 167 116 143 150 59 166 158 93 37 105 153 136 136 161 76 131 102 194 154 37 141 33 76 93 117 114 139 96 95 61 42 168 169 16 88 176 85 197 189 124 
54 118 184 57 67 167 174 10 134 129 86 150 20 10 160 68 79 78 3 4 144 141 97 154 164 89 39 83 84 12 172 66 59 148 138 26 91 181 44 147 115 28 58 3 46 42 164 126 46 80 68 139 195 2 78 113 172 63 40 95 28 47 200 22 32 169 6 52 131 185 7 152 8 91 173 183 162 191 169 127 73 158 161 158 29 179 131 10 64 197 186 88 66 100 66 96 166 71 38 182 82 147 15 90 138 116 113 167 82 200 176 160 66 139 186 156 65 127 49 44 108 42 35 159 35 29 13 35 141 179 38 131 77 50 184 91 152 73 44 64 71 194 105 63 101 67 30 128 85 94 
69 12 1 193 175 169 118 129 190 85 50 108 57 65 40 81 176 77 22 118 67 3 141 19 131 137 41 116 129 165 151 180 42 17 155 115 65 187 116 134 8 13 100 83 18 176 181 76 78 70 107 94 27 41 116 138 123 38 121 45 40 103 128 78 129 61 99 6 79 3 32 183 106 140 48 58 24 94 184 37 58 165 142 100 6 75 102 37 54 148 107 132 99 197 36 85 191 200 83 111 151 29 22 192 199 45 2 65 114 90 105 42 144 199 86 138 19 62 134 2 134 108 157 107 96 146 24 80 166 128 188 89 54 50 7 66 82 33 113 15 16 13 132 177 121 122 45 171 109 131 
57 32 35 161 5 91 37 105 105 119 99 187 183 88 66 50 167 161 107 118 179 148 169 168 116 77 57 48 127 84 102 167 14 189 163 171 143 191 186 10 171 83 128 3 182 75 69 180 100 13 6 70 2 93 146 184 168 195 19 30 79 118 53 161 24 174 171 17 128 97 13 149 74 59 53 34 68 200 52 45 47 102 108 42 68 39 114 21 25 120 148 115 188 192 168 138 184 123 139 113 130 145 95 93 80 111 58 141 84 17 6 82 54 104 169 130 41 133 107 153 139 31 193 85 166 57 67 75 38 57 125 12 108 85 170 138 111 67 168 114 14 103 176 103 157 169 128 133 150 27 
96 60 170 194 124 71 81 137 35 144 75 187 143 29 127 15 68 120 12 120 192 73 182 56 44 28 145 57 17 139 143 93 170 169 168 25 38 193 191 103 4 14 135 149 196 158 181 188 32 29 145 107 11 37 137 99 84 109 173 77 11 162 76 122 115 81 126 66 118 192 83 122 196 18 190 193 34 128 52 188 139 129 73 61 92 195 177 160 155 36 29 81 110 92 183 120 135 15 22 84 144 112 100 195 33 98 98 150 154 190 82 176 9 65 89 163 133 45 91 134 60 157 34 3 42 20 200 153 10 174 29 41 125 95 101 20 119 113 7 33 2 135 19 62 4 108 166 49 86 51 
24 132 3 1 49 148 191 13 48 94 116 194 6 166 86 51 33 127 192 149 65 33 149 18 159 145 165 92 85 91 34 7 2 197 71 121 16 63 144 151 87 129 113 158 153 54 88 63 69 166 29 113 33 154 26 25 115 41 141 38 177 91 48 122 50 137 1 106 199 6 46 64 124 199 120 107 103 36 48 98 6 71 122 139 56 138 160 49 80 42 175 117 108 136 93 24 24 200 91 146 35 136 77 42 11 61 127 53 136 40 108 69 141 70 53 137 58 85 69 48 128 186 199 55 60 180 109 106 52 160 1 76 86 126 46 50 51 64 43 83 138 116 171 185 140 36 199 184 29 155 
108 129 29 153 142 125 27 85 184 176 45 2 151 73 176 155 73 163 29 196 133 20 27 175 25 137 177 153 22 99 137 68 33 74 127 24 200 80 68 195 169 95 37 147 79 117 16 50 83 85 86 101 43 109 133 193 117 98 196 142 19 125 9 172 166 47 96 110 109 72 60 117 99 164 69 151 131 113 165 92 90 197 47 43 73 43 26 138 138 156 59 140 65 143 175 30 171 152 156 39 187 28 163 145 82 97 149 27 139 136 117 22 194 3 130 8 159 152 91 141 188 5 111 100 29 43 28 95 134 135 107 19 91 181 107 30 95 55 63 142 57 87 124 62 168 71 97 6 93 5 
132 155 46 57 189 160 41 94 140 63 13 27 147 83 164 117 102 68 60 51 189 64 36 7 158 74 108 86 45 169 12 65 88 142 167 33 33 14 189 98 150 79 134 104 17 124 59 9 1 37 60 190 110 29 15 84 142 137 32 34 28 6 65 21 176 19 77 49 132 185 147 104 66 87 189 169 89 101 148 9 7 139 192 155 145 19 74 199 37 121 24 15 138 52 139 94 52 113 3 92 78 11 2 84 181 19 31 113 20 157 67 85 46 95 1 59 153 66 154 103 41 137 108 117 186 34 7 126 145 128 127 59 80 48 56 176 16 45 128 148 42 76 124 95 94 34 9 43 154 96 
157 189 77 168 156 117 8 147 137 25 193 195 137 154 146 88 32 137 164 7 11 46 47 187 31 40 48 152 93 46 27 23 112 84 181 35 4 160 179 84 156 24 44 73 142 196 151 105 123 3 25 78 155 2 134 132 66 186 7 52 71 74 79 72 4 181 71 7 122 11 58 199 87 42 39 152 70 129 155 183 42 108 144 144 167 24 193 16 35 56 137 104 45 29 113 55 188 167 33 129 139 192 176 48 137 34 86 121 48 110 61 176 59 143 189 132 64 124 189 174 51 67 62 117 121 29 5 14 36 123 43 165 4 67 92 79 150 124 19 185 26 195 188 127 112 23 91 99 45 83 
148 19 191 90 59 135 126 28 104 159 160 76 80 198 139 186 189 95 107 170 6 176 112 164 116 41 31 193 177 98 139 152 131 191 8 130 59 174 118 161 84 64 9 14 159 141 98 14 119 86 186 159 75 83 29 182 5 119 94 81 161 169 167 119 95 136 110 4 55 135 161 52 132 164 18 20 108 91 159 22 2 171 20 126 103 116 36 44 30 8 113 175 193 86 57 31 127 167 94 103 194 78 110 35 14 61 78 101 2 93 9 23 192 181 36 22 24 189 192 86 144 138 23 193 44 76 125 169 49 101 43 94 149 164 6 62 127 112 95 35 8 81 107 193 14 3 85 93 6 43 
28 122 141 9 151 83 76 187 71 125 138 181 177 184 50 95 125 143 176 14 195 141 63 153 113 180 193 151 80 123 97 81 21 113 20 104 194 130 134 26 137 104 41 3 177 181 116 148 190 164 114 53 192 65 155 177 136 192 86 170 86 27 152 164 39 101 148 176 119 165 72 28 72 165 122 180 100 51 64 63 124 57 100 10 102 199 94 177 93 36 7 140 22 144 173 74 200 134 198 123 50 32 99 1 110 17 119 103 107 24 127 85 177 90 24 55 111 117 177 10 86 108 176 51 48 178 135 30 87 171 147 69 42 10 71 140 67 184 80 39 129 4 72 92 82 187 140 170 3 123 
36 115 112 158 100 156 177 126 83 191 173 41 117 58 111 131 16 170 157 90 80 121 153 69 11 123 28 166 67 68 142 62 81 42 54 192 10 171 134 171 14 148 161 72 96 55 107 101 84 37 19 192 44 63 65 26 2 118 116 101 93 51 82 45 95 67 58 83 69 59 98 21 133 167 7 18 28 106 118 94 76 149 19 96 33 181 132 88 191 115 136 28 39 178 108 63 157 178 52 112 198 80 92 162 38 171 143 72 33 69 155 13 172 48 59 48 92 73 60 71 183 112 62 28 192 159 159 179 181 36 62 120 109 193 179 64 46 60 29 7 185 103 14 67 34 176 140 34 65 108 
70 123 186 162 25 196 84 85 190 52 115 51 63 52 142 1 33 62 98 110 178 62 165 142 31 182 140 45 168 126 197 67 179 198 14 107 39 150 172 131 32 92 200 39 91 64 36 112 152 68 144 41 102 124 2 187 200 89 171 102 2 3 69 168 102 54 55 165 56 182 124 93 193 6 107 184 38 107 177 72 161 157 188 104 193 153 58 50 103 164 2 99 150 5 166 97 118 38 18 190 69 57 20 67 160 141 142 114 172 97 2 136 113 56 23 54 57 34 100 28 7 150 38 32 176 56 93 157 45 163 107 190 21 76 114 199 149 164 199 94 127 125 78 183 34 8 158 120 185 111 
22 192 114 33 189 1 137 148 2 32 16 72 90 112 37 77 156 73 89 89 96 169 108 121 117 55 186 167 173 47 126 38 84 105 22 6 50 136 94 171 98 136 161 189 200 59 195 34 121 56 194 178 195 119 31 88 174 57 182 84 59 112 4 108 64 141 26 138 7 47 188 20 191 121 142 118 94 174 177 177 79 130 170 22 175 182 14 89 194 70 34 122 106 118 27 24 29 117 183 82 111 145 165 48 77 141 27 172 166 101 80 166 100 153 159 175 84 136 116 94 118 32 3 16 164 22 57 106 177 15 70 25 184 131 177 12 174 82 38 132 6 14 11 1 179 176 185 4 69 53 
6 46 2 148 172 77 24 28 61 167 177 124 20 107 150 182 87 153 119 147 176 43 145 169 39 76 128 8 185 46 36 3 45 23 21 31 173 84 77 134 197 58 128 64 16 45 133 197 88 37 161 166 152 140 159 21 43 196 115 111 165 156 45 125 57 41 10 78 137 143 44 98 53 175 7 61 4 82 38 82 59 121 60 181 49 128 81 105 21 6 89 190 4 176 13 155 123 145 187 89 20 83 125 119 185 159 57 178 112 130 159 196 56 3 173 135 161 110 153 63 96 167 109 29 8 137 99 1 87 173 90 171 48 180 29 128 32 116 52 151 63 127 172 87 127 120 122 96 124 199 
136 18 151 113 94 95 170 40 141 165 163 36 17 175 93 86 163 144 94 104 44 138 134 178 96 125 66 127 97 144 79 186 194 109 9 149 24 127 19 193 150 89 183 198 115 31 166 28 92 139 190 44 38 55 171 51 116 43 164 25 136 103 174 61 15 191 34 192 185 52 106 154 177 55 91 60 130 87 83 60 155 145 16 128 113 152 38 76 49 96 134 198 168 195 21 123 34 31 73 99 82 92 199 90 190 184 39 49 200 155 48 129 165 120 31 149 188 65 153 44 93 159 88 32 152 33 112 164 3 76 174 66 179 81 144 19 80 25 157 32 153 131 129 125 26 108 20 122 117 62 
62 130 22 167 108 103 70 46 64 46 3 75 115 197 128 83 86 138 31 144 67 46 152 176 121 88 76 120 58 120 187 103 149 183 134 122 14 119 132 74 13 169 47 124 78 161 62 181 164 41 93 116 157 160 26 23 92 9 57 49 35 178 108 128 183 32 185 48 80 173 179 37 170 93 88 159 159 144 73 154 104 107 108 72 103 18 9 117 143 72 74 184 166 102 44 99 48 51 7 128 55 146 6 173 68 57 191 163 4 157 182 146 67 48 79 89 192 45 60 15 45 157 57 128 159 116 81 117 63 14 96 79 17 176 174 3 40 122 21 111 138 196 71 129 107 43 100 42 27 156 
179 74 144 194 54 55 89 29 68 138 182 77 159 133 80 25 21 70 189 185 61 137 112 84 159 27 61 65 124 30 164 137 142 49 35 137 80 10 26 30 32 5 66 152 138 60 119 20 155 63 66 1 79 56 159 196 81 127 93 131 47 52 2 13 187 162 168 180 101 145 182 44 168 38 109 136 39 101 125 111 20 187 172 108 133 101 41 104 120 149 30 153 154 178 109 150 17 63 127 129 131 138 149 123 42 26 165 175 16 143 48 168 172 194 171 87 197 85 8 11 189 143 191 40 83 128 26 111 117 35 25 182 42 153 141 199 60 94 16 115 69 142 10 66 175 108 86 33 156 149 
143 94 182 101 86 104 18 39 104 166 44 8 144 81 49 122 90 47 9 19 189 97 151 62 33 57 182 10 68 180 85 28 119 153 99 144 90 135 150 132 15 79 6 181 99 75 192 158 13 177 86 21 119 48 127 94 142 127 147 36 21 129 50 154 21 24 14 106 119 47 93 69 93 12 144 78 174 63 23 44 20 77 51 6 39 88 83 55 17 90 174 96 121 16 121 97 57 174 133 115 178 190 48 150 186 129 173 26 127 171 62 69 23 181 125 154 158 147 89 50 67 32 114 19 87 85 68 126 132 186 2 174 41 101 155 147 82 150 57 200 77 37 7 37 175 102 138 67 104 76 
110 78 185 189 13 104 170 65 121 84 131 73 71 159 124 23 2 19 85 181 146 99 23 21 47 189 62 17 146 103 172 64 72 123 7 74 71 104 63 148 106 86 163 185 50 55 23 91 136 48 114 113 125 137 168 140 179 122 134 173 158 57 165 15 68 161 157 41 66 197 93 155 26 71 170 26 55 32 171 171 175 18 83 140 190 19 193 82 151 168 166 132 182 150 52 74 182 134 26 88 59 49 109 76 42 140 93 92 197 118 188 86 112 32 41 160 167 6 70 70 108 30 33 111 118 161 96 41 170 46 85 142 178 65 22 110 69 43 179 35 65 100 194 103 77 116 158 81 23 195 
163 67 162 21 117 57 12 71 104 188 129 73 3 64 98 2 125 147 5 143 164 82 193 69 140 70 99 176 41 76 32 113 157 103 167 69 84 60 65 62 131 145 133 197 176 57 63 30 100 138 100 21 52 168 166 71 73 155 117 53 47 114 1 170 91 101 36 176 1 92 180 74 68 132 186 147 4 196 6 79 134 52 182 137 83 29 187 4 18 138 76 195 115 36 91 133 45 53 139 54 111 88 145 45 172 15 140 108 69 129 200 185 144 33 58 11 192 29 64 141 55 18 88 196 187 45 106 125 132 148 47 72 33 145 8 189 80 54 140 181 38 71 105 142 18 189 13 92 119 2 
180 96 170 164 85 48 182 173 82 23 13 63 102 17 90 62 189 6 116 153 134 61 11 170 166 182 84 199 123 162 199 22 188 121 81 88 174 181 139 116 196 31 83 56 119 97 171 131 120 131 65 158 178 97 12 146 88 21 70 131 84 154 2 63 5 175 193 25 142 31 91 189 109 188 136 163 62 24 163 52 54 81 22 153 75 143 143 122 33 179 121 44 148 140 55 77 22 137 125 186 87 89 71 46 120 178 54 49 107 176 62 66 32 138 30 178 150 139 62 181 152 182 133 168 40 66 103 103 161 83 34 149 145 49 115 70 113 98 105 196 101 83 195 124 171 41 188 172 64 28 
65 106 71 43 134 168 188 42 172 125 26 141 161 18 81 179 32 89 115 35 153 18 117 76 93 176 68 1 95 25 130 123 1 135 138 153 172 73 120 69 61 59 96 19 117 183 155 58 93 12 82 152 71 184 7 167 170 77 164 109 187 68 98 171 188 83 112 177 179 56 126 128 164 13 173 30 64 100 99 129 86 65 57 103 170 10 197 112 197 65 20 28 110 5 157 50 69 140 166 149 167 109 82 95 114 173 189 57 96 122 86 134 20 129 77 158 183 98 93 184 140 41 48 25 19 37 190 72 145 80 62 89 87 16 173 178 166 100 187 8 81 37 42 63 181 99 3 119 39 48 
153 161 88 188 110 36 78 135 103 150 107 7 163 72 29 12 77 32 144 124 101 108 41 137 12 95 139 19 94 139 144 118 152 79 192 121 193 124 6 110 70 80 138 81 29 104 170 125 68 184 117 120 23 85 127 20 186 79 166 79 161 141 94 8 87 93 81 181 64 17 75 198 62 77 187 123 113 31 74 27 48 96 67 179 37 83 121 105 69 158 76 108 99 133 5 95 193 79 58 42 125 120 18 154 9 100 51 137 47 16 147 6 154 165 151 99 191 140 171 199 100 10 64 114 39 101 120 66 197 197 75 151 110 128 84 134 111 198 41 84 103 134 21 155 118 194 194 153 90 73 
174 113 83 38 51 33 21 193 152 84 110 181 77 2 66 142 145 112 169 20 187 76 30 67 193 147 130 146 41 152 111 88 184 90 125 178 128 3 177 13 164 138 25 95 143 198 116 124 143 173 40 199 181 164 128 182 56 150 3 82 166 123 66 145 95 54 99 163 60 120 24 127 87 182 144 185 172 33 179 131 98 143 60 122 1 197 136 181 80 106 156 156 172 46 9 111 179 193 157 145 181 79 127 13 135 130 15 159 13 153 164 27 36 125 14 137 181 140 142 158 95 122 14 130 79 116 192 127 168 154 46 137 134 66 45 30 89 54 172 20 52 176 192 22 172 61 42 72 141 95 
23 177 172 95 192 66 4 188 92 145 54 64 77 58 92 5 92 159 159 97 177 103 69 43 145 191 176 115 160 27 24 71 184 26 87 129 14 191 127 80 183 34 184 161 26 190 143 130 160 187 125 110 68 59 176 140 96 44 124 180 29 87 191 172 161 74 11 14 80 67 115 163 167 91 151 18 6 142 55 176 183 2 86 8 200 18 46 80 106 63 162 25 38 128 126 129 120 23 165 112 188 153 168 199 36 94 185 73 155 60 176 49 34 3 94 24 169 77 5 81 66 138 63 185 109 69 42 145 30 63 171 129 91 179 121 76 30 51 161 140 6 181 111 22 80 183 164 117 91 17 
182 179 162 186 1 124 158 18 141 49 178 22 77 111 134 13 104 196 63 47 68 76 92 170 100 187 51 193 67 2 119 96 29 106 30 23 59 64 113 84 170 15 181 53 64 17 167 102 88 11 103 103 80 24 174 123 158 87 190 189 182 33 141 19 58 181 62 183 30 73 99 165 111 35 144 71 114 25 172 171 144 23 89 26 100 64 186 122 1 33 68 147 1 153 178 5 77 127 68 117 92 114 167 142 45 16 40 28 91 176 195 193 194 185 32 165 56 152 101 184 183 68 158 163 21 186 35 9 158 169 33 154 38 131 84 96 73 16 189 188 31 144 59 31 120 20 188 21 122 32 
32 49 27 42 134 52 103 123 196 133 136 127 149 110 11 122 71 43 196 134 177 177 158 66 31 190 140 118 97 31 142 188 198 74 53 183 58 39 180 46 35 113 100 26 144 161 78 139 131 83 50 168 113 190 10 124 145 91 95 53 78 55 36 58 198 20 12 125 87 61 131 99 184 133 57 8 124 159 117 188 71 16 41 74 91 192 145 190 196 113 144 91 137 30 64 27 138 96 67 176 153 179 172 199 76 18 200 112 44 122 132 54 67 28 129 167 68 163 150 164 167 74 17 101 191 58 163 132 37 145 90 92 98 123 166 168 153 73 74 116 124 24 22 38 24 54 12 93 155 4 
61 30 16 191 180 160 187 27 175 194 52 89 89 98 171 135 139 139 71 112 29 121 34 137 108 134 147 100 45 58 105 73 38 173 47 164 197 6 146 77 124 39 152 86 120 66 198 90 6 172 113 86 152 177 98 140 193 84 182 118 152 177 131 40 32 55 102 32 113 54 31 30 78 55 33 129 156 69 187 198 123 73 60 75 57 200 56 12 90 113 156 178 9 192 133 63 16 38 85 52 189 46 18 51 186 75 147 24 197 95 177 112 52 110 141 118 155 31 183 13 92 109 101 57 29 98 156 161 193 36 19 176 163 16 152 111 140 159 95 107 132 22 51 188 195 162 91 7 85 144 
52 4 194 26 163 128 85 53 33 96 145 65 21 3 161 77 107 95 98 29 49 195 26 48 169 60 26 136 2 138 123 55 136 80 167 18 39 169 10 146 15 181 126 147 184 108 73 59 13 132 66 82 110 190 75 87 54 34 37 95 155 113 104 171 193 88 111 59 65 48 149 42 70 115 200 198 102 124 166 19 161 31 148 161 86 169 194 25 187 137 9 121 117 148 89 185 86 130 190 157 102 160 117 23 124 134 81 59 134 68 9 11 146 59 53 83 58 27 122 191 136 128 68 68 58 41 79 22 100 27 16 40 98 36 72 131 188 72 200 53 10 140 101 141 185 35 29 154 96 91 
88 82 148 66 140 198 196 34 189 169 180 3 133 101 199 143 185 114 56 179 88 72 10 163 123 180 49 197 49 192 154 36 107 176 151 89 147 120 172 122 178 60 170 75 59 169 40 148 23 55 34 26 58 59 7 159 110 111 80 121 87 57 15 70 129 131 180 147 2 120 73 8 175 117 13 47 40 193 66 53 123 154 98 172 196 59 7 92 109 97 147 17 182 162 182 193 161 145 4 78 166 191 138 164 135 44 71 137 78 200 48 136 67 102 196 75 156 112 164 30 29 6 61 86 136 95 39 4 84 189 66 31 200 114 106 160 197 189 116 11 10 122 139 53 197 66 72 165 35 153 
41 57 70 22 114 67 184 143 199 119 9 56 175 93 160 68 53 19 125 91 143 174 104 14 19 17 138 133 26 172 174 130 133 85 152 126 80 184 128 60 27 39 193 131 66 118 8 196 7 83 180 147 35 117 130 26 92 179 86 77 170 109 39 42 196 164 73 49 6 12 189 181 32 175 45 131 200 87 27 151 32 45 84 79 85 186 110 185 125 133 18 59 25 169 20 7 148 32 144 68 143 108 108 106 101 182 17 135 46 149 177 124 3 7 99 83 146 62 93 156 67 129 45 153 144 7 101 112 5 88 54 131 27 151 150 98 108 169 52 88 53 160 155 99 57 98 52 183 14 185 
62 127 14 16 131 109 141 81 191 90 34 45 161 82 27 171 44 112 151 111 43 34 42 45 199 2 173 56 9 178 20 180 17 89 117 96 66 135 11 51 62 92 71 21 185 24 185 29 160 180 63 100 40 115 149 200 192 19 188 192 51 153 173 113 63 149 93 59 31 143 65 36 43 130 14 154 142 184 90 123 153 4 197 20 15 61 77 200 136 183 54 180 56 20 171 157 107 165 174 181 108 176 170 173 63 1 160 69 143 58 149 49 194 110 59 146 146 125 80 71 23 65 78 66 96 67 120 86 6 8 111 23 172 168 103 192 83 24 194 175 85 179 165 2 43 119 194 42 138 87 
100 16 82 142 120 122 26 5 164 39 172 107 119 111 97 37 199 88 105 47 157 4 160 40 133 168 133 125 37 80 152 149 152 58 155 62 198 50 3 111 24 49 161 147 91 97 146 120 38 95 49 173 95 154 52 33 56 93 3 123 145 115 178 183 166 112 15 150 146 106 57 17 65 84 197 124 117 197 11 133 66 31 55 175 3 117 33 41 3 143 45 166 47 49 80 58 31 7 196 134 44 82 84 141 132 182 96 83 24 116 103 21 156 133 183 129 166 64 166 42 84 190 147 172 199 172 186 129 56 122 171 64 81 2 6 110 167 115 96 194 128 151 54 88 110 101 71 137 192 92 
138 189 56 41 40 40 66 192 69 177 189 197 107 54 116 171 172 60 134 68 16 59 28 181 22 156 45 111 113 80 159 154 179 118 40 112 45 100 3 60 178 90 117 11 187 127 124 18 71 174 13 123 138 190 149 1 113 23 9 40 195 18 132 58 168 4 152 13 20 187 178 55 106 131 90 14 193 118 71 66 33 136 86 167 85 57 90 25 68 40 32 5 111 7 75 22 192 102 155 78 129 60 194 72 184 30 106 136 21 145 178 104 5 25 4 74 102 159 103 34 63 198 158 108 123 198 31 114 151 131 139 31 45 10 50 14 196 112 163 106 170 200 191 197 122 109 112 123 66 16 
119 78 174 172 154 132 47 96 91 32 29 122 154 51 162 94 48 192 46 131 40 46 180 181 64 172 101 115 171 185 151 45 75 24 39 133 150 120 74 71 96 28 16 9 26 197 2 184 90 30 188 150 24 84 94 135 24 45 119 101 96 71 124 104 141 158 123 76 43 186 144 28 140 27 195 37 148 46 46 175 198 82 184 149 35 84 116 8 71 1 114 116 123 150 83 25 66 171 22 31 115 48 23 116 35 125 43 106 76 141 91 95 189 95 180 35 127 44 182 173 113 95 51 100 135 65 34 37 42 106 41 157 135 151 61 28 31 111 190 50 40 52 39 145 189 10 1 40 131 92 
188 146 22 114 31 164 139 134 105 93 39 27 196 96 56 23 17 122 84 124 160 12 104 46 39 189 165 168 154 2 20 37 122 170 33 48 27 132 29 2 137 96 191 102 80 195 66 120 110 170 128 60 125 76 156 108 11 143 32 67 53 32 165 71 73 9 61 50 13 83 159 66 21 119 184 194 168 198 79 171 113 139 191 175 53 73 11 1 24 172 131 137 134 122 104 139 20 114 59 7 138 153 46 185 27 92 170 113 196 98 45 33 118 57 37 126 26 78 166 190 191 111 70 51 183 97 93 27 42 15 10 36 62 7 181 197 165 141 187 84 54 107 153 75 71 186 98 161 128 171 
82 181 157 176 115 142 168 69 81 159 167 163 199 93 169 16 16 144 74 8 62 160 14 38 165 116 186 173 106 74 28 132 156 44 156 113 14 85 81 162 36 198 68 138 23 107 95 179 31 116 53 162 54 8 155 145 156 29 138 161 171 173 148 13 21 86 39 112 132 170 154 11 143 144 16 70 107 95 44 110 143 14 123 30 50 133 88 12 140 114 129 79 174 165 20 2 115 63 181 80 29 18 138 168 82 117 157 10 82 98 108 87 100 71 114 153 55 117 58 139 114 157 150 116 5 140 119 4 98 17 122 176 1 124 25 126 61 121 11 172 32 79 65 150 72 99 45 3 86 190 
162 54 123 81 96 31 200 138 51 126 145 99 153 111 194 109 106 10 59 199 83 18 161 84 64 189 139 143 145 30 73 53 4 22 89 149 125 78 46 69 59 158 30 24 200 28 58 85 154 79 2 42 69 105 56 85 79 47 31 63 39 86 32 45 47 5 64 80 193 7 82 103 116 72 67 61 16 21 197 146 126 95 166 79 74 197 13 82 105 167 177 130 176 83 142 166 183 61 34 193 52 22 58 148 21 121 51 143 64 170 185 121 81 86 30 105 33 184 52 150 41 141 122 97 16 72 60 154 150 121 133 96 76 116 84 53 123 141 88 37 43 140 188 139 173 35 87 153 128 91 
123 64 150 10 13 60 186 162 184 24 77 197 153 194 141 24 86 65 79 147 200 143 57 156 95 22 165 2 82 110 5 41 74 63 124 137 21 63 6 73 195 131 57 181 82 141 39 181 91 156 20 192 139 95 187 67 132 180 126 190 92 92 200 72 84 137 198 8 42 144 86 60 89 13 177 178 177 118 42 181 17 157 48 164 142 51 154 59 17 31 126 89 140 191 71 21 36 101 43 21 40 45 9 130 37 111 62 165 149 63 49 102 164 177 145 156 2 106 94 195 34 185 128 102 151 138 175 135 13 57 193 135 104 132 192 142 104 80 75 19 161 67 67 99 41 29 67 107 174 169 
171 52 107 176 169 95 125 111 18 96 50 141 77 111 120 74 28 94 102 74 5 88 174 94 80 152 169 131 1 149 144 37 124 25 15 45 167 27 93 50 141 15 11 143 157 157 155 63 3 185 120 144 28 88 74 5 145 46 74 158 165 124 64 158 61 168 138 129 109 184 190 145 155 75 143 75 182 166 111 26 108 7 198 56 120 116 155 127 167 90 65 6 146 32 86 15 105 163 172 197 115 143 137 23 171 116 193 103 164 84 31 130 44 97 71 196 16 176 43 22 130 179 161 45 63 104 89 65 164 141 80 34 30 111 102 10 2 194 73 6 178 61 35 180 36 186 163 41 65 36 
172 158 135 78 183 130 182 88 193 64 18 65 133 95 90 71 36 93 157 49 47 32 92 102 108 39 29 89 174 189 128 148 8 92 57 52 119 70 76 113 182 42 69 156 72 10 30 20 87 105 149 46 165 164 66 192 19 177 138 44 165 190 168 148 46 36 184 188 38 135 120 91 171 77 175 97 44 47 102 36 164 128 134 130 141 198 132 182 155 12 32 15 171 42 199 171 101 21 140 49 86 13 53 165 180 93 159 115 199 181 99 120 144 133 142 110 105 21 4 36 180 184 106 69 178 17 186 66 35 60 6 166 33 33 43 41 77 135 60 16 158 18 32 120 81 53 148 86 104 107 
126 194 33 90 143 102 24 197 186 104 191 192 198 184 84 193 121 138 45 114 3 8 169 28 44 30 2 84 180 188 141 124 25 50 108 36 105 137 175 71 155 58 21 54 121 89 156 156 95 52 35 24 169 36 57 199 91 168 18 75 194 60 43 72 141 68 66 67 25 142 123 86 55 38 150 135 46 115 39 5 198 152 39 16 195 115 102 38 153 197 157 113 13 100 152 35 62 155 23 37 149 160 163 137 135 22 159 52 15 92 52 133 54 8 146 102 20 170 145 10 153 161 177 55 17 144 13 117 136 52 69 104 136 19 156 53 66 13 164 90 126 5 97 124 27 166 22 130 140 144 
77 17 60 8 194 109 145 194 35 140 200 184 187 95 104 169 200 16 143 199 156 68 57 150 5 82 41 200 117 88 62 78 22 153 189 182 63 76 71 3 91 129 148 87 83 167 175 37 166 22 187 20 14 182 190 93 196 57 89 113 29 93 30 164 167 140 48 139 147 102 168 123 175 82 64 167 53 87 52 50 26 157 74 90 58 77 117 122 15 122 109 72 23 146 196 2 19 103 149 10 110 169 99 77 108 186 33 1 85 83 7 162 186 169 172 16 93 179 142 35 83 36 40 36 113 156 162 167 121 177 70 121 50 108 115 172 197 130 60 175 175 178 37 4 54 183 137 147 185 63 
49 10 149 190 180 98 132 88 135 186 184 10 164 147 81 119 174 66 61 11 45 99 167 81 22 132 40 168 189 144 186 191 97 37 84 20 83 129 101 37 130 151 50 53 24 189 140 37 96 51 90 81 108 30 89 59 169 87 182 120 128 130 191 148 148 179 78 158 125 135 37 59 78 157 175 112 198 46 117 157 196 111 93 99 11 79 13 31 12 140 75 100 11 1 196 29 136 50 125 1 123 152 38 37 61 136 139 60 29 172 122 172 126 87 188 19 80 63 177 106 124 41 195 8 40 183 13 1 81 133 146 84 81 164 124 46 172 92 45 111 160 148 128 146 87 127 148 152 161 50 
41 187 101 71 129 27 6 103 59 12 26 162 75 1 55 99 24 121 196 184 1 91 27 24 64 70 144 171 148 100 87 36 171 112 111 21 33 82 57 165 122 192 28 58 69 149 154 120 35 93 148 112 168 159 107 84 72 51 80 126 63 2 127 114 51 56 44 169 88 9 92 51 30 23 131 87 111 26 102 175 149 184 149 45 125 47 77 145 85 181 191 99 192 126 52 171 15 100 87 100 160 178 188 7 78 165 159 134 43 179 189 29 44 52 94 105 57 5 97 76 142 98 139 174 157 153 146 28 152 180 184 68 96 59 105 29 22 67 199 2 36 56 83 99 131 186 180 191 41 7 
173 126 199 70 66 24 153 81 117 84 65 79 95 85 58 91 6 51 30 104 17 196 65 119 120 35 68 16 183 39 184 187 99 17 8 58 105 27 135 123 82 99 176 131 144 122 57 148 182 148 80 108 32 22 36 190 99 121 103 55 30 83 139 119 169 75 149 29 62 88 31 177 56 133 104 171 27 151 168 70 194 152 139 79 118 12 73 123 192 28 93 2 14 74 186 83 87 116 179 20 195 68 14 146 130 197 146 112 68 187 192 96 158 58 92 197 189 114 152 14 197 170 11 76 55 103 176 66 191 62 14 93 185 192 188 172 165 16 177 66 196 139 178 182 184 108 158 173 136 88 
126 51 177 108 99 57 11 127 3 29 129 181 124 83 25 7 181 32 138 21 106 196 47 48 198 188 3 98 120 108 60 103 8 131 90 11 77 91 186 1 184 101 73 96 53 86 23 110 123 65 15 153 23 158 124 91 52 168 142 139 178 154 160 85 93 200 150 174 72 188 156 5 51 88 174 188 146 117 65 100 134 88 149 193 4 182 44 93 4 196 52 40 178 184 98 113 43 17 154 117 46 84 19 21 170 76 55 68 69 4 155 111 2 59 25 41 20 77 37 56 150 169 41 129 173 144 155 167 176 106 107 175 17 27 111 136 7 159 117 49 56 85 163 10 93 39 18 198 121 60 
42 40 70 52 21 45 179 191 112 50 127 55 162 60 47 98 20 55 130 22 103 128 197 174 29 85 19 94 26 45 84 79 197 147 134 104 181 66 136 193 133 33 99 121 83 82 137 3 93 99 66 77 178 86 165 48 116 1 1 98 73 102 156 171 116 17 158 13 129 132 155 164 158 169 141 75 67 97 29 164 143 19 138 123 13 164 4 173 86 31 130 117 193 100 50 138 45 149 55 78 57 93 176 27 155 72 156 46 78 27 185 198 70 23 77 166 165 124 123 97 107 175 104 84 124 55 50 18 163 23 141 21 119 109 173 115 194 118 96 177 93 19 20 11 30 4 197 144 81 77 
86 126 75 72 93 1 199 132 192 105 164 84 67 108 122 95 105 121 2 80 109 32 12 62 91 137 109 159 142 12 110 10 179 85 58 138 155 100 17 123 103 115 194 182 110 156 108 48 42 57 89 198 97 67 148 140 166 90 194 192 188 31 166 38 6 103 79 36 123 165 31 136 96 58 100 67 185 75 119 69 112 65 159 171 175 125 36 60 71 33 57 121 33 48 141 71 195 144 67 175 10 32 51 137 162 75 105 91 182 166 123 43 42 57 4 82 167 90 19 118 101 191 69 87 157 20 124 197 57 183 144 169 129 17 178 127 157 34 191 13 106 29 152 54 134 167 115 160 140 142 
133 185 13 126 174 126 36 81 114 79 153 123 179 198 189 153 95 132 146 90 87 37 49 38 143 133 48 52 117 87 24 16 182 167 68 134 13 133 32 189 155 79 154 141 200 69 6 1 64 146 80 67 131 147 73 111 151 80 101 127 118 54 135 125 184 110 31 116 160 150 70 68 83 183 104 97 154 11 97 89 59 187 172 24 156 179 185 87 160 54 49 15 40 109 57 115 159 165 128 77 91 61 70 188 194 32 200 2 127 119 67 4 194 178 135 59 173 17 48 192 126 83 25 196 10 72 18 151 165 3 125 51 199 173 85 41 141 163 137 25 5 187 178 188 172 125 5 70 97 88 
171 124 155 93 8 51 32 108 162 197 176 87 1 104 17 188 80 21 42 171 41 160 147 16 71 78 180 119 199 176 27 176 26 55 175 99 189 64 91 77 108 196 57 83 49 143 79 126 48 152 35 199 68 23 70 118 158 16 195 31 165 89 115 62 21 185 155 121 6 16 28 20 95 113 20 157 121 29 42 61 171 16 48 196 172 52 59 104 14 16 83 79 14 131 173 176 4 64 1 138 176 125 16 96 21 65 177 78 100 79 107 57 126 197 6 78 34 197 65 171 150 43 159 130 17 176 97 74 66 30 23 195 155 57 97 200 98 43 175 65 7 175 16 49 149 39 116 19 149 111 
129 10 126 6 190 127 174 198 196 157 21 42 190 187 181 38 52 104 155 103 197 129 65 101 52 38 115 8 200 133 150 141 15 132 99 187 168 69 107 13 52 169 31 119 18 55 156 200 67 25 108 73 69 3 85 105 63 59 108 63 198 25 95 102 144 113 153 29 73 122 140 27 162 57 115 42 126 145 40 190 5 83 12 61 158 197 96 31 125 70 42 63 31 1 102 111 152 90 163 153 125 186 76 22 41 63 105 76 73 188 148 104 169 182 136 142 24 193 65 184 150 138 2 101 23 33 53 177 45 119 83 199 28 47 196 168 181 107 13 131 179 46 58 94 57 13 146 56 29 53 
32 79 89 45 28 121 176 80 48 17 71 78 25 86 32 153 84 192 133 68 49 56 62 137 36 87 27 104 52 152 153 58 110 84 160 168 61 76 40 157 30 176 85 2 6 43 149 2 73 42 49 174 59 137 102 35 68 114 9 178 78 136 149 119 16 4 22 64 145 183 126 29 179 126 79 169 136 122 163 187 175 6 155 118 181 41 28 175 189 64 63 38 7 162 99 111 140 8 102 183 108 182 153 118 167 180 62 68 102 6 179 145 102 194 103 195 154 128 94 21 91 196 37 44 60 111 57 166 165 143 12 147 58 151 62 68 60 62 93 17 142 31 140 101 47 121 60 190 75 179 
58 155 199 116 41 112 134 112 147 83 199 164 4 140 174 23 31 191 60 96 18 166 146 35 44 33 175 10 68 136 179 138 19 3 63 183 63 49 150 146 124 144 3 113 32 48 42 184 24 73 57 42 146 42 153 124 24 172 93 165 49 156 111 44 188 140 191 96 95 10 179 86 126 177 159 122 185 117 105 171 27 47 163 119 98 106 82 22 77 18 31 133 14 91 129 200 167 148 74 179 6 199 177 87 188 190 45 171 15 58 195 128 53 174 39 167 150 199 14 175 151 24 99 22 117 75 50 14 87 154 41 81 187 26 166 149 86 23 173 140 20 156 129 139 63 88 93 75 80 108 
185 191 198 12 65 79 128 144 130 47 114 182 23 53 153 165 54 33 127 107 48 193 104 144 194 200 174 126 91 37 188 196 145 191 20 194 139 20 44 181 81 133 198 37 197 180 176 76 93 78 195 138 56 174 156 144 90 5 89 17 154 158 5 63 141 69 78 82 165 196 198 155 102 8 9 75 172 148 19 190 119 172 92 133 80 115 95 34 108 115 91 180 184 33 52 183 144 97 105 63 125 69 130 5 65 157 18 128 71 84 75 119 37 162 177 101 35 6 5 101 49 87 118 124 25 94 166 148 193 158 151 131 75 129 3 159 38 118 193 134 112 70 133 129 102 35 117 64 64 30 
52 3 191 113 86 152 77 28 59 84 49 144 199 141 51 153 88 44 119 94 89 33 171 30 199 187 85 148 16 71 86 23 30 165 153 198 4 164 185 3 193 43 143 170 78 153 98 116 31 156 35 150 75 32 130 21 20 2 90 109 37 62 3 177 192 113 131 116 10 80 93 38 73 106 180 47 194 196 121 64 71 183 175 45 103 192 90 114 17 20 49 53 130 139 157 98 163 66 26 48 125 145 156 134 22 47 19 120 36 160 58 56 43 46 20 172 11 25 111 104 116 118 30 180 43 153 191 122 117 34 122 136 69 129 107 67 47 151 188 163 79 166 29 74 7 77 111 146 138 172 
169 131 34 132 6 15 53 12 8 67 136 48 188 153 4 5 5 172 177 123 156 117 180 54 41 9 34 92 94 175 156 67 123 174 22 187 22 159 28 33 53 167 48 98 41 34 122 169 104 78 151 108 166 80 25 132 60 165 178 43 64 78 200 23 2 172 7 148 121 163 49 55 63 41 114 83 61 42 177 195 67 156 151 134 172 181 70 47 45 156 4 109 174 1 122 95 160 156 52 140 152 79 61 195 74 98 118 75 133 156 69 123 192 190 1 112 80 81 7 49 129 127 143 154 75 27 29 177 170 19 32 136 156 73 7 68 77 186 11 54 71 32 11 107 15 56 87 151 188 28 
137 41 15 192 64 127 71 175 94 20 177 37 86 31 5 23 95 21 2 143 51 193 185 48 158 113 11 160 127 131 129 48 169 123 165 77 83 144 119 114 118 166 16 74 1 131 123 88 104 110 63 21 137 200 124 30 16 184 196 107 122 42 118 15 8 1 174 147 99 158 130 75 160 198 152 152 8 148 141 72 20 68 26 87 15 115 137 133 136 150 159 178 123 17 168 107 8 170 182 124 134 196 31 48 6 2 76 150 163 92 46 93 62 132 175 169 145 38 44 179 65 84 52 74 151 85 27 200 181 53 16 138 88 64 73 68 60 127 197 77 82 192 175 93 104 18 78 144 103 39 
170 57 170 138 168 85 2 90 134 197 47 82 92 85 83 197 105 1 23 129 127 20 134 28 151 119 28 102 45 70 138 147 35 188 131 134 99 123 33 16 114 12 183 76 186 197 75 183 88 123 77 43 16 79 138 123 117 191 128 167 32 62 29 19 37 190 50 55 114 160 25 160 192 142 8 110 143 25 5 93 189 55 6 111 55 118 174 44 79 118 79 151 168 24 172 131 184 91 13 170 11 33 105 180 157 172 170 177 66 94 49 23 181 26 92 108 125 118 29 70 78 84 21 77 142 85 72 99 160 59 75 170 100 85 114 17 165 42 109 5 70 45 11 192 112 95 180 183 70 187 
185 29 184 176 185 126 67 49 12 116 99 103 147 55 60 94 100 25 132 166 34 55 28 120 131 18 81 168 133 179 102 13 73 114 27 129 154 82 113 192 193 20 147 146 125 39 188 138 51 6 12 4 122 178 183 102 54 128 140 122 156 121 13 35 58 163 79 4 125 187 112 10 3 15 30 155 4 153 141 181 175 77 72 81 195 35 73 2 34 81 92 195 150 66 111 38 19 190 143 100 125 45 178 29 177 168 84 25 34 8 86 86 130 141 49 148 81 14 168 108 67 5 161 3 181 33 61 179 152 157 68 87 194 14 1 192 198 69 45 107 114 65 170 81 5 144 41 134 162 155 
181 146 96 84 142 188 67 1 82 125 91 167 102 176 43 35 72 58 114 85 160 113 94 83 180 192 104 70 84 63 88 46 63 46 77 80 103 57 6 133 76 110 64 76 163 70 82 43 8 90 20 76 163 130 163 145 33 39 180 183 198 59 51 37 179 125 173 13 15 191 71 198 189 107 176 3 12 37 80 169 2 103 104 11 10 135 13 168 22 135 144 148 61 37 149 113 44 189 112 22 15 194 90 112 31 94 60 121 30 98 177 121 192 65 109 118 191 84 174 135 100 50 137 47 131 184 94 193 152 76 32 26 55 186 25 185 90 25 104 88 131 138 184 37 114 28 119 16 85 45 
176 10 147 41 20 21 85 183 52 142 48 137 156 44 141 117 114 120 183 10 99 153 100 137 163 77 85 111 164 83 186 156 116 192 99 191 62 147 100 189 78 34 63 52 137 196 97 127 170 17 110 139 100 176 186 63 76 190 171 112 147 118 78 131 173 32 73 35 133 113 178 73 10 56 186 172 83 133 119 83 5 72 121 3 12 151 6 172 19 96 6 187 182 31 193 189 97 191 183 73 107 114 43 43 54 189 6 155 91 173 32 123 53 66 118 98 97 198 178 41 193 27 73 36 133 98 183 34 22 180 106 164 121 39 42 197 196 52 141 154 22 163 26 136 73 87 29 139 169 111 
74 179 136 183 64 188 110 200 78 5 55 132 59 132 80 57 128 70 173 187 91 53 18 153 86 78 175 86 129 111 45 102 2 10 69 182 66 23 9 53 181 68 89 29 115 131 23 190 172 57 3 135 137 64 176 185 113 58 134 181 59 68 38 127 88 68 78 5 129 14 40 174 80 99 168 41 186 56 133 111 20 143 18 101 91 118 123 66 186 74 46 61 185 164 139 117 64 56 28 198 49 43 167 21 17 7 4 9 160 104 175 116 31 87 93 43 165 13 18 105 45 14 196 106 137 113 15 133 183 138 62 149 193 157 198 67 13 20 36 186 74 94 188 188 167 21 59 33 114 145 
160 106 56 198 41 149 78 49 40 118 6 175 41 46 29 9 183 69 172 61 54 153 15 101 102 149 137 55 83 200 64 91 158 91 26 184 29 78 180 116 194 97 174 41 123 4 147 170 2 2 57 180 43 43 137 50 181 99 53 54 99 61 96 58 108 55 131 16 141 190 192 108 16 22 74 79 11 61 57 11 107 65 145 159 10 27 172 57 57 58 39 92 88 86 179 6 174 97 160 151 11 191 25 84 71 89 67 64 106 164 27 151 196 63 197 133 12 108 138 118 107 64 143 77 66 129 33 72 181 99 111 71 150 75 86 165 22 96 12 175 180 21 163 104 167 134 11 43 85 176 
96 88 138 88 190 73 73 109 18 87 31 10 166 59 105 13 100 138 1 73 102 43 170 159 28 54 46 180 157 19 98 155 176 159 10 3 164 102 94 89 164 159 97 184 175 75 77 181 75 27 110 118 104 37 62 134 90 47 89 26 111 40 79 81 145 135 181 169 178 134 125 158 117 35 31 47 149 88 107 103 162 116 159 55 41 133 36 116 156 88 74 20 160 184 171 46 94 63 167 176 32 33 161 53 157 163 191 174 120 20 43 20 43 167 31 30 198 192 146 161 74 1 127 25 52 138 156 22 113 191 43 64 106 95 62 30 28 106 14 155 75 62 150 120 115 198 172 168 81 100 
195 194 74 17 110 134 100 81 113 23 35 146 60 86 171 70 64 167 6 27 126 169 85 124 136 79 80 57 87 185 38 170 21 163 100 79 12 62 152 171 103 76 59 62 182 3 70 82 136 43 3 43 169 130 147 164 43 33 165 158 81 69 59 181 192 17 101 177 69 103 196 114 194 78 22 119 26 171 41 39 21 61 99 52 47 82 22 119 91 124 52 67 180 125 104 104 68 102 16 32 107 77 97 79 33 65 49 171 106 151 4 152 179 52 110 3 113 24 177 11 58 171 7 18 172 146 35 31 46 128 192 138 131 55 188 139 27 123 84 148 178 49 189 192 17 169 180 147 139 126 
145 58 82 75 191 178 26 181 81 139 134 197 11 149 133 167 105 18 56 93 138 18 114 38 189 121 65 88 106 124 164 94 114 190 142 52 191 29 146 117 107 168 9 6 17 160 68 110 133 66 14 13 119 104 140 148 200 35 97 63 134 11 164 68 67 61 110 73 107 134 12 172 200 76 41 149 117 127 115 185 40 75 146 29 19 54 93 123 126 195 164 85 85 94 64 187 75 168 170 141 15 185 199 176 169 175 13 62 139 187 134 185 58 125 172 94 13 36 157 195 82 112 138 128 23 185 132 77 43 31 145 41 27 196 96 168 185 73 155 190 155 116 196 98 41 122 108 173 157 198 
168 82 187 183 160 89 74 32 24 98 173 22 123 14 168 151 18 179 164 131 164 96 158 60 147 146 50 126 99 111 200 104 62 55 181 140 167 81 182 172 136 123 192 179 148 105 92 99 62 134 26 70 68 111 169 97 113 25 12 83 53 92 16 29 187 152 38 117 125 169 151 153 143 153 187 14 139 110 138 99 24 116 198 98 181 198 153 127 166 139 55 148 54 67 15 29 191 121 199 112 95 170 97 11 1 30 151 177 86 195 76 196 59 5 57 148 182 91 85 109 68 16 52 166 37 189 35 75 20 25 104 193 86 39 194 67 114 127 101 100 131 166 45 21 83 171 176 185 23 158 
177 69 194 31 151 109 7 196 71 166 96 165 104 134 115 151 129 105 102 45 5 16 179 151 32 154 114 67 56 87 158 139 67 166 6 5 138 79 177 76 70 36 60 97 69 100 23 119 105 85 94 138 168 194 70 170 132 21 153 93 42 157 137 169 178 8 28 24 61 90 160 74 36 128 114 170 69 10 67 59 19 171 10 156 177 177 108 130 173 8 177 179 17 41 88 145 55 14 166 130 44 141 83 191 55 55 124 44 92 119 129 13 81 152 12 22 10 16 80 187 93 132 22 101 60 45 39 46 170 143 49 84 66 103 134 170 160 88 180 78 153 78 146 81 89 86 126 194 89 81 
159 157 132 23 83 93 40 66 81 21 38 92 137 198 92 47 82 143 184 31 156 88 131 96 183 156 186 104 150 69 167 76 62 146 150 181 34 60 90 127 38 3 154 74 141 25 136 79 200 66 40 71 56 195 101 9 185 116 4 51 125 144 34 102 100 34 55 113 16 11 71 31 103 46 87 185 84 145 86 58 136 162 140 170 171 194 50 198 162 96 151 17 195 124 113 72 29 8 91 22 42 139 88 58 171 87 156 71 124 10 94 6 66 80 106 61 122 81 101 165 72 158 175 195 182 166 71 61 163 100 112 39 57 18 112 199 149 100 108 59 121 38 143 60 56 110 113 146 61 183 
99 82 186 35 160 126 3 72 127 198 25 107 197 78 199 28 14 118 107 78 42 65 113 121 141 179 120 125 184 127 152 31 134 176 43 32 24 82 58 143 40 121 54 109 130 172 138 19 55 115 58 61 163 118 120 24 70 97 3 120 5 52 146 13 143 151 112 196 190 170 41 28 174 41 16 170 200 111 24 73 85 196 149 174 88 5 85 159 29 32 110 175 72 165 7 66 116 72 186 32 179 19 150 83 98 118 95 20 199 199 65 32 125 163 75 122 187 69 132 105 149 158 77 96 136 31 52 7 39 4 174 74 92 151 45 58 108 140 128 194 17 145 67 195 134 56 141 70 12 181 
103 81 91 145 49 27 200 24 61 154 77 8 80 29 156 15 63 82 24 13 7 141 163 89 5 141 70 190 39 200 89 77 124 122 96 59 148 107 122 101 176 194 121 84 122 191 21 121 30 176 142 45 131 3 136 34 121 24 64 114 169 145 168 132 155 48 101 18 78 80 183 173 60 158 27 79 172 181 156 67 113 199 61 48 188 143 187 133 7 114 133 194 35 136 29 164 153 144 174 98 180 181 119 191 98 98 45 27 195 7 119 143 128 69 108 117 67 22 77 113 180 8 188 108 187 87 74 87 40 69 45 115 110 20 77 105 154 58 25 193 126 147 154 186 52 19 132 156 71 62 
20 147 73 32 8 14 139 115 146 38 9 122 16 113 121 162 59 2 74 157 101 31 1 177 166 76 181 22 22 182 144 142 120 160 121 84 123 8 115 40 123 157 122 49 60 182 154 133 104 139 76 63 110 134 25 33 3 69 133 97 140 27 53 146 100 124 176 81 50 184 7 87 87 120 150 186 43 167 18 164 152 170 61 47 51 78 21 111 74 87 44 5 109 99 52 197 16 138 26 174 70 51 150 200 102 120 79 195 74 167 196 156 125 33 109 35 47 170 96 174 152 61 113 8 106 90 4 92 16 7 157 7 77 112 109 65 35 185 89 6 82 121 116 177 84 169 39 33 16 128 
156 74 51 72 108 179 74 91 96 94 28 191 79 54 180 153 131 165 172 116 187 146 184 9 56 59 91 127 76 93 74 71 105 177 61 71 177 93 78 7 14 128 36 24 172 143 57 136 133 143 133 151 66 86 3 19 69 22 162 159 175 121 118 77 117 41 52 142 107 105 81 62 150 176 3 40 181 97 9 187 62 71 152 137 167 191 1 2 184 122 105 109 12 146 28 191 96 153 194 168 67 165 58 99 63 66 20 92 108 157 94 54 159 74 12 92 44 18 178 32 25 94 193 49 112 163 14 23 2 21 36 42 126 16 14 148 156 65 41 200 99 193 183 134 74 164 122 137 17 23 
15 120 172 197 57 101 171 132 98 90 114 185 162 171 126 67 16 62 191 81 36 176 6 146 42 5 176 73 78 190 152 34 181 196 7 168 141 2 189 62 125 67 132 138 9 139 193 10 22 6 86 82 93 48 52 174 128 147 126 91 75 169 99 129 134 111 8 67 185 156 142 31 108 59 21 39 53 21 87 4 156 4 8 117 130 108 64 8 64 57 67 104 21 10 174 86 43 86 72 189 120 97 5 108 39 186 59 166 5 167 56 11 96 165 15 26 125 158 180 51 16 51 97 177 103 99 151 130 43 36 24 138 154 194 45 148 96 53 1 190 41 38 151 157 58 76 135 45 173 77 
174 26 129 54 159 122 169 146 26 85 100 84 137 12 34 1 110 2 110 157 87 190 88 191 137 29 183 167 18 200 185 34 5 98 14 100 136 144 129 12 186 15 163 183 66 57 62 159 153 138 112 166 76 152 192 112 42 4 135 106 68 149 125 59 155 190 133 173 116 6 134 31 59 13 96 166 23 142 81 62 49 90 31 62 131 3 57 189 107 54 13 39 1 59 131 108 20 134 165 41 54 187 185 160 184 47 53 138 172 124 166 141 62 80 78 104 69 83 159 111 63 16 187 91 191 80 45 194 50 188 55 167 120 44 119 38 69 30 91 196 129 104 177 50 178 19 40 191 76 118 
114 31 196 53 119 162 81 116 188 169 125 165 57 130 174 41 98 128 182 34 68 82 123 183 23 111 181 112 14 101 98 116 83 193 193 62 83 73 72 31 84 44 153 193 167 165 41 110 164 91 5 97 50 96 196 175 14 127 52 136 199 192 39 163 49 64 159 176 126 32 136 97 192 125 165 190 14 191 136 36 13 169 120 105 147 80 27 11 192 60 105 122 124 147 89 107 171 102 183 27 150 177 74 179 114 114 194 56 17 179 182 194 112 194 151 58 15 176 177 165 118 108 51 191 181 126 53 189 180 60 35 181 33 122 135 141 68 160 185 167 37 71 104 44 91 120 1 52 103 138 
36 39 142 52 169 117 150 118 35 156 81 151 42 168 30 89 196 74 102 143 103 79 137 183 83 109 125 142 173 102 175 171 122 6 166 92 24 91 171 153 6 13 48 123 93 132 118 82 1 116 35 31 27 24 87 78 73 42 100 194 31 152 32 186 133 31 4 50 187 191 12 66 17 50 57 181 78 39 71 176 63 154 191 145 2 53 130 111 25 86 29 167 85 158 63 76 139 90 11 62 37 111 64 93 146 1 194 60 51 174 80 180 171 192 174 190 50 64 152 79 116 82 73 125 83 84 41 143 129 165 12 52 131 194 110 72 92 25 96 84 43 81 49 145 135 47 78 106 59 105 
163 191 180 115 143 161 68 183 53 195 194 113 112 189 93 69 24 46 28 81 172 72 146 65 120 151 114 142 144 149 146 50 16 44 46 68 39 35 173 7 67 104 65 175 52 182 88 86 17 44 72 81 66 48 8 143 52 127 100 18 52 183 125 132 183 32 163 136 24 104 13 46 18 38 86 132 145 25 108 163 67 71 64 144 188 89 179 177 180 2 183 15 129 41 126 48 170 100 29 65 101 129 1 187 112 26 73 141 105 174 22 28 92 16 76 117 157 90 77 192 85 26 169 15 76 103 156 115 105 42 133 130 25 73 67 113 13 128 138 191 193 21 134 84 106 160 199 130 165 174 
72 53 54 59 35 193 19 98 48 175 123 19 69 70 85 142 70 90 46 8 117 64 149 16 90 172 134 140 198 108 61 45 196 98 77 6 91 110 121 167 171 80 62 83 101 73 157 162 81 158 131 58 86 40 70 191 106 197 191 94 16 55 157 108 140 162 24 1 36 185 55 106 143 44 137 76 89 20 95 46 140 85 146 189 98 143 2 137 194 127 149 162 151 86 29 71 69 153 109 51 4 112 14 125 46 19 41 131 183 184 126 186 83 182 110 133 125 36 81 102 165 118 96 177 113 116 190 183 136 131 17 172 200 127 1 29 85 102 4 64 177 91 87 61 84 137 159 196 198 184 
146 31 13 41 162 80 11 84 8 30 109 51 143 33 139 43 192 164 70 188 193 167 176 116 98 96 161 123 36 65 125 34 10 7 103 12 101 145 110 145 164 58 39 173 74 163 170 110 98 157 4 54 198 2 68 84 198 117 67 146 184 50 17 32 42 21 192 198 25 53 172 67 80 197 152 138 45 86 149 22 163 14 44 128 27 130 117 23 172 87 176 78 197 199 53 110 193 101 31 156 161 6 104 144 157 91 49 187 113 117 89 166 13 43 50 64 86 181 46 18 167 181 137 89 101 55 152 67 159 133 46 28 114 68 38 161 10 158 99 108 166 64 95 23 159 5 189 87 43 124 
103 187 178 44 39 59 51 39 9 97 43 128 107 117 140 58 86 56 157 16 71 64 183 50 129 165 98 28 52 125 53 142 177 177 43 116 182 126 33 137 31 78 94 65 109 109 58 87 18 199 16 78 126 115 12 196 73 107 9 108 13 122 113 131 195 54 75 174 141 10 85 187 39 37 15 79 30 36 123 28 75 2 143 163 143 36 69 52 34 185 181 17 23 80 22 20 157 147 137 71 63 169 12 54 131 42 126 1 140 27 34 36 141 179 127 56 90 56 130 177 153 5 103 153 97 10 101 87 173 6 84 185 190 41 50 193 95 25 110 47 151 194 106 63 170 103 20 182 1 94 
28 145 116 63 125 66 65 167 79 99 125 183 48 76 95 154 171 148 106 189 76 114 149 113 14 183 45 114 22 14 172 111 107 185 64 39 128 154 112 115 159 112 181 128 59 48 149 124 195 197 172 172 145 152 9 11 163 74 25 1 37 16 187 151 98 35 137 91 8 34 47 95 151 96 73 187 142 32 18 104 90 11 53 105 135 29 19 51 116 100 24 1 33 18 69 111 47 48 41 93 48 184 190 176 144 139 158 133 118 56 90 93 36 102 74 18 149 4 147 93 196 157 116 109 3 36 71 82 70 21 144 157 42 130 1 98 71 93 81 71 172 31 159 164 97 153 55 72 82 17 
113 72 38 162 106 6 71 87 24 189 108 161 1 113 99 168 98 181 51 127 162 11 65 122 87 97 36 5 152 189 28 148 69 76 107 132 153 126 154 82 174 171 184 196 189 5 9 92 125 81 138 75 108 27 96 98 89 189 109 107 196 23 41 125 123 118 83 3 117 127 90 99 13 138 98 194 125 148 90 80 25 6 171 195 167 114 36 103 187 186 93 144 134 196 150 181 134 179 172 109 105 31 64 30 73 66 149 128 185 83 129 23 142 26 145 150 131 161 161 60 51 164 65 137 147 144 86 96 58 72 157 63 107 122 192 150 28 120 124 187 71 13 81 50 110 178 65 49 43 41 
191 180 125 196 125 74 200 79 132 144 83 75 4 155 82 12 120 71 68 188 132 31 195 73 24 2 100 125 29 132 112 189 132 145 111 87 85 17 179 9 78 118 85 64 15 11 135 94 57 41 130 17 131 73 46 90 8 1 104 118 121 9 59 45 87 108 111 174 97 112 190 72 60 196 176 57 161 82 92 100 197 69 92 135 110 132 69 173 41 176 149 26 171 46 83 46 83 110 60 169 92 29 176 32 77 47 9 170 22 180 169 81 196 46 162 110 116 84 36 164 132 56 172 162 21 2 153 67 32 38 142 53 106 45 5 60 87 10 37 18 127 39 13 136 80 23 140 179 190 167 
71 133 81 115 155 81 142 192 184 89 174 76 184 103 88 154 186 173 132 178 64 25 186 100 17 147 78 144 115 65 37 88 79 27 181 29 69 79 74 174 83 183 133 55 15 74 104 85 84 86 143 10 31 72 67 189 109 7 52 74 134 94 87 122 161 181 97 136 182 144 117 171 37 42 84 145 199 156 33 44 158 137 185 4 116 148 41 196 92 81 134 126 2 57 35 167 127 170 105 130 15 72 107 4 14 2 159 14 53 19 79 161 8 28 40 97 168 8 99 190 173 190 101 70 151 21 38 102 128 7 137 95 110 88 96 69 189 61 88 164 196 43 171 59 41 5 197 100 161 79 
5 44 138 197 57 91 97 50 93 112 101 128 193 32 87 155 183 175 124 192 141 180 91 51 166 192 17 97 29 139 36 147 48 51 83 19 65 74 70 32 31 85 100 12 187 61 137 88 110 125 136 23 145 90 101 39 136 109 140 183 128 1 95 156 199 48 28 59 167 106 72 80 146 39 196 18 53 172 95 10 190 197 89 47 187 132 46 198 142 99 142 196 55 49 122 170 17 187 118 44 46 130 146 62 3 114 26 114 161 129 99 33 179 109 78 197 91 96 178 26 8 72 128 197 77 94 82 118 103 125 113 77 67 84 125 52 94 154 39 137 39 108 43 77 84 131 71 175 40 76 
142 80 160 27 175 78 45 39 129 67 155 46 16 175 98 193 174 42 123 8 195 34 159 96 81 188 78 181 127 86 58 91 156 154 97 95 141 63 178 24 40 76 85 125 68 43 188 140 126 58 184 79 196 132 74 178 98 26 111 52 169 58 100 120 25 104 187 51 28 20 51 110 86 87 43 13 82 169 164 73 93 26 144 148 125 49 162 162 199 177 150 72 142 147 45 122 182 128 197 171 55 139 44 29 163 92 109 119 110 168 151 24 199 180 66 192 24 119 65 42 171 57 116 147 101 97 6 113 143 33 24 37 125 9 182 20 154 114 25 131 31 64 9 53 167 25 95 182 87 29 
1 99 139 37 172 142 121 131 34 77 139 4 173 4 15 183 58 156 57 118 160 97 71 66 7 35 42 39 72 108 130 157 159 148 74 169 129 141 14 48 31 175 134 173 167 25 61 33 111 194 84 92 82 16 32 71 190 37 14 141 29 88 91 164 42 180 91 142 100 105 15 3 80 128 90 79 46 86 79 37 157 69 104 147 71 106 35 180 79 52 69 56 19 27 137 139 27 128 27 24 160 108 44 64 30 92 94 16 86 134 121 129 128 81 33 63 11 81 111 27 128 10 84 52 16 105 82 140 84 81 91 193 101 18 193 13 8 24 170 108 178 95 69 54 95 66 193 96 101 182 
70 72 155 49 163 101 70 132 91 72 120 174 29 163 180 20 86 60 179 150 68 134 145 114 189 178 8 164 5 62 168 18 39 152 11 25 35 130 200 84 73 189 33 181 45 49 60 48 71 130 33 103 151 125 195 138 109 162 7 182 179 186 94 23 29 196 186 108 38 195 178 56 35 73 74 3 111 176 58 10 186 110 1 185 21 185 180 109 73 138 100 67 38 66 198 49 97 152 100 68 191 33 158 182 68 66 37 102 146 175 23 60 32 5 112 142 57 32 123 107 88 142 24 66 146 158 95 177 16 103 49 192 3 56 193 47 115 76 105 110 43 23 133 14 149 84 49 67 49 72 
119 61 93 186 2 89 150 69 167 154 42 60 157 153 144 155 70 83 160 198 181 8 160 120 28 106 130 52 46 96 146 140 85 2 170 26 159 55 52 72 119 146 60 192 146 33 66 91 114 19 4 95 146 29 58 108 26 189 145 145 16 78 62 168 67 120 20 75 17 143 72 22 25 10 26 105 18 104 53 18 110 162 16 78 88 73 112 67 197 99 25 190 30 168 83 33 157 90 25 159 87 77 165 165 141 107 162 71 16 83 138 143 139 72 44 25 108 39 56 67 99 1 15 192 33 152 111 21 39 50 70 177 40 5 51 103 59 172 69 61 80 81 14 7 154 16 198 194 105 188 
123 192 136 16 58 122 114 159 90 182 4 183 142 91 114 63 192 148 183 93 188 77 198 117 143 5 113 117 159 62 183 183 64 93 77 82 9 31 185 23 129 79 100 200 29 53 135 19 148 107 198 185 2 49 199 95 39 153 170 188 30 80 66 35 81 193 189 98 13 60 15 107 18 121 96 44 10 176 63 151 49 52 25 137 123 89 84 174 103 149 161 79 111 161 65 159 183 168 161 99 130 116 104 32 107 52 33 168 188 50 109 92 137 70 147 148 37 173 12 6 107 154 68 167 163 44 54 186 24 2 89 146 84 138 57 1 94 157 154 106 87 99 91 79 40 108 2 192 11 91 
51 52 131 27 98 150 39 26 154 111 2 47 131 127 55 64 40 99 81 126 94 74 76 113 141 138 94 176 98 92 11 50 114 31 189 134 21 78 28 131 49 141 19 34 48 149 93 125 167 156 173 14 56 9 3 64 42 138 125 170 23 43 174 34 95 165 160 135 76 128 17 6 81 136 106 23 164 76 179 97 77 16 101 134 37 103 46 136 196 180 60 73 23 2 30 102 63 180 157 37 192 34 121 107 199 70 10 149 146 60 9 22 195 31 43 191 15 9 22 175 4 119 46 164 167 44 125 188 104 116 197 148 159 159 140 166 165 160 53 43 107 160 138 46 112 41 40 176 117 169 
157 167 34 112 187 29 87 64 83 184 166 122 158 66 109 24 135 176 107 125 89 170 81 127 101 111 188 200 175 98 134 22 170 182 168 141 150 9 38 36 200 25 51 141 63 159 41 97 96 153 61 44 79 84 152 40 8 94 73 145 33 98 11 116 45 63 43 141 140 85 77 147 119 152 73 189 40 33 150 142 170 34 92 147 18 200 53 99 36 64 200 60 190 46 69 5 158 96 65 133 144 6 55 1 61 28 187 171 4 171 176 41 169 131 167 136 27 46 78 130 98 100 44 151 36 171 162 100 14 158 64 198 55 195 82 2 125 27 74 18 37 64 159 73 17 151 102 196 96 56 
61 144 29 94 133 198 69 110 20 188 53 125 119 76 196 87 90 172 61 110 140 185 179 44 117 39 59 119 88 102 55 61 173 41 13 123 131 183 174 57 175 3 64 122 190 1 122 24 158 53 48 66 48 140 113 88 77 57 59 18 34 133 21 28 37 61 198 30 11 30 134 37 190 97 158 38 169 28 73 135 130 36 82 32 54 177 10 191 190 34 155 100 160 146 176 116 106 141 81 143 160 4 101 184 35 122 21 187 111 119 108 155 142 53 68 183 48 5 163 72 101 112 107 104 30 68 56 121 38 68 44 12 53 189 23 111 99 187 132 129 123 73 56 151 1 61 40 197 32 80 
11 123 164 169 112 67 110 71 150 120 11 142 38 69 187 116 14 39 194 115 27 76 26 13 68 129 133 199 173 141 122 140 61 100 176 120 98 187 11 191 137 196 1 127 193 47 37 27 138 74 148 184 196 61 95 180 102 138 52 135 100 19 21 113 90 144 28 109 166 178 69 143 119 31 172 140 122 8 141 97 149 36 10 129 127 155 119 5 154 125 87 79 32 190 126 198 125 9 148 56 168 184 5 62 79 147 173 82 72 52 194 15 168 189 127 116 171 24 105 135 91 192 77 141 19 24 127 136 89 98 63 75 88 195 198 173 42 192 9 178 147 103 89 176 122 126 189 80 37 153 
174 145 61 72 183 15 42 150 81 160 148 189 100 24 3 129 163 9 107 150 4 5 179 111 192 18 54 109 183 41 86 15 200 76 124 48 123 122 179 51 35 138 154 164 61 150 34 101 96 113 148 51 143 169 175 161 110 144 123 77 21 68 156 153 14 125 21 119 17 124 32 24 53 34 69 158 200 56 119 54 43 21 159 175 114 135 193 157 170 171 173 192 181 88 8 60 77 175 71 163 186 150 25 38 91 17 42 97 163 186 51 4 104 98 24 42 90 189 38 13 31 72 146 164 83 154 116 106 60 199 18 60 131 55 121 4 1 116 77 64 60 119 29 25 107 92 83 15 134 170 
154 194 40 173 93 197 142 138 71 168 55 91 98 9 87 73 43 113 83 176 194 167 132 30 191 35 22 45 120 16 181 5 157 111 41 119 144 75 148 60 156 181 58 35 169 170 178 70 193 66 119 151 4 60 154 86 50 136 21 179 157 164 133 76 65 120 106 29 185 98 176 107 157 17 18 157 195 168 81 48 61 50 177 84 49 138 65 59 196 28 48 165 186 26 44 171 143 185 53 102 192 27 57 37 137 116 8 76 182 16 71 51 183 2 68 178 175 24 98 87 35 133 61 77 48 124 144 189 185 188 83 24 153 31 160 134 85 99 42 179 5 155 107 120 10 50 88 56 66 48 
150 198 78 196 80 134 35 92 174 77 19 192 127 9 53 4 149 37 113 29 63 65 67 45 114 43 90 32 88 140 45 108 75 178 136 65 116 27 177 196 102 145 61 70 149 48 125 26 106 87 58 27 12 36 165 138 16 7 104 22 10 130 41 57 27 67 125 96 185 89 101 84 130 200 99 94 168 191 158 26 12 175 104 32 191 161 127 87 97 63 151 175 19 132 175 186 155 30 78 92 73 54 83 71 191 131 167 39 173 46 63 86 82 112 65 112 87 151 24 46 196 59 186 153 43 123 33 72 21 123 19 81 115 75 143 16 90 78 195 127 26 5 118 117 197 141 23 60 103 20 
127 183 71 158 103 182 194 101 178 111 174 8 31 86 93 23 89 165 108 187 5 111 64 56 136 184 53 111 107 149 15 142 28 195 132 174 190 35 153 130 95 180 32 96 112 61 91 12 105 65 173 4 43 192 77 97 181 11 149 127 162 168 84 128 200 70 95 49 72 145 2 1 33 108 111 114 145 14 124 101 176 25 114 107 99 53 149 18 23 113 69 114 132 101 82 74 45 139 183 151 112 6 117 145 57 138 195 77 131 157 196 152 99 34 25 194 193 50 113 188 153 85 175 29 85 112 41 11 191 144 199 131 71 1 73 155 13 8 125 31 188 139 164 174 131 52 92 100 148 52 
145 109 28 38 172 17 56 151 83 191 188 122 112 155 78 181 99 4 20 105 157 174 112 66 188 92 152 183 152 117 88 99 35 42 174 98 52 149 175 200 92 189 53 138 49 190 193 75 160 40 70 2 107 30 119 138 18 122 132 47 5 84 96 46 98 72 62 187 2 6 77 177 18 60 45 132 134 16 77 47 2 195 149 18 15 78 161 110 89 115 87 82 120 75 189 52 35 92 93 29 127 63 33 16 73 40 40 197 85 62 128 77 34 146 120 12 176 119 54 63 102 48 146 121 27 120 101 58 162 99 59 104 51 190 174 67 40 144 54 125 117 178 138 199 168 47 174 125 120 122 
127 25 74 66 189 59 84 195 135 28 73 87 135 65 181 24 94 80 15 194 154 146 109 18 102 191 6 98 95 114 93 145 75 39 121 110 4 184 179 184 26 74 34 55 13 35 113 149 174 5 16 12 47 190 116 113 138 57 68 88 172 189 122 185 99 86 154 77 25 131 128 167 159 124 95 20 197 118 1 94 29 96 12 41 131 64 86 148 55 128 133 101 183 73 59 40 37 161 13 121 175 61 83 95 40 115 92 179 130 101 173 192 43 83 98 126 167 8 37 178 198 132 191 134 141 187 1 146 38 126 182 39 133 90 121 195 53 156 141 141 119 165 142 161 140 136 130 109 147 156 
82 4 110 67 113 63 79 53 113 153 65 16 120 198 17 125 175 94 119 105 124 188 19 159 77 64 1 175 118 65 36 105 55 58 195 177 131 14 160 63 152 5 145 177 18 120 94 157 69 199 1 34 128 34 145 38 16 17 7 174 36 195 180 165 153 23 68 101 155 149 164 10 24 141 152 198 130 147 118 86 167 191 102 49 68 13 72 88 111 57 41 118 140 16 29 13 143 177 195 171 91 106 189 197 113 63 60 20 24 56 90 115 184 198 134 197 110 87 44 152 88 145 32 123 18 23 37 167 9 89 72 10 114 59 161 90 20 153 154 145 87 151 198 131 114 4 111 195 63 43 
41 29 200 100 157 92 136 200 43 132 154 78 156 147 140 4 40 190 23 192 113 168 26 92 131 197 24 33 132 83 54 107 63 155 29 135 144 177 84 187 108 84 184 146 13 74 122 185 31 152 101 146 87 15 123 125 108 141 143 53 148 199 62 12 177 178 63 131 75 166 56 87 38 91 165 46 197 44 174 101 127 111 139 194 172 22 66 1 63 75 130 103 9 132 112 186 6 105 10 141 83 200 7 37 195 22 141 17 11 63 23 194 49 126 29 169 67 102 26 162 76 90 138 57 69 184 41 20 153 95 190 188 67 63 172 94 162 112 80 134 114 102 51 25 32 116 11 75 165 18 
156 108 11 123 131 126 127 133 136 93 99 29 150 33 104 144 89 4 192 64 161 15 135 160 165 89 127 49 17 187 137 114 53 178 176 50 84 35 37 124 93 186 21 21 174 88 101 62 141 138 24 103 24 140 133 3 99 130 103 94 151 110 123 168 94 159 17 171 109 186 62 8 160 12 34 59 152 145 141 127 182 179 169 2 6 156 161 54 8 25 79 20 28 191 97 117 119 198 177 196 92 133 20 96 179 85 177 51 13 32 73 7 6 147 76 17 113 92 95 88 118 146 142 169 143 27 197 147 64 27 137 159 65 44 160 185 152 19 85 143 199 68 157 90 200 194 84 197 65 152 
181 25 71 159 155 163 53 169 123 17 95 1 92 24 128 159 80 180 60 128 20 133 139 91 22 85 170 91 71 177 186 50 109 70 186 126 22 13 182 66 107 113 77 176 117 77 157 153 187 103 50 89 156 24 43 101 37 64 10 19 145 61 54 128 73 138 5 118 26 102 116 112 36 165 84 112 6 17 37 8 92 71 190 90 77 59 31 60 21 148 121 101 86 29 62 15 158 188 184 79 137 14 68 152 200 174 46 56 59 95 128 153 96 129 49 10 188 91 119 7 138 21 80 81 115 8 89 69 46 69 138 121 147 142 105 138 126 40 49 168 89 194 38 113 84 196 54 188 89 110 
126 71 71 15 139 105 173 159 169 172 60 88 19 85 198 111 149 116 174 180 132 61 42 42 103 125 176 34 101 9 97 119 143 169 45 47 43 176 40 172 40 136 177 183 198 4 135 133 49 101 80 41 104 152 86 167 154 67 191 126 30 152 66 192 20 135 185 129 182 79 39 161 132 83 83 143 164 171 23 32 4 133 13 76 149 68 116 108 166 35 58 103 54 63 154 38 9 151 105 11 57 197 29 1 194 195 44 170 103 136 26 150 115 7 38 32 48 8 96 88 69 50 109 130 135 17 66 150 149 188 194 17 137 113 142 33 108 52 97 36 162 153 65 137 23 56 200 15 127 155 
155 4 163 175 125 139 52 59 5 165 200 47 130 59 150 111 40 67 58 83 17 56 175 111 17 28 47 113 26 14 69 92 74 118 13 32 1 20 158 52 84 167 78 151 177 19 130 71 122 90 25 192 120 83 28 23 115 112 182 168 91 26 195 186 3 113 165 68 73 4 144 62 14 41 165 45 65 59 195 140 134 112 54 140 10 65 153 102 187 120 67 14 124 8 125 122 23 181 50 57 98 105 190 172 134 178 72 92 83 156 83 2 99 75 85 4 96 128 186 7 179 4 97 5 135 116 158 92 60 153 140 199 85 147 84 63 67 81 168 64 119 68 94 97 36 121 48 117 81 179 
154 106 40 200 17 72 35 32 86 132 114 33 53 90 120 119 177 81 13 84 7 158 160 37 37 185 17 140 98 107 119 182 182 20 16 39 161 44 174 107 51 43 187 175 180 146 161 93 66 118 105 11 56 1 5 127 142 89 104 74 111 59 16 50 118 10 190 40 139 91 71 169 65 98 158 191 64 164 190 76 164 74 159 179 66 31 12 54 169 163 129 91 140 57 79 132 4 46 29 68 172 39 143 94 7 94 169 194 161 157 81 57 19 159 6 22 61 100 108 58 120 56 138 117 9 60 42 133 72 130 182 101 135 6 180 41 153 131 15 12 62 50 4 79 59 141 172 6 65 109 
43 107 136 177 90 96 98 121 97 83 167 67 23 70 120 102 28 93 27 187 144 37 54 8 80 86 186 106 36 48 190 45 97 62 44 195 188 145 32 195 52 28 23 24 131 138 3 49 133 81 53 41 181 137 146 75 18 17 196 16 52 87 159 98 174 57 109 137 110 66 170 33 134 183 191 136 138 50 190 10 157 12 18 30 42 7 159 117 132 78 61 58 33 26 146 36 144 40 160 177 151 31 182 95 141 146 117 175 128 90 146 200 143 121 74 191 150 147 104 90 58 195 118 32 115 47 47 192 70 85 186 97 121 73 108 64 102 2 50 118 145 176 50 57 148 28 183 102 104 77 
34 154 69 99 81 5 131 19 43 181 58 146 76 34 62 90 144 185 96 182 7 106 83 37 173 31 152 178 29 138 163 18 117 14 177 133 51 59 191 132 118 122 41 98 43 27 20 175 25 180 165 195 192 47 46 96 100 2 145 61 58 73 176 62 158 78 33 6 180 96 47 189 192 13 61 171 81 23 73 74 96 6 48 15 27 143 20 197 162 14 14 191 123 150 95 69 81 65 186 11 136 109 74 8 2 114 17 47 77 97 135 139 6 148 148 8 119 105 173 173 178 44 4 71 116 11 14 49 199 75 5 57 175 53 102 105 120 100 34 165 71 150 103 169 26 68 198 123 51 47 
158 78 135 21 157 34 76 159 80 183 197 14 82 125 43 25 39 94 123 46 98 33 61 163 155 75 98 47 195 27 85 12 9 157 192 169 5 138 64 143 62 124 39 12 118 63 149 3 54 153 199 23 83 179 118 99 60 71 10 199 70 137 69 191 4 118 146 182 84 129 24 53 18 65 155 10 84 150 31 37 131 163 174 102 99 185 28 191 55 113 24 152 59 82 58 95 153 37 21 46 151 196 179 81 59 191 168 71 132 116 168 160 127 158 151 56 84 189 156 5 14 193 83 37 189 64 182 162 96 199 184 86 14 78 129 52 153 150 44 29 101 6 129 73 140 155 91 199 189 191 
175 23 17 115 193 130 179 20 4 171 135 62 178 170 145 31 7 153 141 161 52 46 179 80 102 129 75 191 153 9 26 95 77 16 33 195 138 140 65 177 65 168 24 38 13 2 110 64 160 50 95 155 112 145 91 195 21 124 150 2 76 170 141 110 117 26 43 173 21 197 156 86 172 165 172 112 142 111 2 124 189 85 186 178 43 130 77 185 181 97 121 67 52 9 175 162 151 26 98 24 159 75 162 131 170 54 72 186 145 154 173 55 73 29 107 61 40 181 61 25 44 142 45 45 37 14 95 156 146 112 150 81 15 68 115 2 188 10 135 6 41 101 60 187 175 39 96 200 120 55 
162 169 133 15 133 87 192 189 26 53 23 57 177 172 194 177 137 113 152 141 32 113 114 119 147 39 161 14 172 90 146 49 44 84 108 153 165 16 145 58 113 81 78 6 81 149 86 56 152 175 56 189 10 195 193 117 44 30 106 71 87 150 128 160 80 37 56 159 98 190 21 152 134 104 170 73 86 106 160 28 180 175 55 113 66 127 74 117 132 105 112 26 150 92 8 150 41 148 40 25 164 97 19 184 11 15 56 76 72 115 147 150 149 160 20 127 89 154 122 192 114 183 199 150 175 185 132 17 181 5 169 1 184 129 165 171 147 183 138 66 185 161 168 13 27 125 59 56 46 31 
84 55 167 105 6 82 121 131 69 77 57 185 76 32 150 162 73 77 175 183 160 160 116 22 83 142 141 116 121 13 169 156 109 161 77 8 44 30 159 187 154 120 20 52 122 169 54 34 195 98 70 32 189 84 194 191 46 111 1 96 101 56 123 125 172 99 184 75 80 94 150 172 37 7 29 110 146 18 67 39 196 83 63 179 123 133 61 186 165 130 138 194 139 23 152 178 79 133 31 149 152 155 27 105 115 40 188 2 20 85 142 34 151 37 176 103 65 129 83 72 184 100 133 23 19 186 180 14 83 3 102 139 38 16 37 155 33 137 42 140 119 72 41 50 155 144 171 73 176 190 
134 121 128 122 82 60 48 93 196 103 17 79 71 43 170 3 47 16 69 96 147 98 48 11 145 193 71 112 27 69 186 1 119 48 132 148 4 57 56 177 113 172 198 192 196 141 87 23 78 111 198 103 32 75 58 78 107 8 101 17 151 149 91 35 193 82 24 142 200 193 128 172 56 77 151 98 190 101 197 149 106 135 199 152 29 47 139 46 92 196 162 29 73 60 1 123 41 184 120 113 123 100 101 68 168 113 5 141 69 130 55 175 149 106 41 52 176 137 134 186 59 180 23 81 80 47 119 164 22 52 19 13 102 178 67 183 105 98 151 19 132 71 152 85 5 70 191 103 119 68 
53 140 157 156 75 69 107 175 67 24 186 88 75 18 16 197 166 68 53 197 120 25 175 49 117 136 173 138 44 187 19 94 19 102 114 99 26 161 8 151 40 93 88 25 111 7 118 60 180 188 146 25 69 164 100 30 200 45 84 190 73 79 172 169 142 185 98 105 122 126 180 61 196 50 69 157 75 58 128 123 145 77 93 168 39 172 36 76 87 92 29 82 58 20 111 139 64 61 181 9 100 14 132 52 14 23 125 66 196 56 78 142 44 80 143 42 185 143 10 10 22 96 165 29 35 85 3 115 50 158 62 199 168 77 41 169 49 187 63 137 99 4 164 87 194 136 2 172 80 17 
125 30 145 9 27 70 80 195 133 23 68 141 115 76 70 111 120 71 75 194 112 147 88 85 70 78 51 3 100 95 94 172 8 73 110 198 170 139 133 153 88 185 35 187 75 164 143 173 28 62 82 95 155 64 142 75 151 133 137 184 141 92 118 94 167 176 16 71 150 171 14 157 125 171 34 174 8 182 77 100 160 162 98 43 72 156 164 57 34 94 118 184 166 129 33 36 76 19 4 136 74 100 27 18 125 184 114 195 61 187 48 200 180 4 43 120 175 99 4 10 28 162 20 9 31 200 101 78 144 24 6 187 116 12 182 167 127 86 61 14 169 112 148 192 22 142 10 37 195 143 
104 154 57 84 158 62 139 187 79 43 94 73 53 35 155 155 25 178 66 149 104 168 178 127 195 186 40 79 22 198 79 8 1 195 85 112 97 132 133 196 71 134 64 3 54 155 110 21 100 144 25 60 194 95 115 129 78 48 182 1 49 102 64 105 44 125 105 80 88 67 13 138 127 155 39 47 8 162 174 71 123 181 93 171 166 28 11 20 121 101 94 141 175 26 24 126 77 41 83 164 94 134 51 137 84 140 64 45 79 18 127 17 188 7 88 90 195 109 11 196 105 48 57 119 9 15 59 113 167 81 25 18 192 13 166 83 48 113 177 116 16 131 5 119 194 119 191 113 167 151 
157 135 123 146 113 155 146 173 144 102 8 176 48 2 174 95 76 35 6 87 186 72 35 182 25 89 81 4 52 112 15 179 144 93 93 112 66 101 191 69 186 32 72 189 25 196 60 102 157 169 98 138 95 136 158 98 160 126 15 169 94 198 150 192 80 113 24 175 121 179 185 116 147 29 69 29 88 145 92 160 177 75 113 1 191 54 180 68 27 17 115 182 96 73 173 148 125 49 137 95 75 13 142 186 176 58 65 145 123 158 119 92 146 73 33 70 13 115 162 113 106 37 190 145 114 72 30 33 7 99 126 59 53 136 93 41 21 102 182 48 23 10 109 117 69 21 139 165 129 191 
67 138 198 91 110 129 196 25 198 114 57 23 82 2 86 193 104 7 157 149 142 114 166 57 174 194 26 181 147 103 3 55 129 135 196 168 162 88 134 128 8 31 150 111 28 14 175 186 70 119 195 147 188 77 143 142 52 79 193 60 3 124 78 14 158 10 2 143 8 156 31 107 130 115 7 143 157 191 48 40 68 81 104 183 146 63 122 76 74 51 133 183 52 106 66 25 118 154 82 157 173 61 184 25 29 48 144 156 155 129 104 19 149 123 7 41 77 11 179 190 28 123 105 71 195 118 89 125 75 196 150 78 125 144 127 101 63 11 8 168 100 22 2 72 58 154 14 2 18 32 
90 91 109 53 145 18 195 21 152 101 66 167 163 19 50 7 187 180 108 74 198 45 175 59 96 43 73 134 195 118 52 6 112 148 74 24 55 81 53 170 59 118 77 154 134 91 58 152 71 39 34 8 65 118 183 124 178 49 147 88 18 96 188 48 131 82 113 151 112 81 177 86 117 68 135 168 27 21 155 157 175 167 43 128 114 143 184 29 100 77 93 62 164 130 100 96 176 116 21 50 183 113 117 192 86 126 14 93 102 24 157 73 108 52 27 142 180 39 27 73 131 1 96 193 54 53 156 161 6 132 198 76 117 172 73 88 14 173 157 10 60 121 122 130 18 188 111 157 113 37 
55 186 57 180 157 185 131 135 7 84 7 75 10 73 133 90 3 83 65 130 181 7 83 199 37 55 5 133 10 186 83 106 128 198 72 129 93 110 38 76 24 3 121 156 20 63 183 113 21 119 57 108 53 178 49 170 171 159 176 34 137 173 163 191 59 158 105 96 7 171 96 115 50 137 196 138 182 23 173 58 200 196 184 23 126 167 32 78 168 195 108 19 146 73 200 42 22 20 176 10 135 154 90 129 57 33 140 140 165 172 84 146 142 55 177 125 57 71 78 156 12 172 100 34 15 158 108 13 82 148 11 181 185 38 100 117 7 87 79 136 26 184 48 109 75 17 38 40 110 38 
167 40 93 50 72 67 112 156 84 154 193 25 59 161 140 114 72 44 27 75 150 174 112 152 131 174 110 78 127 119 177 38 55 106 9 182 141 41 157 48 171 119 157 62 178 168 3 149 98 152 154 80 14 135 35 87 17 95 112 103 6 157 46 160 160 163 5 87 146 56 107 74 91 144 168 61 198 50 153 98 159 29 60 5 14 99 21 106 132 150 183 199 128 36 92 34 172 5 157 18 147 56 42 5 159 97 172 99 153 30 79 86 195 109 189 128 28 112 95 55 113 8 120 27 66 77 184 34 131 75 97 69 74 72 117 67 42 198 116 130 115 175 78 93 159 85 19 29 69 11 
126 166 20 159 135 89 184 1 27 51 136 169 38 86 78 13 98 164 141 143 184 16 154 152 108 179 22 195 125 93 107 6 164 142 10 197 83 145 61 143 30 46 162 82 101 77 158 27 91 25 199 12 164 79 55 68 105 43 10 132 108 112 93 19 9 62 139 128 168 79 129 64 52 194 171 84 52 2 5 120 17 22 4 71 167 166 162 178 101 3 164 93 12 12 1 135 19 37 88 30 82 129 121 173 125 1 103 173 71 183 76 167 174 200 133 107 26 21 39 84 88 129 195 180 170 5 71 80 16 151 154 87 59 142 61 40 72 66 193 122 51 150 23 82 143 15 174 33 148 150 
183 90 126 66 193 71 75 138 19 95 132 117 189 6 149 105 88 54 87 97 49 24 125 50 45 101 193 45 110 174 52 143 104 60 91 93 144 77 106 126 168 62 4 36 99 146 89 165 100 99 14 180 150 81 9 97 25 63 141 130 199 121 30 148 184 195 135 112 161 150 126 52 59 64 114 108 55 10 129 125 90 83 52 11 82 40 94 75 97 92 134 116 10 176 150 64 198 132 52 72 27 125 53 94 83 133 29 85 137 93 82 79 183 80 92 190 42 8 93 2 54 57 173 92 119 103 145 134 35 28 98 57 173 156 55 54 200 163 66 189 34 86 32 66 77 163 49 187 169 160 
66 124 62 82 61 104 188 52 141 177 136 188 199 17 41 50 14 103 118 21 68 44 8 43 82 134 190 104 160 63 2 95 101 166 55 174 83 199 83 64 24 46 141 172 45 164 60 43 50 48 138 30 43 113 8 120 100 139 45 134 25 110 143 139 172 174 119 106 187 38 159 13 34 107 129 158 69 188 83 86 184 21 88 131 68 20 98 75 88 72 97 48 2 84 33 198 121 44 136 36 78 111 94 25 8 10 61 30 71 98 64 72 61 125 165 150 195 74 2 126 103 157 132 193 95 73 6 173 63 109 11 111 121 129 60 2 181 134 107 14 90 4 135 107 193 195 153 147 89 17 
195 50 146 71 196 74 156 34 123 46 128 55 128 191 129 105 141 111 29 57 122 172 79 184 64 9 77 150 34 117 96 69 106 179 68 66 10 66 54 88 102 41 109 33 87 58 111 162 70 175 128 179 129 3 177 76 173 74 147 122 63 122 126 30 167 167 199 156 75 32 25 199 150 94 134 90 10 143 39 26 74 150 64 119 1 12 44 89 52 107 47 79 137 13 79 115 32 21 38 60 68 113 120 58 197 169 76 194 136 174 142 157 52 2 114 134 125 193 4 84 29 25 165 109 84 45 90 116 181 46 4 111 97 146 51 178 36 38 180 36 59 96 155 124 49 93 53 166 17 56 
