50 2
0
1
1 96 40 16
2 101 169 101
3 259 98 1043
4 300 49 202
5 398 164 726
6 421 34 625
7 466 47 372
8 503 200 1703
9 553 148 1145
10 742 68 742
11 790 146 790
12 801 18 801
13 1017 41 1099
14 1039 35 1319
15 1084 9 1138
16 1092 52 988
17 1143 90 1503
18 1150 180 1510
19 1229 21 1229
20 1480 16 1544
21 1685 70 2245
22 1744 24 1888
23 1915 19 2029
24 1917 189 1539
25 2102 40 2182
26 2132 53 2026
27 2172 98 1976
28 2383 58 2615
29 2599 115 3059
30 2647 96 2455
31 2674 21 2674
32 2757 102 2553
33 2804 164 3132
34 2894 92 3262
35 2986 66 3514
36 3030 96 3222
37 3222 62 3470
38 3557 141 4121
39 4100 92 4836
40 4147 80 4147
41 4169 24 4361
42 4172 76 4324
43 4220 154 5144
44 4392 133 4658
45 4693 86 4521
46 4846 162 5494
47 4868 160 4548
48 4891 169 6243
49 4900 115 4900
50 4932 71 5216
114 91 34 166 155 68 101 146 3 55 76 174 123 198 132 148 131 108 183 119 46 108 126 3 141 19 107 67 96 28 5 167 117 197 39 33 97 100 150 125 166 63 103 153 101 159 21 178 98 88 
46 122 82 66 85 64 69 59 101 167 119 168 103 8 10 190 17 43 171 121 163 94 11 190 11 82 193 80 12 62 179 48 170 150 61 70 166 20 199 75 3 104 9 102 61 158 77 20 75 141 
37 86 27 161 23 136 91 156 41 132 46 53 34 98 67 156 175 68 172 134 98 77 81 191 101 109 187 160 83 15 80 28 181 57 94 121 101 38 172 15 154 183 83 11 181 98 177 138 152 196 
51 5 122 117 54 56 97 101 164 123 53 80 97 14 191 110 168 103 75 90 103 72 148 134 103 92 144 28 142 184 143 108 25 69 74 76 103 7 89 150 24 34 130 98 119 101 173 13 198 181 
23 156 191 72 179 68 8 39 40 105 97 96 47 45 143 160 54 184 21 75 199 13 84 16 144 152 34 87 64 90 100 184 85 64 23 104 137 131 184 189 122 45 101 175 4 52 13 42 152 146 
145 4 167 194 138 176 135 58 30 23 19 186 121 184 108 149 41 6 26 66 86 24 120 69 9 189 197 44 46 105 142 168 137 155 81 42 44 174 68 139 179 19 11 90 75 140 148 30 115 108 
171 107 16 60 107 20 60 32 70 113 89 122 193 188 136 11 120 108 22 65 183 74 2 107 83 51 174 72 101 175 91 22 188 149 16 199 125 6 29 179 109 24 79 34 138 142 156 100 9 83 
46 94 177 195 81 152 19 145 78 198 88 61 124 43 3 135 19 175 59 178 21 166 190 5 167 137 20 125 119 101 78 101 148 164 145 79 87 148 53 174 18 108 184 4 16 11 12 92 172 57 
134 46 192 188 126 37 96 106 121 18 164 167 74 108 140 178 172 90 108 144 146 30 132 140 89 56 79 89 97 97 135 87 171 36 183 165 154 167 13 177 26 157 181 132 172 76 194 4 107 146 
191 144 139 139 121 154 193 130 66 3 124 140 48 93 121 163 185 175 20 17 193 34 184 189 88 9 56 106 196 149 20 47 170 68 152 194 57 26 162 182 66 34 73 37 184 189 115 184 8 165 
83 55 37 145 91 38 19 55 26 125 30 119 55 14 148 34 114 158 128 112 179 40 112 66 178 136 25 199 142 197 191 39 168 153 38 57 165 150 116 153 188 43 72 98 89 112 57 4 93 75 
148 24 21 166 185 103 49 109 139 170 145 62 197 131 33 78 159 151 56 100 157 157 149 197 179 173 5 91 93 56 38 21 129 1 116 86 101 152 169 30 152 180 129 50 129 90 166 128 11 35 
134 72 10 175 48 199 139 128 28 69 85 196 141 60 16 97 139 150 136 163 149 85 90 69 149 118 149 67 45 30 22 135 166 125 12 164 168 83 19 61 26 41 22 194 74 76 63 41 41 132 
27 50 132 9 155 191 35 125 9 173 55 177 118 105 107 147 92 73 3 22 115 137 115 80 41 144 13 125 52 136 87 119 23 183 101 156 195 82 112 13 117 26 117 146 134 57 47 156 180 180 
70 129 86 12 40 113 108 56 66 145 47 159 160 7 123 140 200 58 82 128 3 18 85 2 185 120 185 74 163 3 109 62 88 196 118 70 163 151 137 136 96 150 53 109 131 143 158 46 169 164 
84 133 169 178 157 194 53 163 17 10 22 191 64 46 111 131 149 145 166 135 104 123 171 105 49 98 169 42 105 158 108 150 86 25 189 28 5 99 92 143 20 130 193 105 128 74 14 120 160 26 
153 115 37 194 111 154 14 171 108 143 137 25 134 61 34 196 176 151 162 20 128 14 124 195 155 157 119 162 44 55 27 7 108 34 99 9 53 114 58 173 68 105 191 40 152 106 2 13 146 140 
181 174 62 82 112 25 126 86 69 194 59 100 115 72 69 82 97 29 14 102 164 86 168 52 175 114 108 154 187 119 94 2 59 142 113 78 118 45 124 162 113 136 62 72 66 174 36 118 131 171 
165 176 16 137 135 4 81 95 166 168 179 56 185 66 95 196 34 100 45 50 38 143 151 162 167 39 152 43 146 121 24 117 42 142 139 31 186 53 136 125 115 91 125 58 74 147 100 100 152 2 
83 32 43 30 119 127 17 39 73 196 124 92 189 105 111 75 162 161 194 15 106 51 121 166 39 122 153 114 37 189 175 176 57 110 150 73 151 57 126 141 177 110 7 146 197 188 90 46 11 59 
38 7 18 197 189 126 45 76 104 117 183 150 107 56 170 93 171 93 177 77 197 145 130 129 26 155 86 5 3 7 40 180 15 167 111 35 35 85 113 200 50 169 100 179 134 129 173 52 189 118 
137 177 123 101 73 38 89 40 60 121 126 147 57 185 170 117 199 125 107 56 136 140 129 173 188 21 195 150 91 144 114 183 119 145 94 129 33 54 72 23 144 151 129 141 42 122 196 74 184 101 
67 115 37 128 90 184 166 14 72 127 198 155 146 73 35 185 160 9 180 46 87 42 180 26 161 200 176 95 14 20 42 28 59 38 200 140 52 17 129 193 74 136 19 26 53 19 60 103 123 180 
127 10 123 8 28 174 36 158 181 1 104 194 176 168 48 46 112 184 171 74 195 67 137 13 156 89 3 194 2 151 83 165 170 145 15 142 54 96 168 10 62 27 163 142 148 163 149 18 170 125 
125 166 84 158 33 30 179 164 43 93 139 80 171 143 109 75 52 34 50 9 25 159 122 82 142 12 138 95 182 47 93 121 156 150 119 55 102 87 76 194 55 140 184 133 88 99 83 96 30 11 
195 189 73 49 101 93 198 148 53 45 53 123 146 57 14 66 132 113 168 58 65 26 15 175 7 45 123 73 124 18 25 35 57 6 165 53 103 63 88 74 196 121 22 62 66 165 49 162 189 110 
44 156 14 198 50 25 175 197 105 52 200 24 146 16 63 164 86 12 200 36 8 60 154 124 44 17 18 162 21 109 27 5 173 81 194 52 19 39 197 48 172 134 150 82 46 13 162 149 77 2 
126 155 169 187 2 155 9 150 98 161 40 127 1 154 16 154 69 185 65 9 149 57 40 30 110 68 64 120 89 1 129 13 39 112 164 180 121 59 5 159 143 112 31 189 120 2 52 70 144 195 
40 13 100 27 23 59 4 85 177 189 44 14 40 137 157 105 77 78 162 13 164 191 33 81 82 101 145 51 76 49 198 108 14 145 133 152 15 55 96 29 13 180 147 64 152 190 100 157 45 10 
117 102 33 20 145 198 199 170 191 134 120 184 47 166 150 197 151 134 183 119 182 126 170 195 155 129 91 35 182 156 164 199 4 92 6 53 121 24 32 165 45 76 177 190 103 16 181 189 36 188 
68 177 79 98 113 84 104 107 75 75 113 52 11 119 161 121 174 102 83 68 97 158 154 48 162 65 91 178 193 106 95 142 67 65 67 49 71 130 127 91 163 195 12 2 8 29 19 121 136 119 
81 136 190 114 177 121 83 17 185 131 199 69 21 153 92 172 28 31 60 183 34 94 179 105 150 113 189 143 183 3 44 59 92 43 122 176 151 15 87 127 37 144 92 190 162 50 119 96 100 8 
123 35 63 109 76 127 53 25 177 110 165 89 144 166 77 157 67 112 179 194 19 25 92 52 77 100 20 93 34 151 194 100 14 99 62 77 132 98 78 174 196 58 91 84 79 75 175 14 180 11 
136 43 60 186 189 57 107 58 123 199 189 64 72 120 82 41 175 5 13 65 73 113 134 109 111 84 152 120 179 183 37 200 185 134 94 170 194 39 86 155 167 106 79 115 50 99 120 84 101 136 
94 114 19 131 149 135 174 185 69 4 101 94 199 103 54 39 115 10 29 6 56 189 106 101 40 177 13 136 1 140 48 172 37 166 20 157 119 62 170 146 57 39 178 134 199 89 200 161 146 144 
129 32 36 110 84 158 123 168 181 28 32 27 47 30 71 143 82 66 117 120 68 50 187 196 22 26 168 43 103 197 76 187 166 129 25 74 193 178 130 44 195 116 97 173 158 191 136 77 1 46 
19 3 168 62 122 61 78 133 177 98 78 179 113 76 142 4 77 155 70 45 21 160 99 194 20 69 27 119 181 32 100 22 148 38 64 193 69 199 111 40 190 178 50 119 138 25 64 138 93 65 
28 130 38 115 74 4 56 187 33 61 98 95 149 89 109 31 84 133 138 122 110 117 90 116 45 167 136 25 68 89 184 38 80 86 116 130 152 193 192 166 114 48 121 68 160 130 195 53 177 45 
63 119 1 145 27 124 50 68 9 119 74 69 55 57 127 161 69 1 184 43 84 117 62 119 112 154 41 166 167 72 138 83 110 136 141 176 46 117 114 68 66 118 195 108 52 98 135 175 17 111 
97 163 176 163 97 88 166 48 126 40 36 67 70 92 25 42 2 67 96 146 180 188 66 191 196 184 119 154 85 163 95 77 61 26 130 128 48 80 195 162 14 115 7 192 13 28 68 178 44 52 
29 14 115 99 19 77 33 139 77 93 191 192 37 176 174 4 94 131 24 93 47 145 21 127 13 147 165 162 164 49 113 110 122 83 72 187 180 28 33 38 136 119 19 147 144 97 173 166 19 29 
3 61 135 14 83 119 150 183 81 79 12 157 128 70 175 137 125 52 199 21 153 27 151 4 128 188 77 135 77 4 102 168 54 174 64 80 114 148 155 72 83 86 64 57 180 43 159 68 125 68 
181 172 50 198 45 151 91 23 193 183 10 46 59 100 63 181 130 191 34 181 51 40 80 125 4 118 34 200 191 73 182 83 59 175 1 130 135 168 175 185 74 48 148 169 134 22 59 156 131 147 
10 190 96 52 24 112 99 3 19 190 86 84 137 37 154 182 124 10 171 6 188 61 148 151 4 128 85 176 20 30 189 174 70 126 1 46 19 131 61 128 82 15 109 171 8 159 72 101 176 94 
156 85 47 148 50 182 99 48 139 31 85 129 71 138 87 71 195 94 74 181 67 4 66 118 67 56 179 86 195 47 117 150 106 76 116 148 180 11 72 50 93 151 3 97 168 194 187 89 68 120 
29 168 86 150 183 76 43 35 51 133 56 149 95 54 175 163 121 119 24 196 156 128 57 57 12 174 61 89 153 158 44 5 114 12 150 34 132 19 141 17 103 19 179 26 52 157 52 136 106 107 
51 119 158 29 74 145 62 1 177 158 131 83 15 5 27 174 19 66 163 80 62 23 1 168 52 94 69 57 175 183 200 42 48 50 188 27 34 53 6 100 68 19 88 38 83 193 116 29 87 130 
167 74 41 93 17 111 14 137 71 30 161 165 199 159 125 38 156 195 186 137 10 25 169 94 153 10 189 61 82 124 67 110 129 64 81 107 161 164 150 19 80 55 109 100 25 180 161 12 128 103 
138 79 31 2 37 99 26 87 141 120 14 164 130 66 197 78 71 119 192 145 102 174 92 100 73 87 140 136 187 76 33 150 135 170 88 189 114 116 200 121 161 25 151 79 147 133 87 58 18 127 
172 59 92 65 26 89 121 137 115 114 91 13 196 91 72 97 167 79 174 160 98 93 166 193 171 44 103 50 10 158 101 24 199 186 168 186 178 99 42 102 148 65 37 13 181 167 188 198 48 131 
161 100 70 89 109 193 69 139 164 146 169 172 129 61 188 22 73 41 186 146 27 15 151 97 54 165 69 62 131 114 40 197 49 22 159 121 13 192 30 41 92 29 79 178 118 2 19 66 62 12 
