100 2
0
1
1 66 135 606
2 704 74 1296
3 833 193 1605
4 961 166 629
5 988 83 1154
6 1140 114 2052
7 1159 182 1523
8 1417 81 2065
9 1578 51 1578
10 1600 142 2452
11 1810 60 2050
12 1836 4 1860
13 1939 95 1939
14 1951 43 2037
15 2036 187 2784
16 2333 8 2381
17 2353 106 2777
18 2433 189 3567
19 2464 97 3046
20 2468 191 2850
21 2541 108 2973
22 2572 32 2764
23 2589 77 2897
24 2643 117 3345
25 2663 191 3045
26 2847 54 3063
27 3108 4 3124
28 3191 189 4325
29 3537 113 3763
30 3589 116 4053
31 3665 99 4061
32 3799 135 4339
33 3834 105 4044
34 3998 159 4316
35 4111 165 5431
36 4240 154 3932
37 4370 52 4786
38 4514 135 5054
39 4592 36 4880
40 4600 200 5000
41 4665 104 4457
42 4800 159 4800
43 4848 36 4920
44 4912 87 5260
45 5111 118 6055
46 5162 117 5864
47 5192 169 5868
48 5207 78 5051
49 5215 172 5903
50 5324 16 5420
51 5345 14 5457
52 5347 36 5419
53 5441 84 5609
54 5597 165 5927
55 5929 100 5929
56 5961 43 5961
57 5979 188 7483
58 6011 96 6587
59 6195 62 6319
60 6223 81 6385
61 6289 119 6527
62 6486 173 6486
63 6551 73 6551
64 6612 198 7800
65 6691 154 7307
66 6729 115 7649
67 6944 136 8032
68 6963 83 6797
69 7140 141 7986
70 7146 48 7338
71 7276 86 7448
72 7276 53 7170
73 7754 64 8010
74 7864 143 8150
75 7877 8 7861
76 7892 80 7732
77 7958 34 8094
78 8069 123 7823
79 8095 199 9687
80 8270 120 8030
81 8305 118 9013
82 8352 92 8536
83 8492 146 9368
84 8582 103 8376
85 8601 71 9169
86 8847 41 9011
87 8869 134 9405
88 8944 157 8944
89 9019 156 9331
90 9092 147 9386
91 9158 38 9234
92 9251 131 10037
93 9334 55 9224
94 9469 84 9301
95 9547 186 9547
96 9679 34 9679
97 9699 148 10883
98 9766 79 10398
99 9870 6 9858
100 9907 34 9975
123 145 149 97 193 26 89 131 68 96 182 142 62 108 67 111 115 149 200 132 38 86 162 149 11 186 103 39 117 139 125 91 61 38 120 51 170 39 169 85 114 30 1 150 161 74 186 198 163 113 91 115 123 46 38 96 199 50 174 184 40 182 187 85 6 200 161 83 53 46 134 108 46 59 167 163 66 70 99 22 35 103 62 142 6 101 180 155 24 29 35 62 10 41 9 61 26 157 84 102 
10 30 25 97 113 151 30 146 93 178 69 83 7 20 18 126 47 179 79 123 84 67 195 124 175 181 194 18 145 83 141 178 19 180 17 52 119 151 124 1 48 51 59 95 107 153 111 9 122 187 61 200 141 184 92 85 167 171 196 177 93 157 160 146 76 184 3 23 192 43 90 77 26 18 196 139 108 71 115 146 52 148 153 37 160 68 198 196 134 25 163 140 115 86 104 12 142 82 93 42 
5 100 104 95 143 182 131 142 123 167 196 12 199 137 173 29 7 69 23 74 189 192 182 140 113 167 149 1 165 174 132 149 77 160 193 103 4 136 132 34 23 137 120 71 150 23 50 82 53 198 138 50 155 116 116 107 31 3 175 151 124 103 98 48 81 188 112 142 128 170 5 198 189 195 160 91 112 2 3 76 118 2 83 16 197 144 65 142 109 58 192 128 28 177 1 184 45 95 17 100 
107 104 44 56 82 95 136 191 89 118 72 119 39 14 40 51 111 50 62 67 98 7 3 102 14 179 199 50 113 41 46 5 162 129 121 65 77 108 186 13 98 109 16 191 134 169 77 2 115 101 198 113 191 117 32 99 180 16 114 24 132 110 159 38 137 189 91 76 24 182 46 189 196 180 19 62 120 157 137 80 31 89 6 140 157 150 61 68 170 42 164 22 163 4 126 2 44 60 140 164 
26 147 93 32 82 193 183 98 51 122 32 110 106 57 129 70 119 108 131 1 40 7 144 26 145 160 57 137 10 128 20 193 52 93 69 57 49 138 122 106 173 93 11 131 34 27 194 117 88 184 200 70 73 148 6 21 169 29 166 159 122 99 96 147 76 156 138 12 47 130 155 21 139 128 46 15 55 179 165 30 10 139 67 191 176 110 64 161 16 93 157 88 172 79 144 173 58 137 200 19 
100 187 174 178 145 161 155 18 17 172 91 36 58 91 16 172 5 29 48 192 78 22 91 63 69 22 100 178 22 148 120 187 147 174 181 31 21 111 136 65 92 168 126 113 40 80 53 25 155 66 11 106 40 82 121 119 197 112 84 120 142 20 74 58 172 20 183 179 176 111 8 110 112 179 111 49 46 197 147 193 92 26 83 63 5 38 21 85 164 33 3 165 43 21 14 59 3 97 38 115 
24 9 195 10 46 160 160 7 68 12 32 93 199 118 163 155 142 58 119 144 121 37 34 46 145 132 7 38 56 2 135 178 150 117 78 95 161 89 172 30 4 52 143 38 176 81 172 126 159 153 195 177 81 153 191 145 82 6 29 127 97 131 32 175 140 90 100 109 192 128 86 119 46 119 108 116 169 143 12 72 123 41 4 133 177 70 14 154 40 73 154 167 25 101 196 110 180 75 60 76 
33 8 182 52 84 100 93 197 105 51 138 52 22 67 107 124 57 46 19 179 148 169 141 89 57 160 140 90 193 146 22 70 178 190 155 121 81 73 46 86 143 142 170 29 86 48 103 163 59 62 36 46 172 130 94 132 131 63 48 82 146 87 169 66 102 129 6 170 155 177 30 61 27 161 193 46 134 152 38 7 171 76 119 80 187 34 133 92 129 82 191 9 196 130 41 86 108 117 26 72 
14 191 193 40 8 169 107 180 110 10 102 17 153 194 197 86 188 44 197 101 103 171 178 39 29 155 115 11 76 9 19 145 131 161 4 137 108 112 44 65 86 179 105 74 47 175 15 185 8 144 89 52 171 75 158 3 20 12 125 188 73 158 193 182 11 111 4 78 55 9 134 178 130 162 29 136 18 124 166 97 19 107 26 78 113 60 87 68 61 142 49 118 192 21 39 31 46 73 16 22 
150 87 192 113 15 95 59 81 155 169 47 8 9 33 12 97 93 56 152 122 124 27 96 82 57 151 153 48 33 81 188 11 119 140 188 128 111 12 182 39 90 103 75 122 153 56 47 81 25 132 27 92 27 86 190 43 74 77 160 44 157 102 159 96 101 74 114 106 91 140 18 78 192 197 91 20 165 52 175 188 4 170 166 12 122 149 76 158 72 36 39 57 15 11 48 43 100 14 167 8 
148 121 139 83 90 156 160 100 46 5 3 66 79 189 50 45 173 6 131 142 185 102 29 98 121 160 39 141 184 106 90 147 80 84 123 144 145 60 97 99 63 71 160 132 4 150 160 42 83 148 66 121 104 68 128 11 97 97 192 172 152 87 5 97 13 115 3 17 129 143 70 116 7 51 39 87 146 181 152 19 199 39 64 106 23 136 104 85 161 5 144 38 144 136 92 186 87 36 200 63 
61 88 136 158 147 29 73 103 183 30 73 17 179 59 137 200 67 54 112 42 111 86 65 65 104 129 32 40 172 115 172 9 108 80 112 13 183 140 84 114 187 76 150 103 166 152 139 23 13 197 4 194 125 36 155 198 195 184 11 15 109 8 180 95 48 74 186 69 177 139 191 165 150 200 62 56 64 68 58 2 112 197 145 133 165 195 101 180 144 34 120 50 68 72 46 18 40 135 175 44 
185 18 42 197 93 41 52 174 116 112 102 103 88 99 44 64 63 46 141 174 154 52 97 180 43 5 63 184 198 132 142 78 45 186 79 167 20 39 148 136 3 73 139 199 114 36 7 15 108 7 142 148 163 12 61 93 105 169 33 96 78 196 61 30 82 124 49 137 88 23 71 3 191 117 92 33 146 114 47 130 41 91 172 171 58 41 170 31 156 121 19 9 119 38 32 26 40 185 190 5 
186 49 72 58 36 126 150 178 62 124 163 165 93 163 101 41 198 198 114 130 193 20 82 78 127 67 137 17 176 146 25 59 42 8 144 44 60 31 114 95 177 104 80 80 167 17 132 118 141 72 95 172 51 40 47 6 152 49 197 126 153 53 200 32 121 26 91 85 154 136 63 189 99 122 27 45 20 107 154 128 187 197 183 110 125 136 109 134 99 183 77 175 83 2 147 157 85 186 58 12 
188 13 189 91 105 197 81 187 112 176 29 42 60 32 69 153 111 61 75 53 15 73 131 156 189 134 94 79 86 147 115 138 98 26 165 133 109 139 159 185 63 105 12 138 37 80 139 35 124 161 49 54 3 77 98 182 36 186 190 6 175 179 177 81 67 145 45 178 101 101 115 98 141 167 109 67 45 111 100 110 146 4 51 107 186 191 115 130 87 147 3 75 163 29 113 54 5 3 39 140 
175 26 89 78 68 69 28 22 5 88 31 155 165 169 135 73 3 139 94 78 118 32 127 137 120 130 116 135 18 47 131 32 101 9 74 168 63 176 197 63 62 156 142 165 109 145 143 128 117 78 116 131 60 108 155 101 20 197 166 84 52 46 168 102 71 146 162 5 59 38 144 71 52 33 139 160 47 80 193 160 87 43 117 19 59 16 168 27 98 6 158 128 103 48 105 106 138 44 75 114 
71 56 46 28 62 150 153 141 65 79 194 196 199 47 40 99 88 161 44 121 92 138 84 74 56 180 3 142 74 200 51 84 93 144 124 85 198 13 15 82 93 17 130 162 97 121 169 78 1 190 73 70 152 84 115 1 4 25 128 11 147 85 51 97 79 174 144 90 69 56 31 107 19 189 42 106 96 43 144 168 41 167 14 142 31 151 103 128 175 27 126 92 39 43 3 94 19 33 63 163 
192 28 24 49 194 17 44 65 89 193 181 37 16 192 147 116 7 47 124 197 151 81 86 125 35 116 26 166 76 84 172 57 91 16 160 68 96 193 176 104 30 44 18 34 14 81 175 82 99 186 124 163 142 71 41 145 149 83 154 122 118 170 84 117 54 198 179 31 12 191 145 8 71 197 127 98 19 200 177 83 10 158 25 161 69 179 146 26 69 82 75 104 45 33 184 76 50 92 15 115 
4 30 67 191 153 111 67 117 122 183 74 56 2 99 6 157 77 64 131 114 43 195 191 179 190 127 4 198 91 66 51 192 141 7 147 189 186 161 182 76 137 151 126 93 187 120 25 113 47 88 151 45 10 198 65 116 32 112 159 174 84 38 19 163 70 123 62 10 176 80 9 85 37 155 122 69 163 173 141 164 117 115 95 31 21 185 66 54 48 159 54 131 119 6 42 161 32 59 80 64 
143 62 37 90 48 41 93 49 15 95 191 42 195 99 112 172 16 129 94 67 94 55 5 147 130 92 118 193 47 113 140 178 60 61 92 112 145 101 191 39 129 6 86 162 120 100 156 78 185 168 157 60 135 23 61 48 43 79 191 63 169 92 141 145 66 163 32 190 27 92 16 53 90 41 2 22 162 140 116 194 134 40 49 170 196 17 8 6 152 67 94 100 90 97 4 11 54 25 36 191 
116 115 96 148 157 193 180 35 172 114 121 29 79 123 93 9 165 100 141 56 188 51 153 110 142 167 51 20 24 60 22 17 154 154 90 135 79 48 147 38 144 5 28 129 140 3 103 27 76 67 173 172 140 57 75 60 159 65 56 168 128 68 155 123 51 23 3 147 166 188 57 116 92 15 41 187 44 92 197 35 111 23 158 79 99 5 69 6 20 181 8 49 2 46 184 61 153 157 163 35 
65 78 119 19 153 40 143 68 7 68 74 63 15 114 41 91 31 26 57 6 69 84 164 1 28 163 41 171 104 171 53 78 13 153 86 23 127 190 37 22 169 34 17 7 131 148 149 183 57 107 57 107 4 108 13 27 30 184 92 143 193 3 117 61 148 178 40 64 127 134 43 85 194 130 196 47 196 57 59 37 41 4 186 25 174 144 147 37 84 174 98 171 167 49 133 188 110 102 115 167 
136 199 56 198 100 122 151 27 130 93 68 58 54 97 198 173 129 126 69 90 129 177 29 42 92 83 87 126 45 171 185 63 155 136 55 184 98 160 137 68 133 31 168 103 23 140 101 195 41 48 39 59 95 124 112 9 84 123 53 94 10 135 1 48 76 180 110 134 114 115 4 142 19 105 75 155 27 68 96 26 98 115 50 199 46 2 10 71 199 158 23 36 36 144 106 181 142 9 64 133 
33 71 77 66 63 195 68 148 153 34 34 115 18 89 96 137 22 130 86 57 132 194 170 187 197 99 68 63 3 162 71 90 144 139 20 191 109 29 29 120 131 170 31 78 136 96 86 84 35 190 95 7 98 116 199 88 44 93 79 123 62 39 78 74 112 196 110 69 77 187 81 71 191 149 20 95 72 142 79 167 1 40 99 135 72 97 188 59 152 90 101 193 107 95 96 90 151 93 60 123 
191 194 111 1 15 127 99 169 196 152 178 105 90 139 172 126 19 61 119 115 120 104 135 61 76 48 156 75 26 113 4 102 180 67 109 96 59 135 151 25 17 160 117 8 22 164 37 8 57 65 35 140 2 120 122 4 191 10 84 24 75 55 17 159 200 111 147 171 9 100 175 182 172 162 10 64 3 40 17 149 22 26 157 65 186 33 79 97 47 151 21 190 93 142 192 85 166 73 89 110 
148 166 2 46 68 43 3 182 157 159 27 92 34 126 154 30 158 130 86 1 8 73 188 125 127 131 191 165 163 116 20 72 22 82 157 8 79 162 25 116 25 84 84 103 56 51 152 140 160 102 108 68 28 135 48 49 77 159 93 192 152 34 147 184 131 111 160 166 130 172 137 114 184 184 190 137 151 199 92 51 81 167 144 194 174 22 61 50 23 4 45 132 31 158 31 2 12 185 125 194 
128 110 113 160 8 80 48 157 183 110 28 128 4 70 26 106 181 50 87 143 24 132 113 3 44 102 36 185 31 162 127 147 191 95 126 1 12 102 138 31 18 195 184 1 75 33 1 82 159 199 40 143 160 112 43 97 110 138 57 179 15 160 35 53 32 145 132 92 169 105 137 135 28 79 82 82 132 105 160 109 113 147 25 33 62 140 157 176 129 81 35 140 18 25 199 169 183 131 154 2 
13 28 153 32 179 107 180 180 76 49 137 85 145 157 12 54 196 108 179 125 6 29 24 154 179 90 111 166 54 143 155 55 182 103 114 125 167 82 198 127 152 85 181 191 29 143 49 125 166 27 86 1 78 24 133 113 199 126 55 141 35 27 58 150 99 196 141 18 83 71 91 45 198 58 120 181 195 154 9 168 113 73 169 128 22 114 183 32 142 12 35 137 142 63 132 25 189 115 190 195 
105 120 70 189 69 96 121 53 105 183 182 51 55 55 50 47 7 75 16 126 167 180 93 14 49 115 93 92 180 177 144 135 22 143 46 79 122 123 195 95 24 2 73 10 117 89 77 21 27 189 95 57 144 10 134 178 63 15 84 131 200 173 17 184 15 29 89 59 129 93 72 148 33 57 1 135 155 95 168 94 48 114 183 54 101 200 144 179 26 175 153 37 101 37 143 69 1 13 43 188 
49 96 43 42 169 9 17 12 97 167 158 2 179 155 153 122 101 111 35 59 113 185 178 127 81 149 31 5 90 39 171 130 24 98 177 193 185 109 5 109 37 21 106 195 55 17 6 169 74 54 140 98 139 101 1 79 39 73 176 91 123 46 84 153 23 107 50 128 114 124 157 200 194 173 152 2 78 160 85 137 95 16 135 194 38 173 183 30 189 109 100 105 181 169 4 135 55 137 114 150 
86 85 118 99 166 150 181 31 106 78 91 57 182 137 2 197 31 28 112 89 79 65 22 182 111 176 87 116 137 8 150 110 172 64 190 92 60 198 123 55 50 68 14 48 148 8 30 123 61 184 83 38 66 13 38 22 36 50 64 64 126 121 168 3 106 38 58 152 58 83 179 67 148 174 34 102 50 153 126 67 64 147 99 102 104 82 118 89 9 108 90 7 48 119 77 3 189 60 158 10 
188 25 186 69 72 3 130 56 126 142 93 53 20 18 74 70 3 177 161 197 38 26 167 183 21 32 79 100 41 183 72 97 1 79 151 2 54 152 93 200 35 60 146 80 136 191 34 21 10 46 14 93 8 87 4 18 105 139 79 11 117 181 53 123 77 66 128 182 133 108 16 92 150 125 123 172 12 74 62 32 11 197 78 132 35 65 90 97 111 173 140 26 194 84 9 198 183 122 166 52 
179 93 188 3 81 163 79 163 121 188 167 6 126 176 124 103 81 107 165 73 34 143 132 8 180 22 88 24 104 4 122 200 34 100 110 123 136 44 165 147 20 123 26 91 188 87 1 29 27 98 117 24 19 7 72 187 127 32 95 168 105 133 7 33 71 4 37 15 10 168 33 129 96 189 175 9 168 52 129 49 67 75 115 77 160 185 25 188 115 45 94 137 182 34 188 121 93 183 126 52 
10 152 179 177 113 162 62 169 168 176 63 126 158 117 17 123 159 177 40 101 147 8 13 32 74 99 159 79 34 81 128 72 122 194 157 39 11 5 85 95 9 107 78 195 167 71 50 147 58 149 20 60 162 64 135 59 73 154 175 186 27 190 120 144 130 25 80 183 147 169 8 90 90 182 171 28 127 26 184 100 85 22 83 56 112 34 109 112 167 39 24 166 22 102 17 160 118 72 45 195 
89 144 177 185 177 173 154 113 93 6 127 148 165 56 58 102 101 33 63 91 133 110 168 122 174 151 176 5 89 196 87 171 108 128 15 69 40 63 156 172 9 172 187 34 31 31 148 146 6 182 139 158 46 38 81 132 132 178 171 53 123 95 64 100 170 164 73 68 6 190 184 138 127 36 46 69 192 9 113 103 83 85 149 135 170 89 152 105 130 147 144 19 11 153 185 184 138 138 104 8 
184 174 8 171 51 71 137 196 17 100 11 44 182 5 25 167 72 198 60 131 114 41 194 199 21 40 153 97 154 58 144 183 33 6 150 116 189 130 152 24 187 64 142 76 110 173 22 116 7 149 120 94 190 52 195 25 197 186 180 62 114 62 190 190 90 85 76 72 139 42 154 120 50 156 117 137 191 85 28 82 164 127 51 190 191 166 166 97 68 25 177 100 177 73 171 181 75 56 116 158 
48 120 146 183 6 186 154 66 183 124 157 155 127 62 120 100 158 46 184 187 29 47 12 197 43 94 30 157 126 139 140 183 122 40 178 1 80 109 103 182 80 27 65 15 164 43 138 142 89 60 91 102 128 179 164 54 56 179 69 54 112 178 180 9 14 142 53 155 120 26 59 118 176 60 47 154 57 191 199 60 92 107 126 179 126 54 12 167 118 25 60 192 53 176 78 68 76 102 42 195 
132 127 176 83 198 107 95 160 29 135 125 191 67 146 145 26 72 92 122 117 142 144 180 19 84 156 72 121 183 71 154 170 62 98 16 68 86 75 31 112 158 61 48 50 59 172 77 143 159 3 50 82 195 117 120 3 190 120 2 67 15 88 119 175 72 119 71 91 199 5 197 60 33 12 82 102 88 21 189 96 167 129 64 141 155 134 22 24 55 200 171 79 196 180 118 155 54 35 5 198 
198 176 157 28 103 150 143 179 111 89 82 173 159 112 18 2 105 151 111 93 33 143 44 91 159 132 3 13 3 111 125 60 194 177 46 115 105 78 195 89 120 193 109 150 176 188 13 139 108 89 117 162 84 187 101 103 192 39 148 17 96 87 125 95 128 191 87 119 189 15 195 174 33 169 157 171 51 6 8 99 160 194 43 89 49 134 92 30 93 184 82 72 195 126 53 149 72 172 79 54 
107 23 67 126 40 4 117 77 156 23 55 151 91 73 90 178 122 166 17 103 152 101 43 133 71 117 110 181 175 11 180 29 120 21 149 98 189 122 194 45 169 54 179 25 18 115 190 84 82 111 179 146 4 139 163 188 19 13 10 93 131 99 172 168 135 138 12 86 139 167 175 80 143 102 198 89 123 200 90 33 195 55 110 165 45 166 31 167 141 55 35 28 170 63 46 150 70 4 168 179 
158 29 82 113 146 109 58 121 106 22 36 102 29 102 199 177 179 20 67 74 70 31 142 32 59 68 156 41 51 147 101 43 135 114 169 160 14 16 22 67 86 5 159 29 153 80 144 103 57 40 191 173 171 96 48 120 136 105 34 81 53 165 71 121 96 160 134 97 7 39 165 64 113 107 129 168 108 44 114 116 200 125 104 83 133 39 147 180 2 172 8 105 6 123 24 176 162 52 123 68 
136 121 187 115 32 25 6 71 127 82 91 161 40 32 171 146 186 70 120 172 181 172 104 42 55 97 8 93 88 63 13 23 176 132 71 115 177 122 198 156 116 169 138 166 55 163 90 133 89 23 3 106 19 27 14 67 16 180 70 64 26 166 46 176 190 132 59 192 19 115 1 183 186 139 151 168 33 31 76 166 104 49 110 109 182 138 91 62 123 200 33 52 6 4 185 126 197 47 73 165 
9 166 117 78 59 96 108 10 178 133 137 23 120 147 199 75 41 29 109 12 28 76 95 125 116 168 90 131 145 110 117 25 97 148 71 194 64 26 82 196 166 136 15 106 144 168 77 198 184 16 61 41 16 130 71 63 29 89 76 42 174 37 6 193 45 29 151 181 98 156 145 61 184 30 99 36 26 139 153 103 157 189 133 135 17 79 145 25 88 167 15 56 176 182 173 144 66 146 17 94 
108 113 52 54 167 133 12 25 54 127 146 144 18 101 145 59 87 44 70 189 153 76 51 149 13 58 169 161 70 29 31 47 83 50 102 22 101 154 60 141 77 141 1 42 173 56 87 79 158 43 116 133 156 194 29 11 94 137 169 9 180 151 60 44 195 102 133 144 150 136 43 28 172 141 191 143 155 76 55 19 6 176 163 110 155 173 50 134 151 157 152 101 7 85 83 127 30 112 72 91 
9 147 2 113 41 152 145 81 135 71 24 176 39 13 98 1 62 166 131 182 72 30 115 14 170 152 126 82 106 166 142 136 196 108 30 50 129 132 77 168 29 192 8 185 19 200 30 30 20 185 173 158 192 145 100 12 158 166 157 21 27 178 165 44 122 118 171 123 7 59 165 156 129 45 2 39 97 101 173 1 157 67 28 54 110 32 192 66 151 200 146 148 199 119 63 64 86 26 127 147 
141 153 200 113 58 137 26 148 125 135 131 89 175 86 98 118 67 52 104 64 7 91 16 143 17 175 10 9 127 59 86 143 186 64 67 134 192 14 34 7 120 157 31 108 119 146 178 194 27 150 184 107 185 8 14 102 55 192 99 173 99 140 161 60 147 96 7 131 53 22 85 154 39 40 140 133 98 180 58 4 36 4 6 7 130 18 42 183 132 42 164 55 85 39 135 176 75 75 118 47 
10 154 171 181 28 33 42 155 104 76 157 79 149 153 180 157 77 134 159 48 171 59 174 142 110 105 150 112 6 89 153 23 177 117 99 111 83 119 19 24 50 34 170 18 151 53 134 27 14 167 2 94 28 120 23 135 79 169 117 50 159 191 5 66 66 116 7 119 2 108 147 145 31 37 69 1 185 116 108 19 121 159 147 183 120 97 31 129 72 183 154 167 67 36 174 39 136 129 27 91 
117 25 54 144 140 77 60 151 4 152 121 72 10 181 105 107 56 105 137 116 70 52 98 122 193 159 45 69 85 70 64 189 174 52 137 99 97 192 127 183 149 57 146 34 4 55 179 79 56 147 197 170 20 198 50 149 146 138 81 9 81 110 125 128 63 114 186 174 31 200 194 56 36 109 51 73 96 135 168 126 107 44 37 8 15 71 40 36 67 143 70 3 117 83 108 51 6 55 47 39 
55 134 134 152 85 192 8 10 34 189 14 121 22 144 179 195 49 131 72 51 197 85 29 177 98 17 160 15 46 27 197 120 133 38 59 116 157 69 133 156 184 70 165 122 26 167 146 189 186 190 171 141 170 44 78 78 83 86 188 116 142 52 198 72 103 62 47 170 153 124 12 82 31 20 89 122 88 159 19 25 53 21 50 106 13 62 157 42 108 165 180 115 167 62 65 173 192 7 103 188 
85 178 115 6 142 171 65 86 185 109 164 9 37 177 104 184 68 187 189 174 20 78 168 189 15 131 105 1 156 75 140 86 147 25 130 40 80 146 35 116 72 156 133 71 76 146 85 40 85 51 61 188 32 180 67 3 114 191 140 94 154 145 70 54 151 30 76 133 65 35 72 86 190 62 22 160 89 85 172 128 76 197 114 190 83 116 174 8 64 118 57 128 194 83 172 122 62 161 9 199 
188 178 62 96 109 53 118 184 143 50 162 134 194 32 152 54 27 109 131 65 41 128 167 31 69 125 36 36 112 7 198 184 193 4 110 54 6 74 88 193 26 187 60 188 189 63 138 141 86 46 32 62 152 181 143 70 142 168 41 14 173 172 78 109 69 71 194 154 97 53 173 41 104 50 82 14 181 40 136 26 104 5 129 167 152 11 68 116 75 46 66 116 148 107 60 66 131 52 47 3 
189 29 71 146 100 165 65 128 141 54 26 43 44 143 139 171 155 53 199 143 45 127 15 53 166 94 186 98 29 128 174 121 60 8 114 110 103 159 153 110 98 115 50 169 196 71 46 146 101 171 131 64 141 157 7 170 73 98 181 185 40 50 126 101 8 16 107 28 178 164 143 197 87 12 60 75 126 179 93 196 189 193 118 77 33 132 52 1 65 121 180 165 46 23 147 55 172 173 137 8 
57 8 75 167 35 93 9 198 101 162 124 163 172 197 159 161 58 161 28 36 77 131 180 116 82 157 179 9 162 60 82 139 1 199 37 14 35 183 154 37 181 41 32 85 199 164 88 117 157 168 176 7 117 170 190 9 58 185 120 130 157 147 52 191 84 24 69 98 76 1 75 13 52 43 146 146 64 93 195 36 117 17 107 83 68 120 123 23 124 35 167 63 157 183 25 74 89 50 68 129 
29 105 60 126 136 196 139 39 104 165 190 98 150 53 170 18 61 29 179 160 82 105 13 100 136 98 13 200 198 8 40 51 186 81 21 139 35 144 8 63 40 15 3 163 23 142 96 119 145 38 23 43 18 145 20 157 2 155 135 178 70 150 133 179 189 178 37 12 60 4 11 31 116 46 74 37 96 11 107 94 133 28 147 11 161 16 102 67 66 11 167 32 137 22 95 151 138 116 2 96 
134 158 74 57 101 68 8 45 50 120 150 194 22 70 131 90 1 112 57 45 116 32 150 14 71 24 126 89 167 165 141 142 24 144 13 137 200 188 121 57 2 85 7 187 114 64 172 18 22 4 59 194 68 67 100 84 94 167 70 103 70 62 178 19 124 13 84 45 133 40 194 127 179 46 10 32 130 117 120 133 66 16 173 88 175 190 7 123 51 75 98 163 57 181 197 189 168 60 24 76 
162 131 115 196 84 126 117 114 112 175 80 107 58 113 176 5 37 12 6 72 199 16 15 58 39 6 89 83 100 194 18 5 121 58 186 113 178 133 93 175 112 174 106 180 120 151 164 59 142 21 141 33 96 176 116 120 124 193 32 1 99 17 95 79 122 179 6 111 14 72 34 109 40 46 91 31 185 154 95 106 69 20 97 149 9 11 84 17 13 8 146 49 149 53 184 60 43 29 76 132 
134 146 74 100 79 100 131 43 59 160 184 25 118 22 91 200 40 80 180 72 176 91 16 131 40 109 34 40 137 196 54 63 170 132 53 1 84 98 99 14 105 185 62 102 169 34 52 174 100 182 115 191 6 82 118 14 200 67 176 33 123 127 118 95 158 2 39 14 45 168 54 69 43 140 45 15 156 68 155 69 188 86 193 196 81 83 32 53 191 112 88 19 82 7 44 147 83 72 52 91 
23 190 72 76 120 124 130 69 87 195 29 19 101 188 89 129 197 172 169 98 115 122 48 38 192 106 141 110 74 10 78 63 84 194 172 116 13 148 59 194 12 34 13 4 107 8 62 65 100 133 170 53 54 61 67 3 129 161 169 61 166 26 119 176 150 85 47 40 39 145 72 16 37 98 37 75 54 36 43 198 143 173 69 78 7 150 101 155 183 103 71 184 189 137 12 120 133 181 67 165 
7 8 148 180 147 101 176 110 157 146 122 62 110 61 146 45 133 40 129 65 73 51 95 122 102 85 186 92 43 140 133 188 91 39 115 163 199 12 194 158 100 21 184 82 38 15 43 181 96 191 58 79 166 52 180 173 37 158 6 96 104 51 108 128 63 151 48 185 194 145 184 174 68 130 180 140 39 5 34 197 161 170 155 72 10 49 117 41 106 78 169 7 119 45 24 122 189 97 187 70 
91 113 115 65 95 42 177 29 138 73 123 1 87 164 56 64 146 164 175 51 168 72 28 21 151 90 14 115 165 15 69 54 124 142 27 197 155 97 167 35 109 67 70 150 122 141 11 58 21 161 166 186 182 22 180 59 95 192 191 114 158 129 115 194 113 53 61 184 72 107 169 47 189 14 178 88 101 10 160 5 68 7 194 90 66 143 24 170 133 10 107 44 74 132 61 76 116 44 171 136 
158 146 13 114 29 186 57 19 41 73 75 49 103 137 11 107 50 120 137 26 117 186 65 34 157 104 85 167 185 179 163 13 43 153 134 175 35 166 21 17 121 24 138 45 39 182 126 4 51 106 142 153 30 5 156 40 3 152 55 36 110 73 147 139 111 141 164 156 136 155 118 44 30 66 128 191 76 151 53 98 60 88 49 22 124 54 97 187 116 119 176 109 139 75 1 81 68 14 154 67 
134 110 112 134 186 22 45 11 135 158 36 154 27 148 130 23 109 33 142 70 139 122 17 12 173 75 140 199 35 85 127 99 173 22 52 196 129 127 156 89 24 165 100 65 81 190 146 79 3 103 187 143 190 135 142 108 47 191 103 122 106 92 154 155 76 178 195 65 76 25 55 48 75 91 100 130 47 16 36 11 169 16 52 6 106 156 112 1 121 77 197 104 2 47 79 30 114 49 141 196 
158 152 41 16 164 164 156 43 76 28 9 54 128 114 146 77 32 105 34 9 184 10 126 86 76 192 190 197 143 97 188 84 187 118 54 122 69 10 156 163 117 87 136 31 66 26 17 120 164 12 145 182 94 116 98 20 65 102 165 168 110 6 95 23 138 186 98 123 26 33 121 49 11 142 112 24 39 110 132 187 54 142 194 5 165 87 166 15 115 187 2 117 74 3 175 75 130 158 17 179 
63 145 192 172 43 107 139 110 156 197 24 74 183 34 165 169 89 59 155 46 179 133 130 193 123 94 62 158 93 175 8 187 20 101 73 7 5 29 129 131 134 77 147 95 198 62 163 107 173 144 102 34 23 148 134 24 177 100 42 112 182 8 46 157 178 170 23 158 6 85 102 155 56 183 127 157 166 50 136 33 65 141 102 106 173 3 34 115 177 122 195 129 52 106 41 41 189 115 20 123 
162 119 25 174 67 36 178 186 9 149 87 40 138 165 112 168 178 136 193 156 84 6 39 15 26 174 170 10 6 105 64 168 160 84 83 100 111 13 6 17 24 13 88 28 76 131 129 183 17 96 33 148 47 198 165 76 58 155 172 56 73 145 27 91 144 145 161 35 50 189 105 181 117 71 79 125 50 88 140 196 176 96 74 158 76 153 98 147 74 16 176 111 194 89 167 178 54 130 58 135 
30 71 96 38 21 94 112 105 191 42 59 121 128 75 155 54 13 144 100 33 172 56 65 21 184 165 5 97 6 6 140 35 77 185 168 171 117 93 15 185 134 29 147 147 71 79 14 141 33 68 120 95 12 168 187 190 77 135 2 115 68 144 107 85 71 180 173 95 16 128 176 125 38 57 148 55 20 49 92 172 44 97 69 84 188 7 146 152 52 83 112 70 194 5 17 179 12 123 141 179 
174 53 152 91 8 43 164 63 129 185 5 86 18 32 177 159 117 200 122 78 127 4 119 71 165 42 3 93 184 33 82 41 33 58 123 187 179 56 195 16 182 55 119 126 97 67 185 168 131 139 120 196 100 44 47 60 159 18 94 78 97 170 54 104 106 70 154 186 127 11 26 46 187 67 162 97 123 140 105 85 125 157 71 192 114 30 197 85 104 57 182 134 16 106 147 57 101 43 173 124 
84 193 193 64 145 115 144 131 24 34 106 4 72 178 35 133 165 113 180 59 181 55 142 54 189 73 67 171 78 102 9 183 23 94 184 6 23 54 94 194 144 29 163 84 177 121 32 16 197 95 102 138 22 124 160 47 63 156 158 128 200 98 79 87 5 82 19 177 89 116 152 38 77 9 85 27 60 145 13 121 2 145 130 194 118 156 121 111 35 139 123 155 97 105 114 157 34 108 196 151 
175 178 155 45 91 183 20 114 102 59 115 121 110 113 18 12 194 11 79 27 119 106 129 49 74 73 55 61 38 116 78 159 8 157 143 163 76 148 52 191 155 118 112 1 182 114 53 47 166 12 49 70 173 4 57 117 21 179 97 130 31 53 30 9 34 152 194 1 167 11 153 171 137 187 50 91 147 142 37 115 200 172 147 154 77 116 188 190 100 12 58 61 168 1 3 114 71 108 182 190 
197 69 62 107 102 114 82 194 89 20 95 14 27 41 7 104 170 41 82 74 6 9 136 86 170 173 162 107 135 155 30 141 55 139 126 102 37 153 78 34 183 13 187 197 87 83 199 37 1 159 66 192 9 31 64 98 53 110 91 71 198 54 6 97 58 134 129 43 129 16 105 131 7 89 194 183 196 23 88 53 166 60 136 63 138 26 180 177 27 53 72 128 176 122 19 184 121 115 25 196 
191 189 193 98 127 97 179 131 178 187 160 50 25 130 113 200 67 52 42 52 50 101 32 73 79 116 12 40 18 148 6 126 83 92 47 107 17 129 76 20 94 121 110 138 181 61 65 29 31 188 80 64 110 36 132 113 117 54 85 197 28 91 71 84 109 5 172 96 38 5 92 145 111 197 16 178 172 150 112 183 94 114 167 141 154 37 15 154 64 63 106 64 66 41 68 136 153 152 173 22 
177 11 132 95 154 141 43 22 9 11 189 19 78 143 70 73 149 44 100 178 86 142 32 64 63 110 190 43 12 193 178 87 75 76 12 190 75 136 62 196 35 161 62 185 91 153 29 118 187 87 99 77 119 105 25 124 39 161 133 154 175 195 136 24 39 127 167 69 84 100 163 70 158 151 77 95 3 172 9 47 87 57 113 7 186 58 81 105 122 22 45 175 22 30 38 164 199 91 158 133 
121 14 177 142 170 58 7 178 186 159 194 119 74 146 10 100 114 196 13 16 133 110 56 93 13 182 69 54 72 125 34 118 90 159 74 99 28 128 162 85 10 44 93 1 25 14 30 60 35 9 168 162 167 60 168 70 122 171 198 72 122 182 96 149 174 100 30 64 123 83 106 107 93 169 167 117 168 44 199 125 103 175 176 168 132 185 105 106 94 199 191 55 138 149 32 106 57 150 43 95 
30 182 93 136 181 159 2 197 137 172 13 73 105 174 190 31 73 148 64 92 122 91 125 182 43 161 27 71 43 107 24 156 7 63 83 80 8 149 162 47 106 131 37 49 190 81 140 132 196 142 183 31 104 188 138 145 6 95 115 129 32 51 150 28 48 1 22 184 57 155 27 59 4 176 109 55 188 74 87 142 131 125 84 8 102 134 114 183 118 21 25 6 5 105 179 179 13 104 191 176 
131 143 172 170 47 21 89 16 113 100 171 57 170 104 127 152 176 108 24 146 197 168 152 128 118 50 162 19 34 143 35 37 3 93 132 78 13 102 124 182 84 129 93 190 135 185 37 114 83 37 142 25 131 77 101 84 39 194 93 151 94 187 16 3 154 32 29 126 90 122 176 70 185 187 12 39 102 68 115 62 177 159 84 68 12 88 38 199 88 24 148 187 102 157 8 26 154 31 116 168 
62 193 58 157 154 38 57 148 82 158 60 44 165 25 35 24 20 50 82 58 27 112 200 88 64 163 177 81 109 173 86 43 195 72 49 14 94 98 166 64 52 195 182 24 20 137 72 129 89 150 148 32 151 29 90 6 82 73 198 105 73 38 164 94 175 53 24 114 124 87 39 173 5 165 32 198 116 80 156 123 51 171 21 94 130 141 42 40 147 61 53 130 158 126 71 66 179 61 146 56 
181 23 196 169 26 195 101 20 66 116 49 78 78 191 82 94 31 32 20 40 100 20 117 70 65 194 105 59 69 108 88 172 78 128 108 57 101 74 174 142 59 75 173 32 40 120 181 8 145 44 6 51 143 50 29 158 78 106 141 162 153 56 92 52 167 64 14 156 5 195 64 33 111 142 53 200 42 94 72 46 41 73 168 184 188 124 177 79 99 19 193 192 117 33 72 124 163 85 191 88 
164 115 124 196 200 73 171 31 35 200 19 152 10 167 77 72 101 198 25 113 111 21 90 145 124 150 33 167 35 136 102 159 136 6 25 136 93 132 193 55 127 173 140 43 42 81 78 43 25 152 185 143 127 60 44 68 181 24 103 56 53 38 15 43 142 163 71 105 63 94 68 144 191 112 163 75 128 36 51 178 97 122 91 33 112 43 71 75 17 150 18 93 83 139 163 192 66 88 66 175 
1 196 114 153 50 105 72 6 168 175 102 50 111 24 94 68 177 32 189 50 89 21 107 58 67 42 184 142 60 148 131 60 13 157 132 170 194 186 14 170 22 46 9 197 143 40 41 123 148 8 15 186 15 160 39 142 25 69 43 162 100 162 170 115 93 94 110 127 99 3 30 141 18 116 152 9 187 142 15 113 61 20 175 78 185 83 95 78 163 123 87 156 128 53 103 92 5 37 174 174 
37 145 199 53 125 63 32 178 158 155 64 184 167 126 125 35 108 96 126 87 175 147 181 108 162 35 15 143 85 158 168 173 37 68 96 36 122 10 163 196 54 70 141 133 26 127 23 170 133 151 81 172 13 84 8 37 6 61 42 198 92 46 25 159 59 78 165 153 21 140 10 159 53 29 169 53 52 91 195 35 8 129 111 72 23 126 186 114 163 46 4 126 77 113 21 7 58 115 157 167 
117 146 161 168 163 131 38 154 46 121 6 27 160 12 42 199 6 92 124 172 102 58 44 120 18 145 47 184 197 156 121 171 198 95 55 120 3 47 77 154 30 90 66 80 114 166 141 3 162 59 73 18 160 176 143 153 77 42 110 96 172 107 32 186 185 41 105 42 128 5 180 86 199 166 71 92 169 67 78 6 40 93 30 86 9 3 70 133 200 96 124 64 65 150 109 200 83 52 121 45 
163 145 30 23 52 119 121 59 99 37 121 197 24 184 88 128 80 188 114 41 129 87 42 126 180 188 162 38 166 84 105 42 36 68 132 55 161 106 173 63 141 38 115 161 146 73 169 100 84 169 137 45 3 96 13 119 128 115 110 144 60 194 182 72 131 67 153 195 113 55 2 91 166 13 111 199 173 154 72 149 84 142 71 187 169 44 72 33 163 177 96 82 113 172 68 9 37 20 150 185 
36 116 165 1 138 174 130 1 80 136 28 186 39 100 12 27 59 135 105 142 82 67 143 159 80 28 42 58 49 82 146 102 158 53 39 45 152 9 143 52 166 197 29 52 120 5 186 85 35 121 137 147 87 186 85 111 132 18 120 33 10 25 27 135 199 33 18 70 74 70 75 180 22 132 141 25 25 100 119 49 176 145 10 132 186 108 66 86 42 174 163 140 152 194 30 106 87 123 154 127 
111 194 160 173 121 163 192 195 115 105 8 34 56 157 96 139 46 41 136 151 122 81 6 126 124 34 61 158 117 59 112 146 23 95 99 54 164 95 109 180 53 150 143 136 169 26 193 28 107 90 9 81 145 113 194 146 15 103 159 99 55 74 40 142 170 60 184 144 52 170 108 162 29 161 31 139 109 6 131 194 11 97 27 38 199 100 151 113 108 171 196 22 170 48 122 104 133 100 98 169 
101 161 105 67 160 105 187 46 127 159 1 154 134 171 20 64 81 193 16 179 64 115 35 105 115 10 91 136 56 95 64 125 50 146 88 149 173 156 87 1 173 36 137 36 125 168 126 11 160 9 23 140 13 120 103 41 56 117 145 56 34 192 6 46 150 157 157 92 156 161 31 97 44 162 70 142 75 189 196 44 143 91 55 28 110 162 141 19 119 11 68 157 116 34 90 175 29 157 62 24 
125 110 95 3 185 177 175 162 142 172 99 177 123 120 127 100 49 82 191 107 189 62 171 141 187 184 121 133 121 50 14 187 125 143 121 197 35 83 123 80 48 60 40 3 35 120 100 57 132 58 154 136 86 90 18 131 29 51 116 60 148 138 112 184 48 127 47 34 81 192 66 158 57 173 165 120 190 153 91 159 62 83 164 14 49 70 199 92 102 196 122 200 109 62 106 182 115 67 117 184 
36 189 58 14 55 112 36 163 17 102 20 95 185 11 73 148 188 29 144 121 93 148 80 152 169 102 166 174 120 24 44 51 129 123 99 185 149 168 175 4 102 21 165 200 6 84 97 88 168 134 60 89 13 181 56 9 133 120 139 67 54 42 10 65 39 188 149 24 161 118 59 25 88 162 171 70 48 94 107 105 174 15 75 69 146 132 179 4 132 30 123 89 155 9 26 23 136 161 22 58 
110 66 63 38 13 146 152 9 22 101 58 41 51 99 175 102 77 92 26 63 139 76 172 57 5 169 140 35 105 16 90 127 93 5 24 128 37 57 120 149 1 147 168 169 125 89 66 128 26 38 141 174 37 85 87 118 110 179 122 117 40 157 50 25 51 174 138 139 146 92 111 49 158 121 89 57 23 35 59 17 180 46 16 175 129 61 103 70 82 176 80 121 53 61 20 164 49 21 79 63 
58 119 65 50 86 96 17 102 191 86 180 13 59 48 191 88 159 98 66 140 64 6 115 151 109 187 137 10 188 194 133 99 150 197 67 167 168 83 106 100 119 21 89 51 92 184 44 110 51 18 127 40 103 94 135 59 132 114 31 26 65 74 105 176 194 4 113 124 129 29 68 185 196 78 155 160 63 127 111 175 174 103 150 63 71 166 197 145 190 138 33 86 111 143 5 111 59 116 22 29 
17 63 130 159 10 183 176 182 115 159 111 153 199 115 125 81 74 126 67 32 42 83 8 180 31 92 28 123 102 15 180 30 92 1 156 145 9 192 54 15 28 22 141 53 112 9 48 173 74 63 17 20 183 78 152 192 101 37 174 105 28 134 191 15 125 61 116 24 69 60 101 47 78 141 33 93 168 39 3 185 21 71 163 35 188 98 97 2 150 111 48 183 158 173 8 57 46 184 43 41 
166 103 59 76 108 20 42 133 2 42 114 57 182 174 116 178 52 99 146 199 95 184 24 191 49 12 101 19 153 182 74 150 18 46 64 24 148 41 126 28 4 29 64 86 90 113 69 3 134 100 52 132 78 55 87 152 40 81 179 178 10 176 137 160 170 78 196 105 157 79 125 143 31 120 168 40 160 121 146 121 10 171 65 33 82 76 188 32 48 152 164 114 122 196 43 189 158 70 9 152 
40 80 181 83 32 34 172 78 141 130 154 152 94 180 155 160 68 157 63 135 88 48 150 150 27 112 104 155 70 193 20 73 76 139 117 193 19 97 126 34 158 173 140 3 51 59 126 75 104 27 6 46 102 13 46 69 121 152 119 65 181 152 50 102 2 136 149 67 109 120 142 41 80 28 118 67 160 55 184 44 101 81 145 125 50 40 188 37 36 9 188 154 41 5 87 3 150 1 117 103 
129 23 144 28 21 180 15 171 61 25 47 51 158 71 50 7 20 163 32 121 16 86 137 15 134 118 87 143 89 200 194 54 171 55 187 127 8 118 97 61 51 135 56 196 119 140 156 29 166 25 129 68 4 27 168 77 94 39 11 96 97 34 41 70 80 165 144 151 99 149 33 97 29 109 137 148 163 33 16 29 73 120 9 25 128 149 173 84 171 84 28 155 51 20 42 162 39 197 7 141 
33 28 166 69 99 52 164 191 61 18 32 20 120 2 190 153 195 5 92 75 149 45 123 195 152 172 198 185 57 169 107 126 128 153 113 111 163 189 118 53 199 73 90 81 102 77 39 137 53 136 163 103 47 177 27 110 116 83 193 174 126 115 72 52 146 6 19 118 37 46 41 43 34 172 187 117 7 8 97 70 142 23 46 53 138 31 89 4 86 98 196 117 3 44 17 179 12 117 142 133 
114 87 159 153 33 142 159 170 148 190 15 115 3 118 69 18 111 71 162 176 46 200 27 67 130 118 83 195 59 104 163 193 1 84 70 20 14 173 136 11 101 43 156 26 115 111 87 74 149 5 21 99 170 102 142 171 30 99 97 36 45 90 5 127 156 144 193 156 88 129 121 16 83 77 159 133 144 177 47 172 80 108 170 146 3 7 170 149 84 43 75 120 130 159 58 2 36 86 170 58 
55 156 38 176 105 57 140 22 133 144 135 12 100 48 107 116 90 134 141 157 63 21 142 138 90 12 84 137 65 71 70 3 134 32 142 142 200 148 87 72 155 13 138 43 104 62 115 140 31 139 111 163 109 145 64 151 85 187 120 44 85 131 31 103 108 41 99 172 100 118 183 125 63 59 60 52 57 181 173 114 52 168 178 104 178 159 112 12 12 61 152 132 53 177 61 141 70 185 177 60 
12 196 87 47 26 90 141 182 107 38 128 40 145 55 41 174 130 68 37 84 152 80 131 97 101 122 121 29 166 89 42 129 4 151 5 180 100 18 180 148 154 37 158 70 80 186 33 94 37 110 43 18 182 37 60 188 134 66 101 7 93 165 174 99 97 195 169 69 185 19 191 116 164 53 104 154 123 161 143 73 150 63 186 198 54 148 10 170 180 93 167 75 192 110 56 135 104 160 157 21 
73 64 37 83 58 8 193 128 119 25 184 112 117 124 150 179 133 150 26 115 108 10 164 143 103 186 181 77 118 174 105 65 186 104 8 136 73 170 6 64 158 143 178 21 112 156 100 87 167 110 5 156 169 67 161 164 23 86 122 154 189 171 149 104 93 22 119 147 145 32 35 53 20 40 29 18 167 38 138 150 180 26 160 83 172 112 76 11 11 64 197 93 21 47 17 52 183 135 62 94 
156 100 151 37 61 147 124 50 106 198 95 168 134 68 182 79 150 62 157 148 132 82 167 197 161 53 123 88 67 69 119 63 190 65 122 198 167 171 71 153 150 159 166 179 180 168 19 161 114 129 52 79 145 179 26 29 151 159 90 179 60 119 146 157 195 186 190 103 158 127 24 19 34 81 11 163 5 22 82 94 132 188 37 182 6 145 132 168 53 165 191 193 61 173 97 199 97 24 163 38 
134 87 185 29 76 96 64 193 29 134 68 91 33 121 153 48 113 105 39 182 57 41 90 83 100 99 147 13 73 156 158 114 45 169 99 39 54 148 36 28 36 108 35 4 53 56 34 98 26 15 144 90 6 85 170 82 61 23 25 162 105 118 122 50 178 48 33 175 161 66 69 195 97 12 186 50 36 166 71 84 100 100 62 180 186 111 200 4 96 66 161 138 147 13 58 86 47 40 97 90 
140 31 2 89 34 80 191 18 124 197 87 65 103 159 3 182 109 40 72 86 134 28 4 156 107 75 67 20 112 12 134 129 161 111 17 107 59 125 106 35 9 47 164 98 104 144 51 130 129 182 56 41 148 10 64 93 41 158 119 125 30 106 60 107 35 106 130 122 192 138 74 83 168 200 80 130 68 41 9 131 20 55 46 117 42 113 115 186 1 54 152 151 34 46 22 78 64 148 143 31 
