125 4
0
1
1 27 169 703
2 35 18 71
3 110 161 1398
4 181 123 427
5 405 132 933
6 482 144 1058
7 700 79 1332
8 784 186 1900
9 822 15 792
10 969 10 1049
11 974 111 974
12 991 17 1025
13 1087 196 1871
14 1148 187 1148
15 1249 150 1549
16 1257 180 2337
17 1412 89 1234
18 1430 183 1064
19 1431 188 2935
20 1559 24 1511
21 1594 80 2234
22 1613 85 1443
23 1648 58 2112
24 1831 135 2911
25 2085 151 1783
26 2141 14 2253
27 2160 171 2502
28 2216 34 2488
29 2228 178 2584
30 2274 141 2838
31 2370 50 2270
32 2426 108 3290
33 2474 82 2966
34 2546 40 2466
35 2550 43 2464
36 2583 9 2583
37 2674 37 2896
38 2777 7 2833
39 2780 20 2940
40 2830 158 3146
41 2838 41 2756
42 2923 134 2655
43 2983 122 3715
44 3010 160 3010
45 3051 199 2653
46 3090 27 3090
47 3278 127 3024
48 3367 149 3367
49 3392 113 4070
50 3442 139 3998
51 3512 59 3512
52 3636 83 3968
53 3637 119 4351
54 3724 43 3810
55 3779 97 4361
56 3921 153 3615
57 3963 176 3963
58 3992 9 4046
59 4013 171 3671
60 4045 143 4045
61 4116 12 4116
62 4159 61 4281
63 4160 34 4432
64 4451 45 4451
65 4453 22 4585
66 4505 86 5021
67 4625 23 4809
68 4754 135 4754
69 4754 124 5498
70 4800 92 5352
71 5025 191 5789
72 5039 92 4855
73 5058 74 4910
74 5097 199 5097
75 5121 54 5013
76 5166 75 5466
77 5181 143 6039
78 5309 164 5309
79 5318 200 6918
80 5356 61 5844
81 5392 79 6024
82 5396 191 5014
83 5552 65 5942
84 5711 139 5711
85 5934 181 6296
86 6094 134 7166
87 6139 124 6883
88 6154 189 6154
89 6181 200 5781
90 6250 33 6448
91 6368 139 6924
92 6479 48 6383
93 6673 184 7041
94 6689 181 7775
95 6730 109 6730
96 6811 16 6843
97 6930 110 7810
98 6997 66 7525
99 7003 25 7153
100 7053 112 7501
101 7227 102 8043
102 7274 46 7550
103 7399 102 7603
104 7562 128 7562
105 7571 166 8899
106 7752 11 7752
107 7790 185 8900
108 7792 75 8092
109 7897 51 8101
110 8023 188 8399
111 8049 52 8257
112 8072 65 8202
113 8086 188 8462
114 8128 91 8674
115 8177 84 8177
116 8408 172 8408
117 8446 10 8526
118 8448 183 8448
119 8498 194 8498
120 8559 101 8357
121 8559 166 9555
122 8564 23 8702
123 8666 5 8706
124 8689 62 8689
125 8749 146 9041
69 57 134 71 125 73 154 141 32 174 119 90 162 112 64 178 143 41 181 193 80 68 193 47 94 110 68 25 13 188 88 172 16 135 181 125 106 55 194 157 60 141 68 25 175 117 136 140 148 1 4 78 26 151 134 17 189 68 70 111 1 79 99 93 88 187 37 32 133 11 94 86 135 86 132 33 77 65 46 93 23 144 129 48 123 19 128 107 26 23 153 89 165 62 175 93 95 49 184 101 141 36 107 67 198 180 164 121 40 11 141 152 81 42 41 76 145 144 22 165 47 8 72 121 191 
195 192 123 94 40 85 33 21 165 126 127 29 1 40 48 97 176 132 93 151 199 17 181 26 43 116 98 118 59 197 71 106 14 199 49 30 10 31 57 132 156 169 115 19 123 200 129 199 85 59 104 140 53 174 133 84 163 133 66 14 1 192 33 61 92 198 136 108 144 85 183 118 166 23 64 96 188 141 4 139 181 185 107 79 36 32 103 71 95 171 69 179 74 96 76 25 195 117 142 136 67 118 147 84 49 80 87 166 44 168 96 157 64 99 41 152 107 48 35 118 150 40 192 191 189 
123 165 84 185 66 13 21 184 35 120 13 101 41 147 24 93 181 155 12 41 175 94 33 12 21 199 25 138 36 19 162 155 192 70 113 1 19 4 186 94 188 200 2 72 110 65 1 198 120 135 125 165 172 168 146 147 128 24 62 50 143 15 48 25 145 56 58 131 125 155 95 109 28 186 135 55 141 149 116 91 33 176 24 32 159 33 164 104 21 30 167 14 98 137 12 64 192 50 92 110 67 172 116 193 109 46 144 147 109 101 26 60 99 52 163 107 147 67 136 89 45 173 157 178 7 
194 65 76 164 10 171 6 176 2 123 36 3 96 68 128 21 149 37 180 120 199 54 57 39 3 163 11 97 32 134 100 193 193 199 84 125 185 154 2 19 166 76 21 164 115 69 70 6 82 31 106 179 142 186 84 78 160 188 27 42 71 115 82 121 65 56 187 35 46 97 96 117 194 86 141 26 182 50 21 60 137 88 191 182 71 190 6 77 200 191 152 25 9 64 81 138 196 6 104 156 154 67 51 175 6 7 175 33 189 45 87 131 143 85 4 129 63 175 25 160 61 185 92 2 2 
4 136 72 44 54 65 55 131 171 190 154 164 21 56 132 102 82 134 23 193 32 152 120 176 10 138 139 77 187 108 28 38 23 196 28 125 95 57 138 92 108 170 85 9 51 8 41 58 119 171 74 110 45 66 21 117 23 2 10 7 197 49 172 138 144 128 143 173 73 160 85 63 105 86 42 96 184 163 187 88 88 56 59 150 89 114 163 172 139 105 163 195 56 192 110 32 175 137 114 170 85 45 126 18 4 194 44 127 74 7 140 96 86 88 71 168 187 36 117 162 112 94 54 165 108 
74 178 159 139 167 124 102 8 40 191 23 80 75 18 39 75 96 79 97 195 177 172 139 114 106 24 138 42 77 51 51 99 37 140 70 157 195 110 24 87 135 147 31 62 68 77 64 157 102 142 182 14 38 166 46 40 70 156 199 63 191 13 104 84 126 75 160 89 179 56 181 131 136 72 114 112 177 190 56 170 43 119 7 193 154 118 96 178 176 115 33 49 185 113 18 23 174 97 155 1 159 156 20 154 63 19 194 178 84 173 84 59 170 102 58 95 16 171 178 134 40 140 86 127 198 
86 172 54 29 32 167 32 96 97 12 173 168 99 157 166 86 4 154 66 122 63 179 5 145 170 183 124 110 189 174 126 26 37 96 127 59 120 13 150 106 103 103 176 153 94 186 104 146 119 66 63 2 17 106 11 159 165 89 133 179 69 163 194 185 122 169 195 89 119 178 50 173 2 57 149 6 77 151 122 67 27 197 190 81 77 109 25 179 44 69 71 139 46 57 1 61 178 151 94 111 175 101 147 194 190 193 185 191 68 22 95 147 55 100 126 22 107 58 92 141 19 177 24 65 19 
27 174 122 5 48 26 158 79 191 1 138 39 173 97 137 8 14 19 90 40 147 78 36 135 148 124 175 164 38 144 199 25 61 96 64 173 31 42 7 55 129 60 39 131 35 135 180 36 57 146 114 20 111 97 105 1 6 58 2 31 198 94 118 187 25 38 153 100 168 69 121 140 182 61 14 147 30 116 19 132 39 102 154 152 195 172 87 40 112 81 3 49 76 34 122 17 149 135 197 135 70 118 69 7 46 96 4 198 19 125 8 55 155 93 156 53 138 83 190 177 54 64 131 112 82 
39 30 175 130 109 171 13 169 180 14 64 46 129 12 180 136 73 53 91 22 174 121 29 42 77 191 78 142 176 161 75 37 15 155 177 156 187 6 157 131 102 168 110 178 103 22 122 117 52 95 120 17 50 171 170 106 20 31 77 119 81 54 81 85 65 32 131 45 134 198 98 16 64 187 80 37 179 115 25 135 142 181 123 98 8 73 8 169 162 140 126 199 119 199 102 53 63 69 86 89 123 59 30 109 20 32 169 133 117 31 187 128 188 30 97 2 103 188 119 174 37 114 85 5 170 
167 2 20 148 118 101 35 18 127 122 13 1 35 37 3 190 155 97 68 23 163 38 152 132 19 8 74 37 91 136 46 132 123 81 53 85 42 3 109 9 145 198 46 52 140 37 163 33 111 134 170 200 95 188 66 84 129 59 182 81 163 120 39 98 146 106 9 120 141 3 190 36 68 105 113 7 50 146 182 38 41 35 27 70 120 37 161 55 133 21 137 160 84 86 166 68 150 160 2 172 130 97 108 109 104 20 165 4 193 193 75 41 12 94 188 73 35 82 60 69 183 4 37 29 140 
37 182 115 99 57 97 34 32 130 115 18 151 198 97 165 30 21 73 135 119 127 78 132 199 60 181 104 111 190 40 21 178 24 48 93 78 190 40 176 26 70 189 92 145 158 133 65 138 91 142 108 53 127 48 134 89 195 178 47 114 51 18 18 60 136 48 18 130 27 176 43 11 189 153 136 39 15 53 107 84 14 45 138 11 39 94 147 196 144 159 91 31 122 123 170 135 42 98 91 61 10 38 121 11 187 51 132 1 133 141 162 31 32 131 19 149 160 161 11 68 15 195 77 84 137 
42 65 77 188 40 29 91 130 25 145 12 168 9 98 81 137 168 200 195 147 4 84 76 150 129 117 194 93 172 74 27 198 139 89 176 194 137 111 135 2 155 106 136 18 60 158 10 140 55 117 194 52 33 49 79 24 9 110 120 185 69 179 174 124 26 68 44 108 159 114 43 9 36 76 9 45 187 196 48 152 30 177 11 141 128 86 193 97 83 56 88 5 80 85 78 16 128 30 67 55 76 19 60 11 36 138 84 9 107 155 43 53 15 53 159 92 165 47 78 83 192 110 157 62 141 
150 154 136 194 40 31 117 129 94 158 184 79 81 46 185 23 94 62 54 81 34 185 178 16 128 85 34 73 135 69 107 10 160 130 78 17 8 124 70 174 116 9 193 185 52 186 101 89 120 124 42 61 3 191 132 56 22 120 8 80 75 82 53 108 81 180 48 183 32 197 195 104 109 114 132 42 74 94 4 4 179 71 145 142 5 63 101 128 54 139 34 163 22 192 23 58 2 45 167 109 147 24 25 163 188 109 11 15 165 156 155 143 93 130 196 13 171 15 117 44 11 146 48 182 19 
22 71 185 143 145 182 19 87 137 1 176 123 193 21 2 137 189 138 175 104 77 17 86 184 172 32 48 44 31 9 44 105 56 69 153 132 88 75 104 26 36 198 75 69 53 109 199 87 129 43 148 120 163 94 134 105 128 1 50 126 41 100 101 197 137 50 131 197 66 52 95 160 46 161 128 111 97 143 91 140 103 169 95 142 44 70 75 179 77 5 41 160 148 23 103 33 31 179 154 113 24 44 120 185 178 103 2 10 150 80 85 85 7 195 184 145 75 170 63 24 93 8 27 98 14 
155 74 160 54 135 153 56 120 7 156 32 58 54 96 23 168 8 178 71 156 183 140 189 98 104 137 33 117 68 139 153 139 187 49 188 40 38 181 101 51 76 140 152 124 35 82 189 158 193 116 14 151 144 125 54 166 58 19 164 83 12 54 57 47 104 79 24 48 34 65 141 91 79 57 179 5 170 165 120 160 57 149 2 186 122 190 166 83 120 3 160 150 39 28 4 39 76 160 44 177 86 95 188 110 4 43 101 28 153 2 68 185 39 34 6 189 58 133 182 115 190 137 45 44 121 
4 195 78 114 107 100 60 187 153 93 154 95 55 45 11 113 13 20 188 150 191 81 53 188 188 133 156 156 197 200 190 17 110 64 158 11 163 21 167 150 62 91 2 180 155 44 111 8 139 169 81 64 36 17 88 23 129 52 49 87 38 160 157 37 96 14 60 70 110 11 6 81 199 80 193 175 87 59 11 6 149 69 154 100 104 158 5 151 12 138 62 106 166 108 44 43 75 54 112 197 142 131 60 164 6 65 96 33 24 65 122 82 114 64 65 26 61 45 124 174 87 147 190 54 63 
102 52 124 83 92 88 41 60 18 125 27 35 53 57 139 200 16 165 39 154 43 17 113 48 122 83 163 100 5 132 178 188 12 183 195 56 197 58 90 196 154 97 107 8 50 48 144 188 12 43 123 188 111 87 151 185 110 39 123 71 107 33 111 101 94 174 31 159 97 146 172 71 156 140 161 51 197 138 91 200 133 85 30 131 165 190 186 161 150 52 54 63 84 117 149 193 197 195 144 122 174 85 18 99 30 55 169 90 152 126 31 93 38 168 55 65 100 44 48 146 16 7 119 54 163 
159 6 94 113 176 113 48 148 25 91 114 15 75 163 44 45 64 5 31 82 120 166 120 192 48 34 75 157 184 183 1 4 116 87 68 117 15 76 153 1 70 166 127 158 183 31 143 78 172 125 79 1 122 109 27 4 149 96 138 124 31 189 13 104 108 85 183 73 94 15 2 52 51 33 38 109 85 33 147 104 187 36 117 12 173 10 75 167 35 127 96 134 17 119 22 190 52 46 112 55 145 104 49 185 42 57 12 114 28 75 68 84 192 196 18 175 23 90 20 103 29 154 59 185 77 
47 170 142 67 196 10 142 41 174 90 153 17 167 72 26 180 19 71 110 30 200 50 94 1 106 135 120 103 121 25 174 57 93 167 94 107 3 145 135 189 86 76 9 57 63 119 97 21 83 171 153 127 165 181 50 74 114 69 122 8 174 80 190 80 70 128 172 143 147 186 22 153 65 154 9 4 21 13 14 115 95 33 200 179 82 55 20 159 56 64 22 85 108 88 95 78 107 93 34 84 127 24 84 166 72 73 97 146 5 165 31 120 148 123 4 97 25 197 92 185 95 62 82 78 84 
135 14 156 167 155 18 43 143 104 190 20 152 126 11 2 182 124 160 69 75 17 28 58 69 108 116 42 195 7 162 41 108 128 124 121 109 1 169 141 109 76 9 31 96 129 75 173 190 68 70 113 41 22 73 91 78 129 125 33 103 48 159 175 171 93 24 143 88 110 95 125 50 66 146 159 8 196 90 113 158 145 198 161 52 122 32 129 51 77 24 152 75 80 50 9 66 116 62 107 59 31 38 14 89 199 173 85 41 139 99 148 110 6 58 33 120 74 20 101 185 118 62 2 94 43 
136 53 126 30 160 33 116 180 35 57 53 94 147 113 23 200 102 192 109 2 83 43 29 198 193 187 144 91 156 53 22 94 61 104 145 38 13 42 61 49 161 22 33 129 165 163 25 192 30 3 192 155 101 16 185 172 188 142 69 29 75 19 3 73 32 29 8 95 5 123 187 70 86 80 109 32 198 24 94 128 32 151 51 95 57 94 66 165 167 56 191 126 2 146 16 173 4 107 111 19 83 197 189 74 81 96 167 190 123 167 89 150 20 96 173 28 114 195 174 142 57 82 5 126 18 
188 75 139 172 130 4 3 29 181 123 80 31 106 51 120 180 40 138 125 53 98 188 81 124 194 185 89 117 29 32 127 158 30 42 195 73 158 7 105 84 27 85 58 41 60 134 2 46 176 31 107 93 28 190 187 45 41 65 89 103 193 4 12 102 145 38 101 118 119 144 198 38 3 69 72 162 195 104 18 199 105 43 150 73 166 184 123 130 90 103 186 155 67 77 151 98 186 66 54 40 58 138 78 48 179 71 47 171 158 104 146 111 41 99 104 25 28 187 165 147 125 12 45 2 71 
197 24 196 29 134 193 151 164 147 11 32 181 170 133 50 36 83 4 94 35 170 51 90 57 129 168 55 99 80 170 124 121 16 34 41 1 102 17 199 16 32 140 198 150 137 35 80 32 195 144 120 27 94 40 36 47 99 173 153 23 186 12 69 60 39 130 160 75 18 43 162 146 26 178 2 67 108 110 2 186 194 124 161 138 28 96 56 94 9 175 16 199 40 104 93 109 123 78 17 40 73 89 41 75 27 115 196 124 131 63 46 172 199 114 31 141 10 145 188 142 69 81 22 166 77 
178 134 128 170 58 2 27 42 44 162 169 94 172 2 10 172 168 169 31 85 108 110 109 190 93 126 61 64 41 157 186 149 50 46 66 183 169 10 116 32 122 58 146 172 166 154 2 155 72 101 14 116 177 84 136 88 196 92 129 194 180 162 108 176 118 24 155 62 67 62 127 158 51 181 5 183 129 40 121 23 82 15 173 109 52 67 83 122 12 126 63 31 98 130 198 182 190 31 196 198 53 39 74 141 107 16 179 112 18 99 56 110 6 65 199 144 6 45 170 107 187 47 177 5 190 
95 64 26 68 104 193 26 108 153 179 120 99 11 13 107 26 5 69 75 176 43 100 153 146 187 23 165 148 154 169 118 139 193 186 100 188 4 37 184 169 29 66 47 118 103 150 45 168 9 13 1 19 55 88 125 80 104 8 184 23 130 53 41 139 78 41 67 7 71 190 71 99 119 62 110 159 190 145 103 22 154 114 155 94 80 98 111 46 15 99 166 194 60 182 166 180 140 96 2 111 191 110 71 50 46 87 172 194 171 20 146 48 101 113 1 63 116 197 179 191 143 93 91 20 183 
133 108 24 131 180 76 193 96 128 69 180 60 153 127 37 101 125 45 189 14 2 184 183 6 194 68 135 104 17 112 184 34 103 64 152 29 160 171 18 105 184 71 24 165 171 143 82 53 86 17 140 126 162 185 153 159 82 136 11 48 22 61 58 177 49 139 6 64 88 197 23 144 56 62 180 45 51 4 149 127 199 166 29 132 197 136 124 143 160 73 196 191 180 60 171 76 120 93 145 79 126 83 9 141 53 141 189 188 10 100 190 70 69 21 150 99 197 78 19 83 172 109 110 79 45 
41 98 179 5 26 141 22 103 160 64 86 183 197 171 45 79 13 86 75 121 167 176 7 191 138 196 167 86 59 3 110 145 107 58 164 32 15 131 180 87 147 182 129 172 130 98 31 144 64 178 6 42 50 10 184 71 27 99 175 18 145 68 88 37 152 50 148 158 149 199 153 125 176 88 187 124 50 135 83 15 53 75 137 81 9 32 101 198 174 188 77 66 63 107 152 180 161 40 15 117 196 194 146 122 182 146 32 163 45 104 4 124 133 3 101 75 143 168 71 30 103 56 141 62 114 
25 88 199 157 196 85 191 73 83 63 128 108 153 139 131 58 123 99 33 19 38 198 6 74 27 44 152 199 186 141 164 82 63 34 125 85 21 116 124 98 91 64 5 135 102 63 86 181 30 159 116 57 11 127 149 67 153 180 89 10 133 199 117 166 193 39 74 80 180 81 5 181 193 17 147 69 26 146 105 158 113 13 72 38 16 151 127 152 147 46 158 161 53 61 170 192 144 72 186 16 38 123 73 39 150 184 17 101 122 15 111 131 180 7 174 56 32 66 200 97 28 23 43 56 39 
119 47 72 108 51 165 54 104 40 121 123 25 139 49 53 18 81 137 117 91 57 151 152 39 115 100 91 16 61 168 5 56 98 181 110 50 169 59 15 138 155 159 1 96 189 16 114 162 90 101 108 93 192 66 20 41 18 94 14 130 71 105 138 155 70 194 11 88 23 58 35 119 129 186 8 48 121 33 165 8 10 51 152 172 4 180 133 153 41 156 127 197 140 181 44 70 15 58 116 39 117 148 18 151 109 88 127 189 6 142 181 196 41 86 126 166 181 134 103 141 74 112 103 51 160 
182 20 29 192 110 6 181 87 199 83 95 14 163 185 179 197 112 109 170 62 91 100 80 9 200 135 176 168 156 128 83 7 66 163 100 92 171 139 52 137 108 136 146 127 157 120 121 188 2 36 193 159 106 169 145 64 131 50 196 187 150 141 62 188 192 128 161 119 121 200 42 200 25 56 108 106 91 84 168 92 133 159 32 113 195 18 132 61 111 144 141 14 18 33 136 148 160 106 50 68 82 135 50 153 52 82 161 69 36 139 190 53 142 45 137 115 81 13 44 45 138 18 61 196 33 
99 5 44 158 168 17 183 3 92 68 112 174 90 91 181 183 39 22 173 101 166 135 47 197 150 43 127 24 17 200 94 31 11 194 47 182 47 19 137 36 140 176 136 32 133 192 162 55 35 33 12 92 70 192 21 119 100 59 175 142 81 51 8 73 148 85 75 15 127 119 188 119 161 127 111 189 5 109 117 90 174 88 157 36 138 69 37 120 92 5 136 156 90 178 134 183 2 100 174 200 138 150 57 82 59 199 20 89 73 120 5 59 111 188 147 114 141 15 25 22 179 144 48 126 101 
180 96 106 177 31 194 127 35 89 187 5 159 169 159 24 52 113 155 165 173 2 115 146 2 163 186 76 188 2 37 174 156 163 182 105 51 171 40 54 60 1 36 130 33 57 176 174 68 60 59 110 86 143 95 102 185 127 98 47 17 185 109 109 36 105 112 40 198 13 199 178 131 140 141 65 55 168 181 112 42 108 126 150 155 99 146 155 124 90 72 20 44 85 146 80 183 14 177 200 55 94 89 150 30 103 9 152 101 64 145 86 100 182 16 15 116 163 199 38 89 111 90 152 74 111 
181 1 192 143 157 15 72 36 14 141 179 136 135 22 55 89 159 191 141 184 69 28 7 116 57 180 185 15 85 50 145 160 26 59 83 123 113 102 108 127 144 60 180 98 1 133 154 159 54 60 124 132 118 165 127 141 140 163 104 66 97 53 79 129 93 86 12 125 122 164 93 61 100 88 47 127 200 78 192 186 117 191 82 40 167 31 190 151 105 174 21 118 146 140 65 31 80 6 18 112 75 46 141 43 62 188 192 122 98 104 52 70 83 12 76 33 132 26 71 90 37 112 121 152 25 
40 127 17 149 65 116 94 134 90 86 15 149 46 102 37 70 44 135 114 180 121 122 17 71 170 199 125 92 17 34 172 195 28 177 200 47 141 25 190 5 192 71 106 165 66 30 96 33 127 131 198 198 68 200 42 135 145 175 139 94 39 154 104 97 99 158 87 172 176 193 145 140 56 154 78 12 100 5 90 2 89 52 188 32 104 2 48 140 45 8 127 44 85 3 107 123 166 3 195 91 87 160 98 174 170 184 170 188 34 5 41 30 142 152 68 9 179 115 90 123 25 95 27 134 88 
149 146 90 150 79 135 60 165 157 55 127 42 184 85 71 102 61 164 170 115 25 133 85 35 39 133 186 97 128 51 85 118 74 69 139 153 46 186 18 71 12 62 132 75 159 121 81 144 141 3 117 47 104 33 147 67 21 112 41 14 77 165 171 194 133 116 186 162 75 193 67 111 194 2 109 106 88 56 167 45 53 79 145 197 57 167 46 65 109 46 158 77 50 2 135 181 16 40 81 72 52 49 147 179 150 195 34 50 174 131 108 127 191 197 40 90 60 82 105 142 190 159 31 21 83 
132 4 166 158 177 163 108 105 67 126 86 26 125 185 47 141 112 89 36 4 194 115 190 141 21 187 111 153 185 136 57 167 87 62 5 114 30 106 197 143 67 147 162 186 42 66 200 92 88 87 22 162 31 21 53 96 184 184 61 182 19 140 161 160 151 48 170 52 78 5 25 184 50 197 15 113 31 125 100 142 97 57 118 49 41 133 131 147 83 139 10 143 183 37 56 51 39 79 108 88 150 43 128 11 186 95 18 102 175 124 135 12 67 99 44 83 126 17 165 74 137 142 127 89 164 
102 123 114 123 90 4 146 45 4 194 19 77 194 85 25 105 51 128 151 109 13 32 106 24 141 175 128 104 200 87 48 117 58 7 82 69 199 16 172 80 40 112 44 87 97 138 99 8 119 62 38 131 69 140 58 185 34 177 158 73 41 31 137 72 95 174 143 174 187 17 53 62 23 143 131 88 65 106 124 149 159 56 117 199 113 175 125 36 162 163 10 96 45 9 8 145 84 117 49 24 120 159 196 178 133 45 4 165 45 200 29 83 101 27 142 132 75 25 104 125 87 169 56 90 81 
131 57 119 89 126 94 107 92 23 169 63 28 120 13 133 79 57 47 123 171 121 35 103 59 156 60 186 146 98 141 37 65 125 109 131 25 194 28 122 158 16 97 68 19 14 137 13 130 27 154 149 155 7 163 112 135 160 38 12 74 149 62 126 140 176 177 136 148 200 175 50 49 130 141 9 103 56 176 190 71 111 45 1 185 169 135 175 10 109 52 67 19 187 77 160 33 105 25 59 78 192 125 128 137 157 123 196 60 105 126 97 56 113 177 149 37 47 76 74 52 98 114 4 162 121 
200 185 160 152 170 187 7 9 166 70 62 14 186 100 23 163 121 63 189 52 7 74 118 1 107 77 184 114 109 125 195 184 104 161 143 78 130 104 136 52 96 165 16 134 139 57 76 200 157 138 183 145 94 176 53 74 17 27 95 166 56 140 95 167 118 143 180 168 1 29 50 117 170 29 117 11 193 34 151 100 82 36 96 85 103 2 176 47 11 199 4 87 85 51 178 140 169 120 43 121 86 73 58 200 99 176 174 85 117 31 49 147 168 37 21 16 43 40 173 12 136 143 144 97 188 
171 183 141 56 177 186 77 140 70 171 150 96 35 55 69 154 3 112 42 31 149 56 105 81 44 156 67 1 110 156 3 30 131 168 165 37 85 146 12 7 113 196 93 101 180 98 148 42 40 151 75 17 15 44 193 105 64 62 64 47 150 175 162 46 19 116 18 35 109 105 132 137 185 28 82 161 129 41 174 71 61 54 160 37 12 28 44 200 37 166 190 56 23 141 184 121 195 198 158 15 64 49 94 92 13 17 48 115 115 150 175 41 146 37 103 151 197 128 118 87 59 108 135 148 179 
141 9 17 160 119 99 152 166 163 109 4 53 182 103 56 200 43 40 39 23 110 26 81 156 22 146 88 46 76 132 36 24 157 103 98 170 193 89 64 77 106 179 169 41 191 71 171 17 110 182 60 9 78 180 50 113 7 28 11 168 185 76 86 154 85 54 139 13 26 53 112 29 171 185 102 37 40 91 145 35 12 82 19 151 46 161 139 65 183 144 194 89 140 46 112 168 121 151 71 41 74 187 128 5 40 4 52 44 196 50 80 81 39 89 14 182 148 96 156 168 133 83 138 111 177 
137 95 27 199 25 18 110 130 77 163 85 153 89 161 112 186 151 146 49 76 139 199 63 182 195 108 77 142 197 14 177 124 39 63 37 141 140 59 106 146 101 157 156 38 50 97 164 16 158 132 157 144 182 129 104 163 143 8 152 84 185 87 149 9 20 108 106 151 41 121 13 35 108 181 95 67 180 46 88 198 129 149 128 134 190 155 137 74 131 10 191 176 137 38 12 172 2 92 137 18 126 185 51 96 28 179 18 6 189 18 6 61 179 63 10 127 53 33 151 41 83 1 156 82 13 
181 191 66 190 183 139 185 115 147 198 97 180 184 159 20 15 133 117 40 167 186 23 128 86 130 23 178 35 182 107 90 37 40 66 102 166 181 46 75 166 111 77 151 21 84 34 142 25 61 65 169 191 88 114 117 121 22 75 57 55 23 78 189 27 190 15 76 86 163 56 120 39 111 68 52 3 134 13 17 4 121 95 168 51 102 99 46 138 174 176 44 68 56 29 177 59 146 143 199 110 60 120 105 118 186 94 131 162 180 6 126 103 54 78 114 62 178 78 99 38 111 181 106 198 12 
96 27 80 44 137 73 77 104 114 199 161 47 149 81 133 85 161 180 35 125 162 84 183 42 21 126 31 162 101 162 163 141 43 85 150 1 49 136 131 115 129 4 28 116 141 121 33 129 158 18 182 183 98 2 118 183 36 123 181 164 92 155 195 52 118 8 136 183 59 156 57 103 47 140 174 185 72 113 10 60 38 127 17 170 187 141 133 105 28 44 97 33 28 67 169 80 183 102 8 150 28 140 167 41 96 198 37 51 122 196 165 108 46 147 156 110 180 128 110 99 69 80 177 183 27 
51 27 175 133 155 163 77 153 65 59 43 93 153 192 101 60 184 8 5 79 71 125 124 10 129 105 143 44 117 146 123 91 177 60 105 54 37 78 106 192 52 177 102 112 172 34 23 151 32 101 115 83 110 79 156 184 65 83 92 153 6 11 157 117 67 49 137 18 149 184 138 10 97 50 181 64 99 76 142 68 174 79 163 69 78 60 68 68 175 169 96 142 165 36 187 68 9 109 57 67 165 57 116 155 67 95 29 95 136 98 57 120 22 113 101 12 69 75 192 23 18 77 122 143 174 
189 103 186 106 73 96 3 158 116 157 30 20 12 158 189 57 93 125 128 43 179 22 165 138 61 25 57 8 148 67 56 79 88 149 194 15 171 89 7 34 15 83 49 57 115 77 178 182 114 110 140 33 62 186 92 76 190 124 7 110 88 84 119 63 151 196 159 140 100 17 200 149 63 97 168 97 40 35 9 37 166 192 68 80 147 40 52 22 54 50 178 60 97 117 177 57 158 126 84 129 51 200 73 165 9 185 70 136 191 185 69 95 8 53 87 132 89 4 10 148 109 91 110 153 97 
143 172 149 69 23 21 171 73 181 141 30 179 77 96 198 56 127 168 178 68 137 74 107 166 127 92 4 6 128 44 54 129 37 108 155 152 45 13 69 115 106 112 77 34 19 51 149 186 196 82 129 27 21 62 186 102 175 155 86 139 185 1 27 141 139 177 154 43 158 124 155 193 91 136 127 159 129 17 59 42 195 198 152 56 191 23 92 24 21 181 24 153 120 183 162 82 129 43 105 4 69 150 177 69 41 191 89 87 181 139 199 178 161 86 157 107 112 96 107 87 167 145 39 181 51 
37 49 158 133 182 114 124 89 174 130 73 42 80 78 64 153 65 105 86 65 112 186 14 180 81 58 123 79 163 190 94 81 50 106 53 121 73 60 12 123 128 4 87 94 73 194 133 45 182 149 25 164 52 92 185 110 120 185 86 183 1 3 19 47 96 30 105 19 115 2 18 139 40 123 199 95 134 89 14 149 152 143 33 19 168 113 99 152 32 115 118 14 126 112 62 168 100 134 74 92 183 29 98 64 62 29 130 27 143 127 158 174 81 58 102 167 151 129 5 137 150 102 41 71 127 
143 151 196 168 44 189 152 154 15 137 120 76 157 23 83 188 52 26 182 115 27 123 58 177 48 75 137 178 194 85 60 131 200 63 69 179 51 172 115 93 87 160 117 171 162 153 189 148 72 38 60 3 65 29 49 142 72 41 3 21 9 39 19 169 161 78 144 137 155 77 183 194 98 55 32 167 79 132 144 83 36 43 24 67 40 22 26 80 122 146 7 144 77 77 192 176 100 58 35 121 144 130 131 159 108 148 165 50 59 21 14 1 179 95 62 123 125 197 133 175 155 21 181 93 132 
196 127 52 97 46 104 9 109 64 65 45 191 79 83 129 171 181 151 26 53 147 193 161 194 65 4 13 147 44 61 80 116 181 171 88 109 74 158 200 193 23 139 111 34 154 40 37 172 94 23 127 165 199 159 86 37 63 39 30 150 97 34 163 180 119 133 161 102 192 149 33 99 73 105 143 126 189 106 158 173 44 99 131 86 183 96 10 73 89 115 133 101 18 140 167 155 14 58 54 155 115 3 180 99 189 126 142 142 165 111 126 106 3 185 25 14 79 95 193 155 57 67 98 71 49 
97 129 160 147 117 187 163 24 86 145 99 121 40 185 152 138 48 23 171 34 17 186 191 185 106 16 41 162 169 76 66 76 5 34 107 36 199 18 151 200 15 5 21 179 93 148 29 105 57 183 136 128 127 148 75 169 178 98 199 127 55 181 135 52 55 177 112 1 67 175 58 87 111 47 11 168 24 79 62 22 9 12 192 192 109 176 122 115 136 17 83 34 195 189 196 181 173 193 125 155 148 190 133 75 134 67 84 112 68 183 132 36 61 95 186 123 9 39 135 138 18 162 197 13 127 
6 36 174 50 169 12 76 82 21 1 15 37 160 180 180 109 37 137 141 131 39 46 179 53 27 79 183 83 176 196 183 47 193 55 114 113 99 21 86 9 156 55 3 123 41 138 10 103 130 45 49 187 138 199 19 142 26 63 187 68 81 6 112 174 177 51 67 46 183 179 54 118 167 187 73 23 14 151 87 4 7 19 173 179 23 94 64 30 42 9 129 18 14 133 200 97 129 196 138 102 70 199 69 48 75 53 65 1 98 22 55 39 51 188 12 167 152 138 5 152 33 189 137 59 190 
76 36 180 189 168 189 36 144 21 117 127 88 175 181 79 172 99 37 147 188 50 18 48 57 61 183 181 31 88 22 69 62 176 2 132 96 23 195 194 151 75 198 107 184 122 132 74 58 185 106 117 122 190 51 24 85 45 175 131 25 49 50 64 32 48 29 118 138 190 43 149 68 23 99 53 22 70 135 99 12 57 9 44 154 72 72 137 33 124 197 113 2 28 123 15 156 57 61 22 114 166 4 36 105 147 199 77 146 115 90 172 159 4 138 68 11 57 198 78 36 81 1 105 195 84 
140 192 45 162 93 148 46 147 68 12 101 168 7 17 62 102 62 101 179 59 73 113 24 68 120 162 70 129 92 154 107 40 194 49 66 197 16 88 22 25 68 92 89 48 200 156 3 17 92 95 200 105 164 108 171 188 27 171 170 112 96 187 161 171 98 106 56 7 21 153 171 62 96 141 43 48 66 152 90 26 49 165 5 50 170 130 7 29 37 62 114 133 137 37 79 97 197 186 56 23 166 173 108 11 125 65 122 146 22 93 135 140 128 109 20 89 10 148 65 12 22 91 200 37 40 
102 36 1 178 190 156 88 166 173 170 54 169 138 185 73 173 125 70 184 31 176 177 81 11 125 183 191 43 46 35 49 73 116 55 123 183 6 187 135 123 85 53 193 111 24 60 145 106 65 44 187 66 183 123 43 3 151 28 87 61 70 49 143 54 136 11 84 107 106 158 186 168 197 177 119 181 128 121 34 127 9 8 191 34 26 104 38 98 66 46 174 199 88 149 34 79 44 8 25 187 96 146 15 64 200 28 183 110 18 48 184 98 62 131 118 100 166 11 100 60 100 4 152 78 171 
78 11 199 159 110 116 73 18 166 109 137 175 16 72 49 179 41 98 20 21 106 191 88 164 48 54 37 196 105 92 12 86 4 169 153 197 42 169 35 156 26 161 42 71 144 157 165 63 176 75 50 80 130 110 172 42 98 121 122 70 107 50 141 174 170 30 171 111 56 60 147 81 3 149 30 56 94 99 164 96 74 153 166 42 28 174 55 197 112 26 94 54 54 34 66 74 136 94 37 96 148 150 64 59 192 111 182 167 56 130 193 23 200 98 66 93 61 109 73 33 110 131 68 7 46 
145 64 27 167 118 132 123 74 24 34 138 154 28 88 152 193 136 68 40 25 89 85 159 168 200 143 30 117 71 8 167 156 41 148 80 111 130 148 47 99 9 120 8 47 66 11 23 134 178 120 102 53 28 74 198 16 45 12 24 130 77 9 57 194 118 87 84 159 194 138 7 57 160 68 150 136 177 195 16 90 114 166 113 154 71 106 57 107 38 158 27 90 14 11 95 62 73 35 177 100 150 122 62 174 111 94 82 95 95 99 64 81 174 172 73 79 167 62 140 74 158 90 37 30 117 
197 108 20 75 199 114 91 136 188 159 36 150 35 153 22 157 174 57 189 176 76 181 146 2 184 21 96 191 157 59 176 171 7 110 144 128 65 18 66 196 101 46 81 72 125 1 144 173 131 19 191 39 113 122 37 198 172 141 81 111 46 57 98 197 128 168 140 184 168 145 138 91 134 163 27 104 100 132 162 72 115 88 199 103 107 75 87 133 94 189 35 135 114 137 127 174 141 117 104 177 127 137 96 64 127 29 75 96 121 114 118 28 109 47 174 38 49 75 77 62 47 183 113 180 3 
196 168 123 148 24 105 167 99 186 177 85 45 65 143 191 122 189 149 39 4 99 60 155 150 17 118 24 62 6 47 168 48 127 197 154 151 54 152 148 147 141 67 189 166 20 6 186 43 150 73 167 29 12 9 200 193 135 179 92 191 176 102 93 161 56 155 47 13 62 22 181 30 12 70 64 124 95 76 104 117 52 8 4 88 174 110 185 30 40 170 25 53 95 200 21 53 115 100 58 199 44 66 120 126 126 17 107 159 63 33 154 160 1 183 84 30 87 98 26 66 198 197 146 172 143 
155 133 180 19 137 19 196 108 95 191 110 196 71 182 114 148 19 199 162 142 82 29 123 28 144 177 45 169 152 178 25 129 152 183 78 164 160 21 41 114 198 123 41 155 54 20 34 145 43 76 148 85 34 156 180 60 197 105 50 197 68 27 166 200 146 51 44 181 51 191 182 187 76 38 197 60 35 165 132 55 17 106 81 57 56 140 119 65 131 61 189 58 101 16 73 53 18 187 15 8 13 195 172 184 61 19 70 176 120 8 135 140 181 27 21 37 26 151 62 78 3 20 172 8 6 
141 137 77 20 47 200 18 32 80 12 177 180 155 143 97 134 91 75 128 173 77 178 192 28 82 188 145 95 170 42 119 176 111 75 187 15 90 104 73 169 94 140 61 138 64 128 41 139 100 60 154 118 23 190 147 110 103 38 28 126 151 75 153 104 110 48 57 42 189 27 33 144 45 137 71 183 125 14 170 43 118 158 194 200 162 150 96 115 54 166 167 191 120 189 16 40 128 37 150 33 64 14 7 54 102 29 21 51 160 82 69 174 186 27 192 138 80 168 74 72 136 118 117 110 103 
173 63 81 81 181 99 28 100 189 40 75 163 91 110 104 176 68 19 151 50 187 141 196 154 177 46 98 189 100 176 88 11 99 162 74 167 45 178 198 179 123 79 99 67 36 194 66 172 71 161 199 69 19 90 52 74 173 109 70 131 73 186 63 171 73 189 53 44 3 163 1 68 66 10 11 140 82 124 34 94 112 103 16 35 185 191 11 62 19 162 120 89 68 135 93 181 150 66 43 139 132 95 194 90 69 161 27 177 14 132 84 113 153 117 59 140 200 168 161 21 182 25 91 184 46 
66 9 129 105 106 152 120 141 91 171 188 57 90 147 190 1 127 6 124 143 199 162 132 6 41 25 88 173 19 44 168 194 4 168 50 94 163 146 30 59 101 108 166 116 161 90 5 199 126 128 126 99 136 66 98 164 55 195 76 136 53 128 149 46 200 156 58 147 170 93 158 1 27 33 146 180 138 87 145 177 124 37 156 76 88 130 195 76 102 68 141 32 7 166 188 56 126 128 29 125 48 77 166 1 44 159 20 137 199 135 88 154 147 137 159 114 143 4 152 188 107 29 99 4 105 
141 153 60 97 125 36 32 168 174 197 93 150 45 51 52 116 1 163 188 92 24 192 113 42 170 69 25 106 37 45 52 26 36 77 164 11 161 195 168 15 30 152 71 171 200 176 41 135 3 182 176 180 162 176 171 111 39 3 128 166 57 152 80 181 87 56 120 183 100 113 166 63 123 82 166 63 23 92 1 170 147 162 11 140 13 98 134 159 50 3 21 183 122 135 66 10 149 50 63 53 6 22 124 101 106 191 83 106 140 86 144 83 122 119 36 101 103 27 131 124 57 57 195 155 36 
189 170 196 115 121 85 145 18 147 27 85 99 199 193 183 190 124 143 81 137 190 194 174 73 33 162 25 179 156 124 61 71 56 139 46 63 113 95 162 31 7 53 96 176 86 120 178 79 64 91 109 14 39 25 71 74 31 136 79 146 182 181 130 178 157 84 63 134 46 92 18 126 30 75 195 114 25 28 14 192 36 86 160 196 51 46 105 108 152 133 104 120 68 195 23 113 181 90 153 111 4 180 44 36 92 11 82 75 139 116 49 52 54 56 158 116 22 107 125 171 159 114 126 169 158 
135 130 198 14 93 120 43 73 183 22 119 99 137 182 97 192 109 133 104 167 39 82 112 13 164 127 91 76 50 142 167 134 31 108 142 85 109 129 52 104 193 139 94 124 28 3 196 15 144 168 26 176 186 23 124 128 39 124 186 107 126 15 112 40 168 77 129 181 192 135 144 16 77 139 31 14 195 115 159 68 54 47 34 56 44 198 139 4 24 151 129 42 99 6 15 62 11 3 140 14 176 200 160 122 163 132 29 180 13 63 141 33 60 135 69 76 42 31 74 102 104 90 66 140 140 
20 148 194 33 151 98 80 62 91 189 86 94 101 127 33 95 127 100 5 93 10 108 87 168 181 24 15 115 7 36 104 148 73 73 176 148 28 153 47 34 165 140 95 196 12 166 14 177 9 84 125 32 7 103 152 91 166 115 83 71 200 55 18 73 165 68 173 28 198 147 82 171 93 137 138 73 25 66 79 30 82 31 192 185 129 53 21 160 45 127 157 178 156 168 38 42 9 107 30 50 157 151 28 121 145 46 130 188 162 87 194 81 45 174 177 167 143 66 95 52 5 46 142 108 159 
92 124 31 78 23 11 84 176 86 78 65 163 187 42 48 170 19 11 31 82 11 72 108 78 86 137 175 192 177 122 179 88 64 9 179 33 141 15 21 157 147 88 23 175 123 61 8 184 60 158 157 25 74 67 67 86 186 122 84 196 65 78 33 94 121 78 150 97 60 190 178 102 124 92 171 69 149 92 92 25 96 43 72 65 71 38 138 69 188 160 76 109 79 111 55 163 170 62 7 83 102 65 164 69 55 155 41 83 78 23 19 70 118 67 133 94 96 153 120 146 186 18 130 41 8 
61 53 12 60 18 93 51 1 68 144 196 159 82 51 119 55 118 109 59 137 44 169 17 53 180 125 141 45 47 148 69 69 86 168 44 147 31 89 121 71 121 20 112 200 132 68 14 51 77 138 67 52 155 108 157 112 47 92 126 140 115 178 184 13 148 103 141 195 120 176 187 76 7 5 109 26 120 5 90 67 131 104 5 196 133 23 69 106 85 171 187 121 21 87 17 136 132 80 102 77 195 180 81 103 97 6 111 172 122 143 37 48 97 75 109 136 189 148 98 181 141 69 96 99 52 
113 77 62 93 112 45 87 135 34 158 25 109 116 142 160 106 13 169 115 181 114 185 4 197 198 92 29 194 174 70 143 179 182 156 121 137 24 174 155 183 75 91 16 197 53 50 126 158 175 76 20 131 91 168 22 163 112 54 97 89 69 71 129 73 125 143 101 89 137 169 47 143 60 5 2 165 158 186 50 85 79 107 81 80 101 113 53 141 129 82 118 94 109 122 47 154 4 23 55 83 53 172 108 85 166 26 65 176 154 38 139 32 16 176 161 51 63 35 24 31 7 151 129 5 42 
131 21 158 89 90 139 169 28 136 89 111 157 46 10 114 158 10 193 8 79 19 141 50 196 94 71 103 190 49 157 154 103 8 11 133 137 131 149 151 195 138 8 84 44 33 178 85 139 113 83 198 145 145 90 174 70 11 84 154 182 169 161 117 171 90 174 195 192 12 73 196 133 119 19 41 30 7 18 141 179 12 158 157 35 36 78 157 120 174 155 148 189 73 134 80 98 127 1 88 113 82 136 122 191 75 43 45 120 195 53 109 55 29 20 158 83 37 162 125 177 34 120 139 44 169 
77 118 96 9 107 151 6 17 119 104 33 113 133 187 90 185 115 126 129 39 131 169 177 198 188 73 105 177 19 112 35 124 119 33 161 189 73 111 59 79 38 21 22 84 30 30 171 117 192 47 175 56 48 83 29 61 90 58 43 87 69 26 101 139 132 34 67 110 6 151 93 5 156 66 79 81 33 127 58 13 100 184 2 49 148 198 45 42 72 134 180 55 21 196 49 48 104 116 39 141 72 117 9 155 137 116 155 84 148 136 46 29 177 156 152 42 102 102 173 181 199 116 40 13 107 
132 33 74 52 144 198 89 103 12 44 6 30 18 33 199 30 14 145 172 104 85 8 97 15 6 165 159 11 147 55 166 134 110 73 140 96 86 30 88 139 44 7 121 121 200 187 179 80 94 69 112 123 158 41 84 9 60 60 186 21 9 139 68 189 105 176 23 183 128 22 7 19 80 29 99 181 136 164 10 46 186 174 42 183 140 47 2 146 170 36 16 21 22 143 158 8 63 32 25 45 86 174 191 48 74 25 147 137 68 62 186 9 34 40 176 83 103 101 82 82 65 148 148 108 11 
184 163 46 159 99 15 8 90 119 27 20 40 130 163 123 170 105 125 73 64 176 197 10 66 41 103 176 144 11 11 73 117 101 103 129 51 54 84 26 58 67 98 194 190 177 152 15 87 126 101 160 102 34 131 150 185 59 89 164 160 122 54 170 175 30 48 90 109 19 135 162 78 17 115 36 149 188 20 8 109 1 6 151 31 164 153 136 190 152 72 36 11 169 167 153 109 145 182 28 20 173 62 23 195 74 15 41 126 95 3 58 182 72 67 162 166 81 119 124 15 71 195 192 25 160 
193 186 39 191 183 22 64 113 90 52 173 4 79 11 68 101 154 179 133 66 106 184 83 86 79 45 23 115 58 14 30 166 74 149 193 94 118 127 193 9 84 21 126 174 2 24 177 27 130 185 198 135 124 107 61 154 78 37 33 3 42 75 193 145 15 6 70 39 141 123 161 123 38 66 112 9 163 65 66 161 38 34 100 50 124 58 150 193 166 55 160 103 84 113 189 5 80 48 19 13 80 180 199 195 135 195 12 73 5 135 200 177 102 134 156 175 125 101 54 30 166 200 18 57 140 
175 49 116 175 40 142 48 85 84 195 9 84 173 14 21 194 87 150 3 129 7 68 79 23 19 32 103 125 60 58 7 98 104 125 160 80 138 126 156 34 191 13 37 119 195 10 160 109 30 28 173 156 27 172 29 81 54 169 141 186 121 59 1 171 45 161 95 174 112 40 109 15 108 182 34 132 116 69 116 183 137 11 13 162 56 6 12 72 126 151 199 141 50 154 52 41 67 130 20 170 39 122 103 125 158 65 135 104 191 150 165 75 157 72 100 175 56 58 130 44 100 138 14 23 165 
64 199 185 137 166 160 38 188 78 103 177 35 14 11 114 151 150 124 156 58 14 152 184 160 2 91 70 77 84 33 186 92 51 30 129 6 154 95 75 156 45 105 190 74 135 11 142 89 32 113 82 156 37 1 164 33 173 136 99 3 55 36 19 128 86 24 74 49 50 140 28 10 66 80 89 14 5 23 194 84 49 26 64 181 139 155 104 199 197 84 33 59 171 12 20 107 135 155 90 58 105 25 156 160 59 39 57 110 153 107 124 68 61 162 165 194 115 39 165 172 19 134 27 145 23 
7 7 159 173 81 36 76 68 177 3 58 38 168 134 131 155 179 98 83 159 10 19 50 101 185 90 74 164 19 142 104 43 10 150 24 62 164 65 51 162 142 13 133 116 121 5 136 146 154 117 29 143 183 167 34 38 22 73 64 181 43 129 159 40 148 31 195 116 128 152 137 70 93 8 152 145 58 166 154 27 69 72 61 119 1 109 74 77 35 60 61 33 128 163 180 4 90 25 96 153 169 189 32 141 192 75 136 150 152 54 62 74 11 106 148 126 153 70 1 5 91 48 86 92 37 
133 57 183 145 176 49 37 67 91 93 177 83 173 153 195 48 78 25 53 31 79 3 196 109 112 75 35 95 135 186 81 53 69 169 159 35 95 45 22 61 185 193 56 129 142 25 110 191 192 130 163 108 22 73 195 137 142 26 119 110 66 80 110 79 132 64 75 101 92 159 150 82 114 63 168 190 35 61 124 18 57 85 164 170 165 23 68 198 100 73 66 197 177 152 1 190 198 1 115 80 175 56 10 136 108 41 77 54 3 89 70 7 128 26 126 130 156 111 196 63 159 187 17 192 109 
60 79 49 4 189 191 59 165 79 159 176 18 28 80 21 38 106 132 66 87 155 16 160 42 126 125 79 122 163 173 144 93 30 10 38 185 126 49 144 13 24 93 119 51 183 196 159 2 56 198 138 143 175 182 196 153 33 87 49 5 121 54 31 23 95 23 153 67 164 68 10 81 59 150 123 102 37 95 36 142 29 195 64 180 38 30 72 70 192 82 196 155 161 6 66 115 49 174 170 138 11 131 47 67 78 75 160 57 93 17 139 21 172 76 79 51 19 31 198 61 23 114 133 58 143 
68 125 160 195 87 3 32 102 46 170 118 188 18 197 116 66 124 116 63 80 127 66 54 105 67 90 92 2 101 180 118 97 194 162 133 171 53 18 73 45 149 124 28 186 60 77 78 63 94 64 69 172 57 126 176 195 130 78 22 57 41 191 73 145 181 145 28 64 99 36 195 78 23 105 97 131 147 41 153 120 136 194 189 93 35 96 157 171 134 64 64 120 116 42 200 162 61 146 106 132 173 175 123 187 39 156 23 6 176 154 187 22 100 115 29 68 187 38 164 187 56 38 69 71 70 
13 41 127 80 70 53 182 199 149 11 144 189 87 166 20 116 173 117 164 100 90 190 110 27 13 164 160 139 174 145 157 31 185 14 115 37 57 29 105 18 78 37 29 161 187 169 162 45 2 42 176 50 3 68 75 159 69 183 88 88 14 137 22 34 183 109 70 41 18 192 184 180 90 161 118 60 64 24 113 136 65 117 71 115 179 47 178 48 153 53 20 164 176 115 48 62 88 133 162 167 40 103 152 99 41 52 6 129 7 34 82 4 25 23 39 147 41 178 132 187 77 54 112 152 158 
5 153 11 19 177 197 23 79 114 131 19 113 14 110 95 21 170 72 121 181 133 129 73 57 168 199 20 24 152 16 145 105 114 151 146 105 121 130 42 56 91 27 164 83 22 36 92 62 107 96 187 103 134 121 129 151 155 164 182 189 15 64 81 173 26 127 189 183 188 75 27 46 187 11 37 97 142 9 149 170 187 12 170 82 14 47 90 94 139 125 86 164 180 180 175 71 195 22 95 121 138 172 134 193 68 74 69 14 122 102 128 65 163 27 49 200 135 156 43 153 104 93 132 120 30 
89 55 67 63 188 169 102 184 89 6 159 64 102 69 165 188 93 92 97 193 2 54 11 19 198 171 84 156 114 49 156 45 148 194 58 147 37 2 12 199 27 1 28 115 86 140 95 103 187 184 110 151 149 26 22 195 117 167 80 166 56 164 100 6 138 35 52 62 92 100 122 167 158 112 50 146 141 16 146 34 181 199 91 69 75 6 40 159 68 142 68 146 4 11 20 10 93 8 79 139 69 136 21 185 15 128 60 190 100 117 101 156 25 138 183 66 133 110 136 33 29 179 9 127 160 
15 10 64 18 172 133 154 152 77 160 114 60 57 151 147 110 166 180 87 181 112 39 21 163 6 21 100 110 56 13 91 143 188 151 106 64 187 154 198 196 62 98 70 164 45 133 195 49 126 160 180 14 200 72 58 45 158 21 156 135 53 194 66 70 176 165 173 114 41 41 18 44 146 107 146 156 171 191 8 135 190 165 198 161 190 2 176 155 173 181 48 81 185 57 196 55 84 60 63 164 3 50 120 142 1 94 18 114 108 60 6 124 123 150 132 154 63 200 34 60 157 80 57 20 130 
97 9 151 23 141 86 190 19 107 30 115 167 102 154 68 5 37 194 163 96 158 20 165 76 22 4 58 43 68 195 23 119 107 150 178 50 173 114 167 81 137 53 115 164 114 147 187 73 97 120 23 58 102 49 117 130 14 112 42 107 57 16 165 129 42 116 116 134 148 145 136 89 138 44 28 161 143 146 152 138 114 51 149 145 34 39 4 193 88 162 99 37 125 133 112 166 63 75 47 70 44 180 144 93 157 149 37 20 151 152 40 176 175 125 19 199 141 179 163 163 134 174 27 109 84 
137 74 157 147 10 113 102 127 65 192 199 21 90 2 125 113 122 200 86 87 79 121 6 107 63 163 160 191 165 138 109 177 35 196 34 102 105 23 32 167 121 114 61 168 21 26 44 101 173 169 39 81 109 96 166 167 114 117 145 181 28 58 138 169 114 9 172 113 95 97 62 126 108 170 171 92 142 42 157 192 129 53 160 178 98 18 184 99 26 167 150 22 91 153 174 61 140 137 115 94 133 15 29 141 163 14 20 157 179 36 91 78 65 99 121 151 94 153 178 197 69 69 94 53 61 
184 93 2 17 172 84 137 64 61 5 169 58 158 63 129 101 164 25 87 98 79 5 87 116 88 13 81 19 26 56 88 149 140 192 75 75 148 113 29 60 45 39 160 41 11 89 153 121 200 92 141 196 95 109 11 148 50 87 6 163 115 108 84 130 83 80 49 79 53 167 116 38 141 180 142 24 35 173 101 5 95 25 51 124 77 20 131 161 120 196 117 14 39 155 48 127 34 96 53 177 81 31 145 153 194 147 11 3 170 60 70 97 178 195 44 133 142 105 68 180 136 73 11 41 84 
196 36 189 147 109 100 110 196 2 196 22 120 119 160 37 130 146 68 72 164 152 178 110 20 55 109 73 144 19 127 162 52 181 179 106 22 163 24 118 78 68 72 37 185 96 194 59 156 16 84 36 82 174 159 5 29 84 135 41 166 40 166 30 68 50 126 50 161 143 83 159 172 54 191 74 59 112 193 120 62 161 172 131 140 34 105 4 16 14 130 180 76 96 149 80 42 200 85 22 113 61 47 77 157 40 127 193 47 81 48 176 82 21 64 130 101 141 68 66 188 22 177 195 82 28 
25 9 131 97 130 176 27 85 32 96 200 113 57 138 12 80 100 100 131 176 92 187 199 151 45 50 162 46 178 180 125 94 69 141 132 175 151 71 38 41 61 109 102 169 157 57 20 160 8 194 184 146 70 24 159 113 193 200 90 73 70 79 114 114 47 98 48 177 67 18 107 68 71 173 123 132 100 72 168 80 8 60 52 99 163 5 158 106 38 34 12 199 131 118 54 38 16 149 171 171 8 192 38 3 90 29 129 155 70 72 185 140 44 98 191 120 190 149 109 52 173 84 199 144 42 
99 175 18 66 60 47 124 146 115 62 103 134 103 103 102 38 10 37 125 110 163 30 155 182 49 7 144 6 163 71 81 143 15 60 124 43 80 110 26 157 32 149 162 188 183 140 65 87 48 49 5 47 23 63 103 68 186 145 145 196 113 7 60 126 87 133 112 35 20 85 83 41 150 26 138 25 114 133 8 98 163 67 123 101 43 117 181 60 43 199 80 96 74 131 86 150 131 93 141 192 121 159 186 77 34 16 37 161 60 9 133 132 132 192 47 191 165 81 166 16 186 185 145 51 26 
144 6 168 200 30 63 19 95 73 172 64 3 118 118 41 89 75 34 108 135 32 96 142 81 8 109 140 29 131 70 24 75 93 129 138 199 152 60 122 49 182 68 100 195 194 15 5 178 108 89 83 182 160 119 197 1 3 92 191 81 45 4 49 14 113 85 199 150 138 141 61 129 91 170 189 74 28 154 103 175 169 52 81 105 158 160 197 17 50 84 26 135 6 8 94 36 18 125 124 135 60 153 190 158 181 56 114 85 34 165 160 73 143 124 129 34 38 193 57 93 190 23 89 120 145 
129 175 143 75 187 15 107 1 137 107 70 191 165 8 24 117 2 139 23 32 6 164 75 166 67 188 114 25 62 184 81 87 183 103 3 196 82 145 86 14 47 42 83 198 39 146 10 182 53 59 104 25 86 115 161 24 24 43 190 163 191 133 53 36 79 7 185 131 92 129 9 194 108 129 192 108 62 103 132 88 71 87 172 152 149 80 56 123 121 194 84 153 41 189 91 118 19 182 149 144 137 136 47 134 24 140 35 55 127 94 78 43 197 65 112 190 60 118 46 43 114 89 118 134 5 
190 158 184 67 108 130 24 40 141 75 171 68 34 44 135 34 165 79 68 5 114 163 154 188 132 194 16 3 74 142 175 167 39 128 168 151 180 125 15 69 158 87 133 35 44 163 38 163 92 170 112 53 179 5 9 163 82 164 4 45 122 41 108 137 80 179 122 117 54 69 195 160 141 104 87 20 23 68 48 118 82 52 10 114 197 105 102 60 52 95 36 36 194 17 41 46 79 113 139 82 196 43 106 15 134 105 168 129 168 3 67 63 127 35 126 126 177 161 166 24 51 25 103 63 11 
60 55 91 44 174 127 28 19 91 183 67 165 90 37 181 119 78 18 10 74 100 7 147 128 21 116 124 13 23 183 32 9 136 51 71 105 34 143 187 1 12 117 152 157 50 186 174 138 186 111 117 69 105 178 98 28 125 129 192 109 69 7 60 25 100 9 49 136 35 94 49 32 147 9 145 65 200 196 17 146 22 63 70 107 137 176 25 158 108 41 119 109 155 93 55 138 96 1 179 60 28 181 55 79 115 7 187 126 38 172 179 119 154 63 18 130 106 23 69 162 169 96 57 97 108 
73 81 194 169 143 122 48 102 4 178 69 83 158 151 22 97 46 132 196 61 137 19 60 187 154 178 141 59 84 16 12 76 15 80 137 192 184 104 167 193 172 31 109 193 58 183 117 168 28 63 63 189 68 108 20 29 128 102 169 191 88 158 116 21 174 146 25 181 199 141 186 180 91 95 89 196 122 154 153 43 166 23 99 173 41 22 124 71 55 188 80 137 113 47 52 82 108 75 3 46 73 119 80 137 99 107 15 59 68 1 156 142 7 57 160 188 119 137 73 189 38 112 172 85 135 
4 44 89 6 82 175 8 196 62 39 157 148 150 120 10 31 72 39 122 94 40 98 1 53 179 148 125 101 86 51 25 131 80 134 111 134 53 3 130 94 193 111 144 126 93 137 88 194 194 110 153 181 161 98 196 57 131 160 24 156 142 151 119 87 84 66 193 107 89 29 184 20 124 44 22 135 8 106 83 200 171 101 112 137 110 178 5 74 186 1 122 164 126 112 177 167 82 128 39 111 149 120 79 138 47 91 72 9 129 130 83 152 149 176 77 159 3 196 82 58 148 198 198 145 65 
47 130 69 48 54 28 142 121 75 155 182 138 155 157 188 58 27 41 30 64 85 196 2 142 32 191 16 85 105 111 86 19 145 49 24 131 93 150 120 32 47 10 157 155 131 190 165 9 184 121 15 92 189 69 168 172 180 107 194 181 109 128 193 173 64 197 164 79 122 147 117 104 46 196 104 41 52 180 48 67 51 126 190 159 102 53 42 33 130 131 125 46 39 39 151 127 199 18 36 148 19 43 15 33 182 46 47 134 68 150 78 106 11 73 33 137 70 45 82 35 51 12 28 32 163 
92 82 53 163 32 172 149 66 177 171 9 35 199 185 112 95 56 191 104 58 139 27 8 107 105 98 68 112 74 192 103 75 31 188 157 46 70 68 42 198 24 100 86 106 65 60 25 167 137 42 28 150 184 180 67 90 83 143 141 66 48 119 58 105 138 25 67 10 66 14 127 56 61 25 79 77 5 28 64 198 191 169 102 125 46 76 105 40 147 108 16 98 169 77 181 10 120 85 168 145 150 189 171 1 23 153 13 16 142 68 60 161 192 143 129 138 32 97 197 17 57 56 1 173 54 
116 136 155 99 41 111 135 59 151 169 42 20 33 16 192 144 23 138 156 52 83 176 178 134 42 144 197 174 139 109 38 76 171 61 96 123 40 23 191 74 21 126 42 61 198 186 15 36 75 162 4 54 9 133 137 125 75 102 161 30 156 168 72 200 67 171 163 25 72 86 158 29 64 73 103 11 135 125 188 24 92 186 46 128 175 24 47 164 36 2 15 47 74 104 163 133 150 104 80 160 37 41 108 13 171 180 44 165 168 141 141 196 59 102 174 90 155 175 82 78 116 29 49 82 16 
85 164 107 134 29 57 90 2 79 100 123 100 184 189 136 148 162 146 145 178 192 5 174 31 39 66 7 195 7 192 91 22 124 31 30 140 140 68 167 192 133 83 190 62 51 42 196 177 180 145 77 37 38 186 180 171 48 34 170 135 17 105 150 167 161 114 1 196 190 134 7 8 70 133 96 14 160 143 193 22 42 73 56 32 18 6 116 80 83 173 146 15 61 149 98 136 128 154 22 136 152 81 184 160 10 90 129 79 160 52 1 110 63 127 186 111 121 104 53 67 184 36 98 9 151 
124 31 144 74 119 81 97 71 39 59 189 124 50 38 152 148 96 183 155 84 156 91 125 173 182 151 128 185 125 193 78 22 14 126 95 41 182 82 139 11 152 159 187 73 200 22 57 192 28 36 151 35 64 42 111 148 13 173 120 73 51 108 34 193 49 21 20 50 86 72 62 134 170 11 104 63 44 39 134 102 60 60 162 114 3 85 59 153 76 161 115 173 106 96 18 125 103 77 145 3 188 187 188 148 64 56 189 160 197 167 11 187 183 194 82 14 200 6 26 182 18 156 110 151 107 
119 91 7 177 76 46 85 67 69 178 125 125 116 2 177 137 188 3 200 153 156 108 184 145 147 29 45 90 179 69 179 196 77 134 126 45 70 192 50 79 103 117 29 89 152 148 19 55 126 10 61 154 144 184 117 40 92 14 191 177 29 111 147 2 5 46 197 53 89 69 194 160 126 122 47 37 128 158 141 135 140 162 38 176 115 128 28 63 125 45 95 110 73 112 106 48 39 78 69 159 187 77 24 138 70 108 5 199 14 134 32 132 16 32 72 193 166 76 194 129 122 179 185 26 110 
4 196 51 194 130 103 43 86 163 79 104 163 28 34 76 186 136 127 191 94 45 100 185 117 199 22 186 107 35 111 8 98 176 20 191 30 160 120 63 33 21 31 180 165 147 55 42 179 132 139 120 100 28 53 49 92 189 38 77 144 115 102 121 61 134 165 129 178 117 91 122 31 99 28 94 171 158 87 19 185 153 75 166 171 190 9 30 165 119 123 167 19 186 126 64 152 3 192 182 197 57 91 168 142 152 48 184 105 70 49 76 143 151 92 153 121 55 183 101 64 48 162 184 131 148 
170 149 109 35 176 165 23 98 103 48 135 102 70 105 42 87 15 113 167 182 198 87 64 46 77 48 72 37 161 14 189 27 128 83 54 55 81 149 71 157 125 195 98 128 162 31 11 198 26 165 178 149 62 168 84 63 24 71 161 103 112 118 143 16 106 194 76 133 144 36 5 9 17 182 27 29 40 103 163 20 71 51 170 19 105 104 133 149 123 96 46 11 97 80 10 154 170 14 21 170 122 71 142 20 123 63 125 155 51 107 41 115 7 31 126 28 103 8 107 61 138 131 178 86 175 
60 74 177 5 63 59 2 61 97 136 163 78 6 126 159 50 5 183 134 123 92 86 20 140 192 115 162 195 121 28 107 156 184 158 4 72 28 48 134 99 115 31 66 174 113 81 152 1 142 166 102 37 136 63 56 44 38 18 195 52 193 20 12 70 144 81 79 20 193 161 111 157 31 123 194 90 141 54 106 74 16 199 174 15 107 125 170 49 156 45 57 110 138 186 38 177 15 97 13 33 109 108 37 44 87 94 75 91 196 87 58 112 117 40 100 150 6 22 96 120 16 46 195 73 93 
91 63 112 126 104 143 58 68 22 58 13 56 135 40 68 58 176 1 6 121 110 144 74 159 3 135 177 118 194 136 178 140 95 67 96 166 174 31 120 190 162 41 51 88 154 63 6 76 97 78 127 158 86 44 27 158 174 43 159 156 144 102 71 4 109 126 83 67 175 35 66 3 66 76 31 23 183 144 80 197 29 127 200 195 4 6 74 131 184 104 63 117 171 87 128 191 7 60 63 48 171 11 124 37 123 188 119 167 153 96 135 193 143 23 49 20 8 133 95 43 173 27 179 183 79 
65 54 182 199 144 98 92 134 21 108 122 91 58 184 61 100 82 174 170 33 135 22 169 50 158 123 142 3 126 177 99 64 17 193 105 110 155 142 124 42 51 91 152 180 85 17 33 159 163 102 171 187 16 133 10 195 109 138 138 66 177 77 52 159 180 34 45 133 61 88 47 170 10 78 42 199 50 173 34 40 23 75 171 114 74 133 150 182 33 37 81 94 107 67 144 160 88 6 71 126 106 67 64 126 114 179 57 170 77 191 58 131 65 114 138 38 113 68 38 60 66 194 165 161 169 
70 187 139 167 64 106 119 116 97 86 86 47 29 39 117 121 199 76 14 29 34 116 117 118 105 182 55 104 172 147 61 98 200 30 12 161 15 48 37 109 69 174 68 3 185 194 48 145 91 109 15 129 48 117 171 121 124 77 21 36 146 163 196 55 183 95 26 186 138 150 104 151 164 158 24 172 146 92 83 135 1 73 131 30 165 39 190 47 141 35 195 15 183 57 164 166 56 198 168 85 127 36 85 135 117 175 163 114 92 119 45 91 82 113 159 166 184 121 113 61 148 22 60 71 186 
76 176 102 176 200 187 5 82 184 97 85 32 126 188 179 36 134 147 75 112 77 123 42 98 164 188 147 24 65 85 25 15 90 149 113 10 45 200 9 79 67 3 47 51 152 115 127 24 154 185 154 83 169 26 132 179 170 179 31 121 58 123 45 55 58 80 134 147 46 185 42 175 172 140 61 55 90 132 127 69 159 152 163 140 47 4 103 41 153 28 160 161 5 40 100 129 158 33 61 151 173 45 108 145 154 129 50 35 141 115 133 63 75 61 64 121 104 26 106 119 17 178 7 34 160 
31 176 3 80 170 145 22 135 31 99 155 164 59 162 133 18 86 200 156 140 78 7 50 50 68 157 38 37 93 97 16 178 136 158 2 54 33 101 23 163 106 97 16 141 149 167 200 15 60 154 187 10 33 27 29 69 180 137 139 122 156 155 92 75 169 187 85 6 179 169 109 76 197 54 5 47 89 155 61 3 47 138 175 26 191 99 22 91 150 157 94 58 35 129 135 41 87 113 89 124 105 1 107 18 177 80 198 11 184 43 151 11 59 114 49 137 52 128 176 147 150 168 5 55 138 
195 55 109 187 49 141 105 154 198 52 29 186 147 178 103 40 107 99 75 32 159 92 123 70 68 14 151 18 176 111 143 12 42 120 195 100 138 152 193 60 32 77 114 76 46 84 180 88 48 7 129 134 53 64 3 171 111 123 131 172 41 152 146 194 93 177 98 188 186 136 124 39 61 98 164 28 84 180 166 191 45 61 105 48 89 145 4 194 185 87 124 109 32 180 87 135 80 145 29 22 148 110 122 59 39 72 30 38 111 167 185 3 69 133 65 153 14 158 119 30 10 170 135 32 177 
92 85 178 55 3 34 122 145 147 74 199 127 182 116 158 191 67 6 139 121 19 69 156 169 55 126 155 137 182 163 171 114 18 50 175 188 67 67 21 90 60 159 93 71 5 154 26 149 164 157 105 9 96 15 110 167 101 193 135 162 17 170 122 83 165 151 135 178 160 51 38 31 141 38 144 16 180 72 36 118 7 55 52 89 159 32 198 43 121 157 104 20 35 121 159 93 18 40 113 148 3 145 193 117 127 42 186 198 97 29 41 122 51 101 106 135 40 183 143 162 144 184 108 23 47 
38 83 106 90 102 129 53 91 33 120 59 184 24 189 190 77 98 153 178 14 146 86 89 171 25 126 5 130 5 108 185 33 109 46 86 64 3 103 37 120 104 116 68 145 119 165 94 83 67 89 168 155 38 39 136 156 101 133 155 51 141 179 83 125 29 52 76 40 66 183 101 78 104 130 125 195 182 6 189 80 164 101 103 112 168 130 72 165 2 108 47 181 80 69 11 140 164 167 47 3 102 165 48 90 86 9 106 149 196 135 123 58 29 147 66 56 3 102 181 178 55 115 3 127 83 
185 191 123 61 131 138 122 96 127 38 16 100 72 51 77 25 41 189 106 110 33 145 165 101 53 151 125 101 15 110 198 140 8 32 126 162 146 86 45 133 142 112 169 162 170 190 32 110 132 96 184 164 176 32 192 190 57 175 8 164 70 106 133 87 21 102 110 58 29 74 123 71 188 3 151 80 144 48 143 17 68 81 121 23 110 106 23 22 58 11 194 15 118 187 11 113 78 74 30 43 54 93 112 84 140 82 40 146 165 107 111 100 119 61 80 48 5 115 196 82 29 135 158 15 59 
145 80 146 46 61 47 174 34 181 68 98 30 117 153 18 104 20 11 103 44 107 78 27 119 90 49 14 181 109 122 105 95 13 21 46 46 86 153 137 198 111 191 122 186 47 23 84 106 195 159 96 62 183 21 95 116 53 8 105 167 117 73 78 193 120 195 172 85 134 36 60 46 92 126 80 1 28 110 167 182 22 93 36 46 2 101 29 121 68 102 93 140 83 45 134 32 123 93 93 135 78 49 124 115 38 30 88 87 113 112 22 72 60 143 97 13 171 48 59 50 99 19 156 137 198 
160 106 154 154 91 110 9 38 61 77 151 95 167 58 30 164 73 189 44 33 62 49 172 197 51 18 178 159 120 8 6 62 118 160 161 37 151 179 136 24 99 47 163 28 188 173 117 12 43 31 153 117 5 43 131 194 57 13 51 151 106 147 13 96 173 137 163 5 11 142 73 87 182 168 53 106 168 73 134 93 49 20 121 194 190 103 121 138 146 62 198 43 32 30 69 73 25 170 130 95 137 195 161 165 171 127 80 139 142 171 181 98 31 175 165 197 117 41 7 142 180 167 64 81 129 
95 174 67 2 45 44 153 62 128 65 150 3 184 121 183 193 76 119 106 117 67 106 34 88 145 76 126 186 90 141 28 138 85 108 148 134 104 170 73 187 1 27 125 128 29 161 128 152 3 108 62 166 162 82 82 195 70 146 114 154 133 91 132 48 135 191 10 125 88 181 24 143 26 146 148 184 55 17 102 56 141 157 22 194 93 13 125 161 78 44 194 120 93 193 100 56 45 49 78 88 143 92 63 101 167 61 2 21 143 35 133 147 90 11 30 68 81 68 75 10 9 200 187 62 130 
85 199 76 65 169 93 46 72 94 134 193 186 9 141 2 7 191 185 121 105 111 193 50 79 67 171 133 85 26 193 6 150 198 180 125 45 182 162 129 127 64 111 26 184 84 51 66 85 163 91 56 104 12 29 73 24 130 157 133 71 138 16 80 58 138 114 181 200 167 21 35 54 44 176 5 172 14 108 80 48 117 191 120 159 46 112 43 157 138 88 152 32 37 35 45 55 137 3 18 89 124 123 189 174 160 170 175 162 29 33 28 33 157 53 103 111 187 102 3 39 182 171 158 134 81 
40 54 27 170 139 87 88 176 177 183 193 148 115 149 189 85 174 168 160 36 57 154 196 151 54 48 13 73 190 185 139 139 157 191 109 83 161 112 56 35 162 193 114 48 52 149 193 174 182 140 99 82 75 166 133 148 138 103 24 171 16 85 107 26 43 66 57 24 75 157 111 4 73 68 22 142 141 53 33 50 90 164 133 114 121 87 126 200 195 65 57 66 50 169 68 52 28 167 180 92 2 52 41 127 14 108 95 38 2 33 5 99 191 87 184 72 130 170 43 14 92 163 172 86 123 
65 65 147 111 24 7 76 169 120 55 49 113 38 18 101 192 174 158 133 112 185 173 177 148 21 180 182 19 159 51 61 197 18 128 159 200 12 79 156 23 65 42 37 198 138 38 58 2 50 108 196 19 138 160 40 28 166 62 182 82 138 158 68 174 183 134 148 23 199 140 160 189 127 99 57 62 180 136 70 104 142 105 87 157 167 161 19 180 3 22 200 109 66 52 160 52 25 27 77 13 173 31 108 190 97 184 81 29 186 62 115 85 166 142 15 187 98 142 122 61 145 119 60 181 97 
10 28 38 176 37 126 136 80 132 102 14 26 30 68 95 91 76 40 88 45 191 36 112 113 70 139 79 70 49 188 164 129 24 100 105 42 72 56 92 161 148 92 100 111 160 168 166 148 49 178 29 79 61 72 97 172 152 159 148 7 84 185 56 30 31 170 108 65 132 141 128 57 61 107 171 62 164 79 161 167 8 108 95 75 162 28 44 58 24 126 140 18 183 161 189 2 181 172 12 169 120 140 170 144 134 27 187 138 55 60 2 62 122 131 121 43 37 81 126 15 126 53 137 117 40 
45 147 153 112 89 95 166 26 149 142 70 66 153 96 11 74 151 10 96 187 151 51 45 87 197 145 158 19 29 57 179 58 136 140 179 139 58 176 184 106 192 72 3 24 21 100 200 122 105 180 69 72 117 10 33 83 197 4 34 37 169 38 24 182 168 49 135 44 97 171 134 183 111 84 164 71 119 29 56 96 116 88 93 13 140 188 99 173 163 1 48 106 69 13 59 3 50 156 80 150 139 24 180 92 140 110 165 87 68 145 80 129 104 127 73 170 139 57 24 99 184 175 36 136 118 
67 138 191 121 187 57 37 2 87 132 5 155 44 163 1 127 173 119 88 7 176 101 5 80 181 22 23 125 34 97 188 94 70 54 198 136 85 189 42 58 81 76 119 81 187 18 117 174 48 152 139 77 128 96 25 66 7 84 37 144 34 163 103 95 42 183 31 35 64 149 96 153 10 36 34 126 161 68 92 100 196 71 6 126 157 188 195 82 95 56 48 66 39 199 96 174 174 133 12 29 183 100 184 17 186 38 116 170 101 1 148 107 131 53 196 173 71 118 200 144 160 122 164 174 79 
26 145 47 58 88 21 61 126 32 5 138 112 197 144 29 58 74 118 156 59 156 145 199 85 71 101 121 81 95 199 81 25 26 72 159 84 73 97 50 148 142 139 45 125 99 196 148 125 103 198 30 87 24 119 197 86 1 69 166 139 81 39 163 108 178 40 148 5 175 179 72 28 187 151 151 120 56 39 35 57 155 72 194 35 171 19 80 142 67 13 91 131 186 200 17 40 20 106 106 192 45 83 71 185 78 13 85 136 130 45 26 93 191 39 72 99 142 110 124 122 43 89 122 148 116 
111 102 25 198 131 65 194 140 67 134 190 12 187 145 59 148 182 78 123 106 52 53 145 69 8 16 100 191 59 103 101 184 18 154 112 118 55 11 198 72 188 105 51 200 142 27 112 27 182 197 133 181 124 175 120 52 165 101 81 142 160 4 17 117 165 153 100 29 1 118 42 179 68 46 190 183 59 24 155 107 96 178 51 192 133 48 193 87 147 111 41 90 111 90 28 40 36 119 40 138 70 33 180 159 42 140 196 12 36 138 65 22 149 152 1 186 105 44 150 54 76 126 191 29 31 
