75 6
0
1
1 66 162 -258
2 71 78 227
3 82 16 50
4 97 23 235
5 105 28 105
6 172 60 292
7 184 200 184
8 231 91 777
9 240 123 978
10 243 139 521
11 247 167 581
12 277 75 277
13 281 49 673
14 338 84 1010
15 375 167 1711
16 401 45 491
17 487 197 487
18 515 32 451
19 533 104 325
20 589 157 903
21 658 180 1738
22 677 184 677
23 733 153 1957
24 734 10 794
25 785 92 785
26 787 72 1219
27 930 44 1282
28 995 189 617
29 1091 120 1811
30 1113 183 1479
31 1127 36 1271
32 1197 173 2235
33 1308 78 1308
34 1386 123 2124
35 1398 128 1910
36 1464 22 1464
37 1479 94 1667
38 1522 148 1226
39 1531 51 1837
40 1616 147 1322
41 1699 198 2095
42 1755 122 2731
43 1802 92 1986
44 1885 109 2321
45 1907 169 3259
46 1914 24 1962
47 1943 66 2207
48 2019 94 2207
49 2098 112 2994
50 2100 94 2476
51 2103 50 2303
52 2113 40 2193
53 2127 26 2335
54 2157 156 3405
55 2159 175 3209
56 2179 178 2535
57 2196 160 2836
58 2392 146 2684
59 2434 3 2446
60 2505 12 2553
61 2593 195 2593
62 2712 134 2980
63 2785 71 2643
64 2899 72 2899
65 2937 168 2937
66 3007 40 3167
67 3035 33 3233
68 3072 22 3204
69 3073 168 3745
70 3143 200 3543
71 3169 94 3357
72 3212 39 3290
73 3231 89 3409
74 3324 100 4124
75 3410 19 3562
15 98 83 78 35 60 136 144 156 68 11 119 58 47 3 2 101 7 23 73 38 38 70 192 195 68 143 157 177 107 192 102 48 89 168 36 174 25 184 83 58 135 171 11 172 151 71 143 59 113 11 166 46 125 184 164 194 198 182 5 29 181 120 169 193 56 145 48 131 98 97 29 197 50 85 
57 110 131 135 7 72 3 142 109 15 184 37 146 109 146 163 22 17 63 42 110 128 69 172 146 128 120 163 63 125 175 29 129 140 164 175 197 181 40 199 1 142 179 13 75 49 21 126 192 32 64 99 165 60 88 75 190 189 55 105 160 30 33 172 129 140 88 28 86 119 20 113 29 11 190 
122 72 38 86 36 12 179 80 79 152 26 173 153 69 96 84 42 28 6 27 61 38 7 128 191 42 115 4 15 30 118 57 183 170 134 28 86 83 50 26 113 159 188 150 88 55 65 94 111 146 161 66 8 14 147 135 186 190 13 125 185 143 79 48 113 162 192 27 184 1 114 22 45 5 196 
149 165 194 111 163 144 158 6 27 64 58 139 21 20 19 75 82 137 24 188 103 140 56 107 165 90 36 147 66 109 196 125 15 6 2 121 141 37 187 112 144 67 16 152 9 193 123 67 79 137 137 66 37 70 108 19 3 42 39 160 154 27 172 34 141 90 48 49 107 169 151 141 94 10 67 
83 125 63 199 159 56 85 17 19 126 112 78 116 39 178 68 86 57 193 25 21 63 17 124 86 118 43 170 32 120 104 132 174 182 126 79 103 145 124 139 194 98 52 163 66 49 180 121 72 189 120 49 166 75 138 14 153 77 112 127 159 169 187 125 98 48 28 187 143 12 198 184 179 152 100 
159 143 152 101 63 24 113 135 62 61 99 108 92 184 179 158 77 94 64 21 15 128 43 197 175 113 4 185 121 146 77 68 181 132 140 200 35 47 27 128 195 78 82 7 6 112 177 140 164 132 64 79 35 122 134 98 27 13 199 19 192 181 165 171 91 40 142 198 162 4 58 123 162 103 25 
8 89 23 129 70 179 113 31 102 28 198 180 32 21 166 27 12 181 196 33 95 40 189 50 173 143 180 100 50 188 172 131 105 156 23 92 167 104 148 182 67 18 6 107 174 192 45 153 129 120 78 188 139 143 4 11 130 7 99 172 123 192 9 73 113 132 139 107 107 46 60 47 26 87 1 
117 153 44 83 175 45 156 30 129 175 172 8 66 61 138 43 148 135 144 142 69 83 35 160 107 139 161 174 98 74 37 24 122 28 45 36 70 141 133 165 103 100 120 26 91 112 20 4 1 155 166 13 127 89 158 93 178 192 153 153 68 193 98 126 186 131 35 77 154 190 112 57 125 12 147 
63 105 177 53 71 190 164 31 87 126 113 147 2 152 50 140 77 166 29 89 55 18 47 188 32 69 143 134 126 30 1 92 86 193 176 165 133 13 107 145 180 125 24 135 58 154 136 75 7 101 135 104 120 52 55 72 13 17 63 189 175 23 32 117 83 75 78 6 126 116 164 76 73 158 70 
160 128 121 102 106 146 11 156 39 82 18 13 49 65 170 88 115 176 187 155 183 120 115 123 136 69 200 102 139 146 194 36 172 108 119 182 122 198 30 49 60 158 107 47 165 138 95 103 97 160 22 58 139 119 92 162 72 199 107 12 88 103 5 9 193 157 189 184 123 85 193 123 76 50 26 
164 191 199 47 106 162 96 55 73 97 105 195 16 145 140 54 150 153 63 152 28 50 181 16 180 13 200 66 104 170 166 199 5 35 194 76 18 4 109 27 126 196 69 128 164 84 148 41 88 117 159 189 89 119 52 162 26 75 131 83 14 60 54 55 139 146 96 194 77 145 85 93 171 75 190 
61 68 66 127 150 122 147 1 190 22 146 142 20 114 133 174 115 157 44 81 1 103 108 168 40 142 173 113 63 131 148 39 193 165 2 53 58 29 81 62 80 2 94 34 94 66 57 102 108 40 65 124 36 191 200 186 181 2 85 72 152 162 32 197 73 15 188 75 8 137 38 77 174 130 20 
200 98 187 54 16 128 93 159 48 85 119 39 178 7 191 121 17 47 141 169 124 191 75 134 165 41 36 179 137 25 9 10 31 24 45 71 54 33 126 88 195 114 177 140 75 32 82 151 151 50 82 33 147 63 68 50 79 126 46 100 49 175 5 184 57 154 61 70 105 72 43 1 31 96 34 
18 183 124 29 51 185 120 150 115 50 167 8 48 197 145 59 6 105 80 107 43 73 190 114 150 107 66 7 22 64 134 180 90 157 38 86 99 54 57 167 47 198 104 14 186 173 200 44 12 84 73 51 154 156 67 82 61 148 153 177 47 95 199 10 18 83 72 130 9 74 39 117 74 151 145 
104 135 35 144 83 99 145 141 198 90 69 169 84 54 75 99 124 107 191 128 195 173 147 155 134 163 91 90 38 118 82 183 193 98 18 20 37 125 51 130 6 171 82 85 138 50 31 9 62 58 18 78 139 69 152 199 165 160 102 15 86 90 80 175 67 64 125 156 27 161 189 10 160 132 124 
121 57 122 119 24 135 26 179 139 164 88 68 106 66 185 18 144 177 142 83 193 145 16 173 176 66 1 54 21 144 159 70 23 121 63 78 79 169 35 130 123 183 191 139 102 71 136 22 143 104 86 86 190 3 14 141 45 141 120 139 74 11 132 88 77 120 31 192 150 41 79 145 132 123 67 
150 161 102 134 51 31 154 72 150 178 188 73 1 114 83 24 108 97 154 122 142 26 140 174 144 12 105 84 185 113 4 18 116 84 155 145 193 12 151 167 60 71 108 129 82 118 68 75 1 100 191 137 128 190 113 40 129 64 155 140 95 105 75 66 62 123 66 50 113 37 64 7 125 135 155 
43 188 133 46 172 77 120 79 76 6 79 102 3 135 153 158 84 146 61 141 51 22 89 134 95 134 131 69 101 41 127 63 169 188 34 180 61 19 190 107 69 79 183 189 70 87 44 124 171 179 78 81 105 116 105 73 7 34 23 103 39 168 78 21 43 106 11 149 61 44 89 140 79 122 24 
112 8 60 21 43 19 128 116 82 79 161 184 195 142 19 8 10 53 109 12 102 10 76 110 73 76 180 174 156 42 171 101 79 54 173 100 114 18 53 105 115 54 200 172 62 64 149 134 109 154 143 42 6 45 184 116 83 98 140 128 65 185 183 153 3 5 44 119 35 67 132 75 186 44 126 
24 102 131 117 32 38 39 159 91 74 150 52 148 162 17 116 184 145 162 60 170 95 81 123 125 197 169 65 18 40 43 108 56 144 11 14 147 15 38 174 2 159 77 114 56 33 31 110 104 115 104 134 75 24 188 170 127 192 190 169 30 29 44 143 100 32 153 52 18 58 180 147 23 51 162 
116 34 161 125 64 71 82 70 19 29 174 135 157 107 192 65 63 40 153 12 170 37 143 147 54 98 44 168 196 151 188 169 67 175 196 73 144 188 70 103 63 158 49 181 61 183 122 105 178 85 41 135 122 25 79 151 79 198 40 145 199 175 186 56 90 126 48 151 191 57 10 190 36 42 181 
31 177 42 189 85 196 11 37 1 77 104 19 85 158 182 75 170 171 159 158 102 56 31 99 132 166 63 119 95 91 99 114 15 89 6 186 7 104 129 11 144 123 146 30 71 64 146 32 193 81 184 73 135 157 72 188 47 199 151 197 95 70 11 57 17 147 125 188 103 151 189 156 140 57 101 
16 121 72 121 169 53 68 107 30 95 117 85 133 85 179 74 21 188 66 172 113 13 106 103 155 96 60 165 70 92 87 168 148 58 147 152 104 27 135 113 9 131 120 78 80 163 188 115 38 72 9 76 24 154 112 152 8 134 19 105 70 152 108 104 115 90 79 79 139 148 77 19 145 168 172 
25 2 117 178 17 60 151 33 83 141 105 6 156 170 37 174 173 39 12 116 123 76 123 176 90 57 168 128 31 29 160 199 30 18 149 11 149 14 7 33 164 93 8 108 90 179 107 86 85 10 183 131 42 156 156 135 92 191 52 85 30 20 139 158 16 106 44 80 171 156 12 55 187 72 105 
53 189 151 154 2 116 164 164 12 97 101 47 145 32 128 15 74 48 45 7 132 104 65 79 176 186 117 186 19 116 39 197 133 28 120 130 90 66 41 108 144 174 47 24 167 157 182 72 32 69 109 71 46 46 85 54 44 191 159 117 189 40 90 109 10 25 188 64 184 40 21 197 166 118 151 
138 73 192 155 128 156 179 116 40 26 100 1 83 187 154 145 150 34 2 91 11 91 32 125 79 138 130 126 70 152 93 34 67 110 199 40 64 97 175 28 47 188 139 81 141 53 111 1 141 130 75 41 84 166 162 160 137 21 49 174 51 84 148 161 95 81 6 16 104 108 55 151 121 164 190 
94 189 186 159 34 132 3 31 88 24 79 23 28 101 127 108 197 194 65 29 157 5 148 34 86 180 81 180 126 20 123 119 57 154 176 188 74 167 9 114 137 173 177 86 139 102 29 9 65 45 185 164 49 182 141 58 126 183 27 146 196 197 57 24 12 186 47 131 161 120 42 63 110 99 65 
62 188 73 112 31 90 75 110 185 28 181 54 19 148 68 8 54 113 168 161 25 72 12 175 10 6 130 3 66 22 131 62 8 127 38 40 177 164 118 13 168 146 159 50 3 169 148 55 23 52 4 90 74 82 200 92 38 71 189 103 23 113 104 77 80 153 93 172 86 112 146 151 6 56 143 
160 106 53 39 144 197 69 23 111 86 139 123 139 184 148 136 163 198 137 15 170 133 57 7 56 150 47 32 152 23 41 184 20 103 41 149 172 68 123 164 151 185 68 65 138 80 171 44 127 152 129 62 170 119 16 126 62 184 118 79 60 58 199 58 91 45 191 1 186 54 139 188 37 9 29 
137 70 26 17 181 73 109 126 154 57 107 135 121 53 37 147 3 165 161 57 42 21 29 148 8 23 65 15 163 66 132 64 38 95 168 94 143 153 177 47 89 87 140 20 10 193 165 163 75 117 6 132 74 181 193 92 110 88 178 19 53 11 52 13 72 62 189 196 106 1 150 32 133 191 163 
156 165 98 5 135 36 183 113 70 63 15 34 108 169 180 33 200 168 193 145 191 44 162 167 184 161 170 92 136 61 154 175 123 93 42 148 22 126 27 107 36 118 118 24 80 136 137 186 158 139 108 73 119 200 81 191 13 18 14 11 64 4 183 53 138 167 82 94 200 7 37 196 164 198 151 
134 75 10 5 141 25 112 66 43 116 136 144 184 160 103 29 76 115 57 24 125 121 22 115 144 74 132 151 26 15 104 117 150 146 22 6 21 23 15 176 168 135 47 17 159 51 10 139 6 105 195 122 138 114 81 47 188 125 145 148 164 1 120 176 116 133 20 195 11 130 130 114 21 33 153 
42 118 91 161 48 150 40 149 129 8 87 87 163 75 146 97 57 142 117 30 49 168 20 140 53 170 40 92 13 31 151 188 141 47 80 28 51 63 53 26 188 49 125 109 78 25 109 118 129 72 112 194 151 10 28 57 114 46 12 144 89 171 16 53 126 95 108 50 26 44 82 176 76 1 182 
54 191 78 20 120 136 177 51 191 31 40 15 175 121 23 27 58 94 121 78 40 148 47 194 89 82 125 96 38 176 144 42 135 60 38 199 109 188 179 33 51 38 75 108 155 143 4 6 13 83 66 141 84 69 175 14 114 176 187 44 93 73 25 86 97 146 151 198 84 134 157 15 102 112 160 
161 30 47 43 7 78 5 83 98 17 102 106 130 174 176 13 42 44 180 39 103 198 16 31 192 61 41 193 83 179 158 34 91 182 83 125 33 137 84 25 25 78 27 18 129 60 83 127 51 78 176 120 187 101 7 112 197 16 167 71 1 55 93 114 173 66 72 21 158 197 141 5 12 142 16 
101 166 170 20 44 41 127 85 119 142 103 67 194 85 199 25 30 97 106 72 81 113 44 139 95 181 196 61 71 68 176 89 110 22 95 102 45 163 45 54 31 193 1 49 52 13 33 98 132 29 26 191 85 47 182 70 6 98 142 186 193 192 162 67 159 99 166 118 28 103 29 64 38 4 96 
140 1 71 50 162 156 174 65 153 160 161 64 175 13 130 56 9 86 176 58 115 156 127 51 196 43 118 186 133 16 62 45 25 91 55 128 98 54 152 128 188 69 68 51 63 187 186 27 38 138 166 137 95 102 30 85 191 51 120 177 45 160 51 98 116 186 162 99 94 152 175 88 157 98 95 
188 76 87 2 103 133 173 132 17 106 145 149 137 160 74 90 161 168 118 140 169 57 84 70 50 8 95 90 48 108 118 66 120 98 50 159 160 165 117 62 93 95 178 16 1 187 92 81 59 153 145 6 35 191 196 154 5 161 197 38 13 146 135 69 58 81 131 46 28 196 163 47 197 182 112 
158 45 83 100 161 142 131 130 132 70 162 171 99 199 20 194 108 166 115 121 29 75 173 29 107 66 19 73 11 179 68 168 10 58 47 98 85 173 195 13 147 144 180 168 94 131 148 37 56 134 36 112 52 19 71 2 50 190 21 118 30 57 25 48 100 13 167 198 15 101 189 138 24 171 138 
199 3 177 15 60 30 72 119 60 63 58 55 110 105 19 84 188 12 2 34 35 99 30 141 86 82 157 39 27 152 44 163 1 20 18 198 45 35 86 120 111 110 147 121 80 84 37 54 25 7 81 180 144 94 114 13 80 10 84 194 105 9 38 77 149 188 52 80 57 105 120 44 185 94 199 
154 169 169 110 69 86 171 14 109 99 123 6 124 94 191 131 192 58 66 96 107 169 191 132 110 138 113 2 75 56 98 178 53 148 25 58 133 155 40 176 62 117 166 182 24 119 62 174 146 112 59 144 127 77 190 169 84 84 9 10 124 20 71 104 41 94 100 163 78 4 98 61 62 28 172 
196 8 18 44 198 144 144 127 200 11 39 68 175 154 116 120 69 13 163 141 152 135 105 107 73 131 171 192 180 53 117 7 135 21 33 108 13 132 84 129 161 13 183 165 162 26 126 133 122 123 64 125 65 163 144 146 86 55 75 22 65 161 61 137 119 197 97 173 139 105 147 100 153 110 107 
3 48 4 105 78 144 9 139 140 106 172 82 20 103 128 23 93 102 40 131 132 132 9 6 66 100 106 97 91 13 164 105 94 53 199 153 186 148 125 31 158 132 31 185 91 22 81 101 187 131 171 176 122 108 126 128 143 142 53 21 49 162 166 148 31 178 159 20 13 88 29 36 25 178 66 
15 171 126 54 157 22 21 155 104 94 87 165 165 60 178 56 63 195 200 166 49 191 103 198 66 46 85 69 78 26 189 181 28 86 29 166 51 40 26 120 97 29 174 84 18 12 114 48 130 95 148 69 79 78 160 51 149 102 58 14 55 142 7 130 4 196 180 77 183 134 61 11 138 152 194 
131 104 146 74 76 134 87 59 95 138 123 23 138 6 62 188 183 64 21 133 57 184 150 152 156 196 108 2 157 138 11 92 154 139 176 139 60 28 185 72 198 135 36 124 21 19 77 121 68 145 127 24 140 26 90 190 150 183 42 85 101 156 168 89 118 130 18 15 134 22 8 182 171 31 114 
8 17 143 95 186 187 136 189 74 55 114 174 98 94 49 89 189 135 58 170 91 12 140 93 51 110 40 139 185 164 26 116 195 43 135 20 132 74 70 148 58 34 142 141 63 106 164 73 86 172 70 162 2 161 184 55 187 103 169 27 147 114 159 117 64 191 116 44 20 199 168 133 8 100 167 
191 26 115 7 32 135 30 41 199 127 177 173 65 170 178 75 188 73 37 105 30 60 24 37 142 170 124 96 14 83 200 50 131 178 112 92 133 180 14 151 78 22 168 38 46 34 40 183 169 36 103 118 70 132 64 196 99 93 178 84 35 154 173 38 123 32 193 44 79 50 4 198 169 171 76 
121 82 2 63 134 64 146 132 128 76 138 68 196 197 52 102 65 79 86 164 149 117 96 198 182 4 153 53 179 153 126 61 138 193 170 166 200 35 103 35 23 12 61 93 71 194 29 53 62 150 189 73 90 172 60 86 82 55 25 151 70 160 17 41 183 8 172 58 82 174 117 5 176 35 134 
100 44 184 17 145 168 106 80 4 115 58 118 43 32 50 12 64 113 84 144 100 132 137 136 27 165 115 133 99 165 65 111 82 123 129 41 80 50 33 75 152 58 86 138 120 2 196 91 86 31 7 1 159 57 57 177 153 34 94 3 192 176 51 62 138 148 7 12 85 151 97 165 162 141 132 
189 14 179 59 45 124 127 12 122 10 136 103 186 124 167 161 58 123 108 50 97 114 43 15 84 68 76 134 65 102 168 84 164 186 117 138 139 24 40 64 90 193 82 140 66 138 149 104 67 97 132 28 62 14 108 195 184 190 14 54 89 113 74 142 140 105 24 51 132 55 192 23 136 37 160 
107 91 102 75 157 22 32 84 36 118 142 85 98 49 43 100 140 101 191 127 137 5 151 118 93 51 73 152 45 196 60 155 173 198 40 95 86 183 110 96 134 72 36 152 25 37 170 133 175 152 193 42 67 11 12 118 200 137 36 45 16 42 39 72 81 195 134 185 117 99 97 66 99 189 100 
154 47 62 144 172 115 158 163 138 20 46 130 86 73 8 55 46 147 126 154 59 148 144 64 85 7 117 171 30 95 1 17 32 38 61 122 40 2 39 18 59 199 28 147 100 88 142 170 49 141 100 76 72 44 66 142 136 35 51 139 3 175 129 9 113 108 138 169 17 183 53 70 141 143 24 
28 6 197 130 138 32 118 57 43 69 101 40 144 82 106 110 11 44 31 191 135 48 115 10 106 9 190 141 130 149 146 156 127 112 60 1 136 193 91 58 109 195 149 197 6 101 100 141 10 200 197 32 147 176 170 166 181 199 135 41 191 61 97 39 179 171 183 151 165 85 168 127 174 125 142 
146 44 191 93 155 83 194 163 178 153 68 95 60 196 62 188 162 94 23 50 125 130 200 32 189 15 107 5 110 180 199 97 34 73 69 199 44 72 135 16 2 96 169 43 95 31 69 59 44 106 9 155 46 4 135 139 52 179 107 74 27 130 183 139 76 178 19 59 88 80 181 134 28 12 25 
163 105 97 141 116 62 143 25 65 174 134 65 157 117 127 101 134 141 173 193 11 34 115 7 41 108 67 77 4 9 196 33 134 31 158 169 84 36 51 116 39 102 169 93 130 81 125 108 132 26 88 108 149 50 83 141 127 96 81 80 126 57 181 167 108 127 199 199 97 85 167 40 60 38 148 
45 7 101 22 19 124 120 53 136 58 24 105 92 116 123 61 147 85 138 89 76 28 197 49 143 73 112 48 177 31 107 172 100 195 41 164 58 194 8 12 2 4 36 111 195 29 172 35 91 126 45 175 25 112 16 182 10 115 17 148 87 200 102 149 92 135 27 166 125 27 115 73 171 53 144 
83 97 78 168 188 91 189 161 190 139 78 147 144 197 56 139 124 3 55 60 117 138 155 127 187 121 197 146 177 166 177 71 140 31 152 107 174 114 131 23 106 106 32 21 171 112 119 61 138 102 95 199 85 43 142 177 112 170 73 56 152 23 38 61 187 78 135 95 160 1 131 84 164 195 200 
43 154 8 183 103 116 118 50 173 134 153 3 49 41 16 36 32 64 145 12 165 96 147 95 168 37 103 189 43 74 182 141 24 74 193 181 15 8 108 186 161 95 49 17 24 132 189 189 77 56 135 86 174 41 44 170 99 175 111 168 62 85 71 91 71 38 171 86 121 87 50 116 56 121 112 
52 36 140 73 85 99 192 188 83 110 87 137 14 15 179 141 130 21 40 179 63 80 46 96 182 49 155 30 175 5 45 31 109 52 175 98 175 84 131 8 18 157 161 123 175 60 59 94 85 155 37 132 143 105 10 70 17 46 112 162 190 47 94 12 147 46 122 115 109 49 115 98 57 82 165 
51 189 56 30 48 95 92 194 42 96 100 183 195 72 141 138 80 117 148 30 184 175 128 27 84 1 12 176 159 23 133 193 133 45 55 103 36 99 101 131 124 82 75 87 18 191 8 124 23 50 47 176 32 182 37 25 93 182 156 69 122 137 119 133 88 27 200 174 55 128 180 91 145 57 102 
192 11 4 106 82 59 76 136 132 31 173 139 92 178 6 73 200 88 108 92 184 153 85 30 163 40 105 86 103 158 24 24 13 113 153 51 68 156 46 71 32 41 150 45 67 188 71 7 24 189 94 71 171 170 49 74 194 114 195 30 73 12 10 186 80 84 24 124 195 153 69 99 17 99 83 
49 54 21 36 55 59 29 9 145 84 64 89 150 186 57 4 174 165 26 6 78 123 198 51 69 36 92 19 118 49 153 21 103 78 136 191 2 152 55 25 124 8 140 29 4 28 166 50 53 118 135 124 182 151 157 156 14 178 171 6 74 2 100 180 84 108 200 55 169 95 177 26 151 69 33 
82 23 3 95 85 54 25 33 70 177 114 132 186 153 92 99 27 192 79 26 61 154 63 78 165 91 11 184 192 151 190 4 151 177 3 198 19 62 37 193 69 164 121 197 192 145 193 132 185 2 150 37 131 105 42 142 40 66 129 115 173 58 76 119 41 51 99 30 75 144 77 50 15 120 81 
110 64 28 153 70 111 89 177 24 155 134 188 43 200 172 1 89 164 185 168 145 102 154 96 67 60 11 149 105 14 39 130 132 63 24 91 174 60 164 118 199 92 120 111 183 187 21 132 44 102 68 192 89 117 179 54 104 68 126 91 1 162 197 170 134 103 103 146 169 57 129 9 149 84 31 
4 43 19 197 70 112 91 131 68 66 101 88 180 1 68 60 124 8 9 112 55 105 123 106 62 117 53 83 76 36 149 79 165 165 11 94 106 150 181 141 185 90 30 84 135 92 119 8 70 105 71 186 136 112 189 200 90 66 21 129 114 190 171 34 187 84 48 84 101 31 109 134 100 77 24 
8 98 74 81 30 48 51 120 186 17 3 47 61 173 148 72 55 154 149 5 70 94 54 179 176 96 3 60 17 152 54 104 138 71 179 107 55 89 199 137 163 1 157 110 146 168 43 86 37 4 40 83 80 142 128 124 119 32 46 49 109 44 147 57 178 143 119 178 124 45 104 8 52 37 180 
154 4 192 177 163 26 150 18 12 5 59 160 139 109 67 14 20 33 79 69 161 81 147 11 86 85 18 170 83 93 67 31 126 23 93 118 115 95 60 133 178 149 15 159 16 8 55 125 17 160 38 53 33 117 57 23 72 7 112 1 163 46 63 125 175 72 195 121 147 120 53 110 153 18 59 
77 188 74 7 5 48 94 174 85 125 147 193 86 101 69 163 52 65 193 174 92 74 179 155 54 61 59 24 80 59 181 105 112 40 133 76 102 195 34 180 38 142 116 18 89 101 81 106 132 159 124 135 98 100 160 73 168 129 137 20 189 75 53 114 54 147 100 151 127 130 59 85 55 132 179 
5 20 121 15 78 17 112 80 69 75 163 39 40 81 12 54 51 91 198 129 193 165 129 139 153 165 186 26 185 133 183 111 156 199 56 134 72 142 27 132 152 182 170 54 30 145 129 17 154 185 120 53 34 28 58 11 174 34 115 123 189 65 157 96 71 99 100 158 43 199 55 41 50 9 112 
199 149 67 42 191 64 91 191 123 181 174 110 12 105 38 194 38 79 94 173 68 82 174 51 153 14 83 32 183 29 150 129 11 3 54 128 118 95 175 135 58 142 52 123 160 177 145 10 53 151 166 188 190 166 169 149 190 53 137 22 158 141 195 159 75 113 38 76 46 191 82 51 130 162 59 
94 63 136 17 102 90 14 165 62 116 153 111 127 171 170 145 148 23 29 57 89 59 176 54 65 92 66 172 179 142 23 76 187 169 108 150 197 21 33 31 37 4 146 62 9 143 123 198 176 142 6 157 127 82 77 45 87 110 89 153 171 52 46 46 162 111 52 60 25 15 143 143 15 63 36 
14 149 102 59 70 9 58 183 108 84 81 57 18 179 61 168 76 149 154 148 59 1 77 58 87 175 198 58 95 147 153 135 45 91 83 13 172 148 157 60 30 33 109 131 45 55 114 27 70 35 157 198 189 186 67 82 110 33 161 125 100 67 102 146 165 25 12 6 92 179 142 164 138 63 54 
128 67 169 169 158 197 82 58 148 1 114 3 195 29 113 169 23 190 14 89 189 4 127 40 60 21 21 138 49 157 44 68 62 167 65 74 158 56 118 139 103 106 195 94 180 38 34 142 124 115 1 55 183 3 172 159 59 6 141 33 144 64 166 199 123 167 166 65 74 166 62 140 171 80 188 
68 189 180 132 191 75 113 7 118 59 144 156 193 74 199 186 171 117 77 64 120 100 77 113 107 113 47 139 154 113 91 163 53 140 122 95 101 77 63 141 102 136 57 19 9 138 8 87 16 13 71 92 82 35 44 16 13 32 145 96 172 187 110 172 72 32 56 58 180 162 65 79 63 40 95 
75 29 115 89 65 37 107 165 1 143 144 103 64 178 144 45 10 2 27 121 111 61 145 87 146 55 101 31 64 96 169 130 155 121 127 180 188 161 32 134 117 16 18 138 6 58 84 30 92 111 87 185 181 92 21 114 16 76 35 85 57 55 124 115 185 27 197 49 110 104 27 7 56 70 157 
68 168 135 54 49 113 168 150 174 12 83 121 157 189 189 24 120 14 120 178 124 159 53 169 23 90 165 31 190 72 38 49 117 70 157 91 126 173 52 11 179 3 26 2 70 188 72 61 114 130 83 137 158 15 44 41 191 142 115 121 100 163 34 129 176 52 74 99 156 109 14 77 110 63 146 
