100 6
0
1
1 32 31 156
2 218 162 1514
3 311 62 311
4 318 166 318
5 374 84 710
6 399 88 927
7 497 123 1481
8 574 170 914
9 592 44 680
10 608 83 1272
11 614 76 462
12 674 75 1124
13 709 57 1165
14 741 101 1145
15 743 76 1351
16 744 64 872
17 789 2 789
18 828 124 828
19 841 70 841
20 928 183 2026
21 994 44 1170
22 1022 73 1168
23 1071 55 1071
24 1088 111 1088
25 1193 163 1193
26 1197 107 1625
27 1240 74 1388
28 1304 85 1644
29 1376 170 1376
30 1479 116 1479
31 1492 154 2724
32 1544 55 1874
33 1621 195 1231
34 1724 39 1958
35 1740 63 2244
36 1776 88 1600
37 1807 88 2511
38 1829 69 1829
39 1857 36 2145
40 1862 9 1880
41 1974 178 1974
42 1998 188 2750
43 2099 120 1859
44 2163 99 2955
45 2217 164 3529
46 2261 43 2605
47 2277 169 1939
48 2281 18 2281
49 2299 193 2299
50 2311 61 2555
51 2346 71 2488
52 2572 70 2992
53 2687 28 2855
54 2712 194 3488
55 2782 7 2796
56 2844 47 3220
57 2850 70 3270
58 2881 125 2631
59 2893 73 3185
60 2909 161 2909
61 2935 51 3241
62 3005 38 3309
63 3019 79 3493
64 3035 80 2875
65 3094 15 3124
66 3120 95 3120
67 3136 122 2892
68 3186 151 4394
69 3230 128 3998
70 3248 121 3006
71 3279 192 3279
72 3321 49 3419
73 3333 127 3587
74 3339 48 3435
75 3356 5 3346
76 3408 21 3534
77 3423 73 3423
78 3434 54 3326
79 3443 82 3443
80 3558 5 3578
81 3569 127 3315
82 3670 6 3670
83 3676 143 4820
84 3726 4 3742
85 3806 159 3806
86 3979 85 4489
87 4042 150 5242
88 4044 42 4128
89 4118 14 4118
90 4238 96 4814
91 4239 177 4947
92 4249 125 3999
93 4281 48 4377
94 4301 118 5245
95 4304 133 5102
96 4309 189 4309
97 4347 22 4523
98 4429 50 4729
99 4468 3 4462
100 4537 100 4737
81 20 108 112 16 12 81 138 104 163 106 26 52 161 192 73 135 14 156 124 188 110 183 87 5 147 171 140 177 124 177 73 130 164 197 180 146 173 119 33 188 185 150 161 62 28 113 148 66 169 89 140 135 62 18 5 74 118 14 41 43 44 87 31 77 130 91 134 57 42 194 31 29 178 13 129 102 96 125 94 70 68 148 19 159 60 192 75 121 150 52 21 105 177 68 48 25 21 57 61 
110 139 141 191 188 144 57 28 24 85 71 159 114 50 47 178 13 87 155 13 183 160 37 78 3 60 69 106 193 130 150 149 127 88 44 113 152 71 74 168 112 53 130 20 16 108 150 187 81 143 95 128 136 71 82 146 155 53 107 173 174 13 45 11 43 55 89 195 43 122 112 150 32 174 142 76 57 99 169 180 153 159 104 45 58 90 22 35 142 84 191 97 15 23 131 7 125 72 114 70 
14 103 71 55 14 66 67 140 23 65 102 188 19 66 112 6 177 190 112 120 96 61 182 149 52 20 2 41 50 22 11 92 126 184 150 167 49 123 150 178 51 145 130 160 15 199 123 118 110 178 66 177 199 63 57 187 40 188 59 169 190 11 39 183 34 39 54 181 34 91 116 24 8 25 165 33 200 25 136 31 56 58 14 97 24 84 139 101 143 151 17 111 178 190 186 115 135 127 59 190 
56 104 122 45 132 2 96 155 166 131 186 33 139 191 56 50 173 69 72 33 159 107 103 68 69 164 145 49 145 197 37 9 81 143 16 66 74 78 77 186 136 87 117 177 112 91 18 40 3 89 112 32 26 153 23 176 83 52 150 124 126 136 110 170 31 88 194 14 170 22 33 94 159 55 168 76 98 121 188 25 34 65 31 186 6 153 74 184 19 66 154 6 27 20 173 90 197 194 150 16 
55 107 137 194 99 131 53 107 109 134 16 182 149 51 98 164 20 24 101 182 58 51 162 35 64 1 59 146 17 61 54 24 192 154 110 114 64 173 60 164 150 116 80 147 70 169 177 50 61 159 162 75 152 29 65 123 130 163 158 198 72 30 130 11 113 140 71 153 89 43 3 167 138 166 76 199 2 164 132 87 138 135 62 166 166 53 178 11 135 5 22 100 94 40 86 100 83 22 89 2 
154 76 200 139 184 40 7 63 77 112 145 143 76 161 89 48 136 135 195 118 68 178 10 103 7 76 164 28 31 72 4 16 90 138 183 164 197 180 135 166 14 122 164 70 12 35 136 120 131 10 154 68 198 101 143 54 159 167 181 186 114 124 95 27 182 98 31 149 36 176 168 29 155 162 105 163 96 8 179 189 192 54 45 142 49 197 102 129 176 41 117 144 26 126 67 146 169 141 144 183 
18 88 171 12 74 198 43 166 42 197 190 99 76 42 34 134 19 165 41 2 8 156 18 88 1 135 68 99 30 110 176 171 166 144 93 67 155 139 118 141 199 160 152 47 150 137 198 45 38 197 30 132 141 159 19 155 90 196 96 83 159 115 152 1 186 42 74 177 75 64 72 56 51 152 156 34 128 54 88 15 96 117 195 50 9 39 27 146 125 169 52 54 22 46 170 18 192 12 174 36 
122 35 57 124 6 7 190 112 39 87 174 119 120 56 5 181 28 109 134 110 143 32 82 171 52 60 35 151 151 14 36 164 3 23 40 196 157 151 90 152 51 61 157 177 141 41 80 24 114 194 116 161 106 160 147 171 26 47 146 24 176 154 55 158 124 157 137 126 165 18 147 59 53 130 164 55 154 83 66 117 185 68 168 101 121 148 135 86 83 99 178 15 166 66 24 125 64 138 112 44 
65 16 47 133 119 191 72 59 109 156 105 9 130 78 27 68 121 28 25 196 124 126 81 105 131 66 29 183 119 153 195 31 131 53 64 123 138 190 54 127 106 16 184 107 124 10 92 79 44 44 200 118 76 166 168 134 149 42 4 147 22 148 58 68 199 126 54 162 117 112 84 149 31 2 200 14 126 141 116 15 59 182 197 53 87 46 114 139 61 107 24 37 171 148 16 111 185 9 53 165 
38 8 185 27 130 13 139 34 63 169 101 87 5 171 123 37 55 127 144 118 196 66 20 141 50 150 182 27 105 13 17 34 75 186 170 161 193 53 90 22 104 91 141 82 152 189 153 66 192 100 5 125 120 159 137 187 106 114 90 166 104 150 87 12 178 68 123 90 23 137 97 81 24 174 36 61 121 72 64 199 1 47 47 172 68 180 173 104 56 131 5 145 11 145 97 52 97 81 60 41 
137 165 174 86 5 85 34 68 33 30 56 60 60 93 10 58 9 19 156 198 81 119 141 37 53 162 86 171 128 108 140 86 195 178 186 119 35 79 66 147 74 182 115 103 184 4 153 190 157 188 131 181 157 176 188 121 34 123 71 160 38 118 158 130 95 138 180 3 123 154 151 72 63 117 127 142 194 135 196 30 76 84 70 38 47 74 172 151 188 89 170 147 45 132 159 124 74 67 99 46 
73 140 139 186 11 92 158 32 140 76 120 135 135 122 144 138 44 185 179 173 166 11 8 101 181 2 43 197 186 85 148 143 193 119 47 112 130 140 140 5 31 76 180 61 113 200 188 68 35 104 41 171 133 186 113 3 153 45 132 96 8 153 83 35 74 85 71 151 86 55 9 77 73 125 66 61 1 3 188 77 189 139 106 92 122 137 108 23 34 90 76 124 124 126 14 187 20 11 30 70 
136 62 78 130 130 50 104 168 64 83 27 53 126 108 124 176 148 127 76 107 157 90 96 165 179 22 107 39 134 78 166 34 12 166 123 141 130 150 194 14 55 185 186 183 3 38 47 73 22 56 27 25 7 63 94 154 25 20 64 176 125 133 135 121 114 169 112 162 173 175 44 2 136 161 151 63 4 114 67 126 73 189 76 114 95 125 135 130 88 99 73 198 108 167 25 182 177 115 24 38 
61 24 30 131 125 41 198 7 156 6 67 140 158 184 107 98 4 40 196 39 173 13 152 53 86 92 198 17 74 186 125 99 68 184 101 137 125 69 163 43 8 30 165 132 94 66 125 197 194 92 158 113 124 29 157 48 24 23 188 32 189 163 146 185 105 107 20 115 128 26 56 74 181 171 180 175 75 70 122 93 160 143 67 84 34 33 63 111 60 145 198 64 194 115 160 186 147 5 173 116 
61 84 71 119 46 79 126 181 193 200 67 187 104 123 129 66 128 77 30 136 96 4 116 2 64 115 84 41 181 86 73 175 156 122 129 32 45 117 172 12 124 171 161 76 28 124 51 123 176 61 29 6 146 127 117 92 182 91 84 99 171 123 142 125 190 183 78 80 151 192 37 67 126 91 15 147 182 127 129 59 191 94 146 64 4 64 38 140 54 122 22 11 108 52 47 59 118 123 97 138 
138 57 24 113 191 161 132 36 71 72 58 120 163 88 108 78 44 21 143 129 33 147 24 80 74 19 51 184 192 72 186 47 161 68 17 176 79 167 85 91 74 3 61 46 166 36 51 52 165 175 25 150 167 172 59 41 84 24 61 70 81 164 175 73 90 154 193 164 107 44 193 22 196 55 93 12 75 78 197 129 126 68 178 36 12 123 44 182 46 151 118 92 61 172 3 171 148 102 60 150 
53 126 140 38 148 93 80 53 76 108 162 197 47 59 194 157 29 162 44 139 196 145 157 26 51 162 85 143 199 35 89 178 145 12 72 197 151 114 190 178 84 167 189 143 6 198 116 168 119 148 56 89 138 18 115 69 93 188 11 167 169 136 7 190 87 84 17 144 149 96 84 115 102 102 20 55 64 140 140 29 180 134 198 91 182 97 98 76 109 10 80 84 126 86 126 198 104 143 33 86 
139 38 88 62 45 147 162 191 8 32 17 140 7 123 200 153 194 27 185 139 104 101 191 2 7 164 66 120 198 63 124 109 133 21 135 32 200 107 170 196 146 99 68 16 56 27 138 51 13 33 57 160 31 113 8 158 100 47 165 35 168 41 19 135 80 153 152 149 92 136 144 24 45 138 8 177 10 16 109 101 53 56 95 84 95 65 198 199 85 116 162 40 197 180 76 134 74 51 72 14 
95 39 11 84 159 5 135 195 68 158 23 170 18 72 43 132 188 159 97 43 29 147 6 121 23 52 114 92 26 68 9 25 71 115 174 117 148 102 40 94 100 194 39 4 103 153 112 47 108 139 137 73 91 106 113 160 170 41 105 114 155 11 137 15 107 161 56 155 61 121 119 32 162 108 15 136 12 195 200 80 181 120 43 93 27 40 79 27 50 46 67 1 122 112 138 8 86 102 129 168 
168 72 110 31 159 52 128 68 135 11 117 67 40 90 62 141 169 102 127 4 172 115 53 103 42 194 95 77 12 198 135 170 122 161 107 9 169 100 134 128 139 28 92 141 98 196 82 144 148 127 107 130 46 94 128 108 200 50 59 44 128 73 28 129 163 38 139 22 55 55 181 188 180 101 200 177 132 122 198 9 4 48 16 83 74 75 48 81 63 169 131 77 82 87 133 199 75 37 75 130 
120 185 53 72 133 98 120 164 91 188 111 165 44 113 187 65 115 107 25 13 38 198 113 103 81 131 161 92 52 20 67 152 29 136 184 2 119 4 127 66 177 86 65 27 108 20 121 78 29 1 123 156 104 190 142 21 37 112 93 113 93 196 52 99 174 77 91 131 38 157 184 177 142 103 61 30 194 72 6 98 49 90 87 155 136 145 69 24 116 62 106 150 63 130 15 164 174 182 200 38 
61 186 99 70 193 152 164 121 135 146 5 21 8 116 2 126 191 115 132 69 73 144 153 33 105 126 28 121 193 69 75 179 45 132 186 138 165 25 107 168 51 16 97 134 177 152 68 151 49 66 117 58 137 80 130 170 129 128 78 157 75 84 27 192 97 5 47 6 23 33 165 197 157 30 88 17 61 10 152 124 199 1 13 46 149 31 6 145 179 12 24 17 135 188 179 64 79 160 190 109 
164 147 153 36 96 91 148 150 56 107 118 197 147 69 189 178 185 190 108 50 79 136 189 51 34 4 37 111 70 194 117 83 96 91 2 111 114 67 147 25 14 125 53 137 137 137 146 165 119 50 172 150 177 194 71 192 118 4 8 116 115 199 133 88 69 4 117 175 169 129 135 55 121 21 104 198 153 27 20 88 127 13 185 28 195 16 141 56 2 189 31 55 63 101 45 24 197 127 148 8 
142 119 191 107 113 81 44 48 147 49 63 130 75 195 128 18 200 3 44 62 94 93 79 149 153 66 40 2 24 40 144 4 155 99 92 18 2 113 52 129 127 32 131 135 31 51 186 2 45 27 73 34 170 161 42 39 180 179 100 7 20 14 69 169 3 122 187 126 132 129 122 52 158 122 106 191 187 85 144 176 99 80 92 197 174 118 179 53 13 147 2 127 171 147 99 12 178 91 30 7 
172 98 10 28 185 60 69 22 94 134 186 182 187 198 122 199 57 103 147 114 12 61 8 59 2 23 186 109 162 128 122 170 131 86 98 168 20 21 151 46 61 173 143 96 67 85 111 8 195 111 129 10 16 109 184 97 123 13 66 43 140 199 174 181 159 196 133 43 200 81 97 7 98 17 36 14 143 85 51 122 5 198 28 131 53 196 95 130 114 134 75 29 6 122 35 151 164 9 102 50 
175 69 108 184 80 162 150 176 170 78 36 36 126 182 177 128 190 116 24 181 37 115 148 77 50 104 161 16 178 170 85 35 129 130 23 103 88 196 21 15 48 13 130 189 166 92 30 76 52 41 137 32 102 75 55 180 66 113 170 11 137 54 181 162 56 51 156 118 38 55 155 5 52 112 43 168 112 145 169 1 8 165 107 122 122 42 34 123 14 168 64 154 141 69 179 63 188 35 100 200 
184 40 194 83 23 4 64 10 196 54 150 108 78 142 98 134 105 150 95 128 104 19 144 43 135 94 124 185 86 175 194 150 3 194 199 155 79 81 171 130 23 195 32 37 58 10 145 6 119 31 28 98 131 38 165 162 99 60 145 2 27 95 180 129 150 11 18 153 103 175 60 181 56 19 91 167 111 178 56 105 1 30 108 62 3 156 50 184 131 78 45 2 27 69 187 38 190 79 167 187 
54 93 85 148 160 9 146 56 106 197 199 193 57 16 123 1 165 2 69 174 194 61 83 145 46 7 171 55 12 86 13 146 106 30 198 178 83 87 99 192 158 102 11 19 101 150 55 195 12 25 49 151 46 17 189 139 60 65 147 10 196 5 58 135 199 181 32 139 121 79 64 8 163 190 54 58 8 7 51 93 38 117 166 157 71 25 136 148 114 194 132 137 123 147 80 4 102 167 122 171 
79 42 2 111 54 51 58 190 49 86 70 59 70 4 58 102 138 38 40 44 116 167 102 142 44 82 137 100 139 6 96 37 133 186 78 154 37 84 115 152 138 99 75 169 19 191 166 52 7 130 126 9 189 191 107 51 67 45 29 191 173 97 117 94 179 63 26 103 100 183 12 113 127 41 159 156 98 29 101 110 64 29 109 32 199 68 156 18 50 65 114 191 180 27 31 183 99 87 161 113 
83 49 104 108 79 186 42 157 64 144 194 42 122 152 157 196 28 60 166 72 168 141 96 1 113 198 87 183 106 33 64 27 132 46 25 13 198 66 36 65 51 98 152 9 96 184 108 187 15 164 192 24 190 18 181 89 84 168 152 61 93 58 154 53 78 167 200 176 121 85 26 19 70 14 9 121 84 79 73 138 4 105 159 196 118 200 119 172 133 82 126 105 79 89 187 114 87 94 112 182 
5 68 162 197 26 102 150 54 101 139 64 1 141 137 21 167 78 166 115 135 169 61 80 46 69 182 132 71 123 178 34 135 1 103 149 132 35 69 139 92 97 141 185 10 131 6 1 93 197 162 121 7 2 199 155 161 108 138 174 33 4 181 176 65 134 57 113 142 94 44 92 71 70 168 49 198 40 117 127 97 101 113 128 31 52 102 174 63 147 85 40 56 74 191 64 142 51 172 154 28 
132 36 84 164 2 40 92 44 167 86 40 165 40 11 88 115 47 89 2 153 106 143 18 125 200 140 91 137 26 31 156 73 46 75 141 93 186 130 165 160 108 132 91 99 104 22 176 38 48 38 44 80 89 149 174 199 182 166 193 116 123 75 8 140 101 56 169 195 53 2 128 146 153 72 184 28 39 128 27 171 74 9 162 185 8 111 11 70 139 162 137 174 172 17 100 44 93 14 143 68 
117 118 4 103 80 160 187 63 31 11 147 97 166 8 27 86 144 84 188 120 106 38 15 41 161 156 58 113 42 92 34 117 51 51 166 73 42 7 136 51 112 43 181 158 108 52 124 70 59 128 198 85 89 36 106 8 163 137 62 126 40 186 87 70 90 151 106 52 77 118 77 94 143 54 76 35 138 173 173 157 177 193 146 160 101 113 107 183 14 37 134 125 23 140 123 16 86 190 32 164 
191 53 20 161 166 126 141 170 174 125 152 100 197 111 32 188 37 107 174 9 50 50 119 7 13 61 185 60 109 128 33 161 63 22 16 144 124 99 155 193 49 11 144 122 160 52 180 29 13 96 115 131 34 116 57 28 66 88 81 178 33 168 169 47 23 79 133 90 135 170 146 146 4 179 85 47 156 22 17 165 185 82 3 174 55 94 54 84 18 172 14 180 90 67 72 127 198 188 99 42 
71 106 4 23 79 9 96 76 160 17 140 102 180 103 122 26 93 147 25 21 131 127 47 76 157 15 56 66 130 83 190 111 71 28 104 168 16 151 146 12 29 136 185 187 23 171 23 111 192 82 94 26 58 51 37 67 108 129 145 119 15 4 169 26 20 175 63 97 122 186 3 67 69 23 52 7 68 164 192 23 71 77 99 130 9 167 114 39 85 180 159 98 13 22 77 134 78 192 171 65 
81 105 23 81 185 83 36 51 66 183 12 92 30 38 109 34 9 191 54 50 60 19 191 138 90 36 193 199 11 9 81 71 137 91 59 23 123 198 167 126 151 182 75 99 148 193 56 191 102 65 44 2 45 26 115 114 83 64 4 110 9 9 126 69 51 20 125 83 152 118 136 93 187 109 40 184 174 122 196 199 124 150 27 62 130 142 108 149 56 197 177 103 51 128 176 8 62 56 162 157 
12 132 34 188 14 127 89 154 23 199 133 77 132 40 29 90 166 198 150 150 48 190 119 90 34 22 72 113 42 65 21 134 27 20 92 138 118 166 30 64 103 46 168 101 196 17 119 144 196 4 4 73 126 189 71 63 92 190 77 115 107 42 143 17 68 145 94 114 25 57 193 86 120 33 134 39 21 124 13 101 64 153 39 115 78 81 170 51 78 83 17 79 123 95 146 90 111 21 107 109 
3 196 34 182 84 39 60 56 28 5 47 135 18 67 65 117 17 3 80 106 46 131 152 97 48 197 130 77 162 177 143 112 127 158 152 126 161 132 122 78 51 36 180 77 52 14 79 7 8 83 164 71 181 112 15 79 184 101 190 186 65 141 104 74 160 28 197 101 31 5 131 94 193 122 56 100 66 199 118 63 160 146 110 75 56 178 6 97 109 199 23 176 94 106 48 155 74 154 47 97 
144 160 118 76 10 27 110 56 83 35 46 3 43 155 174 108 84 85 148 29 197 69 162 109 146 179 179 159 124 54 117 151 98 34 180 54 80 131 152 97 147 172 103 37 113 191 19 141 112 7 88 134 17 139 167 20 15 130 139 49 111 168 107 185 125 69 126 54 20 65 119 191 105 84 43 141 169 133 111 194 41 122 184 123 159 52 159 83 198 89 116 135 16 98 23 106 128 136 86 130 
140 121 86 35 198 141 6 191 107 150 98 147 34 126 180 187 67 18 28 123 127 120 161 1 71 75 101 39 149 72 44 107 60 136 94 192 145 77 15 68 56 40 159 194 33 96 159 66 73 1 66 91 199 33 185 133 108 154 61 182 141 154 30 31 104 159 55 137 48 142 195 120 87 139 14 137 160 148 91 5 166 174 194 156 49 187 65 138 6 117 159 178 108 84 190 27 71 76 77 174 
178 101 74 157 2 135 149 21 117 88 27 146 92 150 151 5 66 113 191 52 179 138 41 21 128 116 98 116 134 177 53 183 196 12 46 128 54 94 139 170 76 2 126 104 6 197 139 176 131 107 135 140 92 117 22 115 33 107 76 51 178 189 20 159 75 151 73 193 33 105 108 107 156 38 21 25 17 19 173 150 107 168 142 137 98 114 123 80 92 163 138 51 149 119 99 21 40 29 77 155 
108 132 140 29 4 68 56 128 167 49 26 56 82 128 4 125 117 170 7 44 163 6 96 103 70 122 9 63 56 37 94 141 193 29 98 60 59 41 22 111 76 83 57 136 170 93 33 73 33 174 81 67 32 120 189 169 124 92 17 100 89 11 124 169 138 103 77 81 124 177 133 27 200 159 195 122 77 76 47 81 132 148 85 168 147 2 65 8 57 73 52 114 170 1 127 148 54 101 164 128 
166 185 114 193 165 28 140 147 166 147 171 19 91 191 101 142 148 56 142 125 26 81 160 115 59 96 32 144 195 91 61 95 79 54 187 196 46 17 101 65 53 183 160 118 143 6 173 173 93 198 180 55 9 95 20 35 43 134 160 102 82 1 100 126 100 32 66 106 18 100 47 33 48 176 135 92 69 189 32 180 66 84 185 105 91 20 176 198 95 126 119 98 40 86 13 118 114 198 134 178 
19 127 38 68 116 50 105 88 134 47 153 7 19 187 186 57 152 61 3 8 158 115 61 159 58 41 128 141 191 117 170 176 132 44 84 24 133 153 16 166 88 174 99 59 195 55 85 178 181 198 183 157 140 95 106 26 200 103 200 168 118 42 104 145 78 13 136 85 176 62 82 59 15 199 3 29 163 4 181 8 71 30 89 173 84 103 71 20 61 177 86 133 83 11 80 15 92 124 119 34 
101 171 60 151 67 24 157 158 136 107 148 50 194 184 176 108 71 123 44 65 110 107 131 174 124 136 140 15 179 82 85 12 114 90 26 71 150 63 185 68 25 4 18 110 126 173 48 148 167 29 165 97 146 64 87 46 143 76 145 87 81 142 141 169 37 120 200 47 131 47 176 187 70 152 137 162 105 134 18 124 23 166 15 197 163 132 197 152 125 111 96 121 160 60 1 174 165 145 69 120 
83 153 25 193 21 62 13 16 176 151 59 65 40 40 73 81 157 166 31 54 56 141 143 109 15 174 151 147 89 3 44 107 28 77 131 164 91 44 186 60 176 162 74 174 90 65 95 103 188 151 56 120 180 57 151 105 16 69 134 154 40 115 187 133 92 125 110 196 158 129 75 180 185 139 40 53 157 18 1 96 40 84 184 124 23 157 18 52 56 196 183 87 22 51 85 59 97 158 198 121 
44 17 109 13 137 94 174 103 40 54 67 80 179 25 19 135 14 73 176 184 46 147 156 26 173 89 194 150 115 106 146 109 9 67 56 37 118 158 164 7 5 144 38 27 3 149 123 72 30 58 157 101 96 186 103 11 190 178 193 196 144 189 54 67 121 108 4 102 60 23 70 98 138 24 18 87 128 43 32 157 184 124 22 20 49 125 189 106 87 53 118 18 16 64 76 130 33 134 186 122 
10 90 158 30 118 142 140 56 97 112 136 80 196 26 157 102 100 130 44 18 46 69 55 20 130 127 22 78 96 168 7 125 156 80 93 167 138 133 86 77 192 131 197 119 63 60 170 49 106 97 152 8 150 155 182 150 38 141 141 71 108 11 102 75 136 191 90 55 29 51 197 102 112 195 168 3 85 200 200 16 74 82 57 116 28 159 112 18 141 132 174 110 108 193 182 56 33 61 96 73 
67 190 132 73 63 92 34 22 150 148 154 52 166 100 42 156 80 117 73 150 24 142 188 89 85 115 6 43 55 37 40 173 183 3 74 193 116 56 9 198 68 23 39 118 71 149 4 4 199 191 180 62 82 184 5 61 150 187 191 185 25 46 26 135 62 84 106 94 196 123 139 25 13 42 95 46 98 77 40 146 186 188 75 143 18 117 67 118 124 151 50 86 56 84 36 149 166 149 26 67 
134 123 133 141 38 45 88 36 93 134 108 24 24 76 58 191 42 92 162 124 91 55 196 158 130 136 153 162 140 25 93 118 6 60 195 76 14 125 3 126 168 65 130 182 124 185 8 143 98 31 12 123 86 193 92 91 181 86 53 152 52 83 6 1 35 148 175 167 47 104 66 55 23 6 199 81 94 69 161 123 37 154 187 189 7 128 159 169 112 84 44 24 81 139 164 108 92 193 4 1 
70 3 28 47 158 75 72 170 167 199 75 119 199 21 159 108 161 145 35 69 20 137 77 66 195 124 69 55 155 65 155 192 137 199 79 75 167 64 160 86 49 13 114 67 108 55 123 96 156 138 130 47 102 122 164 123 160 44 164 68 128 133 119 22 184 190 26 137 76 148 127 167 82 196 122 183 189 28 75 130 115 3 160 19 152 107 86 95 138 40 100 147 121 57 46 143 183 94 154 95 
13 35 126 123 9 197 185 198 143 165 102 67 142 160 147 56 146 186 27 171 39 185 156 171 81 62 198 88 39 162 134 152 35 141 82 139 37 179 89 166 11 26 117 176 91 160 27 93 77 22 120 50 37 116 125 84 180 47 33 134 113 161 53 80 189 166 52 200 133 176 29 2 58 30 189 128 53 135 103 159 165 159 17 33 172 3 183 93 83 32 18 50 54 90 151 178 125 64 112 11 
70 17 184 190 199 139 23 144 128 52 1 149 192 117 188 175 122 182 60 183 156 116 27 142 199 148 171 183 15 146 171 24 37 99 107 130 101 97 32 163 28 125 190 30 124 79 67 199 128 110 83 121 46 50 70 195 174 121 7 177 37 26 19 176 35 87 50 194 175 117 39 25 30 167 147 130 51 48 63 27 67 181 80 159 111 57 60 77 23 107 74 67 192 14 131 133 90 89 164 50 
17 174 108 25 20 62 89 73 41 113 70 158 74 77 76 46 33 51 19 152 53 25 84 11 10 57 64 33 66 158 20 19 186 160 176 93 33 23 31 92 184 76 25 166 83 184 68 193 5 48 96 32 152 175 147 89 168 155 16 118 135 165 193 99 18 91 125 7 109 121 68 88 89 58 15 91 138 191 51 84 196 102 195 51 184 145 83 25 111 115 16 38 27 90 30 189 66 180 29 125 
192 6 93 119 40 194 147 94 75 135 64 126 167 166 187 198 118 77 94 31 177 60 98 117 17 163 147 52 199 120 122 134 146 134 54 9 122 3 6 106 164 197 76 54 126 16 105 51 65 42 30 191 179 121 51 170 104 135 140 51 108 96 104 57 162 158 50 77 51 90 93 31 188 143 48 143 180 73 100 178 63 63 8 22 4 113 60 110 42 28 108 169 83 145 2 155 170 4 184 98 
110 144 3 111 117 124 144 146 197 43 35 112 158 8 185 14 22 138 113 65 139 44 93 62 49 120 149 8 123 144 110 54 62 50 149 89 160 107 26 110 167 179 184 106 101 145 17 149 10 132 117 6 190 31 193 92 197 192 88 1 146 175 110 39 89 91 21 39 93 41 72 125 110 128 179 141 94 38 125 174 174 5 17 149 99 150 108 11 20 52 82 66 93 179 196 160 127 14 33 199 
150 89 79 12 57 122 48 102 73 52 193 79 178 140 163 75 74 104 38 163 196 135 56 2 104 115 64 174 102 128 191 140 109 36 40 58 94 52 11 116 96 166 155 143 178 48 134 119 53 175 177 46 123 194 101 120 86 85 193 2 162 184 125 126 145 176 191 143 174 111 9 78 27 71 61 169 104 31 70 148 139 185 66 63 200 74 85 16 118 121 74 108 75 22 61 131 3 21 84 4 
107 195 149 131 130 169 99 183 13 166 171 143 185 103 108 44 33 174 197 77 99 105 6 154 89 6 113 141 151 170 84 200 6 65 180 67 53 176 181 196 97 137 64 1 151 59 182 120 58 76 147 55 160 178 17 11 200 117 193 46 22 11 152 153 80 89 42 113 20 166 172 109 141 176 79 139 31 121 19 129 155 175 90 13 67 173 81 180 42 16 37 55 31 116 73 168 71 196 33 80 
68 145 28 163 66 154 20 146 151 142 16 68 20 179 160 114 7 117 75 48 16 122 12 147 179 82 166 18 172 90 192 171 40 18 150 138 104 102 23 152 29 56 13 176 116 89 112 154 48 66 20 84 156 79 130 129 160 142 126 29 6 35 106 42 83 63 138 122 22 150 177 53 179 35 185 129 8 134 11 140 151 143 49 65 135 195 149 86 70 151 164 172 176 38 36 66 41 42 119 68 
114 5 61 73 161 84 86 155 127 140 172 52 186 8 165 119 53 164 97 188 91 75 87 156 39 26 158 5 145 198 23 107 99 31 76 158 86 98 133 46 179 41 9 65 4 188 168 103 173 129 109 132 6 62 197 12 37 156 142 122 186 18 34 69 126 1 191 192 20 143 8 33 181 129 188 9 200 12 114 162 155 44 69 77 127 120 156 86 156 119 182 62 127 130 139 11 129 50 48 9 
120 198 10 111 179 136 123 8 70 29 170 79 71 191 10 123 109 60 168 5 75 65 185 2 129 123 194 49 88 58 151 146 133 19 122 151 22 151 189 67 184 198 134 119 79 184 133 6 91 171 111 178 79 122 171 9 16 145 182 142 31 21 178 67 18 125 14 76 50 152 60 115 76 98 72 167 140 51 183 120 65 82 68 50 85 145 141 50 59 181 39 67 64 198 181 192 162 79 185 174 
56 87 76 148 19 93 54 47 45 68 70 189 170 89 143 160 168 181 53 61 173 49 187 96 32 70 17 68 45 17 50 20 76 120 148 31 2 62 106 144 20 141 118 76 200 62 112 19 178 193 107 83 129 131 44 140 172 92 23 127 98 143 31 61 79 116 132 148 57 186 191 118 180 57 173 153 10 19 187 53 189 109 78 85 44 161 188 78 162 60 125 109 17 80 78 146 128 182 114 154 
186 185 46 104 120 79 127 188 130 196 19 117 46 131 79 188 179 169 101 69 39 95 22 25 38 89 27 193 168 63 175 154 156 102 27 60 155 179 16 91 108 10 149 111 6 191 109 174 14 18 182 105 47 190 142 183 93 32 104 32 11 1 166 95 14 123 165 33 28 188 123 149 128 144 84 59 144 19 112 91 44 156 140 198 128 40 125 58 66 121 48 136 66 158 150 188 170 58 152 173 
45 2 14 170 102 48 178 84 55 142 12 73 78 98 137 91 173 43 62 10 39 111 3 29 24 8 31 18 48 7 6 53 46 103 61 198 69 1 3 2 87 46 164 139 35 69 39 196 75 167 100 72 2 51 94 140 101 189 98 118 59 89 116 22 5 26 165 39 25 159 12 156 128 172 162 104 137 176 83 136 60 41 138 64 39 182 107 39 49 66 170 172 162 180 73 96 179 153 191 7 
151 175 12 183 140 45 100 108 200 174 94 37 146 164 59 114 69 173 14 44 117 184 187 178 63 12 56 56 142 167 91 95 76 113 199 10 123 121 54 158 77 12 107 158 104 27 11 187 35 50 30 188 49 54 32 122 46 80 76 125 96 58 94 20 122 20 113 174 71 160 26 144 58 152 57 11 96 37 94 2 96 77 71 14 189 19 159 196 20 14 96 192 86 4 161 186 143 26 107 158 
185 101 178 81 151 72 193 6 138 152 102 168 62 144 51 84 15 17 70 61 1 88 189 19 78 32 54 122 142 56 89 169 72 22 171 21 27 191 44 154 74 73 5 143 11 81 114 136 25 18 6 161 118 41 154 109 117 174 7 129 138 23 161 111 176 169 89 118 14 88 187 40 166 15 122 34 106 86 33 85 143 147 166 34 88 122 67 26 41 155 27 54 151 89 42 33 37 90 149 96 
113 47 137 95 186 178 87 69 22 4 193 167 136 4 80 42 116 184 130 118 189 83 72 183 168 107 173 43 157 70 54 199 48 28 103 143 86 84 17 163 62 181 2 33 37 20 183 151 91 56 149 135 67 128 53 76 81 118 152 10 146 185 89 105 65 116 44 200 199 17 49 87 54 78 96 111 58 21 110 56 193 99 2 125 64 70 6 13 135 58 99 6 158 123 25 130 160 109 42 130 
170 167 148 143 101 112 70 53 61 170 59 125 29 93 111 126 135 16 134 199 176 102 35 179 24 171 41 181 97 83 192 186 159 177 87 20 180 116 27 174 69 197 175 62 24 15 138 83 65 164 77 79 9 14 34 170 113 57 164 3 128 70 18 141 180 110 115 150 21 98 147 85 87 136 173 179 126 67 175 86 134 30 140 139 198 51 66 20 34 51 143 143 34 6 77 30 27 65 176 26 
9 30 149 140 192 57 137 144 107 120 66 140 42 94 24 111 133 169 8 115 124 68 4 53 36 20 83 132 115 197 2 193 154 172 85 159 88 95 75 200 118 137 177 183 5 29 61 21 45 179 182 149 21 107 72 124 69 52 71 96 37 129 22 166 94 159 119 28 48 111 32 131 62 77 199 151 168 36 58 8 104 5 123 79 87 58 92 121 111 124 147 189 143 166 30 200 180 5 38 120 
66 178 181 84 31 174 4 86 175 31 180 152 143 61 8 65 113 136 38 182 152 153 177 9 14 198 122 63 1 153 101 80 151 128 122 52 106 5 183 137 140 134 81 190 183 171 102 39 32 179 169 146 2 114 13 60 114 166 148 184 50 8 23 132 73 169 60 79 43 143 99 11 29 101 42 162 122 22 114 89 162 69 94 19 158 16 108 116 6 181 90 96 160 132 19 111 198 173 138 100 
22 135 192 169 21 173 79 159 4 36 90 194 82 50 70 131 154 14 38 15 160 157 30 71 152 2 110 71 63 4 112 100 49 151 2 45 192 95 178 161 171 58 50 46 139 42 31 112 45 187 22 21 173 1 40 129 53 142 197 45 59 133 1 176 153 77 10 182 43 191 135 120 73 144 90 118 93 75 141 196 64 23 170 27 76 139 16 109 4 27 151 121 144 156 159 176 62 68 41 98 
117 128 111 50 39 117 25 8 28 146 28 17 108 156 10 199 39 74 113 159 167 6 37 50 193 48 153 117 177 39 164 92 21 11 70 101 15 5 44 200 26 123 187 31 54 121 78 175 90 182 31 120 200 15 104 43 100 82 19 83 125 193 63 193 91 22 117 82 141 134 162 55 163 94 188 23 191 47 181 45 78 121 165 154 109 41 7 188 64 112 44 111 4 147 195 98 180 94 178 125 
49 179 162 95 136 118 137 58 27 11 113 88 46 112 6 118 178 170 77 81 167 198 115 180 132 51 13 144 98 126 134 131 76 8 112 138 47 60 105 165 85 183 133 58 8 70 87 198 19 126 53 113 195 77 78 114 37 86 139 4 43 80 126 167 139 35 152 198 111 192 54 18 150 40 124 120 6 122 35 35 138 200 16 82 85 20 107 154 46 63 60 151 177 51 39 55 135 131 173 175 
113 195 43 72 46 68 94 119 54 157 124 78 184 172 101 33 119 188 87 136 24 4 167 150 100 111 131 91 24 47 199 138 50 20 71 176 134 107 74 38 200 132 30 87 42 2 93 83 166 115 38 186 54 169 152 86 118 188 136 49 62 19 11 22 56 52 91 1 90 39 4 46 84 139 147 190 88 99 163 147 23 168 106 100 135 83 175 198 7 188 111 175 188 113 196 93 194 107 121 157 
58 162 187 138 70 77 104 190 138 196 152 75 14 163 166 131 37 173 132 134 19 199 144 170 1 58 145 72 149 160 46 187 150 199 188 185 110 10 37 16 89 52 88 110 103 103 58 64 6 35 16 26 84 48 34 186 177 46 72 126 177 155 59 191 45 116 159 152 162 194 1 105 176 95 58 174 115 199 54 200 90 21 179 118 135 12 195 186 188 133 51 174 175 184 106 19 128 22 136 174 
98 75 54 50 65 40 83 98 34 93 65 72 118 105 50 198 24 25 34 134 9 22 137 131 47 123 45 188 111 156 194 200 192 2 163 132 134 143 50 95 71 188 145 110 122 42 146 64 7 68 123 180 58 2 129 56 64 50 171 26 54 154 73 126 75 164 99 36 122 160 46 66 158 174 164 177 83 44 36 49 133 145 198 193 106 128 184 6 27 77 71 98 47 132 40 61 91 152 192 188 
143 139 164 197 144 74 86 176 173 25 49 50 7 63 26 83 192 141 138 3 176 138 114 191 161 120 98 42 166 183 108 156 168 128 197 167 31 178 88 83 107 118 146 188 9 142 134 125 178 53 145 79 104 158 76 110 113 48 188 156 1 193 108 163 68 114 71 132 79 188 198 105 80 155 101 40 106 8 158 162 198 71 147 36 83 72 8 126 136 191 71 128 63 79 119 99 100 80 185 195 
124 11 72 68 57 13 163 67 113 18 86 7 162 143 13 69 134 140 6 43 64 70 91 137 9 136 86 13 164 178 186 52 157 143 160 73 183 142 74 125 85 45 191 158 118 119 43 170 83 113 52 112 58 38 34 14 26 82 145 141 83 137 71 118 148 125 67 195 170 112 137 198 200 139 188 110 12 73 31 122 91 194 15 63 49 86 77 194 97 157 80 163 149 99 66 195 193 84 20 21 
78 84 32 118 68 7 70 71 108 180 115 69 199 30 64 134 137 192 143 132 185 80 153 132 103 198 79 17 147 54 76 50 42 8 109 178 93 34 171 133 167 71 96 28 31 197 121 21 54 70 158 146 118 138 177 93 16 51 184 192 168 133 157 57 121 106 186 61 82 125 24 138 6 68 194 158 40 5 71 57 55 173 13 121 135 98 79 92 145 4 61 52 7 21 162 104 53 29 152 133 
1 9 81 53 29 6 157 135 141 132 93 54 96 4 44 6 52 96 34 119 16 171 60 158 184 161 103 89 90 41 197 124 178 92 39 186 178 98 172 85 20 23 137 187 32 34 145 184 118 25 40 180 77 141 150 19 136 46 6 148 39 66 185 134 73 186 149 28 70 94 160 96 4 116 41 21 114 65 68 111 176 119 86 139 179 29 134 58 64 177 51 98 185 141 41 47 134 5 128 6 
175 140 16 65 171 95 174 174 175 103 38 188 152 55 52 44 19 47 79 76 89 150 61 41 103 157 71 60 185 168 25 152 39 191 103 19 100 190 26 109 119 149 60 17 41 72 161 153 49 47 186 169 68 21 125 167 135 170 49 96 120 181 51 63 92 198 166 137 32 40 108 17 161 157 103 50 137 63 61 188 146 45 161 60 198 48 92 123 85 41 174 98 102 124 26 126 54 164 102 149 
118 3 14 162 179 28 129 173 18 45 88 174 53 129 3 111 6 26 177 49 145 138 191 166 167 73 89 2 83 55 19 71 57 170 196 79 200 189 192 1 13 157 31 136 72 160 66 92 101 187 4 157 4 177 145 154 100 53 48 42 121 142 171 6 90 163 179 81 82 96 53 13 27 25 189 138 194 1 138 25 127 196 18 133 12 152 75 129 90 84 100 195 13 165 46 50 111 180 57 90 
22 125 146 72 125 152 124 13 104 1 113 124 132 142 83 48 188 32 20 171 35 7 91 133 73 12 46 76 69 71 120 156 112 81 155 62 13 112 93 95 81 104 40 144 51 193 191 27 18 1 135 29 122 188 15 86 132 82 126 99 70 144 98 126 131 126 3 163 18 60 163 106 195 46 7 79 117 45 125 89 37 134 22 22 174 192 10 74 136 50 64 169 27 81 5 173 130 127 103 44 
187 12 80 27 53 120 53 93 102 13 115 160 86 154 117 159 48 36 124 15 47 56 151 141 174 170 126 100 135 44 189 177 71 51 144 101 99 40 143 183 174 121 52 183 80 30 60 74 94 153 75 155 176 33 144 178 129 112 166 197 89 182 138 110 170 45 146 57 155 35 70 3 88 178 18 8 27 136 107 88 76 54 137 118 180 61 4 13 104 110 180 104 164 166 120 75 25 52 61 18 
114 37 53 120 48 83 28 153 191 129 151 110 183 68 32 154 94 11 66 42 188 65 50 196 156 2 40 45 52 167 91 23 16 114 104 4 28 95 199 44 108 77 185 132 1 152 116 63 117 12 49 17 178 56 20 142 160 55 174 162 182 183 95 78 140 192 133 196 105 8 199 5 1 76 150 3 23 126 49 105 171 46 157 155 62 32 42 133 198 67 18 83 12 187 161 119 191 67 185 35 
121 178 124 76 43 140 150 53 162 134 106 25 17 191 154 35 143 112 64 53 15 55 190 182 10 101 79 155 145 171 169 43 78 41 91 116 140 44 110 32 115 129 97 10 134 58 55 15 37 96 166 166 63 164 160 132 140 13 73 150 20 51 99 25 106 199 48 190 168 42 138 51 63 159 47 56 98 177 91 116 33 83 25 118 166 45 10 117 115 149 123 4 140 146 179 184 9 172 63 166 
61 50 29 168 149 150 59 97 25 149 72 175 137 60 127 58 95 74 162 131 31 186 96 1 162 189 59 27 46 53 120 69 126 22 86 14 75 48 15 51 48 46 12 159 102 172 141 126 182 156 67 103 118 101 13 170 79 122 64 199 41 173 41 108 118 132 20 112 188 127 103 38 123 57 48 72 83 83 150 12 109 46 131 70 118 104 18 98 168 6 178 39 16 20 10 19 123 132 152 165 
143 190 99 147 136 183 83 93 116 58 200 104 51 37 46 193 167 125 93 61 176 57 90 136 1 49 85 197 194 117 162 68 68 167 181 7 193 192 53 72 18 3 116 144 89 82 52 175 182 179 93 170 182 199 115 167 111 24 126 137 50 26 86 61 5 171 59 47 24 137 173 86 165 164 106 55 19 74 81 75 71 117 177 33 105 30 98 177 77 193 166 117 59 103 166 62 118 85 15 18 
197 22 53 186 142 142 85 17 21 110 49 27 106 87 79 105 142 18 67 10 141 167 103 54 187 103 100 21 61 47 94 34 197 71 97 169 115 191 194 192 13 152 44 9 65 182 21 132 76 79 167 105 109 108 150 150 174 21 186 19 180 77 159 158 33 14 116 200 184 164 172 11 192 198 107 87 17 142 182 132 42 128 69 69 26 57 91 12 117 13 93 100 160 162 8 106 132 182 113 172 
182 100 4 27 174 81 161 11 54 56 169 29 72 7 126 43 48 35 77 104 68 193 71 94 159 130 35 129 31 38 43 153 22 32 99 59 49 130 72 8 30 147 178 72 154 9 152 126 60 73 194 165 146 17 176 149 86 92 52 164 52 93 195 58 39 88 77 116 23 50 11 83 75 29 129 101 91 26 188 122 105 183 108 42 147 35 71 80 193 182 190 47 182 171 101 104 103 110 74 154 
179 43 189 167 195 9 163 196 48 26 9 117 34 101 182 122 73 177 137 4 126 178 22 23 39 21 134 127 83 175 85 22 158 126 192 31 90 64 20 93 38 103 105 147 138 10 142 179 76 180 125 159 137 33 6 57 103 81 131 57 50 157 26 122 65 130 165 179 87 114 189 149 167 132 163 24 19 98 200 152 168 82 65 93 137 18 26 167 107 66 100 77 107 46 185 46 165 147 36 100 
114 175 155 172 22 23 48 71 58 117 55 128 84 3 74 194 141 135 125 18 135 139 172 165 98 178 110 67 42 96 186 175 14 98 182 142 10 106 193 57 174 168 139 182 21 108 195 177 23 137 93 68 68 140 153 93 63 120 11 70 94 134 199 2 186 110 75 158 44 8 87 84 6 48 84 127 85 191 22 167 2 28 34 170 103 84 22 198 113 113 170 146 44 40 191 127 4 197 160 141 
101 165 176 142 145 155 73 116 66 35 182 157 28 190 172 98 46 49 175 5 42 176 6 142 85 193 25 80 35 41 170 119 139 143 165 195 190 89 117 7 153 184 77 163 157 157 155 174 96 47 93 64 104 36 71 56 146 161 97 116 105 45 191 40 189 155 92 182 61 121 52 20 97 133 46 53 24 76 12 98 8 29 54 98 86 69 175 177 96 142 138 29 148 112 3 169 9 84 11 125 
153 178 30 41 90 93 99 175 179 145 137 118 130 168 111 4 56 194 111 142 146 160 72 101 63 126 28 40 189 26 143 167 41 143 6 174 84 110 149 186 43 19 104 33 155 104 177 195 21 28 90 38 46 72 176 130 101 116 154 97 151 104 11 52 12 178 64 7 159 88 73 34 169 29 186 119 134 31 133 144 171 186 1 22 98 128 188 67 19 91 170 53 170 189 21 46 23 14 83 168 
72 36 148 31 117 24 11 129 190 60 35 50 188 79 102 2 51 12 9 116 41 113 167 69 33 31 53 70 40 166 34 96 135 117 192 192 17 19 55 141 83 99 112 190 108 152 53 127 66 170 132 114 89 110 99 189 24 67 10 19 131 28 150 146 144 4 129 125 103 149 79 178 198 164 161 174 163 185 47 9 88 31 195 148 120 92 161 35 113 166 78 13 96 179 25 41 96 17 163 163 
151 187 95 148 189 181 74 182 141 151 165 38 106 144 200 66 177 74 144 144 89 131 164 27 161 131 74 30 11 93 2 179 180 103 67 129 150 116 78 140 162 19 170 50 160 182 38 8 132 81 40 115 78 86 14 183 95 76 43 120 172 155 120 33 79 108 13 95 148 199 95 83 68 128 22 121 30 148 106 81 118 128 104 146 88 142 194 192 53 172 193 64 84 103 114 80 199 129 199 53 
44 199 109 68 49 31 24 123 145 160 17 95 82 137 116 36 11 65 150 165 105 149 14 20 13 38 103 101 111 58 63 62 6 57 68 30 187 32 171 116 31 2 10 194 101 83 38 163 109 127 135 103 139 150 179 108 60 29 186 43 103 127 172 103 74 179 83 68 30 6 103 31 32 143 16 56 171 38 52 174 170 83 72 117 169 114 9 184 117 84 132 132 168 176 136 79 22 147 160 133 
96 122 165 186 57 128 189 104 184 66 38 69 53 138 4 157 60 56 141 10 52 71 50 176 169 168 50 5 109 23 110 168 31 86 184 74 99 144 19 175 197 77 165 179 195 68 14 151 154 137 134 23 106 126 161 16 3 7 198 131 17 136 142 69 167 96 6 137 128 109 69 61 162 174 25 67 167 117 179 157 149 115 158 119 68 155 66 39 153 189 196 197 36 89 129 151 4 139 85 141 
174 106 97 128 54 104 3 39 138 125 156 74 75 77 194 25 6 189 85 173 145 1 62 193 140 64 171 158 58 55 137 103 78 82 67 97 38 79 121 120 35 57 95 33 18 152 166 14 169 35 110 200 126 174 117 30 140 106 196 53 189 64 117 54 77 18 103 187 194 58 45 143 27 33 35 102 190 161 109 9 25 114 35 62 168 35 195 170 62 145 84 149 86 107 122 87 121 150 75 195 
54 51 98 38 163 127 95 61 58 33 66 189 74 127 88 89 15 73 109 7 169 158 199 131 151 30 53 171 197 126 96 106 112 53 51 21 124 123 146 104 21 142 5 94 72 170 31 100 130 15 12 34 148 177 13 188 179 144 85 142 176 175 177 21 5 133 77 182 144 45 148 175 102 141 67 103 156 51 137 90 176 197 84 126 93 193 169 177 183 28 95 159 30 107 102 124 166 118 171 106 
185 46 32 186 39 86 139 193 71 65 92 88 57 154 92 177 94 128 105 198 28 69 32 150 160 122 160 75 60 162 190 132 159 111 55 187 117 179 155 92 29 140 112 105 104 175 6 73 133 131 60 180 166 33 151 180 54 92 76 40 115 183 62 26 50 25 153 66 78 140 72 93 117 96 146 35 94 199 28 158 101 70 83 115 29 138 188 91 173 194 170 170 53 144 94 12 106 19 152 171 
