100 4
0
1
1 90 196 90
2 134 39 290
3 182 116 878
4 248 68 384
5 429 199 1623
6 525 7 553
7 706 30 886
8 713 181 1437
9 792 149 1388
10 889 129 1147
11 892 12 964
12 904 27 850
13 915 31 853
14 933 155 1863
15 935 56 1159
16 950 87 776
17 997 4 1013
18 1026 118 1498
19 1310 102 1310
20 1331 136 1603
21 1378 137 2200
22 1451 75 1301
23 1542 89 1364
24 1804 197 2592
25 1856 44 1856
26 1872 146 2748
27 1876 103 1876
28 2187 56 2635
29 2197 197 1803
30 2250 144 2538
31 2263 102 2467
32 2273 61 2517
33 2279 20 2399
34 2408 169 2746
35 2439 153 3663
36 2442 179 2084
37 2556 49 2850
38 2677 161 2999
39 2685 185 2315
40 2742 79 2900
41 2746 82 2582
42 2826 72 3402
43 2853 53 3065
44 2882 150 4082
45 2980 138 4084
46 2982 105 3192
47 3016 8 3048
48 3048 163 4352
49 3095 196 2703
50 3126 174 2778
51 3174 85 3514
52 3442 175 3092
53 3512 13 3564
54 3652 4 3652
55 3709 139 3431
56 3751 167 5087
57 3762 166 4758
58 3787 48 3979
59 3851 121 4335
60 4034 99 4826
61 4035 99 4431
62 4088 135 4088
63 4134 127 4388
64 4136 195 3746
65 4202 117 5138
66 4207 6 4255
67 4209 163 4535
68 4262 181 5710
69 4343 111 4787
70 4414 91 4778
71 4436 99 5030
72 4659 90 4839
73 4720 163 5698
74 4773 111 4773
75 5014 34 5014
76 5017 182 4653
77 5207 6 5255
78 5229 73 5667
79 5234 33 5168
80 5310 17 5378
81 5317 149 6211
82 5453 144 6029
83 5549 132 6077
84 5575 108 6439
85 6006 34 6006
86 6215 41 6215
87 6218 69 6080
88 6227 19 6189
89 6296 155 7536
90 6299 194 7075
91 6371 141 6371
92 6448 73 6740
93 6521 53 6945
94 6541 49 6737
95 6618 34 6822
96 6629 161 7917
97 6798 198 8382
98 6895 31 6957
99 6919 70 6779
100 6995 40 7155
83 118 118 141 113 153 119 157 193 183 36 97 165 66 161 164 32 8 83 106 169 81 181 24 84 138 56 113 76 166 96 28 120 73 147 37 46 24 31 131 165 123 192 100 17 146 170 141 112 178 15 129 178 61 186 58 47 109 187 114 64 77 168 52 175 52 132 54 139 200 80 69 195 65 156 160 18 22 78 18 29 169 187 68 132 199 149 89 183 192 180 139 191 4 132 62 10 135 84 119 
116 131 47 191 88 150 85 135 16 190 184 186 6 149 199 40 27 37 114 18 62 96 165 88 45 122 103 107 117 130 59 112 14 85 161 132 42 11 78 124 168 8 50 75 77 47 26 198 158 77 25 95 164 78 102 184 143 70 139 124 102 156 131 120 144 105 42 19 118 145 145 3 18 27 193 19 132 31 44 179 47 72 16 152 66 151 118 104 134 105 18 123 41 129 80 159 104 70 21 150 
119 69 75 5 35 168 106 153 31 152 90 73 154 114 32 49 99 3 166 178 134 162 42 63 78 73 15 146 37 66 152 4 40 137 187 2 112 116 97 3 78 37 133 162 55 197 7 55 187 26 151 29 42 129 129 78 85 125 148 168 178 137 46 150 20 159 95 65 115 83 173 10 63 41 145 146 68 6 98 108 118 183 94 12 9 166 40 110 120 102 195 182 54 47 161 74 1 177 147 130 
136 60 149 86 46 110 153 121 185 8 104 138 159 83 46 112 123 32 20 143 83 170 197 76 64 178 182 124 195 23 70 165 90 93 25 36 23 143 7 63 146 108 152 39 68 200 43 31 181 53 154 42 86 32 175 198 114 176 27 54 121 151 25 159 186 26 200 10 158 14 173 19 90 84 14 138 95 161 122 96 161 153 93 20 80 151 18 171 129 116 135 142 5 97 180 49 97 52 140 104 
198 142 169 43 120 109 31 116 59 26 46 59 164 200 143 14 112 55 124 108 189 194 16 133 118 145 116 138 180 34 54 165 137 43 55 3 164 143 1 54 140 189 107 187 167 172 24 46 101 165 43 59 52 25 37 143 141 53 141 143 115 86 177 73 86 66 3 97 4 90 155 84 168 140 95 149 131 145 52 137 91 158 119 73 145 188 139 47 72 97 104 104 39 76 59 61 27 144 89 77 
47 155 10 141 10 36 150 30 110 26 77 90 136 79 20 197 143 74 2 13 177 21 18 28 153 114 77 60 116 175 10 110 104 17 193 170 59 90 10 142 24 124 80 52 84 194 116 119 19 130 53 153 129 23 183 106 169 172 59 11 57 188 64 88 193 143 102 126 40 23 163 27 124 46 173 141 196 103 193 61 56 172 139 24 198 49 69 107 48 156 62 173 102 5 127 41 80 85 135 96 
189 48 167 102 6 11 100 118 50 121 9 122 97 168 1 190 179 165 117 28 113 155 52 113 164 16 43 25 142 18 141 104 120 117 63 101 73 138 175 144 151 103 64 89 188 192 69 30 113 117 159 152 67 189 115 63 115 88 193 159 199 131 9 136 196 146 195 105 156 70 119 54 156 72 39 67 182 39 89 65 93 164 154 118 189 13 198 164 54 96 133 133 125 108 172 105 24 94 129 186 
158 1 126 198 146 103 162 191 151 173 108 25 94 45 156 21 136 134 130 109 199 35 36 88 4 85 163 78 44 17 54 93 193 49 114 174 65 161 182 83 12 90 46 71 109 96 31 158 73 59 77 5 129 3 169 169 165 191 46 167 46 131 148 184 197 60 2 110 16 170 113 23 43 76 164 65 26 165 167 10 57 99 5 91 118 111 22 185 67 131 140 48 187 82 2 77 12 150 39 125 
121 73 180 129 81 173 62 68 4 24 133 38 175 130 44 107 139 122 117 120 98 93 4 8 105 174 15 192 14 85 105 196 33 165 182 68 148 49 55 116 82 110 72 103 88 42 14 132 18 58 154 59 116 43 90 42 153 76 143 183 104 138 172 120 85 65 95 7 123 136 151 45 28 126 127 26 177 162 199 85 121 61 24 45 58 84 89 16 128 157 190 82 49 113 123 194 171 183 29 131 
42 2 163 39 132 157 100 161 86 80 61 128 71 147 11 117 6 68 155 89 128 135 170 92 128 120 34 3 181 48 49 160 192 72 135 110 7 183 26 126 57 23 51 16 142 103 79 26 82 116 79 18 97 99 120 79 160 54 121 16 158 191 39 172 112 139 45 33 71 47 42 55 62 150 156 57 27 135 135 97 62 102 7 23 5 154 18 119 34 99 148 98 6 186 88 131 178 118 44 186 
111 1 23 57 151 153 14 179 78 179 191 143 70 142 46 96 148 179 11 10 110 11 123 164 19 168 69 173 167 187 55 84 174 113 27 78 141 35 149 54 56 10 147 71 161 195 115 44 162 34 57 73 8 49 7 43 166 73 8 118 179 35 165 35 189 32 165 109 63 11 12 44 97 114 43 134 30 131 192 139 146 107 15 169 150 92 41 90 30 98 91 199 77 134 116 143 15 115 129 17 
9 190 126 193 73 35 62 19 69 27 89 145 99 93 173 96 152 67 15 19 27 106 122 180 15 40 188 68 129 84 84 172 109 138 144 80 79 95 51 177 128 137 1 196 96 58 103 31 90 99 113 108 151 175 14 70 192 137 122 160 156 69 129 123 74 106 52 97 53 82 140 23 109 88 196 39 103 135 175 150 17 105 65 49 70 179 49 177 139 104 4 114 87 44 147 128 115 1 40 86 
162 160 15 32 65 197 33 14 7 187 149 29 56 109 30 167 4 63 121 39 104 197 85 192 196 16 32 122 167 77 26 151 34 28 11 83 191 61 66 175 24 9 61 151 13 140 167 8 12 18 106 159 90 84 173 167 47 160 3 126 117 93 156 96 192 52 30 63 165 11 189 139 160 140 148 165 186 176 1 85 42 142 18 26 123 45 166 79 115 142 6 64 166 152 162 153 36 32 31 188 
65 153 160 27 111 196 90 136 30 41 50 154 189 1 42 122 125 85 172 152 24 158 194 153 106 186 88 162 123 187 188 149 188 124 148 169 165 45 198 81 150 41 52 131 55 184 146 100 170 174 23 43 183 21 97 50 11 104 186 160 100 29 62 63 73 174 178 196 178 136 101 172 109 160 81 93 150 79 175 197 108 72 42 190 14 190 18 128 85 169 86 38 74 2 155 154 29 155 115 195 
152 94 86 56 169 143 173 9 9 17 133 15 20 111 171 112 123 186 184 13 106 28 54 157 19 114 143 24 153 177 140 95 106 104 23 116 129 169 98 182 67 189 58 175 172 24 62 42 147 65 142 93 42 133 87 165 80 2 193 133 71 146 112 126 61 62 200 109 168 74 92 155 50 76 117 45 176 137 92 26 169 97 199 129 148 34 153 101 124 192 65 189 74 122 187 77 103 133 4 127 
132 22 166 194 168 69 73 152 169 88 144 121 185 190 78 13 179 155 2 190 20 154 4 70 50 140 13 60 31 46 166 187 116 106 18 79 35 124 119 54 127 174 146 71 33 165 119 7 57 106 58 124 171 88 191 8 178 179 178 163 51 20 180 176 147 157 135 28 158 173 123 165 34 119 138 169 75 3 112 140 97 88 35 89 196 130 189 63 18 84 64 134 20 129 151 87 20 188 41 59 
168 38 138 142 62 50 43 188 128 41 193 161 46 68 6 81 141 137 118 105 55 2 158 103 83 136 102 151 86 117 20 91 144 4 84 78 99 161 22 168 142 47 52 161 28 71 68 35 121 189 97 90 4 159 192 99 53 63 80 4 188 164 153 141 121 191 36 14 110 58 125 147 15 190 4 144 48 82 127 155 126 178 80 129 98 140 183 69 151 156 3 57 39 70 64 91 117 101 130 21 
57 196 44 65 89 69 73 38 140 135 18 64 59 67 163 127 5 69 73 114 193 110 68 21 154 182 196 94 189 189 166 55 132 26 139 11 70 188 86 184 63 125 21 51 119 68 146 17 57 83 121 95 119 15 13 197 21 57 76 2 60 10 138 185 24 118 25 66 128 31 179 63 16 113 3 193 128 176 155 141 184 146 161 51 140 112 171 114 68 28 75 159 192 156 192 46 78 67 99 111 
53 27 73 177 77 151 55 72 68 54 10 198 157 195 188 53 140 153 119 17 135 130 144 77 107 46 9 144 118 126 130 133 198 179 88 16 160 19 26 155 4 49 170 33 85 52 105 4 47 15 82 113 6 199 35 171 159 119 24 166 111 113 176 29 40 102 132 20 14 100 48 152 96 200 112 65 147 7 111 49 104 181 193 52 133 158 50 188 29 108 179 66 182 81 77 28 60 191 140 167 
131 147 169 32 70 12 80 135 200 75 148 10 27 45 130 69 153 99 172 12 131 22 12 38 136 152 17 40 7 182 38 185 178 60 48 190 177 101 7 97 155 36 166 36 154 60 2 13 102 42 160 138 138 73 161 154 182 68 121 87 12 118 115 76 123 101 9 42 59 100 89 124 66 38 51 61 113 97 83 49 14 194 83 7 161 67 157 182 165 170 179 11 183 166 71 184 6 9 11 90 
155 136 46 57 104 72 50 167 98 161 175 7 158 93 122 191 167 94 10 15 175 168 49 164 64 192 42 102 167 21 64 185 50 99 161 146 118 79 116 107 200 31 87 37 87 35 8 143 87 95 83 109 137 3 42 102 133 22 125 91 34 116 40 6 18 26 97 130 6 179 80 131 60 176 30 47 106 144 81 162 19 122 103 56 169 77 116 178 178 187 44 153 168 86 29 86 156 18 151 192 
15 53 198 178 108 113 18 179 44 85 39 138 101 4 177 197 74 27 180 139 87 61 12 41 24 198 199 24 36 104 85 45 97 80 90 150 198 66 15 69 50 198 43 158 186 157 8 69 96 48 120 126 7 64 147 76 101 21 95 66 134 122 171 112 92 119 58 123 149 154 125 129 143 1 156 27 111 23 124 95 91 130 85 182 154 119 19 37 170 24 35 75 147 144 167 79 190 8 128 73 
159 197 119 63 53 18 184 113 58 76 79 1 200 126 36 58 37 82 40 61 42 12 83 68 67 188 128 135 175 42 105 17 57 59 175 157 117 80 2 186 12 114 147 192 191 159 78 89 195 145 130 15 95 114 108 157 177 54 178 172 200 69 89 139 136 165 198 35 138 30 155 139 18 44 69 51 90 61 170 94 190 198 60 54 195 26 45 5 147 13 137 200 92 175 147 106 31 118 177 132 
138 25 70 151 143 186 74 195 70 200 6 188 162 150 191 63 191 123 96 53 101 47 64 96 189 139 131 25 182 143 92 83 43 66 138 139 149 181 159 85 166 32 18 157 128 184 6 60 82 4 85 34 185 1 159 47 79 135 108 55 164 159 38 41 123 128 107 21 28 157 86 29 99 145 133 59 44 176 70 84 50 107 182 115 61 35 82 152 83 26 50 29 128 116 167 123 113 192 28 43 
120 40 156 139 147 139 185 58 146 120 8 50 10 63 112 160 188 148 1 12 152 194 27 180 26 97 79 49 74 35 110 61 119 149 147 91 143 6 7 82 118 119 7 176 42 174 139 153 150 59 137 19 95 138 64 192 125 45 139 36 1 134 37 46 158 81 184 145 68 63 166 139 193 48 152 166 174 144 123 81 87 172 192 72 28 25 140 9 161 149 72 186 41 42 72 175 114 199 168 33 
137 23 114 30 122 162 65 197 184 138 194 159 82 126 122 65 5 144 180 96 34 82 185 34 106 6 132 199 163 171 63 128 102 122 57 35 42 17 17 191 172 48 168 17 13 134 77 21 175 154 39 59 33 44 66 49 42 41 81 141 133 162 40 111 176 70 107 181 194 35 132 64 117 35 37 196 122 131 104 87 164 52 149 147 153 107 39 153 147 34 160 197 95 126 48 77 59 24 142 174 
129 23 108 153 22 118 142 74 9 76 155 16 123 130 107 147 182 82 160 169 112 190 182 58 143 130 78 3 117 13 155 113 27 56 168 132 1 125 100 133 101 32 29 83 9 21 69 18 116 182 73 59 121 83 171 126 81 104 94 3 200 71 30 169 106 151 138 7 100 162 20 172 171 142 91 168 89 163 72 44 169 112 161 187 133 198 76 47 101 128 115 112 140 185 30 97 51 165 88 44 
6 87 102 49 112 21 182 149 165 99 72 1 152 186 73 147 81 105 176 148 152 193 175 192 102 154 162 154 59 106 177 113 46 54 199 122 27 124 188 41 75 191 97 108 109 7 93 22 53 75 116 188 159 154 71 53 58 17 60 87 3 22 3 82 187 125 128 119 164 135 85 55 178 165 164 29 104 185 27 192 104 85 52 48 37 149 13 26 144 76 123 11 29 53 50 28 34 10 6 184 
176 7 52 18 158 45 45 11 182 147 197 90 72 200 108 172 98 170 38 94 33 96 152 66 26 83 12 112 95 174 192 126 178 157 154 51 124 39 135 93 68 126 140 73 178 50 71 165 156 186 150 129 33 150 193 143 112 82 47 136 102 131 39 79 43 60 15 92 61 79 29 140 158 65 62 193 101 115 43 85 101 5 187 41 145 60 26 6 118 107 121 65 54 112 100 88 16 132 50 8 
81 196 20 179 152 118 19 182 161 3 188 190 45 18 49 191 38 17 69 17 64 192 18 192 8 136 59 127 155 101 48 13 200 49 173 28 86 197 171 52 18 78 169 38 146 26 110 7 37 119 17 146 80 24 3 80 121 106 154 50 21 151 70 56 27 147 100 6 99 34 63 132 25 131 170 76 56 148 135 143 28 152 83 148 158 152 190 75 86 77 34 50 101 22 73 95 151 103 128 5 
129 121 9 200 44 54 56 131 4 152 137 163 64 173 34 108 110 170 165 114 111 198 199 78 104 44 199 41 168 181 2 79 111 188 30 187 14 31 105 97 42 84 119 91 78 155 31 87 29 190 141 175 74 42 156 6 118 168 50 121 114 23 172 149 22 178 75 27 120 141 110 128 106 52 127 100 104 82 163 151 13 78 193 134 72 166 20 171 105 172 60 94 9 127 125 164 68 97 29 156 
161 196 83 156 105 22 29 78 161 132 80 147 87 6 178 10 105 177 102 47 163 115 73 44 46 6 134 64 43 126 150 122 97 69 173 141 197 111 117 191 8 60 130 52 6 136 86 59 168 102 61 7 6 127 47 151 169 15 157 98 2 97 85 61 27 68 121 161 101 41 138 110 176 138 112 22 43 171 139 6 15 30 179 135 54 17 130 55 14 35 190 30 107 25 15 3 158 74 3 170 
82 168 20 187 87 198 193 115 30 160 13 49 35 199 8 32 67 171 66 90 116 51 77 27 19 81 120 54 19 140 139 155 68 20 157 55 83 78 102 136 34 15 190 167 189 80 30 13 89 80 10 179 49 196 128 150 86 170 123 147 110 200 76 150 21 124 128 49 13 71 150 156 2 76 148 1 123 34 122 83 14 115 24 138 112 103 95 59 14 22 130 70 3 14 93 195 109 96 15 163 
78 40 125 43 146 125 60 20 187 57 186 168 96 4 190 185 198 168 184 103 62 172 116 181 43 54 95 197 184 10 34 68 82 33 101 1 124 188 13 95 165 138 19 8 20 42 174 13 65 64 101 173 119 114 134 4 66 121 135 57 173 7 30 22 61 21 105 91 30 89 191 1 168 102 164 179 45 154 2 163 54 28 31 144 79 68 102 62 193 199 104 39 17 116 140 78 183 58 25 34 
145 23 184 143 6 171 95 125 96 147 94 27 198 127 158 144 200 198 76 98 181 22 29 123 147 96 185 198 71 199 200 12 11 87 89 102 65 7 45 61 194 56 161 148 43 19 9 111 193 198 148 122 30 110 29 170 169 20 185 112 117 71 63 161 120 163 41 148 151 58 195 130 159 18 166 37 82 32 129 151 168 92 143 19 157 132 181 22 162 13 111 134 92 51 136 166 20 186 139 1 
3 132 24 31 43 119 8 140 27 112 181 145 25 165 153 58 110 97 34 90 53 47 8 18 132 37 141 166 161 200 191 26 20 190 36 26 12 101 15 9 148 113 62 167 24 5 20 136 189 149 136 64 21 154 117 137 182 71 9 148 82 93 200 127 62 10 132 184 19 187 130 157 25 82 180 69 38 92 161 150 88 170 121 126 1 172 172 173 113 1 95 91 166 56 32 75 29 131 163 55 
72 175 88 67 146 101 37 152 152 72 161 57 122 15 190 105 92 76 188 76 151 127 114 143 164 40 32 61 57 166 181 48 167 187 159 131 124 34 98 159 89 139 50 109 80 31 14 76 6 112 54 174 49 133 187 143 168 114 85 170 145 85 135 66 169 76 64 195 110 171 52 51 2 89 192 78 102 129 91 128 38 174 40 142 153 138 88 64 9 69 49 67 76 70 27 48 175 182 121 198 
183 138 109 113 174 180 167 111 100 190 23 154 35 168 75 102 129 123 6 127 53 121 2 21 151 66 15 68 83 75 37 185 8 179 60 9 138 153 109 169 70 132 155 109 11 84 75 121 47 60 115 174 141 144 121 59 171 36 138 88 119 200 131 126 47 114 5 79 59 46 9 84 136 127 172 114 191 53 77 53 118 49 152 66 170 37 10 194 21 142 20 63 180 7 157 132 104 158 64 115 
38 43 143 112 162 107 139 199 5 73 34 4 142 103 121 15 57 167 25 14 181 164 155 76 20 146 191 62 167 72 52 138 181 81 90 53 199 198 160 147 57 181 152 118 16 81 142 49 198 59 71 53 157 158 120 179 189 1 175 63 174 124 56 14 88 127 22 35 152 186 189 94 55 184 106 99 3 167 136 199 138 44 61 10 1 114 152 94 8 72 34 24 28 4 143 195 53 48 102 42 
188 139 119 89 27 81 117 173 54 175 191 49 63 44 17 169 190 117 199 3 130 198 129 192 191 34 18 110 15 65 193 75 90 149 80 191 175 179 10 83 198 116 196 54 77 33 123 181 33 161 86 117 172 93 24 64 151 126 48 187 167 133 126 147 149 89 55 29 153 142 58 39 94 28 105 3 190 78 112 198 62 97 123 3 153 107 114 53 138 194 59 197 56 141 194 52 132 120 45 39 
138 11 91 139 80 200 139 163 27 190 200 178 57 177 133 58 67 193 130 47 190 44 40 139 170 50 114 93 20 13 178 150 136 103 58 95 144 129 104 177 158 96 147 12 25 26 87 187 67 99 114 67 5 145 95 17 166 200 21 30 192 116 73 116 6 157 12 11 85 118 99 172 90 163 106 136 119 6 42 87 180 116 128 20 36 3 146 195 159 31 173 94 153 68 74 170 191 130 62 81 
26 1 18 119 192 102 101 52 181 101 54 158 46 191 200 148 89 167 9 137 26 25 97 10 123 42 148 185 137 42 181 62 48 71 22 153 64 119 136 170 64 2 136 112 89 61 153 2 83 184 50 46 88 117 188 80 106 124 98 140 129 6 147 40 47 131 112 111 84 142 88 58 168 127 29 123 199 180 194 185 154 115 159 150 129 145 70 147 74 131 148 7 15 17 16 108 191 44 11 69 
163 159 67 23 36 96 6 133 138 125 103 36 46 127 117 3 11 38 87 97 14 35 125 43 66 55 170 147 88 47 191 48 35 166 180 82 14 154 46 8 24 36 33 1 183 123 30 113 173 158 149 70 31 42 12 87 154 32 49 176 109 182 33 91 128 112 71 59 150 85 82 122 56 179 143 194 188 109 196 112 72 181 159 94 36 52 58 64 189 19 81 171 122 141 136 167 142 135 109 71 
115 26 67 110 90 54 154 5 130 2 162 102 155 147 42 83 100 72 159 152 192 123 182 58 84 82 138 150 179 39 63 126 151 183 17 145 192 4 142 183 51 158 177 181 170 175 84 66 77 57 127 128 111 32 114 5 77 11 31 186 157 63 27 188 178 41 181 158 28 1 31 138 28 73 131 65 81 59 147 129 31 111 19 123 14 29 120 41 115 177 43 193 186 13 21 58 10 141 84 156 
48 143 53 158 131 119 44 10 44 123 60 19 75 152 122 4 155 109 78 76 46 16 81 142 148 195 22 49 6 18 16 43 125 129 62 23 155 168 183 165 88 56 28 170 196 192 193 187 23 123 97 147 143 42 149 82 200 18 26 165 102 54 89 138 153 172 5 175 113 163 195 167 8 126 63 13 182 6 180 9 63 54 105 134 72 6 119 146 71 147 59 23 136 133 191 159 182 99 5 135 
32 92 133 131 188 91 103 44 71 50 27 163 135 124 139 197 64 79 149 39 133 22 190 154 167 87 9 4 159 1 161 71 71 121 135 186 185 92 166 69 138 135 75 156 200 91 117 81 15 106 158 64 17 149 107 40 105 177 200 106 154 181 123 130 142 133 139 31 84 37 46 170 137 42 45 65 127 194 75 16 40 112 159 28 158 141 193 62 182 125 194 134 124 103 200 103 123 141 22 139 
41 14 73 182 17 159 64 128 26 76 109 80 118 105 29 175 85 200 182 100 130 180 199 47 34 69 191 112 25 17 90 93 199 96 31 197 198 200 189 174 73 197 132 71 34 88 197 141 54 31 84 125 106 50 98 24 54 118 86 87 167 118 70 164 198 35 67 124 118 127 111 107 200 171 96 47 4 50 63 193 190 89 136 27 84 70 34 137 40 103 176 116 44 138 118 147 11 18 160 47 
127 38 173 106 120 131 11 136 156 97 43 92 168 179 195 191 171 4 15 49 199 21 55 188 158 82 11 144 148 43 19 142 187 38 12 132 17 63 91 184 183 156 40 37 133 116 118 145 151 14 156 106 108 59 143 10 53 77 109 160 103 78 191 56 11 29 196 126 3 103 6 173 31 187 142 60 17 79 198 175 125 58 25 150 24 13 175 200 164 33 44 63 123 135 130 20 117 150 108 135 
124 1 74 137 173 49 13 123 26 71 3 61 172 163 172 162 90 190 188 173 172 148 161 193 18 61 184 42 65 110 77 143 5 142 103 26 45 157 52 168 78 189 89 80 145 162 42 152 68 4 111 138 109 19 13 109 20 156 23 185 26 68 115 24 89 149 76 17 107 180 95 184 156 200 66 122 158 136 97 70 146 164 88 25 99 198 68 193 99 50 143 16 41 84 65 147 189 72 6 117 
86 52 84 1 151 17 84 179 110 6 63 132 133 69 130 190 193 194 116 78 163 177 136 125 76 36 108 179 160 43 127 86 150 97 22 137 200 115 45 5 102 151 188 141 84 87 121 101 160 118 143 48 122 162 200 110 153 15 45 66 108 170 197 137 134 192 77 37 141 154 107 134 81 155 40 5 170 194 81 47 101 10 35 56 94 183 11 139 112 57 26 181 184 189 147 177 37 12 162 149 
113 88 63 137 24 163 129 167 149 97 145 118 106 43 150 18 76 133 197 139 21 125 198 145 166 5 60 193 85 36 81 37 93 133 88 34 125 58 130 157 98 6 179 4 109 68 150 32 37 67 165 87 101 67 126 67 197 126 150 138 146 110 157 173 79 117 88 107 27 166 137 142 37 128 189 86 55 6 98 123 111 179 89 8 134 150 73 176 106 108 17 152 115 73 45 63 2 60 95 19 
91 73 105 179 35 137 130 122 180 5 192 169 42 134 71 54 82 5 69 177 131 102 143 25 2 97 55 171 56 49 65 199 192 77 31 139 183 74 158 168 110 42 28 47 184 111 34 16 92 118 169 45 154 139 25 95 75 128 12 143 81 62 108 135 132 52 118 49 103 176 111 46 60 167 24 4 174 164 194 193 68 193 191 200 13 20 143 64 179 89 145 17 41 84 21 135 152 175 194 149 
179 199 134 113 62 37 12 152 5 167 149 187 26 176 59 142 95 93 11 182 161 82 108 174 162 143 94 79 117 54 94 77 95 165 40 124 167 8 198 10 168 62 143 190 99 43 106 84 198 149 53 50 75 179 182 95 150 32 161 87 53 175 5 19 158 116 34 92 60 172 116 107 28 195 97 34 186 132 136 10 17 160 115 160 7 142 110 135 157 81 99 190 129 1 97 88 173 196 46 127 
10 55 42 180 10 15 14 143 52 200 182 133 178 162 67 68 21 161 179 38 140 199 74 192 29 171 123 150 130 72 103 90 17 177 13 194 87 131 53 95 124 178 96 188 75 66 111 17 157 11 122 89 59 16 14 190 192 21 92 115 189 154 94 95 51 25 26 64 34 166 36 75 14 94 117 156 53 54 155 70 47 144 49 169 97 28 159 139 66 134 162 36 66 174 162 75 28 65 91 117 
7 4 48 165 164 182 22 93 49 4 94 119 68 77 175 177 195 92 1 40 10 30 23 127 86 68 95 61 92 138 39 167 11 139 139 197 77 192 148 68 33 89 67 25 93 126 106 89 24 184 3 40 33 64 102 109 25 125 104 187 125 195 117 61 48 85 57 148 14 95 63 87 182 128 155 139 37 39 9 31 35 180 60 24 134 81 116 169 54 24 180 86 21 31 128 73 59 185 190 69 
20 139 37 18 99 32 188 48 138 85 118 23 98 129 80 182 80 89 41 151 153 87 125 125 13 160 114 121 156 116 149 97 23 176 21 44 7 32 96 54 192 89 146 12 149 28 160 24 172 37 75 10 7 166 60 113 190 53 166 197 10 139 35 87 68 150 118 158 41 119 172 177 180 23 138 163 135 134 189 171 93 97 24 24 198 132 44 153 73 85 148 116 140 106 164 60 193 106 35 76 
173 39 166 190 72 6 171 111 154 200 152 40 46 59 14 92 43 34 33 87 150 200 17 140 158 27 24 170 187 173 193 67 166 56 52 198 27 72 132 85 58 163 56 56 42 164 58 26 88 149 187 68 147 63 28 27 23 80 90 74 118 160 108 195 156 50 30 160 103 26 196 145 17 190 57 164 72 81 63 107 36 99 15 4 83 160 122 131 91 16 182 87 160 141 151 126 155 29 165 189 
31 85 102 13 98 134 160 174 188 115 125 133 46 200 173 22 120 157 158 137 194 84 198 165 72 124 185 196 174 195 116 145 174 122 181 8 109 150 48 19 166 89 186 143 110 191 142 125 92 180 94 49 9 150 11 8 143 20 39 18 92 180 110 110 176 168 39 163 137 107 29 138 34 1 69 89 115 14 22 200 138 59 67 1 193 120 109 181 10 135 34 60 107 122 195 186 153 98 38 55 
160 115 36 116 193 71 5 45 169 129 185 154 13 76 182 159 192 82 174 170 12 149 6 131 61 53 128 76 22 171 193 74 103 96 16 166 67 93 50 106 133 137 161 114 43 165 18 57 59 186 21 102 86 174 179 189 200 137 81 16 125 118 156 20 99 54 61 156 92 35 29 120 82 134 163 53 140 19 58 39 10 197 9 34 191 43 200 65 186 190 151 149 85 103 50 145 32 166 22 4 
49 121 195 84 147 112 54 60 144 89 60 162 100 119 23 32 151 160 77 137 154 45 140 187 19 171 180 7 62 9 154 48 145 43 25 24 40 76 100 31 144 21 13 196 51 126 108 56 194 25 36 104 112 29 193 18 29 186 84 134 135 67 105 18 28 91 29 163 178 38 98 165 134 85 23 167 165 151 57 114 189 122 168 93 123 134 13 123 41 156 80 27 89 14 22 121 187 176 182 66 
102 6 105 56 146 154 68 103 112 176 123 30 127 159 79 180 187 159 194 142 169 114 154 109 81 16 38 61 188 178 130 178 126 45 137 179 160 1 17 30 164 139 65 49 148 179 138 194 143 79 183 118 89 181 110 14 12 31 1 150 174 166 34 67 32 31 135 49 183 145 66 6 91 116 95 87 125 166 188 144 113 79 70 135 162 183 112 155 93 187 184 149 142 181 159 124 126 119 128 178 
55 79 135 134 72 126 95 96 99 9 158 121 180 143 105 194 7 117 152 52 182 72 101 51 5 62 165 151 33 100 116 83 128 56 172 145 86 100 31 75 199 104 162 44 107 55 131 52 181 119 28 71 52 7 160 104 56 122 63 33 99 135 38 186 41 24 3 35 127 174 3 61 110 191 68 21 145 185 196 77 157 135 103 110 200 47 195 122 93 72 131 172 145 93 2 41 100 124 176 96 
73 130 159 64 118 16 60 79 43 71 50 54 113 142 185 133 1 93 81 165 146 70 54 83 109 90 146 157 11 102 154 42 175 25 134 157 169 144 105 181 74 1 53 198 112 193 152 125 129 185 24 101 25 116 3 191 47 84 42 135 30 185 109 101 12 89 195 76 125 41 152 184 143 37 12 177 85 161 158 177 194 166 53 52 21 139 164 69 113 135 129 166 193 105 139 172 111 28 35 124 
89 150 31 71 93 145 141 10 6 12 71 115 70 161 20 89 135 124 90 38 19 180 73 155 74 194 11 37 93 139 7 173 87 26 62 76 111 29 7 163 98 167 161 197 141 33 4 21 98 124 72 67 120 14 148 27 123 77 191 124 92 196 119 122 165 197 48 78 2 69 128 90 183 73 190 75 125 54 161 200 140 98 150 95 34 66 163 154 124 145 46 21 112 104 140 174 96 184 137 91 
85 61 71 149 156 162 148 69 123 115 38 71 170 75 185 135 199 27 10 178 9 163 127 65 158 142 31 70 159 6 197 136 99 90 176 38 54 77 155 44 92 194 47 112 5 10 21 3 11 28 33 115 127 138 71 114 156 155 66 79 163 170 117 69 21 5 174 124 110 151 179 59 67 19 84 131 185 122 173 15 148 63 17 127 176 133 14 1 169 107 155 82 52 56 158 72 18 121 192 184 
14 15 27 11 179 30 2 96 104 118 99 85 105 67 12 102 5 174 143 146 13 172 57 10 168 30 181 137 25 157 15 193 130 23 153 168 186 187 85 93 141 159 26 32 195 113 7 68 113 186 48 92 33 187 175 102 59 180 84 64 126 192 175 54 149 77 43 183 171 1 129 138 193 173 166 72 163 186 6 97 69 200 165 103 183 109 54 65 139 9 119 77 19 179 100 118 7 176 11 123 
196 91 102 38 58 120 158 123 12 70 90 198 106 111 183 97 106 136 143 70 44 157 174 193 42 40 78 52 143 190 188 16 175 148 154 2 42 42 159 93 74 143 107 129 12 22 137 72 32 23 15 115 71 150 25 87 180 68 38 31 104 117 137 149 89 182 124 147 50 29 141 177 8 90 196 15 136 20 69 107 79 83 3 67 38 94 59 59 50 175 89 157 159 157 45 142 28 186 181 4 
41 79 1 197 22 189 40 184 54 142 31 103 108 155 28 43 119 39 110 183 14 15 155 6 79 36 127 198 99 43 107 118 152 157 180 82 197 58 45 24 146 89 180 91 160 81 52 132 196 114 192 38 11 151 102 181 53 97 130 99 125 160 27 27 172 171 193 42 156 142 128 44 106 117 121 31 36 18 62 61 32 9 88 102 127 15 9 174 43 34 44 14 134 159 45 6 88 18 132 19 
144 112 198 174 148 25 120 41 73 190 107 1 13 115 85 150 69 94 79 129 152 82 129 40 113 125 173 12 13 69 34 191 118 72 185 41 143 1 151 96 11 138 83 143 150 143 122 149 69 197 62 187 79 56 167 63 155 172 24 42 28 144 166 151 147 178 11 3 48 129 162 178 22 78 49 196 96 25 38 45 55 197 124 181 71 178 4 156 69 141 63 11 147 104 157 111 90 21 198 68 
104 181 190 134 63 167 132 40 115 165 112 47 183 118 91 13 165 185 44 140 41 194 64 108 11 11 115 14 86 99 112 156 145 119 16 1 2 196 111 2 147 6 113 182 88 128 8 174 142 52 174 100 86 145 91 91 26 181 22 125 191 45 175 19 87 124 133 198 88 9 52 177 188 21 26 68 165 124 26 90 141 126 1 183 161 50 178 117 195 135 96 99 115 67 166 177 101 127 137 47 
121 78 47 104 176 10 93 190 18 68 25 157 110 200 67 120 94 74 23 51 141 190 86 150 104 196 166 37 103 80 2 1 136 34 137 38 13 12 104 10 154 45 3 39 96 199 193 59 103 164 98 78 53 1 178 182 67 165 25 119 172 61 157 53 110 168 79 28 141 95 111 91 175 33 55 103 153 62 47 134 176 122 113 187 88 29 199 153 198 65 139 130 84 176 27 144 136 127 162 35 
123 19 136 170 121 99 181 117 154 63 150 115 64 154 129 85 77 166 76 169 168 57 28 35 169 175 5 40 155 106 139 91 110 59 51 161 66 68 151 186 66 22 83 160 75 105 91 129 52 158 56 7 92 126 71 103 79 31 189 172 122 175 194 5 169 53 175 14 60 199 117 17 154 85 156 89 165 148 91 100 30 101 89 22 189 195 172 47 77 87 164 149 69 7 47 17 147 105 108 162 
4 121 28 120 75 98 185 30 168 2 67 160 130 53 5 169 175 47 105 126 107 151 192 49 198 3 132 97 119 113 119 161 186 12 171 132 1 95 73 97 105 50 141 63 137 73 19 87 86 45 90 61 100 1 172 174 181 153 75 97 142 165 102 150 197 22 175 40 117 152 75 26 180 91 110 81 21 89 86 6 9 180 168 125 103 95 184 193 139 39 49 41 26 200 102 143 27 189 139 101 
14 61 71 121 197 19 74 5 21 60 193 83 126 108 2 73 184 53 177 136 26 104 79 17 183 41 68 73 102 90 125 154 105 28 176 193 105 14 94 185 73 160 123 119 97 122 161 8 156 184 123 164 113 106 150 190 127 27 89 111 17 111 13 162 186 198 200 118 200 192 101 153 70 186 62 37 107 174 141 45 137 10 32 170 150 195 22 82 11 55 152 172 140 74 86 43 36 42 132 1 
26 156 152 2 130 121 82 64 170 120 192 76 62 65 40 113 145 21 50 77 109 172 114 63 189 25 29 144 34 128 107 95 90 166 88 129 162 48 80 177 51 75 169 93 162 25 7 182 118 61 100 69 54 191 174 171 70 114 94 20 198 120 104 135 170 161 187 159 4 128 130 107 198 101 78 163 64 107 33 183 134 106 65 20 197 19 95 86 105 198 183 6 120 45 80 146 86 140 17 100 
187 161 96 6 161 190 10 14 152 107 194 87 19 61 126 126 119 16 4 25 96 1 5 40 183 64 174 32 197 113 56 117 154 18 36 199 116 20 105 149 84 85 99 92 104 18 125 182 133 9 184 151 87 17 18 134 105 56 63 116 45 116 147 20 73 70 1 123 10 89 62 199 80 123 19 147 147 72 130 100 143 10 77 119 97 20 76 105 77 1 199 27 178 157 156 65 7 45 154 136 
171 10 166 5 26 154 195 185 159 35 118 37 64 113 118 130 28 87 52 37 28 86 2 152 91 128 183 161 165 55 151 50 125 137 144 147 6 139 62 38 22 12 103 158 95 59 139 96 132 23 148 71 49 111 2 40 52 87 180 100 122 37 174 55 24 13 35 51 20 158 53 145 63 106 23 131 14 69 158 66 62 49 183 92 182 63 10 39 22 150 121 166 179 90 158 64 77 27 184 33 
59 147 63 126 60 92 115 134 55 124 1 40 47 131 90 109 70 30 40 53 183 120 58 153 97 24 189 77 179 121 129 171 181 156 34 25 63 9 59 114 80 182 27 89 118 146 175 192 89 15 121 165 65 84 135 179 101 124 109 133 12 168 186 62 180 3 15 114 123 16 99 182 186 131 64 7 157 24 12 160 150 24 12 118 59 36 130 41 15 190 32 81 83 24 138 139 110 115 110 151 
71 79 162 82 122 33 17 74 86 11 130 118 103 100 41 195 133 11 28 2 9 79 123 70 25 179 34 2 65 97 41 64 165 31 12 112 74 68 128 77 85 180 190 189 14 186 186 91 182 96 96 35 81 38 74 55 173 104 79 42 24 125 148 128 57 55 117 122 10 41 59 189 124 187 128 14 184 56 52 173 119 30 8 167 142 60 39 2 188 74 45 61 30 18 31 139 97 195 134 1 
55 182 42 122 189 195 193 94 175 97 150 2 191 4 84 154 62 33 94 45 176 98 116 195 157 125 170 79 144 4 5 102 83 49 171 168 57 122 12 184 113 118 96 61 118 18 71 20 137 28 92 184 132 24 198 160 163 7 24 172 171 144 26 54 42 72 25 17 95 97 156 164 98 1 138 111 31 119 137 90 71 123 194 24 71 12 159 139 39 141 109 48 97 13 133 117 122 172 28 42 
95 114 196 35 15 185 64 46 44 94 57 111 2 92 169 90 105 61 24 26 182 24 157 75 161 61 124 121 108 40 138 7 35 103 130 45 9 127 165 111 157 112 14 108 153 47 183 125 106 44 125 153 189 152 21 127 39 26 105 100 16 84 178 71 46 94 152 198 58 44 56 185 112 44 24 46 99 16 192 14 175 101 128 144 187 7 73 99 178 7 73 97 106 178 153 139 175 38 171 32 
109 175 31 84 178 84 159 94 181 98 125 121 126 112 151 142 109 111 82 58 160 176 119 68 51 184 21 146 191 85 38 49 178 145 101 119 20 137 164 142 194 196 183 30 51 133 30 14 148 60 186 59 41 192 195 57 37 82 35 160 30 100 142 163 187 179 3 180 189 46 90 145 137 130 76 80 7 68 158 175 29 65 37 66 70 98 62 76 158 192 5 128 173 115 31 30 194 178 47 31 
52 64 101 91 11 85 18 93 157 43 99 193 55 60 95 99 188 27 28 54 76 183 99 95 153 58 123 76 85 13 100 95 21 163 35 36 47 17 83 65 99 104 60 12 34 98 117 198 173 158 50 38 32 98 10 34 37 86 71 113 11 173 124 32 51 16 161 37 139 182 58 11 89 22 70 196 163 125 7 192 181 81 93 57 60 47 145 24 118 45 15 156 49 123 38 44 186 33 38 162 
46 112 88 30 131 88 119 133 197 96 81 183 126 96 172 69 152 137 69 93 134 152 7 97 187 64 78 47 35 159 121 113 172 180 182 35 53 196 198 73 78 71 48 4 66 169 35 169 154 54 27 189 86 107 114 122 7 24 153 88 144 23 28 37 122 121 153 79 13 120 117 76 155 16 62 145 135 36 196 18 108 134 173 46 84 8 184 157 168 107 115 97 58 96 75 193 57 175 49 31 
37 90 103 32 74 56 82 182 199 73 153 145 67 168 85 173 145 172 5 53 102 23 116 42 156 144 147 195 34 171 159 128 146 127 64 93 86 61 160 93 49 156 180 31 183 12 71 99 145 183 166 87 97 142 85 166 90 85 151 2 84 82 159 8 93 84 18 38 91 197 67 56 114 93 60 18 23 74 168 144 199 187 169 69 23 98 120 103 26 176 119 96 83 179 38 162 137 64 73 194 
92 172 111 168 134 83 191 17 47 8 51 22 56 23 43 2 138 118 166 168 184 79 76 144 21 70 46 134 131 126 192 144 199 111 51 119 93 94 54 151 145 154 64 59 92 159 158 19 55 10 82 134 71 45 44 31 103 20 54 138 60 76 195 75 90 46 85 69 176 189 191 55 57 65 185 167 99 62 54 196 46 195 37 151 193 197 94 127 40 133 91 113 27 66 153 185 60 192 44 79 
184 177 59 150 2 39 33 148 178 192 72 4 41 140 178 113 49 77 88 17 120 15 142 101 20 54 121 151 72 164 101 59 105 32 50 145 84 127 31 126 122 112 178 55 80 14 69 120 156 48 58 20 30 187 138 100 40 128 151 146 2 185 29 79 4 143 59 181 144 158 149 56 35 42 33 56 144 182 55 74 182 25 70 146 148 31 37 194 197 97 149 118 33 75 2 158 35 51 169 38 
160 30 113 50 154 158 200 91 113 14 181 80 172 2 117 124 56 143 174 99 174 171 87 104 145 175 104 74 19 58 121 104 169 166 153 176 35 50 61 148 129 176 150 157 10 126 26 123 49 172 16 178 26 93 24 56 137 87 77 145 106 165 16 4 35 78 38 195 153 32 109 58 157 157 111 150 86 30 98 76 161 148 3 137 49 108 9 4 78 178 142 20 11 58 184 91 174 13 190 197 
173 47 185 78 18 195 41 97 131 33 175 85 179 4 68 194 85 14 151 164 92 33 3 68 183 26 163 173 32 135 150 73 137 162 192 154 135 20 198 163 2 32 2 45 33 106 78 12 129 92 40 69 59 123 170 38 94 99 101 178 166 192 114 200 184 164 33 172 174 90 91 104 87 83 161 185 16 138 191 55 122 184 183 53 72 53 144 78 91 98 148 118 81 81 5 200 149 85 183 87 
9 175 28 60 2 149 168 90 177 106 176 69 97 187 109 112 136 184 129 59 3 63 61 174 180 14 25 43 185 184 98 111 61 55 104 164 64 169 179 115 78 171 74 161 82 140 132 145 126 144 68 53 103 190 61 12 171 70 83 11 44 160 44 22 77 86 27 58 58 19 109 76 42 53 138 43 135 175 11 71 84 105 180 87 59 159 55 165 80 96 71 173 36 100 18 18 197 111 195 170 
138 30 192 47 144 137 14 92 151 146 194 157 180 131 8 163 98 49 120 8 110 180 160 114 10 133 144 1 111 23 187 148 169 46 107 42 6 196 81 36 46 119 119 130 133 166 198 65 177 61 61 122 130 155 188 79 185 55 120 50 66 4 164 90 32 150 33 107 109 109 105 112 161 69 86 137 138 123 177 82 42 142 51 104 12 123 47 139 184 156 184 14 25 165 188 123 145 170 183 1 
33 51 28 100 20 64 20 64 125 45 16 30 92 103 11 176 167 193 50 7 194 186 4 193 121 53 135 93 73 109 64 127 41 87 2 179 88 61 58 74 31 61 19 33 15 10 165 168 119 147 30 126 167 48 12 161 177 51 18 114 155 30 81 78 183 12 91 13 42 184 2 32 49 119 146 43 19 93 106 5 131 76 133 161 110 122 30 17 191 152 22 36 115 27 7 143 186 129 40 153 
172 198 119 169 157 21 137 63 96 4 200 194 94 69 135 102 43 169 32 149 131 71 61 199 36 192 18 74 9 85 21 71 20 143 28 12 163 27 38 72 110 199 100 133 15 200 141 157 60 12 49 41 7 153 33 46 118 22 76 17 120 66 99 121 9 126 83 15 170 175 151 37 71 144 103 142 170 16 30 143 134 119 180 129 13 120 91 21 115 69 147 112 176 65 18 46 150 19 10 12 
159 147 68 46 79 44 94 127 39 96 28 84 115 177 169 96 179 200 198 115 199 40 162 163 59 199 131 109 102 158 144 20 154 91 167 47 41 3 198 65 137 11 39 146 128 106 150 162 77 73 102 191 6 142 112 140 192 82 56 147 51 163 61 101 48 161 19 173 147 163 68 75 44 5 70 130 158 32 183 70 164 77 115 21 182 23 110 99 5 148 199 195 174 155 105 68 114 183 150 65 
20 86 131 161 184 106 24 32 73 107 87 138 28 174 72 129 126 105 101 31 147 178 20 164 130 7 186 103 102 91 28 14 112 124 180 130 90 165 70 90 92 85 11 64 169 7 46 59 156 158 58 98 142 154 124 173 190 48 60 71 160 53 192 28 191 101 164 116 23 93 15 38 183 53 6 26 117 165 12 19 154 61 5 50 55 50 81 146 126 76 99 11 65 176 133 178 27 80 128 72 
89 89 113 14 1 19 33 175 123 173 117 36 171 169 155 195 148 33 104 73 151 153 168 3 44 165 152 174 91 31 49 29 55 106 117 80 80 32 131 5 2 182 120 33 193 194 58 111 63 5 81 48 65 164 196 140 153 159 177 139 184 16 101 74 176 75 36 93 104 136 162 158 65 108 40 38 197 96 53 135 188 177 5 153 83 11 48 89 182 150 60 182 65 113 91 30 111 85 49 182 
103 157 144 153 122 90 13 192 96 72 196 95 35 165 177 78 153 192 70 140 175 95 88 131 117 19 64 16 143 116 88 60 30 122 11 108 95 176 42 154 108 81 65 197 179 44 145 107 44 62 141 76 77 24 96 76 118 132 18 142 138 53 149 151 75 35 125 196 196 78 31 47 151 45 32 105 193 184 115 98 200 172 69 99 13 169 14 75 51 140 4 141 143 42 35 120 64 200 187 17 
98 99 29 85 193 157 170 187 83 168 170 180 19 138 89 73 140 175 57 166 110 22 145 178 107 80 79 164 58 48 9 135 13 143 57 189 11 80 40 84 7 140 71 37 39 179 79 6 128 53 42 192 172 131 173 139 16 54 8 2 101 47 73 133 10 86 125 107 39 190 28 10 47 80 142 182 104 99 105 106 137 91 44 156 5 3 154 140 92 89 54 193 117 195 46 6 62 121 120 94 
45 199 18 113 101 197 186 156 146 26 190 19 105 176 63 25 114 24 160 1 70 23 38 27 191 66 92 87 145 189 67 31 61 49 177 19 135 138 76 14 35 23 81 48 97 35 69 22 59 179 105 11 54 174 25 106 94 116 99 42 185 29 127 87 4 4 101 125 184 195 166 59 191 84 85 107 61 154 141 88 34 180 2 196 144 155 33 34 60 147 12 15 101 99 171 24 92 157 81 167 
145 158 35 180 170 154 175 187 160 11 55 62 74 122 71 92 135 101 167 36 29 100 9 90 100 66 69 23 167 78 58 88 165 71 90 69 190 43 120 160 40 27 35 111 103 189 25 56 41 61 106 65 160 184 89 48 180 12 37 41 180 113 140 115 161 179 148 66 188 38 145 163 188 190 186 166 54 99 184 58 139 21 10 149 15 137 40 8 59 117 112 4 78 44 190 34 158 104 24 200 
120 176 133 104 197 21 148 63 155 130 185 35 199 102 168 121 125 163 33 25 12 73 155 195 162 22 164 70 107 133 176 83 161 186 66 23 105 23 122 172 62 144 11 4 94 72 58 165 79 101 195 80 115 185 132 64 24 60 196 11 176 131 125 99 61 174 167 44 46 115 19 25 36 73 55 186 182 58 54 43 176 119 1 76 54 137 129 32 51 101 184 74 196 19 14 8 129 166 97 198 
