125 4
0
1
1 32 163 1336
2 60 24 156
3 77 143 -209
4 127 141 691
5 133 171 1159
6 269 148 565
7 321 167 1657
8 404 91 222
9 406 173 1790
10 419 175 419
11 475 28 587
12 525 14 609
13 889 172 889
14 965 76 813
15 986 52 882
16 1036 87 1210
17 1224 199 2816
18 1318 109 1972
19 1358 135 1358
20 1377 28 1489
21 1463 106 1463
22 1516 54 1624
23 1517 181 2241
24 1600 138 2704
25 1772 132 2036
26 1806 124 1558
27 1847 20 1807
28 1896 84 1728
29 1905 20 2065
30 2034 143 2892
31 2056 190 3196
32 2127 121 2369
33 2259 142 2827
34 2267 14 2351
35 2556 157 3184
36 2574 14 2630
37 2613 184 4085
38 2721 78 2565
39 2791 99 3583
40 2840 156 2840
41 2851 178 4275
42 2900 164 3556
43 2910 122 2910
44 2986 196 2986
45 2989 1 2997
46 3018 171 3018
47 3045 121 2803
48 3071 180 3431
49 3075 40 3395
50 3198 45 3198
51 3420 6 3468
52 3534 9 3516
53 3662 200 4062
54 3851 48 4043
55 3978 158 3978
56 3985 8 4049
57 4127 3 4139
58 4133 177 4841
59 4184 189 4184
60 4298 132 4562
61 4306 45 4216
62 4316 125 4816
63 4323 151 4021
64 4361 77 4669
65 4465 177 4819
66 4529 148 4233
67 4562 122 4318
68 4575 133 4841
69 4805 103 5423
70 4806 25 4806
71 4897 153 5815
72 4996 158 4680
73 5027 91 5573
74 5049 73 5049
75 5229 158 6493
76 5240 119 5240
77 5265 143 6409
78 5319 82 5647
79 5321 54 5537
80 5400 193 5786
81 5547 169 6899
82 5630 151 6536
83 5778 114 6690
84 5854 123 6346
85 6042 88 6394
86 6046 160 7326
87 6121 158 6437
88 6146 127 6146
89 6151 66 6283
90 6154 59 6508
91 6177 98 6765
92 6265 78 6421
93 6313 167 6313
94 6323 142 6891
95 6406 197 7982
96 6458 108 7322
97 6479 138 6755
98 6505 123 6505
99 6648 38 6800
100 6755 25 6805
101 6825 180 7185
102 7036 100 7636
103 7296 7 7352
104 7441 140 7721
105 7561 193 9105
106 7688 194 8076
107 7743 74 7891
108 7809 100 7609
109 7986 10 7966
110 8036 188 9164
111 8055 197 8055
112 8184 92 8736
113 8214 31 8276
114 8252 110 8912
115 8274 189 9408
116 8285 56 8509
117 8292 172 9324
118 8368 187 9864
119 8479 104 8895
120 8502 45 8862
121 8527 198 9319
122 8528 200 10128
123 8546 140 8266
124 8644 198 9040
125 8679 98 8875
2 53 76 3 86 32 97 18 4 86 165 14 113 190 81 165 32 103 73 122 193 160 144 116 21 195 65 145 146 36 125 135 121 76 194 125 177 116 16 100 100 33 190 127 119 21 196 143 102 61 49 53 117 81 91 200 64 23 170 3 122 28 7 52 131 35 179 176 95 180 40 136 148 92 36 42 93 117 136 33 165 172 17 25 40 159 13 19 8 74 37 136 25 124 41 14 30 77 110 156 29 112 116 40 200 161 41 16 22 137 35 70 99 70 106 116 136 31 147 147 7 165 57 64 129 
74 88 139 100 150 56 154 119 113 95 114 14 161 151 11 131 47 109 126 124 92 1 44 46 39 74 138 91 183 164 46 160 11 11 56 166 156 37 46 109 80 15 192 142 195 78 11 119 106 180 124 158 194 132 28 97 164 141 44 3 5 89 185 92 173 68 158 15 179 152 18 129 106 126 11 118 95 39 45 156 69 192 53 171 131 165 38 80 64 42 31 178 18 83 149 108 30 199 88 84 15 94 69 192 119 103 115 50 143 181 93 163 23 22 119 124 37 126 22 136 164 13 185 163 86 
178 17 9 191 47 50 55 33 194 90 58 192 20 92 77 34 30 67 175 70 174 87 103 138 161 75 95 46 51 183 114 10 183 143 14 130 69 155 19 144 82 56 2 58 102 180 84 173 9 86 124 54 24 141 112 152 98 165 30 5 129 94 95 178 19 71 153 172 91 156 131 177 101 25 88 162 62 26 159 156 89 152 78 103 26 181 109 53 43 146 194 23 13 95 133 123 130 183 124 133 64 27 165 28 20 186 21 62 73 96 67 183 183 20 105 117 119 183 187 187 28 134 173 23 171 
173 150 192 83 128 139 98 177 171 110 130 39 13 143 34 186 121 121 50 166 24 48 23 55 176 136 167 34 155 28 141 115 98 144 63 22 166 115 52 38 44 198 113 48 21 31 170 122 106 137 198 87 95 44 134 74 62 56 166 47 99 192 181 97 147 160 162 176 90 154 138 64 189 139 82 59 20 64 102 11 75 174 191 155 117 149 128 186 1 100 191 106 177 152 47 134 138 193 27 157 31 76 97 191 79 71 46 185 117 14 43 100 18 58 101 123 127 8 189 3 30 47 181 114 88 
81 119 96 102 92 82 84 96 109 174 94 146 166 182 23 54 148 108 99 33 1 86 165 51 40 130 7 192 67 120 28 53 67 159 43 90 95 135 167 148 87 102 80 111 22 41 98 121 145 185 97 179 138 93 114 24 129 161 71 77 156 90 33 91 101 163 9 57 143 86 5 192 199 80 85 90 161 4 111 186 59 38 19 189 29 50 190 4 129 45 172 194 21 166 43 147 128 157 28 163 157 156 55 189 53 153 1 116 69 151 192 189 82 193 56 43 41 151 180 84 175 188 85 40 168 
52 63 26 131 17 64 41 107 13 77 119 28 192 96 46 100 95 109 132 189 70 2 19 82 148 112 157 60 118 137 93 181 107 79 63 155 186 28 49 175 76 188 61 172 121 138 85 14 180 45 51 130 23 144 39 52 91 38 192 43 146 71 142 99 69 11 134 172 101 64 20 183 44 150 73 66 104 93 160 135 21 100 178 18 57 150 86 164 3 135 84 16 200 132 136 111 11 125 104 97 86 74 170 17 13 91 48 24 37 179 141 110 7 133 72 102 144 23 33 24 65 51 151 184 196 
191 5 141 183 7 191 159 150 93 16 47 111 98 185 182 146 22 196 18 175 182 64 40 154 22 129 115 18 189 31 82 119 112 39 178 138 197 197 104 73 194 1 32 117 95 109 12 94 107 199 34 18 200 56 146 182 80 22 62 135 98 85 77 97 139 30 5 87 139 19 55 185 75 12 161 37 152 125 81 27 81 173 20 21 62 16 54 54 124 9 48 61 111 63 141 138 136 132 37 48 33 155 136 167 62 69 5 166 16 164 76 81 182 56 137 135 130 184 57 114 115 80 14 168 12 
44 7 191 134 68 46 70 150 79 105 116 145 56 97 36 24 55 61 69 134 193 67 151 98 100 121 70 100 153 120 140 89 147 144 64 142 95 44 78 1 35 195 125 62 88 121 32 98 45 165 105 7 48 144 98 75 65 107 70 48 55 88 147 20 2 121 103 64 200 29 157 158 145 47 153 80 131 149 124 134 150 131 128 134 80 108 34 85 75 159 122 200 184 48 70 184 95 122 102 123 140 35 93 137 149 145 20 83 22 128 23 140 192 73 13 183 102 69 103 92 167 4 125 29 174 
78 160 147 30 52 79 182 122 92 18 138 145 117 61 190 68 120 151 93 177 136 105 182 74 130 199 132 128 134 18 78 174 54 200 42 191 28 147 187 155 98 113 100 8 183 65 188 116 9 178 127 60 87 47 55 105 94 19 50 95 92 39 186 76 190 131 178 150 58 96 60 45 4 68 71 23 149 197 67 43 61 65 86 32 10 195 74 66 12 46 87 198 58 43 44 63 112 169 182 54 140 60 59 36 81 127 48 76 179 137 108 61 57 148 103 56 145 41 141 134 41 55 35 3 75 
78 87 197 168 197 40 57 110 175 147 33 16 174 129 52 189 55 161 28 190 75 183 84 131 78 85 188 126 66 112 61 40 172 188 159 123 72 181 155 73 162 119 75 174 26 4 22 17 149 51 149 125 82 134 143 189 117 100 145 95 3 169 162 67 81 136 161 137 179 191 72 177 79 147 69 81 25 121 40 49 107 8 48 67 56 65 36 2 38 43 121 77 62 121 32 174 17 60 101 21 75 30 20 79 23 86 69 10 121 4 140 186 74 156 25 113 124 83 54 151 18 51 140 23 126 
62 152 72 78 90 124 167 129 155 41 53 176 95 56 123 81 91 182 194 174 66 93 157 187 122 137 157 131 32 60 140 189 169 181 77 153 112 59 14 63 188 171 135 24 106 161 21 57 60 33 112 79 40 96 51 33 108 60 106 46 23 100 109 90 147 63 122 91 156 156 107 60 36 191 183 74 65 159 163 55 16 34 19 36 48 84 175 32 43 25 163 113 161 25 175 168 151 170 150 195 4 135 80 112 157 79 143 35 45 118 73 134 125 17 87 103 107 195 185 180 41 21 145 45 54 
32 174 78 105 189 100 125 113 95 168 72 153 108 179 195 53 129 69 182 97 73 28 137 45 188 134 14 121 135 196 79 49 174 24 80 13 72 139 74 50 122 195 33 66 142 14 180 123 107 12 154 82 138 113 123 191 73 38 62 50 175 177 143 170 147 151 162 101 129 58 30 127 27 83 93 120 44 136 54 196 20 74 17 2 104 93 8 160 80 181 145 57 154 40 11 50 194 81 188 162 46 101 97 28 129 65 155 8 159 151 177 186 71 75 59 162 121 101 139 60 145 143 177 129 49 
135 157 4 102 106 50 157 45 131 160 39 166 69 162 53 104 88 82 28 128 58 11 95 184 148 45 74 85 110 157 68 50 138 162 72 1 24 38 84 97 117 104 21 17 169 146 181 66 189 5 38 58 136 124 94 60 19 85 191 2 183 194 121 8 30 116 36 165 149 63 83 127 44 119 189 50 38 129 75 81 198 121 36 137 132 57 120 82 110 139 12 173 128 77 87 93 125 34 142 137 69 144 35 195 180 141 149 92 47 102 72 125 180 137 99 53 156 175 44 69 10 37 82 112 150 
1 81 28 11 42 137 100 97 27 72 147 175 138 48 119 196 90 85 80 172 50 5 48 111 105 107 49 90 164 93 135 6 27 39 192 61 113 156 185 189 86 200 195 112 43 162 114 57 71 77 179 104 38 1 196 119 71 77 63 64 161 9 118 84 171 55 57 145 40 69 66 155 144 103 66 166 139 50 100 160 133 10 170 198 114 74 175 167 15 106 17 170 173 141 41 30 166 22 194 188 151 45 101 130 191 160 165 199 94 52 175 6 65 137 131 43 164 36 114 115 33 47 165 153 55 
43 188 83 68 93 31 146 65 86 142 136 66 160 61 71 60 6 119 62 112 44 130 132 47 21 146 121 180 27 127 154 124 180 163 160 105 82 3 72 185 140 104 57 29 73 145 6 138 125 156 72 198 34 197 32 57 196 49 144 35 64 113 176 9 79 111 109 130 187 121 57 130 102 189 156 63 63 56 10 109 198 124 176 104 10 154 72 116 102 81 134 31 185 80 150 120 96 184 186 153 162 3 61 32 55 35 45 106 153 12 176 196 163 141 40 33 84 88 31 144 34 20 110 146 138 
37 142 64 163 200 93 111 99 53 63 115 52 53 128 142 85 103 86 63 132 126 112 10 113 61 137 115 83 47 81 173 86 17 136 147 46 74 189 53 87 199 88 143 129 108 75 198 42 3 163 20 99 113 92 162 97 142 157 68 47 26 27 11 184 148 56 3 17 67 165 86 96 138 49 41 45 14 129 30 121 6 85 105 127 153 156 2 18 32 67 195 81 78 13 127 15 35 93 107 156 151 93 54 86 47 71 88 53 173 3 197 42 27 151 10 4 47 61 187 187 67 58 99 136 113 
69 33 82 179 142 175 93 50 10 185 63 150 187 130 152 158 37 89 182 76 71 119 103 187 187 68 156 133 74 90 6 26 122 48 175 58 183 39 156 144 33 78 161 175 3 43 12 131 138 91 37 22 195 116 107 29 90 44 26 171 124 117 36 181 174 195 5 33 7 67 150 117 7 181 54 71 195 115 165 192 120 107 84 199 196 136 73 176 197 135 133 18 60 81 186 5 75 170 75 85 54 59 193 103 28 152 43 85 155 67 57 86 58 147 133 45 52 162 112 66 25 8 100 196 111 
66 194 28 25 65 26 127 7 82 118 84 63 197 99 61 119 16 22 99 42 19 58 172 13 137 172 119 13 178 53 187 170 114 9 110 83 34 65 187 9 176 198 133 31 28 156 175 170 35 113 85 131 121 90 13 81 66 171 174 149 173 107 1 38 22 45 53 10 106 113 193 115 189 43 142 48 59 54 65 18 159 76 166 51 20 117 69 11 129 111 156 13 54 35 164 189 108 45 87 151 75 99 119 198 184 170 182 30 152 70 155 103 112 102 159 151 78 106 19 174 15 171 188 66 151 
147 153 20 142 99 85 23 38 163 141 109 59 135 189 110 23 38 115 12 152 24 119 168 108 169 139 40 50 179 143 107 54 124 114 151 145 20 72 92 151 178 54 65 136 64 72 107 111 87 197 114 86 34 133 101 183 197 2 72 20 120 11 90 124 25 43 77 98 7 179 40 59 96 123 127 54 161 89 148 52 62 177 80 71 159 145 155 63 116 28 69 114 134 164 8 131 17 5 162 83 187 39 122 21 192 14 145 102 19 134 196 23 177 82 31 75 157 131 115 199 127 163 77 187 20 
3 15 38 145 103 98 152 50 2 67 158 183 63 81 19 73 30 42 114 14 183 72 108 76 189 120 109 2 186 39 60 17 133 91 54 37 96 50 103 6 86 25 72 152 142 8 73 137 84 56 17 131 71 85 15 42 24 161 155 123 189 72 66 192 22 194 197 139 98 42 123 28 191 60 23 148 101 89 98 59 176 94 185 82 127 122 163 179 35 57 200 42 12 107 107 192 9 93 174 104 190 176 176 44 36 191 17 118 15 61 59 155 141 72 49 87 44 105 156 157 150 105 44 93 150 
105 36 195 114 35 70 103 59 60 52 179 194 162 62 41 168 39 11 7 185 17 93 192 104 108 200 53 51 152 13 32 95 149 197 195 171 141 159 88 123 122 132 100 182 175 26 12 144 125 7 62 144 6 200 13 182 177 137 80 4 48 56 167 83 179 21 41 118 193 158 148 144 46 113 133 76 67 189 111 193 200 96 138 174 155 107 190 42 199 172 140 109 13 83 71 193 113 150 74 43 193 160 45 95 131 192 76 73 161 184 109 105 131 51 138 78 197 145 10 86 98 154 98 87 155 
10 4 196 56 58 54 110 124 72 5 37 168 85 102 79 175 52 17 38 43 97 24 159 13 21 84 113 155 43 158 86 126 154 41 165 10 61 63 164 133 6 193 21 70 1 1 117 38 192 74 23 181 11 78 56 33 147 126 46 39 157 164 100 65 75 114 13 13 191 129 157 170 22 37 50 19 98 192 16 183 194 63 86 4 101 39 34 56 130 74 61 61 130 138 53 188 184 66 175 23 163 132 121 21 72 48 125 79 52 111 79 22 161 200 34 166 104 13 101 164 173 108 27 183 190 
69 35 47 151 175 200 183 192 2 108 53 102 170 33 47 9 47 61 182 38 73 82 38 162 187 92 157 200 80 28 158 142 167 111 160 28 23 86 189 182 140 110 16 182 131 146 178 135 138 158 175 75 179 36 94 56 5 30 180 29 53 154 191 162 182 32 177 78 100 55 35 178 44 184 33 184 155 139 78 18 130 105 128 75 166 163 43 99 63 170 71 33 161 196 103 114 14 149 46 160 112 165 151 45 8 125 33 181 108 169 167 140 46 164 61 78 77 34 92 100 77 131 26 150 33 
113 194 122 50 17 68 3 19 53 72 153 135 186 148 180 63 61 74 125 26 80 165 135 183 69 122 180 45 138 193 66 147 89 36 197 11 42 142 158 49 196 42 22 39 6 12 69 122 106 172 167 113 186 75 22 35 153 28 187 133 123 180 75 124 122 3 98 85 33 100 125 196 189 174 101 188 142 74 97 126 87 114 113 153 73 108 104 23 19 158 113 74 185 145 59 15 33 124 46 165 129 177 140 68 186 22 3 184 36 192 76 140 120 190 114 80 172 31 32 163 127 8 68 138 40 
39 121 18 158 179 105 161 83 177 52 162 33 166 6 22 167 34 93 52 74 6 178 193 37 58 28 52 199 24 192 47 128 188 122 193 136 68 170 29 26 53 147 92 193 160 147 40 78 24 7 123 109 177 75 10 46 106 102 175 186 116 163 35 173 87 105 81 5 149 47 128 199 42 26 195 134 23 19 49 3 57 45 104 168 136 15 196 40 38 140 133 80 116 71 70 129 153 105 132 13 64 197 128 38 13 103 103 48 146 6 50 188 48 73 44 181 72 157 76 62 75 19 175 117 158 
166 42 122 200 176 114 78 126 124 12 102 24 88 11 12 146 132 81 180 56 178 120 49 162 160 155 97 82 27 74 123 96 128 155 185 185 60 198 64 141 10 110 106 8 17 13 60 14 90 110 162 26 14 28 69 124 42 183 62 13 186 141 72 13 58 122 49 34 22 169 183 25 49 79 141 7 167 80 23 123 63 12 14 122 159 182 136 144 169 114 16 56 108 87 119 89 162 152 113 29 80 100 41 175 95 163 58 71 36 112 26 117 72 142 116 112 175 186 52 169 135 133 193 50 133 
120 16 12 4 158 141 71 178 170 124 11 3 29 84 61 57 85 27 155 183 36 7 35 147 117 50 32 47 136 104 168 33 103 125 82 32 96 79 198 155 41 112 94 102 144 125 76 6 122 165 1 89 18 154 10 4 142 23 15 82 136 27 165 110 124 3 58 84 199 74 100 181 9 17 17 187 154 62 98 185 151 39 140 68 146 174 183 127 81 53 165 86 37 178 192 16 103 12 144 53 98 24 109 3 49 35 177 126 9 178 48 103 103 103 166 61 35 70 23 61 71 59 29 52 124 
49 182 71 58 89 69 17 144 161 61 56 41 130 62 6 58 1 34 36 178 191 21 122 26 141 136 84 69 185 103 99 51 168 194 117 97 74 142 169 60 114 50 41 192 195 95 28 20 20 15 108 145 102 67 18 19 90 5 102 194 154 6 66 137 143 97 172 94 54 172 107 45 157 32 100 167 75 144 174 77 33 37 145 45 2 170 175 170 49 181 87 37 162 17 112 43 13 50 34 29 81 12 145 112 118 39 59 101 155 85 37 60 35 31 100 8 69 3 159 76 28 86 97 188 132 
28 119 20 186 192 170 138 68 120 93 135 97 91 68 7 124 90 86 89 132 22 40 115 162 66 37 105 200 36 65 51 106 186 113 44 194 184 17 92 130 14 178 20 179 50 135 55 134 41 186 11 193 117 116 106 36 115 100 191 127 84 40 135 200 91 132 151 83 96 66 82 67 44 157 69 73 85 57 37 119 25 112 43 183 98 156 59 158 102 70 2 82 40 60 142 177 91 147 151 34 88 24 83 127 157 122 77 124 52 11 4 27 120 177 160 188 179 48 90 167 143 51 155 32 167 
197 105 75 81 139 131 54 31 183 12 167 137 58 128 55 152 133 65 192 148 29 190 87 37 45 12 133 169 54 168 82 64 4 95 152 120 197 184 89 194 33 124 26 59 21 158 186 5 199 40 138 161 14 157 76 112 75 197 1 50 92 99 177 17 75 46 179 8 78 12 42 138 97 53 22 86 190 50 81 134 97 60 189 169 23 186 144 15 85 83 146 128 99 189 59 35 129 196 89 104 24 64 162 33 123 141 35 28 177 168 182 127 195 51 19 135 80 189 115 128 136 197 7 141 82 
164 170 82 95 6 51 18 133 197 180 48 116 155 175 40 53 1 129 113 175 36 41 108 51 185 122 118 200 57 196 156 17 84 40 166 4 7 198 200 22 133 26 152 93 197 137 68 96 87 144 54 85 168 121 189 195 141 141 132 118 197 146 158 129 51 182 47 115 93 30 124 72 86 84 18 78 165 175 105 94 106 92 54 183 65 95 133 180 199 172 14 99 66 132 194 151 123 83 64 118 186 81 108 185 108 118 81 143 171 182 126 158 140 64 193 52 101 147 174 139 11 68 26 152 5 
142 107 76 193 1 104 55 113 38 18 33 81 143 179 28 116 69 103 120 156 90 64 19 117 36 88 154 182 163 108 48 61 75 190 128 116 98 45 189 95 37 95 52 66 90 96 120 172 50 181 39 78 32 123 3 7 33 73 130 197 38 132 167 117 123 42 73 115 13 100 43 29 60 6 195 114 104 59 15 185 49 127 55 144 84 126 119 173 110 128 158 150 65 26 59 72 183 97 32 143 144 187 134 158 4 153 124 164 102 84 176 179 176 87 17 120 108 163 77 149 168 60 163 87 161 
30 168 200 172 37 139 128 103 21 146 2 122 28 113 147 113 186 145 199 160 92 125 141 90 6 68 130 70 156 159 25 68 166 84 47 154 190 62 35 161 110 19 86 25 190 121 161 175 54 106 62 18 175 146 23 194 156 166 82 26 174 110 1 148 174 122 48 43 20 10 113 114 122 138 56 179 70 160 116 167 135 150 172 174 92 177 198 117 151 76 178 114 30 10 190 44 136 49 150 99 94 16 9 41 188 66 184 112 9 37 174 135 160 37 59 114 108 97 43 133 151 131 197 138 65 
130 171 10 116 152 195 18 68 74 163 11 70 160 1 149 14 62 91 34 75 186 22 21 118 64 33 28 96 170 43 87 140 91 117 116 192 114 34 97 195 149 116 32 121 95 196 56 102 87 157 56 40 53 84 50 164 30 38 135 128 43 79 87 34 111 114 59 163 128 1 2 11 7 119 12 26 125 112 140 5 180 126 139 61 183 16 82 100 139 34 92 60 29 111 169 195 95 195 69 113 57 199 171 117 165 49 125 87 157 19 86 163 173 29 161 114 158 173 161 66 125 9 170 117 136 
176 5 158 35 151 40 200 53 46 21 178 80 37 6 167 176 75 22 182 65 46 186 88 45 50 82 173 174 27 59 19 114 113 23 67 85 17 179 39 75 151 7 176 164 29 168 176 185 29 79 116 34 76 61 127 24 41 88 50 82 60 180 198 141 172 198 51 112 194 87 15 171 11 153 194 85 17 196 168 25 197 22 114 62 159 32 178 49 12 47 38 152 194 80 190 41 15 139 136 178 62 189 32 70 45 139 153 123 149 103 146 42 144 143 120 76 71 197 114 26 128 175 75 135 30 
80 92 99 37 95 145 45 187 67 140 53 59 67 188 78 87 180 160 41 41 137 29 62 139 65 101 1 58 36 111 130 35 139 8 20 119 41 195 161 178 34 22 198 141 76 56 113 162 60 167 16 195 70 51 3 187 153 43 164 108 75 105 162 28 136 39 73 150 180 26 10 145 14 12 67 165 165 169 114 184 16 156 35 112 153 197 134 126 84 158 85 65 68 21 62 183 115 179 44 70 104 86 26 153 80 181 84 167 26 118 35 98 160 124 75 31 39 142 59 10 92 65 195 59 67 
41 191 141 174 95 93 175 146 157 38 198 163 91 132 89 54 125 12 164 169 93 83 81 63 199 22 63 112 121 176 197 114 73 197 35 145 61 3 25 20 163 111 99 80 10 152 53 103 64 141 171 20 18 141 136 122 125 21 115 149 109 174 141 176 43 190 184 29 22 190 62 157 152 96 123 172 54 40 110 132 110 141 96 5 110 79 197 111 12 66 17 142 86 101 82 126 38 188 93 143 30 40 153 123 79 81 178 114 17 8 104 117 182 53 57 14 68 60 184 89 173 32 132 120 144 
185 163 183 101 65 41 149 5 45 39 67 20 156 46 157 114 22 75 141 193 103 89 156 16 6 99 124 126 133 91 74 72 164 117 146 148 106 51 129 67 173 23 85 98 2 115 45 166 174 148 54 39 192 135 141 102 118 120 24 138 170 143 193 151 34 135 33 180 12 26 28 102 109 96 54 48 99 72 12 50 75 84 83 54 28 173 31 86 115 179 95 7 127 133 108 95 11 4 26 36 80 174 116 28 28 25 15 134 131 164 46 159 65 66 53 184 30 180 53 35 37 79 150 60 16 
82 162 182 86 22 103 113 17 141 103 199 195 181 200 154 193 149 77 3 177 86 199 30 30 187 95 43 96 176 4 40 181 107 105 115 59 65 134 40 53 128 193 187 28 101 29 68 120 131 61 40 76 196 5 33 199 116 128 186 159 16 114 21 185 178 109 191 56 34 175 168 54 167 25 102 22 148 80 6 122 102 137 173 73 147 95 51 169 172 175 176 4 32 128 147 46 48 155 43 12 130 110 25 28 73 145 75 185 112 178 168 183 4 93 67 180 165 152 12 93 136 150 69 187 51 
134 139 193 156 182 99 132 194 162 130 27 122 141 173 154 147 28 56 113 157 59 180 3 182 77 27 71 95 116 14 22 112 194 183 199 157 10 19 59 34 22 37 124 183 109 190 180 92 5 166 45 34 99 94 10 160 192 176 140 36 196 71 110 47 156 61 34 54 141 159 131 185 25 127 111 62 83 89 63 147 2 9 148 168 84 4 24 100 65 58 31 136 178 14 45 6 75 185 53 43 65 2 158 22 74 81 72 27 68 82 163 148 63 5 147 24 12 55 4 112 100 191 131 200 66 
44 189 83 87 185 147 175 15 128 86 154 160 106 24 95 75 188 12 40 81 160 23 148 15 108 191 130 165 70 66 27 118 187 59 177 100 174 80 34 131 74 139 39 111 190 18 99 38 160 123 73 178 111 68 176 162 150 117 112 182 85 115 33 194 162 19 92 171 116 30 139 150 43 190 145 162 152 129 146 168 164 186 56 130 24 126 107 129 125 20 190 3 34 198 165 109 134 143 182 5 113 138 101 62 35 197 169 70 111 161 30 189 58 175 29 145 80 1 148 144 171 59 52 54 119 
190 64 31 110 67 124 159 90 149 137 118 137 85 71 23 176 109 68 87 58 103 183 114 62 145 115 159 4 31 177 111 79 184 199 160 106 129 162 83 196 193 95 3 56 192 193 96 191 40 184 152 200 33 195 124 200 44 168 138 197 53 105 124 36 96 167 91 163 177 26 61 5 58 13 47 70 67 175 102 89 98 117 138 192 39 200 75 105 135 127 78 94 90 123 111 62 168 177 190 63 186 62 146 86 43 66 94 42 55 114 19 127 26 72 31 4 194 46 11 65 30 71 30 178 4 
35 125 129 119 113 88 9 104 66 3 136 183 114 10 169 176 71 123 110 74 154 11 172 67 130 130 83 33 43 49 44 72 18 172 50 99 129 109 90 79 75 97 168 115 89 85 147 174 16 56 7 87 182 192 173 184 41 28 199 121 22 75 165 33 148 74 200 12 139 88 85 188 5 63 166 187 154 185 154 147 104 161 98 8 97 51 102 42 48 188 148 114 100 11 177 161 81 166 161 99 171 181 10 74 152 63 118 16 5 43 5 148 33 76 143 66 15 79 13 129 70 159 20 86 92 
152 172 7 109 165 78 196 9 160 182 90 192 171 166 136 12 185 32 183 175 69 79 125 30 154 13 196 138 123 15 24 130 200 117 11 182 192 64 122 64 134 195 94 145 87 28 149 99 102 172 163 66 173 144 112 110 31 146 7 129 173 200 74 114 140 186 134 173 183 51 65 159 68 119 138 123 144 36 81 35 194 191 151 95 5 78 78 167 51 22 130 77 181 2 21 192 112 185 148 101 22 189 4 178 94 16 200 192 174 111 28 109 194 53 88 137 46 11 164 90 77 75 165 56 128 
186 56 192 100 116 160 88 130 91 129 153 10 108 92 63 139 75 44 162 145 110 48 85 44 148 186 167 116 112 18 186 105 173 27 28 137 123 72 97 51 185 20 126 75 169 199 196 138 168 199 97 36 97 120 193 41 44 55 149 82 121 180 110 162 153 167 81 168 16 74 158 187 160 54 102 117 143 38 75 2 173 82 92 47 106 104 33 128 54 24 145 48 159 86 134 83 12 38 90 187 103 71 161 67 157 121 70 54 85 150 48 120 193 142 140 139 95 97 69 27 42 56 108 41 29 
189 140 147 140 167 140 83 31 151 99 186 32 154 120 135 69 21 38 136 28 21 13 191 142 159 103 126 76 18 120 139 193 99 111 132 58 9 22 37 148 48 199 86 84 102 28 139 137 105 21 168 191 187 16 84 12 194 62 110 32 5 14 71 104 152 151 165 41 172 126 10 3 173 46 162 21 62 22 143 21 153 143 185 75 46 106 171 73 123 144 34 93 42 142 77 81 87 184 104 182 64 194 35 39 156 108 84 51 149 115 83 50 12 28 197 67 87 50 176 162 4 195 84 175 143 
122 36 75 130 188 16 175 160 97 106 54 161 111 92 80 182 30 86 121 29 35 85 17 162 123 139 140 83 22 147 66 176 150 123 154 80 10 89 165 126 23 90 45 30 12 156 152 79 28 152 121 51 15 152 97 95 130 180 11 72 81 46 72 2 4 50 167 68 45 193 86 116 87 123 170 82 174 95 127 106 52 147 170 142 61 94 80 3 7 137 104 16 16 112 181 107 117 115 79 34 26 189 130 179 60 152 45 12 137 131 13 30 51 149 29 136 131 6 87 51 59 80 144 173 36 
78 127 182 60 68 160 180 85 161 130 96 199 11 163 187 76 4 32 141 46 170 90 99 102 180 52 150 110 124 84 32 55 186 59 139 72 161 163 63 24 146 26 60 13 112 106 116 75 51 86 71 88 193 7 153 153 7 124 72 113 185 187 132 193 131 1 13 136 69 138 33 77 76 101 38 124 129 125 120 30 74 45 171 58 107 173 189 97 80 200 86 85 74 124 127 113 199 177 85 95 123 131 180 198 162 11 131 105 123 81 148 128 39 53 125 175 179 4 25 45 119 86 115 144 18 
44 52 13 101 194 106 96 52 171 51 8 146 2 139 79 70 135 193 200 145 141 55 172 83 125 182 146 77 108 47 58 182 56 34 77 52 150 7 36 167 7 152 136 115 143 193 91 25 80 54 83 64 160 190 19 60 38 158 176 152 85 1 72 103 15 65 183 46 179 155 189 185 152 15 110 32 79 110 17 160 17 65 70 177 85 124 130 153 37 93 17 2 92 79 70 83 165 93 178 98 115 15 63 81 100 124 102 20 68 94 73 107 20 92 116 98 167 149 62 193 10 156 48 6 36 
52 113 95 55 109 46 125 35 11 60 177 88 189 131 196 178 90 143 139 39 157 31 60 137 100 56 73 130 91 177 70 179 155 16 163 22 61 108 29 174 113 14 107 191 100 175 144 101 175 138 74 55 125 50 93 149 44 172 153 126 36 37 99 161 171 64 121 66 114 172 108 76 200 86 138 101 103 200 127 12 160 100 149 62 4 193 171 19 124 91 198 116 106 180 84 167 157 103 16 187 49 127 72 99 158 110 129 16 145 84 15 77 38 125 77 158 149 118 199 156 44 84 125 128 51 
16 191 106 6 112 140 170 149 160 79 153 92 109 103 167 73 26 53 55 75 112 125 157 46 50 43 55 155 131 62 58 200 191 168 10 10 47 12 186 144 189 195 150 28 172 137 194 110 164 150 13 72 11 65 76 155 26 28 141 29 20 24 179 15 195 75 5 15 89 3 38 159 124 30 2 81 104 156 29 61 189 55 177 158 156 104 177 105 66 105 37 83 181 100 28 139 127 100 164 200 118 157 6 137 67 195 108 123 148 29 112 78 85 23 161 70 56 43 166 176 154 80 26 196 20 
67 29 185 58 55 114 38 183 46 158 72 102 118 68 166 170 142 60 30 162 53 25 106 124 193 147 125 79 103 199 100 139 78 186 157 66 196 53 197 112 148 134 77 29 148 148 199 94 67 132 186 42 195 91 32 121 196 162 137 168 31 166 162 179 115 45 157 132 196 114 152 119 79 144 165 143 182 78 62 141 43 151 85 164 119 60 169 132 100 147 109 7 9 198 138 53 29 145 23 68 4 188 151 117 173 95 185 37 184 178 107 50 85 157 111 15 93 71 2 133 21 97 187 189 40 
176 94 53 46 151 24 23 141 57 136 156 33 3 95 200 164 42 136 56 128 188 70 123 93 161 40 73 146 159 191 166 66 71 85 26 38 160 100 197 79 95 185 135 173 52 51 75 95 192 96 152 43 52 57 63 158 172 83 78 87 89 44 103 133 167 79 196 164 21 151 86 119 86 124 146 10 181 128 183 116 90 99 78 108 82 54 153 186 156 21 12 158 73 124 88 96 106 1 137 200 181 44 126 16 20 67 179 180 150 41 6 133 117 127 180 64 122 25 62 109 195 41 25 180 54 
107 124 142 136 64 53 9 152 85 59 190 113 78 77 189 89 181 115 177 84 191 126 8 126 4 190 138 86 131 151 16 157 133 66 149 153 124 177 109 190 118 130 55 166 149 21 163 37 44 156 70 20 74 178 4 53 198 107 194 189 82 148 120 100 44 141 14 49 136 87 69 98 143 70 111 67 124 19 157 121 126 192 94 9 143 55 148 96 174 45 178 95 147 38 31 120 119 69 141 22 198 177 126 47 182 130 134 169 78 145 188 169 178 151 58 29 150 100 28 112 84 161 116 200 164 
90 57 192 151 28 136 138 150 71 161 138 184 108 8 63 194 199 138 43 138 38 130 102 147 132 188 106 96 101 119 33 139 26 154 46 70 24 120 153 61 122 197 96 77 176 32 80 148 190 187 132 194 133 26 58 129 16 190 179 200 3 73 166 142 67 199 131 3 17 24 94 126 120 169 13 193 9 104 29 109 189 15 69 26 81 83 131 108 20 21 155 40 129 195 9 51 178 16 97 168 160 98 70 183 97 52 66 57 33 167 14 169 188 110 133 28 191 168 190 85 110 8 162 88 181 
169 131 49 131 123 7 92 160 162 95 56 86 187 189 102 28 100 68 149 42 197 146 110 161 68 84 190 134 100 141 149 105 75 187 49 165 180 56 72 37 34 67 198 143 105 181 37 118 81 103 86 193 15 8 76 155 34 177 94 114 198 80 185 24 95 120 65 14 71 125 117 156 62 83 135 123 168 76 161 164 158 183 199 112 119 55 118 91 165 132 8 156 58 102 10 129 7 121 47 151 16 33 179 178 193 91 147 100 31 1 121 103 138 128 186 126 83 9 2 148 135 185 134 56 184 
4 199 168 147 30 194 195 75 37 100 130 134 155 185 38 72 15 140 51 175 113 63 66 71 41 190 197 146 135 77 17 120 105 135 123 167 177 101 93 181 36 191 137 134 102 63 64 52 30 56 132 118 79 120 18 6 190 93 111 112 50 67 100 163 119 168 96 64 177 113 123 92 35 35 98 146 191 112 144 34 123 72 77 36 97 76 176 2 198 69 59 106 45 122 91 162 103 84 164 110 19 154 147 56 65 43 64 98 200 130 145 140 19 80 175 11 105 98 60 150 44 141 75 79 124 
53 129 134 50 12 72 38 126 111 96 70 58 111 110 84 65 7 77 189 2 72 180 121 115 106 144 149 61 29 76 44 10 18 185 152 83 180 38 78 66 6 51 143 156 174 36 1 87 181 113 161 148 188 128 143 37 73 74 75 137 171 175 136 113 120 132 180 53 96 123 35 122 127 6 47 188 64 104 119 62 43 6 181 135 31 92 195 2 55 4 47 45 151 127 144 116 60 187 76 43 69 130 113 157 146 9 193 42 90 114 130 14 99 198 109 119 60 54 131 121 12 45 152 135 61 
52 121 137 66 189 128 71 199 135 176 39 153 78 118 167 151 24 120 36 137 84 174 189 81 46 200 148 199 80 94 82 162 138 22 186 16 76 19 88 54 64 77 39 35 172 122 198 187 62 129 46 163 157 61 19 146 84 170 46 140 157 122 175 2 126 44 135 128 101 68 87 125 44 158 159 157 182 147 47 92 187 176 8 145 24 138 167 103 115 26 108 64 55 152 27 176 71 37 123 87 54 52 120 69 91 22 127 198 25 84 179 72 180 68 185 163 97 120 47 3 92 53 98 28 70 
92 127 86 173 69 168 182 71 13 200 145 18 175 102 146 82 103 79 144 73 159 91 25 45 187 18 172 135 93 174 78 13 150 130 117 87 68 157 194 192 13 88 78 100 80 59 64 92 27 146 29 41 4 19 100 55 8 168 96 5 8 18 73 71 175 31 145 13 110 47 49 62 1 40 8 179 160 12 105 200 12 156 115 131 44 59 45 139 139 156 71 116 154 180 17 17 174 70 145 143 22 50 143 23 49 172 37 82 34 9 35 65 141 8 24 184 177 152 114 188 4 15 175 71 107 
97 55 110 111 55 106 160 17 59 93 119 188 122 168 103 145 98 107 57 188 84 117 153 189 29 42 33 150 175 30 51 158 89 181 76 129 173 67 6 188 116 45 106 174 148 55 99 200 9 77 78 166 106 58 171 16 156 25 32 168 72 93 170 10 56 145 11 60 49 46 158 75 86 165 16 169 140 142 144 179 115 166 143 73 156 118 198 165 184 6 71 32 104 124 98 154 67 115 95 180 64 110 175 199 67 163 138 150 65 49 151 177 114 67 129 29 101 126 19 137 132 140 168 50 184 
20 89 191 191 143 112 30 47 78 98 12 179 179 7 21 196 134 175 39 140 186 56 141 75 95 111 102 46 23 54 59 14 60 131 180 49 182 122 103 46 152 17 187 187 83 46 94 172 135 91 126 123 176 178 193 152 28 84 52 159 147 198 24 117 93 16 88 99 49 182 141 148 57 119 78 54 145 180 28 34 119 104 51 58 44 28 2 55 83 160 75 84 142 26 97 32 62 72 180 122 190 165 106 142 156 29 164 86 119 49 182 43 87 52 45 185 103 162 141 34 125 118 180 126 39 
30 27 102 107 15 135 46 47 58 180 36 74 114 153 90 32 51 39 20 10 171 8 176 182 163 43 194 23 158 137 125 184 64 81 200 87 159 41 20 155 127 101 159 126 52 138 115 87 5 173 72 78 145 192 39 24 71 61 42 61 184 77 54 59 59 110 136 162 10 51 139 82 70 99 180 32 77 1 184 25 142 25 135 112 161 181 75 192 32 145 99 32 10 36 97 4 131 76 166 144 28 7 55 3 125 17 163 117 7 127 63 53 114 83 14 193 162 9 106 56 17 82 41 116 57 
32 197 63 180 132 39 78 51 33 60 18 105 99 42 123 79 1 165 51 118 111 186 72 134 15 198 48 153 105 93 183 180 57 78 11 25 88 26 97 195 179 70 199 97 80 24 138 164 25 145 16 174 12 149 82 2 51 117 174 121 6 129 150 24 147 78 78 20 181 7 91 176 94 193 94 19 88 12 176 68 147 108 33 5 160 130 191 189 17 176 51 23 140 83 58 100 177 18 59 36 117 17 110 15 175 128 26 16 199 179 7 56 113 104 185 160 200 39 47 77 135 140 53 84 67 
30 45 65 74 15 177 7 167 123 9 13 70 1 62 86 176 126 58 82 123 200 194 65 3 31 14 145 3 182 131 32 119 193 17 33 139 134 52 30 134 95 181 23 62 191 170 177 70 102 196 171 28 162 62 178 173 31 122 170 164 133 175 22 159 117 84 60 102 79 136 27 61 47 26 71 123 85 10 16 167 89 184 124 54 66 172 152 112 59 11 179 45 124 90 61 22 200 96 160 158 141 98 19 174 18 173 81 42 105 92 64 161 176 24 115 154 10 2 66 30 187 53 113 156 30 
41 172 118 119 169 73 52 126 199 148 58 182 167 78 161 112 11 122 128 151 121 104 118 38 197 189 158 180 123 182 116 141 22 183 47 140 58 195 101 126 31 135 155 168 161 163 154 59 5 158 40 185 191 148 41 17 85 12 138 3 198 105 178 157 23 80 186 50 117 192 187 175 149 115 107 118 34 131 35 43 90 116 43 144 14 110 74 200 134 197 156 116 158 28 165 173 6 55 39 109 187 95 172 43 148 15 72 22 59 185 161 69 175 77 189 14 177 51 182 79 112 154 116 15 54 
7 125 200 155 190 198 45 144 43 77 175 65 12 52 122 21 28 110 135 188 48 126 1 119 193 59 168 78 134 65 5 199 153 188 68 87 13 66 160 85 81 23 199 34 126 166 15 86 189 54 98 124 49 150 27 162 153 162 67 60 149 133 116 173 114 54 181 13 153 117 82 29 172 2 190 90 171 81 103 56 149 118 139 160 66 70 77 119 85 177 77 127 151 165 175 195 9 15 7 122 160 68 164 2 137 100 185 170 40 185 188 110 5 121 136 86 158 171 138 116 80 80 39 52 162 
47 196 196 171 148 22 103 192 52 90 88 130 198 2 92 164 119 139 42 156 13 7 193 35 148 98 141 84 56 102 144 166 56 98 163 157 37 57 107 165 30 45 15 192 27 167 149 91 61 83 6 63 46 191 23 149 51 118 20 181 50 193 88 198 166 35 197 190 189 73 39 136 72 170 5 50 107 153 94 32 38 2 198 21 174 148 111 57 141 127 176 161 152 146 198 173 16 154 191 147 175 36 174 78 48 30 113 117 135 103 91 83 188 81 66 172 84 106 167 16 102 176 113 179 103 
32 78 54 188 158 103 174 19 95 39 189 163 118 132 192 154 178 166 18 128 166 147 142 6 145 79 28 159 51 176 115 61 160 79 195 73 44 145 31 155 167 84 138 20 80 63 153 183 159 116 103 19 45 165 24 169 53 132 193 135 75 38 41 91 89 131 11 77 83 3 48 112 147 50 110 91 102 43 77 44 57 165 8 88 42 102 56 183 112 186 119 75 18 120 10 192 137 152 154 61 77 194 82 102 154 97 121 127 154 12 180 114 28 61 83 155 115 36 43 52 34 9 82 81 164 
97 70 1 99 86 151 56 87 12 97 151 82 181 151 151 199 177 80 58 151 84 103 191 146 39 87 38 104 4 67 128 23 141 53 106 133 117 140 78 188 163 169 120 76 117 81 109 76 65 33 103 169 94 146 82 40 150 162 184 47 67 57 152 175 104 89 88 148 192 176 51 101 105 143 143 141 186 90 93 114 144 47 194 175 111 107 67 83 71 112 136 114 101 90 8 27 6 138 158 14 119 26 172 46 130 173 102 54 66 50 66 161 152 20 70 99 7 156 153 124 27 55 131 19 32 
131 129 31 86 27 179 159 36 148 67 185 95 11 134 179 158 110 27 11 102 87 193 179 69 102 64 30 49 149 134 56 71 151 167 27 168 192 137 158 164 130 87 57 194 1 105 35 86 137 40 193 24 91 83 19 107 144 118 144 66 124 21 105 27 128 10 159 108 136 77 95 134 182 131 198 20 50 192 181 72 102 5 100 86 38 89 112 67 175 10 120 81 171 68 14 22 34 110 128 96 129 43 190 157 113 45 49 53 45 185 171 72 85 10 81 105 42 160 36 154 172 175 107 102 164 
164 93 45 32 60 13 1 173 162 191 6 107 182 150 27 74 104 9 156 141 139 182 5 109 42 37 48 64 133 103 48 116 40 143 2 56 97 51 7 76 88 85 144 180 54 143 191 116 123 141 89 77 68 56 114 127 171 147 78 70 126 106 190 118 46 66 29 168 137 85 196 54 120 168 21 195 43 116 115 55 65 23 43 200 52 103 173 128 119 144 131 47 75 129 194 189 146 51 41 65 6 54 119 55 163 120 81 57 41 39 125 90 115 146 79 40 114 180 91 88 110 161 45 47 163 
156 170 56 122 115 79 100 118 147 64 40 52 182 75 90 29 94 179 93 75 131 52 151 174 57 86 189 146 32 43 164 104 199 41 116 35 102 60 150 176 40 189 58 135 192 178 143 101 2 81 137 136 172 122 148 53 150 129 105 177 132 21 60 93 153 180 76 88 142 116 25 184 89 76 164 28 3 117 107 25 199 59 96 145 142 121 144 46 13 150 82 123 17 29 62 53 110 145 57 41 181 91 199 56 97 82 73 88 148 130 29 63 98 111 178 187 141 15 171 16 42 68 189 89 3 
43 187 67 9 58 132 20 184 99 169 41 131 126 98 149 64 36 129 200 42 178 84 69 18 30 31 33 94 127 63 64 174 20 107 168 168 179 99 161 102 49 38 24 44 19 86 144 108 171 50 194 4 29 162 200 120 8 188 23 147 189 78 42 96 159 127 89 6 156 160 134 98 152 196 79 140 66 49 169 149 126 58 53 47 177 127 33 25 63 38 51 148 158 133 144 2 56 99 1 171 89 153 185 35 104 162 186 167 136 108 56 128 95 196 120 103 91 125 87 124 123 76 116 151 28 
107 119 171 144 133 169 192 72 90 157 65 112 186 29 188 167 39 80 150 169 10 4 41 159 99 161 103 120 77 87 147 78 134 93 163 178 54 51 16 114 18 192 75 181 30 130 94 116 158 5 8 178 29 198 22 187 107 109 193 188 181 128 76 190 48 87 72 61 186 181 3 136 180 62 189 145 37 188 117 164 79 122 35 163 170 39 58 57 104 18 94 33 110 169 69 121 102 148 76 60 65 12 11 16 54 169 77 14 157 54 121 74 55 192 109 131 120 101 49 197 95 84 29 190 81 
43 199 180 117 117 157 190 50 108 188 180 95 9 197 62 34 48 43 199 166 51 141 184 149 133 179 179 108 44 108 7 148 49 50 122 5 136 159 136 70 10 89 83 20 180 120 23 93 64 170 79 24 72 151 57 96 190 89 197 8 109 128 30 64 124 47 153 7 122 95 106 33 162 35 96 123 24 65 77 31 128 38 183 57 164 62 50 24 80 38 111 123 74 37 74 9 31 153 145 72 27 3 52 78 187 103 187 198 14 142 65 141 174 13 181 55 152 93 184 71 200 56 82 146 26 
49 161 141 20 135 175 39 189 2 195 81 19 123 22 164 47 192 108 37 87 168 40 152 149 5 46 107 20 165 4 50 117 119 128 196 171 36 109 84 142 20 70 157 139 128 127 36 133 69 135 138 46 117 45 106 56 129 130 14 122 77 90 106 96 39 108 156 90 144 68 54 147 7 106 1 150 147 188 45 176 37 153 107 45 50 162 181 198 156 81 155 53 119 36 29 46 180 132 74 125 176 144 166 46 91 127 34 50 188 135 21 187 145 4 103 129 161 67 89 183 198 112 29 166 52 
141 16 118 93 161 36 28 5 135 104 11 164 162 41 151 126 90 7 144 41 24 69 99 197 19 54 165 19 101 126 144 134 46 14 75 61 165 104 190 119 130 121 101 171 190 141 172 171 65 50 99 91 19 156 34 108 33 24 165 138 197 192 134 164 115 15 9 80 29 122 14 76 21 116 14 197 87 19 158 199 25 185 35 145 42 112 62 13 127 98 146 106 139 79 189 92 69 69 112 98 5 16 31 158 116 111 107 150 34 92 51 22 13 171 145 118 187 127 43 198 185 196 30 7 170 
110 181 84 164 101 62 6 156 182 161 133 81 164 18 28 102 42 57 195 112 132 116 7 122 110 115 9 121 149 186 109 143 24 88 169 172 153 180 94 185 167 51 126 180 191 185 147 63 154 56 183 197 50 182 38 61 112 189 76 179 147 131 12 30 57 147 25 42 156 136 21 151 139 8 159 103 148 107 92 19 183 114 94 189 151 42 60 160 112 67 64 113 107 29 114 143 36 30 32 43 44 14 97 166 197 153 104 138 51 61 89 2 108 190 174 184 84 34 21 187 15 71 160 135 198 
98 165 162 144 3 32 88 145 111 10 8 32 159 146 153 163 77 175 183 25 181 100 199 196 84 180 111 137 136 163 91 75 80 117 111 58 99 193 146 181 178 37 44 64 45 16 39 64 34 149 37 131 145 20 161 98 147 189 91 50 91 191 32 39 57 132 73 180 112 18 72 103 150 3 86 173 158 186 191 115 140 168 181 112 7 10 95 34 149 161 142 64 183 51 75 28 64 168 80 95 181 63 35 179 82 32 77 148 8 197 162 190 142 37 159 101 73 120 101 99 130 53 143 143 187 
4 97 158 112 193 119 199 89 110 28 18 145 31 159 55 26 151 66 169 51 195 155 199 12 86 188 160 88 147 173 8 76 193 55 160 164 127 160 38 77 17 125 112 137 86 160 179 66 2 8 109 5 20 32 194 10 84 6 137 130 102 114 35 72 97 132 83 114 79 80 168 135 157 2 111 27 80 187 119 35 194 115 183 193 91 61 123 96 22 19 43 188 109 39 103 37 85 141 150 17 173 151 36 130 70 108 102 111 72 62 132 20 111 136 156 154 159 155 168 39 154 104 143 184 90 
198 178 127 114 138 135 84 136 129 103 193 54 62 31 65 150 55 121 31 33 23 27 104 166 119 25 112 28 63 14 123 111 142 133 109 181 74 68 160 174 174 127 147 16 86 69 42 112 137 77 44 56 166 71 49 107 158 101 36 177 5 11 113 144 165 146 148 138 139 143 119 93 113 142 123 25 149 117 138 158 179 180 126 163 22 86 180 178 110 75 144 161 91 152 108 165 143 61 84 18 23 196 178 90 129 21 131 133 93 170 29 129 197 142 72 104 84 78 136 168 118 91 41 77 107 
86 103 108 56 63 189 53 169 44 79 150 136 159 86 48 56 199 159 182 127 79 87 87 24 50 104 104 138 122 73 92 12 127 142 196 160 73 136 40 44 65 59 148 39 150 198 114 73 111 139 43 81 5 171 48 121 106 157 13 111 194 37 199 34 46 18 177 100 15 184 160 47 132 63 80 164 108 145 192 2 46 72 195 4 35 166 68 187 60 163 91 155 90 138 180 179 72 40 198 94 175 143 170 16 154 147 46 62 161 106 36 96 181 188 157 97 39 102 2 140 116 80 167 190 189 
198 8 150 131 7 103 143 106 179 132 152 81 184 195 153 10 124 195 188 5 117 77 16 149 182 199 133 172 153 58 11 163 92 185 172 86 107 36 188 177 108 111 76 12 10 137 159 59 195 32 149 194 199 6 23 58 118 125 92 12 62 177 197 186 99 74 35 4 142 198 105 103 162 14 65 138 127 85 73 137 121 186 177 154 187 156 183 136 141 137 181 162 42 64 21 109 176 200 178 77 16 185 152 114 1 161 59 200 200 185 163 99 47 82 16 53 168 49 21 171 188 106 2 188 89 
67 156 161 145 141 40 61 99 191 175 94 165 124 163 109 102 36 149 30 136 119 38 142 41 185 90 126 126 85 11 39 136 114 149 145 39 79 63 45 23 173 13 8 156 147 193 10 89 58 75 149 91 180 158 162 126 46 24 188 63 157 83 13 144 195 181 118 120 126 198 2 116 66 104 7 160 8 82 29 78 83 53 132 113 165 78 60 63 63 149 16 112 66 60 115 121 72 108 139 34 186 139 51 198 123 31 123 2 178 89 36 44 55 148 168 188 90 188 186 145 33 149 181 144 15 
35 191 95 71 183 171 76 36 94 151 31 82 101 19 124 119 82 56 27 32 126 112 105 84 127 57 64 109 133 33 95 119 176 115 104 75 64 118 192 14 122 92 80 98 72 160 166 3 160 84 32 30 17 115 91 195 131 115 22 145 51 159 33 121 34 168 16 140 195 178 49 152 149 188 30 93 153 79 104 78 128 139 15 190 9 139 56 87 32 143 160 161 35 156 190 89 7 117 18 160 69 52 41 56 133 128 34 73 127 78 107 77 49 130 121 179 8 26 44 159 30 175 87 59 102 
185 128 115 53 87 65 174 134 61 169 131 68 197 70 9 166 186 78 138 133 82 127 71 65 138 50 140 56 20 131 54 164 162 3 34 131 152 200 183 170 194 100 109 4 25 167 155 23 171 2 45 37 36 120 156 146 45 46 33 163 194 198 59 123 75 83 148 63 69 78 139 80 196 94 34 33 125 19 37 29 180 198 192 118 28 130 172 19 176 108 49 187 83 118 66 106 51 92 171 155 120 164 143 62 174 43 157 100 131 197 134 48 86 86 87 164 109 99 170 163 33 85 178 124 78 
116 75 158 142 161 126 46 151 63 168 200 116 85 104 27 148 30 200 46 117 15 115 103 32 79 24 39 121 163 28 55 18 125 78 24 178 162 16 141 64 43 194 111 41 142 179 140 169 81 166 18 147 183 123 93 19 136 57 110 198 72 61 168 49 106 15 160 123 110 132 1 179 196 166 66 197 74 148 63 68 112 58 156 198 62 10 40 118 60 19 123 158 148 128 175 155 178 18 22 102 71 75 139 88 117 89 158 154 199 125 148 175 87 200 140 40 191 196 175 151 85 88 102 185 28 
154 10 148 39 160 52 191 128 27 25 181 147 150 195 116 151 107 25 84 9 8 146 77 193 161 92 82 164 9 2 151 67 37 157 99 73 73 155 123 172 180 194 134 38 100 200 9 23 83 154 144 29 147 1 105 126 183 135 166 41 190 188 151 116 133 23 146 115 166 88 67 111 108 104 10 185 191 165 86 157 147 102 132 135 100 77 61 53 153 156 39 23 118 73 70 67 185 1 51 84 39 4 178 122 34 189 55 180 97 21 107 106 103 18 60 160 169 53 1 106 79 190 90 56 31 
160 84 196 93 69 158 87 78 156 89 154 164 176 193 158 88 107 44 7 143 123 194 180 97 15 18 183 163 163 32 36 184 35 196 85 118 181 1 106 24 78 171 83 77 86 157 153 76 15 23 92 112 49 155 187 189 72 13 38 15 80 29 12 61 78 51 109 197 105 47 155 82 52 96 163 32 21 171 87 87 62 66 25 46 85 102 81 50 94 194 47 140 150 62 199 188 163 21 19 114 14 192 190 181 139 133 144 11 139 30 143 121 198 26 169 162 41 70 145 64 127 4 193 2 198 
191 189 132 48 53 126 130 61 153 144 64 102 93 20 62 96 4 161 44 55 175 142 84 128 180 171 89 199 99 92 104 146 130 144 138 190 107 34 31 52 65 197 148 126 180 54 132 179 155 27 131 29 145 45 127 28 159 192 154 76 153 72 174 101 121 25 52 96 127 182 74 103 194 175 142 99 62 94 192 1 183 159 63 32 86 160 79 49 108 62 126 16 178 135 168 12 61 20 194 108 95 31 166 169 121 164 1 198 159 80 47 68 78 125 151 37 38 46 14 87 35 169 68 120 81 
187 76 105 153 134 33 5 8 56 17 17 99 32 74 183 64 47 131 33 48 32 8 30 167 102 102 156 155 194 1 161 29 124 199 49 19 31 127 163 61 157 177 100 56 118 11 158 195 81 82 130 17 41 176 134 112 22 91 121 163 38 57 144 85 16 89 9 15 187 29 131 190 68 90 178 145 193 166 56 85 24 162 127 86 132 82 15 14 17 110 191 76 11 33 73 155 69 79 134 94 128 77 47 126 199 50 154 112 172 66 120 24 39 189 171 7 169 151 49 178 80 86 191 91 56 
83 126 158 119 124 185 30 137 177 76 7 107 40 99 45 188 164 8 112 86 15 4 4 65 87 57 36 168 11 59 81 154 64 161 148 166 58 198 186 110 83 199 73 51 74 121 26 153 4 198 2 183 120 170 29 108 122 158 163 63 163 86 175 185 61 182 50 170 30 99 1 17 24 144 131 25 144 179 128 192 143 19 144 10 36 48 56 57 79 122 111 23 111 100 65 148 144 3 64 105 75 11 148 129 150 85 89 155 118 166 144 21 199 74 200 124 23 71 119 171 149 14 143 115 111 
75 139 110 143 80 198 43 28 123 35 143 150 132 100 110 147 60 118 20 178 197 176 123 160 47 120 4 95 122 152 66 39 107 18 197 59 145 123 147 64 12 196 32 82 7 153 38 97 30 57 9 128 139 192 14 34 39 107 2 62 166 55 99 73 51 98 6 51 83 122 167 183 102 107 97 144 95 104 165 17 192 119 160 45 200 47 109 61 52 142 7 167 85 193 185 165 113 65 151 70 193 6 60 67 17 146 110 77 80 98 61 70 148 117 56 145 183 19 108 25 58 104 110 142 11 
10 55 114 121 72 127 15 83 145 52 90 153 144 30 101 190 167 98 140 30 151 114 58 145 136 7 117 100 20 20 168 143 92 6 29 92 52 180 162 149 61 60 158 19 154 168 65 24 38 182 170 84 119 8 26 109 154 172 14 53 161 22 40 90 17 144 141 97 183 36 115 18 153 86 12 161 184 146 126 131 106 136 38 101 87 5 50 178 87 154 20 110 167 23 117 70 19 180 140 95 148 140 86 45 162 200 149 164 193 54 100 152 32 39 170 46 70 99 55 128 156 37 81 120 110 
59 30 45 159 67 187 139 67 178 105 200 56 167 140 26 51 139 79 37 62 138 86 25 135 87 50 157 11 100 21 82 152 89 199 174 193 113 101 155 141 168 6 79 58 105 5 35 89 42 183 146 144 115 46 16 200 142 173 136 61 76 24 48 143 121 122 78 183 121 44 65 159 71 29 78 132 69 138 73 76 125 108 132 28 103 17 165 66 140 79 66 112 181 176 161 170 93 195 46 181 132 40 72 33 107 70 198 37 60 117 126 17 147 149 165 81 133 89 54 3 20 118 80 151 9 
167 40 163 51 39 141 110 152 21 43 20 144 30 40 101 35 30 60 166 17 149 8 189 185 60 139 64 124 25 186 115 135 103 188 173 112 64 159 164 138 71 106 22 89 104 61 92 177 126 104 59 89 2 144 28 137 153 92 88 140 93 96 116 108 28 157 176 189 38 138 160 9 190 190 19 185 73 34 129 43 105 174 33 46 127 45 53 122 109 108 29 71 88 99 37 21 100 95 27 57 9 137 30 116 92 184 94 109 15 75 178 137 26 61 139 152 134 58 81 26 155 156 103 122 80 
17 90 51 136 161 56 32 107 26 30 199 145 96 191 49 193 140 175 39 191 113 40 164 78 181 23 147 78 192 19 120 1 185 147 88 141 2 170 146 10 90 124 110 51 173 15 87 26 61 199 114 104 19 170 47 163 123 61 21 167 55 168 81 71 126 9 74 147 66 110 75 15 135 177 120 129 137 193 102 147 178 163 78 132 162 56 185 76 193 23 114 132 104 5 73 34 14 39 147 84 55 154 91 111 72 110 122 180 73 185 41 103 191 151 52 103 151 78 17 174 15 185 50 51 131 
51 32 71 93 138 170 153 157 92 44 102 38 184 117 155 88 157 45 172 164 197 49 10 121 159 33 169 71 150 153 39 199 174 7 100 160 153 32 160 100 108 76 94 26 189 162 87 164 63 98 3 53 100 70 36 114 56 73 145 51 132 143 50 189 74 163 182 45 133 30 172 18 84 23 102 122 190 181 125 105 16 33 27 183 52 6 141 24 150 144 139 49 177 48 136 105 116 128 70 120 72 189 179 77 150 135 59 13 56 111 127 49 25 80 55 9 74 15 161 134 168 138 174 23 185 
22 56 186 28 74 14 124 33 6 132 146 81 146 40 107 53 144 170 132 29 186 114 14 12 154 7 167 63 16 55 154 42 90 71 42 112 170 12 188 129 171 49 45 98 94 51 105 189 161 25 77 153 17 18 88 35 51 124 162 120 27 22 115 123 105 149 46 167 5 151 189 61 119 173 99 58 138 143 132 54 179 153 144 87 62 127 138 89 197 6 30 3 194 101 136 197 124 117 25 33 192 122 39 112 92 66 117 177 143 93 166 36 14 194 191 107 35 52 163 192 113 187 110 8 21 
139 52 63 124 100 22 194 19 178 28 121 124 105 126 112 102 29 197 157 78 171 194 50 65 134 144 114 121 51 187 73 82 147 101 129 27 3 186 120 159 78 117 185 68 184 89 151 91 144 29 67 173 190 52 26 150 160 37 106 194 111 66 182 117 163 72 60 171 59 57 59 79 152 119 192 156 199 174 111 135 112 159 74 155 82 196 78 58 129 64 21 143 11 112 56 94 60 91 13 34 152 68 85 87 120 39 49 132 145 25 91 151 54 124 133 200 107 38 148 171 17 19 197 173 16 
56 89 180 27 93 78 50 167 154 118 185 22 90 56 76 76 30 182 56 199 187 78 102 165 117 22 96 23 96 150 42 94 149 31 79 40 60 63 179 146 156 77 54 133 83 16 128 122 65 108 126 139 61 16 72 84 39 199 173 100 26 110 90 177 184 93 135 150 122 134 198 193 158 157 49 135 47 87 143 141 12 20 53 183 144 117 188 15 97 38 189 175 190 65 134 35 169 71 127 102 94 28 186 98 102 141 17 52 107 97 195 111 116 10 131 93 55 17 55 27 153 126 18 38 200 
187 63 72 81 180 42 183 64 57 168 57 40 86 80 199 23 164 131 60 98 61 160 15 98 123 28 87 166 110 44 5 175 167 188 2 181 39 169 178 185 16 174 16 181 11 81 55 151 113 70 129 129 47 146 46 98 15 27 142 104 119 195 166 74 4 41 142 88 74 184 68 179 3 99 173 168 121 4 90 72 101 79 104 149 175 197 142 57 67 135 147 131 11 162 102 113 170 176 79 125 164 128 121 4 177 125 91 160 98 140 33 150 32 24 89 20 97 7 82 165 53 108 56 21 98 
17 150 157 24 82 107 131 136 123 38 77 102 104 105 130 150 165 74 131 77 26 102 178 69 56 189 182 46 135 115 67 116 148 112 3 180 190 88 57 134 25 59 80 42 77 106 7 130 196 102 144 46 105 105 70 52 18 140 162 156 116 53 104 80 98 24 189 49 121 159 128 133 185 78 76 116 146 38 131 60 115 200 163 181 168 52 173 37 191 44 98 81 48 156 188 145 121 147 69 164 103 60 198 47 139 113 152 44 46 135 132 51 161 16 6 51 66 9 161 179 112 118 60 74 77 
189 38 199 184 72 56 69 125 121 116 138 88 60 111 39 88 16 185 40 101 15 78 110 16 134 69 55 86 19 112 61 89 22 136 153 26 87 49 123 117 23 184 198 31 100 39 55 73 197 174 126 173 63 65 88 122 164 46 195 127 136 177 9 106 200 88 21 115 145 108 121 108 197 31 29 46 173 1 15 45 34 101 119 188 162 78 108 174 6 11 195 25 115 140 21 142 181 136 47 151 30 101 181 84 34 18 46 62 178 80 181 183 46 33 131 200 179 3 9 39 184 157 178 200 30 
26 180 37 91 34 174 132 5 198 26 121 200 181 56 104 11 177 187 151 119 156 163 65 128 63 25 49 138 196 103 77 107 188 156 23 198 187 37 196 157 144 120 75 28 13 110 51 193 35 191 9 199 146 144 19 43 141 143 143 7 128 112 2 97 101 96 92 78 54 97 102 67 94 156 66 38 113 106 56 67 40 195 52 49 18 118 94 129 63 54 5 73 92 179 68 9 137 168 116 157 34 27 34 52 70 170 106 92 94 75 25 155 187 93 168 15 36 176 60 176 89 174 38 47 149 
172 177 14 80 87 149 52 65 160 98 198 155 42 67 188 39 50 36 181 132 95 117 87 25 126 15 106 115 150 165 59 111 22 100 134 34 72 18 31 71 48 59 40 176 191 128 67 9 22 67 63 142 19 37 132 151 190 134 109 92 168 148 116 90 71 8 38 92 140 77 123 159 36 33 117 130 150 30 188 68 134 179 162 56 195 54 163 51 150 3 25 173 162 162 60 133 141 165 147 121 70 157 42 155 173 113 37 35 195 149 64 195 134 190 5 160 162 2 168 10 91 171 11 34 65 
111 36 123 107 179 100 33 138 75 58 9 58 70 153 163 75 113 62 15 97 105 127 20 115 29 154 95 17 22 32 102 101 22 123 11 98 15 116 154 117 169 20 24 89 116 88 11 7 22 138 126 101 186 51 177 125 46 37 11 177 184 14 50 94 132 103 84 155 2 198 12 58 24 11 125 182 126 129 42 157 129 194 100 122 161 25 190 9 139 42 124 35 40 113 181 178 160 106 44 123 128 17 72 24 151 154 108 167 171 30 163 187 118 94 126 65 25 17 87 28 70 76 76 42 164 
26 174 137 98 30 23 93 200 43 140 53 144 136 5 6 55 137 161 111 143 110 175 29 182 168 66 146 42 126 69 161 95 115 177 140 104 179 48 115 197 28 153 2 19 125 10 16 152 71 198 45 156 31 110 155 64 40 10 106 54 186 194 76 181 123 53 68 44 92 103 140 16 142 148 16 83 62 169 65 161 182 97 72 35 150 24 74 43 182 152 122 168 197 114 51 92 57 195 146 78 140 105 77 193 103 120 40 122 70 180 21 169 128 30 57 77 106 191 25 140 115 170 195 80 61 
95 47 144 7 120 104 194 161 101 91 30 126 143 92 95 67 101 64 85 160 72 54 114 47 18 142 5 4 167 43 145 80 110 125 27 138 93 91 4 196 103 144 118 7 129 39 167 112 142 81 182 11 148 42 10 91 171 146 10 152 124 91 179 126 62 58 186 45 158 150 57 62 187 192 178 155 127 172 35 23 54 149 98 46 112 145 94 117 31 80 198 17 99 163 53 146 28 146 114 162 77 28 178 39 118 138 34 138 196 68 121 47 154 129 147 108 106 159 25 171 41 123 107 7 100 
71 188 136 195 161 57 129 158 126 120 146 77 134 66 60 170 145 55 125 146 164 27 199 114 105 29 6 183 35 117 162 192 126 53 70 114 190 149 189 125 66 128 20 91 170 124 39 173 131 41 57 169 13 100 103 23 106 12 104 42 182 84 126 22 159 152 157 1 18 146 151 50 20 33 30 105 186 173 106 152 109 112 188 122 162 111 16 70 167 129 57 40 126 111 14 54 40 76 193 100 23 27 31 89 199 65 111 45 61 16 65 23 21 71 142 178 146 8 168 36 49 36 141 93 23 
86 128 168 112 71 189 32 29 163 83 138 114 112 90 87 94 150 185 145 3 24 189 115 129 112 113 181 9 161 93 190 44 164 193 145 71 167 6 10 132 179 138 2 127 2 69 9 153 73 82 166 51 58 79 197 30 121 124 58 163 36 104 8 60 169 164 41 19 18 46 137 90 123 101 185 136 190 171 182 139 112 120 103 155 184 11 76 140 180 171 38 31 154 110 119 73 130 162 104 116 17 47 171 46 141 22 144 113 116 164 24 45 60 110 10 90 121 43 178 174 16 138 58 159 160 
156 184 116 19 114 113 86 5 80 85 172 58 102 123 92 21 66 133 153 136 133 10 156 76 79 189 6 23 29 48 120 152 170 104 78 60 17 41 113 91 132 111 98 165 168 11 101 160 172 196 96 150 81 129 158 144 152 58 8 157 142 83 64 195 129 118 69 62 2 169 76 28 192 178 7 85 64 96 152 135 101 61 120 54 46 187 73 169 122 147 101 67 145 129 187 4 113 2 134 147 111 65 33 53 29 121 18 75 72 175 189 114 31 49 139 100 22 98 82 10 139 89 105 157 178 
76 82 198 55 120 158 44 127 114 5 188 16 177 44 36 6 195 12 94 45 68 55 188 190 196 70 43 167 73 34 125 153 28 94 151 29 68 156 7 5 70 49 49 33 81 169 88 101 128 141 186 165 5 157 64 49 84 132 152 90 27 192 182 176 107 141 134 166 118 130 188 28 119 193 177 153 11 150 168 148 175 69 18 179 115 144 193 51 17 172 91 21 193 119 64 124 166 50 80 63 31 199 36 27 86 120 154 164 2 57 141 22 70 37 103 167 164 80 185 60 4 187 117 92 3 
25 39 16 83 4 38 138 76 149 101 148 179 56 37 132 98 23 54 176 179 13 112 193 71 118 197 51 134 162 161 45 85 31 93 48 106 157 200 118 9 180 82 103 184 56 36 66 148 189 53 114 176 115 189 55 57 198 58 166 26 11 191 176 154 85 153 120 95 35 77 175 135 128 36 178 43 126 130 185 154 117 39 172 196 154 11 11 150 159 128 199 106 120 62 7 35 39 133 42 176 83 59 159 104 173 80 163 98 181 184 84 111 101 45 39 105 63 179 25 118 189 146 55 129 163 
103 198 79 198 69 164 193 96 98 121 93 84 20 27 60 77 138 15 93 20 46 156 184 122 187 179 74 88 19 200 149 82 93 72 58 197 77 40 118 84 178 29 182 146 102 3 19 146 14 200 136 68 149 25 194 5 62 21 197 111 159 101 21 153 19 191 8 87 180 160 179 56 165 76 96 112 83 153 189 112 147 28 55 109 47 182 134 148 49 41 192 119 39 125 129 88 107 174 3 157 91 57 129 12 52 112 26 179 174 40 40 196 50 192 27 115 140 184 61 18 96 192 125 168 122 
122 122 133 59 52 8 146 198 118 94 179 151 33 8 121 179 139 80 66 114 27 152 42 28 192 199 108 66 135 17 13 34 142 51 196 42 77 178 30 168 141 193 90 169 51 51 169 172 108 108 173 125 71 123 72 51 22 178 146 41 73 147 165 95 7 1 152 198 48 184 186 24 38 50 28 60 17 2 195 117 125 193 47 142 195 181 70 199 28 32 150 114 121 31 120 83 79 1 29 41 41 53 66 53 12 87 81 11 136 92 143 76 161 184 47 176 83 141 60 35 92 46 34 188 69 
12 130 177 193 1 167 123 200 133 134 111 3 151 93 181 80 79 172 43 121 166 116 135 72 158 9 161 146 196 109 134 81 109 143 92 104 50 44 129 32 143 170 111 103 147 12 65 11 63 200 185 106 155 134 180 185 37 99 73 40 39 181 66 153 45 24 146 186 31 191 47 119 196 124 34 35 78 140 52 15 115 198 191 21 1 52 34 141 57 117 66 21 48 80 114 29 164 141 194 94 114 71 18 19 20 174 96 41 147 14 31 1 143 53 26 88 99 52 164 6 52 139 189 198 135 
46 1 19 177 52 179 154 75 168 55 84 20 92 106 11 127 130 66 29 4 135 85 116 72 123 81 183 121 83 151 121 165 87 179 106 183 28 48 173 87 86 188 19 185 21 115 3 175 69 55 188 36 145 134 9 103 141 51 25 125 69 23 71 94 195 105 184 32 167 42 69 142 67 185 48 59 45 169 30 94 158 165 7 120 94 130 187 37 40 42 49 108 162 113 95 153 155 43 113 146 5 172 11 62 188 172 11 109 1 154 126 27 100 150 50 68 127 180 174 51 69 70 107 117 198 
194 62 56 1 97 22 131 189 108 50 88 92 198 33 3 131 167 37 194 145 69 63 128 129 73 59 96 95 107 48 175 4 136 34 187 68 89 191 9 66 153 170 110 62 37 52 155 91 83 89 104 67 135 11 187 49 196 63 162 136 118 131 110 193 82 88 186 179 192 161 95 95 113 81 22 164 192 198 51 15 84 134 161 6 78 68 31 101 139 133 39 67 164 10 26 6 140 41 70 163 123 126 76 53 37 110 3 20 171 185 49 146 82 81 90 31 21 100 106 126 158 8 198 135 74 
190 31 192 157 86 136 191 50 148 90 145 12 32 182 62 86 17 65 191 164 133 48 75 15 11 147 129 93 98 113 108 178 69 96 173 68 55 126 171 61 152 198 63 24 131 95 141 44 92 95 45 144 71 80 198 155 106 180 9 102 155 114 143 114 59 9 191 64 107 140 168 107 106 146 74 191 119 69 22 131 78 30 21 19 29 105 195 60 149 146 115 86 120 4 113 163 57 133 63 129 170 118 194 93 91 39 52 85 122 185 138 64 94 56 196 185 97 82 32 116 156 71 71 145 151 
158 30 155 96 132 124 41 115 40 50 144 17 191 86 88 79 177 82 174 65 175 28 83 25 60 67 151 58 80 3 49 159 110 126 108 112 38 31 191 173 32 197 26 85 96 93 76 48 164 68 30 39 181 137 117 93 168 88 102 62 54 199 179 48 13 94 102 153 111 149 192 1 164 70 186 144 106 2 15 19 187 75 35 19 190 153 180 78 139 10 117 50 39 104 178 135 187 81 114 183 6 36 29 70 179 108 80 148 118 80 69 168 141 2 141 113 127 139 190 158 133 131 23 38 185 
90 122 45 171 98 163 189 41 155 129 132 122 154 124 75 196 75 42 141 3 196 64 184 172 32 58 126 145 166 10 15 183 4 77 135 107 173 17 173 31 161 147 190 16 105 11 112 172 136 90 134 111 197 69 187 167 15 71 117 97 27 158 157 28 79 155 95 131 170 63 3 89 20 181 89 105 153 100 133 132 62 73 133 15 12 165 175 126 84 65 33 191 78 53 131 136 25 149 59 82 152 130 3 133 76 53 60 61 70 48 195 1 84 86 193 114 112 195 98 25 92 165 189 56 27 
178 53 198 20 105 144 170 114 84 186 182 147 70 14 129 10 27 66 98 165 86 166 46 22 5 188 66 100 55 51 3 68 172 103 29 2 5 145 139 199 96 101 69 22 38 56 85 200 66 4 145 80 11 96 126 44 24 172 170 120 51 42 198 78 173 107 80 102 191 149 50 39 168 25 180 85 42 16 21 120 3 139 125 165 183 164 193 194 16 110 196 119 200 5 140 183 153 90 102 159 9 9 144 12 52 140 122 199 149 148 84 158 172 8 98 133 138 63 109 180 10 25 180 63 180 
101 63 15 46 20 7 31 28 86 140 129 88 40 121 115 4 55 34 7 21 128 74 160 87 178 82 176 35 118 164 39 192 199 87 179 183 163 161 39 161 73 166 34 81 105 157 183 85 190 86 117 11 33 15 135 7 38 154 164 79 115 175 33 133 162 7 150 46 107 144 38 153 44 133 72 100 149 168 167 41 64 84 141 61 76 46 142 200 103 112 102 87 175 59 160 169 136 11 90 3 133 55 84 123 69 91 173 10 95 199 126 98 126 1 167 102 80 169 81 196 110 112 2 171 156 
55 137 82 19 72 169 164 105 2 35 172 73 180 161 90 132 111 171 3 147 23 6 44 29 141 100 176 14 54 192 92 48 88 155 151 23 35 138 17 33 189 189 153 100 155 12 154 170 13 128 17 156 42 35 60 85 50 20 191 130 17 40 190 165 17 98 21 157 33 149 27 123 5 109 43 22 175 158 186 127 40 103 55 49 95 72 176 172 170 57 132 160 7 108 113 195 164 27 136 158 82 177 143 172 187 2 70 135 37 100 13 126 45 104 145 25 83 81 200 147 32 31 134 19 105 
