75 6
0
1
1 66 59 184
2 85 180 -275
3 117 195 -273
4 145 124 889
5 215 138 767
6 228 161 550
7 262 39 184
8 318 78 786
9 347 142 347
10 349 177 1057
11 432 23 616
12 452 76 452
13 547 40 787
14 567 141 285
15 599 132 863
16 603 173 1641
17 622 186 1738
18 669 170 2029
19 678 35 888
20 687 37 835
21 691 127 691
22 741 179 741
23 800 95 990
24 872 192 488
25 893 38 1121
26 1023 166 2019
27 1063 186 1435
28 1092 149 1390
29 1145 5 1165
30 1210 129 1468
31 1256 117 1724
32 1321 82 1813
33 1338 130 1858
34 1383 2 1387
35 1431 3 1455
36 1483 158 1167
37 1485 163 2789
38 1496 55 1826
39 1531 71 1531
40 1596 145 1306
41 1651 148 2835
42 1744 162 2068
43 1795 56 1683
44 1856 75 1706
45 1880 56 1992
46 1924 92 2476
47 1977 88 2153
48 1978 1 1976
49 1989 133 2521
50 2054 37 2350
51 2120 150 2720
52 2161 42 2413
53 2195 138 2747
54 2475 47 2381
55 2498 129 3530
56 2503 136 3319
57 2549 37 2697
58 2550 58 3014
59 2593 101 2593
60 2606 153 3830
61 2631 55 2741
62 2683 64 3195
63 2775 105 3195
64 2793 82 2629
65 2919 146 3211
66 3029 34 2961
67 3099 46 3467
68 3119 174 4511
69 3224 118 2988
70 3255 48 3351
71 3269 50 3269
72 3271 137 4093
73 3315 123 3807
74 3477 47 3571
75 3486 76 3334
46 15 78 84 66 53 157 187 144 6 96 197 49 125 84 188 122 124 176 45 197 22 70 34 99 164 197 160 123 175 94 31 37 39 157 14 28 136 166 40 194 83 97 168 188 178 170 168 6 199 112 134 63 56 121 18 185 170 168 24 115 55 47 60 180 96 88 128 12 22 179 85 90 124 154 
136 151 134 51 77 148 51 197 119 114 182 173 26 164 173 120 168 74 24 19 159 105 115 3 99 25 136 75 113 24 19 193 71 3 44 101 139 51 136 130 105 41 70 170 39 195 65 124 171 192 154 44 36 28 136 180 140 156 94 50 194 93 5 94 25 200 21 88 12 28 38 82 70 156 126 
188 89 46 3 48 59 24 66 88 116 105 197 133 113 143 122 164 172 77 54 91 100 195 55 66 184 165 9 149 50 78 77 38 27 112 76 85 39 52 182 67 35 181 171 46 47 178 104 50 31 12 2 147 97 100 161 25 84 29 190 106 57 54 149 19 170 188 173 191 64 102 28 47 89 59 
6 38 7 45 142 31 38 191 140 118 29 84 4 161 2 5 176 147 21 158 191 103 109 67 167 92 54 99 155 87 161 172 142 87 146 103 88 22 73 68 39 76 136 38 62 50 111 73 157 85 174 122 85 161 105 50 74 119 155 160 191 197 143 194 162 183 20 134 152 173 74 151 27 16 136 
171 3 34 87 28 58 80 198 7 144 112 110 117 181 49 54 169 126 28 147 28 28 198 104 44 155 4 199 140 188 85 158 163 135 151 133 107 154 21 124 151 54 16 186 57 42 126 109 169 196 25 189 102 179 53 27 5 176 194 100 175 26 55 184 147 153 122 140 138 154 56 172 127 24 166 
182 68 183 169 106 196 166 8 170 107 14 115 33 54 111 32 15 173 86 190 97 54 184 168 142 40 70 183 64 16 184 7 72 20 145 90 17 156 50 55 108 46 191 153 67 165 41 137 145 154 9 16 97 183 10 34 14 11 158 161 36 53 184 172 75 140 34 194 127 185 182 59 79 29 32 
118 24 83 87 147 180 12 2 128 167 75 105 132 10 169 141 136 10 179 9 145 21 55 53 15 186 21 42 5 188 130 73 84 152 138 86 102 124 79 10 141 82 114 192 181 106 25 197 19 46 13 155 24 52 27 100 110 188 159 28 71 61 17 148 113 87 148 96 83 44 15 95 1 60 113 
94 94 35 49 59 43 164 198 64 83 182 139 42 106 32 86 90 41 179 73 68 92 119 137 3 122 21 122 143 66 53 198 101 195 41 82 31 31 101 9 7 189 134 85 27 149 165 79 48 54 12 134 168 198 200 139 50 138 166 38 64 38 166 5 23 1 176 113 114 198 43 195 143 134 36 
128 164 148 87 21 121 131 185 5 73 194 189 39 113 70 82 108 62 144 187 109 98 10 67 104 148 181 19 36 77 3 100 68 19 82 192 49 27 129 3 81 46 126 101 178 69 118 117 155 61 134 17 26 39 18 200 142 67 200 152 3 66 122 102 72 112 138 100 109 69 122 86 177 44 91 
55 135 186 45 158 160 174 111 14 97 99 44 126 48 67 94 155 199 141 30 194 62 88 171 24 179 165 150 111 106 112 147 92 157 31 33 106 138 90 131 34 58 118 185 1 29 183 167 197 179 183 165 189 106 59 133 72 56 149 145 112 124 163 27 69 60 95 49 69 71 153 153 48 136 96 
126 108 145 31 25 18 70 183 158 192 143 137 117 131 61 130 190 13 160 175 167 84 136 36 34 65 159 1 33 200 97 2 17 195 57 170 187 149 39 75 120 138 139 70 126 64 82 1 141 64 136 61 54 64 199 108 137 8 73 133 154 102 71 155 84 90 47 138 23 154 87 7 88 93 26 
3 151 148 39 179 125 112 109 194 127 54 191 180 13 178 6 86 131 192 126 84 33 34 132 21 187 192 196 43 108 167 2 43 28 17 141 28 82 55 127 193 106 82 108 139 119 198 173 94 121 163 38 152 111 78 69 157 89 68 35 168 124 176 159 85 123 124 52 19 11 89 58 160 125 71 
16 131 127 83 148 157 13 187 151 178 180 85 96 73 107 116 63 143 22 1 69 156 166 72 17 20 190 83 183 28 151 172 27 16 25 84 50 186 160 57 176 172 52 145 7 24 153 21 170 38 75 195 47 52 15 17 126 60 163 83 160 67 176 144 12 5 131 182 195 62 75 30 133 146 6 
91 12 167 102 101 131 3 163 140 70 165 197 82 97 138 113 198 75 175 178 152 172 14 108 74 157 85 1 68 96 73 98 121 55 104 179 22 37 132 100 148 66 177 45 171 90 127 147 88 94 15 55 153 122 36 10 12 52 28 98 124 33 188 41 93 30 83 170 80 125 5 175 70 86 40 
75 105 29 115 186 51 51 22 150 1 171 104 51 171 141 159 25 114 157 5 69 61 37 80 44 43 137 118 98 21 72 173 36 147 107 183 129 88 167 55 64 85 81 165 78 104 87 43 113 37 19 21 139 81 149 97 34 97 168 39 177 133 35 188 200 144 162 118 97 68 123 114 69 2 198 
14 145 60 131 66 56 100 97 95 84 115 3 90 83 54 197 200 23 57 181 91 25 156 87 132 31 25 139 133 87 91 98 175 101 34 189 110 24 186 145 180 64 112 177 67 129 23 128 11 83 61 89 123 56 185 50 107 183 79 191 78 43 156 65 117 195 88 28 182 162 91 191 75 131 130 
109 91 76 184 7 172 35 167 129 76 117 60 105 139 18 183 187 75 3 115 111 67 172 86 144 123 99 30 116 153 10 145 140 118 154 70 169 196 16 189 135 60 77 8 148 9 113 30 145 77 103 102 196 198 128 68 106 160 3 185 20 165 84 133 185 44 168 64 62 149 121 130 57 21 171 
60 165 26 195 117 190 151 48 34 12 103 165 83 197 121 177 36 58 114 170 40 67 105 28 105 186 137 11 119 84 52 105 113 114 72 43 61 49 190 75 196 184 56 28 188 63 103 160 113 119 57 171 79 56 82 68 59 171 22 159 83 192 25 20 97 186 190 117 63 31 134 114 63 44 183 
51 96 134 6 80 11 95 43 158 69 154 144 4 6 110 38 91 61 16 115 19 146 80 80 165 124 95 58 123 63 99 167 139 154 155 173 137 96 5 57 103 53 62 145 74 9 173 15 53 39 142 158 30 200 83 3 55 52 78 121 59 159 165 136 148 119 167 77 49 200 105 13 40 39 146 
112 15 135 40 101 13 87 83 161 45 147 75 140 27 57 181 63 55 99 8 122 95 76 139 153 23 185 122 135 132 130 72 172 42 46 19 71 134 32 163 98 86 55 13 146 33 37 158 107 159 165 190 113 85 85 122 130 167 83 128 47 65 6 65 168 186 50 38 49 119 159 174 166 134 74 
115 116 196 57 163 26 97 111 98 167 48 67 200 67 83 88 64 40 88 183 100 61 194 132 63 27 167 30 111 131 58 101 8 137 44 47 179 133 58 136 76 189 156 1 193 79 160 166 2 97 164 155 14 43 17 35 149 43 164 184 174 181 151 134 50 16 88 135 162 53 118 54 171 73 20 
116 168 122 85 88 112 37 199 30 61 68 179 132 121 170 83 38 175 145 186 85 166 115 64 160 87 5 51 158 78 123 62 62 21 44 162 97 52 145 92 171 61 160 3 159 41 139 97 175 1 130 42 190 114 7 141 178 109 29 28 53 81 167 106 75 110 52 24 193 46 112 177 107 62 78 
23 33 113 85 54 74 53 76 58 140 53 101 92 197 160 157 170 172 71 83 122 186 75 19 29 42 136 54 89 169 7 33 145 153 63 34 19 143 181 6 165 103 156 45 70 145 109 187 78 177 76 13 180 186 72 158 111 151 97 196 37 151 185 72 93 179 40 5 79 36 22 105 47 92 193 
137 38 190 192 5 132 181 180 176 144 30 115 52 22 63 57 160 132 189 120 87 48 90 93 81 24 68 124 178 118 73 79 36 171 51 84 99 100 186 180 44 62 76 88 155 143 172 179 44 200 82 162 39 43 185 88 183 58 113 126 148 179 39 191 152 14 115 75 56 152 65 6 10 102 200 
138 56 36 12 29 47 130 191 127 4 84 94 118 68 163 175 175 126 24 116 112 76 107 99 83 49 137 69 8 144 14 178 166 111 41 48 170 96 77 137 92 184 79 62 42 122 194 18 114 35 117 185 5 190 64 178 80 107 151 123 118 56 22 120 8 85 19 118 151 11 193 124 181 41 145 
194 23 101 71 52 127 165 3 107 1 83 3 162 84 12 128 79 51 167 14 56 39 98 192 72 148 44 12 145 100 102 148 155 23 118 66 184 75 160 16 61 32 134 86 176 38 164 133 69 159 30 10 120 197 172 151 34 84 96 83 120 135 166 178 177 5 167 83 40 122 167 123 159 198 199 
164 141 4 95 121 41 38 9 142 92 45 21 38 29 167 88 198 140 61 54 13 186 40 6 93 184 45 94 110 93 59 127 156 155 112 116 190 139 138 129 162 171 100 181 171 99 148 173 114 105 76 129 30 200 23 117 107 188 120 185 23 27 21 135 32 25 182 195 10 162 161 15 83 26 37 
76 115 200 175 114 36 197 135 88 47 21 192 199 94 65 156 148 24 199 185 37 53 140 143 110 118 131 43 172 161 8 168 74 112 7 170 62 172 95 15 66 120 184 83 152 175 187 57 171 173 18 122 106 75 32 177 195 112 125 196 98 75 43 68 60 57 124 61 168 92 119 163 188 66 37 
80 2 93 194 165 46 161 75 36 173 47 127 197 46 109 18 131 194 23 79 120 68 101 41 55 103 145 185 40 142 178 177 92 161 86 115 182 34 155 106 152 135 159 10 163 92 60 142 100 154 24 57 48 186 191 170 107 78 186 151 104 24 175 167 68 157 41 160 79 83 9 100 81 140 185 
51 75 68 141 21 197 147 179 79 153 197 132 170 102 7 167 145 39 116 166 89 42 125 6 182 110 63 108 22 108 72 6 118 186 80 183 172 24 13 80 19 195 28 150 38 157 3 184 9 94 37 150 194 143 129 28 98 196 186 159 11 120 123 138 196 111 3 14 13 68 44 160 125 161 95 
88 79 92 106 65 148 175 116 80 1 168 126 150 159 142 58 105 120 29 36 43 133 133 86 153 104 95 199 94 107 22 169 39 111 59 195 108 50 200 23 20 166 171 89 150 171 133 89 71 185 136 113 165 112 192 36 46 5 54 176 143 107 23 72 89 51 55 196 181 198 4 143 132 139 112 
100 136 78 65 61 177 165 65 33 104 143 148 31 97 195 174 58 159 13 139 28 140 173 84 43 82 170 142 103 2 150 116 41 57 198 169 109 160 133 38 128 123 35 57 115 151 3 123 199 93 184 198 8 180 110 67 76 172 60 52 158 173 49 59 70 26 192 175 117 40 197 34 105 75 49 
120 47 107 116 173 198 23 182 172 25 158 174 168 76 83 104 104 180 169 71 127 151 135 168 181 126 165 85 56 165 163 133 180 139 187 52 67 199 56 78 89 35 54 108 103 183 93 140 22 164 3 190 173 63 91 74 151 97 72 178 40 174 162 51 61 2 106 64 18 61 66 98 96 195 146 
183 74 95 135 75 24 106 160 93 25 41 6 90 100 33 186 13 104 36 27 105 34 134 39 109 124 115 71 180 110 132 132 99 51 45 21 45 105 164 98 23 89 147 37 191 26 120 21 52 155 150 83 116 55 191 5 177 115 181 10 178 58 152 10 188 181 73 81 8 193 181 191 162 105 17 
159 91 76 110 65 87 124 200 28 184 88 72 38 48 52 159 86 132 19 174 52 126 30 141 97 104 116 167 105 180 136 100 164 87 121 158 60 55 194 142 183 152 118 88 153 55 49 12 63 61 115 54 69 105 74 64 146 153 21 173 46 5 69 117 21 187 17 66 185 117 175 134 80 155 162 
129 150 106 25 63 100 109 166 34 97 81 94 119 73 196 67 176 111 74 81 7 112 91 112 100 117 181 65 38 82 29 168 70 42 175 50 59 200 197 190 113 41 16 113 192 177 26 190 59 56 155 65 89 107 41 183 138 175 105 132 23 79 181 56 51 93 161 129 92 54 64 189 199 119 170 
125 47 63 121 186 32 144 31 66 176 142 189 192 3 35 65 186 23 29 13 13 11 55 4 200 6 21 93 193 53 146 123 195 55 133 77 183 191 62 138 123 30 60 63 173 81 6 87 27 122 189 163 77 172 35 11 33 39 89 193 130 29 25 76 186 155 59 66 182 179 12 2 156 28 148 
170 83 173 36 55 149 139 85 88 76 42 83 76 132 56 33 159 125 38 24 15 88 14 100 45 140 173 59 42 148 175 142 111 140 87 119 151 38 107 11 14 135 47 52 95 32 180 26 110 133 130 5 152 58 52 88 145 81 14 143 99 61 126 91 164 135 46 134 175 67 2 24 38 105 72 
162 97 142 99 74 24 55 178 80 87 167 175 182 67 88 143 65 3 105 107 46 148 176 89 8 198 45 156 48 11 106 14 31 92 32 40 126 111 162 137 101 163 135 52 145 185 39 96 84 41 63 15 21 112 79 21 164 139 2 52 94 91 22 81 115 106 23 200 25 83 112 70 52 83 184 
140 35 88 10 67 10 41 47 32 140 162 94 198 16 119 25 195 14 72 33 73 105 118 142 89 180 17 164 65 153 81 73 190 69 191 54 173 95 106 160 68 84 73 176 92 70 164 178 163 42 65 100 13 40 13 23 99 154 67 99 1 110 137 179 163 81 168 113 192 26 12 125 30 77 50 
45 42 194 124 43 125 114 8 35 45 106 123 98 140 26 107 30 181 85 164 197 113 94 29 185 51 181 73 195 12 13 116 186 22 24 50 85 35 152 103 38 182 154 54 160 112 13 59 200 175 198 98 146 112 195 83 116 93 1 130 116 194 65 104 81 131 160 109 138 60 90 173 180 118 29 
71 87 114 85 98 29 158 61 20 96 22 50 60 86 58 53 172 2 166 8 29 134 48 183 2 17 78 147 140 42 94 157 197 123 109 116 120 186 130 186 79 142 32 160 170 194 90 148 72 177 66 65 26 116 16 79 170 86 85 170 89 161 135 97 172 153 139 122 92 185 20 102 30 8 69 
59 154 77 194 50 153 69 81 36 42 18 136 68 84 175 52 147 22 187 149 46 50 14 13 94 127 31 86 200 146 35 51 2 125 191 186 9 33 122 170 137 22 177 8 138 100 54 81 108 198 122 83 27 160 76 131 200 102 149 154 108 139 148 176 6 37 125 60 131 143 10 63 192 81 114 
96 113 55 164 93 42 172 107 47 68 138 86 129 111 128 148 71 97 142 31 127 193 196 101 188 136 124 84 146 119 149 141 43 65 200 58 160 50 67 70 160 148 155 44 137 139 73 14 151 32 121 2 66 32 55 185 187 148 190 189 169 148 82 108 121 162 137 109 22 110 43 13 39 107 193 
170 185 38 22 72 70 93 26 93 137 19 151 136 191 146 99 59 114 155 76 68 189 97 140 37 162 161 52 118 194 66 147 50 157 118 135 62 143 159 60 72 82 31 182 150 87 108 142 137 29 175 142 193 150 180 123 130 130 98 89 2 24 82 166 152 137 62 196 179 68 48 50 168 130 35 
190 104 61 170 170 40 165 53 22 200 16 150 50 43 67 20 10 131 128 49 23 48 160 92 53 59 24 13 108 29 13 88 84 31 45 89 153 80 111 25 17 9 53 93 181 101 129 65 16 138 175 112 5 26 170 121 77 55 181 42 96 132 25 143 163 28 199 163 41 44 83 58 102 187 177 
174 196 104 91 160 128 7 79 173 122 60 15 52 7 70 138 18 131 111 110 31 137 76 86 84 17 4 155 3 72 57 181 142 130 128 89 43 11 155 171 172 34 173 87 153 169 66 11 129 116 153 186 55 148 136 145 42 106 110 134 138 75 28 124 148 164 61 3 37 186 15 26 172 119 107 
124 19 173 122 152 1 167 94 9 38 18 68 155 136 43 51 138 86 57 103 190 89 92 130 190 122 144 150 127 195 106 195 53 110 186 184 150 132 195 155 180 53 32 108 5 134 181 5 182 83 192 25 154 79 190 22 11 42 160 118 17 40 155 114 6 184 83 139 109 130 193 184 46 96 193 
103 135 41 74 36 28 138 85 93 131 114 158 30 80 125 187 103 170 65 128 102 147 87 25 84 189 185 32 75 10 167 92 122 62 122 45 51 72 110 153 139 149 44 174 199 81 77 63 17 115 138 183 134 91 87 131 76 84 128 119 186 70 86 38 166 194 194 159 58 32 126 141 43 183 6 
17 75 61 45 29 191 157 146 83 60 21 60 162 4 193 84 58 127 78 124 72 49 81 185 32 2 105 33 12 107 115 53 63 155 144 29 79 3 57 93 47 116 61 58 135 45 154 88 20 75 60 90 188 180 34 140 74 161 91 29 148 160 173 191 90 77 89 195 156 27 5 169 140 104 48 
98 18 63 147 149 127 160 177 180 200 157 1 148 151 135 196 163 30 71 189 167 47 17 63 57 117 113 141 2 190 33 53 55 32 196 188 149 164 56 79 29 164 180 28 84 23 199 137 18 170 91 145 6 120 168 188 166 73 52 57 110 105 133 15 42 164 37 125 174 200 24 50 117 31 40 
2 93 7 143 146 64 17 32 188 121 1 82 72 146 126 140 188 54 76 7 175 162 144 115 22 183 47 153 142 98 125 144 109 34 68 29 1 58 82 8 147 36 49 24 186 13 14 87 173 52 178 43 74 22 16 94 120 191 45 35 90 158 63 15 30 116 164 91 53 103 56 89 123 87 134 
147 129 164 126 164 183 106 119 28 71 199 81 49 81 53 169 3 143 200 87 180 122 151 172 99 104 26 145 88 44 165 133 144 170 51 68 167 149 83 122 186 175 92 6 75 13 98 4 49 100 18 190 95 144 109 120 102 109 132 114 48 152 107 141 47 137 165 1 181 182 82 118 56 183 93 
118 65 183 89 132 187 164 35 3 190 10 94 34 25 3 47 124 23 78 191 190 144 55 61 171 66 133 65 148 149 65 51 82 117 74 180 75 23 94 82 163 52 47 145 86 3 20 164 101 24 35 104 169 51 99 82 153 153 36 161 27 144 188 159 200 111 5 80 54 83 102 82 113 16 196 
21 165 108 53 28 160 106 67 88 115 128 145 70 175 47 98 173 162 36 128 41 52 33 56 58 42 121 148 165 153 114 45 18 45 75 23 1 165 77 189 91 158 47 119 72 175 69 98 146 11 125 174 69 28 175 54 53 183 72 36 160 144 150 126 42 197 54 158 199 61 54 141 25 95 49 
48 28 65 46 91 115 181 193 195 81 132 114 79 126 43 140 2 200 83 129 17 175 25 40 34 140 196 147 115 106 104 135 147 38 185 21 29 78 114 144 169 139 105 110 70 143 161 66 188 81 117 12 146 145 119 126 84 116 100 136 33 52 189 48 132 169 80 97 91 131 146 82 12 92 77 
189 171 163 13 69 63 12 88 93 172 53 2 85 112 118 185 37 48 52 13 153 55 118 24 71 188 140 157 13 147 114 179 119 143 145 2 114 97 59 50 131 68 63 34 179 112 34 176 189 97 113 68 119 9 191 21 148 168 150 193 193 50 189 79 193 128 15 166 152 13 158 49 66 169 173 
167 154 138 136 24 176 154 127 104 124 195 156 24 27 163 66 90 144 181 116 193 187 104 83 138 177 62 125 61 106 172 7 28 5 130 115 102 147 137 92 126 169 8 170 3 3 199 33 95 21 26 93 168 13 151 134 133 4 183 136 32 191 173 198 78 86 29 25 18 92 21 157 19 144 145 
96 93 14 131 40 21 47 51 66 60 182 186 131 126 32 154 149 125 93 97 44 192 79 172 184 107 190 84 24 149 192 122 25 8 194 193 154 23 163 136 11 120 170 90 93 124 63 43 57 180 54 80 61 94 75 110 33 135 99 91 148 48 73 197 100 78 112 11 64 147 28 20 89 118 162 
199 68 58 136 116 56 27 184 117 141 42 59 40 50 16 95 29 59 123 3 123 19 126 17 112 187 131 44 175 47 53 13 96 114 120 163 43 195 152 54 70 184 57 43 2 14 91 122 76 17 126 149 64 79 116 47 9 102 48 92 68 104 156 50 117 24 10 16 186 43 151 57 36 82 173 
187 137 38 79 150 62 129 145 191 34 137 124 141 130 70 129 108 43 81 82 150 104 119 104 179 182 100 53 103 16 63 120 89 185 195 33 75 128 34 77 93 197 170 89 126 73 47 146 75 117 18 138 148 175 160 39 144 58 105 11 52 4 111 56 51 144 145 84 70 139 71 71 27 72 154 
161 34 184 72 79 34 38 82 112 74 29 76 6 129 107 125 159 110 102 165 61 114 198 133 13 192 173 4 146 190 101 185 165 61 85 54 82 184 124 158 176 76 172 192 87 20 94 154 72 14 62 195 59 107 91 58 75 143 70 154 7 168 22 73 189 150 112 34 147 41 178 1 136 9 146 
167 59 186 109 136 87 53 27 127 148 176 29 153 97 15 81 194 10 151 29 166 107 59 173 42 97 72 161 59 198 20 198 56 172 20 108 84 125 147 2 123 81 137 156 72 150 72 100 112 188 70 85 49 52 73 65 127 194 15 158 100 55 192 34 139 6 32 106 184 196 142 70 47 177 108 
46 40 177 5 42 6 105 17 169 144 163 113 32 32 24 38 7 51 6 60 68 129 16 108 98 36 57 55 108 83 124 30 112 123 99 109 197 34 122 33 1 24 2 158 47 159 107 10 169 192 183 137 69 76 2 82 5 59 87 122 114 20 103 148 38 77 121 59 90 64 24 27 141 76 115 
27 70 55 148 170 77 147 33 174 166 188 14 166 128 146 61 101 123 55 40 42 69 181 84 112 78 125 146 11 157 30 169 70 173 73 161 60 58 43 197 96 46 135 140 18 77 72 67 145 10 145 100 157 122 181 10 130 170 147 62 15 162 135 134 189 97 74 8 48 179 160 150 187 190 90 
8 17 76 156 5 156 33 25 22 55 102 199 56 198 67 12 183 124 68 12 13 132 186 124 107 77 169 175 23 146 137 76 60 18 172 139 197 104 11 194 98 102 49 108 33 194 166 102 104 160 112 199 6 111 94 9 106 85 80 88 106 11 174 160 147 138 155 164 135 103 183 79 26 18 5 
155 56 190 186 106 38 160 177 10 158 84 13 154 142 105 194 122 146 173 183 152 118 115 83 137 20 150 101 167 126 62 119 159 131 183 83 98 7 3 132 142 135 194 126 33 181 137 145 151 33 146 108 15 121 141 133 91 65 59 184 139 58 174 147 83 169 160 21 109 24 161 76 175 116 29 
87 29 188 133 39 38 115 146 53 164 128 42 176 135 6 174 133 11 138 2 159 26 45 127 60 131 43 116 99 105 68 22 179 175 69 12 12 4 171 151 180 127 130 28 148 56 138 190 74 123 142 19 91 183 183 130 75 120 133 96 119 146 131 199 21 163 54 24 42 76 39 173 165 23 56 
2 5 126 102 138 152 109 101 88 66 126 28 62 96 25 1 47 115 69 35 70 26 8 3 14 198 191 144 148 78 177 193 99 199 1 69 47 148 112 62 136 19 104 125 128 168 38 68 77 188 119 120 4 200 95 192 195 16 119 117 186 70 110 164 158 97 123 27 44 59 45 155 196 166 62 
68 52 99 71 134 188 27 167 127 133 145 93 6 47 89 144 32 50 189 23 19 105 109 188 167 4 88 169 200 21 135 84 117 96 18 54 62 41 153 77 91 147 94 148 150 63 191 196 1 79 120 120 109 71 80 200 129 148 186 48 94 40 31 188 167 99 10 118 132 25 98 84 198 112 192 
49 144 46 28 173 27 88 188 95 12 108 150 78 63 81 73 151 80 19 132 70 187 106 172 89 161 7 130 83 93 198 89 83 2 185 81 127 41 164 44 111 99 174 132 27 123 33 136 38 11 114 135 146 53 96 28 188 90 196 28 134 39 94 49 178 20 181 39 174 113 46 63 10 177 137 
45 186 35 52 151 174 42 10 159 138 82 188 123 129 172 20 3 16 38 102 127 200 163 55 102 43 104 189 193 28 175 103 114 55 57 4 123 90 74 160 49 128 120 66 182 103 66 32 55 177 134 39 181 142 117 188 29 167 89 56 168 141 10 159 20 177 42 171 70 66 36 42 26 94 199 
70 189 44 75 115 160 164 111 54 14 26 51 159 76 127 120 178 14 122 72 2 85 101 62 44 196 33 142 55 93 12 175 96 132 113 4 117 80 117 194 162 94 136 51 7 107 19 36 89 170 196 151 121 117 54 58 193 99 80 70 200 83 57 55 3 191 138 139 145 181 105 112 96 70 85 
154 84 147 169 172 29 125 71 168 95 144 186 136 162 147 128 12 144 196 67 4 96 66 181 187 152 34 190 197 119 39 76 37 71 17 185 191 26 57 185 117 96 16 126 54 27 184 102 196 49 106 57 168 112 91 74 113 33 52 39 59 142 65 156 73 56 14 151 136 30 147 55 90 45 192 
193 161 179 129 186 188 126 103 75 107 84 182 13 162 136 14 86 135 94 171 28 125 37 25 9 63 59 136 198 97 88 196 95 49 169 143 116 157 29 18 105 122 46 96 72 129 183 140 83 101 3 180 96 116 72 163 17 98 124 196 15 16 18 1 25 140 170 80 200 182 166 127 18 40 185 
113 77 169 160 183 52 115 89 101 1 169 127 89 97 111 50 14 176 55 11 93 162 146 139 132 6 181 172 22 145 21 20 76 186 42 134 152 178 144 92 127 151 85 161 29 143 170 125 37 3 129 74 96 166 131 186 67 23 160 138 184 144 108 11 34 171 125 50 60 38 155 83 44 23 27 
