75 2
0
1
1 64 60 544
2 278 96 1046
3 303 90 1023
4 404 111 182
5 415 167 1417
6 418 186 1162
7 746 193 1904
8 758 54 758
9 769 131 1817
10 1004 44 1092
11 1020 62 1268
12 1206 190 826
13 1558 129 1816
14 1634 12 1706
15 1867 77 2021
16 1889 69 1751
17 2312 22 2312
18 2521 18 2629
19 2785 111 3673
20 2836 180 2836
21 2867 72 3155
22 3000 79 3000
23 3068 122 3068
24 3148 186 3520
25 3286 15 3346
26 3381 132 3645
27 3435 132 3171
28 3707 67 3841
29 3839 134 3839
30 4047 106 4683
31 4096 134 4364
32 4427 1 4433
33 4537 15 4507
34 4612 93 4612
35 4994 25 4994
36 5129 150 5129
37 5420 44 5420
38 5488 199 5090
39 5497 68 5633
40 5625 195 6795
41 5645 22 5689
42 5648 7 5662
43 5835 14 5919
44 6273 36 6417
45 6458 131 7506
46 6560 177 7976
47 6627 172 6971
48 6858 196 8426
49 7007 183 7739
50 7105 183 7471
51 7424 193 8196
52 7458 34 7390
53 7471 133 7205
54 7630 82 8122
55 7742 49 8134
56 7901 172 8933
57 7943 148 8831
58 8057 21 8099
59 8089 161 9377
60 8265 72 8265
61 8363 28 8587
62 8392 175 8392
63 8512 62 8512
64 8696 113 8696
65 8815 122 8815
66 8997 122 8753
67 9177 173 9177
68 9181 50 9181
69 9378 177 10086
70 9480 114 9252
71 9980 88 9980
72 10110 97 9916
73 10289 105 10709
74 10428 117 11130
75 10462 169 11814
174 17 87 26 118 187 81 79 104 51 53 172 70 42 67 113 156 88 15 134 43 100 14 84 171 100 81 164 13 179 191 66 168 189 36 61 115 147 119 197 29 151 57 147 157 165 151 43 34 102 28 90 90 193 166 18 5 94 141 101 88 120 126 7 52 116 3 171 193 90 154 88 92 38 19 
22 80 25 13 36 181 50 53 185 118 87 67 107 107 37 70 67 20 131 126 61 195 96 141 48 116 66 156 53 114 37 44 96 137 23 168 67 26 142 147 167 33 83 146 176 194 143 83 56 13 129 190 81 146 114 128 11 133 18 63 54 69 127 134 175 59 119 94 73 176 35 65 153 77 132 
1 176 126 119 166 111 153 91 147 134 73 198 161 170 77 157 56 129 16 143 185 69 133 197 9 114 11 134 109 89 73 180 194 82 17 50 149 76 174 179 133 55 44 118 74 137 126 1 119 133 143 22 147 17 15 176 170 173 121 80 138 22 150 162 150 97 47 38 8 4 88 198 14 142 114 
155 77 31 155 176 199 41 140 60 188 154 119 9 2 55 138 195 182 142 186 167 129 145 157 46 1 113 129 136 58 80 143 151 128 80 185 1 104 144 166 197 102 165 124 60 120 195 61 105 6 200 46 129 102 166 55 115 166 181 198 99 164 125 90 112 170 184 38 183 30 165 31 25 56 150 
19 121 177 20 144 79 57 183 184 12 189 14 3 65 4 73 90 51 27 159 196 140 104 21 125 51 65 66 194 129 105 31 188 163 109 5 107 193 32 11 124 160 80 139 83 50 10 85 93 188 193 193 149 109 147 84 110 147 156 102 96 37 194 102 64 181 94 164 111 136 67 154 79 85 97 
123 116 20 169 50 38 16 88 131 178 101 139 82 122 14 76 20 96 162 73 171 111 152 138 37 146 90 110 166 70 147 97 140 10 55 45 124 61 78 30 50 152 172 19 91 106 183 152 90 200 197 104 126 48 64 128 196 154 20 102 75 117 7 141 31 135 177 20 30 3 187 27 119 13 43 
71 69 188 147 56 19 76 171 17 100 185 188 107 185 177 106 170 147 186 139 187 98 37 57 168 29 166 92 186 113 36 113 87 111 9 79 51 178 168 48 59 67 138 78 125 73 45 73 37 51 113 119 166 107 47 84 18 109 170 194 113 38 141 127 47 77 172 27 48 77 189 95 56 148 59 
1 111 37 118 71 194 179 36 92 97 137 154 75 3 56 15 129 114 73 146 75 89 122 25 43 68 67 120 97 130 198 96 47 15 76 106 74 28 49 20 170 165 63 89 71 60 176 107 92 63 58 29 141 156 141 14 93 145 33 107 30 175 2 25 159 54 55 126 190 47 139 69 86 157 139 
120 100 198 119 181 162 6 9 154 121 123 125 192 31 129 132 193 115 170 130 6 2 147 188 124 156 170 10 45 32 29 43 150 165 115 137 195 89 16 110 111 119 96 106 85 88 34 103 162 76 48 116 88 170 150 14 112 115 29 165 196 88 19 145 58 190 170 38 130 75 168 89 189 126 22 
18 81 175 75 33 44 41 119 98 10 199 82 66 23 28 102 75 136 26 128 119 13 168 149 56 13 63 177 97 104 76 193 79 31 176 1 73 16 154 42 46 162 82 22 114 151 176 29 84 185 86 90 159 160 193 150 92 84 88 164 145 122 19 45 66 33 14 200 163 138 148 103 69 61 93 
142 169 137 71 173 146 131 72 173 58 179 37 49 23 96 69 25 16 137 163 121 200 57 184 174 42 166 107 58 84 53 99 66 158 25 163 8 37 62 135 103 61 106 197 1 50 130 131 34 85 45 89 182 23 148 25 188 63 175 190 192 23 37 19 108 82 82 174 98 42 199 24 140 91 145 
54 139 65 58 175 68 118 113 53 119 188 12 125 143 15 159 189 146 128 11 172 6 175 60 98 4 58 70 78 38 156 153 79 160 47 112 83 156 143 156 64 1 50 25 1 178 10 23 34 38 135 16 187 190 45 197 44 6 126 13 9 115 190 175 159 35 35 102 178 16 200 83 20 29 176 
144 138 116 129 110 20 159 98 59 69 111 109 18 94 48 181 132 197 193 22 8 62 122 31 45 54 77 94 63 176 91 111 20 138 197 7 105 43 185 177 140 131 40 31 13 70 107 59 193 104 155 20 145 52 173 108 34 69 71 138 115 177 113 187 96 138 92 98 73 156 200 180 117 129 66 
191 35 136 199 104 113 149 145 124 186 81 133 80 130 197 100 30 137 98 41 107 149 146 9 132 42 40 5 194 53 71 136 3 57 85 173 145 132 147 144 107 85 177 63 106 155 146 93 107 192 99 88 49 152 71 94 128 55 133 27 81 174 51 93 175 155 50 54 82 43 22 44 65 197 27 
145 142 75 123 95 65 130 175 127 12 166 182 50 54 88 176 110 54 111 140 151 137 36 2 81 176 74 147 102 8 133 68 171 30 7 194 99 145 182 64 83 6 79 60 27 200 3 58 144 173 159 121 77 26 47 98 134 190 114 101 98 137 35 84 31 67 198 132 40 125 60 41 30 199 40 
125 199 21 185 52 75 39 7 47 77 168 52 99 42 125 167 90 110 76 56 126 13 17 140 29 141 67 78 8 198 84 171 2 183 72 2 158 13 79 114 15 140 177 99 38 10 32 78 23 28 43 176 172 92 194 177 146 16 163 91 61 94 66 53 116 178 71 149 2 128 28 106 164 74 189 
128 116 151 12 107 187 3 58 136 28 49 86 9 163 113 27 101 57 58 197 108 69 77 162 44 148 162 106 59 122 50 97 21 67 84 31 26 63 3 156 135 34 49 163 131 81 5 165 129 140 190 86 59 140 123 19 183 23 93 7 167 70 55 42 119 153 83 85 17 14 42 129 31 2 187 
185 72 119 99 101 28 36 58 143 176 174 11 87 150 123 181 51 76 146 60 146 17 88 56 152 161 110 163 18 118 158 140 10 170 128 171 81 138 190 141 56 11 179 196 73 156 165 43 95 53 81 159 147 173 96 17 47 167 64 160 54 78 2 140 104 91 30 71 64 27 29 198 151 171 131 
74 177 19 22 18 72 4 183 140 152 140 82 151 61 28 4 162 91 90 199 53 56 84 55 91 178 76 162 180 143 82 39 167 22 168 94 60 99 51 22 155 82 160 32 80 96 143 48 173 180 44 172 138 52 172 144 41 10 164 62 73 81 17 73 28 41 138 70 159 171 67 197 7 63 63 
123 173 54 111 83 5 193 47 95 106 45 56 13 109 6 102 51 88 178 96 143 155 147 40 181 112 91 47 121 38 86 193 2 132 25 56 138 128 125 117 165 17 105 80 96 174 130 129 139 32 161 130 183 10 21 40 122 82 124 185 14 109 114 168 35 104 177 52 2 85 175 187 52 45 19 
2 11 124 182 111 150 194 39 58 61 19 3 109 125 155 186 168 28 164 180 40 145 81 189 74 58 196 49 145 68 61 91 141 128 139 116 154 38 87 27 8 95 10 190 188 171 136 125 72 184 69 28 67 166 68 85 40 70 173 148 130 185 55 113 91 38 185 178 82 10 129 60 181 164 27 
106 15 2 129 11 165 105 5 170 193 54 134 179 118 62 47 10 105 68 47 49 31 163 186 118 5 18 113 159 165 49 188 6 131 162 63 55 152 70 129 47 5 29 146 35 43 120 165 146 63 59 109 120 80 162 116 4 138 75 60 10 163 36 131 8 175 39 24 98 105 113 146 66 184 20 
65 11 6 15 134 61 150 50 6 133 173 46 167 183 190 73 164 177 21 153 6 87 165 57 67 184 22 103 50 116 166 43 144 181 31 56 156 74 138 105 57 75 21 81 136 11 127 119 18 47 157 95 54 20 4 63 162 57 30 192 94 156 135 34 28 86 81 77 12 155 38 197 50 11 131 
120 113 110 53 93 65 80 119 77 4 75 69 196 169 167 16 200 13 33 129 135 46 16 148 200 104 122 174 182 8 60 6 152 59 61 72 177 67 40 47 144 76 56 33 86 130 137 156 49 65 62 63 13 193 69 95 188 50 189 137 78 15 166 162 117 137 180 94 25 117 93 82 8 187 78 
194 64 185 87 52 167 41 39 140 127 173 126 41 166 30 104 187 156 102 140 153 78 170 18 71 74 147 138 66 156 136 93 190 139 90 83 36 156 164 165 170 109 65 11 198 200 52 128 68 37 177 95 60 172 87 64 95 160 8 100 125 7 184 112 2 67 199 164 92 84 151 47 64 114 49 
19 85 86 75 147 171 71 84 8 25 63 30 178 14 150 173 93 58 194 131 36 7 69 180 55 131 169 141 119 43 85 43 127 74 105 75 135 176 6 48 150 197 49 165 111 5 149 169 39 47 162 164 182 149 78 90 38 41 198 45 43 60 183 28 28 188 88 54 22 181 146 30 120 120 25 
25 106 26 87 189 91 1 182 82 192 125 168 18 191 171 4 8 63 79 54 100 156 115 112 139 19 39 31 160 170 36 82 165 76 154 167 142 179 197 185 53 115 129 199 163 191 78 185 32 186 27 38 48 26 27 148 123 131 161 59 154 173 6 129 155 28 129 38 82 104 130 186 115 169 73 
17 24 99 151 185 18 195 178 150 34 161 1 89 150 194 115 92 50 199 54 39 95 172 160 42 69 172 34 44 75 140 92 103 120 141 27 18 23 16 11 94 69 66 52 190 170 34 56 79 33 196 81 101 200 74 55 128 166 151 148 101 45 30 162 23 9 80 75 85 161 146 199 28 22 184 
187 144 163 49 176 43 114 179 97 173 85 4 28 58 69 47 74 37 25 180 56 125 191 17 175 70 1 182 185 142 168 22 45 54 76 25 4 197 183 44 85 21 184 129 159 64 73 118 138 195 141 18 58 24 55 23 128 112 130 151 46 172 114 79 28 167 96 161 189 185 39 151 147 139 86 
92 21 188 53 59 137 132 177 71 20 50 94 144 40 196 185 128 34 16 8 168 60 36 151 164 158 140 9 152 75 198 198 89 199 192 191 146 146 95 53 58 192 140 132 126 35 189 9 82 133 3 54 99 30 105 188 52 21 15 139 111 140 36 87 122 131 58 170 90 112 76 189 149 34 88 
111 129 44 161 28 121 145 121 70 3 154 157 64 65 66 16 13 118 71 80 173 38 167 158 4 185 22 156 191 193 8 180 86 162 118 10 44 103 163 161 69 68 56 177 127 70 157 28 68 130 185 37 13 194 61 71 26 130 96 180 13 87 194 26 130 194 113 11 44 181 102 99 146 17 38 
21 116 76 195 150 123 195 147 137 135 40 81 156 119 6 96 85 57 156 56 10 94 127 131 186 123 190 24 86 187 186 68 195 115 20 138 2 191 84 100 159 123 184 5 16 116 167 149 180 10 91 73 93 40 4 106 83 90 65 131 185 185 157 166 74 181 190 8 178 6 165 94 130 82 73 
67 135 105 188 107 95 145 61 193 136 180 35 37 171 119 99 39 30 141 25 29 117 125 26 130 119 101 177 158 37 190 83 3 57 160 8 85 23 140 50 143 192 70 74 99 96 199 54 82 94 135 70 177 116 55 132 62 164 128 4 178 87 53 26 40 189 136 60 166 1 27 49 35 18 96 
93 144 48 193 161 8 160 26 137 157 18 112 67 131 179 48 165 54 21 29 147 110 63 84 130 70 6 11 35 82 45 138 112 20 90 79 148 165 29 109 60 168 65 10 176 174 153 9 34 158 57 190 106 183 21 191 195 44 12 176 37 8 68 153 31 175 7 2 102 8 4 183 37 180 19 
113 69 1 85 45 65 99 156 65 109 194 184 26 160 128 75 107 83 112 137 53 87 92 118 143 107 79 71 154 46 128 189 168 151 128 92 50 147 165 199 37 108 27 117 183 137 108 23 48 185 93 94 180 33 4 192 163 141 126 64 82 174 128 55 36 165 189 84 150 154 111 41 114 121 91 
116 4 187 142 98 111 63 117 69 68 94 61 107 186 72 11 3 189 152 68 155 148 99 116 12 130 184 178 25 182 90 100 152 178 160 5 155 194 3 58 159 59 140 120 135 155 186 55 163 111 95 32 105 130 85 123 31 177 197 52 74 113 152 26 51 149 68 13 17 2 146 35 17 199 24 
40 54 54 173 63 36 142 134 57 3 107 11 139 34 200 168 66 75 135 51 44 92 164 6 139 93 117 38 100 54 57 88 14 154 82 139 72 53 196 91 84 49 146 93 186 194 48 190 63 113 185 200 168 31 23 58 89 79 78 39 55 93 123 157 103 50 143 145 179 135 71 70 180 86 190 
181 4 172 18 141 113 22 50 118 186 51 146 143 160 170 6 195 102 2 134 65 86 159 10 99 80 143 172 182 164 146 114 192 164 194 27 112 138 165 20 85 35 58 131 131 6 34 185 48 144 124 199 7 1 176 86 181 12 150 41 121 136 126 127 165 177 5 83 30 196 134 143 87 24 158 
42 144 32 4 146 176 124 115 21 156 105 176 55 90 41 134 122 121 188 90 21 59 116 67 178 123 76 60 138 64 124 124 122 156 60 11 91 43 5 16 181 63 173 36 173 27 44 152 45 189 176 135 12 1 58 95 191 133 131 186 196 96 122 127 51 45 81 25 128 20 57 138 54 148 33 
165 34 68 102 20 48 49 4 146 112 146 70 161 44 141 154 30 71 29 112 126 78 69 61 113 59 139 22 86 101 65 46 131 110 85 192 160 173 33 76 189 181 132 161 168 42 92 108 172 17 20 126 195 92 127 93 123 182 73 136 104 60 89 161 158 108 135 173 160 194 195 68 72 81 88 
143 182 79 78 90 146 70 65 66 51 135 147 90 55 117 41 149 150 65 166 167 161 91 48 20 184 25 131 115 88 131 135 46 91 43 105 159 116 42 10 170 100 46 194 164 180 134 55 39 52 92 117 124 92 76 42 160 114 10 106 2 121 180 23 150 86 65 86 29 73 84 55 158 78 133 
117 76 165 191 169 106 139 48 181 112 116 119 141 93 107 12 147 27 104 107 14 108 12 147 23 186 155 101 163 15 76 76 59 74 34 101 135 187 72 77 148 129 140 146 62 49 186 128 4 107 166 134 44 61 138 131 88 191 48 97 184 58 179 79 200 115 158 74 157 11 156 139 11 25 129 
114 120 130 106 35 190 32 78 178 130 46 121 172 185 96 107 139 33 35 56 169 138 170 124 78 184 78 42 116 180 53 78 112 45 160 70 164 104 136 76 34 109 52 20 124 59 2 106 191 48 66 81 24 169 87 18 114 135 93 140 137 116 168 28 172 19 168 45 181 67 70 110 66 125 86 
22 22 106 177 50 116 166 63 38 160 176 103 198 39 54 60 144 195 153 41 94 148 149 98 94 64 43 121 113 85 126 83 55 130 33 195 71 36 149 162 123 99 93 114 187 4 28 72 116 190 50 68 71 35 143 93 49 108 128 80 132 42 128 138 21 14 158 137 126 110 196 12 175 129 9 
88 66 104 92 153 53 40 28 185 188 112 79 54 169 191 106 11 185 99 86 62 83 164 175 75 131 119 178 34 100 109 68 77 163 161 22 33 147 32 48 14 152 46 155 180 139 99 84 134 93 3 179 184 85 13 139 8 183 191 69 176 173 87 57 116 25 150 3 107 188 116 196 75 50 122 
127 29 85 179 165 173 11 36 42 76 137 118 24 38 32 163 60 60 194 173 55 141 125 32 133 140 57 25 110 77 93 69 173 129 145 150 103 126 191 63 48 75 133 188 11 21 10 51 80 116 188 138 109 124 148 159 102 183 142 177 119 135 107 152 160 47 128 200 132 95 24 121 68 84 123 
195 163 175 106 113 45 69 81 85 76 160 39 64 110 83 70 169 21 68 162 98 114 119 81 199 126 26 33 180 64 36 111 152 72 74 29 97 121 193 61 135 170 29 158 149 86 126 193 33 66 10 47 34 47 110 138 16 193 13 172 103 98 127 200 131 141 40 15 193 5 44 143 191 167 106 
132 12 55 146 9 2 32 81 85 146 19 16 92 143 99 33 66 124 133 15 147 24 98 137 42 173 74 102 125 42 131 190 199 86 113 80 65 32 32 66 171 109 55 83 127 112 81 15 183 127 65 2 82 169 56 182 53 173 49 170 42 63 127 124 168 77 165 172 185 37 48 154 87 8 130 
12 34 76 88 141 17 90 35 182 80 91 84 136 85 5 140 76 24 7 150 64 102 75 158 31 172 109 79 191 30 125 134 42 97 110 52 151 184 133 54 69 196 33 139 148 190 128 124 73 195 20 28 49 85 5 164 38 176 13 162 86 3 45 81 181 179 125 196 52 169 189 25 128 45 184 
21 48 109 10 69 91 40 106 27 105 168 200 34 65 173 9 139 27 32 7 49 171 87 74 9 113 4 41 189 130 90 81 171 105 159 115 194 58 199 33 187 7 184 90 198 187 170 146 181 147 131 43 155 33 97 72 78 53 172 2 31 182 18 159 2 187 68 53 39 82 118 29 151 27 166 
38 29 183 178 135 7 26 119 30 110 84 54 173 100 154 166 83 175 115 112 58 138 154 41 150 53 140 102 165 79 102 4 185 195 4 61 52 61 61 83 162 163 150 60 122 178 157 61 86 198 26 47 140 40 163 37 7 28 142 81 72 98 46 172 21 149 50 89 113 22 174 28 152 160 51 
127 101 181 49 22 154 28 173 136 65 110 24 157 134 82 82 41 40 81 142 8 120 89 66 73 34 150 186 78 103 182 142 161 153 77 58 128 4 178 46 188 122 99 147 105 75 37 54 25 161 21 80 76 21 176 190 69 118 185 82 45 102 127 141 117 18 128 39 141 193 53 129 156 14 174 
59 9 177 126 106 107 107 121 71 164 40 160 72 103 17 184 24 172 106 8 81 34 150 38 20 166 176 173 166 55 6 14 82 148 74 172 185 178 31 200 9 161 173 132 51 126 6 39 47 123 30 84 19 13 17 20 37 49 126 67 113 162 76 10 195 8 189 185 5 114 63 34 130 147 87 
182 22 74 43 112 13 47 15 23 61 79 144 104 121 78 200 56 47 7 36 185 29 41 173 87 99 29 30 97 12 70 199 171 167 77 103 158 132 184 85 149 50 147 162 127 133 44 133 194 7 71 131 138 158 115 133 23 131 46 174 194 177 20 177 125 173 190 85 145 28 63 113 180 64 113 
127 119 66 185 174 130 167 129 4 83 32 91 10 9 19 44 147 169 193 191 76 3 48 76 184 195 138 1 133 155 175 107 138 185 138 167 154 119 88 196 124 131 40 101 44 146 133 116 184 143 48 107 132 200 171 148 149 65 151 185 52 144 73 56 184 154 176 150 80 141 52 53 69 16 200 
193 95 61 70 12 33 108 78 170 17 185 102 156 116 21 179 121 38 115 13 24 11 198 11 179 79 2 103 130 53 127 147 45 91 147 145 159 188 36 70 69 151 92 131 95 3 46 62 67 63 91 112 87 143 33 150 170 103 139 144 36 4 123 135 103 45 45 145 7 121 35 7 40 83 61 
58 125 127 1 10 158 185 55 50 103 27 21 110 86 151 151 137 93 176 111 41 9 108 54 127 100 133 135 4 198 155 59 133 139 43 174 25 184 9 145 120 104 184 80 45 199 189 69 124 113 58 184 150 197 186 138 139 59 157 114 41 183 50 69 84 21 79 199 179 134 101 9 140 162 105 
162 121 144 121 99 50 109 198 42 77 99 191 76 193 12 32 200 48 133 75 171 140 105 156 190 179 113 146 175 184 80 55 143 159 140 113 42 79 20 97 100 154 36 55 133 64 145 159 154 114 135 124 166 149 107 43 81 36 120 162 87 47 179 5 70 162 7 86 155 39 70 14 200 171 172 
115 158 166 43 142 63 113 179 171 148 195 137 23 114 46 73 146 97 77 120 1 183 18 100 89 39 44 101 144 60 164 35 132 171 35 176 145 162 6 108 77 182 133 192 52 102 174 113 145 101 50 105 12 182 116 198 77 108 4 182 158 35 78 194 112 72 161 28 165 42 91 48 1 164 70 
102 190 40 95 155 149 165 48 100 101 64 42 184 8 5 170 10 18 28 68 93 106 173 45 200 7 5 64 120 183 50 43 128 176 65 62 173 122 164 18 71 187 129 107 154 17 59 126 102 2 167 57 106 85 175 166 162 83 192 80 106 160 52 199 115 176 113 182 20 18 27 124 70 16 72 
85 5 78 135 41 182 121 109 114 100 75 25 11 39 31 176 133 162 131 169 151 147 21 8 128 27 67 78 14 150 162 37 176 191 147 55 100 159 114 43 150 15 6 64 171 98 36 35 61 198 37 185 8 200 189 111 196 172 75 167 6 78 85 109 77 156 193 77 179 20 199 176 181 125 193 
176 181 195 170 28 173 92 61 72 194 157 113 195 44 94 69 90 178 166 144 23 69 33 186 142 80 42 191 52 2 61 8 70 7 143 181 95 19 25 183 61 69 60 150 56 136 10 134 67 128 194 7 169 7 164 70 185 176 81 123 100 45 137 76 185 179 8 171 82 54 156 145 127 17 13 
58 186 157 52 176 73 35 116 178 52 91 113 97 57 185 146 111 167 62 50 5 173 161 95 53 147 20 193 193 44 128 141 37 101 186 190 23 2 110 161 108 150 102 183 108 59 149 29 13 24 104 186 108 134 86 32 142 21 133 130 78 83 91 56 38 14 51 56 69 34 191 71 130 149 130 
9 166 79 85 43 43 117 23 72 189 47 60 101 109 198 80 196 181 175 33 18 139 57 185 91 51 159 114 32 177 144 133 99 17 152 196 73 80 125 88 200 69 32 195 194 113 6 24 18 54 145 14 83 97 155 165 17 167 159 136 46 14 49 86 132 172 49 68 65 1 194 58 24 145 41 
124 148 180 59 29 74 199 13 58 74 28 187 85 99 10 32 7 161 50 138 100 53 104 153 90 9 107 134 15 111 22 39 155 79 72 111 117 103 108 148 73 17 52 170 162 7 107 42 142 184 16 58 114 74 47 145 199 169 90 68 145 131 131 90 198 119 83 57 197 172 170 110 43 30 76 
185 64 66 175 181 47 112 24 72 81 85 181 195 74 117 24 102 174 14 158 9 93 17 188 9 172 178 113 166 23 30 38 97 48 57 125 82 171 68 126 128 56 73 73 137 124 180 178 70 131 166 98 114 7 166 105 70 171 129 89 200 176 54 79 192 169 144 100 39 76 153 135 94 155 186 
86 132 186 112 36 136 112 192 120 129 172 42 55 44 161 65 41 134 31 36 27 103 52 179 56 145 60 127 154 20 138 185 89 46 50 96 88 64 166 9 11 63 45 15 168 6 114 57 70 157 188 163 42 63 192 82 75 48 42 14 147 22 148 94 87 90 180 15 11 114 16 68 113 194 111 
109 99 181 94 6 163 72 25 198 175 9 128 95 132 163 34 58 194 90 106 26 94 140 189 74 20 1 89 185 195 97 128 163 153 71 170 20 69 115 111 101 188 72 191 10 191 7 114 66 45 99 147 185 108 174 150 92 76 119 13 98 1 51 156 56 141 70 30 70 169 186 22 25 83 150 
186 98 105 14 7 189 118 65 43 139 11 144 109 160 114 176 108 93 46 55 21 159 34 110 119 94 15 104 52 178 90 200 63 113 163 180 152 102 193 139 134 36 173 121 165 127 178 63 195 58 63 101 44 64 181 97 50 44 96 122 183 27 159 61 113 160 42 67 159 126 102 19 195 47 138 
124 44 72 167 110 16 31 113 50 172 73 90 56 179 96 101 146 40 147 127 170 142 49 108 4 60 29 99 119 24 13 183 1 146 32 135 14 173 95 101 81 134 112 160 108 22 25 90 116 63 105 16 187 122 32 51 33 135 8 109 48 164 125 40 28 186 36 63 51 122 27 178 85 101 121 
117 45 129 9 172 31 160 21 24 48 169 65 107 25 170 149 160 164 56 164 76 118 19 90 184 49 128 61 112 66 130 198 14 133 84 56 4 90 26 64 51 46 51 63 196 141 105 176 52 200 143 136 176 78 72 24 156 40 140 82 136 34 22 117 167 167 96 153 5 70 16 15 74 49 124 
200 64 193 63 26 119 47 62 72 79 16 55 24 169 41 177 124 76 142 165 27 31 127 118 171 161 37 59 123 12 172 23 135 6 77 30 141 60 195 5 166 27 44 34 162 195 39 59 67 182 39 8 125 194 5 79 164 189 138 150 36 16 45 187 168 132 84 32 96 128 174 180 95 81 118 
53 57 144 170 84 86 14 112 44 45 39 67 167 44 32 185 70 9 138 11 187 67 66 156 170 191 113 153 16 34 19 173 22 93 143 27 46 15 85 142 120 94 31 144 49 44 52 39 148 71 131 155 193 98 159 144 58 44 172 84 195 126 154 79 78 149 110 3 108 191 28 52 47 138 102 
116 139 129 61 89 176 165 93 8 3 5 99 128 160 41 152 102 188 79 23 158 148 189 173 129 173 137 183 19 47 32 50 177 197 115 148 115 118 92 65 171 54 139 75 53 183 107 161 93 85 143 54 137 77 186 159 71 82 46 133 95 105 7 145 190 26 154 8 114 2 181 110 173 52 196 
121 197 122 37 89 18 72 95 11 100 136 156 113 160 176 115 43 73 29 151 150 168 8 157 93 57 154 184 183 49 170 92 21 41 17 150 90 198 90 84 146 5 163 80 6 161 188 151 147 123 74 70 153 7 170 169 105 96 7 23 7 91 98 4 71 185 142 112 161 114 74 30 180 58 193 
116 3 24 72 127 191 1 1 47 55 36 86 53 136 115 167 1 116 4 124 197 99 82 43 20 153 48 44 176 147 27 163 39 136 157 5 130 161 62 128 141 155 115 179 183 29 192 116 40 168 61 174 32 59 61 158 151 199 135 42 3 59 35 164 69 6 144 157 153 74 60 161 23 39 5 
