50 2
0
1
1 262 141 826
2 310 143 24
3 323 195 1103
4 374 70 374
5 406 35 546
6 641 199 1437
7 642 188 1770
8 714 166 2042
9 754 119 754
10 783 164 1767
11 1256 166 1920
12 1286 94 2038
13 1292 10 1292
14 1549 99 1945
15 1731 38 1807
16 1777 10 1817
17 2100 118 3044
18 2348 90 3068
19 2639 65 3029
20 2996 34 2996
21 3021 138 4125
22 3056 27 3002
23 3232 73 3670
24 3494 38 3418
25 3584 69 4136
26 3621 113 3621
27 3623 72 3911
28 3675 80 4315
29 3707 87 3707
30 3952 148 4544
31 4356 186 5472
32 4447 4 4439
33 4845 184 5949
34 4851 60 5331
35 4893 176 5949
36 5310 53 5734
37 5647 129 6421
38 5696 71 6122
39 5699 153 5699
40 5734 150 6334
41 5832 129 6606
42 6042 59 6160
43 6345 71 6345
44 6517 35 6447
45 6616 125 7616
46 6645 157 6645
47 6648 44 6648
48 6745 132 7801
49 6763 144 7915
50 6965 116 7661
85 130 188 5 54 195 150 93 194 144 123 88 143 126 100 58 90 41 33 152 173 16 43 46 88 77 178 189 61 87 148 121 67 80 120 111 105 78 71 133 125 3 102 73 129 124 88 153 147 174 
103 22 162 167 26 43 144 181 125 88 50 25 75 182 30 72 99 63 34 35 154 6 175 147 86 177 24 104 47 68 186 159 14 144 2 17 16 81 34 51 10 135 17 69 52 74 153 200 76 105 
199 177 40 115 126 183 27 127 68 147 126 121 116 14 190 91 198 66 83 90 146 197 138 177 82 58 74 69 197 47 107 69 80 74 133 49 93 198 90 169 17 25 120 96 108 140 170 123 179 105 
123 115 65 31 186 122 177 70 85 63 132 55 172 73 179 17 110 53 134 1 89 99 94 76 165 27 159 112 118 128 120 145 81 124 57 57 91 160 60 126 57 139 143 36 38 149 79 177 175 193 
157 9 23 33 157 36 26 85 3 66 134 189 141 10 105 99 33 166 84 15 1 1 118 6 35 70 108 160 49 93 14 147 103 55 188 143 30 179 190 41 108 56 84 189 91 54 147 16 10 181 
183 103 97 89 88 31 161 182 121 29 128 75 196 47 61 146 111 149 120 53 30 45 65 5 172 87 53 195 197 81 184 50 142 116 87 24 198 187 4 187 35 73 71 151 143 30 116 135 68 92 
31 38 160 187 80 39 54 121 68 104 145 127 159 199 174 27 26 43 39 89 42 15 68 65 93 74 185 42 55 106 105 34 125 192 128 132 37 90 12 106 198 65 103 158 101 8 125 200 174 61 
127 84 72 117 126 81 35 101 138 93 178 73 109 99 83 82 64 119 167 193 124 111 2 71 103 116 18 58 78 115 19 146 60 170 144 189 176 78 22 151 69 71 85 148 98 101 124 46 34 10 
145 16 140 184 79 112 121 124 120 14 63 100 199 129 88 78 88 87 193 60 21 117 195 48 78 146 15 84 122 13 200 152 124 117 77 29 88 32 6 133 79 85 130 58 127 37 23 143 179 20 
121 190 98 89 186 171 98 189 185 125 194 60 128 132 190 120 152 135 130 149 40 92 62 57 38 84 22 171 139 124 5 114 165 189 124 23 37 91 153 109 151 95 141 112 139 196 130 119 118 169 
70 178 32 169 144 28 74 90 9 74 121 147 98 200 32 112 140 191 22 199 60 193 58 96 8 104 79 177 97 62 46 148 161 93 97 166 156 29 165 28 91 111 148 187 185 165 156 145 98 97 
138 33 169 172 127 66 127 101 162 190 34 104 6 43 127 129 15 185 137 99 159 159 176 145 27 146 97 190 87 15 157 21 136 124 69 195 56 129 185 149 31 42 167 64 70 189 192 185 49 33 
100 81 149 12 156 2 45 148 32 168 181 124 29 131 192 21 167 99 59 139 120 62 87 94 23 25 46 75 84 98 179 1 171 52 157 198 29 88 23 2 138 87 136 175 181 142 122 82 97 18 
45 191 14 11 138 154 77 196 36 141 93 9 187 142 147 86 19 126 193 168 193 35 194 178 65 89 111 66 5 189 2 133 141 41 119 173 199 163 78 6 187 133 72 69 4 103 73 125 73 123 
191 164 193 30 62 104 96 196 79 25 116 140 165 97 187 156 16 106 99 199 49 76 11 82 128 99 17 58 87 21 90 64 130 126 121 39 196 12 42 181 113 126 90 60 185 188 7 187 135 37 
93 132 79 151 181 167 139 173 83 168 33 143 84 165 181 145 105 80 183 187 47 199 133 128 147 172 20 105 2 32 23 49 193 121 26 13 116 42 66 133 62 133 37 25 12 148 34 153 80 147 
194 198 187 83 90 46 21 165 19 70 85 185 123 77 71 20 110 128 167 160 120 156 45 5 154 156 23 109 93 46 136 80 160 19 95 146 130 1 24 80 22 193 111 53 173 178 191 178 98 110 
119 64 178 60 124 38 106 155 38 157 184 168 91 101 114 77 200 11 157 119 65 146 119 107 12 72 74 103 97 192 142 95 26 155 84 196 36 80 26 52 77 43 86 184 78 168 41 161 95 163 
113 100 90 93 96 66 159 71 160 2 196 151 64 43 124 61 185 72 99 29 52 129 180 119 22 74 146 57 83 82 116 195 157 127 164 22 83 2 116 62 104 120 123 111 182 7 122 60 96 145 
198 133 34 55 20 135 39 105 135 64 149 138 37 111 114 182 99 10 114 183 83 153 105 22 11 21 169 45 18 27 96 142 88 39 63 169 152 133 68 138 8 37 78 155 137 126 170 128 180 147 
84 99 84 112 56 113 92 161 90 94 41 7 118 100 64 163 74 61 117 150 3 17 11 58 5 82 184 92 16 102 158 146 14 87 170 10 95 53 150 80 171 129 125 106 200 18 113 35 91 111 
20 179 93 196 101 25 70 181 44 12 167 119 200 70 26 153 140 42 24 37 149 48 92 153 11 32 104 19 180 99 20 77 158 180 40 182 16 148 41 126 36 95 130 136 177 89 157 120 22 74 
92 12 84 187 27 110 143 165 97 173 79 113 86 52 117 186 120 192 111 83 151 55 118 140 72 92 70 36 78 63 141 192 58 67 165 3 71 130 82 144 179 112 74 16 100 164 60 165 80 179 
115 98 13 168 85 25 71 130 7 122 188 60 59 5 93 99 50 1 67 151 127 41 69 84 198 19 185 149 127 13 76 61 183 193 116 48 168 61 22 66 32 166 35 102 196 118 68 63 200 74 
144 99 122 186 135 16 42 18 101 77 61 53 61 161 14 65 66 13 58 198 71 95 32 174 39 61 134 154 133 42 52 118 152 10 108 113 17 111 200 130 81 51 183 184 165 20 61 199 32 166 
147 118 106 61 79 93 1 74 43 16 163 57 116 130 161 16 21 139 59 20 43 64 21 100 101 59 107 41 126 162 125 200 168 68 14 42 51 109 189 108 68 83 111 152 71 128 178 169 104 29 
122 22 32 131 123 35 139 159 82 148 88 115 186 134 34 76 164 4 120 57 90 41 166 63 73 19 103 97 118 8 165 115 22 38 130 161 132 19 112 49 159 179 137 169 174 47 37 60 158 76 
146 146 95 28 34 111 174 57 180 79 16 79 79 148 186 179 58 191 89 152 54 115 190 85 100 7 6 45 179 23 21 147 138 4 40 60 119 94 199 198 115 136 183 123 100 53 2 119 16 145 
97 7 110 194 75 54 155 187 110 189 123 70 102 17 197 87 150 45 82 61 53 159 83 66 89 98 57 137 199 9 138 78 42 91 74 26 195 27 10 90 24 91 105 145 50 143 11 185 133 115 
26 189 22 197 181 118 59 49 29 151 28 78 198 75 121 181 34 157 1 95 14 91 82 9 137 11 38 176 52 139 144 154 131 107 16 52 109 170 141 130 187 119 135 165 121 14 125 192 178 24 
129 153 130 3 4 174 35 113 105 44 168 116 10 172 61 172 63 191 190 107 188 182 46 169 64 132 67 188 62 140 185 43 38 179 22 61 116 163 111 41 68 172 13 10 30 187 174 25 46 85 
152 55 100 199 43 30 146 87 186 81 131 185 160 98 104 185 42 167 60 102 170 105 31 108 181 47 160 51 33 79 30 118 33 163 48 49 197 120 180 169 153 62 109 122 97 1 78 30 181 161 
194 140 183 187 122 185 154 48 124 150 137 50 190 45 59 179 125 12 11 155 30 173 161 193 91 73 25 68 45 85 180 103 98 4 155 12 145 146 54 168 114 18 23 112 117 93 18 92 39 93 
15 114 59 66 136 90 171 33 7 142 184 38 7 127 183 200 170 115 189 197 136 121 11 60 110 61 29 61 97 43 18 4 79 41 135 175 183 50 23 175 12 52 143 118 198 101 144 45 157 42 
78 81 51 97 37 83 95 161 79 139 12 4 80 37 54 8 143 86 36 138 99 97 134 116 108 178 109 22 107 26 172 63 32 58 136 13 154 162 191 131 129 52 67 55 65 54 64 88 137 11 
111 189 67 49 55 134 39 26 63 57 18 162 162 92 100 35 43 18 124 82 87 124 158 160 107 185 162 116 156 103 8 25 7 180 138 2 23 50 200 113 78 22 53 70 114 94 146 131 126 139 
9 41 86 164 149 40 46 62 138 162 156 174 32 106 97 173 28 85 100 35 41 164 200 47 173 107 58 127 133 191 152 111 152 76 29 105 101 182 193 112 35 155 126 141 136 94 164 82 24 99 
68 4 13 54 156 140 64 14 113 63 122 153 166 1 58 192 38 13 141 32 98 143 136 35 189 42 168 144 71 97 122 98 14 143 58 153 68 66 144 118 191 189 23 10 113 38 185 33 77 163 
125 147 159 28 100 61 26 102 85 52 120 194 53 59 29 58 156 168 46 67 127 193 85 75 147 139 145 20 159 162 74 156 42 86 27 102 64 80 107 198 84 115 48 148 87 105 38 97 123 112 
126 142 7 143 170 132 165 129 129 112 32 108 145 148 94 187 194 15 171 79 146 100 6 58 109 126 67 138 192 158 40 163 107 141 184 117 132 198 53 163 17 167 104 99 73 36 113 27 148 189 
106 35 113 12 107 68 27 40 196 190 133 52 72 102 40 97 63 107 129 100 169 47 175 27 169 194 188 196 140 120 108 52 65 34 108 101 44 27 143 167 3 119 12 131 98 189 80 70 157 28 
17 176 84 49 95 41 96 145 12 189 138 60 63 91 97 26 155 67 17 167 146 20 196 171 62 163 111 15 185 26 144 42 115 141 67 64 95 113 126 27 24 162 106 76 167 112 168 135 188 44 
86 1 37 68 17 18 192 196 43 124 40 32 22 31 55 34 194 17 81 192 20 193 158 121 97 94 184 179 110 128 49 69 196 64 38 43 47 93 93 45 157 124 105 42 195 86 70 19 27 35 
64 181 22 14 112 40 156 113 112 71 96 28 40 125 88 105 147 157 142 124 162 80 157 130 52 43 131 165 188 24 61 175 128 82 7 162 74 38 14 114 10 84 128 15 160 15 5 50 131 73 
112 3 20 64 131 95 150 41 77 134 43 199 145 109 42 112 86 12 73 70 97 125 115 90 1 93 53 166 71 168 167 187 43 132 36 40 141 147 200 58 132 72 126 2 42 114 110 68 133 168 
141 9 176 100 186 144 78 174 18 70 196 162 60 49 69 140 133 184 166 100 81 58 183 23 57 130 174 60 149 130 53 194 23 123 153 187 139 117 172 125 199 157 73 92 89 149 78 96 38 128 
113 99 97 21 36 45 123 140 15 27 190 152 86 49 16 134 100 84 179 165 79 62 86 192 37 94 33 19 123 175 88 130 89 67 104 14 131 145 177 185 160 43 41 47 89 22 97 86 65 189 
158 142 2 144 109 142 103 12 29 41 69 157 90 99 142 136 38 5 126 98 148 111 99 108 197 8 199 135 100 142 177 135 78 10 147 45 54 45 179 45 105 106 19 75 12 20 160 43 80 17 
196 14 9 60 17 197 63 20 113 29 162 129 96 82 113 80 70 27 186 184 197 91 118 163 170 66 60 155 71 54 49 39 2 137 167 101 103 90 49 27 177 151 78 190 29 79 196 94 52 181 
12 41 133 144 17 19 89 123 72 57 94 32 97 94 152 114 10 42 87 139 153 56 87 20 186 58 135 7 131 64 69 36 84 142 122 39 2 176 36 139 19 33 46 54 175 154 123 167 160 182 
91 158 130 174 78 30 93 113 10 100 42 190 25 187 68 192 50 46 190 34 39 190 156 2 14 170 44 191 110 123 184 36 187 34 13 12 59 14 32 166 99 160 67 197 19 86 102 118 5 7 
