125 2
0
1
1 215 160 -105
2 448 121 1174
3 1019 119 1971
4 1288 145 2448
5 1390 164 1062
6 1456 94 2208
7 1463 150 1463
8 1740 136 2828
9 1793 155 1483
10 2120 23 2074
11 2933 144 2645
12 2970 140 2970
13 3059 193 3831
14 3109 169 2771
15 3230 118 3230
16 3401 134 3133
17 3498 50 3398
18 3508 102 3712
19 3591 135 3321
20 3609 109 3609
21 3748 123 4240
22 3788 107 4002
23 3848 96 4424
24 4106 181 5192
25 4155 41 4073
26 4754 50 5054
27 4771 34 4975
28 4792 147 5086
29 4803 61 4681
30 4872 1 4872
31 4977 160 4657
32 5037 188 6541
33 5160 179 4802
34 5275 137 5549
35 5475 31 5413
36 5505 142 6073
37 5541 38 5465
38 5625 113 6303
39 5669 150 5369
40 5686 110 5906
41 6021 174 5673
42 6482 53 6800
43 6536 89 6714
44 6558 42 6894
45 6788 84 7292
46 6895 26 7103
47 7093 78 6937
48 7202 5 7192
49 7362 108 8226
50 7404 61 7404
51 7543 183 7909
52 7636 150 7636
53 7915 80 7915
54 8185 158 9449
55 8312 12 8288
56 8324 143 8896
57 8327 184 7959
58 8522 42 8438
59 9233 65 9623
60 9253 45 9613
61 9656 93 10400
62 9745 3 9757
63 10049 137 11145
64 10214 137 9940
65 10247 150 9947
66 10319 124 11311
67 10446 46 10722
68 10514 72 10658
69 10564 48 10660
70 10696 149 11590
71 10804 105 10594
72 10814 134 11886
73 10960 152 11264
74 11072 58 11188
75 11166 104 11374
76 11184 94 10996
77 11187 75 11187
78 11312 119 11074
79 11747 125 11997
80 11885 68 12021
81 11958 161 12280
82 12009 122 12253
83 12092 90 12272
84 12203 184 13307
85 12265 117 12265
86 12335 4 12343
87 12460 3 12484
88 12576 25 12626
89 12664 140 12944
90 12691 179 13049
91 12844 145 14004
92 13194 95 13194
93 13344 125 13594
94 13359 98 13947
95 13666 40 13746
96 13695 184 14799
97 13783 25 13833
98 13807 55 14247
99 13943 122 14187
100 14038 187 14412
101 14121 17 14087
102 14198 91 14198
103 14202 178 15270
104 14538 142 15390
105 14790 42 14706
106 14999 39 15155
107 15123 197 16305
108 15251 85 15081
109 15284 200 14884
110 15374 117 15608
111 15922 176 16626
112 16053 60 16413
113 16197 131 15935
114 16250 158 15934
115 16296 176 17000
116 16417 83 16417
117 16521 192 18057
118 16564 73 17148
119 16590 152 17502
120 16625 152 17841
121 16638 43 16896
122 16805 169 17481
123 16890 151 17494
124 16910 167 16576
125 16919 122 16675
178 140 36 20 38 164 118 75 72 100 197 170 4 169 161 110 191 59 156 189 166 19 199 190 48 48 162 146 48 27 170 170 188 43 156 16 184 105 145 199 103 13 125 43 137 110 79 170 21 185 110 2 198 18 100 62 132 173 83 192 43 134 12 178 188 2 42 28 134 12 147 116 172 56 194 29 61 64 23 188 124 121 139 93 89 72 79 30 28 111 59 146 87 132 79 107 179 82 119 43 93 111 1 39 103 86 198 73 26 66 91 128 179 169 41 132 153 75 38 153 115 172 24 95 162 
175 116 28 155 95 169 158 144 182 84 12 109 24 107 77 199 171 11 46 92 198 137 93 116 39 9 153 23 107 52 91 63 58 112 111 87 42 75 185 164 46 62 127 121 185 47 182 197 170 96 6 178 179 194 12 141 116 14 43 169 18 67 37 46 104 23 108 111 51 29 104 92 180 181 168 134 74 14 86 95 141 179 93 181 55 70 6 190 104 139 170 11 15 136 147 47 167 142 20 117 107 48 182 141 13 40 119 132 4 88 63 113 141 100 108 72 100 191 82 172 95 71 164 166 179 
60 102 196 182 75 115 27 163 22 174 200 139 7 22 39 15 82 60 26 144 33 103 132 2 194 166 87 140 63 130 56 185 124 101 200 26 56 57 159 30 12 7 93 182 159 179 144 52 168 155 126 191 50 153 29 81 32 125 190 122 29 198 106 126 143 118 84 15 115 117 136 65 193 49 161 81 84 7 65 108 17 191 58 154 165 30 160 87 56 3 20 34 22 103 197 50 99 116 123 54 38 174 105 118 178 157 163 8 196 22 56 161 3 118 31 6 148 109 198 19 146 80 152 145 79 
52 191 2 60 81 191 123 143 65 128 17 11 69 194 173 104 55 130 95 192 60 148 30 39 155 98 86 33 7 126 23 169 196 107 140 101 105 97 94 43 167 70 41 24 114 74 31 129 178 10 8 36 119 173 6 194 82 111 177 114 114 3 17 119 85 193 7 95 68 166 59 47 43 118 3 164 155 160 23 161 8 6 47 100 87 79 191 108 63 102 116 191 94 151 144 109 98 48 155 24 112 131 54 120 168 27 55 83 175 35 86 192 182 104 99 19 8 92 48 178 142 101 178 16 184 
22 118 143 6 171 178 60 171 35 193 14 72 127 19 59 133 131 128 104 86 135 38 145 49 124 27 87 4 180 109 122 98 40 120 66 38 114 167 131 101 42 132 24 23 125 184 47 193 40 194 29 66 72 69 40 196 34 195 151 141 170 7 140 130 111 101 168 156 28 29 63 149 42 30 86 119 109 42 156 36 67 84 78 48 34 51 121 64 170 181 199 144 178 193 41 99 195 155 82 115 151 173 162 88 108 109 130 92 159 29 35 33 20 90 89 52 123 140 125 136 99 38 168 120 110 
84 193 185 155 171 53 140 6 173 142 88 145 88 154 137 88 148 47 194 64 56 10 173 132 172 139 186 128 173 106 177 3 194 98 197 86 32 109 118 191 88 174 128 126 165 185 69 20 151 86 147 129 62 106 8 188 12 51 21 173 118 104 188 137 56 163 97 41 162 102 100 146 22 108 19 129 189 43 194 11 120 177 96 200 162 68 150 4 191 127 124 53 102 115 9 174 15 83 112 161 79 160 125 104 136 119 44 28 122 95 168 8 51 74 104 183 97 86 154 52 13 101 158 71 109 
181 47 134 39 120 34 96 47 5 195 84 51 154 113 91 77 5 83 33 149 29 48 15 78 11 190 74 4 164 113 183 32 135 48 161 195 199 77 177 24 148 110 41 133 198 195 132 35 168 36 190 132 118 133 11 67 165 97 17 56 139 160 5 84 43 92 57 43 58 181 112 59 84 26 147 136 120 120 156 126 124 66 83 71 165 131 126 63 119 32 42 57 38 6 47 25 78 153 68 36 2 180 90 169 181 58 148 170 73 178 164 137 113 107 138 55 65 127 190 56 44 172 32 174 41 
104 4 119 45 108 65 114 27 188 186 35 189 62 145 73 89 44 55 8 76 31 148 89 61 185 197 171 67 117 147 25 178 162 194 182 185 36 88 101 148 124 196 176 128 61 49 114 115 126 64 110 119 5 75 162 102 134 123 109 43 24 45 135 175 168 191 115 6 78 143 73 147 196 103 117 148 198 9 102 38 58 121 81 157 25 31 181 55 134 158 19 75 5 109 43 38 27 133 45 193 1 59 101 185 169 7 173 188 47 107 63 24 107 43 17 4 192 96 95 182 74 58 176 2 116 
31 119 97 20 64 98 79 178 62 69 157 42 77 168 47 133 39 187 125 197 142 114 53 96 97 94 172 182 107 194 156 150 133 79 20 20 197 56 98 136 30 184 38 50 60 172 8 118 106 111 138 160 90 94 120 54 58 191 158 125 181 43 20 6 23 23 145 79 103 92 138 64 167 28 176 161 72 137 129 155 115 109 162 192 138 48 99 89 92 88 169 91 83 124 134 36 55 21 42 48 128 96 193 199 194 138 190 111 142 64 97 48 82 13 19 60 186 196 200 61 107 127 149 2 143 
185 80 193 76 150 87 125 177 138 150 25 176 41 120 20 5 37 43 62 79 134 144 171 101 151 98 176 123 135 180 51 152 77 73 168 97 49 134 39 19 64 87 119 30 133 99 25 55 65 39 58 169 30 109 163 9 159 100 19 138 12 22 139 92 54 14 162 185 126 52 53 42 123 173 93 14 69 139 66 122 89 164 199 80 100 17 15 99 161 103 79 27 150 8 71 66 57 111 23 100 75 135 19 121 121 133 11 61 114 3 116 52 82 153 118 133 91 198 132 36 146 113 161 178 38 
146 198 169 136 4 26 99 86 168 106 155 22 19 147 101 24 198 180 128 111 165 183 170 58 51 115 17 101 106 144 153 176 122 162 87 15 115 5 192 77 144 26 90 64 122 30 198 24 117 46 197 88 58 141 62 77 186 92 95 186 75 146 152 102 123 155 157 64 60 48 118 51 135 141 86 36 130 192 109 95 46 136 174 139 81 17 178 119 11 2 6 59 113 48 178 59 65 44 107 46 61 185 86 165 74 53 90 141 5 167 82 45 110 159 111 84 67 97 186 151 45 23 15 103 13 
163 197 66 20 54 56 171 39 164 155 35 132 73 120 74 171 77 34 87 39 128 134 156 91 52 137 22 151 109 190 11 132 23 39 19 189 1 118 161 89 60 66 44 114 125 144 125 53 126 52 200 8 85 60 21 82 54 197 53 122 116 183 121 105 67 197 125 136 6 130 68 98 124 73 167 163 193 179 136 99 120 5 163 70 79 104 161 93 189 171 145 174 127 175 157 61 56 23 119 177 176 12 165 68 194 25 127 37 124 114 141 57 89 188 136 20 183 80 16 135 183 119 179 78 56 
2 137 83 40 107 34 56 138 133 128 137 141 133 115 193 30 196 78 142 161 22 34 68 70 169 29 45 184 119 94 194 183 178 109 113 51 55 73 120 55 197 196 109 92 164 109 37 194 51 36 86 118 8 165 98 18 24 80 70 60 162 185 78 138 60 92 12 147 79 72 3 8 39 185 136 47 112 120 30 132 9 110 142 3 67 170 65 154 103 182 164 157 5 58 160 161 84 7 28 60 67 151 67 26 161 164 134 31 198 17 59 111 12 103 181 23 43 115 170 54 140 84 32 107 191 
160 135 41 93 198 36 168 147 155 161 160 196 148 16 107 179 28 40 26 11 174 107 103 92 36 93 135 142 11 99 44 19 144 41 181 113 46 94 80 30 189 72 138 182 158 49 71 115 191 31 79 21 19 116 198 53 34 161 44 162 72 11 124 44 160 98 92 181 52 75 108 10 52 39 40 113 57 153 31 198 71 25 84 182 75 119 132 18 83 138 148 15 50 151 133 90 76 177 19 9 19 110 118 100 25 139 78 152 14 37 150 189 89 114 77 164 38 102 79 93 147 64 46 179 179 
4 175 19 102 50 53 138 70 71 72 90 27 5 97 64 32 190 188 123 151 3 17 59 166 7 51 181 183 97 176 15 175 127 127 90 195 38 189 119 185 193 108 48 50 137 68 11 117 144 196 22 111 156 153 6 197 122 127 161 71 108 177 100 16 174 104 151 66 60 105 83 158 51 126 196 28 130 102 58 101 85 111 135 195 36 124 21 125 156 11 117 94 64 152 140 191 113 180 153 88 134 90 70 140 107 61 195 200 12 65 19 69 185 47 8 113 118 133 121 179 2 20 40 137 134 
91 24 39 10 52 141 97 13 23 91 19 192 1 26 74 112 87 164 86 76 110 44 76 73 151 76 46 49 173 120 121 73 79 109 101 85 19 111 188 26 200 42 94 134 46 108 49 31 189 92 69 40 76 194 155 192 43 89 135 132 155 82 123 13 126 157 155 159 61 80 88 176 106 168 38 200 73 123 141 158 72 196 21 90 74 106 83 87 71 177 13 139 28 93 29 90 103 194 173 21 171 66 77 169 90 74 193 138 119 182 148 150 195 177 107 58 171 176 147 30 67 159 193 199 6 
85 115 114 39 19 46 66 42 64 87 117 130 185 26 101 99 3 26 13 127 24 144 157 167 28 191 63 174 46 181 189 126 21 148 76 104 200 23 117 200 102 59 129 30 59 130 182 54 116 156 140 101 128 146 108 6 21 13 60 150 75 143 197 92 81 178 21 62 171 139 134 51 163 197 47 110 155 130 30 114 88 141 158 199 37 73 190 70 81 195 65 171 172 168 88 159 33 7 63 161 52 162 93 162 29 125 94 152 149 73 98 22 190 93 190 108 153 28 197 198 77 113 38 2 152 
6 25 148 152 73 62 49 110 49 157 52 43 177 37 61 184 158 124 176 93 121 156 29 93 10 161 173 109 152 92 147 46 5 62 191 64 123 135 113 160 145 106 25 40 167 109 180 56 101 75 44 80 163 149 101 109 67 55 67 125 157 177 171 45 120 199 196 42 104 23 12 134 126 156 99 94 71 157 124 100 105 20 162 40 171 171 40 100 142 200 145 168 54 177 163 138 137 199 26 1 51 25 130 164 180 122 123 41 43 57 176 104 12 145 151 87 72 7 31 197 109 63 26 190 89 
40 85 165 115 152 157 104 7 119 101 25 105 85 195 33 186 21 127 97 56 167 118 62 200 182 64 64 1 84 41 149 35 190 59 168 178 47 64 86 139 23 42 9 90 123 106 81 27 21 34 10 139 179 100 55 179 185 93 125 172 167 3 140 57 65 32 10 39 102 92 159 122 150 85 148 99 11 106 181 29 195 139 190 162 65 136 68 196 102 66 166 67 41 29 158 48 23 127 117 100 84 44 149 175 114 195 56 26 139 84 13 95 39 44 19 5 15 26 64 175 45 62 102 42 68 
57 11 148 51 46 135 94 88 191 168 37 92 166 63 54 49 8 58 197 174 148 137 71 108 34 196 62 12 5 139 198 162 110 63 150 60 77 158 159 28 103 41 179 161 141 129 94 146 46 107 129 65 10 183 171 117 122 81 174 174 84 93 172 46 25 128 71 109 76 99 100 8 4 93 41 117 164 62 171 200 120 129 79 103 91 20 51 194 161 119 83 7 144 182 42 191 121 186 2 23 97 151 176 182 116 48 60 135 191 78 80 55 16 124 2 99 197 7 17 113 123 152 142 32 179 
26 122 11 183 184 122 46 91 200 5 75 167 186 38 166 79 150 106 45 81 120 60 22 82 65 144 98 40 39 113 47 51 75 159 58 186 107 60 93 71 25 171 89 102 125 158 138 129 195 124 146 158 182 78 50 11 83 177 185 183 137 16 96 132 119 143 137 91 132 61 128 179 156 49 82 162 194 36 162 200 105 66 171 44 192 77 69 142 132 196 150 37 11 156 38 55 9 109 109 83 174 128 21 45 77 91 51 160 165 2 99 32 69 16 131 177 156 137 72 155 182 109 62 130 94 
179 128 46 98 161 124 14 91 156 68 3 74 59 143 9 26 4 109 94 6 175 91 40 77 128 102 124 20 137 107 147 68 182 2 81 73 47 171 124 107 127 117 32 35 126 7 148 112 54 119 54 164 117 22 155 77 147 172 191 150 91 42 39 188 60 74 149 47 37 181 53 141 61 175 60 36 8 190 74 65 156 6 50 120 189 99 35 193 166 67 113 193 145 118 103 134 111 165 10 144 198 178 186 111 135 21 119 90 50 79 33 39 137 117 137 30 127 48 1 16 144 181 83 95 91 
185 110 6 81 188 163 199 58 192 89 102 171 172 118 73 18 123 169 134 76 42 13 60 40 175 27 41 195 102 164 34 109 84 193 176 28 152 32 80 7 151 133 135 93 155 191 133 2 49 195 132 85 136 42 46 180 99 170 192 129 198 190 90 105 96 80 157 7 27 4 128 36 162 102 171 25 92 149 146 138 34 192 180 46 5 101 33 25 28 34 80 48 126 67 36 151 16 10 174 163 130 190 75 50 32 15 116 135 128 125 98 126 167 117 135 52 83 160 3 32 157 155 113 82 131 
162 48 194 155 1 133 61 162 63 84 67 38 150 127 8 145 152 182 147 35 36 155 73 74 141 98 194 52 97 99 55 130 104 177 137 193 10 2 116 149 111 150 54 174 102 58 174 78 161 126 16 31 42 1 16 67 149 2 157 29 10 49 57 121 65 87 112 165 2 120 138 67 126 39 111 114 163 149 169 143 43 131 80 190 165 114 86 93 75 155 69 66 74 196 151 174 149 149 114 86 161 65 85 67 41 95 27 5 136 7 5 130 80 15 57 3 2 173 74 69 123 150 87 153 94 
57 55 110 79 139 124 51 115 54 182 66 96 1 140 65 134 139 86 139 164 101 2 68 142 154 174 106 181 82 141 88 35 165 173 115 52 56 22 28 30 162 59 176 11 61 191 130 149 186 79 54 191 75 55 74 23 44 80 55 129 106 44 29 153 3 160 157 162 142 13 69 93 95 84 35 47 37 34 118 13 18 195 53 147 66 84 88 135 168 194 179 158 57 109 147 109 114 182 170 58 146 112 188 117 169 29 48 103 50 62 109 22 173 117 141 80 134 61 195 17 30 165 118 7 192 
21 161 1 13 124 107 58 125 78 79 161 186 73 166 6 195 117 171 43 123 29 127 122 112 172 61 36 164 198 94 27 7 65 193 70 112 122 184 146 180 125 119 69 162 26 77 2 97 90 187 135 98 35 36 3 155 190 45 185 198 88 28 97 6 34 136 155 86 119 98 121 79 60 17 22 171 22 7 179 121 4 183 28 176 98 55 16 137 192 45 114 155 65 96 97 120 18 27 147 41 27 196 57 125 85 177 11 41 162 122 122 2 57 66 92 178 1 142 174 138 38 57 129 76 178 
181 106 114 38 42 5 125 119 86 102 72 44 144 73 8 80 33 156 15 177 104 70 14 48 110 74 128 37 121 31 13 107 21 162 80 103 109 15 16 142 178 121 142 33 51 67 116 27 171 106 10 17 23 70 104 165 42 102 98 135 58 101 19 106 179 37 89 85 55 8 19 8 26 146 117 163 194 110 30 169 43 136 106 80 50 85 147 126 138 161 88 92 162 116 35 10 52 40 58 160 84 104 71 149 66 19 153 14 12 139 40 105 174 1 129 56 158 194 98 17 157 87 99 32 10 
164 99 163 170 20 7 28 10 167 6 7 174 64 132 112 78 172 58 102 36 92 131 155 127 98 77 29 182 174 10 103 48 110 61 180 30 120 180 192 174 181 96 11 90 168 23 192 178 150 48 87 119 47 83 44 90 138 6 14 127 3 147 182 184 193 30 171 191 29 141 155 109 24 59 84 152 90 107 105 54 22 191 123 79 27 29 190 162 194 69 77 9 31 59 139 91 90 155 22 107 183 87 79 112 178 8 11 134 5 87 69 9 8 24 73 179 127 140 134 5 10 109 8 76 40 
34 183 116 66 124 11 58 76 134 119 12 139 4 56 116 111 194 162 19 126 184 116 92 37 7 156 169 61 116 86 53 130 154 21 164 160 194 137 125 45 6 50 107 196 3 155 33 54 185 48 101 161 80 158 35 192 199 67 82 67 79 8 124 103 119 187 85 34 39 48 52 196 188 106 181 99 95 9 197 62 189 159 164 89 76 102 116 159 35 108 175 72 13 42 193 18 72 64 76 120 46 171 60 30 50 62 125 20 2 31 138 47 192 54 7 20 6 77 183 104 99 95 19 106 61 
20 127 53 17 177 141 85 15 20 199 60 93 191 179 54 77 73 10 91 89 76 157 167 185 189 76 103 119 157 174 5 7 65 150 189 114 122 136 53 113 112 98 69 152 101 191 181 166 51 70 28 159 58 1 83 135 161 168 145 128 51 71 30 2 149 51 87 126 84 139 118 106 144 150 162 41 199 40 84 44 58 14 47 66 2 187 134 143 56 30 128 64 98 35 193 79 25 109 12 40 99 155 195 18 145 31 78 24 198 142 161 165 20 1 137 88 62 8 150 195 180 68 148 186 77 
144 36 170 123 128 164 34 103 66 130 31 164 92 4 102 184 111 148 81 21 14 58 88 110 132 37 135 128 106 64 146 189 24 150 96 148 200 37 43 32 174 186 82 135 28 23 8 91 98 20 13 183 35 166 65 132 156 109 103 79 113 54 188 162 110 177 71 96 104 72 79 97 107 193 199 52 40 36 90 49 75 151 139 9 56 184 62 169 1 66 162 1 146 187 75 141 132 132 128 149 133 100 79 136 34 60 17 138 192 71 127 184 16 73 7 190 22 142 194 57 145 81 155 53 178 
33 120 74 62 151 122 58 69 71 130 95 82 47 99 185 20 200 77 165 147 133 108 7 50 97 94 108 186 168 14 92 11 104 174 165 160 141 177 8 139 83 21 103 88 6 86 161 32 11 172 184 200 23 46 73 193 90 78 119 156 12 9 137 73 101 137 102 5 47 88 142 97 34 50 189 21 23 48 151 110 132 135 12 158 138 125 200 197 173 4 109 86 46 79 107 48 10 93 175 14 192 59 163 54 65 31 175 194 198 81 146 46 25 148 56 116 27 121 41 101 115 25 70 174 147 
188 196 91 97 159 137 16 53 195 111 96 55 6 134 162 11 41 134 25 102 27 149 22 130 56 185 71 156 141 159 10 168 161 145 2 137 160 169 71 176 187 4 185 165 75 128 112 163 137 169 130 196 153 52 140 183 173 106 97 66 101 100 43 91 41 157 162 188 147 82 170 173 33 99 47 2 199 62 150 24 200 65 53 45 134 122 96 104 121 2 128 82 184 81 85 160 12 119 165 6 199 61 148 9 101 30 20 168 108 71 78 80 65 165 102 15 163 154 31 65 47 98 161 194 118 
16 82 164 62 156 24 200 172 103 74 43 109 58 64 2 83 157 8 47 42 146 67 18 107 90 141 74 173 19 129 66 137 13 144 50 65 1 77 33 186 188 68 164 196 175 161 84 193 164 34 57 123 15 197 43 15 191 173 184 123 58 27 131 127 79 196 27 166 186 150 90 177 53 193 67 30 84 165 58 87 78 91 88 171 127 33 18 135 153 180 16 42 147 75 34 84 86 39 64 176 47 36 41 117 119 198 157 44 170 41 73 112 94 61 140 77 102 111 92 87 27 196 39 93 84 
96 92 193 200 131 62 155 56 107 97 145 15 144 72 83 59 167 177 113 176 119 122 42 147 77 75 22 197 21 181 73 67 96 148 90 109 197 135 169 200 8 27 145 142 26 177 156 189 15 130 106 109 107 166 96 197 1 132 112 45 73 165 112 167 46 91 64 159 100 78 151 14 106 148 141 128 189 71 178 172 87 143 48 107 5 150 52 79 82 108 36 126 123 92 147 98 100 169 80 41 39 61 94 87 75 60 30 113 31 24 38 114 183 86 129 167 170 57 194 184 68 85 184 38 183 
91 176 77 18 104 43 144 57 112 16 182 182 112 81 88 147 85 176 62 89 49 125 54 62 54 128 19 82 41 104 131 110 185 10 193 179 101 78 189 81 127 173 74 96 186 24 83 165 59 43 109 182 37 74 21 13 16 64 170 155 110 7 200 134 116 12 93 184 138 77 97 79 78 181 85 164 172 167 90 26 60 147 89 100 155 168 161 42 98 168 159 7 155 71 35 80 179 153 157 161 33 124 186 15 173 50 140 30 57 21 117 61 151 170 81 178 189 84 70 79 46 100 162 167 170 
160 87 15 16 20 89 83 28 179 24 115 47 192 75 47 61 194 123 188 66 107 162 109 61 29 111 150 53 26 70 137 136 96 15 188 192 102 131 145 128 199 183 71 159 94 173 200 25 19 58 25 43 158 75 109 172 159 64 166 169 47 11 85 121 122 11 56 128 152 150 69 140 194 135 58 71 62 7 24 23 196 49 153 148 58 92 176 151 110 118 91 74 6 38 58 120 69 144 191 142 198 175 168 86 43 73 97 139 27 65 21 49 87 110 24 66 52 15 76 100 109 48 25 112 196 
149 16 180 153 28 28 87 155 14 30 11 172 65 127 63 124 171 196 33 10 114 27 163 9 191 159 151 197 4 179 118 98 72 44 169 62 195 96 160 62 122 59 77 70 57 176 22 134 33 10 181 4 37 173 5 150 129 143 21 136 44 143 68 157 164 114 60 101 115 105 142 43 33 185 5 59 69 21 41 90 146 199 2 55 55 69 72 148 22 54 195 95 133 138 134 27 189 111 41 26 136 176 59 147 74 29 180 27 119 199 65 78 40 12 59 190 166 39 125 187 37 128 63 73 166 
150 18 60 132 163 72 57 80 124 162 16 118 148 185 19 45 12 65 144 71 27 69 147 126 187 123 146 17 196 106 67 20 142 21 113 166 158 21 21 15 44 72 123 51 134 185 156 156 103 86 89 141 121 68 121 51 151 161 194 196 134 161 171 3 100 181 33 114 140 127 6 132 17 73 125 125 158 174 36 155 14 83 72 160 192 99 63 64 90 92 63 93 73 185 185 48 13 7 169 21 8 9 13 146 132 89 188 172 47 156 172 125 6 65 150 74 14 84 18 16 59 38 39 40 148 
124 18 136 59 155 117 143 72 33 60 37 15 67 162 40 34 141 46 81 196 169 21 197 81 77 130 23 107 50 19 60 22 73 98 114 193 8 169 94 137 183 167 55 195 190 32 29 35 29 164 159 188 66 184 1 142 106 114 7 168 137 86 117 45 79 54 15 61 158 60 101 158 16 199 105 121 101 104 34 156 66 85 60 21 144 192 192 120 116 135 10 92 190 112 99 28 121 167 77 49 175 84 117 79 109 89 184 142 131 22 93 7 168 141 180 30 8 29 191 63 185 77 171 157 8 
112 63 48 140 189 158 56 117 146 13 5 137 99 163 114 149 110 89 101 199 165 176 162 116 29 5 93 106 42 103 118 191 169 137 112 124 58 104 41 105 62 124 51 151 112 79 69 117 13 17 118 110 42 27 144 126 164 166 161 51 60 74 91 15 35 129 66 62 101 101 130 62 111 120 192 3 29 160 54 132 4 134 50 117 54 131 76 33 53 17 185 88 152 68 146 147 186 11 178 198 29 13 186 135 39 77 6 111 13 198 31 161 49 134 10 85 122 36 102 32 180 28 194 115 37 
129 44 88 56 122 112 195 112 183 23 193 66 143 33 153 74 111 76 12 131 195 138 112 9 35 71 102 168 57 48 162 150 102 114 152 172 118 66 137 169 6 89 195 4 164 43 43 48 58 44 159 175 115 5 124 177 99 148 75 41 117 173 138 180 29 148 10 83 162 31 137 57 99 164 40 63 109 102 144 198 62 105 7 163 194 75 165 84 107 26 47 197 65 159 40 136 5 178 185 156 62 152 138 19 23 55 193 67 22 40 106 68 57 40 99 89 146 107 89 8 129 171 50 16 60 
132 40 9 174 121 43 118 25 168 32 96 187 141 95 4 59 64 58 176 183 147 59 194 126 30 37 186 54 11 147 16 134 12 116 55 177 36 137 17 37 5 141 138 25 6 143 4 47 96 79 156 55 198 55 190 70 99 64 9 1 148 178 120 103 48 99 38 158 152 40 64 197 82 56 44 72 141 200 172 88 98 80 150 6 73 73 76 177 113 63 131 155 53 166 144 163 44 35 185 65 194 120 74 183 168 77 19 140 130 144 66 37 110 40 50 28 108 7 9 135 51 182 151 35 114 
160 200 36 143 65 75 48 151 180 166 180 106 135 13 40 124 170 176 22 142 68 166 126 189 199 8 20 101 66 51 162 120 51 166 102 152 77 36 176 69 165 27 147 84 192 60 52 142 155 2 182 40 177 38 111 78 41 56 162 8 2 44 69 157 82 189 167 129 133 117 115 1 177 99 140 8 71 83 118 15 169 95 65 56 33 126 148 164 177 66 62 3 141 118 68 134 196 107 186 110 157 94 84 40 103 106 60 41 43 120 180 56 173 95 199 83 8 49 63 171 54 30 90 114 34 
129 28 137 66 187 193 25 94 95 15 38 137 141 134 122 189 25 98 189 163 143 7 73 97 75 61 52 122 192 191 50 87 40 22 139 116 127 7 16 131 64 23 156 171 18 41 85 79 179 130 160 98 163 48 63 104 60 63 8 66 178 45 38 182 19 119 198 41 85 59 115 135 10 44 64 150 116 103 74 154 64 99 34 81 146 22 190 184 41 19 60 67 36 38 74 84 115 111 13 45 19 189 120 156 178 90 167 147 72 30 14 106 21 31 76 79 138 79 83 95 124 145 130 74 97 
136 27 106 9 33 51 180 11 90 142 38 109 152 65 143 25 85 62 163 152 189 156 172 20 94 121 87 98 97 4 142 45 173 28 165 105 109 49 102 64 48 170 104 156 63 199 2 62 54 194 94 190 60 7 20 71 14 142 114 122 169 144 123 104 117 196 117 172 114 51 184 185 52 133 166 129 34 107 155 175 34 113 83 94 4 165 123 148 129 143 138 4 117 8 19 71 53 10 121 137 127 125 101 69 9 16 77 125 104 158 125 55 32 122 4 126 54 137 115 18 157 99 48 35 151 
120 140 50 67 109 118 117 195 157 104 186 6 132 166 93 103 177 124 161 136 6 95 150 21 152 10 89 183 53 191 91 138 67 30 82 166 78 48 72 99 161 82 119 128 183 108 52 100 128 137 163 94 82 120 196 177 169 58 9 114 147 112 30 51 63 53 180 21 15 117 54 182 194 162 96 63 114 60 24 40 19 68 118 93 111 13 95 46 99 176 5 180 166 194 143 56 40 150 170 182 66 127 158 173 200 181 14 184 35 61 79 171 43 9 190 164 37 77 56 160 151 41 60 152 190 
87 62 169 102 109 102 146 191 137 16 76 126 199 88 190 102 128 60 39 52 138 2 111 159 151 16 46 15 76 149 13 141 77 82 58 130 15 148 42 60 116 57 43 68 155 155 26 89 43 189 18 171 162 58 169 47 169 69 44 160 152 57 158 169 151 158 19 34 143 33 151 122 58 169 82 165 89 8 64 117 9 123 197 89 136 123 130 135 10 6 46 79 11 143 30 47 15 93 59 132 27 12 16 6 54 83 176 43 81 99 77 152 2 193 42 29 90 22 59 142 183 82 126 131 70 
118 96 69 92 6 164 133 163 170 37 90 197 111 108 172 56 174 101 67 134 45 50 89 157 92 164 120 100 195 132 179 38 130 88 80 111 126 187 70 82 161 136 63 10 138 128 177 131 198 45 42 154 7 9 136 173 172 21 114 46 153 54 47 36 107 177 20 131 79 176 60 63 185 123 78 19 14 103 144 54 98 54 80 174 135 188 36 43 63 33 142 48 24 105 176 132 37 48 136 53 90 17 43 176 169 140 6 134 103 58 47 124 152 29 1 161 148 171 55 164 13 31 92 63 12 
74 100 14 167 75 80 120 129 177 33 115 59 158 167 41 170 147 21 121 24 100 176 155 197 10 150 167 15 42 100 126 36 139 117 190 185 83 38 179 59 72 182 42 62 40 83 193 193 14 196 16 82 102 72 59 98 11 155 160 47 146 177 12 91 33 160 30 130 107 67 51 125 115 55 51 182 38 143 93 64 191 101 16 144 40 160 189 197 10 116 145 179 43 130 74 22 189 43 38 149 126 136 171 21 43 160 115 40 25 190 128 6 75 187 111 98 200 116 60 44 108 2 36 153 192 
109 101 139 160 23 151 161 189 32 43 121 172 53 122 100 133 53 95 145 1 105 93 159 100 138 165 39 148 148 190 45 55 65 37 101 98 113 98 24 70 97 18 127 72 86 14 123 27 55 160 102 113 197 70 140 76 45 44 169 186 34 54 85 104 86 21 175 26 31 186 117 77 34 176 13 159 9 19 97 167 162 17 154 92 40 81 196 169 89 108 112 56 34 19 23 120 76 53 153 189 61 15 116 171 75 108 192 2 79 193 131 78 61 136 2 26 13 62 89 9 191 138 102 119 191 
96 103 84 100 74 10 192 58 148 129 99 56 185 47 177 189 78 155 55 156 33 187 135 17 74 79 138 63 82 43 54 162 78 83 165 150 181 21 179 188 118 116 69 91 170 61 82 150 79 177 45 120 97 9 46 134 153 155 117 97 137 39 26 39 113 132 14 63 126 42 197 23 72 46 143 113 72 145 144 57 99 22 45 73 175 23 8 87 69 132 164 156 147 25 112 134 16 71 169 184 75 92 166 178 138 101 172 3 3 24 58 85 123 76 74 43 82 68 160 191 107 68 185 21 34 
132 31 38 145 54 44 28 161 86 178 20 172 21 84 151 84 159 64 18 188 7 132 6 24 41 152 39 161 114 183 70 129 95 56 189 180 155 133 200 58 136 7 171 67 85 57 104 163 100 86 197 12 162 69 111 65 148 105 159 63 58 2 46 71 7 101 74 7 69 152 83 200 185 192 133 20 11 108 24 67 189 62 72 57 128 10 10 128 139 116 200 45 17 74 58 16 59 174 161 25 51 53 137 142 17 99 135 103 181 194 171 24 110 157 126 96 150 188 47 99 173 124 187 83 162 
73 93 113 49 90 182 119 29 11 60 94 147 115 38 32 116 58 167 90 128 96 69 107 155 85 40 56 111 168 67 146 161 98 16 160 1 38 7 135 47 144 11 152 33 73 166 135 30 179 50 144 189 17 165 121 2 92 121 169 82 133 119 100 52 28 57 43 142 61 1 180 95 121 152 130 21 19 69 198 194 174 171 194 156 64 77 181 89 82 41 62 143 158 17 156 90 170 32 70 47 51 135 161 51 151 136 79 1 120 160 198 171 118 177 111 194 159 162 90 9 196 200 89 83 26 
191 165 123 28 9 73 151 96 131 133 181 103 7 121 16 30 17 85 90 101 22 53 168 41 30 60 32 152 20 12 149 141 178 5 6 54 100 42 10 43 167 112 141 156 62 133 134 146 83 89 4 150 6 123 113 14 163 29 184 115 191 171 158 56 106 87 74 23 154 31 75 114 93 123 134 142 116 197 114 64 175 129 61 30 69 146 72 72 142 125 196 129 86 193 77 52 10 6 54 123 25 44 182 175 116 143 60 127 56 195 18 81 90 80 43 100 86 130 105 151 188 96 105 183 173 
180 189 169 183 19 105 33 45 67 104 88 44 107 69 21 44 50 190 37 17 58 137 112 163 15 14 133 102 140 48 9 95 143 163 76 124 157 3 45 111 167 119 155 48 55 199 24 142 108 43 180 175 195 160 193 164 140 80 159 139 117 189 104 6 150 197 144 3 56 75 156 147 32 87 103 105 11 13 26 15 186 88 162 66 114 54 192 50 68 58 188 21 95 103 49 33 171 150 2 173 40 66 176 8 45 88 29 42 138 160 153 32 3 12 6 80 157 141 77 78 61 9 77 105 143 
177 138 128 102 83 155 81 172 114 114 48 188 118 200 50 80 104 23 123 153 190 152 98 59 34 56 145 10 108 178 183 150 10 59 38 19 81 158 59 29 112 45 192 99 33 103 111 53 104 118 167 152 64 126 55 92 83 126 23 56 39 107 174 101 12 144 26 198 162 104 119 59 74 59 185 77 99 62 22 74 165 66 52 54 24 45 87 52 28 195 86 57 135 75 61 10 7 33 114 129 180 24 60 52 153 9 123 125 35 173 67 126 48 91 39 18 14 178 9 169 85 180 144 110 17 
180 179 34 166 53 180 111 137 177 76 73 172 96 197 92 85 77 16 84 75 168 179 166 132 29 22 138 166 5 174 41 98 157 125 89 155 63 80 64 124 194 50 106 126 24 143 5 7 75 29 127 175 75 172 110 5 38 164 87 184 200 34 116 136 2 99 12 81 170 38 185 132 163 172 49 195 180 52 11 7 68 43 191 165 169 48 25 99 42 14 142 145 148 61 187 160 199 102 44 170 56 30 181 49 76 119 47 158 121 190 138 14 188 55 91 13 174 140 81 98 55 7 194 118 74 
123 18 89 27 128 32 171 181 68 143 186 42 162 128 1 21 152 76 44 144 2 86 96 123 130 43 43 119 20 141 51 97 104 18 90 53 149 169 26 105 17 62 128 130 58 34 25 130 152 31 119 181 92 186 17 90 137 107 187 47 95 174 162 19 63 116 73 86 200 39 124 109 171 189 36 69 64 138 151 91 22 66 58 188 99 1 46 37 95 23 156 148 66 84 78 97 144 115 122 138 79 198 47 20 120 87 166 6 153 64 106 72 191 6 38 37 172 69 74 29 173 179 69 16 44 
77 173 183 101 20 48 16 143 181 70 18 126 55 197 8 54 15 22 113 13 164 6 141 31 33 47 65 107 122 186 76 47 22 99 15 136 93 31 67 123 63 106 142 6 163 162 88 9 44 62 119 106 195 128 113 167 155 134 124 91 77 93 25 159 187 170 174 199 138 78 62 20 31 102 53 35 4 78 27 76 165 117 46 146 16 15 118 24 74 71 91 49 63 125 181 177 138 191 188 175 164 78 191 23 29 120 146 76 35 51 79 72 108 137 98 185 36 86 198 4 110 173 184 158 1 
54 21 15 180 175 16 37 152 82 192 128 11 89 62 123 126 110 133 85 43 15 127 34 28 171 137 117 98 63 135 44 46 172 110 97 4 140 4 77 31 52 87 176 118 78 21 113 92 195 10 22 51 136 61 20 92 104 187 101 180 199 24 187 62 146 2 189 193 91 189 199 137 103 183 144 193 135 28 154 127 158 96 29 149 92 32 115 11 156 194 44 32 78 191 122 156 39 111 49 53 121 188 36 38 185 190 27 144 100 173 110 98 55 44 33 167 132 143 89 137 68 88 166 122 198 
38 168 200 171 120 78 6 56 91 86 35 4 91 30 161 121 176 141 65 155 93 11 182 150 61 181 53 180 182 143 120 46 34 4 86 45 121 125 196 107 28 145 36 23 121 68 159 188 81 133 14 116 163 137 36 50 87 88 123 102 165 78 13 147 118 60 82 12 26 167 136 121 125 82 52 57 174 19 150 149 177 15 140 179 187 81 83 126 50 157 142 141 36 37 171 57 92 191 100 79 3 70 188 145 171 184 97 161 175 74 58 100 59 13 98 148 142 134 104 100 101 146 121 85 62 
16 95 42 193 43 88 27 123 38 184 138 166 71 110 153 44 91 79 197 162 93 10 110 16 154 46 5 57 84 97 14 26 94 68 165 79 74 144 96 43 20 7 56 32 170 133 191 23 190 54 121 105 197 171 180 112 66 120 182 97 36 191 107 85 119 159 184 61 143 103 117 6 62 26 42 94 97 57 75 18 15 70 147 36 162 142 64 179 117 93 84 89 62 125 132 108 98 81 55 10 55 167 130 68 18 34 65 187 17 124 45 55 69 67 35 36 19 96 56 172 120 183 79 31 186 
54 75 32 6 158 52 133 60 23 154 146 55 51 31 32 13 132 159 132 183 84 176 77 79 178 57 17 111 89 52 184 23 148 11 25 200 135 140 35 199 163 69 100 189 22 82 81 199 137 200 71 72 35 130 184 100 45 197 67 71 114 41 71 108 74 99 120 81 194 154 106 173 118 98 47 22 80 155 51 20 23 23 158 153 140 109 153 10 81 78 50 172 82 132 38 190 197 134 157 186 48 131 140 197 4 106 141 146 145 161 150 196 120 75 10 113 198 197 36 184 200 155 67 24 19 
120 52 90 83 146 16 17 159 164 74 60 71 64 89 137 190 137 90 166 148 170 136 175 165 192 39 153 3 159 147 145 49 22 122 120 175 113 94 191 93 63 177 121 195 172 32 139 25 98 17 68 111 29 102 179 76 62 129 42 71 131 17 124 64 125 190 76 115 74 86 176 180 4 75 170 79 64 125 82 78 100 132 140 142 164 134 195 37 158 171 80 62 101 165 61 69 45 25 164 23 68 95 94 186 180 97 170 94 28 153 44 187 120 12 168 188 75 63 18 82 35 140 41 46 196 
24 178 90 128 187 139 64 118 181 18 74 156 185 150 19 84 157 111 81 165 48 14 101 145 78 121 147 49 130 170 60 191 34 190 135 168 5 159 196 131 13 128 164 123 181 191 100 42 189 21 39 171 12 10 187 127 25 109 106 132 41 39 180 55 181 153 110 161 96 6 7 71 87 126 19 107 98 78 148 3 142 183 54 174 78 29 161 82 85 12 84 5 102 113 101 140 36 91 88 17 98 33 104 87 128 164 117 146 105 85 19 89 86 157 40 170 76 173 113 20 23 2 67 70 79 
152 1 152 154 199 67 7 10 178 88 87 96 159 191 88 121 146 34 200 187 46 13 15 109 59 14 177 16 102 30 91 139 61 143 158 24 18 105 38 162 29 36 200 158 137 131 171 130 10 180 132 167 4 151 172 147 72 55 39 170 137 186 79 76 167 5 66 145 199 124 107 136 166 154 123 118 128 64 192 139 166 152 178 29 48 125 153 65 50 127 171 142 67 4 176 144 41 111 49 28 28 13 88 105 78 197 82 148 60 130 105 2 115 80 41 184 111 191 163 149 135 37 197 148 185 
23 193 123 153 105 33 64 104 123 7 106 175 107 144 178 175 51 190 24 186 41 152 138 199 116 146 174 113 160 54 125 3 33 18 65 89 118 61 96 95 100 91 118 161 114 50 32 129 152 122 3 150 88 166 63 78 196 82 5 24 117 166 184 181 70 165 34 141 188 29 11 106 135 188 154 101 128 66 115 79 156 130 100 62 173 1 195 119 79 25 109 185 198 48 197 145 20 115 200 33 30 131 55 174 50 197 76 42 144 197 48 156 157 162 72 7 60 102 168 33 107 192 45 9 52 
139 93 172 65 121 1 154 191 145 184 112 114 29 13 43 197 169 127 113 195 87 100 194 3 47 10 160 80 187 18 107 188 147 62 166 166 114 99 77 22 189 108 140 117 181 181 109 127 151 126 15 65 20 128 93 46 63 138 31 91 190 14 123 168 98 34 198 103 11 56 4 190 114 67 156 180 19 100 20 17 119 164 97 44 92 84 101 111 191 32 40 166 49 124 114 14 167 21 148 200 102 43 191 53 139 58 115 70 65 169 174 117 189 128 145 13 52 92 100 24 98 30 38 33 20 
118 18 49 52 26 99 24 104 37 69 188 115 58 24 144 46 55 97 144 179 163 169 27 179 139 116 56 120 41 75 197 38 179 91 10 59 98 11 194 185 140 92 36 29 181 162 189 13 178 169 24 74 185 83 82 40 74 61 130 3 164 150 32 9 108 40 100 169 18 177 62 41 24 64 85 88 152 113 122 5 54 125 23 31 57 93 82 88 164 24 87 162 195 97 172 98 86 35 166 82 172 34 42 127 92 95 22 48 82 119 179 66 49 85 72 32 190 133 125 162 173 80 60 107 167 
36 36 97 123 51 76 19 175 42 30 46 110 178 122 104 166 183 65 98 87 165 197 128 98 149 183 64 199 44 34 85 191 112 197 44 54 29 132 146 11 88 84 170 52 184 36 72 199 49 191 153 152 44 10 52 192 26 87 53 157 22 111 198 159 32 38 125 133 83 34 147 157 31 83 62 62 188 182 87 116 141 175 145 113 152 139 65 87 72 7 113 160 28 99 49 139 106 42 111 191 86 63 17 174 104 126 110 40 200 140 40 112 6 177 119 126 83 67 116 70 192 139 137 1 186 
142 24 160 140 45 196 119 31 181 112 11 116 87 50 155 100 8 161 137 123 80 61 167 66 101 30 61 35 95 126 43 52 170 19 3 140 159 133 122 52 76 73 124 164 109 50 134 91 34 136 2 182 129 154 41 21 142 164 105 115 176 121 64 120 188 82 45 110 41 95 134 191 30 181 25 63 114 24 66 112 138 171 132 70 189 26 32 64 194 96 86 130 18 186 41 105 95 44 142 136 60 139 112 7 141 91 2 139 139 119 171 63 168 191 142 88 197 195 141 52 15 167 164 94 174 
10 28 46 144 38 38 65 176 90 105 108 140 121 4 97 121 42 128 89 79 164 187 18 199 130 122 158 77 93 133 36 10 154 33 39 88 33 198 168 49 45 122 193 60 164 96 87 34 110 76 188 11 8 131 121 25 106 2 48 76 34 103 174 68 88 68 85 82 61 25 119 98 14 115 170 123 84 107 80 186 175 161 58 100 56 106 91 35 159 58 10 160 95 42 16 153 150 7 87 156 40 192 49 174 92 166 44 29 62 166 166 159 146 42 63 180 93 77 107 32 169 200 145 13 44 
164 69 176 70 141 91 171 147 99 19 172 65 31 197 155 121 5 36 64 34 169 117 42 116 92 136 168 194 9 35 103 133 169 87 125 50 150 180 51 87 156 78 41 179 170 198 133 9 92 185 124 81 48 121 195 52 189 168 58 66 171 17 9 80 162 113 82 22 61 3 178 37 152 79 65 186 64 91 28 71 39 10 172 186 199 101 187 155 40 134 87 17 139 194 198 136 152 180 125 197 83 87 86 39 176 187 191 90 13 155 187 118 139 197 139 21 25 95 65 189 32 97 52 47 191 
189 183 188 150 104 80 166 52 192 88 23 112 158 179 1 153 83 43 7 84 159 57 72 10 131 164 77 79 21 13 70 15 28 76 160 170 111 155 12 85 111 39 119 29 50 152 71 191 154 149 148 8 83 179 171 32 176 136 123 93 172 172 49 104 39 55 184 7 31 177 197 92 79 171 44 28 62 37 186 180 169 53 182 79 162 27 66 1 33 3 112 177 104 181 92 75 91 130 159 157 57 61 132 42 167 11 163 181 132 158 135 2 182 178 110 83 108 189 82 79 140 179 165 146 23 
70 100 45 86 71 117 161 66 192 164 110 135 143 184 63 10 187 84 63 20 120 125 97 75 198 18 43 150 34 160 122 137 150 77 162 63 122 58 93 50 126 64 15 69 194 46 59 27 133 86 143 78 128 131 106 197 84 142 188 169 160 45 19 27 160 48 149 117 77 93 158 43 73 132 115 111 25 16 155 106 182 9 84 170 130 144 168 9 7 57 175 46 155 124 6 132 143 92 19 121 157 54 65 101 84 56 141 181 16 198 148 127 104 127 146 104 132 136 123 182 154 58 17 122 53 
159 33 192 6 103 133 141 40 10 193 139 98 98 175 52 58 20 88 77 39 70 8 60 8 4 116 5 61 158 136 126 135 26 123 170 86 76 19 180 136 36 45 119 97 43 80 34 110 4 36 101 17 98 106 122 153 123 146 99 101 15 170 6 151 99 51 165 137 34 145 68 77 12 180 8 55 178 54 17 103 165 194 163 199 88 31 17 196 188 108 39 199 120 1 8 173 173 105 153 129 26 4 45 62 14 51 189 5 1 169 181 149 40 86 29 78 101 156 196 105 145 4 77 68 109 
30 155 113 136 151 121 109 19 103 65 163 96 158 80 62 41 113 52 77 74 114 20 9 32 8 153 163 12 178 65 175 5 71 18 149 168 79 87 107 170 29 105 83 170 16 94 110 89 46 49 62 53 36 191 36 90 10 67 199 175 72 24 62 40 87 141 54 10 23 9 146 86 66 142 102 108 86 35 54 180 95 196 22 171 181 168 124 95 154 81 103 51 77 26 43 76 195 60 189 8 57 199 3 192 15 132 48 29 60 40 165 49 133 41 130 200 149 140 21 24 133 19 147 102 184 
186 6 98 38 118 120 179 144 42 27 33 93 85 49 69 155 7 154 161 69 140 112 137 44 150 27 164 170 149 109 155 144 166 119 92 125 71 193 21 92 79 139 104 2 130 79 115 187 186 67 111 91 172 66 88 85 54 199 187 134 166 110 150 108 62 133 94 2 176 82 76 129 29 75 54 24 112 91 101 23 1 108 96 104 160 79 184 43 189 43 185 83 75 110 38 138 179 160 160 184 188 27 64 141 197 89 127 47 121 106 181 125 42 21 70 26 24 141 12 172 79 31 68 49 60 
66 110 8 155 141 7 140 14 174 119 41 120 111 117 197 166 11 92 11 69 64 12 77 10 137 23 187 71 159 120 1 40 151 184 187 83 61 46 134 72 161 14 52 149 52 104 2 61 191 61 72 73 176 152 163 136 191 10 71 95 58 69 177 120 138 49 186 194 144 172 186 31 77 46 185 150 139 89 51 90 83 167 199 115 60 42 49 17 180 108 73 188 109 99 25 109 160 112 91 175 1 133 190 94 161 188 151 103 95 195 70 61 155 141 176 117 48 193 112 200 14 149 101 200 194 
77 30 32 93 5 165 60 59 170 58 166 177 48 199 184 84 166 49 62 131 177 80 92 50 89 2 105 120 107 133 194 111 64 46 27 169 153 189 80 93 96 50 120 165 117 63 15 23 118 156 142 144 14 133 100 40 8 69 6 105 2 158 77 162 181 68 121 128 128 100 133 93 146 51 177 116 87 159 99 172 63 134 26 23 98 3 152 185 136 88 138 57 148 157 174 147 160 52 37 12 68 164 196 114 68 178 4 81 106 180 177 155 66 166 115 114 107 38 56 170 143 71 188 136 59 
114 59 168 179 94 132 121 163 152 153 30 14 139 189 187 149 146 15 133 187 10 189 167 76 154 95 83 75 10 34 99 179 136 54 186 146 108 106 158 32 5 152 97 126 22 189 33 197 107 37 197 178 11 1 26 26 6 152 82 139 69 154 82 22 141 156 31 174 106 159 144 41 116 15 160 11 186 37 72 101 185 143 163 80 200 20 162 35 197 137 188 91 128 3 199 95 71 3 188 160 121 143 61 110 59 139 87 192 160 88 5 102 51 17 180 6 122 135 61 23 83 121 83 9 198 
88 27 19 132 146 91 135 46 71 160 9 193 71 76 112 62 140 124 58 80 185 160 124 135 15 49 12 96 145 68 120 148 98 77 180 43 72 17 171 52 187 136 172 8 85 26 199 155 76 65 67 18 116 146 77 142 50 50 13 177 9 32 160 129 54 95 24 90 179 6 70 41 1 198 195 125 175 39 86 116 29 19 130 138 178 58 92 30 14 30 136 90 192 90 144 39 64 18 67 45 11 110 82 147 34 18 193 49 73 113 116 146 71 31 61 155 12 174 157 61 110 16 42 133 142 
34 181 115 93 164 5 119 77 150 148 58 60 42 95 40 61 121 133 52 162 198 3 195 81 116 157 73 139 36 22 77 110 152 175 26 134 39 71 139 60 63 199 152 185 66 38 40 188 112 16 97 67 142 114 145 43 89 29 71 182 185 116 177 19 150 113 45 129 111 41 52 56 190 170 32 169 103 148 104 102 47 175 85 185 20 133 169 62 200 153 67 143 12 25 51 188 196 100 34 124 117 190 26 137 193 158 54 13 77 78 104 131 32 177 166 104 163 157 66 72 77 69 47 138 44 
89 149 14 59 92 161 198 121 48 21 177 107 113 110 181 61 22 91 14 139 96 88 194 83 144 187 184 56 170 58 61 24 172 110 30 104 78 141 78 10 100 180 114 139 102 63 141 43 197 125 94 48 78 135 54 1 71 166 148 112 60 126 149 165 169 8 193 39 123 60 87 122 197 75 95 29 182 21 100 51 175 164 20 113 43 92 161 59 160 184 194 3 188 58 166 70 114 146 80 199 73 103 165 145 56 175 28 126 191 60 128 5 56 176 22 121 50 169 193 195 18 113 108 166 141 
141 20 161 143 29 97 52 36 192 156 174 6 13 176 113 38 117 63 27 126 126 57 40 94 178 46 190 46 24 58 98 49 154 76 191 119 62 67 50 46 19 163 125 79 130 3 167 147 156 122 160 149 200 19 51 188 136 180 113 101 167 176 86 6 87 14 120 60 193 196 98 90 46 187 125 11 192 112 46 55 83 6 27 171 181 60 12 127 162 20 84 154 163 23 27 118 69 20 162 69 161 100 180 162 132 40 10 9 65 135 8 41 171 131 160 17 161 193 25 90 123 1 84 16 163 
115 83 99 167 27 54 137 59 24 6 40 187 18 199 169 86 177 161 45 113 127 113 23 13 1 162 39 25 51 100 101 63 103 198 181 181 44 148 172 170 155 158 88 181 172 167 87 57 68 62 152 59 34 45 8 126 46 148 164 173 178 12 56 59 111 179 198 25 18 106 139 171 176 23 63 57 149 3 173 138 61 175 125 93 89 25 107 161 95 90 176 29 145 117 29 101 192 194 168 95 83 112 56 188 199 73 27 149 6 71 130 20 181 193 55 81 114 80 111 169 97 144 129 33 50 
93 28 135 158 89 188 147 48 86 42 41 133 48 142 165 89 37 71 6 86 185 71 17 104 60 62 84 101 98 155 180 174 122 165 37 12 182 183 23 164 89 136 148 19 134 61 126 79 3 112 141 133 87 155 175 95 35 27 74 145 179 106 171 121 154 154 133 81 135 160 145 129 126 1 77 36 33 82 31 73 25 104 21 41 139 196 192 84 36 179 27 189 16 108 34 144 157 114 69 170 198 25 109 3 47 119 66 169 180 27 196 179 24 115 25 60 100 135 66 128 130 192 174 169 86 
174 39 34 118 6 19 25 142 26 118 42 114 135 62 76 173 60 169 180 62 116 144 86 128 59 103 131 20 60 130 73 199 88 192 150 65 54 129 142 173 11 108 6 141 173 113 199 147 128 181 72 139 150 134 17 101 136 89 173 77 80 53 104 145 139 7 159 144 41 46 107 188 134 45 133 110 130 92 6 69 165 162 37 56 11 153 47 197 66 39 161 26 64 55 135 178 15 24 56 144 195 159 57 75 57 69 129 62 70 31 168 15 125 85 108 51 98 31 9 189 58 162 9 122 117 
165 14 161 116 43 148 157 150 85 135 143 101 148 87 79 114 170 88 69 106 79 192 90 170 51 189 95 110 200 72 174 98 111 120 186 62 70 182 170 124 101 99 183 9 37 176 10 153 179 86 190 171 178 121 58 36 53 160 171 82 89 135 177 194 36 72 125 65 44 121 174 178 40 2 137 139 95 85 179 139 20 76 197 140 169 16 12 54 110 80 56 189 149 172 195 169 94 2 100 100 165 40 24 101 195 182 137 192 65 80 69 100 88 87 171 185 140 81 153 48 64 129 117 161 56 
145 146 115 138 150 43 88 140 162 69 177 148 164 28 9 191 67 168 151 40 40 74 164 42 119 124 32 38 144 85 188 94 152 127 93 37 3 184 152 131 186 98 80 61 78 178 141 11 181 165 73 175 53 86 59 99 176 6 23 13 43 76 200 190 179 70 35 32 142 63 86 26 111 26 134 68 114 102 150 146 107 54 92 4 50 7 66 97 59 82 184 152 169 114 83 95 167 22 86 45 167 80 78 198 153 34 120 163 17 106 149 163 162 147 200 70 86 52 160 65 75 42 141 159 105 
103 44 55 61 173 160 107 49 113 36 63 32 162 165 167 2 104 140 142 200 174 151 57 57 198 189 8 130 144 167 163 28 200 109 137 25 1 131 167 89 37 104 11 165 134 47 48 148 114 191 17 133 169 44 95 114 65 153 160 147 57 181 128 142 77 33 185 22 143 38 122 181 55 195 199 39 190 78 36 150 178 76 111 66 84 79 6 168 129 198 59 155 96 144 55 135 156 176 160 196 110 137 162 11 160 160 120 136 9 129 68 184 74 123 181 38 104 167 37 179 34 19 108 154 58 
71 111 198 114 35 41 76 101 168 143 166 45 53 193 36 173 109 43 90 111 6 170 192 24 56 57 100 165 127 21 167 32 89 145 173 169 133 187 62 12 36 73 121 52 134 52 29 20 117 2 22 177 93 86 20 57 116 111 71 33 18 194 51 52 69 30 184 33 28 159 56 69 76 171 91 89 25 100 87 46 57 68 177 29 145 195 190 78 18 80 85 170 125 140 161 98 105 28 200 176 77 185 150 50 68 92 82 143 135 63 131 104 26 57 88 114 41 160 159 69 10 110 138 118 7 
96 23 46 45 122 109 179 160 151 121 56 163 85 200 93 196 69 189 76 21 100 8 18 156 6 52 129 7 163 120 41 113 134 32 197 69 138 98 20 50 63 41 8 196 120 99 183 95 17 150 48 138 84 60 58 95 199 159 95 74 89 6 93 32 192 151 15 170 101 189 141 136 57 139 45 165 187 91 21 12 70 125 184 99 174 170 75 99 197 73 113 157 176 69 190 150 154 189 72 80 133 149 195 195 32 125 44 39 141 140 60 10 133 33 163 157 125 112 120 4 15 37 116 37 2 
14 173 4 81 102 136 36 131 179 12 13 5 63 163 144 101 50 17 149 64 144 151 82 26 72 41 22 128 180 132 35 140 184 59 36 120 179 198 171 174 140 24 62 167 8 46 84 199 113 147 158 66 101 108 126 66 72 186 180 151 81 33 132 195 18 200 145 193 138 51 42 35 179 162 48 113 168 109 180 151 20 190 71 50 168 127 40 57 164 12 161 155 98 33 5 183 164 132 46 122 144 61 136 117 58 118 79 160 107 34 42 13 58 102 199 115 66 69 123 53 122 13 151 191 168 
114 15 126 89 31 156 75 153 61 134 103 37 73 15 10 142 162 6 5 23 184 10 148 47 179 65 70 98 52 127 196 41 160 90 22 69 177 121 43 127 95 158 164 40 147 103 168 73 115 142 34 137 74 43 108 47 28 66 11 163 106 76 83 148 165 185 188 67 161 23 54 157 20 50 182 24 82 198 62 97 14 166 120 66 128 19 22 125 112 26 88 73 131 150 95 167 45 115 31 59 61 81 186 80 151 117 52 179 200 197 37 146 147 10 119 133 128 49 167 106 186 34 135 182 61 
69 78 191 120 117 95 165 156 162 6 153 88 5 81 50 113 164 45 5 191 45 21 93 75 139 117 188 112 171 182 102 180 189 184 139 139 96 35 159 137 69 174 34 114 80 193 76 135 79 39 196 181 80 18 155 131 160 110 12 129 60 14 63 58 120 20 170 145 29 72 63 16 8 118 83 110 163 39 159 104 150 43 46 145 62 142 4 155 125 134 178 61 66 185 190 120 173 14 84 71 122 92 41 45 168 156 54 25 43 185 61 37 87 122 78 119 152 56 156 92 48 108 152 144 162 
143 6 4 138 113 87 59 142 120 46 5 60 136 162 127 44 86 165 61 99 132 34 131 144 19 173 83 76 183 163 187 158 41 117 15 200 83 25 159 90 191 24 82 140 133 101 50 64 141 113 113 62 86 182 56 139 93 153 153 88 180 72 38 172 69 109 169 118 164 174 117 135 157 155 4 93 82 132 65 44 124 171 54 177 169 75 31 190 142 63 112 172 186 144 56 113 106 95 7 171 105 167 196 124 122 154 182 112 126 74 61 21 50 10 70 104 102 106 149 60 118 185 73 44 146 
171 36 71 24 136 146 118 199 82 153 157 79 146 111 177 73 39 50 159 153 176 129 78 183 98 154 1 58 78 78 191 170 55 115 153 137 141 45 22 131 109 80 69 194 169 194 90 193 85 189 51 69 66 192 24 113 84 106 137 120 36 141 32 124 77 62 111 36 176 5 154 36 78 163 134 79 46 80 21 161 119 91 58 154 78 96 31 44 17 188 57 156 140 70 80 28 53 199 148 90 167 151 84 6 103 18 197 92 82 157 85 28 157 181 176 104 67 140 54 198 153 151 1 93 5 
55 28 151 166 110 38 115 57 173 37 85 158 62 89 197 108 44 105 146 90 200 31 182 179 12 54 4 5 7 97 188 97 162 143 116 93 74 185 21 55 65 161 41 69 161 136 63 57 68 36 64 167 145 66 193 129 92 1 46 49 150 122 79 47 89 148 29 176 134 78 167 44 9 132 35 194 136 69 9 189 70 127 88 145 23 73 54 144 126 184 138 139 72 15 95 75 118 45 149 21 39 14 110 102 193 11 130 136 70 124 36 182 29 140 200 137 184 186 193 197 39 190 197 36 119 
33 33 77 110 109 66 36 119 20 64 173 127 86 47 105 17 73 44 79 86 51 85 149 37 183 44 147 149 163 98 65 10 163 123 172 176 191 40 63 146 190 58 144 140 133 199 175 159 61 93 184 80 49 23 60 16 57 177 123 27 143 4 83 74 6 116 123 151 47 4 128 42 108 189 97 142 102 140 121 80 89 43 139 120 157 22 138 88 186 187 53 69 200 84 54 142 23 136 183 161 159 16 157 22 193 180 124 124 118 12 127 10 13 131 35 67 164 65 95 15 190 200 81 141 63 
111 55 166 123 2 116 160 76 25 132 176 35 133 126 81 97 123 29 118 74 35 172 148 24 139 68 34 6 23 77 84 151 37 49 181 56 120 89 42 46 156 3 92 141 155 37 161 151 156 36 175 76 120 153 69 174 159 44 151 142 173 9 10 34 77 59 84 197 124 44 15 178 88 19 103 7 6 17 1 46 35 100 126 175 95 167 154 180 139 161 199 73 43 162 62 113 189 191 38 43 75 51 94 189 117 54 75 15 172 49 180 11 148 92 15 196 146 112 144 135 163 81 14 147 83 
130 11 10 16 199 74 55 133 46 65 32 64 136 79 199 98 48 183 53 132 184 28 189 162 189 188 106 62 2 180 154 192 70 23 6 77 1 7 50 89 147 40 133 42 65 167 92 116 155 190 24 27 51 60 151 153 67 56 75 165 200 15 17 158 61 68 172 185 164 82 78 17 100 136 152 154 102 129 107 30 120 150 194 162 44 185 101 175 85 137 53 39 162 159 90 132 21 179 37 154 54 88 6 165 140 37 21 128 95 98 9 81 190 90 45 105 118 182 146 91 97 41 122 109 177 
67 157 114 183 19 152 157 138 3 159 26 122 79 109 70 52 19 164 4 91 166 56 67 3 40 72 161 40 96 196 151 52 36 199 69 6 101 85 26 138 152 40 100 166 152 36 154 69 193 41 170 133 99 130 141 8 195 50 34 101 97 190 51 144 144 131 78 88 193 106 160 122 127 80 196 81 67 43 141 175 184 157 92 113 75 144 112 131 136 12 108 98 27 70 53 102 1 160 19 194 47 49 131 166 151 113 187 131 88 22 17 91 99 42 118 156 70 171 38 103 29 96 12 38 184 
21 16 81 161 100 158 77 68 193 21 132 91 109 79 21 136 34 69 103 46 120 41 173 45 51 150 183 87 8 28 72 85 16 5 171 102 9 179 107 110 109 79 75 147 96 117 184 75 178 41 165 128 171 30 56 102 36 41 102 7 17 81 139 82 20 42 127 110 36 157 193 181 115 78 56 196 194 81 24 97 63 138 170 128 134 51 85 138 35 30 180 115 172 189 146 72 31 70 12 79 134 61 9 137 113 198 66 24 161 60 108 13 29 122 114 148 15 149 93 170 163 73 134 179 26 
184 35 26 81 62 72 42 106 6 120 147 130 20 72 163 198 33 6 122 184 134 101 163 129 30 25 152 146 43 100 123 103 132 67 117 159 154 157 178 174 10 96 132 147 158 174 15 116 172 95 26 154 29 91 196 174 134 124 151 103 105 54 50 157 6 108 28 5 140 44 104 71 187 150 47 180 36 184 42 107 120 73 155 15 23 92 100 173 77 140 197 180 101 192 16 8 160 29 149 61 194 99 25 184 187 151 62 164 122 144 18 73 127 60 159 190 198 7 124 150 185 118 123 35 58 
158 24 172 181 79 6 6 79 183 179 133 97 17 86 108 43 2 87 146 147 19 200 3 85 144 30 61 179 86 15 75 95 168 4 154 75 23 177 104 149 85 183 16 71 94 59 108 29 29 176 72 138 129 58 32 105 93 20 174 62 60 136 107 3 94 37 40 167 123 148 133 87 67 106 7 89 95 107 36 122 147 42 111 109 3 134 38 80 164 97 67 162 103 34 54 65 61 160 85 168 66 153 179 47 163 171 69 120 23 19 176 80 3 117 114 185 95 43 88 13 177 49 54 74 91 
117 139 54 95 77 112 141 40 95 181 125 27 162 127 76 150 180 180 45 180 9 129 12 171 99 138 151 191 21 177 109 179 4 112 148 81 105 173 118 22 170 188 101 114 96 28 142 120 149 144 127 168 40 49 88 42 181 9 149 47 193 190 100 35 112 44 173 139 6 42 182 108 164 183 2 149 109 172 123 147 88 26 90 33 131 35 187 103 28 199 152 126 116 64 128 4 75 141 47 179 85 140 63 64 83 196 191 135 2 18 48 37 187 90 21 41 87 186 153 75 33 189 68 21 104 
8 21 113 101 81 71 172 135 9 113 99 194 152 183 100 87 187 86 114 142 152 40 73 44 69 78 200 65 185 32 183 58 54 17 51 110 158 142 51 89 21 130 61 172 140 60 130 14 144 192 82 123 99 21 169 157 200 96 71 32 132 197 7 85 150 74 38 166 23 48 87 170 69 20 150 31 178 112 5 60 75 98 41 174 69 63 26 172 50 148 119 52 67 143 162 101 150 109 40 60 84 163 46 145 158 177 98 47 97 172 63 137 8 154 22 51 41 43 24 151 71 73 76 63 164 
70 81 136 155 87 85 90 67 120 73 60 117 129 131 197 34 137 39 57 167 21 72 56 43 64 24 102 32 151 54 31 148 87 185 36 58 21 152 136 161 133 18 102 145 84 167 175 76 165 133 15 136 138 155 199 175 191 152 14 86 145 104 16 87 127 136 56 158 141 127 161 127 161 69 126 44 1 158 75 120 2 14 165 13 41 139 185 185 3 24 114 49 127 123 40 108 18 42 12 155 193 194 32 36 33 29 66 124 13 122 83 175 56 114 91 72 137 93 152 98 149 156 116 166 101 
160 125 192 161 162 200 129 109 146 150 167 91 173 171 30 108 22 97 175 174 54 134 139 195 69 7 138 106 90 125 109 157 23 108 159 82 193 115 1 163 109 86 158 88 117 35 146 2 172 86 101 136 189 158 6 91 61 115 146 134 67 28 4 32 183 129 116 83 65 157 173 9 147 154 111 109 112 117 183 62 66 66 175 26 136 98 13 163 124 121 83 79 3 178 4 54 118 166 143 136 196 125 187 155 76 58 115 178 112 111 165 47 96 200 81 144 196 44 149 179 69 66 56 130 31 
75 77 157 146 167 52 41 162 35 172 199 107 79 101 7 110 76 47 115 31 90 133 63 194 29 84 60 179 95 58 27 123 57 25 19 126 198 13 131 47 98 106 56 92 44 145 65 78 172 5 33 99 148 143 16 175 153 172 87 171 197 140 148 99 25 185 15 124 4 149 90 86 34 189 86 120 189 174 32 196 33 7 10 15 103 117 90 54 50 141 34 31 187 9 4 3 43 40 178 139 151 195 112 3 66 71 138 62 73 13 70 166 2 83 99 170 91 196 129 124 9 194 48 53 74 
140 84 87 57 5 67 103 57 127 125 161 120 40 139 136 145 95 30 100 101 5 193 96 109 119 25 163 161 20 74 37 107 31 68 40 123 187 159 159 78 131 10 21 66 188 123 113 16 87 132 190 142 141 143 57 184 108 114 92 110 94 5 19 105 37 6 135 99 93 46 33 5 198 178 124 44 24 106 108 40 163 6 28 26 153 97 168 62 131 61 194 18 17 160 58 129 126 25 116 131 55 112 164 107 124 141 173 70 134 69 123 159 65 170 99 122 137 112 21 128 138 78 63 6 111 
51 169 72 132 174 185 124 70 169 112 28 128 80 85 172 130 48 149 138 97 42 30 60 128 53 180 160 20 26 160 194 156 194 121 126 52 35 173 134 54 39 95 146 45 26 6 200 142 96 94 34 180 48 179 135 198 114 97 117 177 63 173 77 64 139 192 178 7 200 194 127 172 147 16 41 153 76 63 10 168 131 51 196 175 137 107 172 5 111 162 89 143 119 92 72 185 52 49 24 147 7 107 176 43 163 65 124 49 55 195 138 194 60 86 117 168 139 99 26 136 8 197 43 86 56 
31 80 86 27 88 56 88 4 199 166 76 164 114 199 52 53 106 89 96 14 114 146 17 104 99 68 12 108 45 187 58 104 118 157 168 187 81 75 130 121 75 198 139 192 59 96 12 33 174 4 173 50 170 171 101 26 62 78 99 56 107 43 154 85 155 194 3 32 53 91 126 172 40 137 132 137 164 115 180 123 83 78 94 169 200 153 185 110 35 52 133 120 66 16 91 104 123 136 168 187 170 39 12 63 14 19 6 83 155 190 46 188 18 186 117 133 157 173 122 57 114 59 177 40 95 
66 57 151 124 112 169 43 176 129 130 79 160 155 99 64 113 109 93 75 95 94 23 94 161 101 166 24 44 180 182 199 118 122 65 88 94 158 199 31 134 162 13 129 4 132 177 43 112 69 92 40 30 15 40 178 132 81 29 137 50 106 152 157 79 84 18 71 84 155 122 82 7 116 199 2 83 21 89 56 192 190 194 131 31 112 178 113 29 14 164 83 51 75 37 142 108 30 55 79 38 133 56 50 37 71 23 32 3 75 71 191 156 44 81 131 26 124 93 67 87 143 145 117 77 3 
192 183 90 104 148 119 121 10 35 89 48 117 65 126 20 182 16 158 37 77 99 137 184 68 92 44 14 110 23 164 123 73 71 48 52 78 84 67 37 163 66 48 57 199 119 112 145 54 118 180 185 97 50 7 64 56 8 174 150 44 126 132 83 77 146 171 180 6 22 134 127 185 195 117 104 162 17 45 27 21 157 15 196 13 124 50 111 126 59 193 89 28 152 35 187 14 63 117 10 188 95 196 37 107 181 108 92 135 103 196 180 77 82 175 160 84 20 140 65 49 154 75 20 111 76 
63 192 162 97 131 36 128 26 19 156 94 13 146 161 134 196 67 117 20 198 89 58 100 54 53 116 184 190 38 59 55 36 38 132 93 143 74 19 29 150 182 19 174 99 173 158 124 6 191 164 88 127 138 16 175 75 47 53 66 105 138 101 9 113 47 57 41 45 63 74 84 19 160 82 159 85 122 192 151 152 114 1 81 117 179 53 198 166 20 155 51 66 79 72 82 197 193 129 16 143 57 39 163 158 56 160 195 86 95 72 50 35 106 88 143 186 182 192 36 40 7 156 190 97 163 
162 26 144 112 193 2 56 3 143 58 20 120 143 29 198 164 36 44 191 146 33 99 127 86 145 113 30 111 184 11 171 136 17 120 66 187 178 189 173 97 10 91 151 105 81 44 17 115 18 21 130 41 158 53 3 182 88 181 116 182 150 65 96 101 176 146 39 125 117 48 172 135 8 129 16 18 84 168 25 102 48 143 67 77 52 83 157 191 131 150 23 20 173 181 76 174 73 25 170 134 67 87 104 124 134 7 189 192 197 19 45 66 100 28 73 178 111 52 16 25 149 33 24 78 189 
180 124 146 126 109 162 62 29 169 172 65 30 64 131 86 149 11 189 102 166 98 92 169 197 176 185 110 28 176 90 34 67 191 186 92 141 91 96 9 59 137 89 34 166 76 166 142 17 84 117 183 122 62 155 99 120 73 92 41 152 124 79 58 159 23 159 152 192 141 163 131 56 152 112 160 35 181 95 54 118 152 56 199 142 72 50 107 22 52 39 14 71 140 175 14 180 104 187 75 4 62 157 18 132 4 40 114 21 72 70 129 111 100 197 150 18 10 187 173 23 175 1 33 65 63 
198 122 170 92 16 140 191 54 56 85 73 65 112 4 66 24 71 86 146 133 142 146 63 191 172 91 133 108 135 54 54 22 89 118 34 142 1 29 76 164 105 47 121 101 19 57 46 15 67 101 89 164 79 98 24 44 179 200 157 85 28 48 2 51 107 56 155 105 125 144 50 158 87 159 77 112 106 72 159 68 51 159 181 134 153 181 123 7 64 102 172 159 199 13 142 165 152 9 7 107 72 171 117 87 68 12 27 58 143 53 174 50 67 57 95 1 21 105 174 127 72 137 53 173 93 
21 196 178 124 78 176 36 23 140 137 34 22 81 114 182 192 25 83 188 59 145 120 28 44 65 123 174 107 100 76 159 189 190 175 33 105 165 154 121 53 80 109 186 137 50 197 61 188 170 109 76 96 176 63 84 196 192 181 177 100 106 136 190 152 106 45 65 128 154 110 14 188 73 38 165 158 26 150 56 30 40 40 99 168 170 2 64 76 78 26 115 113 151 114 104 91 70 52 121 151 66 81 3 133 22 38 22 115 176 146 67 159 92 66 71 169 25 76 9 20 141 151 8 105 159 
183 14 177 195 83 144 180 187 61 68 147 40 42 187 71 1 99 186 118 2 2 29 24 20 82 59 33 137 166 45 182 83 40 51 176 192 75 194 190 105 127 180 1 137 119 129 110 187 196 84 132 91 4 115 22 191 148 124 115 70 113 195 122 88 111 39 13 147 189 169 31 70 71 98 134 28 127 160 126 162 112 157 25 61 66 24 159 104 172 163 53 112 46 134 7 133 169 121 165 180 153 187 116 61 56 122 189 148 51 100 138 100 156 115 40 155 118 99 49 129 198 177 80 23 145 
183 138 180 91 137 62 120 72 140 189 135 172 71 172 10 74 117 177 74 87 91 26 120 124 126 45 79 44 150 152 114 176 132 19 188 33 107 95 27 122 162 164 113 175 168 98 110 48 99 85 43 20 83 174 75 144 139 155 93 165 121 84 97 150 128 100 134 123 6 112 18 140 119 121 165 17 96 179 16 147 158 100 100 124 60 174 173 71 45 132 191 89 123 65 140 9 108 170 54 179 137 180 113 179 174 130 197 65 12 45 139 14 1 94 183 134 185 159 40 135 23 89 175 177 73 
25 94 199 107 108 40 166 200 80 118 127 87 8 11 64 19 196 41 109 170 99 61 42 165 89 69 12 12 175 58 179 172 83 145 34 128 193 74 163 75 162 186 44 184 88 147 135 28 53 83 23 187 95 172 170 112 10 70 127 103 190 4 26 26 56 178 55 40 75 165 168 194 111 162 110 71 184 15 23 143 121 63 118 193 116 69 81 112 101 169 80 101 42 188 125 151 22 39 127 122 133 49 131 176 58 27 166 78 102 148 186 123 87 196 94 153 22 106 38 124 120 52 153 30 22 
162 192 86 110 97 173 98 56 84 125 80 14 112 30 97 154 134 116 14 54 138 114 43 128 15 130 113 98 149 75 181 69 43 30 153 1 74 125 108 35 133 178 180 69 200 172 179 41 103 109 6 120 109 24 125 32 98 1 19 152 89 53 32 188 158 76 82 65 194 101 38 51 138 165 108 166 98 108 90 16 47 64 156 42 130 132 182 49 44 190 162 37 173 183 165 96 174 107 33 16 186 150 98 170 117 88 44 86 87 56 122 5 195 143 101 51 169 115 169 125 108 134 118 60 43 
