150 2
0
1
1 224 168 1232
2 836 159 518
3 997 150 1297
4 1301 200 2501
5 1515 150 1215
6 1546 48 1834
7 1609 81 1771
8 1640 122 2372
9 1821 146 1821
10 2416 49 2514
11 2674 30 2734
12 2684 77 3300
13 2934 50 3334
14 3324 63 3576
15 3395 28 3563
16 3399 163 3073
17 3439 148 4327
18 3480 146 3772
19 3678 72 3534
20 3698 53 3804
21 3955 81 4279
22 4089 41 4171
23 4140 51 4344
24 4636 198 6220
25 4663 149 4663
26 4725 92 4909
27 4793 128 5049
28 4828 177 4828
29 5463 104 5671
30 5479 1 5481
31 5488 94 6240
32 5516 8 5516
33 5594 57 5936
34 5824 51 6232
35 6025 135 6565
36 6042 184 5674
37 6096 117 6330
38 6118 158 7066
39 6361 122 6361
40 6399 64 6399
41 6438 70 6578
42 6438 163 6438
43 6533 69 6947
44 6937 106 7149
45 7087 127 7087
46 7245 170 6905
47 7294 22 7338
48 7658 176 8362
49 7993 161 9281
50 8070 108 8070
51 8189 89 8545
52 8340 7 8354
53 8496 18 8568
54 8608 76 8456
55 8738 19 8814
56 9580 165 9910
57 9618 195 10788
58 9769 47 10145
59 9784 131 9522
60 9996 64 9868
61 10055 143 11199
62 10291 133 11089
63 10641 91 11369
64 10729 13 10703
65 10736 77 10582
66 10882 80 11362
67 11049 142 11049
68 11212 19 11364
69 11375 109 11375
70 11416 72 11416
71 11460 4 11460
72 11513 89 12225
73 11577 46 11577
74 11856 62 11980
75 11945 32 11945
76 11970 86 12658
77 12032 45 12392
78 12261 29 12377
79 12299 133 13363
80 12409 138 13237
81 12440 13 12414
82 12466 37 12762
83 12472 130 12472
84 12571 104 13195
85 12734 75 13034
86 12773 61 12773
87 12820 143 12820
88 12851 140 12851
89 13119 118 13591
90 13259 101 13663
91 13467 180 13827
92 13595 157 13909
93 13684 132 14476
94 13920 30 13860
95 13943 65 14203
96 14077 82 14405
97 14143 9 14215
98 14285 68 14829
99 14343 42 14679
100 14463 9 14499
101 14679 125 14929
102 14697 114 14925
103 14705 84 15209
104 14730 92 15466
105 14790 49 14986
106 15052 163 16356
107 15196 107 15196
108 15706 46 15798
109 15889 82 15725
110 16125 149 15827
111 16190 72 16766
112 16438 176 16438
113 16576 118 17520
114 16645 26 16697
115 16675 75 17275
116 17148 70 17288
117 17214 144 17790
118 17215 143 18073
119 17367 120 18087
120 18010 154 19242
121 18041 60 17921
122 18089 103 18295
123 18128 101 18128
124 18175 98 18959
125 18204 174 18900
126 18444 197 18444
127 18571 25 18671
128 18584 172 19616
129 18791 48 19175
130 18847 41 19011
131 18926 10 18946
132 18943 199 19739
133 19089 36 19017
134 19236 184 19972
135 19307 57 19763
136 19540 50 19840
137 19573 80 19893
138 19624 169 20300
139 19672 31 19796
140 19729 13 19781
141 19755 200 19355
142 19771 180 21211
143 19938 61 20426
144 20071 15 20191
145 20142 96 20526
146 20151 7 20207
147 20236 108 20020
148 20619 14 20647
149 20667 190 22187
150 20921 84 21089
106 25 113 170 107 135 4 19 6 13 74 189 69 112 74 179 43 192 146 155 38 171 63 61 110 107 63 120 12 190 11 36 83 133 71 21 38 148 57 194 100 107 39 15 93 40 78 67 48 135 160 153 34 125 32 190 35 124 170 143 165 195 73 125 151 56 147 184 72 196 36 57 137 163 92 63 189 148 97 157 76 61 58 136 33 129 47 41 195 55 68 32 4 176 78 150 49 171 9 123 116 75 177 13 85 181 99 53 92 179 95 32 5 14 130 178 19 12 104 192 100 13 139 25 60 43 185 162 95 100 11 68 132 5 159 23 48 141 104 30 144 127 164 141 38 75 38 89 25 31 
94 110 76 49 4 92 100 72 117 7 60 166 173 91 190 105 163 175 197 172 25 131 13 188 11 129 82 147 169 199 119 89 190 87 77 73 16 13 148 5 156 59 103 149 183 178 32 42 29 110 64 196 55 59 168 58 16 152 144 21 96 126 101 147 153 150 114 4 97 74 30 43 117 142 170 165 88 76 185 138 83 139 128 2 199 192 142 61 124 85 48 162 12 170 64 162 173 192 107 182 92 113 23 10 16 148 14 30 39 170 154 158 102 91 87 184 60 50 115 179 189 73 31 135 195 141 160 65 102 191 133 130 52 130 1 14 116 99 108 76 17 101 48 139 32 136 96 46 71 69 
77 85 149 186 153 185 110 189 173 155 119 193 165 136 88 166 82 142 159 46 43 13 157 16 104 123 80 98 53 77 80 51 29 24 152 143 132 164 17 167 86 79 101 167 75 132 70 142 94 111 63 30 115 161 81 29 107 74 75 2 28 56 9 170 26 40 60 172 164 168 39 24 53 45 52 144 55 200 158 116 43 17 130 170 136 124 12 188 48 37 146 109 125 47 91 35 49 113 73 183 79 165 128 125 190 185 61 27 32 126 9 181 45 108 109 28 192 34 188 13 87 28 192 200 64 179 53 28 160 128 153 8 182 134 45 151 32 39 119 55 98 45 62 61 126 1 186 89 26 177 
153 17 161 130 118 51 99 92 195 54 34 1 189 77 37 83 145 118 67 14 48 85 154 173 195 176 53 84 80 86 181 140 62 46 82 158 151 13 194 23 38 121 132 103 93 66 159 67 5 128 157 109 118 10 165 39 13 89 161 75 117 178 45 110 173 129 123 18 67 63 3 39 58 62 48 164 89 137 56 193 39 116 95 87 104 38 71 94 65 1 82 134 18 145 57 127 6 74 108 142 86 55 162 41 194 113 153 108 123 158 82 18 150 59 134 73 159 159 102 56 58 16 132 75 158 60 193 108 89 87 60 95 58 134 83 106 147 157 139 75 65 30 72 194 196 175 38 93 4 199 
59 18 195 78 30 156 151 32 118 112 106 94 19 12 26 135 65 174 60 29 163 186 153 199 11 190 13 136 138 51 37 154 24 176 130 195 62 86 160 65 100 108 16 157 44 177 13 167 80 95 12 155 75 48 29 63 54 79 38 119 72 187 34 192 1 152 165 107 65 114 64 64 133 88 7 196 180 109 40 190 169 46 101 52 149 139 50 109 58 78 127 85 144 156 114 197 93 10 96 21 91 176 52 36 145 38 36 178 93 9 157 54 3 163 171 176 103 194 109 98 17 131 35 154 175 183 191 145 95 88 178 93 69 80 121 10 10 63 152 27 38 131 114 47 136 182 108 177 161 5 
31 62 183 129 136 175 80 99 37 130 99 185 153 92 1 73 194 117 126 25 11 116 141 39 12 25 29 118 78 45 46 198 21 154 170 14 101 127 170 52 4 150 110 36 119 38 82 102 37 117 83 200 149 147 99 71 59 42 111 149 38 37 150 60 182 129 148 31 14 136 173 168 184 51 193 34 15 99 187 10 178 128 26 70 130 175 60 176 180 174 144 83 31 110 181 49 3 135 94 153 115 130 171 120 15 8 111 7 123 64 121 94 29 110 39 45 111 59 106 92 120 76 42 73 49 182 61 7 65 51 67 111 10 16 59 184 71 145 62 33 160 152 45 64 50 179 88 57 117 199 
73 129 40 153 89 21 117 40 25 133 77 46 183 101 18 57 118 77 17 78 111 117 165 60 159 73 14 184 166 186 34 22 146 125 85 104 40 42 163 112 137 77 173 152 83 14 144 137 161 151 159 2 49 123 32 51 29 82 153 116 176 168 139 86 82 180 88 176 38 124 2 131 170 35 159 68 38 101 157 87 132 82 198 153 199 199 112 127 155 77 77 96 181 79 140 86 191 117 102 102 71 18 71 53 108 63 104 22 73 193 119 143 105 106 107 163 171 44 112 59 50 128 127 35 42 22 192 159 172 143 167 151 61 35 196 152 15 62 101 18 100 23 63 66 167 49 76 38 34 13 
185 147 185 63 184 91 114 194 182 97 66 164 38 21 161 90 75 115 181 21 14 167 47 145 137 121 41 38 158 99 85 44 9 35 77 175 120 146 26 114 72 30 173 73 58 20 50 149 16 55 179 28 157 12 159 59 45 32 176 184 30 75 187 103 24 70 161 195 57 6 98 15 10 89 147 15 151 71 158 52 90 37 19 51 72 146 16 159 50 101 31 177 172 64 148 124 34 15 158 23 137 40 27 51 24 74 189 68 17 141 108 162 110 131 95 152 89 80 72 77 132 45 164 138 142 26 10 12 27 119 24 163 174 131 48 21 176 88 27 117 23 173 126 76 34 195 134 46 101 134 
79 194 153 104 36 64 5 116 46 173 109 104 50 143 17 24 126 192 152 14 109 60 78 71 9 53 67 17 162 31 152 147 172 104 17 121 112 98 23 136 132 35 193 71 144 49 198 99 37 182 108 86 114 161 69 31 191 34 198 165 96 23 102 81 49 173 194 186 44 55 8 15 68 47 129 3 35 136 172 33 164 147 3 191 175 80 46 115 73 85 152 21 102 44 168 75 174 90 174 148 196 92 184 160 186 60 62 108 103 121 183 128 123 127 43 34 134 36 44 191 108 192 155 136 91 101 15 41 151 86 138 200 141 30 21 95 44 143 99 189 56 133 40 152 27 196 113 184 13 197 
175 102 167 64 141 97 182 51 173 57 125 109 122 172 5 82 32 12 185 170 143 118 192 81 173 80 50 170 197 129 74 98 1 143 70 114 114 122 13 157 14 42 76 152 131 175 129 141 151 127 135 29 187 197 110 97 21 102 53 156 12 63 164 127 80 26 55 148 34 20 105 168 97 114 95 191 161 131 114 28 166 69 1 160 139 53 64 77 85 89 117 52 3 18 147 147 125 148 148 144 6 187 97 143 6 33 147 195 19 144 44 33 18 139 171 94 66 46 42 193 7 77 44 33 2 132 56 187 83 105 186 3 32 168 159 146 158 79 133 94 143 57 61 188 151 124 116 147 27 71 
156 191 132 24 111 200 170 69 61 191 98 163 21 79 5 34 86 98 55 39 38 148 162 106 2 156 93 85 88 7 62 75 178 85 131 39 143 116 143 184 17 161 12 58 16 12 8 16 177 80 119 25 13 110 74 191 96 75 180 92 39 29 1 170 138 2 128 71 154 107 85 13 10 172 72 170 105 173 157 26 91 182 1 83 102 198 49 90 55 92 150 41 112 147 178 194 105 84 79 27 63 79 137 10 42 171 113 22 59 137 103 134 190 11 66 25 192 42 93 192 146 134 108 104 81 126 158 80 11 17 3 183 169 6 154 62 106 23 121 6 109 149 164 41 139 163 94 191 98 47 
24 143 59 15 55 24 12 34 123 75 95 154 99 96 59 101 73 23 196 166 178 133 157 101 185 42 104 170 188 31 172 1 28 39 142 159 100 147 64 29 35 68 138 199 47 50 87 121 8 187 81 53 71 57 196 124 135 129 97 67 13 74 160 108 23 68 78 141 31 156 44 182 155 93 78 101 78 103 75 103 90 84 179 184 136 22 18 140 166 199 123 63 33 29 160 181 200 139 56 114 34 159 180 42 56 57 28 82 176 69 90 29 102 168 98 52 195 14 44 60 175 189 95 48 32 130 73 61 185 113 99 134 42 66 131 18 186 89 142 149 59 181 65 30 72 77 18 150 133 116 
95 83 194 141 106 183 96 72 137 62 88 45 148 189 5 170 191 122 130 82 170 37 173 193 4 127 42 145 127 136 22 100 28 133 159 84 160 120 72 119 76 106 91 15 190 153 143 110 118 69 114 146 20 170 30 49 96 20 30 62 172 152 161 118 52 137 108 109 155 12 183 159 195 195 189 52 34 40 128 23 136 88 133 101 50 117 145 83 130 103 60 91 56 162 117 115 116 198 22 151 144 126 73 47 171 184 68 111 55 142 185 183 97 109 126 80 46 37 105 147 95 90 130 40 118 37 164 55 76 53 184 95 99 156 129 130 54 85 98 1 193 139 187 33 16 31 57 177 79 89 
50 80 73 155 142 183 183 45 45 133 76 151 75 145 15 59 23 183 10 117 80 193 162 142 180 46 144 178 18 122 123 132 78 155 36 163 118 190 18 118 121 196 27 33 67 116 99 132 78 69 26 107 91 13 31 85 137 31 41 110 184 166 105 23 116 148 176 95 195 75 133 76 119 171 155 10 8 196 151 103 50 98 68 151 154 196 45 195 113 15 162 42 77 28 98 142 68 190 95 126 165 200 182 135 107 199 158 175 83 153 139 107 115 63 118 154 115 72 7 71 92 14 70 133 6 39 78 14 45 137 173 186 153 197 103 64 153 145 105 102 186 5 187 146 45 107 57 173 88 61 
35 64 181 117 135 121 105 6 88 182 53 149 22 188 90 9 64 160 50 51 21 192 19 133 16 164 197 8 48 8 169 135 152 186 189 162 129 14 36 87 102 162 174 122 135 59 12 101 178 144 150 195 2 163 80 56 10 159 121 152 195 197 155 66 58 162 134 61 15 29 24 159 2 23 163 26 50 52 1 97 133 92 108 147 91 17 148 37 35 179 15 131 87 147 161 90 68 137 119 32 83 200 113 163 6 136 67 96 189 146 24 53 114 162 102 137 43 35 148 7 88 117 103 154 51 64 114 95 53 135 126 42 61 142 6 33 194 90 101 74 194 19 89 136 111 22 59 183 165 102 
77 149 51 145 71 168 183 28 16 151 27 190 123 54 3 118 1 115 183 42 187 54 112 118 8 140 25 136 74 146 181 50 60 183 12 21 70 103 163 3 36 164 129 148 1 89 151 200 128 25 147 3 154 121 95 40 75 22 146 142 120 199 159 51 181 97 112 4 103 110 8 14 120 30 117 26 60 27 168 72 57 41 8 169 191 162 191 77 17 7 163 156 126 38 174 193 124 157 102 162 190 128 81 62 81 65 23 5 162 183 191 69 47 129 39 158 58 182 113 10 26 79 134 104 59 65 181 4 3 15 114 112 200 176 14 61 52 5 196 86 43 183 53 5 68 144 132 132 144 148 
147 86 35 80 191 111 162 31 45 133 119 183 97 47 169 96 106 99 200 75 29 166 80 56 24 133 102 88 18 112 73 54 7 1 166 118 145 145 137 88 73 61 152 25 126 46 29 42 176 103 17 38 3 191 112 38 10 43 177 198 18 67 115 85 125 86 128 5 84 160 132 92 17 60 72 101 172 135 32 195 79 73 180 144 80 121 184 166 190 163 76 165 64 34 8 132 113 167 64 108 124 158 13 56 55 2 158 145 18 76 146 52 69 98 162 140 190 30 20 178 33 21 183 184 165 32 35 113 185 177 135 82 194 169 114 177 176 93 99 159 81 144 7 87 13 186 178 89 49 29 
38 196 124 13 52 156 192 121 93 163 47 14 144 172 76 193 97 183 116 101 100 16 117 99 152 136 123 186 200 73 92 59 171 80 182 54 136 8 120 99 17 84 87 13 10 178 196 130 77 85 197 37 98 164 20 167 167 57 83 93 73 3 5 197 48 145 105 107 185 100 61 186 86 151 168 200 65 109 79 53 45 3 22 17 149 200 33 33 109 78 152 181 37 80 71 9 61 22 90 184 41 29 7 66 18 39 10 49 96 109 126 21 60 72 124 33 9 100 114 143 174 191 135 173 91 12 104 64 191 199 100 145 27 27 168 22 96 104 34 127 23 56 130 134 14 62 6 54 5 118 
37 197 87 160 127 20 47 50 177 153 173 145 35 152 10 115 45 179 100 119 128 11 191 158 200 48 5 170 96 126 195 173 186 177 35 103 4 39 158 120 151 92 170 187 185 37 198 96 156 143 197 166 178 115 138 58 143 3 90 191 182 43 84 164 84 72 114 32 105 102 183 182 91 83 182 15 91 4 4 172 47 21 42 38 33 156 62 170 180 191 59 99 167 45 196 136 98 100 183 82 175 137 102 49 123 11 24 118 161 4 34 47 88 163 20 37 61 171 18 40 23 166 181 32 199 50 55 81 120 53 145 11 110 44 140 180 36 126 196 90 123 96 195 163 68 188 11 37 46 110 
32 10 51 72 136 166 24 18 93 162 75 152 83 141 181 51 107 149 169 152 84 131 110 106 68 82 153 135 118 191 150 199 182 12 153 102 91 43 14 25 23 180 38 134 44 59 39 91 78 60 64 97 150 77 60 1 92 110 108 101 150 150 194 149 67 24 93 178 13 194 166 157 77 21 61 172 75 57 123 183 150 98 196 187 163 94 111 144 99 16 159 194 26 199 64 47 21 89 1 141 191 5 54 6 48 7 193 70 194 32 175 54 147 52 164 22 7 74 49 171 161 126 116 200 160 97 153 57 112 61 131 54 107 194 31 185 81 46 73 58 182 61 177 27 129 130 54 125 69 188 
72 103 185 157 94 101 199 162 161 42 99 153 131 160 74 119 138 111 84 138 156 184 111 198 91 19 151 154 110 34 146 89 107 18 10 89 60 60 12 116 17 4 127 36 94 67 56 192 83 82 106 110 186 16 192 153 194 3 175 46 183 199 14 89 58 88 58 169 178 185 198 54 8 69 163 181 45 118 129 112 76 171 127 131 91 58 177 14 177 39 22 195 82 75 171 76 65 133 120 122 68 107 136 170 68 99 190 64 171 170 128 10 95 142 110 131 69 74 105 54 190 19 8 169 99 24 68 131 72 1 188 139 41 181 145 97 77 117 166 49 162 101 175 199 19 191 38 159 169 77 
121 56 190 23 55 86 180 194 195 121 177 118 13 125 17 32 41 19 152 155 101 76 197 34 90 60 55 20 94 118 103 36 53 45 165 2 143 179 91 167 150 95 4 158 101 73 10 152 190 1 88 118 118 170 73 92 200 135 106 74 162 91 80 147 100 124 154 77 153 120 195 77 20 4 34 14 194 141 18 189 19 45 78 138 94 7 199 55 74 5 35 127 4 61 133 63 163 19 126 62 161 55 1 104 32 152 124 18 35 75 145 13 119 193 108 121 17 124 122 32 197 38 125 157 38 5 56 97 51 7 198 179 173 97 128 70 32 104 72 186 98 25 162 200 45 119 191 190 28 161 
24 99 153 111 184 96 90 129 106 17 125 117 109 159 188 57 80 169 51 183 153 186 53 105 165 111 119 89 64 63 127 84 69 30 139 166 73 29 54 193 125 131 80 13 113 43 20 59 112 193 7 127 186 108 152 167 66 102 11 157 89 32 109 9 184 158 50 177 39 128 8 113 43 115 110 22 181 93 4 20 105 119 118 170 147 22 174 152 177 79 155 60 46 159 40 131 130 120 176 69 62 153 89 5 117 110 191 135 183 36 60 86 91 155 30 64 116 47 105 181 187 196 153 82 2 183 142 11 169 152 16 57 41 200 71 137 31 162 187 130 12 152 197 14 168 132 80 163 68 142 
135 3 74 156 149 175 192 15 167 50 31 93 105 60 119 23 141 62 99 71 72 165 125 46 156 126 70 94 58 159 153 172 185 22 78 60 89 35 66 111 134 18 21 69 161 191 86 187 96 178 130 117 165 30 13 194 103 86 150 53 61 164 20 3 52 36 50 101 50 148 85 171 165 146 186 179 166 64 113 60 19 58 157 89 137 71 120 159 190 78 110 163 13 167 128 173 66 101 73 10 83 164 97 95 20 163 109 66 126 90 123 193 145 70 30 182 78 153 173 144 69 33 183 73 57 145 62 158 45 45 129 65 10 40 60 71 96 66 120 164 10 183 21 125 173 100 75 192 183 104 
149 65 30 35 43 109 192 3 183 39 200 2 86 99 130 149 22 79 35 154 167 96 193 11 112 70 51 10 45 84 161 60 18 138 43 147 75 17 126 143 122 179 198 5 95 10 45 117 189 25 20 108 165 129 83 76 11 89 74 121 174 52 148 70 109 170 52 173 191 180 99 131 142 91 175 139 89 72 175 3 1 77 130 125 172 173 91 127 17 12 193 200 132 55 139 191 191 160 167 22 108 91 168 152 183 177 49 14 89 169 20 156 32 199 195 66 110 192 34 52 162 89 109 112 111 83 68 122 189 160 141 141 12 86 66 185 105 90 178 63 121 92 50 107 39 148 94 30 27 155 
105 19 178 178 37 29 56 130 60 119 67 98 96 84 149 95 139 151 61 11 160 116 9 135 72 112 22 133 159 101 182 163 133 123 164 134 75 52 132 89 74 27 66 143 190 64 33 50 73 198 45 146 146 139 36 21 123 58 44 21 170 19 107 76 181 98 5 78 80 129 167 115 1 44 116 187 172 152 50 114 55 181 7 75 20 176 66 74 166 76 4 153 121 154 56 103 176 32 119 143 3 49 166 43 44 142 155 198 200 151 1 50 153 117 125 86 50 118 174 81 165 185 147 112 48 185 48 69 41 108 4 183 67 149 125 104 35 154 71 178 15 156 32 51 132 178 33 108 20 145 
133 109 84 110 175 184 3 95 31 177 87 128 97 85 117 106 175 30 144 87 36 64 98 10 147 193 97 34 51 172 181 8 127 18 84 40 32 84 101 10 7 39 48 44 155 107 179 41 161 182 83 20 167 145 86 89 12 45 10 47 63 63 195 36 114 79 188 89 4 139 19 148 124 45 122 111 147 126 97 102 170 107 143 110 118 80 122 191 146 131 110 50 50 10 93 10 134 180 163 32 73 193 156 104 146 67 42 96 193 39 185 70 96 197 41 1 120 22 121 198 118 151 188 107 132 159 84 153 47 97 181 126 45 29 90 69 153 34 138 91 24 59 93 6 33 109 49 188 78 113 
9 60 177 199 78 112 152 25 45 96 115 123 115 51 138 154 107 114 157 113 81 96 182 188 72 199 111 153 123 117 135 93 71 159 140 13 93 113 71 91 87 151 47 81 183 112 192 70 69 88 90 3 97 136 17 64 180 49 45 172 198 109 108 166 198 188 103 87 173 40 131 75 193 40 1 95 118 48 20 83 4 187 66 35 108 186 117 3 36 146 68 189 129 72 117 31 144 155 99 129 98 122 73 38 190 108 98 177 6 199 57 33 68 70 50 88 118 105 97 17 104 112 192 48 10 55 65 8 10 10 39 62 24 175 135 185 93 127 171 141 86 73 10 135 15 137 147 170 182 147 
16 131 147 151 61 47 35 87 131 18 88 177 103 153 85 40 116 74 86 84 102 189 152 112 125 187 92 130 170 51 91 142 103 133 180 52 162 102 168 173 60 182 135 99 45 105 73 135 64 166 130 96 110 77 176 92 70 39 75 22 119 56 106 87 13 176 136 163 151 110 87 170 117 51 170 197 193 142 72 104 99 115 199 100 175 80 46 196 126 155 133 68 25 21 24 100 196 8 23 189 113 161 57 70 20 69 105 46 195 23 14 90 181 46 128 23 16 5 183 154 46 93 152 29 177 38 30 119 138 89 113 2 113 137 47 165 120 11 148 130 12 151 161 103 38 111 110 68 123 58 
143 124 100 1 52 68 85 141 164 47 21 92 8 9 69 115 122 156 122 193 170 78 168 182 105 125 54 43 33 113 98 197 106 142 186 183 175 173 171 85 128 61 37 145 128 166 107 37 94 36 46 170 184 40 128 86 130 168 146 44 115 137 146 200 26 45 35 11 131 124 200 114 120 49 153 99 166 178 48 186 170 6 80 34 121 69 50 187 109 106 11 140 64 21 114 28 147 145 45 144 188 102 125 103 197 199 175 48 142 93 81 89 30 12 74 120 187 163 96 84 121 169 166 45 136 71 196 29 128 22 92 3 133 167 3 145 112 81 76 73 129 157 82 163 37 97 77 105 119 6 
137 115 72 70 4 191 34 187 78 41 8 125 73 104 195 35 11 102 19 48 101 115 74 149 8 189 192 188 103 179 199 39 137 105 33 20 108 78 61 78 169 58 81 95 155 26 162 147 74 173 65 181 138 87 77 23 130 54 39 91 34 116 120 87 196 124 80 12 50 124 91 185 167 143 63 91 59 12 60 107 67 181 49 110 152 134 68 98 118 115 130 140 149 57 104 135 162 164 21 174 7 106 179 156 187 64 110 196 182 95 160 99 123 139 150 171 69 190 182 33 146 64 58 111 56 10 163 9 65 91 141 102 192 96 110 48 65 188 98 99 151 11 11 6 71 46 136 25 116 81 
150 8 76 192 55 175 178 162 180 200 161 11 197 200 37 39 69 58 126 189 186 93 119 129 49 9 45 177 95 157 53 102 193 84 39 12 199 162 144 129 3 199 54 182 92 132 135 157 156 59 154 190 175 54 169 106 156 186 113 109 152 137 124 92 192 6 47 114 143 127 154 73 134 122 13 6 165 154 134 85 74 60 90 135 35 191 175 149 188 177 170 25 96 61 86 96 64 121 28 116 161 174 39 131 20 29 122 174 137 74 36 194 197 8 9 122 45 185 197 117 11 192 56 178 36 10 122 117 15 9 194 101 173 160 8 69 13 35 76 153 42 36 121 97 17 166 53 89 166 14 
144 29 68 74 90 93 137 80 105 80 192 55 4 31 112 102 8 70 175 164 121 107 140 105 52 4 137 128 32 194 111 179 100 137 126 184 188 157 138 187 103 22 82 155 140 154 96 140 74 115 12 54 121 62 37 195 187 43 174 193 62 6 142 44 71 61 192 147 50 163 149 49 143 187 19 171 183 6 132 176 64 190 21 197 61 25 198 144 57 69 49 168 2 174 9 187 145 197 77 91 106 152 6 198 62 36 175 29 169 25 152 98 172 27 76 152 150 124 187 10 84 37 190 110 156 92 32 84 39 139 80 70 48 35 101 53 108 94 60 185 138 182 89 22 140 91 99 9 16 117 
191 66 62 156 168 11 143 11 87 66 57 118 113 20 33 70 116 68 173 96 178 99 135 144 126 122 34 184 135 21 54 193 182 113 54 43 45 128 175 41 45 89 6 33 111 103 192 95 114 87 1 71 114 186 176 142 144 101 193 43 98 135 18 40 134 152 71 45 105 142 161 144 67 11 70 181 10 101 72 172 65 57 199 186 81 193 187 104 168 176 138 196 134 6 12 63 53 180 79 102 32 171 182 44 100 101 68 178 125 21 22 22 112 14 75 1 31 117 185 36 110 29 34 178 46 173 198 4 84 126 153 4 58 151 87 63 172 128 45 90 153 52 105 9 183 141 178 148 112 49 
64 88 67 142 159 90 26 50 26 8 164 57 114 29 192 51 160 136 154 120 74 4 124 129 71 27 23 12 143 31 39 10 106 127 59 137 168 155 29 176 132 37 50 192 170 63 181 62 41 58 157 50 97 159 18 59 147 193 38 38 50 83 170 188 166 169 45 114 152 91 141 49 198 190 188 168 73 110 109 144 173 148 13 107 131 186 147 68 138 194 24 97 142 65 127 4 16 32 3 56 43 120 184 43 8 11 90 7 72 19 116 108 153 47 192 195 176 120 41 10 84 193 49 155 172 114 45 3 96 154 84 199 72 104 159 40 36 45 51 199 132 88 183 185 178 82 113 20 12 47 
93 64 79 97 116 173 173 19 139 178 28 198 85 2 194 64 159 195 138 84 134 195 166 157 145 72 58 183 153 1 58 31 46 118 95 46 8 181 46 24 16 22 127 172 179 11 99 71 75 160 17 176 27 57 128 39 128 24 200 17 96 143 52 159 56 31 102 5 57 189 167 99 15 2 44 70 83 101 66 122 105 94 63 158 140 81 47 153 149 185 18 181 198 99 77 49 178 140 136 150 192 52 76 174 176 74 94 2 148 151 86 180 23 54 87 67 198 193 123 122 150 170 5 5 103 151 23 134 175 17 95 192 190 186 142 109 17 96 177 6 131 138 56 167 77 178 75 1 138 110 
193 154 41 110 146 119 144 6 180 85 121 198 137 33 27 93 104 89 34 148 53 28 86 18 75 160 82 36 179 2 93 146 28 136 60 109 137 193 62 116 121 112 50 49 34 77 67 109 14 57 188 64 18 189 86 169 97 100 175 131 36 184 79 183 82 56 140 165 136 105 25 162 55 133 162 200 119 155 48 86 124 80 110 46 155 199 82 157 136 93 109 6 75 106 98 144 39 75 54 176 111 173 47 6 180 6 54 137 182 44 7 176 148 107 151 184 26 47 34 85 48 124 175 72 80 55 75 194 155 156 49 84 93 25 97 128 47 74 158 3 81 132 132 90 150 104 141 71 47 177 
119 20 34 145 4 125 54 61 71 198 43 181 89 26 7 168 96 76 36 138 169 72 180 178 32 38 91 38 26 107 111 173 122 91 13 83 166 66 148 181 1 44 41 128 200 197 33 151 175 15 107 39 112 82 11 36 127 49 115 99 88 9 74 17 109 11 106 88 137 175 134 115 81 172 2 153 37 17 20 195 1 44 74 128 110 49 63 100 173 11 18 154 136 34 131 69 177 7 150 151 134 57 192 133 96 55 60 85 68 183 188 137 96 35 173 18 16 161 195 40 169 198 14 10 96 116 185 75 115 38 135 130 198 100 109 148 173 130 91 145 175 175 90 51 195 30 108 171 113 51 
24 93 124 104 152 18 83 23 160 79 67 148 71 152 18 137 38 174 40 33 68 16 64 1 15 174 100 121 70 53 14 103 18 65 88 32 148 115 115 175 23 50 128 124 145 127 76 170 87 99 87 120 98 25 73 172 85 137 120 52 173 108 103 120 94 45 166 81 180 189 98 84 40 28 144 190 162 108 168 86 3 48 53 144 147 60 137 32 187 141 134 100 74 18 183 22 110 116 86 96 159 25 112 164 185 194 121 56 105 191 146 53 32 145 165 91 22 73 169 11 97 140 165 8 105 145 36 113 101 41 47 22 81 106 115 2 72 70 54 145 136 103 100 200 91 170 174 65 135 18 
9 195 191 107 87 31 78 25 73 102 127 189 157 165 16 35 128 34 107 6 134 1 172 147 73 181 151 182 11 111 37 154 134 175 10 181 110 75 5 28 5 126 187 106 84 168 11 113 34 99 170 107 42 71 69 47 174 21 71 36 139 165 10 121 182 149 139 3 194 126 23 198 11 121 167 132 36 141 34 163 76 86 127 4 136 53 200 73 192 197 84 97 80 31 10 76 50 191 73 15 112 53 157 152 192 134 188 106 198 153 72 32 18 114 195 172 180 163 34 104 133 130 133 15 4 41 118 12 86 147 160 136 119 37 85 64 91 117 24 192 107 85 87 91 20 94 61 61 142 6 
80 108 169 171 134 53 60 18 12 117 161 39 88 74 88 155 18 95 11 131 52 41 96 52 67 46 160 126 115 133 79 4 57 155 179 56 46 80 185 77 49 120 88 5 196 158 184 95 9 106 84 152 35 75 17 82 65 172 160 186 51 33 32 123 165 79 116 78 91 75 144 103 19 100 72 185 154 2 41 120 27 91 147 136 140 35 66 200 49 194 119 118 113 21 184 105 3 168 184 34 12 133 184 18 192 65 129 60 64 79 121 197 109 64 145 160 70 172 80 78 87 103 63 129 130 104 164 22 53 87 52 106 200 35 176 107 154 184 84 186 34 142 144 46 35 179 124 53 135 2 
108 1 113 178 88 131 164 63 39 28 58 115 128 40 155 97 39 12 116 131 105 1 151 100 89 18 114 16 159 177 104 83 90 20 48 125 60 42 37 159 168 95 92 186 122 85 27 37 76 118 75 79 161 158 136 65 19 183 15 121 70 113 143 161 101 167 71 54 135 116 67 168 183 63 131 81 67 125 93 47 66 48 29 148 92 3 9 24 141 154 164 95 20 152 94 176 57 49 16 124 125 93 151 76 20 65 20 12 196 145 163 105 92 87 157 188 124 114 129 84 26 59 46 196 80 145 95 66 146 96 73 163 18 181 128 113 98 28 168 191 68 38 1 26 24 30 20 40 50 155 
100 73 58 21 118 138 35 44 185 43 10 186 131 105 123 102 134 53 123 75 79 6 123 200 137 162 23 111 5 181 148 119 53 169 197 95 68 127 167 163 81 5 190 77 39 89 198 46 70 86 12 1 192 144 15 119 198 161 100 80 44 89 132 30 89 9 188 79 131 124 34 86 185 18 157 95 120 65 13 112 95 197 22 114 1 59 141 75 108 98 60 107 34 26 106 91 99 42 86 9 19 73 63 61 102 169 64 96 33 106 43 30 4 22 151 24 48 94 56 160 61 33 3 163 139 84 182 11 7 103 194 107 195 85 86 139 154 75 114 95 14 172 58 64 104 192 58 175 173 91 
28 69 134 105 198 32 45 125 67 95 167 81 85 126 181 52 28 189 29 192 41 166 1 93 31 3 187 85 156 58 13 148 86 24 183 161 165 110 161 58 5 92 150 94 69 119 93 3 199 71 139 162 123 58 34 154 149 165 166 53 137 20 149 12 81 158 151 149 189 58 71 86 114 138 30 23 198 1 17 3 34 23 49 57 90 50 8 151 95 125 136 34 76 129 20 176 64 10 125 151 106 117 173 10 152 148 80 40 139 112 59 161 35 193 151 176 23 9 174 53 32 144 83 17 30 30 134 1 4 189 72 139 28 120 111 173 140 13 153 149 10 21 101 197 141 128 197 102 57 69 
13 11 173 42 172 174 50 39 118 62 164 126 104 10 49 114 132 191 35 39 199 138 172 191 196 30 35 71 95 171 194 152 79 137 195 78 178 101 63 116 11 199 44 74 194 198 81 18 108 184 186 179 153 42 177 66 43 121 123 148 118 169 186 88 134 152 70 128 77 132 22 5 23 168 7 67 108 26 106 161 88 72 110 17 5 168 104 184 42 140 170 94 20 87 119 13 85 166 16 63 166 167 37 51 129 99 177 161 94 24 140 186 112 116 186 160 166 23 17 187 165 171 42 35 68 175 134 27 90 127 89 145 12 60 32 133 198 116 114 44 54 174 29 134 113 26 141 30 32 128 
68 132 31 184 117 144 83 130 20 129 93 145 48 81 97 38 44 40 182 101 145 86 24 90 127 110 125 48 21 113 52 29 41 187 37 18 59 185 53 24 157 145 194 197 127 174 96 199 198 94 142 9 14 153 57 111 60 88 72 142 75 53 32 195 134 46 14 65 133 99 113 180 168 70 69 155 120 117 162 145 14 121 179 158 96 108 18 118 15 171 143 6 118 151 185 93 15 198 53 116 24 36 110 157 148 32 115 28 32 145 75 55 55 65 136 187 11 66 17 13 109 167 51 178 36 23 147 81 152 79 37 70 5 119 180 145 160 193 110 74 84 15 6 8 126 36 78 151 141 23 
113 64 25 97 174 184 19 70 70 26 17 83 131 5 51 9 122 174 47 65 133 139 173 199 107 57 40 108 116 69 24 103 99 88 175 15 133 86 189 154 154 84 39 184 102 129 119 142 147 133 16 67 27 29 9 59 176 81 80 166 186 60 91 86 39 1 185 193 90 91 97 183 77 56 84 44 193 82 17 131 36 22 13 187 13 113 89 90 35 126 134 133 84 200 68 103 117 15 58 65 181 113 87 144 18 151 117 91 176 125 86 37 122 154 163 73 167 79 50 150 36 180 30 42 20 93 152 173 151 182 97 9 106 33 60 74 21 135 50 136 22 141 89 197 112 150 99 149 59 7 
198 8 170 48 79 160 142 182 57 99 174 195 90 12 33 61 27 19 3 169 160 196 188 102 81 25 188 142 182 165 154 153 183 189 76 8 108 176 110 65 76 195 12 13 59 16 135 86 140 151 38 134 92 10 102 196 91 93 69 147 111 187 35 69 124 151 38 66 101 198 149 172 168 138 128 20 100 33 99 92 30 108 123 177 3 147 23 115 178 76 41 108 123 58 185 176 150 61 8 112 78 176 172 79 192 100 86 185 107 196 123 17 156 91 70 149 21 105 185 64 21 194 11 172 100 36 181 123 181 47 90 157 77 127 152 94 12 138 70 52 42 160 128 56 28 25 25 179 154 132 
181 156 1 60 72 139 102 119 24 26 165 63 184 21 68 145 66 108 93 97 99 196 159 141 102 160 21 11 139 119 83 187 92 166 16 142 2 182 16 123 11 133 75 139 16 120 26 91 157 135 132 13 59 133 37 53 21 156 140 52 117 111 151 113 104 1 104 42 68 33 151 38 6 175 166 176 52 41 154 195 110 132 49 13 175 63 91 155 35 165 161 161 97 176 81 104 62 200 120 4 93 125 189 48 158 6 68 74 16 174 57 177 199 88 196 43 107 63 119 150 130 59 166 45 137 161 80 186 174 85 137 39 85 172 166 109 114 74 104 196 144 169 75 61 179 87 17 109 118 40 
28 119 137 187 77 92 121 131 80 11 122 15 194 15 89 200 132 37 101 136 110 148 157 29 120 94 40 20 133 42 156 169 200 145 29 161 20 91 78 67 13 82 67 6 66 63 144 200 55 104 133 121 120 190 70 140 169 107 173 1 148 36 66 47 16 172 78 121 22 161 87 79 79 39 53 87 87 48 153 80 87 102 196 172 24 166 56 44 50 199 11 64 126 37 157 90 49 54 106 108 32 165 130 54 171 98 193 188 87 8 7 54 164 45 23 109 9 113 104 169 143 72 88 120 78 71 47 88 1 68 109 145 39 127 182 88 11 196 191 68 120 191 112 162 171 97 86 57 11 49 
133 157 192 133 15 182 115 87 26 193 69 15 189 50 185 43 18 93 190 30 200 28 155 31 189 85 22 34 172 149 14 32 142 161 144 162 124 21 1 104 29 15 163 79 193 29 44 172 188 49 23 32 122 101 25 165 45 181 28 131 120 65 33 100 101 191 19 67 35 189 28 8 170 15 31 158 40 136 9 13 146 136 121 192 90 9 142 198 34 135 7 51 65 161 157 8 191 76 31 33 82 174 9 97 106 183 5 102 188 43 124 15 129 51 161 168 42 57 34 199 196 53 45 4 50 148 177 191 148 184 145 148 112 33 99 142 162 190 178 193 48 167 110 161 98 28 2 192 172 119 
155 51 126 196 66 151 66 186 116 123 199 136 61 72 39 138 177 199 83 120 141 195 85 76 108 12 161 18 34 37 19 192 29 8 156 143 147 14 108 113 165 198 98 7 76 162 44 65 178 167 99 160 111 199 10 75 48 32 165 61 1 185 62 139 79 53 114 54 44 119 45 125 157 156 46 28 161 127 29 83 1 163 161 77 117 180 162 186 135 188 174 142 21 158 91 29 104 116 19 190 170 2 51 72 75 38 153 35 162 109 15 23 33 123 32 50 45 85 45 51 20 195 160 143 63 81 94 115 153 101 16 198 94 96 98 96 16 122 183 124 20 188 101 178 105 98 31 42 58 107 
120 157 24 13 117 63 62 161 46 158 5 58 164 63 139 31 137 180 73 110 10 84 149 68 137 192 70 124 57 140 69 128 141 149 190 46 28 155 151 172 160 116 173 168 3 190 28 19 152 35 120 29 46 190 200 142 170 164 87 69 89 178 55 100 183 149 80 30 31 186 167 30 101 109 28 30 60 128 137 102 127 87 101 18 92 39 184 77 51 160 9 82 56 82 65 2 46 45 52 185 186 35 61 185 126 121 70 36 41 68 51 126 109 44 83 130 38 192 70 107 14 52 55 101 159 70 172 113 114 121 109 16 9 72 15 1 167 138 21 195 78 120 163 63 122 124 14 106 194 70 
158 94 177 132 200 82 140 12 12 170 107 67 134 148 179 139 62 112 155 134 91 11 58 189 109 84 21 194 121 42 196 185 112 24 178 154 110 18 36 31 162 151 158 184 68 198 109 153 53 148 30 7 84 67 42 161 15 73 179 180 116 154 33 132 130 196 120 160 40 56 131 20 147 146 172 171 187 188 143 30 128 84 141 102 112 87 20 200 24 193 175 92 189 130 5 71 153 135 43 50 181 161 88 6 129 103 13 191 97 118 187 37 181 18 60 126 22 153 12 150 31 14 3 90 113 172 194 167 10 83 180 43 58 197 92 103 28 117 183 188 168 131 174 181 58 165 48 166 59 55 
95 196 42 152 67 8 68 105 41 191 58 16 190 114 87 173 170 58 189 48 173 44 130 84 170 116 60 191 185 47 52 31 69 125 78 39 4 65 121 111 18 82 12 151 6 166 178 35 117 135 158 18 154 199 100 87 83 185 114 47 59 142 142 165 158 9 123 157 181 150 161 146 48 19 186 16 166 123 141 145 29 28 186 1 178 109 176 120 101 52 73 37 98 20 36 186 192 70 181 179 93 189 114 165 82 95 27 8 77 3 192 62 180 21 77 173 133 63 165 5 138 120 133 8 160 42 124 177 9 43 100 13 19 111 181 190 67 90 105 152 35 164 79 110 195 99 149 158 96 74 
56 138 189 73 140 67 79 104 152 4 131 106 67 28 185 69 196 144 134 120 48 55 139 175 62 163 165 109 17 119 152 33 20 108 133 1 10 107 127 41 115 186 72 48 160 32 135 86 174 8 153 54 1 186 24 119 64 121 185 117 87 67 147 79 122 86 199 36 127 181 135 143 132 31 24 22 80 71 58 85 120 47 28 124 175 80 186 152 118 190 22 14 73 32 183 164 62 25 38 114 48 7 179 30 190 42 37 167 21 21 106 158 96 194 161 117 42 69 8 95 171 72 127 3 68 112 98 27 19 62 108 30 95 170 37 84 170 89 145 100 1 99 15 114 6 121 145 52 105 176 
63 157 179 142 54 193 107 84 132 35 100 95 79 92 95 75 27 8 103 104 39 130 33 112 40 161 139 131 54 167 86 146 26 111 160 162 51 12 200 193 50 148 182 58 37 48 128 189 74 155 46 153 117 11 183 150 92 187 3 165 9 124 52 168 116 54 160 71 58 17 146 108 41 18 195 120 94 10 130 74 23 40 139 39 70 73 98 77 125 166 50 101 168 168 38 174 35 54 9 43 102 86 74 84 74 29 95 30 159 44 187 35 196 72 52 133 115 198 170 15 5 171 99 137 85 23 36 159 20 110 184 24 45 43 31 97 150 120 192 93 75 174 181 23 185 152 78 76 192 130 
59 177 70 6 148 190 18 200 56 190 184 156 186 81 198 189 52 77 128 66 165 11 13 188 162 31 191 69 181 59 63 129 97 101 90 36 65 154 144 139 72 60 117 102 128 2 110 115 23 137 109 150 33 101 150 22 166 139 114 91 145 106 24 27 131 163 44 37 161 152 167 77 102 21 25 30 103 85 147 131 179 194 164 142 146 40 98 130 196 127 169 11 30 114 47 191 106 30 127 135 94 182 150 61 51 87 85 158 99 122 4 76 120 143 139 30 54 190 142 160 190 38 27 69 146 148 106 135 107 64 83 82 8 51 119 48 43 105 194 137 56 177 57 69 113 67 172 68 47 8 
129 132 68 146 72 55 100 73 113 55 168 198 79 90 35 176 193 147 141 21 114 47 93 166 135 180 22 180 48 181 127 88 48 124 154 152 113 190 174 98 125 57 10 66 26 169 141 133 101 172 56 151 81 47 116 155 21 153 200 59 80 182 149 76 65 74 167 80 190 39 56 176 151 28 137 47 134 158 90 153 51 101 163 151 97 134 23 142 64 40 179 105 97 143 15 107 128 31 129 33 144 103 193 57 43 177 168 48 152 193 74 199 105 38 144 110 64 44 126 87 92 38 140 24 95 171 165 197 7 100 165 47 52 49 150 121 82 46 15 36 163 31 36 161 61 64 8 80 31 111 
40 198 153 146 70 69 7 23 48 143 35 66 92 83 49 104 30 150 113 24 26 56 50 66 109 157 147 1 133 197 43 193 97 91 54 190 164 164 107 23 100 68 100 181 118 175 5 49 58 141 165 70 57 142 39 38 58 70 170 86 177 43 4 65 38 65 121 107 36 55 134 74 115 15 158 46 103 64 153 87 115 74 176 192 105 81 129 37 51 122 49 36 2 144 22 27 140 144 79 120 39 32 46 50 2 158 60 141 63 88 64 85 78 145 96 81 134 57 179 154 92 148 97 56 115 63 45 91 184 29 113 26 194 5 108 16 193 13 36 193 51 9 99 162 124 86 12 105 85 183 
171 127 116 72 73 16 169 154 77 112 143 173 20 112 75 25 50 19 94 68 117 31 154 39 189 10 115 146 108 45 134 23 5 160 59 165 87 94 72 110 107 185 19 72 95 178 55 99 52 99 107 172 186 174 4 114 77 89 178 104 41 37 177 52 51 58 198 124 64 82 27 93 171 49 127 80 23 121 90 115 124 107 170 172 46 12 177 10 176 146 196 126 106 139 45 108 66 52 126 14 79 41 149 90 181 95 187 50 99 128 189 146 193 85 178 30 66 6 118 125 194 129 44 134 150 172 114 142 20 171 15 5 84 116 168 72 159 196 1 81 79 161 196 177 34 127 150 138 33 67 
125 120 180 90 175 117 199 132 197 70 104 140 11 45 132 58 19 76 18 97 131 113 180 184 97 110 95 47 138 35 188 4 140 85 150 196 16 6 146 166 121 150 18 200 178 35 72 33 129 7 64 17 12 39 73 72 3 39 101 58 146 144 33 94 94 31 154 130 115 80 3 86 183 63 160 18 73 168 161 128 99 10 105 181 45 146 6 134 93 98 37 82 183 15 88 153 1 174 10 195 114 107 120 36 100 128 29 55 30 62 139 94 62 37 14 175 28 47 128 27 153 156 36 136 75 149 142 16 146 167 196 80 195 50 163 90 164 40 144 105 135 27 193 153 35 73 57 186 84 84 
133 13 87 6 97 76 31 25 185 94 153 137 185 8 98 200 12 90 164 22 28 156 146 38 128 46 82 90 103 7 42 35 109 182 168 114 150 44 44 80 54 50 115 138 185 3 77 34 61 96 197 39 172 144 181 51 113 91 124 182 149 121 50 100 61 48 14 72 136 164 80 148 157 185 123 172 199 173 46 113 81 62 142 146 150 122 128 124 87 178 18 146 41 192 91 91 138 101 140 148 155 132 9 14 63 100 150 58 79 200 155 171 126 123 30 38 34 128 15 83 73 46 40 145 166 107 72 12 129 187 150 88 45 124 183 132 105 106 107 13 91 37 24 65 75 52 14 159 180 89 
40 16 92 42 148 97 17 174 35 48 3 136 31 130 154 106 184 151 121 157 56 98 80 4 37 31 15 111 22 51 109 120 58 25 52 88 56 4 123 40 74 115 157 98 85 62 165 68 184 92 107 6 108 93 54 44 122 82 130 53 176 97 80 8 180 82 104 152 95 133 47 2 42 184 112 149 133 184 197 58 190 31 1 9 164 145 191 128 194 5 107 64 99 88 154 54 188 13 87 165 6 125 45 83 24 141 142 66 109 98 165 21 6 105 130 200 169 104 39 28 148 164 154 128 26 168 130 52 199 116 15 92 145 86 30 30 60 112 200 158 169 108 104 37 56 43 118 20 72 164 
99 72 169 137 124 7 167 108 11 83 173 30 103 169 87 103 188 70 13 104 136 12 53 29 179 192 173 44 185 133 76 84 186 93 138 188 23 120 132 24 106 2 69 192 152 106 53 56 198 154 164 89 146 27 140 60 157 165 40 84 186 3 153 141 7 199 114 162 156 141 198 133 41 154 76 42 199 95 173 65 136 200 108 19 192 36 33 200 115 161 34 44 159 57 63 16 53 123 113 167 87 109 155 162 10 19 148 182 53 167 131 89 197 77 159 195 16 151 183 82 39 157 122 124 40 84 93 190 193 94 153 18 51 105 13 121 33 137 99 45 22 55 99 10 85 200 110 187 107 188 
64 161 130 71 32 79 156 172 24 41 118 148 43 89 135 64 193 117 176 132 178 94 73 165 66 34 154 84 165 174 73 9 153 40 133 149 144 144 134 101 179 104 96 12 152 110 169 25 68 99 187 129 88 159 15 31 108 141 200 117 145 37 3 170 163 105 64 59 125 175 113 175 29 33 76 29 143 194 149 178 15 179 37 128 168 19 41 127 170 25 2 153 2 30 75 25 97 12 27 158 115 65 175 38 47 196 38 77 44 7 181 59 100 72 121 52 97 181 172 8 61 48 161 95 92 172 116 127 32 179 2 123 81 75 110 15 184 1 91 125 122 69 111 10 96 179 2 30 56 14 
116 167 159 45 83 127 99 199 81 24 4 35 191 3 7 192 184 169 146 131 11 87 105 46 110 23 9 70 131 64 106 13 43 68 51 76 26 136 176 15 153 75 16 176 140 119 65 114 131 20 29 140 54 156 138 147 136 58 86 121 185 103 119 51 164 180 66 126 162 153 2 84 118 69 83 188 89 1 128 103 6 56 82 148 30 125 10 100 92 143 186 168 103 129 176 186 95 153 106 30 165 48 15 43 64 174 87 107 129 16 177 104 183 137 91 39 64 168 102 6 123 28 183 113 172 106 196 60 107 29 73 130 192 7 132 17 43 31 167 53 127 22 41 164 86 135 77 126 105 97 
195 193 2 187 17 65 54 132 98 77 81 41 122 70 28 154 75 89 99 83 17 158 52 104 93 48 86 121 115 156 165 109 101 23 24 181 189 7 141 151 98 162 75 130 102 168 30 107 110 146 164 3 100 72 49 144 107 128 117 198 50 44 45 112 186 143 116 121 4 193 25 33 98 34 57 176 172 98 44 65 32 70 126 172 27 32 135 157 6 185 196 16 16 98 64 18 13 1 1 167 141 171 132 167 2 147 55 93 173 69 151 12 4 155 24 191 8 169 19 26 146 11 38 26 108 86 151 11 6 174 73 190 113 167 162 188 197 163 67 58 68 56 90 106 47 181 39 34 163 179 
20 165 71 58 177 40 101 147 193 180 64 75 150 126 111 106 24 114 150 22 33 148 133 19 96 47 52 44 63 181 62 171 37 23 12 192 106 115 198 43 145 154 96 152 162 89 118 161 41 50 30 14 151 73 118 115 125 161 103 108 43 180 70 44 36 31 119 131 26 24 124 181 121 36 185 172 167 162 93 151 42 124 113 30 168 118 46 139 122 121 26 129 180 61 137 35 12 140 17 109 14 87 68 170 60 5 92 73 175 132 135 193 22 187 164 106 14 148 21 188 153 97 152 165 25 20 62 101 167 6 93 105 69 159 108 197 57 14 62 155 5 169 131 137 110 113 154 147 5 32 
110 162 17 107 164 144 114 29 68 27 67 28 1 127 82 60 177 79 4 156 133 154 36 95 141 25 120 29 86 198 81 200 96 190 26 62 108 135 158 161 147 174 2 7 200 92 173 116 19 183 28 176 84 198 85 134 55 15 181 48 141 132 71 42 191 167 120 44 52 69 170 103 73 68 193 24 73 53 58 125 167 145 76 73 149 100 99 171 81 155 108 174 49 111 52 124 6 191 101 47 128 123 128 105 31 77 170 161 161 98 11 197 5 39 163 117 107 124 68 25 109 51 49 142 78 191 1 101 54 22 10 1 2 15 168 105 85 53 159 176 32 48 65 113 128 16 124 195 103 72 
63 165 6 49 68 164 140 106 25 109 120 54 152 134 31 100 132 79 10 88 95 29 11 25 7 154 108 186 36 43 45 170 77 12 143 72 148 6 27 128 39 92 33 72 24 84 189 107 139 200 5 62 133 53 13 180 67 180 107 180 175 176 82 97 181 46 79 23 177 119 156 112 38 174 25 187 51 197 96 185 57 126 142 172 2 82 137 37 132 143 19 68 11 14 39 37 120 79 35 70 193 163 164 171 117 74 115 129 120 161 50 78 24 158 31 53 37 188 112 60 180 64 119 147 106 190 134 41 168 187 105 39 190 106 82 115 200 156 174 91 115 27 3 73 25 193 120 56 144 41 
13 48 109 102 78 184 28 93 104 160 48 79 22 90 140 125 140 116 138 188 145 196 104 194 84 7 55 124 199 108 62 139 159 33 130 62 197 3 194 41 127 84 12 7 85 83 41 122 144 157 96 179 109 5 38 137 37 132 41 96 152 189 92 76 152 128 153 6 154 158 4 81 147 12 91 50 139 34 153 76 35 3 103 181 36 96 147 116 127 35 180 59 5 75 65 127 110 119 181 74 11 89 59 155 103 113 60 59 69 25 140 126 12 60 160 18 139 28 162 26 185 28 85 4 138 13 136 156 192 15 152 58 108 86 69 52 140 121 31 71 160 143 70 173 150 74 168 73 20 185 
7 20 138 69 193 67 190 167 167 143 66 38 194 51 64 166 113 134 199 25 165 163 48 138 25 56 45 69 154 157 164 13 107 21 42 33 107 46 55 128 28 109 22 150 155 81 119 21 177 140 31 62 86 65 103 23 93 141 180 76 65 116 159 119 39 111 98 51 78 109 32 53 53 135 157 136 193 118 97 137 167 47 132 6 37 109 23 61 121 109 139 33 161 152 199 167 29 7 196 67 126 105 182 148 60 168 178 116 37 66 78 185 140 124 8 52 123 46 119 89 85 41 112 9 38 63 44 125 165 23 168 113 34 27 117 63 92 109 120 98 148 82 196 78 51 95 197 85 170 69 
163 61 3 123 32 68 59 132 40 81 150 27 144 28 160 80 180 105 95 53 110 196 107 129 98 44 48 144 50 132 60 28 177 181 194 126 127 13 24 18 128 103 53 89 10 117 11 114 89 60 100 141 137 1 81 64 53 114 35 41 81 95 21 187 4 62 97 54 192 91 55 87 13 182 99 160 194 157 29 158 24 43 133 26 116 33 89 172 1 100 3 138 79 34 184 200 161 13 163 136 47 102 103 176 160 148 161 178 15 31 163 8 154 192 86 151 60 123 128 175 186 11 14 54 172 84 64 184 71 22 167 197 134 53 32 189 147 191 100 1 150 172 52 194 113 88 8 25 120 167 
142 26 95 163 81 50 76 115 183 145 97 156 68 81 93 96 42 63 112 106 151 123 91 148 90 95 14 79 176 33 138 66 10 81 64 5 59 103 175 36 94 132 160 79 147 174 172 189 155 3 26 149 112 15 138 68 195 184 139 110 154 150 137 151 43 120 42 166 178 188 111 118 96 166 93 184 60 53 177 38 184 156 130 23 38 41 44 178 64 192 56 11 99 156 34 199 21 14 26 113 10 48 45 100 192 114 27 56 30 149 156 10 39 51 190 20 103 96 86 63 97 176 131 122 146 21 6 66 104 98 162 9 82 171 92 92 120 138 5 99 50 8 18 102 142 13 107 92 9 20 
30 150 73 155 163 5 97 119 185 132 58 9 147 19 21 119 162 53 32 118 70 76 86 34 51 134 138 69 82 22 135 19 69 19 68 184 173 153 41 31 120 168 197 162 63 109 168 52 13 13 194 18 23 172 182 94 47 16 78 102 187 159 162 113 4 39 57 142 144 122 144 117 117 174 123 81 174 69 173 154 122 164 50 23 94 174 163 138 44 45 146 112 60 80 119 146 180 172 22 48 82 155 123 137 47 94 166 59 33 53 137 26 7 120 43 110 136 166 3 191 162 119 64 82 66 146 111 117 15 72 76 110 63 137 120 171 91 183 3 47 49 182 135 160 75 79 52 26 51 102 
47 157 66 59 46 113 12 46 54 140 89 112 151 33 168 181 192 38 15 190 175 68 143 137 76 43 190 6 88 168 23 144 24 29 196 16 20 162 88 180 169 134 97 19 107 1 12 185 115 91 199 105 161 125 39 189 99 187 11 146 71 57 166 82 142 68 180 157 152 158 111 169 167 5 152 59 95 180 160 67 103 123 42 173 4 155 37 177 59 158 104 24 172 119 64 64 110 114 36 114 78 111 32 181 167 55 173 167 91 89 128 87 55 143 160 2 80 101 90 53 75 108 61 133 139 192 102 17 88 53 114 106 172 167 136 12 179 191 66 90 9 46 195 141 120 87 130 151 172 14 
91 87 125 46 142 114 87 77 182 46 176 28 88 23 25 170 141 41 13 57 5 71 185 112 18 122 29 77 82 187 73 50 22 139 134 148 32 179 92 181 137 50 45 103 197 100 71 91 174 5 57 149 148 45 90 28 55 84 15 113 23 21 107 50 93 164 141 138 140 153 15 23 159 20 166 106 189 157 18 164 179 189 93 36 169 174 90 138 115 127 177 177 4 61 187 83 192 115 50 2 43 68 132 155 124 93 154 154 80 14 197 12 109 89 23 195 177 129 131 66 149 47 181 47 167 173 160 176 121 68 190 38 179 145 155 32 104 89 127 88 14 184 41 150 126 172 107 143 174 14 
162 38 23 111 65 17 107 170 129 3 178 59 176 185 80 121 35 97 65 196 58 92 36 145 9 50 173 10 23 135 128 135 130 161 94 101 153 61 140 52 43 89 91 87 109 8 119 21 51 77 17 77 73 148 29 171 110 151 145 172 24 99 9 81 79 176 1 103 115 135 126 95 177 184 84 108 105 143 158 31 138 7 110 38 75 83 167 25 34 3 58 136 138 75 85 18 196 91 108 68 56 24 123 141 191 130 71 97 120 31 36 166 180 80 119 122 45 44 182 36 179 26 172 91 61 172 67 4 197 168 179 124 86 53 83 128 161 11 82 6 45 3 88 150 135 165 116 140 52 176 
12 184 69 187 66 42 11 45 149 188 176 128 97 197 168 45 166 181 39 87 55 11 97 55 30 3 80 107 96 8 98 184 93 190 141 102 51 178 163 88 181 187 27 184 198 38 83 178 64 7 177 95 83 5 199 135 142 18 131 86 98 138 128 70 43 64 161 52 106 83 47 1 164 119 36 137 129 154 132 93 117 113 19 130 77 94 151 101 68 27 130 81 47 76 17 158 90 71 196 191 171 94 48 80 172 178 192 157 14 119 82 168 8 74 196 58 185 107 54 136 81 177 19 62 62 53 178 40 90 115 118 14 144 77 4 13 64 56 163 27 195 112 64 187 109 139 186 157 99 70 
36 110 144 146 108 159 26 92 125 118 45 194 25 172 98 149 143 76 56 184 9 150 57 66 172 144 169 98 186 37 198 40 18 150 100 39 21 15 3 188 187 115 99 189 194 179 53 91 12 24 87 178 42 25 186 25 127 98 33 161 115 65 163 97 150 47 142 26 84 73 176 32 101 71 12 39 6 67 6 83 90 30 153 61 94 83 155 45 8 134 178 191 15 178 196 37 19 172 140 108 21 134 27 52 22 23 62 179 145 106 45 93 169 88 195 174 182 164 166 112 38 110 120 118 57 90 94 46 187 134 36 194 54 91 67 152 80 51 76 139 54 134 88 64 150 122 81 49 82 128 
5 41 169 51 113 90 138 17 136 142 117 117 153 142 74 77 160 26 14 30 78 48 30 25 136 191 193 167 50 94 25 34 143 8 141 67 64 134 122 103 39 104 19 71 3 24 43 99 60 91 93 59 177 172 188 27 116 19 146 136 136 135 39 68 78 46 109 5 1 196 184 118 62 178 154 102 187 175 91 77 60 188 200 178 72 104 89 52 25 110 191 152 26 126 105 27 124 132 85 46 116 13 149 143 10 179 163 37 109 150 174 131 196 29 148 124 190 42 158 63 42 115 63 50 35 118 49 152 10 191 180 8 78 107 55 66 114 12 69 140 159 97 87 108 190 90 81 31 45 90 
179 29 168 109 161 37 48 115 93 144 40 126 159 174 184 191 196 50 59 168 98 127 129 194 38 14 140 67 68 19 41 2 52 94 145 105 147 86 41 2 105 70 195 101 180 149 166 4 23 66 106 130 91 151 174 97 88 22 68 162 131 88 106 140 196 101 38 154 72 182 22 134 166 90 141 129 56 4 92 148 174 54 116 92 150 154 20 67 143 8 45 20 150 193 45 107 152 128 155 111 137 38 11 169 172 46 168 181 114 27 115 89 186 106 73 117 19 75 159 150 41 162 134 2 13 173 49 158 170 190 131 107 185 89 55 135 157 122 45 200 115 123 68 112 153 200 117 192 97 129 
66 101 62 140 91 80 37 60 28 168 183 20 129 155 126 121 155 24 157 144 92 87 35 54 134 85 84 143 165 66 146 18 24 197 183 85 90 176 144 174 64 44 139 41 65 105 145 135 102 133 51 57 5 179 98 131 18 64 68 112 143 133 95 138 155 106 7 26 82 135 71 132 179 176 101 20 139 64 81 52 41 41 61 101 121 9 76 66 108 140 125 182 132 97 85 56 150 45 156 32 118 189 3 5 46 145 66 46 67 98 47 53 66 65 110 20 69 71 79 199 146 156 68 42 166 140 193 128 132 53 39 186 173 66 84 54 18 25 159 45 94 164 57 81 49 157 15 126 55 98 
109 10 156 165 130 126 164 9 102 44 27 53 113 156 177 9 165 9 132 185 151 172 162 173 4 127 100 198 141 21 54 78 123 134 47 153 56 68 115 96 60 8 164 190 147 125 94 78 39 98 116 69 15 23 101 84 193 55 198 78 16 175 196 184 184 10 194 135 51 168 33 121 195 88 144 54 16 138 174 200 60 98 41 114 152 151 151 136 60 56 35 123 163 126 154 49 164 63 140 188 48 74 26 121 108 18 158 124 141 171 190 118 117 176 169 80 196 22 39 198 50 71 173 52 165 68 182 197 183 187 174 179 186 197 132 87 170 184 73 16 59 18 181 169 200 30 106 197 139 183 
145 162 51 12 98 95 26 143 41 85 26 97 132 70 44 66 3 65 167 88 49 143 121 68 141 84 64 4 31 113 173 73 185 178 188 152 162 87 121 127 131 196 154 31 189 131 147 12 188 123 189 173 176 180 175 173 183 163 15 73 12 169 168 176 102 159 70 43 196 25 181 86 197 194 7 43 23 71 69 5 134 1 71 194 94 187 56 129 93 131 119 153 2 22 102 133 32 160 111 84 42 146 165 61 73 53 185 57 28 188 57 125 163 167 34 81 6 32 43 76 54 156 52 184 4 177 12 58 30 22 138 198 141 106 171 3 128 108 76 117 197 46 158 65 143 79 173 168 87 33 
150 3 54 134 7 105 172 171 192 32 146 99 163 53 77 158 174 189 180 192 38 178 4 43 123 141 65 77 44 36 171 86 155 198 56 12 98 7 189 169 11 19 85 162 83 76 48 177 106 155 9 166 117 154 113 173 36 21 115 55 77 116 30 192 60 112 70 136 188 148 144 120 67 163 190 194 50 197 92 89 42 80 50 119 181 53 75 45 56 181 72 186 154 90 166 59 19 195 26 92 74 91 88 105 109 174 188 164 188 23 164 130 114 51 164 133 132 157 176 33 151 58 72 36 152 30 119 152 3 185 189 47 23 50 107 72 117 97 129 118 94 104 141 15 56 73 93 103 19 180 
48 17 17 141 126 187 18 126 39 198 81 171 140 85 75 182 179 171 56 161 20 42 44 105 23 9 19 1 48 110 12 45 22 101 52 56 120 29 79 53 57 153 99 68 77 105 136 76 128 26 72 52 6 13 84 29 4 153 103 56 12 25 68 59 142 126 140 136 159 144 74 96 186 17 108 59 184 56 120 61 136 157 108 147 54 49 96 79 183 168 60 156 163 138 90 132 171 31 15 19 180 173 133 103 32 49 100 124 142 143 106 86 134 46 31 94 162 65 16 165 140 159 117 165 172 49 115 117 120 136 88 111 151 185 152 52 145 36 77 38 77 170 65 26 121 34 137 135 195 68 
117 143 197 22 73 193 36 121 130 11 84 29 64 25 167 140 150 1 106 23 80 146 65 117 161 90 197 93 101 199 31 75 185 36 17 179 189 126 101 53 127 114 148 41 56 164 145 18 64 178 94 199 106 146 95 86 132 161 195 104 119 196 124 175 15 34 116 197 14 177 20 147 170 33 60 61 63 169 75 163 171 190 26 105 36 43 87 3 47 98 149 97 156 135 86 139 37 87 52 83 139 172 194 50 109 129 123 139 115 128 38 43 128 86 18 181 61 3 164 38 142 96 25 149 171 169 2 99 39 103 119 182 169 158 134 150 36 114 61 155 162 190 45 177 175 77 80 113 50 4 
85 33 77 119 114 39 123 41 115 160 183 31 197 7 136 93 23 147 119 7 71 140 70 84 97 135 99 182 40 138 43 119 47 121 105 196 60 52 25 132 56 1 20 192 63 188 40 131 101 6 44 154 26 123 141 5 127 5 9 181 131 109 97 83 99 113 159 131 122 40 108 105 17 50 29 167 42 98 162 162 142 149 53 96 108 139 14 36 65 99 99 57 75 74 128 183 120 24 29 132 72 38 21 194 132 86 141 173 180 54 133 150 184 181 134 86 67 175 148 100 192 160 169 107 44 154 124 44 160 103 131 1 102 46 132 22 135 116 140 37 93 157 178 56 162 25 171 145 170 156 
29 136 90 80 109 121 141 121 129 127 38 85 43 56 51 94 29 152 1 174 142 164 38 159 30 180 81 174 1 84 90 178 178 30 20 113 81 8 123 111 50 129 145 42 79 51 19 62 169 185 51 136 166 34 7 25 79 194 113 113 13 197 154 120 55 43 26 102 162 58 50 81 135 14 51 71 56 123 177 121 42 13 20 158 159 152 11 117 44 81 101 101 101 65 128 172 7 19 157 161 32 44 141 90 49 126 132 71 139 170 125 30 110 49 169 114 88 109 161 99 7 118 122 30 83 187 103 143 16 92 46 124 133 19 197 36 154 160 168 115 25 29 31 168 73 124 33 30 8 76 
194 139 145 7 105 96 88 141 84 51 107 57 16 88 160 64 198 110 86 93 115 169 131 171 87 146 139 103 161 141 141 105 195 134 12 24 173 67 105 109 65 88 5 68 118 172 100 19 40 132 159 111 198 153 33 96 148 48 197 65 91 156 182 128 155 96 169 23 60 183 166 184 169 147 75 62 101 20 9 2 190 83 137 21 131 18 156 25 109 105 74 168 54 38 74 28 125 104 139 62 3 29 64 64 177 139 96 94 97 97 16 197 197 166 27 34 99 181 172 18 187 58 12 132 78 200 21 49 82 53 22 174 1 11 189 128 185 82 88 71 152 116 123 31 174 39 90 89 14 141 
44 155 47 192 27 195 35 36 52 1 165 82 23 8 70 192 17 36 68 190 162 50 159 70 46 78 155 55 123 22 20 195 129 95 123 31 197 49 186 126 39 69 117 167 184 33 11 27 193 117 151 60 56 50 142 147 54 86 22 28 136 143 11 170 130 21 88 52 67 198 53 17 50 109 193 65 182 16 80 82 5 25 35 128 108 162 106 133 43 60 14 157 5 119 191 181 143 168 95 188 84 180 111 33 19 177 93 68 93 74 99 147 70 153 120 164 199 96 91 33 145 150 163 190 100 139 90 55 160 33 115 12 191 158 49 61 71 190 197 68 72 171 111 192 141 48 69 13 125 39 
41 75 73 131 22 95 56 78 9 32 53 86 56 182 22 156 197 183 85 186 60 32 21 185 82 50 44 87 69 159 75 46 162 59 166 158 47 88 67 34 32 69 184 51 68 92 98 153 50 70 42 99 162 167 23 158 174 139 67 34 184 192 189 143 52 59 169 14 185 2 104 150 149 16 117 174 92 131 85 11 37 184 3 28 40 38 179 41 67 199 162 52 68 74 67 144 19 66 151 80 123 4 200 184 144 24 14 100 25 52 93 112 118 89 61 102 133 166 27 124 88 46 188 124 126 53 137 40 96 76 153 160 103 4 66 22 114 2 31 131 170 160 145 51 123 72 140 73 140 3 
123 93 106 124 179 189 110 129 166 20 154 67 167 174 55 38 153 127 86 10 197 49 132 130 128 82 191 196 166 137 52 16 99 11 184 35 79 167 120 55 141 176 20 192 167 138 137 165 48 46 58 132 104 173 130 78 42 10 2 150 49 28 187 74 174 67 149 133 134 120 187 173 50 175 14 163 107 46 129 181 147 135 35 42 71 131 181 87 65 90 141 23 106 98 130 128 56 102 155 111 95 71 35 73 109 20 78 63 176 50 25 101 8 86 199 103 41 87 112 75 179 130 97 163 85 154 163 103 100 98 81 9 5 108 36 165 156 100 74 33 90 46 15 128 3 27 113 94 26 23 
40 198 68 89 70 50 193 36 41 110 199 197 92 25 18 89 19 10 6 25 57 151 105 134 130 192 41 117 55 23 34 159 95 24 7 103 119 81 151 5 70 174 172 166 187 11 196 199 44 4 21 182 185 147 136 159 33 64 89 64 113 47 90 6 138 123 139 131 194 141 146 7 190 58 199 101 97 125 175 21 102 73 135 179 117 149 96 45 86 151 13 131 170 192 171 196 5 180 74 168 32 167 188 145 125 87 56 93 112 84 169 159 107 6 94 76 114 96 156 27 44 133 60 186 183 196 101 43 39 18 5 166 155 178 37 176 7 95 197 89 115 10 21 89 188 100 174 191 14 158 
37 96 155 178 143 81 124 71 66 111 65 110 45 116 135 51 114 124 30 62 181 129 16 85 150 187 194 115 40 196 65 184 39 125 192 129 41 47 137 182 28 183 129 5 111 88 110 187 61 67 186 125 48 164 173 19 89 191 53 163 51 199 93 69 114 4 188 83 180 143 133 169 47 60 79 38 156 35 197 100 42 111 186 90 143 198 57 115 56 79 60 101 128 37 63 50 20 156 83 83 146 154 190 196 128 60 179 74 70 146 16 38 197 180 111 183 90 167 194 26 123 66 96 177 19 99 83 102 57 133 175 8 57 47 7 47 81 137 68 81 149 179 120 120 117 175 79 113 171 188 
118 1 124 24 103 151 33 46 120 17 139 139 111 167 182 108 115 75 48 43 19 43 96 150 26 65 108 69 59 186 63 103 44 83 42 110 176 14 83 3 104 107 143 130 13 166 163 100 163 37 101 150 21 144 49 147 189 81 178 200 196 161 106 86 75 158 164 118 89 45 150 181 144 158 90 179 30 189 15 106 139 30 105 155 122 26 34 108 55 180 177 28 178 200 114 144 134 135 22 135 43 66 100 38 51 23 176 191 159 150 1 199 157 1 41 132 197 189 90 184 10 99 105 123 125 34 17 185 4 149 65 104 180 9 26 9 141 53 96 31 132 173 66 149 52 193 148 53 24 112 
14 9 36 169 24 18 173 106 186 127 174 83 73 168 47 116 124 109 160 33 75 68 116 97 4 119 48 200 90 41 62 179 140 164 81 9 157 131 108 167 94 110 81 54 90 42 194 3 7 180 43 72 197 35 161 128 171 41 82 24 8 162 118 173 192 47 118 97 33 68 191 138 88 54 70 51 171 153 8 52 169 200 153 56 199 189 37 55 3 64 178 184 130 181 134 192 11 44 21 187 51 189 76 196 171 102 133 108 139 70 11 2 40 97 83 107 3 169 151 185 154 25 71 90 79 112 143 29 131 44 51 57 42 33 58 46 41 134 18 47 3 106 70 168 103 67 190 122 144 172 
178 128 132 46 101 30 130 52 119 64 165 32 160 152 140 91 131 159 130 67 103 75 59 57 101 193 149 40 176 148 32 87 46 87 194 162 149 93 108 139 97 143 139 97 146 81 29 40 115 177 99 102 171 104 115 31 32 110 108 126 127 184 179 79 172 97 172 160 184 197 54 107 139 44 91 80 156 48 124 2 149 80 119 27 66 120 94 61 41 53 87 51 160 84 161 47 97 88 80 188 170 7 63 83 152 9 110 141 157 28 66 189 158 141 191 72 8 83 12 106 15 39 153 83 62 55 66 165 1 108 78 20 7 54 172 16 61 107 35 92 154 37 31 195 83 127 169 29 52 171 
165 196 127 141 19 84 139 41 41 112 49 20 56 56 25 195 189 78 149 142 105 159 82 155 129 96 46 58 90 68 176 102 176 110 67 182 152 167 90 115 154 57 72 54 84 142 145 117 28 79 197 108 104 5 95 47 46 90 19 8 187 161 1 30 97 44 159 51 54 71 172 157 66 113 2 92 130 124 191 127 145 44 160 5 196 102 3 142 100 36 187 85 169 37 190 131 118 22 49 169 16 140 31 173 113 96 38 124 186 25 96 146 113 189 129 197 6 112 53 131 24 88 116 195 42 51 153 119 194 7 152 25 3 90 166 10 171 200 81 112 10 168 16 108 3 146 134 104 44 14 
78 184 60 101 31 199 113 173 104 3 98 154 150 72 161 113 140 29 14 29 16 161 16 34 2 29 197 55 105 88 69 49 88 10 105 142 29 132 92 170 32 189 164 34 191 79 5 56 128 87 145 174 105 71 86 62 39 32 79 182 110 166 199 124 197 60 160 79 170 170 44 30 148 175 112 115 136 39 76 156 111 93 78 76 59 70 161 111 104 6 123 152 13 160 39 194 138 60 69 51 174 178 57 57 2 166 78 63 109 75 137 131 49 118 115 198 30 46 147 54 103 101 32 50 147 157 46 51 185 144 122 169 48 48 135 12 51 57 161 65 62 75 2 122 99 64 179 31 121 183 
195 118 162 55 176 168 84 191 50 127 18 8 5 159 149 134 78 1 110 74 65 127 91 15 101 106 169 57 160 84 148 72 118 185 170 123 150 57 164 131 51 155 185 96 184 150 183 21 83 167 11 32 143 112 70 119 82 48 131 144 157 167 174 152 59 76 51 163 190 64 120 80 187 78 74 98 68 98 145 45 99 93 83 79 15 43 145 68 39 141 75 160 110 14 104 14 181 189 54 197 114 78 57 174 57 179 179 75 32 196 21 39 106 149 7 33 53 26 7 40 18 171 183 111 196 165 142 165 3 16 79 167 84 30 58 133 199 84 89 132 118 31 44 175 108 198 142 65 47 37 
68 124 154 48 125 38 198 32 119 126 33 182 104 18 41 165 20 176 44 65 29 184 18 141 129 63 150 27 62 104 23 152 16 108 188 104 89 72 182 150 194 29 41 24 133 59 26 109 145 129 145 101 22 143 58 71 168 125 92 180 91 100 189 94 145 96 104 187 67 14 44 191 191 163 15 9 157 21 199 94 156 142 162 188 100 116 103 133 157 99 25 181 101 160 153 73 38 17 60 85 159 33 84 132 62 56 130 125 76 75 173 64 31 101 167 63 162 93 182 154 157 29 47 172 120 181 144 34 75 132 172 44 141 87 144 117 160 46 71 156 16 112 49 165 87 5 159 163 184 146 
23 97 176 107 109 198 150 68 51 27 7 54 188 42 140 163 80 53 66 126 103 94 185 55 117 180 2 20 44 21 31 186 110 35 68 199 58 98 100 179 69 16 13 70 167 172 176 117 90 137 150 91 198 35 42 81 171 142 19 111 148 99 131 68 133 144 170 78 94 198 21 89 95 67 117 174 188 71 83 127 124 118 184 19 105 56 107 179 51 41 25 101 81 96 157 85 197 189 162 156 24 38 189 155 42 121 91 80 120 3 27 120 154 175 28 37 38 145 195 84 123 55 6 49 97 133 34 106 174 46 14 27 118 39 78 28 122 124 155 29 100 193 12 24 195 160 61 38 105 181 
7 118 6 67 124 26 11 102 69 185 131 65 179 165 96 185 109 125 6 25 173 16 124 1 108 33 124 189 39 198 112 106 38 76 177 68 119 56 51 114 120 17 102 56 96 134 133 115 79 166 91 186 53 15 131 118 186 126 9 90 141 45 58 192 70 29 150 31 111 122 65 29 11 71 82 122 198 181 53 46 122 87 158 139 22 36 58 34 172 2 78 95 189 144 120 66 95 113 73 109 88 61 41 103 168 189 130 171 20 54 185 6 145 93 175 112 38 99 150 191 82 184 101 190 153 74 55 114 144 112 100 197 197 31 57 134 64 161 99 36 45 118 196 112 56 158 67 88 49 4 
14 120 78 30 151 93 123 124 47 70 178 168 29 49 170 112 25 152 166 198 82 85 15 144 7 45 94 133 28 129 146 16 164 183 189 89 172 55 142 77 188 27 70 116 45 187 36 153 187 117 41 118 198 62 170 123 37 5 29 111 55 53 86 36 184 12 199 66 44 17 110 167 134 58 113 109 35 61 47 195 54 42 105 93 122 101 193 3 137 11 51 180 180 26 68 145 99 72 116 111 124 155 51 66 171 125 180 117 83 57 25 195 163 103 97 86 192 191 68 176 150 195 25 1 118 113 15 112 174 46 184 42 150 41 98 97 135 64 155 13 83 125 14 147 60 164 70 70 87 145 
107 178 74 199 147 77 169 81 60 82 6 199 31 189 20 172 116 196 41 99 99 143 146 58 25 111 123 59 175 187 58 93 121 143 184 187 87 143 106 133 65 26 191 37 48 192 16 140 81 171 145 160 31 49 145 169 178 187 146 112 137 108 29 161 137 95 168 64 40 106 147 115 159 38 90 129 199 99 111 102 71 88 104 13 80 42 56 194 13 96 139 6 151 135 68 129 197 37 11 27 168 3 44 113 164 112 173 192 113 28 19 155 179 66 41 73 84 147 50 62 89 155 157 16 154 44 55 139 76 38 64 39 158 32 2 6 69 122 99 49 143 1 25 79 193 29 45 193 109 111 
59 145 170 186 80 43 145 189 107 106 19 177 29 168 15 156 46 35 177 146 85 188 197 78 108 19 64 17 91 51 166 171 122 159 171 82 7 164 70 18 165 133 133 39 111 2 17 165 10 13 176 46 163 50 17 198 147 50 131 170 84 13 49 88 180 119 154 109 89 172 96 55 95 80 168 164 106 44 98 39 140 192 116 6 35 59 76 109 101 195 29 162 58 27 116 144 34 179 128 193 23 190 50 36 199 22 28 159 37 185 188 119 52 200 8 140 27 73 76 77 174 44 80 164 3 96 71 147 49 35 169 23 112 179 66 104 180 97 153 55 60 50 79 70 113 119 87 177 73 61 
95 149 179 10 76 109 72 173 8 147 163 165 149 72 136 148 50 80 75 163 197 162 64 43 156 66 13 61 127 78 115 127 128 110 133 68 98 101 29 140 121 46 14 84 109 188 40 35 70 121 88 29 55 52 61 39 78 150 115 35 32 192 141 7 192 170 171 55 108 24 120 171 118 35 146 72 97 63 60 182 142 30 189 151 171 22 121 40 73 97 178 142 67 78 166 145 190 146 137 2 193 46 169 32 107 89 25 90 10 107 71 136 199 179 111 127 181 5 156 22 158 162 99 12 103 25 4 176 95 71 166 177 150 147 178 54 126 53 62 69 14 82 51 102 68 69 114 138 162 3 
83 186 32 157 142 73 124 44 11 167 188 151 125 194 197 48 174 69 183 185 64 78 147 85 70 127 29 173 140 81 61 140 19 63 51 116 12 86 148 69 96 124 192 66 148 30 2 79 155 1 50 103 194 131 156 79 19 1 14 191 194 180 93 140 14 83 146 17 72 155 34 3 129 198 199 11 83 112 28 34 94 57 1 116 96 45 172 18 25 41 192 44 150 158 149 18 69 95 144 175 170 12 44 124 66 74 22 159 194 108 174 120 168 97 92 132 15 99 53 116 52 186 180 51 9 153 55 114 189 30 4 39 32 57 137 107 158 71 111 186 15 106 121 40 156 148 28 77 178 123 
31 5 178 89 16 7 5 10 119 48 15 33 190 120 114 188 39 152 4 102 50 65 72 64 73 107 10 32 51 97 55 98 74 38 140 200 136 171 29 66 103 183 90 166 25 88 63 126 136 111 168 42 168 186 171 76 69 123 15 172 15 105 149 55 186 87 68 48 99 133 188 156 29 200 17 56 57 167 127 20 103 162 80 65 32 163 158 83 200 47 177 27 190 185 57 111 4 41 144 132 10 95 37 196 20 166 73 68 112 11 139 112 15 28 122 88 26 115 14 58 77 100 57 60 2 82 156 107 141 23 163 107 189 172 100 134 184 139 162 129 128 195 174 106 81 140 57 160 99 3 
107 104 113 26 88 28 116 39 60 148 10 187 136 192 121 161 190 160 61 188 94 84 13 158 181 152 134 159 3 175 163 97 19 154 99 90 163 74 160 16 123 5 45 70 184 200 185 49 33 87 138 79 145 141 185 70 59 170 177 186 70 117 91 158 137 114 63 16 59 56 1 25 81 191 34 91 74 12 3 140 75 18 127 15 133 170 126 125 145 196 13 98 114 52 20 141 143 48 100 153 101 175 106 120 157 180 97 78 156 168 93 130 94 142 16 158 118 66 127 53 112 67 137 187 39 72 46 128 56 95 141 163 70 136 78 33 57 46 142 24 188 105 176 133 68 25 11 162 99 81 
27 96 120 53 197 85 36 92 37 71 100 5 71 74 73 6 66 132 55 5 183 140 29 128 112 46 142 163 36 162 97 83 14 177 158 77 39 93 104 60 107 157 58 155 9 65 109 34 187 139 114 142 115 107 31 98 64 127 50 13 163 172 177 9 186 42 52 72 103 82 126 194 181 105 37 3 36 48 140 140 144 3 105 15 21 58 5 150 20 127 196 194 111 112 180 164 195 146 109 44 178 166 178 33 185 90 157 116 102 89 95 117 120 27 192 91 72 23 163 143 147 200 174 189 22 172 75 153 105 117 18 25 138 44 49 136 158 158 107 6 80 154 57 36 37 94 195 125 146 98 
198 137 73 68 75 112 85 27 98 191 130 179 171 166 13 98 180 47 18 106 175 83 160 49 180 83 6 79 72 44 28 19 199 156 113 65 125 104 134 59 86 184 84 109 98 95 76 109 169 134 123 154 84 194 144 199 123 153 76 64 172 197 182 185 34 40 89 93 141 28 187 195 120 10 68 115 83 182 72 199 95 12 7 172 50 144 34 138 32 200 176 160 38 59 175 113 161 52 200 106 94 141 150 195 48 176 96 16 151 28 31 30 30 34 171 44 81 170 114 200 46 13 17 86 64 19 167 112 12 114 26 48 162 169 32 156 10 38 48 151 9 93 169 9 68 157 126 166 6 200 
143 63 64 29 136 141 58 119 93 14 82 128 74 15 198 157 154 161 46 137 141 29 92 59 170 158 138 76 126 199 41 119 156 110 99 121 91 195 20 150 188 64 68 5 136 43 19 14 49 16 73 128 69 140 29 63 53 89 26 43 136 160 27 76 60 74 180 96 50 57 43 85 198 160 15 129 130 88 185 98 56 194 112 110 64 33 141 107 40 163 143 162 91 171 142 195 115 87 50 126 7 198 111 137 117 110 156 2 35 186 196 127 182 150 144 134 127 104 5 64 127 91 110 152 80 166 79 160 145 65 163 80 194 39 128 126 78 3 169 94 49 167 150 177 50 29 153 118 75 136 
52 179 158 161 17 120 119 64 57 158 75 53 159 135 26 176 61 134 69 23 144 70 34 193 157 10 36 16 104 107 172 196 189 22 45 108 196 83 21 191 101 84 174 65 23 179 105 45 151 125 134 155 34 37 3 138 132 117 90 149 89 159 171 123 136 6 176 157 91 38 69 102 164 140 187 79 175 130 145 82 10 128 177 92 135 131 158 181 126 104 108 177 143 196 198 59 167 6 140 197 122 115 50 27 93 82 13 127 125 27 148 68 153 40 94 39 185 184 65 122 153 17 20 128 178 179 91 41 81 65 51 74 114 164 21 171 140 80 167 122 128 21 41 131 12 184 152 32 188 110 
85 100 137 196 84 5 129 196 60 18 93 29 19 17 30 160 49 38 108 100 4 29 127 112 89 18 45 181 191 151 178 164 171 68 50 17 172 76 78 103 5 104 23 152 73 64 70 149 154 19 160 129 46 101 85 186 147 132 131 106 132 126 31 73 199 158 189 77 196 99 137 188 173 38 194 54 19 144 62 105 34 41 148 50 93 179 148 91 164 55 97 116 195 78 155 188 13 50 113 50 93 14 188 119 61 30 119 97 60 176 123 48 195 116 35 4 102 123 119 163 134 42 117 140 133 172 60 170 155 27 139 87 56 5 86 105 159 117 166 102 74 195 158 185 159 177 186 46 95 115 
117 184 107 89 8 125 186 138 49 35 144 93 177 47 22 142 195 47 114 85 47 83 37 162 171 133 192 130 115 115 136 9 141 110 138 138 3 12 161 7 155 163 106 46 76 7 87 197 92 194 143 13 171 166 31 5 87 158 154 44 10 45 55 160 63 35 5 88 144 119 119 198 114 160 95 89 98 11 170 105 179 196 35 145 122 138 170 174 7 46 144 191 132 120 33 15 22 191 154 192 34 9 154 185 116 156 44 62 68 102 71 9 3 86 9 111 35 58 102 166 175 26 37 154 5 112 113 191 173 137 27 169 195 141 128 27 124 173 82 55 88 164 43 77 45 72 34 40 196 153 
45 92 87 158 92 62 181 58 2 174 102 187 129 96 92 135 78 80 33 107 66 104 79 131 127 6 29 109 5 95 101 78 126 160 58 88 123 14 114 138 199 47 42 18 117 25 29 121 149 93 198 58 142 133 134 23 192 186 124 43 142 149 30 114 94 145 145 62 86 62 159 136 119 94 16 54 120 1 182 95 46 8 50 47 36 193 138 93 158 145 47 99 196 42 172 115 163 142 78 17 171 170 87 27 56 116 130 132 26 173 133 147 154 129 67 107 61 82 183 188 167 48 80 68 153 142 151 156 13 94 186 90 139 26 67 144 76 122 80 114 80 4 27 8 167 93 126 127 81 145 
132 162 106 86 46 107 185 133 109 163 96 180 36 97 19 127 119 163 100 109 191 43 45 52 137 119 14 52 130 105 137 44 189 145 59 43 197 174 149 173 10 101 118 121 101 145 189 2 160 181 199 27 133 174 120 194 186 131 155 142 29 136 104 104 64 5 65 196 151 146 103 169 94 83 78 32 153 28 105 123 173 170 26 13 47 176 65 183 2 78 81 97 140 146 59 34 52 1 43 197 189 38 178 72 71 196 39 76 9 116 173 100 118 64 92 62 85 54 198 61 134 169 31 102 113 187 56 73 56 67 141 117 9 85 49 51 150 95 166 94 118 75 191 108 118 4 128 112 194 25 
23 38 17 158 197 172 137 41 92 23 138 75 187 82 149 8 152 48 146 63 24 116 143 5 143 142 14 117 133 178 6 3 169 102 190 131 108 115 118 106 130 14 46 92 21 71 95 159 64 88 68 183 86 188 119 92 156 90 45 198 176 179 68 34 60 153 104 135 152 133 99 181 173 33 90 119 15 98 62 119 43 151 23 8 147 153 157 120 185 45 81 92 187 31 142 135 168 53 62 40 153 64 126 110 1 146 43 39 33 166 137 195 197 66 67 178 191 106 27 35 25 119 114 70 90 153 186 93 184 66 70 169 170 158 121 158 58 89 172 40 16 177 35 105 34 145 186 185 71 93 
48 71 59 29 31 43 136 114 188 32 92 89 44 139 51 15 105 87 98 14 171 32 103 77 39 105 56 131 154 15 121 58 56 88 109 162 128 132 143 44 103 35 27 177 156 75 23 132 112 3 103 153 59 4 48 79 182 47 169 91 168 158 89 4 186 113 6 162 178 127 193 69 25 94 185 19 84 137 179 30 69 86 32 48 124 158 85 165 88 37 179 74 8 34 148 147 1 170 78 75 97 130 147 30 200 117 149 90 20 87 193 78 80 111 137 15 130 45 180 149 17 127 111 195 189 160 119 157 165 146 33 62 191 165 103 124 31 105 61 166 48 86 189 9 63 3 96 23 148 55 
154 97 24 59 102 133 13 96 113 1 15 186 120 82 63 155 146 87 83 68 149 107 126 20 104 66 18 132 161 81 106 126 141 179 192 175 31 197 191 47 37 144 30 29 13 109 145 197 161 180 100 131 189 111 75 141 83 112 86 46 161 16 169 50 13 197 142 48 181 60 82 6 155 64 156 44 115 100 89 28 25 142 70 72 113 15 193 15 64 106 83 143 61 163 31 168 161 10 171 173 173 7 99 6 27 37 7 103 183 101 144 156 57 16 154 125 128 84 73 80 55 158 79 139 187 194 44 120 167 53 152 170 196 138 172 137 76 156 150 55 100 41 137 51 33 178 190 6 21 44 
168 151 95 75 62 165 109 25 119 129 80 70 120 184 81 13 193 67 28 192 59 115 161 25 10 40 185 106 10 119 28 188 122 69 171 33 59 160 176 138 58 132 148 113 66 172 72 59 94 15 188 42 142 93 135 197 78 164 17 16 47 141 198 158 100 71 107 162 107 125 158 93 88 97 194 124 75 197 190 12 26 106 10 30 142 89 96 22 181 74 89 83 108 118 164 13 127 30 83 127 180 126 193 78 116 126 158 57 36 39 99 48 53 150 170 15 114 2 119 23 36 170 29 150 139 30 133 142 26 140 152 6 25 150 46 116 20 51 169 128 114 5 181 88 72 82 102 40 107 104 
140 88 97 199 21 76 17 180 105 199 164 32 73 132 2 142 177 69 50 59 61 109 143 165 151 23 54 143 88 97 196 143 12 97 48 113 185 62 25 121 186 31 197 67 72 136 180 35 149 74 125 101 3 61 57 179 54 33 50 140 130 57 35 159 78 66 30 185 105 99 69 68 170 199 171 122 47 75 63 52 75 171 119 196 89 113 121 63 55 92 95 162 132 138 163 181 178 52 115 185 160 24 116 91 97 108 90 100 91 111 142 154 195 145 42 100 75 102 40 23 161 44 123 1 30 110 67 96 45 30 7 5 97 86 15 136 162 187 51 32 162 81 78 65 172 39 34 69 85 75 
89 147 177 117 171 54 68 125 85 126 177 106 87 148 157 91 195 16 56 30 24 43 32 142 138 84 84 85 147 144 101 59 78 8 47 36 120 138 172 83 87 79 20 148 138 47 57 135 64 87 57 163 180 150 6 114 52 132 71 59 182 104 27 109 130 86 14 63 130 162 162 76 127 194 10 181 139 68 170 92 159 15 170 166 35 29 166 25 160 183 26 85 152 38 134 126 169 91 47 187 29 176 5 195 80 161 181 41 158 43 154 40 20 58 96 145 38 103 37 82 113 54 163 32 53 72 179 78 170 111 160 102 13 44 96 170 48 19 5 55 91 111 49 104 87 83 160 58 178 93 
30 99 43 132 43 106 111 158 56 150 193 85 120 189 84 58 28 88 168 2 151 186 27 58 179 109 33 57 144 134 34 156 175 104 189 2 99 36 76 199 147 167 152 133 47 157 17 163 139 196 153 93 156 119 50 83 79 29 200 102 190 65 24 79 10 107 2 186 106 196 107 167 19 163 7 146 171 63 119 72 166 128 24 38 67 45 154 50 136 112 137 168 150 176 109 30 174 115 198 169 169 81 25 196 14 8 120 52 26 121 101 130 154 169 125 35 14 59 48 179 117 12 78 75 72 4 199 92 18 69 164 48 189 22 193 49 86 195 174 164 5 130 155 43 199 114 19 180 168 49 
106 84 78 199 18 121 186 147 8 92 158 115 90 183 176 46 22 11 157 143 171 61 175 24 121 118 175 122 111 100 50 82 166 182 71 165 4 15 115 105 63 55 149 126 86 50 68 78 148 156 109 13 25 152 105 89 87 149 194 9 186 20 176 165 80 56 46 175 116 70 171 160 186 53 3 169 151 192 188 83 90 99 103 128 186 71 134 18 175 42 124 68 27 12 19 179 43 169 30 77 29 178 9 173 159 162 115 159 147 100 16 30 73 61 27 34 147 113 47 176 43 75 193 72 71 200 12 99 93 145 28 118 155 197 56 102 132 179 1 71 78 105 155 106 26 66 157 138 145 130 
113 136 9 76 18 103 132 116 76 39 29 58 117 132 122 147 72 84 66 64 157 67 193 110 163 114 4 163 88 20 125 61 184 156 129 81 156 132 43 191 182 154 145 66 106 70 200 36 133 67 174 133 75 132 192 72 83 122 144 97 127 175 132 154 62 35 38 63 137 94 65 28 147 78 85 51 56 132 32 100 100 150 28 160 6 26 71 6 165 64 64 184 170 194 151 102 129 24 26 169 171 26 33 147 147 55 54 5 147 87 64 42 134 184 90 70 29 127 61 125 95 184 4 200 150 192 59 153 108 77 29 147 72 86 143 83 63 120 16 48 74 184 157 150 12 43 36 40 131 97 
163 148 12 184 50 121 100 54 70 108 93 79 3 108 161 45 146 146 163 69 199 123 117 193 100 123 182 150 127 74 166 93 147 88 155 187 143 129 76 185 114 177 112 52 9 38 124 195 98 108 44 195 52 120 100 168 22 97 30 43 39 192 49 118 85 92 97 29 200 31 50 139 43 76 34 51 127 2 84 175 37 197 138 183 38 77 120 3 162 167 143 147 69 173 33 94 174 64 128 142 190 96 53 122 180 166 29 179 176 178 131 120 7 53 109 200 75 70 173 152 60 3 192 95 68 143 181 152 195 41 131 92 129 38 115 63 70 108 164 108 192 125 148 95 159 139 5 28 135 198 
154 113 165 131 119 101 105 18 156 48 98 109 111 178 69 164 137 73 89 105 46 177 116 93 155 142 147 45 90 80 145 14 154 145 157 112 7 182 59 15 56 148 25 117 47 61 185 64 123 192 144 175 70 186 66 39 71 172 93 134 157 194 72 181 111 76 1 77 171 196 74 35 54 1 17 33 22 43 83 149 108 162 34 132 111 193 168 80 176 138 97 193 131 93 120 141 95 77 5 166 12 1 117 183 171 33 194 37 35 178 33 187 15 194 91 43 55 174 101 185 53 187 52 16 102 28 89 22 87 170 41 162 70 135 62 130 196 43 176 40 68 84 74 192 112 99 32 7 190 85 
144 52 158 128 34 164 59 98 102 170 164 190 33 157 190 87 85 187 98 128 129 119 60 150 12 20 105 141 160 185 161 88 72 163 13 125 9 177 122 7 49 24 192 138 113 16 133 58 15 113 91 160 181 121 57 142 82 76 135 58 115 135 133 143 74 162 69 191 39 35 41 156 178 84 127 87 164 153 24 173 151 120 125 180 143 73 118 144 199 167 46 55 68 135 174 60 58 53 104 10 96 169 76 49 68 149 38 98 89 168 73 157 135 62 176 127 173 151 149 193 33 126 84 194 91 86 109 17 96 59 54 31 164 110 188 96 88 37 160 128 188 175 26 164 22 85 50 31 140 59 
55 66 175 198 108 198 123 125 44 148 11 24 57 122 166 23 128 137 170 178 58 187 165 5 87 120 82 55 18 178 176 155 83 19 150 133 40 187 73 100 16 12 35 138 166 131 23 192 180 109 43 176 192 172 188 26 48 180 141 114 167 141 37 11 45 180 55 42 11 138 144 154 74 158 20 36 120 24 129 167 86 32 113 31 32 143 119 68 116 156 69 146 43 4 7 157 171 25 31 154 85 83 47 32 17 125 39 140 28 134 195 150 166 196 140 91 144 87 187 57 24 66 100 141 66 99 82 88 52 193 69 99 121 42 92 88 12 111 72 188 34 5 67 35 72 197 70 76 195 2 
185 55 162 100 164 67 146 126 137 82 131 5 193 41 46 141 72 168 21 168 57 173 18 198 170 7 116 156 108 120 180 5 112 139 128 165 80 66 179 190 161 154 193 121 75 29 104 74 129 49 145 135 150 171 159 109 53 148 72 21 191 129 41 29 31 70 147 91 198 68 191 46 138 42 182 96 145 82 192 45 130 85 130 83 160 11 74 172 110 167 187 42 149 178 54 171 18 64 132 21 200 121 65 55 94 184 7 36 74 21 110 195 42 163 162 94 2 60 115 156 131 122 31 130 171 91 109 61 69 157 140 162 188 63 106 112 84 25 136 189 190 104 147 67 118 168 73 27 160 192 
82 118 175 2 103 167 85 126 130 189 141 175 35 72 85 107 175 148 16 39 98 17 21 175 96 134 149 24 119 21 10 100 170 128 148 39 32 133 94 174 86 13 90 92 175 59 13 36 89 139 119 117 23 75 31 148 121 57 77 129 39 14 82 70 141 6 81 124 58 69 29 170 196 156 120 190 80 42 81 170 73 6 199 143 111 126 141 117 41 15 112 77 124 158 122 113 127 156 57 89 149 25 63 116 177 23 7 117 83 49 70 147 32 110 1 15 173 118 177 197 101 143 56 5 103 70 184 118 102 54 27 119 142 151 49 43 151 92 79 43 72 47 113 51 34 101 5 66 104 91 
10 27 142 130 104 180 84 156 172 166 136 191 74 168 147 15 134 13 73 136 47 78 63 149 77 166 42 26 75 185 128 67 39 99 87 32 71 26 142 68 156 147 183 76 148 148 146 94 152 134 109 54 44 2 67 162 30 1 51 63 62 147 70 158 148 173 61 57 35 187 30 100 57 5 9 148 127 42 115 163 8 5 188 199 95 174 34 54 139 187 190 170 170 196 47 182 87 116 66 21 7 184 24 155 192 152 173 168 162 175 86 11 189 19 168 145 142 61 183 20 135 38 88 183 169 58 12 153 73 8 160 15 147 73 118 17 45 74 75 152 81 118 45 71 126 116 165 137 117 162 
46 184 72 49 164 150 42 130 82 175 200 145 144 34 88 41 178 77 169 141 135 173 33 32 113 163 75 51 5 62 98 2 152 146 149 16 57 39 81 88 48 80 7 180 129 27 66 84 7 25 68 177 30 79 155 183 183 133 124 198 44 177 56 80 168 93 49 199 130 112 117 195 110 18 106 1 1 89 168 12 135 9 166 7 109 110 41 86 108 192 189 187 165 159 35 165 50 197 72 38 61 96 96 87 163 86 114 24 105 78 19 190 45 152 25 104 17 79 111 17 95 11 164 88 75 102 5 146 188 72 162 60 17 12 148 29 76 107 142 61 50 14 99 57 156 69 93 66 155 43 
86 76 56 5 137 184 94 37 175 36 134 66 177 110 33 193 136 30 25 180 154 19 29 183 7 45 122 114 192 151 43 186 67 39 182 108 57 151 83 37 153 124 175 162 196 50 62 191 45 175 26 47 182 133 107 16 107 62 170 195 84 36 149 43 75 170 96 73 175 14 195 149 45 87 57 85 35 97 144 130 150 155 86 105 81 63 159 6 90 105 197 19 67 83 43 12 198 91 119 101 55 144 87 81 194 8 64 194 129 159 169 49 185 125 103 54 161 72 29 164 60 195 169 30 58 73 97 150 136 61 23 121 148 191 198 95 133 41 178 5 109 57 157 36 83 158 112 35 96 28 
127 101 200 169 199 127 62 58 60 112 8 101 11 26 85 23 145 99 86 8 120 69 117 104 29 1 137 133 51 15 154 153 85 77 63 104 151 16 150 183 130 132 7 139 24 129 117 41 44 190 84 85 69 22 117 11 21 132 11 122 53 52 8 10 165 86 64 35 139 185 95 172 147 74 73 37 190 135 99 29 6 185 119 4 134 67 59 119 84 81 140 127 127 85 106 54 50 165 139 19 118 149 84 168 57 177 20 37 56 144 153 23 73 68 148 40 20 34 159 70 46 153 197 128 188 190 10 193 134 120 119 61 64 150 76 181 138 191 118 124 73 41 6 82 65 76 122 48 42 31 
174 153 160 145 14 153 145 87 6 111 32 194 150 79 20 157 183 178 145 173 23 3 111 187 76 92 20 168 15 156 8 116 25 91 197 44 77 149 26 152 13 170 56 91 28 135 93 169 170 1 137 56 178 178 54 53 96 52 22 65 92 162 37 50 155 100 90 139 102 158 39 135 183 48 191 146 131 154 146 52 18 111 151 145 24 26 190 5 147 119 99 56 19 75 181 124 25 69 138 160 69 152 91 98 184 124 90 84 75 58 161 69 24 63 117 95 163 115 103 119 78 118 46 7 196 165 40 109 144 195 36 125 143 169 176 148 96 78 164 198 92 93 157 161 58 60 134 68 157 96 
78 128 98 118 26 183 87 161 42 116 184 156 155 22 112 8 42 185 86 146 188 93 138 26 53 33 43 145 156 154 154 58 14 152 183 10 165 81 44 41 157 133 4 197 96 123 3 10 162 67 65 94 50 77 86 106 139 136 44 168 77 9 31 167 141 139 78 162 32 58 7 11 148 62 189 61 86 199 29 138 23 1 134 101 1 47 173 165 18 58 14 65 33 156 159 102 182 41 172 75 152 35 110 109 89 193 40 117 116 3 195 72 166 109 1 123 69 32 66 58 49 48 180 32 83 186 173 5 5 90 35 18 2 59 156 10 99 115 68 31 55 25 78 160 75 14 72 103 117 14 
160 167 55 196 65 88 78 57 31 1 33 26 39 179 108 46 193 34 149 60 106 142 167 146 64 104 56 71 157 127 161 8 184 10 103 8 149 167 43 148 139 13 63 55 5 31 139 48 93 77 101 62 166 67 136 175 165 172 27 16 147 55 138 176 52 174 9 132 194 28 31 124 12 161 142 11 195 189 54 188 173 64 114 2 27 124 52 97 200 21 196 49 71 36 113 54 129 85 72 66 9 103 144 52 30 199 151 80 139 190 45 46 87 90 30 182 64 60 171 2 177 22 20 39 40 140 121 157 125 21 150 183 66 167 129 28 159 174 107 27 92 32 183 129 69 114 84 172 107 104 
94 15 43 177 98 12 165 78 200 141 197 7 101 20 59 122 197 19 45 5 104 76 121 112 62 187 133 146 41 26 128 132 41 13 47 128 12 22 73 60 107 117 80 34 153 139 155 80 159 179 74 164 196 110 76 176 62 160 22 109 112 112 40 129 31 108 9 61 125 139 82 50 189 132 52 49 151 57 148 187 144 152 10 132 150 46 167 131 89 71 120 64 174 34 39 19 137 151 84 154 196 13 114 200 76 185 8 135 4 12 63 42 94 18 84 186 121 38 70 144 178 132 12 190 3 158 16 117 85 97 77 25 165 58 42 53 13 178 116 119 128 62 183 49 173 21 2 62 126 133 
18 67 88 19 182 52 136 56 177 171 156 186 141 121 172 129 126 110 128 53 37 157 51 10 66 95 43 196 15 196 156 130 152 171 159 168 153 106 24 18 82 188 63 196 101 114 63 164 130 151 104 70 180 129 90 102 165 181 145 64 100 47 96 88 115 52 54 36 14 3 68 108 106 26 41 23 5 134 163 164 51 84 25 72 89 164 3 42 166 101 148 170 198 110 151 176 131 156 68 111 27 169 140 149 17 58 162 77 113 138 178 6 48 157 27 165 4 38 48 193 61 144 75 80 4 106 117 103 129 59 177 52 197 143 56 77 121 48 18 138 50 184 100 109 135 93 51 113 153 44 
65 137 53 15 132 185 29 101 186 50 36 5 61 87 197 11 84 53 140 143 57 81 51 160 75 58 127 13 154 157 87 88 117 183 65 90 120 194 193 127 102 121 179 6 81 106 20 164 163 124 25 185 182 110 91 90 57 141 149 171 163 154 24 14 94 74 33 31 19 163 90 121 77 168 28 37 76 151 14 146 149 66 184 56 183 198 61 87 7 147 127 73 34 122 52 99 17 17 53 115 90 148 26 76 191 64 17 17 66 74 81 16 15 108 130 1 151 23 83 173 173 144 119 170 38 115 179 142 139 28 3 112 142 199 131 133 42 41 153 127 195 93 157 49 56 71 32 114 92 109 
73 131 5 52 167 32 68 199 75 30 73 182 56 112 35 160 102 176 105 125 55 153 161 23 167 155 2 11 33 159 36 48 14 81 126 65 102 181 94 27 125 151 23 82 133 64 136 174 67 97 112 142 183 195 34 97 141 125 23 149 32 90 150 123 197 45 140 99 12 194 64 67 33 119 151 54 8 15 141 184 43 80 12 19 134 78 155 143 168 151 60 75 145 184 6 198 184 150 66 150 2 118 82 150 148 111 152 86 159 37 112 120 171 41 35 92 7 80 113 99 178 130 48 88 172 81 21 194 65 131 64 9 80 33 165 191 133 94 133 168 154 138 63 29 46 2 87 96 154 8 
61 188 24 164 7 7 53 13 96 142 38 115 170 200 129 24 72 24 90 192 49 77 197 141 130 52 114 127 17 117 20 66 87 21 41 165 131 27 109 178 130 136 52 136 152 72 66 48 32 139 112 176 105 80 187 16 158 93 167 74 182 190 133 174 3 37 56 164 36 132 165 137 28 55 81 17 19 43 72 51 44 132 195 135 60 106 87 102 163 126 191 168 124 171 175 100 115 16 3 76 183 186 123 179 75 173 95 44 198 162 120 158 133 41 175 47 167 174 27 16 157 4 8 130 19 51 74 29 160 56 189 85 107 137 100 85 86 135 127 56 110 25 85 15 57 21 86 54 92 24 
105 13 102 6 64 170 141 192 153 36 126 17 21 120 67 126 150 69 123 195 89 155 199 114 137 149 175 167 49 145 81 182 141 14 139 37 103 62 50 81 67 22 30 65 85 33 76 167 20 114 42 102 51 164 171 35 79 46 169 71 162 105 20 107 70 74 101 132 151 136 27 42 131 32 145 101 76 45 90 54 39 150 118 21 195 114 82 178 131 40 77 47 27 25 151 59 13 84 82 121 193 149 18 73 180 88 166 200 182 158 33 51 66 130 150 185 3 71 35 153 123 128 126 89 91 105 7 110 35 110 154 179 196 117 133 200 22 164 83 106 40 105 149 113 142 131 196 194 104 73 
41 98 18 119 150 117 67 100 119 94 143 118 179 200 73 181 196 50 169 35 30 142 102 111 126 150 144 67 191 70 145 110 75 27 167 98 25 32 82 132 119 64 41 122 59 182 157 52 109 182 3 56 103 89 154 74 96 38 56 118 6 105 184 188 37 181 199 22 195 32 176 9 92 180 43 198 97 198 192 81 199 48 125 174 158 167 90 185 64 62 200 90 179 148 138 173 100 102 64 162 29 87 161 188 138 120 42 129 13 100 86 26 68 120 89 77 111 18 72 48 27 175 30 96 165 50 31 87 139 13 72 178 163 47 63 148 195 17 41 112 188 123 139 71 26 171 114 119 163 92 
60 147 45 142 50 130 56 82 176 69 27 45 58 64 52 121 146 46 69 146 68 177 54 148 38 15 104 25 60 150 36 182 120 195 84 34 165 84 52 111 30 40 4 104 170 114 184 69 143 86 19 61 46 35 141 63 97 79 79 117 160 22 198 177 166 113 152 127 15 146 42 22 61 66 130 7 46 153 44 19 17 85 48 93 79 151 79 189 6 123 152 67 127 96 63 38 108 1 172 36 105 160 166 152 120 197 103 94 25 157 51 118 53 160 88 159 15 122 174 28 62 117 50 172 160 46 109 100 45 159 16 138 33 5 130 191 36 91 73 104 169 121 78 30 197 79 45 49 42 75 
