150 2
0
1
1 68 118 1012
2 160 11 226
3 176 105 176
4 539 58 887
5 683 132 1739
6 773 75 1073
7 901 153 595
8 923 30 1163
9 995 10 1075
10 1007 49 1301
11 1037 149 1037
12 1055 63 1307
13 1462 161 1140
14 1498 90 1498
15 1509 182 1873
16 1824 137 2646
17 2035 62 2159
18 2116 35 2116
19 2135 61 2013
20 2667 51 2769
21 2743 94 2743
22 2999 131 3785
23 3287 51 3491
24 3363 99 4155
25 3422 15 3422
26 3427 91 3791
27 3554 137 3280
28 3722 34 3722
29 3750 5 3740
30 3853 155 4783
31 4253 52 4357
32 4346 186 3974
33 4702 113 5154
34 4711 133 5243
35 4860 200 4860
36 5270 1 5268
37 5453 57 5567
38 5471 80 5791
39 6087 191 6087
40 6145 121 7113
41 6478 112 6254
42 6682 171 7708
43 6710 101 7114
44 6739 82 7231
45 6871 93 6871
46 6932 21 7058
47 7320 167 8322
48 7414 67 7682
49 7437 22 7481
50 7690 123 7444
51 7778 116 8010
52 7821 74 8265
53 7998 71 8566
54 8012 50 8212
55 8093 155 9023
56 8172 193 9716
57 8215 189 8593
58 8250 158 8566
59 8723 181 9447
60 9393 97 10169
61 9486 87 9486
62 9859 77 10013
63 10193 182 10557
64 10325 24 10373
65 10352 47 10728
66 10439 14 10495
67 10664 134 10396
68 10770 4 10802
69 10772 88 10596
70 10799 78 10643
71 10997 42 11165
72 11077 42 11245
73 11198 50 11498
74 11201 95 11391
75 11251 105 11461
76 11296 86 11640
77 11308 149 11010
78 11386 194 12162
79 11421 119 11659
80 11534 22 11666
81 11608 10 11688
82 12021 156 12645
83 12044 12 12044
84 12148 192 12148
85 12199 127 12961
86 12260 74 12556
87 12642 47 12548
88 12748 70 13308
89 12917 42 13253
90 13374 157 13060
91 13640 190 14780
92 13770 24 13818
93 13779 199 13381
94 13979 166 13979
95 14222 192 15758
96 14365 16 14333
97 14536 33 14536
98 14736 102 14736
99 14781 178 14425
100 14805 30 14925
101 15082 68 15082
102 15162 34 15230
103 15296 147 15884
104 15503 58 15619
105 15592 125 15342
106 15607 179 16323
107 15608 124 15856
108 15622 140 16462
109 15668 86 15496
110 16052 179 16768
111 16053 43 16311
112 16140 174 17184
113 16219 134 16755
114 16333 145 17203
115 16673 10 16693
116 16863 156 18111
117 16878 184 17246
118 17082 119 18034
119 17108 98 17696
120 17116 196 17116
121 17265 89 17443
122 17545 176 18601
123 17784 129 18558
124 18140 150 19340
125 18163 187 19659
126 18257 30 18497
127 18318 23 18364
128 18350 49 18742
129 18381 190 19141
130 18530 93 19274
131 18574 59 19046
132 18612 102 18612
133 18705 146 18413
134 18755 138 19307
135 18975 133 20039
136 19047 103 19459
137 19198 4 19206
138 19270 62 19270
139 19277 188 19653
140 19324 41 19406
141 19375 28 19375
142 19380 31 19628
143 19434 166 19102
144 19833 74 20129
145 19869 94 19681
146 20101 165 21091
147 20103 110 20323
148 20502 163 20502
149 20809 103 21015
150 20991 80 20991
118 137 5 57 134 114 31 145 30 8 105 8 162 3 155 155 164 23 109 151 62 168 43 153 11 6 197 62 19 43 193 157 103 134 49 162 169 62 117 119 165 12 41 57 199 175 133 132 86 84 59 58 53 125 193 72 171 99 172 19 171 87 22 179 19 189 110 175 32 174 196 67 180 96 136 5 96 197 86 37 176 164 130 169 177 104 172 54 184 118 177 132 25 138 34 71 191 164 102 119 168 91 197 76 38 120 6 64 86 136 16 179 193 43 36 65 85 68 65 101 16 194 39 47 67 16 146 68 82 26 49 169 26 155 49 105 145 3 143 41 136 89 3 67 126 154 109 177 187 181 
108 97 34 123 83 160 87 159 193 194 90 6 57 152 180 59 110 194 16 90 199 9 146 65 128 175 10 130 106 181 158 84 40 56 115 91 184 90 23 29 151 60 160 85 193 175 6 34 42 35 163 67 151 191 7 57 166 108 166 85 149 169 110 33 55 113 18 151 144 87 156 65 21 10 100 2 55 23 40 30 31 152 147 38 104 11 132 154 15 30 53 114 135 131 88 37 200 104 141 126 38 142 165 183 47 149 21 197 194 64 107 45 1 27 144 109 3 113 53 53 83 60 133 79 146 13 185 6 190 44 155 12 126 111 52 34 17 99 53 83 66 136 8 59 108 160 25 138 64 120 
109 174 140 168 158 84 175 41 92 95 190 149 200 16 71 48 11 175 13 193 128 104 103 7 9 32 86 181 13 143 20 26 198 165 15 19 182 188 200 80 30 125 144 36 130 52 183 108 17 54 163 35 60 4 67 124 160 87 154 12 200 158 93 115 136 47 6 114 57 19 35 171 74 62 29 135 10 147 170 13 97 142 82 85 67 4 86 37 55 137 136 12 127 160 86 29 152 135 50 24 172 25 158 149 148 40 117 194 104 140 139 154 83 88 163 186 7 194 149 102 70 138 43 60 87 181 160 173 49 9 172 95 151 75 185 61 82 92 67 54 91 31 134 45 91 176 200 48 115 154 
46 124 9 169 30 107 78 130 51 58 136 80 24 127 139 31 191 40 191 95 17 139 84 167 9 133 57 99 18 163 107 150 20 65 92 170 131 83 147 102 117 90 2 25 77 98 108 165 100 137 46 85 26 19 166 150 76 83 168 51 195 94 21 25 180 144 142 170 20 168 88 108 3 195 103 10 52 172 97 3 154 182 83 99 55 48 162 187 76 115 162 75 31 194 130 52 97 43 45 187 65 161 56 75 112 23 62 79 193 172 64 76 85 47 6 192 180 190 59 126 190 49 172 161 146 25 194 34 164 130 48 181 129 66 190 146 28 97 13 186 37 177 141 98 69 136 88 140 188 109 
70 88 10 27 106 39 45 36 69 186 166 27 41 4 80 46 127 104 15 73 129 54 70 188 150 146 32 164 166 169 23 73 176 26 107 142 123 37 74 79 83 173 114 49 182 158 67 88 55 16 115 81 108 141 194 71 18 195 46 114 139 180 194 142 113 83 178 178 174 108 10 169 148 104 188 119 139 13 111 31 161 153 132 69 173 168 192 82 28 82 83 9 169 119 26 123 120 46 185 182 185 118 130 166 2 122 52 114 136 46 170 139 118 61 143 49 9 55 138 55 54 30 199 153 180 126 22 43 51 164 103 3 122 200 195 155 127 153 25 144 107 10 175 96 68 76 59 64 83 164 
140 62 21 90 44 165 184 53 57 77 108 103 137 134 132 161 144 88 19 137 168 100 162 199 197 194 5 45 180 108 68 161 5 27 34 136 167 130 88 120 161 98 43 122 50 65 152 59 129 167 30 160 157 12 122 119 76 149 195 176 146 25 100 80 117 1 38 21 83 13 189 119 10 87 66 82 124 61 162 170 27 200 84 30 99 17 79 127 6 193 108 18 40 16 151 24 154 116 126 68 17 51 30 81 103 34 100 175 74 99 3 175 44 34 107 139 86 43 172 79 56 122 98 26 42 177 93 55 143 147 64 186 3 71 128 62 191 155 45 171 180 148 195 82 73 9 183 148 73 187 
49 93 135 49 188 169 5 158 99 73 2 23 116 123 151 135 15 165 179 178 121 105 112 76 122 36 26 118 169 134 102 123 157 104 124 47 160 136 104 139 41 61 110 55 38 145 53 91 150 185 200 182 89 112 14 33 65 163 8 174 69 129 89 24 171 130 149 90 150 82 88 24 127 81 51 50 123 109 108 101 6 38 2 12 32 3 43 30 23 130 79 56 46 20 178 38 51 12 135 73 114 177 77 180 54 67 148 175 19 185 173 74 100 17 193 68 112 71 103 86 199 107 67 106 116 146 108 87 98 6 103 92 128 55 1 28 197 194 26 139 143 58 141 171 176 79 107 183 162 150 
64 137 95 112 58 83 82 49 132 33 126 86 131 176 116 186 71 132 38 13 98 188 134 39 99 61 31 178 170 196 123 144 114 7 13 192 121 157 47 46 162 11 99 175 155 152 187 87 51 104 167 38 195 11 6 20 161 36 154 183 89 137 140 11 66 117 29 49 144 148 146 195 15 42 13 19 55 16 115 127 6 194 79 14 106 24 190 116 128 102 102 97 195 127 191 13 7 163 55 200 119 102 193 36 125 92 137 22 180 56 148 8 155 184 162 95 46 181 2 127 183 84 171 3 69 71 104 41 19 52 128 130 194 71 174 161 31 15 54 185 110 22 119 73 22 137 33 97 77 115 
112 107 127 7 90 173 135 123 1 19 195 44 168 73 16 172 183 35 157 156 105 98 10 94 173 114 151 6 1 176 187 133 165 151 146 124 148 74 38 92 73 156 29 50 55 25 162 164 78 112 46 17 185 83 162 190 116 150 27 133 83 87 5 136 160 75 15 97 45 118 29 187 28 5 23 193 124 115 129 174 98 148 177 38 184 76 47 89 85 21 31 167 20 176 64 77 132 167 151 76 139 192 114 131 73 95 81 29 68 182 165 148 173 89 88 95 142 136 145 93 148 99 48 171 121 147 38 169 99 140 17 6 60 39 1 92 107 120 84 28 132 63 50 22 129 35 61 80 60 143 
167 109 24 73 8 74 9 139 110 99 126 36 98 145 104 148 71 172 69 120 54 43 122 150 72 27 172 84 120 32 169 170 60 182 38 19 159 77 117 173 2 142 157 185 195 124 182 183 8 11 196 86 162 19 54 114 152 64 59 8 73 150 65 179 123 60 163 188 6 94 93 78 176 113 152 149 166 91 199 71 167 71 72 150 162 62 198 114 95 116 167 164 123 179 36 7 200 123 146 106 36 9 172 173 176 31 103 60 191 170 178 146 77 112 95 91 4 64 32 129 185 185 85 78 31 137 16 84 114 52 5 22 53 61 181 146 165 58 106 68 191 161 31 91 75 84 128 62 164 85 
105 106 13 115 70 3 64 134 2 93 112 142 132 77 10 90 49 77 110 191 71 75 180 72 116 174 16 152 65 107 55 19 142 124 132 166 20 127 121 146 176 65 62 135 86 13 150 190 104 36 1 170 114 31 96 30 194 112 198 101 184 111 70 51 7 156 164 44 82 153 164 30 154 160 120 36 148 23 129 75 129 186 199 170 47 147 124 68 122 169 75 54 91 83 62 93 182 64 21 83 135 15 170 155 39 15 145 94 171 154 110 41 123 132 5 1 39 34 162 146 15 173 3 3 68 13 44 195 15 41 83 15 96 37 39 192 34 14 53 152 102 19 171 43 135 190 59 166 172 43 
192 116 65 113 127 61 3 127 127 26 99 156 14 75 56 162 74 192 29 8 6 114 156 74 126 13 76 17 169 96 120 92 107 44 196 161 16 96 187 81 155 48 4 83 51 119 89 142 38 114 23 122 172 15 3 196 31 178 113 45 53 128 79 189 66 29 170 169 160 176 135 150 159 42 129 14 49 191 125 173 95 54 27 65 24 45 68 141 133 173 152 105 147 185 89 56 57 138 91 119 87 167 183 6 77 35 69 42 16 114 14 73 29 49 139 88 93 189 52 10 75 113 150 47 164 80 126 22 117 29 181 186 57 65 103 48 185 133 69 48 159 168 15 188 196 148 127 99 35 96 
134 180 135 184 166 164 149 96 104 149 9 103 21 111 97 152 80 174 73 96 164 141 173 5 100 53 109 1 163 185 25 83 147 37 97 84 151 9 163 78 7 174 159 104 124 23 11 195 29 81 110 101 22 60 147 199 91 155 135 180 66 160 117 145 5 171 172 29 121 169 190 88 181 43 126 86 69 41 183 20 190 39 67 156 115 111 141 173 161 25 92 116 166 174 21 94 20 185 72 129 194 198 37 165 55 153 110 8 66 63 132 85 83 87 68 158 72 147 81 154 60 58 52 122 182 93 19 95 88 19 169 142 97 76 185 169 30 43 132 117 196 114 190 160 180 117 168 176 119 106 
95 124 152 14 71 76 127 22 109 67 30 81 163 182 1 161 121 51 129 178 41 18 167 20 184 58 14 150 43 161 1 45 6 95 7 158 78 138 18 166 51 113 55 74 69 98 55 75 174 134 23 180 87 141 93 110 68 161 121 121 191 51 170 4 171 3 61 35 66 49 181 31 160 55 189 165 79 16 124 163 98 196 62 177 108 87 131 173 26 31 176 77 175 5 159 9 115 76 199 185 50 198 155 73 159 80 93 190 102 192 118 142 25 140 43 12 41 117 66 197 156 181 11 98 11 158 82 54 69 174 29 29 102 150 53 97 14 133 54 118 12 176 28 75 183 71 165 37 116 65 
126 69 37 108 63 12 6 136 188 3 18 84 107 106 133 86 145 163 74 104 80 148 197 66 51 74 145 159 76 62 52 106 103 165 152 79 113 137 182 69 44 144 173 142 66 161 25 67 68 82 81 45 127 59 74 39 97 70 148 39 25 92 184 101 200 28 100 104 103 2 89 161 108 114 62 187 158 66 89 65 40 199 77 81 63 56 171 51 144 161 92 187 180 16 69 82 108 88 55 4 15 67 44 58 15 165 175 136 161 18 42 26 164 134 50 128 36 186 5 66 7 67 140 199 84 185 126 105 157 176 47 123 75 74 100 82 39 135 85 181 182 192 70 191 40 124 167 1 98 80 
5 60 68 198 18 166 193 14 117 43 135 196 83 170 101 133 28 22 190 94 33 91 200 103 73 76 27 107 185 79 63 130 84 28 9 156 160 31 97 200 124 103 135 77 92 1 24 188 63 103 40 148 172 123 165 195 144 174 36 43 105 141 13 9 104 134 122 126 26 159 74 28 29 26 93 76 171 43 177 72 194 165 78 58 53 156 1 155 28 199 148 122 130 159 138 162 131 95 106 92 151 134 70 16 78 144 178 164 65 21 98 178 96 87 22 194 55 17 173 165 26 40 123 117 121 17 116 91 147 165 136 53 198 180 74 200 183 100 60 159 64 83 183 39 95 158 148 177 47 105 
75 6 194 23 136 71 60 186 149 122 162 110 133 11 168 106 30 101 171 41 117 16 85 170 96 166 160 118 92 63 53 165 102 82 86 138 141 49 117 12 179 181 153 144 9 3 48 21 139 46 132 53 193 143 83 66 55 73 135 56 133 56 38 31 40 118 188 82 193 15 131 119 153 73 11 140 85 113 24 143 108 68 91 30 80 150 69 159 131 51 124 55 19 133 74 159 17 93 116 181 80 113 179 123 16 131 162 133 185 63 92 102 176 133 139 66 3 53 56 100 86 99 130 18 186 7 6 179 194 74 127 54 48 62 174 52 119 104 179 103 62 19 6 178 149 85 130 16 92 41 
81 83 133 139 152 5 99 118 74 44 96 172 181 59 36 3 151 120 96 128 188 180 154 43 133 41 179 124 106 171 10 151 138 130 138 71 95 84 59 88 141 191 15 57 43 59 43 170 183 23 119 66 139 11 56 89 134 199 4 181 194 50 183 145 106 19 17 179 60 44 73 59 92 104 50 171 85 7 3 108 78 96 130 25 121 44 66 104 8 109 173 46 62 68 15 118 103 161 194 60 186 83 19 50 154 25 164 100 62 2 136 66 36 159 136 68 85 128 192 80 4 63 39 178 3 65 4 179 94 63 34 77 99 51 117 42 138 186 92 57 136 171 28 34 40 118 25 90 153 151 
149 39 7 154 31 14 148 152 183 84 3 132 137 69 33 97 76 29 84 73 121 181 177 13 138 199 64 48 189 12 111 174 154 85 146 115 157 136 47 123 47 65 105 2 19 173 187 188 83 133 172 182 23 137 200 83 151 71 12 66 57 152 193 151 42 30 13 151 97 177 186 141 1 42 61 37 73 23 183 76 15 1 74 16 99 3 27 16 12 146 198 74 156 91 121 184 133 4 115 136 87 13 139 16 5 74 189 26 2 13 124 102 54 28 182 90 109 149 198 143 133 15 26 121 21 82 121 110 126 22 57 95 166 172 65 142 171 85 165 69 33 165 16 121 44 185 38 111 194 53 
187 126 72 87 133 131 94 74 140 159 25 74 148 157 55 55 34 147 147 56 111 11 14 166 91 167 61 45 3 162 48 182 108 186 148 146 88 115 71 100 126 153 35 87 124 111 66 12 159 28 194 40 91 175 77 182 45 145 96 42 68 34 170 125 122 200 105 156 59 174 185 20 78 140 61 115 90 189 146 79 156 191 159 53 132 145 66 188 20 139 48 11 99 42 91 12 140 57 84 158 185 133 180 55 91 195 103 32 149 123 73 52 129 52 181 30 93 189 123 22 16 57 36 136 172 99 24 86 124 54 122 132 187 134 16 40 153 130 132 140 103 121 19 168 3 40 166 68 191 89 
48 127 50 35 127 180 153 137 82 56 82 47 185 35 117 63 70 45 80 159 28 92 182 175 147 166 61 77 159 87 196 51 136 27 137 49 200 165 180 125 121 56 115 121 199 196 71 33 115 46 32 200 171 138 53 20 33 7 189 117 142 159 190 170 25 25 56 181 42 111 91 142 151 155 37 166 82 9 139 13 191 180 118 161 67 55 191 55 116 101 41 71 31 31 98 129 85 103 102 9 88 6 72 46 52 43 90 19 123 163 72 19 146 94 94 121 42 95 76 68 150 9 60 171 95 45 173 184 66 52 142 147 14 52 90 134 175 169 31 57 162 7 156 185 44 165 99 182 94 133 
11 77 168 48 32 71 190 151 139 130 21 178 32 91 42 34 122 78 126 61 128 161 179 102 184 109 198 78 132 146 185 31 141 68 63 100 63 8 129 21 49 92 100 144 120 130 185 103 65 117 54 107 28 65 16 4 7 177 154 39 149 96 149 71 114 163 21 11 25 103 23 137 185 33 83 48 45 14 72 175 103 89 55 97 94 133 76 26 79 149 113 6 86 15 44 96 55 175 153 88 69 131 53 28 86 6 47 194 95 87 11 86 45 87 117 29 124 197 112 186 87 75 34 54 17 119 62 112 159 168 31 79 178 44 84 32 101 184 137 184 185 79 178 134 99 149 185 38 74 117 
78 160 21 117 57 89 117 60 45 72 108 56 17 150 161 147 172 169 59 4 30 187 130 45 115 8 37 4 182 22 155 145 43 171 12 65 120 181 3 89 64 18 78 27 85 164 49 27 116 87 65 70 149 53 178 143 192 184 154 199 162 13 125 194 35 144 85 142 3 27 35 132 80 42 84 193 195 161 79 16 67 170 67 137 170 170 95 154 162 27 144 3 196 22 144 15 127 71 161 131 47 86 140 132 193 18 28 47 52 92 174 162 82 170 198 176 171 8 74 188 162 121 2 2 11 92 27 66 93 96 124 189 192 47 12 116 20 152 32 11 126 152 11 112 45 6 149 123 48 108 
18 80 168 68 114 67 151 59 72 62 39 76 145 149 176 68 173 95 49 68 52 35 19 99 150 113 93 117 160 37 175 105 135 161 84 25 109 93 139 83 103 58 102 1 170 151 110 89 92 103 191 199 77 147 159 156 130 43 112 96 156 165 146 96 185 57 48 78 127 198 200 113 106 134 109 143 90 14 37 39 155 5 171 48 127 2 133 152 154 2 13 63 81 122 129 144 29 46 43 138 111 100 147 153 189 178 199 163 8 94 55 18 102 156 113 71 46 184 147 127 7 182 13 19 101 87 87 170 192 128 135 70 121 113 78 137 114 124 155 141 23 98 181 25 41 134 75 16 87 193 
150 85 158 66 31 184 124 150 25 161 107 50 200 14 167 166 104 68 182 52 34 61 47 19 65 161 2 22 181 144 155 122 2 178 2 3 13 73 82 193 174 108 172 151 63 159 55 18 155 45 94 28 26 130 115 14 71 94 16 112 9 75 180 1 183 122 9 87 39 112 43 160 42 103 172 168 167 191 7 130 139 142 26 31 170 174 112 2 19 76 32 89 44 85 15 21 33 146 55 143 184 127 150 80 28 183 47 71 21 182 47 166 98 121 42 97 43 3 160 71 95 89 129 3 148 69 162 155 56 146 123 66 80 129 183 191 166 148 110 6 172 77 73 120 160 168 111 173 31 3 
15 59 106 80 110 16 166 5 173 196 149 68 195 116 75 79 156 50 127 200 103 130 163 63 95 81 89 100 95 185 180 163 145 82 18 148 192 70 176 120 10 119 179 160 53 157 135 48 154 141 194 142 51 181 143 24 122 39 46 136 150 188 114 158 123 8 161 132 165 45 149 58 155 146 105 124 1 158 48 4 127 134 85 77 24 62 11 138 41 184 11 130 92 19 67 92 27 162 92 103 157 34 77 99 147 142 91 4 177 4 6 163 45 148 153 157 134 68 185 22 70 83 34 69 169 61 49 12 136 85 80 166 42 57 93 101 123 110 156 71 120 99 107 182 89 82 96 60 89 39 
96 106 21 192 191 78 84 113 172 162 25 140 44 194 69 120 16 178 118 30 191 195 12 170 65 159 197 66 159 88 33 9 14 87 26 49 11 27 86 162 63 75 128 10 92 135 12 189 187 33 65 147 16 49 30 179 31 147 31 170 72 20 19 75 24 110 102 105 127 86 189 49 3 55 186 128 177 43 19 134 168 111 95 117 12 164 115 37 17 28 138 160 32 57 4 85 68 13 10 67 133 144 125 88 200 119 34 182 151 63 200 39 30 56 94 62 183 16 11 6 9 70 84 90 16 26 190 5 134 93 165 182 120 6 102 125 53 89 34 29 29 66 136 110 14 151 57 148 98 48 
69 35 59 141 89 194 66 144 180 36 165 124 65 61 180 113 5 59 170 110 37 9 122 63 7 3 93 9 189 145 154 41 159 194 114 89 186 45 8 193 195 44 61 82 153 48 97 103 185 79 55 110 95 142 185 148 97 167 85 74 88 11 90 140 130 193 180 100 11 137 186 184 192 9 114 175 2 188 6 179 33 63 85 17 72 150 99 113 21 126 192 185 137 149 96 147 146 81 159 34 37 48 78 104 172 52 200 111 1 152 48 25 151 128 192 41 69 13 94 42 85 63 113 22 186 133 160 88 192 130 152 44 95 109 155 14 138 67 39 69 74 3 151 150 45 196 125 54 135 75 
38 64 85 120 95 23 71 183 71 165 60 38 146 128 192 32 167 125 124 158 60 1 81 18 37 118 102 71 14 34 110 189 64 124 99 108 15 189 96 174 163 22 11 128 61 116 36 106 30 94 27 75 109 199 92 146 101 171 49 131 52 12 59 155 22 6 56 167 118 151 51 25 2 194 49 73 66 171 130 73 93 193 66 62 130 167 34 156 67 31 141 188 123 172 110 24 110 27 182 14 175 141 173 131 44 145 57 12 107 170 129 164 91 3 7 121 125 72 143 93 101 164 133 77 181 114 170 3 175 6 131 34 53 185 85 46 195 154 26 79 46 186 81 117 55 128 25 100 97 66 
7 86 38 86 155 51 7 170 77 59 63 20 171 6 171 185 165 72 55 112 17 172 105 110 182 49 158 6 177 95 199 151 110 189 21 47 174 181 20 17 22 71 83 200 11 106 65 16 140 194 32 85 174 76 187 177 13 33 175 162 25 183 95 46 6 104 3 25 147 18 200 186 67 128 2 60 106 133 43 155 103 15 8 33 130 50 93 51 121 130 195 156 111 22 156 193 180 13 154 159 46 19 132 198 64 75 171 98 118 180 40 17 58 89 10 161 156 58 99 14 53 121 126 43 67 81 169 98 41 172 139 102 33 20 74 7 110 171 39 16 142 80 88 138 42 152 37 158 71 50 
101 182 32 31 12 25 29 119 76 13 132 148 122 116 120 128 169 124 165 180 64 98 122 166 5 13 186 148 75 143 182 175 172 47 9 36 200 129 28 99 18 1 46 197 45 124 143 17 80 192 132 2 53 63 68 60 194 129 89 171 6 114 123 113 79 124 199 151 137 75 60 51 137 37 55 26 25 96 8 27 49 185 9 123 47 127 78 26 11 178 137 16 148 155 115 2 49 171 82 48 24 140 143 186 65 63 185 145 125 194 24 71 40 22 30 105 118 171 173 197 37 94 151 66 14 89 168 33 16 112 37 42 72 76 127 24 166 74 97 160 189 106 128 23 34 143 147 34 87 79 
113 191 55 23 45 146 104 50 91 56 15 15 140 184 145 144 90 60 127 115 78 158 147 136 82 87 177 81 117 63 133 18 116 19 148 63 151 143 168 90 105 142 39 159 187 52 85 7 15 17 72 62 43 58 171 195 140 109 26 77 188 196 192 38 146 66 136 185 200 25 151 197 89 160 193 80 111 156 198 94 179 89 51 28 45 160 138 55 171 189 120 178 190 151 83 126 34 91 162 135 26 88 131 88 131 62 85 182 74 198 83 83 27 198 22 37 163 198 87 60 103 99 168 122 154 51 72 36 182 163 164 76 80 135 106 128 187 116 24 81 123 152 187 110 195 50 194 86 44 23 
119 112 43 57 26 139 59 41 157 152 8 35 46 27 173 162 146 198 172 29 188 105 200 56 118 114 2 154 82 166 8 130 72 149 74 4 90 198 139 126 67 49 21 184 102 87 104 14 163 72 160 163 114 167 29 129 102 147 81 135 47 43 171 143 150 98 84 96 123 23 88 24 95 176 79 41 130 35 27 123 127 67 24 178 117 178 182 9 88 190 37 188 126 81 123 62 163 127 139 126 150 91 95 188 138 69 141 174 33 84 39 104 39 46 122 15 71 174 1 142 154 186 84 87 199 39 112 9 32 185 98 31 23 60 148 42 50 166 79 120 33 92 84 17 69 126 120 151 74 173 
67 53 43 75 189 130 158 101 34 103 183 87 22 124 89 114 1 65 194 12 115 58 144 166 100 97 135 196 78 155 151 151 105 126 42 175 18 186 99 106 72 90 117 147 100 140 182 88 29 75 43 60 30 6 61 149 170 124 177 11 193 187 117 67 133 195 11 33 85 130 195 76 163 83 38 6 133 184 146 80 9 123 99 21 55 30 1 6 52 123 114 59 156 153 136 48 150 180 61 1 31 147 21 187 111 57 92 16 151 184 148 64 43 151 147 147 166 51 102 4 119 116 28 197 85 37 59 148 188 146 59 200 33 191 51 41 141 11 4 187 176 61 70 47 36 196 153 34 11 194 
7 199 145 59 72 172 109 10 11 199 19 103 126 197 189 22 92 93 119 8 16 197 87 142 30 138 53 23 63 139 110 199 43 149 176 97 156 47 97 142 187 36 121 150 159 144 130 111 185 120 59 168 182 160 12 103 55 31 83 184 132 48 44 25 20 198 87 190 23 178 133 122 137 164 184 66 150 4 173 145 5 130 142 54 158 99 158 17 44 95 24 196 125 149 195 78 36 44 111 174 55 79 6 161 152 10 120 156 61 121 9 56 76 133 9 101 1 189 200 186 115 59 144 103 130 78 132 110 195 77 24 125 78 67 130 61 87 139 88 137 136 23 163 124 172 66 128 146 136 84 
176 19 113 149 170 32 193 128 17 134 97 76 5 94 29 41 47 186 113 42 164 163 150 164 146 29 64 78 96 7 130 37 66 47 179 52 95 153 84 119 129 100 111 40 200 35 181 149 164 56 188 197 170 194 2 95 188 102 114 142 74 186 2 41 120 5 26 72 50 57 96 117 9 9 48 49 102 26 28 9 100 195 156 158 116 13 31 114 19 36 81 145 16 15 47 41 69 39 10 106 144 81 118 51 136 45 76 34 1 68 155 80 191 42 117 75 96 143 27 71 60 190 139 193 152 154 1 133 17 32 174 200 70 27 35 20 10 110 176 129 92 35 193 155 95 78 37 134 8 2 
97 43 4 9 22 183 87 158 17 142 193 164 195 142 102 101 22 5 167 116 88 180 189 179 65 99 17 62 192 89 177 24 127 196 71 94 28 37 14 30 188 106 99 40 193 194 120 196 71 183 4 34 22 25 1 158 75 110 16 62 27 19 11 62 55 196 126 50 59 44 178 189 51 112 65 21 131 199 75 184 92 19 94 121 21 182 57 190 30 69 136 131 184 15 25 194 98 38 65 164 19 91 107 7 169 34 192 110 160 25 195 144 157 53 136 52 27 101 16 81 21 158 42 100 56 101 58 79 124 153 198 141 25 65 44 50 36 172 104 87 172 91 113 45 127 117 154 101 79 95 
140 29 58 116 5 120 39 171 134 78 109 76 181 163 96 113 86 16 103 37 179 142 162 160 96 80 185 117 187 9 44 151 40 36 70 192 167 1 74 87 39 103 116 2 7 14 197 17 48 1 103 8 97 190 10 23 90 13 78 153 84 163 45 189 2 169 29 128 195 95 66 81 107 163 105 67 17 67 58 43 195 155 186 180 135 20 170 90 45 124 35 172 113 21 114 91 60 174 20 20 57 98 187 14 154 51 34 123 48 77 147 3 194 143 21 121 23 86 144 93 184 110 160 172 47 174 4 177 27 101 112 171 119 3 79 16 100 83 132 42 164 183 125 110 61 188 170 106 60 159 
194 135 91 187 150 55 105 199 156 43 127 190 181 21 98 26 193 8 163 155 169 164 165 46 4 199 176 186 127 188 36 184 58 29 156 2 188 172 169 100 127 60 95 152 92 87 165 48 59 94 103 87 170 134 127 74 124 164 89 144 147 48 197 130 67 90 91 39 182 66 94 161 181 36 41 34 65 32 123 173 12 61 17 79 147 39 127 19 72 110 29 142 42 81 140 179 65 170 105 39 6 171 191 22 148 103 13 105 152 69 157 141 79 103 79 75 167 124 198 194 34 166 180 26 87 149 112 130 3 101 87 65 141 42 197 175 62 115 39 163 21 104 90 91 86 118 63 23 176 138 
117 186 42 177 27 153 90 28 137 69 60 189 76 46 130 45 110 19 149 176 68 141 191 34 171 185 27 199 117 41 1 57 19 26 137 180 83 88 110 65 126 87 99 190 91 106 97 11 35 58 162 193 135 86 134 195 53 88 162 146 47 68 150 128 65 113 3 110 194 180 112 135 34 14 101 191 42 185 69 110 147 129 119 162 148 165 144 137 80 133 18 146 81 124 100 69 76 152 157 176 130 20 112 163 50 173 23 69 130 194 127 108 133 189 115 148 149 149 148 153 12 68 14 18 192 133 159 161 104 186 159 5 138 132 46 10 41 79 60 115 85 19 78 93 84 149 8 121 65 147 
155 20 84 164 57 109 92 81 21 25 141 41 58 17 4 189 22 120 101 118 60 191 151 86 94 75 59 12 160 51 158 50 99 17 22 94 113 170 64 127 62 109 131 4 17 143 167 115 126 105 141 146 9 103 25 120 181 181 97 38 9 129 99 125 168 10 54 35 32 20 82 175 136 83 186 99 3 66 127 28 113 134 132 8 102 124 130 20 27 11 175 120 109 129 33 63 183 104 193 37 74 84 106 166 7 138 55 77 15 41 90 144 7 137 173 129 155 200 59 135 36 76 185 18 40 56 116 106 50 67 21 104 195 171 149 194 70 198 88 43 174 176 61 6 2 150 27 185 3 155 
31 193 195 180 192 162 6 81 6 97 106 54 109 102 15 122 170 128 88 109 153 128 131 4 177 110 195 72 133 140 25 149 108 123 166 116 106 33 40 131 180 34 189 97 1 198 118 162 76 181 36 84 30 86 103 102 138 185 37 159 17 105 168 180 47 62 6 189 144 143 36 83 173 68 185 197 20 181 52 144 64 111 60 134 122 44 73 198 91 10 83 124 2 146 155 98 16 68 56 66 168 114 151 107 64 84 91 97 176 165 194 90 125 67 66 42 117 33 148 9 35 154 4 4 37 52 7 130 134 40 8 41 109 10 105 6 200 174 155 159 45 158 128 51 62 116 1 112 103 189 
118 115 152 4 4 53 39 135 122 75 16 138 160 165 96 137 78 28 151 94 83 175 14 79 42 85 97 84 43 174 172 37 64 126 9 166 143 42 134 106 16 13 9 165 84 11 138 50 76 98 77 84 200 98 99 122 122 137 130 138 6 29 142 70 182 194 143 78 90 107 173 66 158 42 94 170 86 161 153 4 173 23 180 105 90 119 190 24 62 149 182 65 97 20 193 168 167 38 129 67 188 119 135 187 142 11 124 186 153 17 12 10 74 92 170 14 143 41 149 195 112 52 163 152 98 75 143 169 183 168 98 189 90 167 4 128 11 36 179 1 81 131 87 50 71 190 192 186 153 90 
71 59 193 38 37 184 59 116 73 194 161 1 6 126 13 118 91 60 184 60 131 5 110 83 194 112 131 9 117 116 6 106 57 157 172 149 36 32 15 21 102 9 58 166 74 181 67 90 28 107 78 76 22 25 44 108 48 113 143 45 90 117 92 58 45 179 165 156 156 43 90 53 37 48 99 74 147 11 166 115 71 170 138 106 172 161 123 69 18 102 87 190 65 77 92 134 40 11 168 99 126 17 47 39 196 45 182 121 127 83 24 21 81 136 23 101 54 90 111 6 106 158 21 80 53 200 43 29 69 67 185 51 194 24 26 144 9 187 86 6 117 62 184 184 69 161 62 101 91 142 
58 96 79 46 178 29 24 154 7 149 29 13 72 144 186 14 78 192 39 108 128 183 176 199 102 63 134 142 26 3 49 44 100 79 181 34 194 97 8 33 14 37 27 123 18 44 72 96 149 188 149 121 148 130 26 52 145 179 75 27 116 48 3 69 80 51 70 130 95 28 20 58 47 66 23 74 159 60 97 198 2 96 67 164 190 42 41 34 123 109 191 159 106 87 149 77 83 138 114 178 183 38 123 6 79 66 156 43 186 45 9 24 123 150 175 130 150 143 120 141 8 3 100 161 190 11 190 43 7 5 152 42 176 59 184 171 87 159 105 78 102 116 20 90 199 27 200 24 71 191 
19 147 41 124 147 85 29 63 1 86 116 158 122 182 115 142 99 132 16 142 150 153 5 167 69 198 141 151 31 180 151 70 10 141 24 148 6 177 65 4 95 186 163 144 13 94 108 76 14 14 97 126 169 48 133 162 40 75 83 167 136 196 59 91 42 170 31 68 12 191 173 27 76 45 68 45 161 96 113 138 128 186 153 50 61 7 5 183 26 198 13 153 56 153 126 134 16 1 87 82 31 94 151 183 152 27 17 41 18 50 168 4 149 12 168 77 139 57 191 194 101 97 72 161 74 108 161 23 96 150 47 172 47 168 172 133 125 85 34 42 197 59 196 97 4 99 30 119 56 157 
61 122 166 47 3 35 139 57 170 59 18 146 66 139 12 119 60 153 2 90 63 71 177 9 172 164 130 131 110 107 55 42 195 159 59 73 100 159 61 146 1 69 124 189 113 134 53 108 146 190 27 25 200 68 57 164 156 199 134 51 199 166 138 87 107 171 179 102 164 134 77 56 191 21 146 142 30 54 25 183 47 124 195 178 175 173 23 22 40 184 153 132 22 131 1 83 89 55 134 52 10 103 2 28 62 137 62 37 25 59 104 72 129 40 41 154 89 15 164 80 89 184 69 29 109 51 38 63 159 65 176 178 177 161 129 148 24 4 147 110 36 19 19 155 131 77 34 125 200 46 
132 179 129 128 137 173 45 134 184 33 25 109 138 29 84 149 160 135 122 101 112 164 88 193 124 164 170 91 97 34 99 198 36 2 170 56 101 138 116 160 53 132 12 148 80 116 40 180 17 185 16 13 129 121 122 76 199 62 34 178 21 59 116 149 10 168 173 124 157 24 194 77 162 167 70 67 89 25 125 37 173 43 173 44 117 18 149 186 192 57 151 199 187 47 1 161 113 138 195 46 112 92 186 143 144 40 140 9 17 114 140 67 46 161 17 30 4 175 166 140 40 18 192 12 49 59 9 129 31 174 131 14 152 79 48 124 12 108 162 89 75 96 167 149 127 121 136 123 78 195 
157 35 55 168 134 165 4 54 33 44 125 155 183 95 82 141 72 174 150 94 14 122 166 66 166 104 135 107 16 40 153 17 177 87 138 57 187 8 16 194 164 116 47 185 196 94 12 66 147 159 128 101 152 62 104 87 140 132 169 8 110 151 123 33 131 200 164 105 31 25 147 175 27 175 114 45 167 146 171 153 23 61 140 113 3 76 81 104 139 26 1 44 41 92 100 135 127 1 20 174 22 139 161 188 134 14 51 153 46 184 22 46 138 70 152 172 74 48 66 199 4 55 106 114 118 179 27 180 91 78 168 150 8 184 132 114 175 154 179 14 115 106 196 21 102 22 4 92 91 178 
94 187 103 76 122 197 77 52 32 34 70 54 104 41 167 60 37 158 20 74 83 130 24 43 177 18 16 134 110 196 193 80 166 74 129 167 99 88 159 29 24 15 110 166 112 82 77 167 119 16 66 49 30 102 40 195 116 101 28 154 6 178 120 80 113 93 132 23 128 193 105 144 12 19 17 168 130 50 168 1 133 80 57 138 106 49 171 175 125 14 45 181 181 136 160 32 140 161 144 100 22 12 171 182 191 139 42 172 93 196 173 108 170 34 50 7 132 90 57 11 122 149 142 107 55 2 2 108 18 13 148 134 1 74 42 108 159 116 191 123 16 175 83 17 123 1 4 143 11 181 
3 58 44 35 45 179 146 23 22 157 22 98 52 3 46 150 13 139 50 142 23 58 54 35 170 108 36 37 117 111 139 146 155 184 59 194 170 141 148 66 47 167 194 84 189 18 13 130 193 48 169 25 157 193 117 42 199 165 96 58 81 191 162 57 18 10 197 7 150 100 156 50 160 101 77 60 33 4 130 200 16 194 103 158 113 30 92 150 119 150 106 169 163 182 141 32 126 177 163 118 46 151 90 79 97 121 196 106 42 133 71 124 146 11 2 147 58 187 61 2 80 35 133 194 182 193 103 104 79 136 144 33 139 161 169 157 61 115 161 22 107 84 48 193 29 30 85 52 61 36 
115 114 18 161 74 118 147 128 71 174 102 67 27 45 5 5 155 57 1 179 21 163 90 104 115 132 53 77 89 96 136 19 174 121 59 143 1 133 119 5 10 14 104 196 145 137 23 63 30 32 85 75 68 79 119 94 131 37 66 76 117 101 119 186 83 130 44 62 56 20 187 149 19 180 23 79 137 145 88 101 47 83 65 7 89 136 22 173 58 187 111 12 168 97 173 191 102 48 171 110 64 179 1 132 14 20 49 3 56 97 115 125 94 107 155 199 136 19 22 182 30 38 21 135 133 7 123 32 92 179 43 89 129 139 90 132 167 97 145 32 170 154 195 74 164 185 62 135 141 186 
5 131 28 147 71 79 108 26 44 111 193 32 31 142 153 176 88 59 154 5 163 131 144 99 119 39 45 34 91 18 19 22 65 17 172 92 32 46 84 63 71 59 173 171 56 46 11 183 31 127 40 174 83 142 186 166 37 35 16 175 173 80 196 144 11 101 59 17 10 155 119 151 180 59 52 176 157 23 63 134 86 12 153 129 145 178 4 91 11 6 27 156 160 72 31 29 23 104 175 181 36 72 181 139 172 65 197 44 75 129 143 7 144 23 177 42 42 166 130 129 134 20 7 121 79 187 150 87 196 124 110 100 114 114 163 7 29 176 164 16 64 107 142 156 150 75 175 141 63 117 
39 34 54 124 84 12 97 2 123 41 198 3 53 64 78 197 71 95 147 97 137 19 25 188 191 189 39 98 200 34 21 11 177 193 105 125 123 194 158 10 153 55 106 34 20 190 165 77 23 164 117 145 87 197 181 88 73 126 82 173 113 32 60 7 116 184 83 18 49 197 50 29 98 79 179 45 84 83 117 132 149 60 172 10 124 85 77 47 89 166 73 69 35 16 1 3 83 70 57 66 121 108 170 130 17 113 15 65 175 52 111 93 77 109 170 106 91 96 161 1 149 61 18 113 63 152 96 170 179 163 192 76 141 96 79 119 194 3 175 181 179 34 47 55 39 123 195 125 17 119 
173 90 13 23 196 64 2 43 75 41 80 109 183 126 149 195 102 156 92 150 86 122 115 74 177 79 170 149 27 161 106 79 157 58 48 152 54 8 84 25 127 18 107 92 42 119 191 108 49 104 7 138 49 83 86 151 88 12 19 14 62 153 174 29 156 108 41 176 155 125 186 185 66 85 143 89 180 131 137 170 21 167 78 84 119 199 129 88 190 71 65 54 39 5 34 99 33 122 194 161 167 38 132 168 174 119 20 141 121 187 48 39 158 150 191 63 111 42 107 11 199 50 27 151 101 116 176 27 21 187 74 15 199 185 35 4 3 91 114 116 80 159 3 45 107 135 117 168 48 180 
158 56 67 45 90 121 8 47 12 125 73 152 124 33 42 28 169 116 1 86 144 179 6 6 145 125 93 125 38 182 134 89 148 153 80 166 143 27 120 168 119 125 79 26 181 193 168 185 53 174 30 104 199 69 133 177 22 191 69 138 86 25 52 84 35 89 189 194 118 9 87 18 67 26 127 11 130 112 152 72 84 190 67 142 13 187 87 78 105 132 32 151 157 182 156 164 115 110 147 153 171 197 75 72 24 169 20 132 43 150 144 178 126 190 180 70 199 130 156 75 198 200 11 106 186 156 66 145 143 163 1 24 15 163 163 7 31 134 125 95 51 79 18 39 41 192 200 94 77 143 
81 143 196 38 164 129 86 86 44 102 143 173 33 97 152 107 152 198 109 51 185 199 65 154 22 29 182 157 48 84 46 129 183 84 46 190 50 156 54 73 136 148 155 55 26 97 6 50 115 16 82 146 94 144 110 35 19 58 8 40 82 150 144 162 2 97 48 182 81 8 73 119 34 33 23 188 154 45 135 81 23 80 197 196 141 178 125 113 188 25 68 2 184 50 98 140 55 166 91 40 62 166 77 20 15 62 155 89 73 5 117 193 62 60 134 143 172 108 67 175 64 73 126 19 24 160 136 174 58 75 44 97 117 68 158 155 57 183 95 3 188 143 180 109 157 140 50 131 99 93 
163 62 83 20 51 193 134 173 45 165 142 140 102 194 103 130 174 56 145 168 62 105 14 130 8 132 16 157 36 130 125 42 42 180 25 75 88 10 14 107 167 125 146 15 91 175 198 180 16 79 5 88 57 155 142 103 161 129 63 18 182 159 189 184 162 72 184 134 59 139 150 71 72 102 193 143 166 55 133 157 130 165 32 51 198 189 21 140 86 63 166 129 51 48 46 87 104 199 192 44 90 184 163 18 109 196 143 126 39 66 90 27 27 168 17 138 174 144 186 114 80 109 21 172 140 75 10 192 38 80 131 155 192 72 110 110 58 65 192 41 49 136 25 11 104 35 122 173 41 64 
192 49 84 168 193 152 180 53 26 57 46 93 146 143 12 126 138 161 136 64 34 141 157 187 80 186 199 2 8 120 136 94 44 34 72 191 142 122 7 194 169 71 1 116 44 145 179 46 164 142 43 199 186 194 21 49 28 46 78 49 132 99 102 157 31 151 20 129 77 147 151 161 150 43 71 166 53 105 46 2 83 129 148 93 60 185 181 3 15 178 15 65 87 130 89 145 21 39 165 59 139 84 12 128 11 174 3 12 155 167 153 113 35 152 189 130 74 149 32 189 79 147 89 96 171 126 60 50 27 137 24 167 111 104 14 29 10 138 36 165 15 116 126 79 194 3 27 6 134 72 
52 164 79 124 18 22 119 32 73 59 28 83 25 106 48 66 184 99 50 91 50 139 38 151 156 158 136 148 40 188 174 116 177 110 194 94 12 39 13 192 96 44 197 105 138 151 157 145 141 156 97 106 113 83 44 2 2 99 51 145 104 100 124 181 120 82 97 49 155 65 30 151 27 75 188 200 178 199 95 130 38 156 158 43 33 132 132 81 32 162 94 17 18 109 38 89 7 164 158 9 190 126 79 76 180 74 184 99 90 13 85 18 15 191 29 74 93 65 14 198 77 173 39 47 83 16 75 102 79 119 59 92 41 83 151 193 158 104 174 47 72 67 68 73 118 166 110 1 162 46 
27 154 145 103 159 147 184 61 93 103 73 175 170 153 40 50 1 124 53 137 83 144 127 40 66 164 104 78 111 184 162 97 134 116 176 120 57 5 193 87 20 186 46 142 116 8 50 97 173 96 133 135 66 102 28 89 37 142 78 124 17 174 143 51 58 48 26 13 59 174 98 93 82 5 99 93 29 158 82 119 147 144 184 122 198 165 106 113 8 131 138 67 64 130 185 30 1 15 75 185 157 57 40 29 82 136 144 115 77 69 75 6 2 12 82 13 81 107 29 165 20 162 32 165 143 106 16 78 21 185 30 127 154 126 72 79 150 1 121 124 90 114 119 14 156 145 118 34 5 160 
66 116 1 67 196 164 119 38 155 48 165 42 55 86 191 188 39 5 80 80 133 75 49 53 118 163 194 33 124 15 48 160 172 36 141 47 113 23 43 150 59 105 161 196 149 181 3 121 146 104 92 72 88 19 161 21 178 71 71 195 3 98 131 117 138 174 132 160 26 52 3 172 68 170 88 114 178 155 167 118 157 23 27 40 89 27 194 156 18 143 134 174 92 119 46 12 112 93 94 43 116 185 147 161 95 180 193 49 105 31 76 180 173 177 179 164 179 163 139 15 42 182 56 127 199 3 99 169 9 28 108 125 138 61 11 192 7 134 89 129 99 147 115 144 32 132 134 141 24 116 
96 173 88 48 105 130 106 95 68 200 34 115 63 125 97 111 144 195 37 7 41 53 36 164 94 46 156 21 71 58 128 2 193 95 145 11 90 185 177 61 137 190 135 177 98 69 190 186 149 199 41 140 141 80 97 75 171 146 46 3 163 161 188 145 184 173 156 197 184 177 122 52 189 171 155 83 183 49 101 197 10 92 149 165 100 77 15 104 26 96 62 166 4 90 91 28 118 46 58 185 33 41 142 27 52 133 139 106 165 196 112 108 178 14 11 162 174 193 7 183 149 14 188 136 1 163 103 52 23 55 6 102 51 119 155 54 154 33 66 154 75 4 37 124 36 139 73 89 47 142 
108 47 143 94 109 56 35 81 188 105 148 19 161 2 193 113 140 156 144 88 9 65 143 101 52 65 167 149 193 68 181 168 199 150 163 193 91 183 155 168 197 68 51 48 119 16 59 96 1 61 196 37 33 161 1 45 144 85 39 122 1 119 57 106 59 158 58 110 40 65 135 190 86 126 54 153 126 135 98 36 162 6 125 67 200 52 165 101 159 18 100 28 109 147 195 127 163 186 168 147 175 18 20 55 47 59 29 159 30 151 189 137 24 106 117 59 161 17 147 48 13 89 31 109 77 151 24 62 145 69 26 39 131 108 32 200 24 88 41 62 57 54 130 111 117 38 185 68 138 180 
114 174 58 171 123 21 62 144 62 55 127 38 85 113 77 185 132 134 5 104 35 46 13 122 100 127 101 162 45 7 12 85 62 117 171 88 44 164 73 150 176 15 196 74 117 7 163 1 51 168 145 174 80 123 107 195 136 49 92 77 24 78 187 33 64 68 195 92 99 31 146 19 61 78 54 106 42 174 158 29 100 109 118 174 99 73 85 54 180 143 20 14 169 3 198 25 7 173 109 168 180 80 136 95 137 16 188 95 194 15 85 31 157 17 28 175 115 119 58 3 70 82 191 9 27 199 19 80 41 37 19 29 65 62 159 85 125 33 107 53 96 200 184 76 66 103 97 71 96 150 
99 46 187 37 194 26 177 190 193 34 176 8 47 92 151 187 14 162 59 79 174 82 46 157 186 176 89 99 89 102 153 60 81 76 39 182 38 54 15 133 198 100 49 139 118 182 75 195 57 135 161 137 93 44 65 182 84 122 74 21 56 143 130 173 3 75 200 144 98 65 176 105 78 143 49 50 190 200 68 105 169 142 148 137 15 176 157 85 61 51 95 198 92 31 51 130 57 198 184 157 104 195 15 190 20 167 199 161 60 73 21 69 187 133 74 178 145 70 72 158 94 188 48 155 29 22 112 119 113 99 124 26 27 79 125 91 96 108 103 126 25 185 41 23 74 144 14 80 179 34 
89 93 53 80 97 122 100 131 178 101 42 189 146 67 188 47 113 163 76 149 132 131 110 41 167 10 39 150 48 98 139 160 155 3 66 95 180 73 115 167 18 179 50 189 171 11 132 75 193 125 139 114 62 79 105 76 128 142 141 122 76 190 162 139 5 69 192 54 121 10 72 165 136 165 143 187 2 92 2 152 31 161 79 106 50 185 169 7 90 194 195 129 101 83 51 83 34 183 156 4 4 71 75 4 117 152 3 35 24 2 10 54 113 77 139 54 113 80 196 131 119 169 23 20 149 57 151 112 104 186 186 124 49 56 21 110 94 38 7 170 20 63 92 87 23 145 140 119 171 109 
132 18 196 26 9 29 56 90 151 85 30 178 175 92 38 95 65 47 68 93 28 145 153 52 72 163 174 36 63 56 26 24 37 120 125 94 34 191 23 137 146 173 134 14 155 193 185 44 128 154 166 147 195 54 31 30 21 60 34 165 150 85 164 136 191 4 81 65 200 165 130 129 55 158 194 30 47 61 56 138 49 179 135 109 9 54 133 80 191 103 46 121 187 57 99 143 114 199 27 32 66 70 149 62 44 114 62 92 16 64 91 186 131 173 32 67 19 164 42 107 38 73 58 126 86 65 179 148 85 11 71 69 150 6 71 6 96 102 146 67 91 136 120 181 182 176 59 166 59 47 
4 46 43 58 51 64 14 182 8 42 193 73 73 41 166 121 116 18 45 113 127 154 158 142 160 151 35 13 197 39 4 78 66 17 114 17 16 96 102 123 64 27 18 72 119 51 147 78 11 144 29 87 131 38 61 129 21 180 34 68 76 22 177 26 38 127 55 152 74 59 193 198 90 121 5 8 17 171 162 86 76 102 83 99 71 21 11 178 117 55 198 111 58 21 199 54 142 85 85 23 194 78 56 48 106 36 85 115 19 142 55 176 198 30 70 160 24 35 142 178 17 75 56 111 69 100 15 178 91 142 122 109 112 67 92 138 157 196 163 58 128 62 157 44 37 72 54 14 192 51 
132 97 163 77 10 145 78 136 93 180 28 78 50 99 147 7 2 135 153 62 49 13 44 73 117 180 146 134 27 123 83 113 62 149 12 29 21 66 150 4 102 65 34 111 108 76 93 61 106 125 65 130 199 90 131 38 157 152 101 142 112 4 13 119 88 24 61 62 194 14 74 34 110 51 133 37 150 115 78 156 30 146 189 67 180 74 120 82 99 112 177 100 180 48 186 140 47 173 157 35 104 148 98 2 122 179 1 60 119 148 108 7 53 52 78 149 75 117 160 15 10 102 130 188 181 113 38 65 119 191 40 159 45 33 108 22 181 63 4 194 58 15 190 76 158 136 55 152 200 78 
20 177 24 16 164 44 112 118 62 183 94 15 67 188 12 137 139 144 140 144 169 10 6 43 111 123 72 52 66 17 120 177 35 182 88 121 94 192 152 25 27 71 31 20 188 187 135 137 80 36 123 64 13 179 62 126 44 17 152 184 91 16 183 121 173 103 99 131 58 195 145 70 173 99 40 44 1 66 78 127 34 199 72 17 124 130 109 6 16 130 153 75 167 171 85 64 167 200 88 164 105 38 42 98 51 41 57 101 114 39 21 41 130 123 101 195 186 125 65 169 169 6 192 117 76 173 146 47 101 150 175 108 6 30 82 70 168 18 53 163 140 175 85 106 153 24 139 101 104 104 
43 60 174 84 96 36 195 190 95 172 21 143 41 169 17 38 119 91 61 31 67 7 106 144 74 134 115 142 62 108 140 120 162 162 175 136 96 65 30 198 6 70 45 77 15 166 10 153 191 114 95 187 30 45 181 38 119 127 59 3 3 99 87 158 160 177 157 141 30 172 67 125 47 29 43 173 164 176 96 200 71 15 63 80 117 11 38 185 138 75 91 19 156 99 89 67 64 42 180 184 46 150 132 149 165 37 195 31 106 66 164 149 162 97 93 107 109 119 147 189 200 102 91 65 159 132 58 182 35 119 95 60 141 134 53 22 13 166 131 3 197 22 155 111 73 150 24 26 42 5 
17 91 162 134 189 168 148 119 193 20 127 4 106 199 30 30 121 99 33 13 64 94 61 81 80 29 101 180 18 194 135 159 59 167 126 190 56 153 50 77 51 68 104 36 200 103 96 148 136 51 88 26 36 136 167 17 82 145 172 8 155 40 101 82 140 39 116 26 121 158 178 97 130 97 189 195 16 110 65 45 40 103 15 97 184 79 55 185 45 175 56 71 67 50 29 185 139 4 49 6 37 152 189 83 30 51 135 200 70 26 174 16 63 107 16 159 106 21 2 93 16 40 31 158 2 6 27 53 29 101 30 26 63 108 50 118 97 103 13 79 21 136 164 138 59 121 149 132 173 40 
21 85 33 22 120 194 105 158 117 111 102 71 162 109 1 139 119 106 184 185 129 71 103 175 65 135 16 198 181 167 132 178 179 86 196 20 158 35 176 53 147 182 121 135 193 130 10 114 156 67 88 155 38 44 70 31 99 1 50 170 85 27 14 115 137 42 45 171 80 198 30 7 171 101 152 89 54 107 48 159 128 170 47 25 148 142 140 84 124 116 3 6 56 152 164 145 163 130 32 61 29 43 70 169 50 115 63 39 178 122 35 194 101 178 31 94 13 119 9 83 134 142 124 45 179 5 82 12 62 93 156 46 59 200 112 69 167 194 175 103 81 55 144 108 186 194 66 35 138 71 
194 147 39 98 22 85 74 134 141 25 87 195 110 30 109 50 80 40 166 65 68 96 38 116 12 159 156 24 28 2 169 169 12 176 170 140 158 3 26 145 37 90 59 79 6 91 134 79 132 130 133 166 165 51 168 80 57 158 71 194 63 41 188 11 184 25 136 114 135 159 135 146 61 24 198 66 193 24 44 87 178 42 11 153 69 20 81 115 107 71 91 90 76 93 184 198 157 8 37 37 120 179 77 120 45 76 9 95 191 94 53 69 196 21 30 19 83 200 68 136 131 96 89 180 74 101 54 26 183 73 71 79 185 101 71 68 183 36 54 66 100 112 19 116 145 117 52 87 90 94 
183 50 114 103 28 132 115 104 90 124 80 186 54 164 73 112 181 52 131 93 178 188 68 101 149 93 84 190 167 62 70 77 137 126 26 13 123 61 60 143 195 66 9 188 51 135 157 120 53 171 88 80 45 119 78 111 32 20 54 111 142 32 46 139 20 91 19 176 85 17 135 132 128 99 73 111 153 34 14 142 148 132 187 200 41 88 65 33 97 184 15 151 150 197 31 2 68 85 195 141 141 199 90 190 112 24 119 31 93 195 22 100 164 176 197 22 71 142 196 38 88 93 16 90 118 112 141 165 156 94 54 17 155 18 86 167 197 132 89 87 37 175 171 178 52 99 74 44 41 68 
154 143 195 200 151 64 81 179 6 54 70 101 152 111 74 15 101 66 10 103 130 53 20 55 83 98 172 82 89 107 73 110 178 30 34 42 120 2 186 150 142 84 122 137 64 123 22 149 67 70 196 27 146 146 136 133 41 126 42 132 41 191 91 2 64 179 95 55 152 162 7 104 192 172 188 182 138 153 32 137 178 159 151 199 1 200 200 152 48 80 89 121 89 168 27 112 29 112 40 151 105 24 174 197 190 161 63 178 179 98 159 186 152 172 102 53 188 123 50 142 192 25 142 170 25 66 85 157 38 95 174 110 127 152 26 188 28 105 199 95 198 163 144 57 152 183 79 29 99 18 
196 145 22 16 83 176 97 19 52 11 92 74 43 10 26 71 159 45 121 12 139 18 38 183 68 169 47 161 52 87 195 171 125 58 130 165 88 30 94 92 24 158 126 5 76 95 89 103 177 142 75 173 32 82 156 122 24 188 196 102 66 164 101 8 7 45 199 171 177 6 88 20 185 146 133 12 121 86 188 136 158 130 131 134 103 179 100 135 142 21 26 56 130 151 11 15 81 191 154 170 22 108 128 39 120 54 182 140 132 153 89 7 63 176 155 157 142 115 185 109 164 32 127 180 112 82 59 164 105 159 179 60 67 192 150 19 90 51 147 156 51 72 124 171 185 105 144 192 57 160 
198 56 181 64 101 127 93 11 67 1 79 14 104 143 125 178 32 34 39 16 139 122 146 56 112 132 111 5 167 144 200 68 122 49 176 69 63 167 185 44 87 159 126 80 159 137 108 124 91 111 128 59 24 99 35 113 101 139 61 97 123 62 125 197 156 134 119 5 106 184 61 82 118 91 91 181 105 80 8 152 15 120 43 66 157 67 143 27 55 7 89 78 172 166 195 187 50 165 141 54 106 188 71 131 17 183 76 194 92 141 120 54 98 165 30 18 135 35 55 111 111 110 121 22 126 135 89 126 31 125 75 66 166 191 24 22 117 67 29 171 134 104 96 194 120 183 154 131 26 125 
28 84 118 197 99 83 174 193 24 192 83 10 119 15 45 32 123 143 25 99 21 168 58 52 62 15 4 86 92 121 69 57 177 3 31 85 49 67 77 40 133 94 122 122 41 45 81 23 80 78 50 11 159 171 35 165 81 92 23 102 100 138 58 123 39 1 74 70 9 15 112 118 92 117 146 192 90 106 76 31 198 98 81 73 105 161 62 1 88 4 6 26 136 137 146 164 101 114 172 184 117 99 111 75 103 46 14 102 140 63 19 17 24 169 168 13 63 62 40 114 51 74 97 82 18 145 99 151 147 105 163 1 69 165 174 159 181 66 24 38 66 44 134 129 74 124 49 51 55 107 
138 153 189 106 172 6 104 158 103 42 158 1 86 139 176 59 97 194 197 123 48 31 6 35 111 136 163 1 139 51 81 66 167 129 156 193 196 58 76 118 37 150 147 103 133 6 139 146 151 142 75 15 83 110 2 89 30 47 150 48 145 45 68 19 27 152 34 56 12 15 140 59 33 200 138 112 169 115 148 145 23 108 52 66 66 197 47 20 50 63 17 57 181 11 93 38 124 131 109 193 15 88 96 157 86 167 127 22 97 184 103 40 13 157 36 176 137 26 88 70 196 147 116 159 119 120 140 76 15 143 42 135 68 147 46 188 38 118 41 91 28 29 22 123 81 30 108 27 190 49 
152 166 143 39 191 44 134 183 25 132 13 137 91 136 171 141 145 74 32 165 53 20 44 115 165 194 107 54 51 43 53 48 157 193 86 48 137 71 115 189 145 152 142 51 153 73 52 19 147 156 156 83 165 81 40 125 105 156 122 166 72 36 90 48 81 112 4 32 81 186 51 169 31 168 145 83 50 98 190 183 41 31 131 4 99 39 164 162 152 18 150 46 64 179 73 117 93 10 127 76 80 108 71 72 185 1 96 98 159 160 96 28 58 40 32 150 49 25 188 188 30 101 186 25 7 197 16 19 149 90 77 153 159 20 135 46 134 72 94 96 127 140 152 195 197 30 103 160 72 110 
190 94 62 142 154 196 37 177 92 33 52 10 25 94 48 138 129 80 127 170 99 86 141 65 63 35 114 43 70 97 93 90 192 188 28 184 199 135 38 78 134 170 185 154 111 45 30 6 112 166 64 12 179 94 144 64 89 9 81 199 80 41 16 21 23 47 173 162 19 170 37 185 20 150 193 129 124 156 68 186 143 86 110 95 25 144 2 157 22 95 76 179 112 42 33 174 196 110 119 187 17 156 176 13 159 40 191 160 102 7 106 16 36 199 47 81 64 70 188 18 16 58 177 161 12 23 196 19 11 117 82 3 74 127 129 123 82 35 82 95 87 157 196 79 187 152 94 103 119 139 
181 44 147 173 196 133 37 21 138 75 97 162 107 157 198 65 103 79 26 88 46 159 179 90 123 4 143 141 57 181 146 8 15 116 160 52 4 16 42 48 8 52 21 132 46 178 130 55 197 45 49 164 155 183 60 20 22 9 96 64 186 124 192 28 149 26 76 10 165 158 144 165 103 59 190 195 19 147 110 89 93 145 3 28 168 98 3 75 30 61 127 29 2 191 27 100 157 153 181 164 89 56 23 192 103 110 48 149 156 151 151 184 13 147 84 30 101 67 96 150 144 180 85 121 195 85 198 115 6 179 123 53 148 2 64 39 195 200 79 57 137 115 43 98 108 140 6 124 37 51 
193 65 171 7 3 43 194 46 197 124 32 167 155 167 144 119 49 149 79 158 171 94 135 147 183 88 14 8 193 81 27 6 3 1 108 66 167 175 173 173 90 157 129 137 87 2 44 154 164 136 95 50 3 148 13 196 57 56 159 81 103 22 79 83 93 3 35 18 95 151 3 163 62 109 46 56 188 123 96 19 155 144 182 194 127 185 56 176 103 46 167 188 183 116 73 163 12 107 145 121 1 199 160 53 51 151 67 133 67 90 168 20 159 83 2 193 103 137 120 165 166 81 50 152 64 47 111 106 150 139 95 40 25 138 41 100 33 15 40 72 150 197 42 20 126 27 36 175 123 111 
88 34 41 165 60 47 96 141 158 96 40 12 76 46 81 146 137 43 77 176 196 183 130 56 162 168 111 169 72 41 82 47 90 47 192 151 2 63 75 48 80 2 123 39 154 62 36 178 91 180 69 114 86 181 159 144 61 175 114 100 173 115 188 39 116 137 186 108 64 53 110 125 25 194 146 50 85 170 41 63 108 14 159 50 139 9 103 199 145 95 179 20 121 59 63 185 7 13 145 6 68 81 192 22 127 114 21 135 57 75 172 181 33 119 102 7 97 200 159 30 35 45 33 191 61 5 64 42 140 69 46 129 174 118 116 137 80 157 135 30 186 77 183 196 173 151 24 100 106 184 
33 184 173 149 181 179 146 119 16 123 195 54 86 32 169 137 93 195 90 35 15 75 20 88 178 147 197 135 108 58 60 137 117 142 5 12 191 179 13 161 24 104 1 178 190 87 185 81 63 1 198 178 106 189 173 21 121 156 82 92 182 184 129 87 181 80 42 185 89 17 40 15 153 140 134 155 198 98 77 36 116 29 184 53 89 48 91 98 130 160 81 79 132 104 52 155 197 74 4 21 89 152 88 180 91 3 70 91 197 198 104 79 160 161 138 140 189 125 143 127 43 94 104 60 143 105 73 182 70 100 62 151 61 178 180 107 98 32 22 143 5 195 24 188 47 152 38 142 68 128 
42 199 136 95 62 98 58 7 54 62 112 70 179 189 16 48 143 75 61 137 121 40 14 54 14 189 34 194 90 147 84 9 161 65 131 172 121 45 166 81 93 144 151 49 103 60 104 177 8 110 120 29 106 127 65 52 34 32 140 77 194 66 12 21 7 60 93 184 176 128 59 106 78 112 173 3 5 129 66 175 31 136 189 18 111 147 119 93 123 72 179 6 113 21 178 97 20 170 99 46 121 3 84 114 158 110 189 14 163 165 73 14 164 193 34 116 195 197 96 126 156 149 101 27 174 33 37 24 81 182 146 25 67 47 85 46 163 66 89 118 51 114 156 143 77 101 89 67 136 157 
103 121 165 197 8 130 123 17 138 70 37 48 92 77 9 175 126 30 97 85 75 71 197 90 191 94 82 122 144 111 125 78 148 129 140 119 100 129 77 185 84 192 6 31 51 179 65 17 172 15 1 147 43 130 183 15 111 155 114 76 91 18 23 85 183 51 35 121 45 51 161 94 28 115 197 22 122 6 77 49 14 171 172 152 149 109 162 198 69 59 78 67 57 97 90 187 39 50 102 53 135 143 42 16 68 21 107 193 87 157 132 6 195 49 153 137 101 177 9 88 127 30 21 108 168 179 150 83 184 38 29 173 11 181 15 135 55 65 38 105 86 27 50 124 170 147 138 17 157 154 
161 121 167 139 31 51 127 108 56 124 120 127 101 87 195 104 60 53 56 196 109 166 67 193 161 96 133 50 42 11 14 92 184 94 3 65 172 47 36 40 129 57 143 29 103 108 66 136 36 141 112 200 60 170 113 63 181 81 141 117 185 65 66 122 193 71 66 187 167 12 148 104 64 8 179 5 147 63 14 15 28 110 128 87 64 172 38 13 150 55 200 137 160 162 83 166 161 8 160 192 114 76 123 101 142 45 193 2 26 119 176 131 79 108 30 181 33 15 155 137 6 148 25 152 148 107 53 143 65 191 166 128 178 195 176 45 125 70 54 143 110 179 94 42 93 67 113 40 176 58 
110 129 76 181 140 194 177 55 145 156 170 193 100 195 136 122 164 12 29 106 17 165 18 36 76 6 80 75 131 189 118 124 62 122 200 100 71 90 90 138 69 174 156 35 193 73 111 8 68 64 2 191 179 37 133 24 49 75 149 88 128 174 64 162 102 174 176 194 66 185 67 166 11 39 162 78 96 40 160 21 157 165 39 24 182 56 151 182 38 13 100 172 94 62 159 127 65 149 80 21 157 5 132 120 12 9 157 55 142 56 54 200 124 177 101 151 171 179 179 135 73 153 152 38 73 176 30 94 189 109 27 178 69 161 55 163 137 130 9 38 44 102 151 139 144 28 60 118 184 124 
189 75 50 132 57 71 25 155 155 121 198 143 28 189 128 70 170 158 158 100 22 2 197 55 198 69 175 67 79 86 138 128 73 104 163 106 168 197 107 173 33 13 159 137 191 167 136 52 191 68 171 25 117 133 9 64 68 28 50 94 85 111 198 168 133 133 148 160 17 52 141 15 29 72 130 141 177 84 177 96 5 94 57 109 89 102 9 97 170 146 92 155 163 182 137 145 174 132 186 180 184 29 10 199 165 10 74 116 148 52 10 162 29 113 45 183 161 118 178 185 69 17 198 124 52 40 40 143 103 175 43 110 112 99 64 3 51 74 49 22 45 19 166 99 35 66 199 97 150 178 
95 5 47 21 153 178 25 115 82 119 198 25 63 54 104 94 188 39 149 48 199 178 146 179 15 115 143 155 120 190 101 84 95 152 26 54 112 142 108 94 126 191 84 153 66 88 155 25 156 159 135 128 4 89 98 189 73 90 194 10 138 48 103 84 122 128 23 17 45 92 163 191 196 92 33 13 197 174 113 44 60 130 178 95 38 199 56 150 140 99 83 70 188 23 110 3 192 84 26 169 130 113 191 195 103 30 174 169 44 40 98 152 193 174 118 187 21 11 139 174 200 59 127 105 86 125 42 184 123 51 28 51 40 111 92 9 58 76 141 113 82 62 145 194 14 79 23 147 95 12 
95 57 77 168 102 16 151 72 49 19 177 80 192 9 143 117 99 76 197 73 68 186 82 101 41 173 89 142 155 85 13 169 129 72 73 161 42 18 9 145 108 132 35 78 170 21 181 72 165 195 148 143 35 156 194 83 197 112 44 89 82 25 22 87 174 145 148 164 111 2 148 121 25 200 14 181 161 181 173 176 73 80 69 23 176 146 106 70 45 193 155 27 150 196 200 187 165 176 31 119 157 48 72 188 80 102 100 200 153 97 11 103 102 123 113 80 170 148 189 56 180 126 29 163 99 64 122 27 83 78 19 26 116 159 13 28 49 35 20 20 162 114 43 92 80 141 30 25 111 143 
56 123 7 170 194 55 105 135 77 61 179 108 175 56 111 19 135 55 33 109 61 181 114 175 56 68 32 126 200 134 98 70 163 73 89 22 15 110 157 184 133 185 188 129 68 64 152 50 103 55 185 164 36 109 48 99 168 94 18 66 151 30 90 17 118 95 115 31 121 106 162 187 173 163 121 29 187 159 94 19 98 2 69 20 19 91 162 86 174 134 23 104 75 132 200 115 170 196 104 87 167 38 21 51 47 2 171 26 144 65 185 38 36 167 10 177 113 18 108 53 126 10 136 132 22 68 178 87 87 191 167 124 34 62 189 119 192 171 117 92 134 196 55 17 44 46 104 187 50 200 
103 100 79 76 200 118 176 40 104 5 156 159 69 168 135 49 144 78 58 68 186 194 160 199 183 191 33 137 58 56 168 93 162 191 106 199 190 107 116 84 28 147 82 11 91 157 78 35 116 71 122 111 56 149 73 76 154 78 164 73 100 70 42 15 73 148 153 158 80 137 88 85 171 165 80 188 17 68 72 94 91 152 162 188 154 126 49 108 105 136 59 169 154 31 52 4 67 177 119 89 44 31 50 179 82 39 153 98 182 164 143 32 147 33 73 65 41 137 147 52 60 72 160 25 136 93 125 97 120 11 191 199 131 84 108 40 178 31 135 39 91 122 75 41 65 45 94 141 63 36 
8 131 102 76 162 29 190 56 45 70 60 89 27 73 182 170 89 178 91 68 72 192 136 132 126 169 124 33 37 1 168 107 188 110 137 106 151 199 155 136 13 183 48 193 79 131 35 61 121 91 74 42 81 194 81 122 46 193 45 21 86 137 167 151 74 146 166 119 2 100 1 44 189 69 141 126 134 136 155 48 20 163 38 195 23 74 72 172 40 135 157 150 37 169 150 33 149 197 171 98 39 9 138 26 167 132 97 139 101 187 28 64 52 161 5 45 87 71 50 42 134 5 33 125 29 17 171 184 180 4 106 192 160 106 186 148 8 178 67 103 175 91 70 44 8 61 193 17 27 188 
64 113 88 4 194 166 92 59 30 160 64 157 23 180 140 17 52 104 130 1 121 87 3 54 54 121 119 184 39 92 96 136 102 171 68 146 122 67 192 17 145 28 133 108 95 121 182 11 9 110 42 65 43 165 149 97 46 184 73 111 188 17 106 77 140 77 109 4 54 72 102 131 177 176 120 147 16 126 116 53 150 182 137 111 42 3 25 65 164 109 84 159 17 137 87 187 43 76 147 86 14 116 66 65 32 45 146 140 163 179 97 39 68 50 147 44 67 164 41 81 31 60 182 49 171 18 56 61 15 166 85 180 4 99 25 129 23 84 72 45 34 82 152 43 181 3 163 4 5 112 
165 200 2 166 27 192 19 99 8 24 59 114 83 88 115 127 56 20 191 89 143 52 24 110 147 157 36 105 167 25 67 179 109 117 150 184 144 60 114 114 179 82 137 74 91 156 37 108 38 100 143 170 61 184 27 83 52 160 157 56 106 14 182 122 184 36 142 132 187 98 92 110 90 102 119 115 14 82 3 165 64 43 140 153 162 120 129 69 9 131 61 155 163 35 18 107 111 163 135 166 117 197 123 84 51 10 100 124 52 180 149 37 116 92 97 169 133 164 13 11 149 186 91 15 100 115 161 151 179 49 42 114 124 168 47 40 106 33 114 133 144 90 12 184 59 199 107 200 161 53 
78 184 193 71 142 27 121 157 36 78 29 33 124 140 99 122 130 157 178 63 11 166 130 95 171 68 23 66 158 170 120 187 43 163 144 76 158 186 162 92 54 79 193 155 3 144 137 160 3 111 108 11 27 94 25 2 137 94 188 81 65 42 92 193 44 18 89 42 187 2 18 141 4 150 197 21 166 179 76 9 108 97 136 154 138 66 102 114 75 9 6 21 89 122 129 73 14 117 105 190 108 91 120 46 20 157 36 174 69 185 52 134 177 55 76 53 200 123 84 109 153 146 150 183 10 13 87 25 18 5 104 80 29 96 36 85 6 10 25 161 30 76 14 74 114 24 29 30 59 50 
164 111 50 109 60 155 29 122 195 89 166 144 182 40 38 127 84 129 12 170 109 113 154 123 108 43 92 194 7 11 99 44 132 164 130 167 106 77 141 56 51 26 129 17 2 127 40 55 136 188 75 196 178 24 197 158 64 89 158 39 12 175 59 144 196 105 144 121 127 69 185 36 180 146 74 164 102 78 29 12 183 40 179 45 37 60 51 164 82 186 53 158 98 200 70 65 137 122 159 183 107 145 9 124 80 146 91 51 81 76 62 27 83 136 181 173 83 16 142 120 77 117 127 38 114 170 48 46 167 106 105 167 100 38 61 103 19 8 19 79 12 198 66 178 158 78 174 163 16 144 
189 2 129 21 49 169 82 90 40 151 193 35 95 159 108 105 59 69 174 151 88 74 199 50 51 74 2 190 200 181 182 21 71 143 9 177 153 128 63 42 40 196 60 61 152 90 90 90 194 143 182 177 143 54 143 159 60 162 106 84 176 54 62 118 195 82 174 25 83 176 137 165 148 193 199 4 153 117 28 166 18 196 68 124 22 149 105 50 125 104 105 18 139 136 46 168 113 169 163 168 71 118 119 73 166 184 198 116 169 62 50 157 103 176 157 188 185 149 121 63 101 166 114 68 75 167 43 45 27 80 193 42 22 37 72 35 123 114 125 117 195 51 71 31 107 171 118 32 83 179 
167 15 48 48 112 102 24 163 3 30 144 148 190 51 159 25 119 19 104 6 23 187 14 128 30 70 189 147 5 197 25 32 92 126 93 42 48 134 113 66 12 145 119 193 177 18 113 188 85 119 21 115 164 179 127 186 9 139 67 131 129 20 173 130 126 113 39 126 130 173 101 138 24 43 138 55 85 146 17 124 18 102 21 67 166 5 141 122 46 96 21 111 167 196 72 84 195 190 5 156 72 145 136 134 46 106 126 198 21 86 21 167 131 1 180 166 153 137 33 7 67 180 143 182 106 75 178 70 3 145 193 64 150 13 154 155 195 191 41 144 57 158 165 143 68 108 110 119 6 66 
142 141 50 91 149 89 181 73 82 27 180 53 114 114 71 79 105 22 198 4 23 77 116 2 160 7 160 33 133 151 1 51 169 16 15 134 24 200 136 155 5 64 174 67 195 169 177 38 94 185 60 157 157 160 73 157 119 33 158 29 185 186 118 7 185 97 57 100 184 103 29 129 66 155 159 113 190 81 127 81 40 134 106 153 90 79 73 174 86 145 35 101 149 85 37 52 58 190 194 112 108 56 128 177 192 81 74 61 143 120 100 34 3 15 193 175 37 159 63 168 135 29 185 160 128 62 104 182 92 145 152 54 121 60 89 98 141 85 167 176 124 147 23 96 171 78 129 200 161 98 
53 76 166 199 23 66 145 40 69 200 191 14 102 188 189 28 22 175 154 137 67 176 142 124 171 14 162 116 85 6 183 195 83 79 113 16 88 41 147 118 38 4 146 77 41 106 14 135 64 27 59 116 77 60 17 76 12 157 147 20 143 21 66 83 115 88 105 82 53 83 44 82 166 111 167 163 145 22 19 94 67 147 70 34 195 99 54 28 97 149 151 164 24 55 19 195 95 116 8 148 158 33 61 14 141 66 172 151 10 170 142 3 43 193 160 140 77 168 160 148 185 82 98 95 59 172 200 84 127 176 114 82 107 3 156 86 134 161 185 164 166 198 60 167 189 151 162 2 82 169 
80 163 70 44 98 196 113 37 167 158 30 188 46 198 63 152 49 92 148 171 170 152 73 149 181 57 192 121 118 59 50 81 68 69 13 48 168 85 78 33 182 194 185 5 129 162 33 66 115 162 58 83 193 143 113 177 5 59 154 149 21 155 24 65 40 41 61 102 93 178 18 143 116 145 187 76 93 84 173 180 123 42 135 191 154 41 6 143 137 152 74 100 39 10 166 17 140 32 34 120 182 81 26 159 131 7 112 105 194 133 163 14 46 89 146 171 108 187 55 183 137 193 195 77 2 53 193 16 45 94 103 7 46 79 173 121 98 63 109 100 133 16 190 140 158 122 138 120 39 148 
197 178 150 168 161 118 29 29 88 36 31 95 115 8 29 126 141 130 100 51 169 160 11 146 104 16 129 41 22 23 98 141 194 121 127 194 138 96 163 73 52 153 10 173 112 77 125 92 84 2 196 173 102 37 150 163 167 42 113 87 93 191 156 112 56 37 177 56 199 188 65 173 131 26 23 97 25 1 28 89 32 56 51 2 189 93 115 105 55 178 165 40 98 36 20 191 74 98 6 141 169 158 108 155 159 26 186 80 185 95 66 174 105 68 44 39 143 26 107 197 87 66 200 84 25 169 144 171 39 119 100 137 103 54 148 23 7 156 172 112 61 45 105 9 68 64 139 43 20 137 
139 185 195 2 107 182 175 61 18 9 197 185 60 133 53 186 32 76 46 89 177 47 168 196 29 145 116 101 42 186 6 5 124 181 4 179 184 124 138 116 191 34 154 148 153 90 134 29 160 102 184 200 126 151 70 165 186 196 184 162 71 139 154 126 133 22 16 24 40 52 30 51 131 126 182 32 190 118 109 110 18 131 151 149 60 186 171 134 43 15 17 18 182 51 58 168 72 63 144 71 172 131 94 74 64 172 107 198 133 47 165 78 130 33 20 54 74 81 87 59 130 103 95 18 155 130 59 105 153 15 24 90 45 46 147 53 180 106 39 74 99 56 16 72 71 176 5 142 97 62 
43 151 22 18 139 48 175 85 79 87 87 75 64 148 99 110 119 55 154 176 180 151 1 158 125 124 121 124 52 138 63 93 170 148 129 113 75 187 191 93 121 81 28 35 61 55 99 99 49 189 73 56 159 160 93 25 11 100 148 145 36 47 145 132 170 73 161 99 106 65 53 66 130 160 159 166 42 183 19 62 67 22 28 137 13 18 79 66 166 93 183 86 153 16 52 91 79 146 199 149 21 108 19 81 123 153 148 23 140 81 130 131 194 131 69 148 28 19 42 87 185 128 126 188 168 178 193 199 162 75 28 61 103 46 52 143 85 111 83 9 45 129 29 194 82 27 101 24 174 142 
1 128 113 198 61 156 42 65 169 165 192 62 56 15 65 85 44 181 114 122 70 181 128 195 3 39 63 11 185 127 98 32 38 134 96 89 10 98 187 4 62 2 4 51 8 83 186 190 114 95 130 187 93 97 121 56 192 165 97 47 147 189 141 75 156 97 79 72 199 80 27 94 130 17 164 91 177 123 121 131 119 14 135 87 101 159 117 69 23 187 166 2 22 97 153 13 135 181 161 38 139 71 135 26 168 183 113 99 30 38 83 139 86 106 43 30 117 139 87 70 171 88 170 65 28 39 19 58 199 200 173 34 45 116 120 177 17 94 18 142 148 31 119 122 182 131 153 61 103 157 
167 126 67 63 158 42 116 100 139 87 73 146 54 66 192 79 80 110 114 155 26 115 90 112 26 83 133 110 47 115 63 136 170 169 88 69 119 173 173 1 31 97 42 192 178 54 145 59 65 153 77 36 113 57 16 36 85 130 96 66 28 82 24 199 59 197 57 144 74 119 178 93 102 42 73 194 66 183 168 57 138 84 75 12 161 138 36 177 76 180 125 56 186 127 100 49 5 98 126 163 59 87 189 87 78 160 22 43 65 200 86 53 33 23 185 91 41 95 187 78 71 61 125 179 147 66 176 128 105 149 168 112 2 183 87 98 93 164 87 69 6 181 172 22 141 4 47 52 16 178 
17 173 177 164 60 144 84 104 63 9 74 45 2 85 168 71 1 33 159 161 148 101 4 115 101 43 162 71 100 69 59 190 134 26 73 194 106 56 164 146 164 192 119 138 30 113 154 191 82 183 79 100 187 171 191 186 120 80 129 141 40 70 54 147 15 174 42 165 1 33 51 117 88 57 77 109 190 2 2 30 86 199 44 127 159 14 107 194 179 141 75 52 143 48 168 65 30 194 177 23 99 111 180 73 117 170 104 35 53 135 22 35 58 10 48 90 12 83 126 32 153 78 104 149 34 95 109 173 196 62 158 23 195 110 88 10 156 15 89 45 48 103 132 161 9 151 134 183 178 141 
3 10 19 27 173 50 96 79 102 139 81 192 98 4 187 117 77 120 184 116 56 50 139 12 171 74 109 49 149 143 101 157 7 184 187 168 40 85 109 107 76 60 38 108 139 47 168 172 107 38 39 8 46 24 176 13 49 178 80 85 157 153 155 175 177 120 72 176 84 166 135 59 22 182 171 177 176 163 36 12 106 173 108 131 5 94 132 10 196 176 152 19 29 170 119 134 26 143 194 190 171 91 113 114 61 181 153 154 15 41 77 21 191 8 140 190 137 128 133 19 100 132 9 60 195 112 25 51 64 165 5 32 199 137 63 105 33 180 32 5 44 122 194 100 114 4 51 147 97 147 
198 117 73 116 16 151 83 183 54 144 27 2 58 149 188 68 30 133 106 108 61 35 128 81 193 20 61 168 1 58 167 143 19 38 166 32 151 144 45 119 72 163 64 161 160 193 171 20 153 88 3 61 14 190 189 3 198 100 11 152 115 98 63 123 95 33 181 88 92 94 166 106 121 99 177 42 135 68 187 159 136 24 163 185 15 161 163 96 42 153 161 157 132 11 143 29 5 19 129 99 153 173 41 2 96 10 8 104 58 135 145 142 9 42 111 133 199 169 44 145 12 88 188 192 136 118 75 131 165 38 158 107 24 5 117 95 20 105 81 144 58 38 133 173 184 111 71 174 76 26 
67 145 175 191 4 111 190 175 85 23 121 12 135 180 36 27 89 61 199 34 97 9 103 145 159 46 192 8 65 1 74 8 108 63 89 64 134 67 150 12 52 185 97 186 36 129 170 100 77 34 8 169 72 39 120 129 81 169 79 166 144 151 46 181 4 58 52 178 90 36 169 151 115 134 87 61 30 34 108 124 179 21 99 181 189 89 181 7 13 49 120 179 183 193 59 69 94 100 31 11 145 74 162 139 76 89 137 160 141 84 115 130 40 193 50 168 144 3 109 150 116 137 33 149 148 31 106 188 58 188 127 38 49 186 132 3 111 175 93 95 98 109 154 154 104 121 74 73 136 11 
21 134 148 116 166 26 52 35 163 122 43 36 66 65 19 141 122 129 42 47 5 34 57 107 57 47 84 186 92 138 163 131 103 151 35 31 161 139 82 65 160 137 61 125 172 116 31 128 59 194 167 59 63 7 89 111 44 86 38 145 119 14 123 134 2 137 50 50 84 11 154 46 22 77 54 5 13 134 2 121 140 13 62 6 91 28 147 109 19 90 9 53 189 115 23 168 32 16 86 61 95 93 177 138 146 18 86 56 32 103 68 74 53 163 4 73 109 156 181 200 9 104 108 194 159 199 30 88 54 108 150 46 159 186 78 49 25 102 73 49 108 109 192 65 111 160 168 166 101 137 
153 150 183 1 120 25 170 44 5 62 148 175 67 101 145 171 153 68 191 89 84 169 153 181 84 20 118 141 74 16 79 51 145 144 26 73 9 22 144 102 187 47 181 19 39 143 48 184 102 78 178 30 5 53 154 124 83 87 109 165 170 43 77 194 41 113 18 121 171 121 199 141 8 103 44 160 81 76 188 17 78 108 32 52 58 106 112 128 95 76 43 199 29 175 103 38 8 89 50 125 140 64 65 103 140 22 190 105 38 122 7 71 8 188 61 198 128 171 196 158 105 30 169 72 157 120 6 35 130 68 149 104 154 18 141 98 151 200 41 43 11 135 53 30 74 188 180 16 52 83 
60 150 20 6 87 150 22 122 131 160 113 155 77 26 77 29 184 72 124 14 116 2 98 10 122 183 190 130 110 23 89 180 200 16 71 134 106 106 83 91 74 93 198 21 27 55 36 110 123 79 77 37 143 198 105 102 42 106 83 14 179 165 100 104 124 3 134 189 8 37 4 137 93 39 88 127 193 151 135 126 20 66 64 162 171 180 4 139 54 22 88 70 44 99 173 61 62 110 145 130 180 106 25 72 124 84 66 120 174 32 63 134 107 120 116 120 76 106 56 147 42 96 92 193 127 71 146 199 131 164 147 26 187 22 29 22 106 170 176 135 115 131 45 138 68 118 182 97 20 161 
21 192 21 157 170 33 127 179 41 102 181 86 83 146 43 178 19 70 128 91 196 125 15 10 87 8 135 92 149 97 118 69 25 14 89 176 66 45 157 36 110 53 190 180 71 67 119 176 63 4 16 64 81 158 2 145 14 101 32 94 24 107 66 62 138 7 100 91 200 158 44 155 68 148 146 46 118 186 19 11 67 36 190 59 164 1 60 111 42 47 50 63 76 159 133 159 21 85 184 156 81 114 66 74 192 185 58 47 136 131 50 112 87 37 171 66 163 183 114 177 191 187 97 130 19 162 68 162 83 129 57 162 198 21 187 38 151 90 63 67 103 98 118 77 101 86 76 117 183 108 
92 57 40 172 20 168 81 183 75 117 77 194 30 35 152 62 172 136 146 85 157 136 48 115 112 177 154 116 151 56 109 66 119 109 34 62 119 196 160 110 8 97 58 125 199 173 41 75 118 22 81 179 140 40 55 126 191 88 99 177 66 56 153 110 76 93 200 39 33 136 185 125 10 114 161 199 155 92 171 137 62 44 68 125 57 170 131 193 187 148 118 151 173 37 168 167 146 194 135 101 64 145 9 8 34 144 34 1 29 108 132 199 9 15 68 170 126 135 52 126 76 184 40 37 102 33 168 191 65 75 38 3 68 147 158 190 2 128 178 176 26 178 3 190 176 140 16 116 112 95 
51 162 80 13 2 193 151 174 56 49 72 173 16 37 175 17 125 35 151 152 173 196 90 142 189 68 85 183 59 29 107 48 161 134 198 83 12 39 117 181 81 165 27 59 5 17 177 85 26 64 142 198 101 134 188 38 4 117 115 154 132 27 83 2 74 198 147 192 93 39 139 122 49 89 181 157 119 106 137 80 14 4 10 47 125 63 80 150 14 195 102 124 119 113 23 103 152 102 55 61 67 134 42 80 37 23 2 153 121 90 135 5 198 172 92 188 38 159 149 53 3 66 54 141 59 11 86 1 39 42 50 1 155 23 100 157 76 164 101 67 58 52 63 170 38 52 115 64 53 150 
143 174 194 21 130 107 144 34 27 71 26 41 138 66 119 190 87 158 192 60 63 76 138 163 9 153 136 160 75 138 65 114 164 46 1 146 92 121 120 151 190 92 26 4 103 183 77 137 38 179 52 169 132 146 15 62 13 90 84 166 39 55 19 101 118 10 177 7 107 150 16 169 136 163 20 159 51 35 31 47 170 158 153 143 37 156 67 191 143 141 35 102 75 52 30 52 32 15 152 90 164 144 107 167 126 26 60 108 9 77 155 181 40 141 85 55 74 88 24 63 126 37 171 87 120 156 32 87 78 177 110 62 59 112 85 108 188 186 65 149 24 87 185 47 31 26 49 170 31 21 
48 73 37 44 100 162 101 175 75 51 122 193 142 155 159 10 139 170 200 127 169 60 154 142 123 125 153 139 80 44 103 83 177 45 32 43 48 40 120 111 75 190 56 6 120 180 127 25 81 66 146 185 72 18 97 192 182 104 27 92 83 13 114 101 125 188 19 182 199 144 154 137 83 139 154 6 114 20 28 120 171 51 18 33 48 145 184 84 187 190 21 124 148 147 39 8 176 60 4 28 144 182 26 160 178 19 5 6 13 46 36 192 104 89 156 16 181 87 98 47 90 63 192 108 160 191 199 145 115 108 67 183 132 27 125 143 22 86 165 152 135 37 70 199 158 154 38 142 78 31 
69 86 35 99 126 124 8 141 118 130 43 107 37 73 95 11 91 156 119 156 117 4 135 2 193 177 95 175 194 80 190 118 170 167 73 152 198 90 169 170 106 110 5 61 109 17 157 53 79 163 114 186 191 3 69 153 119 18 141 61 143 153 4 7 44 122 117 154 53 89 120 78 172 149 82 161 2 184 113 137 185 163 45 71 72 50 199 70 188 138 89 16 29 146 71 122 7 167 92 71 137 164 173 180 41 34 8 183 181 45 154 157 135 160 134 39 130 193 52 41 143 15 149 188 87 29 151 116 185 168 50 17 69 178 7 53 71 111 38 172 92 60 151 10 184 59 53 188 187 191 
131 196 143 105 23 168 184 159 99 21 96 64 160 24 143 128 181 85 15 184 109 4 124 1 150 161 158 41 31 156 69 30 6 41 90 119 103 126 171 117 80 128 100 112 108 152 170 163 65 40 101 130 177 151 139 29 82 34 26 17 56 132 34 54 185 133 199 115 66 106 190 79 160 169 89 143 88 75 196 74 92 181 144 182 160 85 123 13 37 132 129 14 154 197 121 83 20 79 161 96 154 85 17 165 192 138 171 118 10 129 92 18 184 161 29 52 178 66 139 156 123 116 177 99 110 17 155 123 150 6 60 142 32 84 4 199 118 83 27 56 56 148 75 190 116 27 89 164 170 176 
180 18 119 98 82 41 8 19 139 72 30 45 86 43 145 101 156 2 28 163 5 191 80 16 133 53 16 39 139 182 128 164 63 11 174 76 80 69 32 154 79 32 11 13 90 39 185 151 170 79 29 107 189 115 122 181 94 33 140 111 41 6 200 54 120 139 66 90 145 184 87 192 70 74 58 51 199 67 137 163 122 38 125 9 135 146 193 46 63 32 77 162 137 174 133 63 56 95 117 198 113 102 170 39 130 33 91 171 116 98 56 14 59 149 44 18 113 174 43 86 56 168 121 18 166 139 189 155 108 137 95 81 57 191 101 4 47 176 29 171 145 169 134 87 131 19 40 71 28 34 
130 5 140 5 126 50 59 82 97 140 106 200 9 141 60 81 142 35 139 53 53 58 57 11 48 191 111 138 44 24 25 126 106 31 85 127 3 88 22 64 69 27 115 107 103 25 200 134 111 91 79 146 3 170 161 134 82 17 19 97 69 171 85 6 133 100 169 160 185 20 189 24 112 141 173 69 3 93 128 100 9 89 166 85 96 142 166 169 41 75 156 138 30 183 149 59 28 38 175 16 119 36 146 24 5 13 44 82 54 197 42 97 174 31 189 189 102 86 180 41 168 4 143 137 160 193 25 47 193 182 43 80 28 182 171 53 114 129 23 29 187 50 89 110 118 180 50 92 148 147 
167 99 135 74 156 108 189 191 88 142 118 177 58 167 179 179 83 98 123 77 68 199 138 145 71 61 46 157 41 152 176 55 53 166 8 40 40 183 83 136 141 161 44 27 125 152 28 148 86 169 168 187 153 176 32 49 175 41 38 85 82 91 172 120 74 105 40 184 111 198 146 186 7 23 10 82 78 11 169 145 113 199 10 15 131 155 2 154 148 156 163 2 102 82 11 51 81 30 110 177 77 153 19 6 174 104 98 100 51 136 148 73 128 87 118 164 128 61 50 163 82 137 176 51 29 127 4 30 166 101 107 52 163 49 139 11 107 20 160 48 153 146 187 12 102 2 146 87 83 173 
17 54 114 159 14 79 102 79 155 161 157 198 111 31 182 59 102 64 172 138 43 135 56 120 142 177 111 22 52 125 44 41 90 6 159 92 120 94 29 188 16 20 77 88 13 66 3 57 34 143 109 155 49 172 118 84 92 167 187 124 133 33 166 26 14 128 193 188 150 22 139 23 200 47 94 139 17 127 136 186 78 53 131 117 142 33 4 162 46 36 91 6 160 149 187 138 131 87 69 30 12 124 79 105 48 190 113 38 151 65 66 163 72 128 137 164 115 167 2 106 97 171 57 87 122 33 18 154 157 152 152 90 67 57 60 157 1 197 141 92 117 114 167 115 161 196 124 13 174 130 
86 81 112 170 177 184 156 91 132 98 123 17 37 51 84 185 115 13 61 100 182 63 107 84 102 117 101 195 25 179 36 151 107 96 82 155 136 126 144 116 94 100 184 131 148 115 66 181 200 133 173 152 172 146 147 187 48 76 108 158 15 56 102 195 27 89 89 123 61 158 123 197 189 153 155 27 69 77 155 104 124 193 126 131 57 174 163 88 168 7 75 94 183 22 6 44 53 107 17 67 121 117 105 178 8 161 186 162 152 165 30 133 62 43 137 150 191 27 200 121 139 188 71 52 156 166 14 7 174 146 13 160 92 128 110 143 42 34 147 47 175 173 72 19 6 114 6 99 17 167 
37 69 60 103 50 142 197 54 112 83 153 18 102 159 56 23 61 81 84 74 111 70 86 80 120 189 166 70 180 99 196 162 136 143 73 144 130 121 76 21 106 188 34 30 160 48 82 31 152 15 167 165 66 16 179 174 10 147 168 110 168 129 100 134 66 174 40 192 63 110 26 95 190 190 129 62 147 141 129 181 108 2 42 103 2 92 6 120 36 44 123 40 135 46 55 24 111 21 161 88 173 180 197 84 71 64 59 152 30 68 86 157 9 190 134 59 178 10 129 129 8 104 133 7 89 75 111 150 180 70 70 55 52 40 135 102 152 47 22 181 144 118 22 140 71 53 48 171 189 182 
79 6 194 5 67 108 193 122 80 20 195 185 35 105 154 100 171 183 106 167 15 150 99 39 86 193 44 24 191 47 152 161 22 99 29 128 150 13 48 77 76 127 132 165 167 108 111 138 200 63 169 2 1 144 175 6 44 112 40 72 30 146 32 173 24 161 190 149 183 148 127 102 8 94 199 142 97 74 46 152 180 57 192 9 95 26 194 103 108 31 155 131 199 183 169 138 174 108 182 158 121 110 118 59 3 170 125 40 60 140 44 143 153 61 174 159 104 125 42 100 143 167 70 189 146 4 177 103 170 103 38 176 148 180 86 154 91 128 122 26 38 192 179 50 146 10 5 192 5 68 
109 32 6 163 99 58 29 51 172 70 182 91 112 28 155 47 10 85 101 73 141 199 45 183 171 71 31 162 144 16 162 71 79 111 150 114 75 111 8 138 146 113 51 155 18 118 158 77 98 53 19 113 113 187 113 134 5 40 125 181 172 4 15 41 10 68 148 190 5 117 104 56 18 150 33 21 173 33 101 81 136 78 120 76 166 2 29 139 195 106 129 51 23 147 142 56 92 149 184 17 41 155 200 86 189 173 98 165 56 164 82 188 108 195 61 165 121 178 135 21 150 179 144 123 76 91 39 105 157 157 200 174 98 61 152 141 73 118 166 2 64 109 66 78 2 91 177 30 103 130 
166 10 120 139 53 137 196 177 185 11 153 148 163 35 178 72 145 123 11 44 1 196 19 52 185 136 1 80 106 106 135 77 140 44 153 179 137 135 150 134 89 109 87 58 157 114 57 171 176 19 69 191 165 110 87 78 134 142 70 14 142 63 32 111 100 81 71 5 105 112 121 105 120 141 103 48 44 164 38 180 168 52 59 157 189 45 125 137 38 70 21 149 46 195 68 69 21 171 164 18 121 73 122 180 8 135 148 153 84 5 139 181 30 34 167 56 39 155 79 88 158 93 80 98 38 199 86 173 27 48 118 88 118 3 39 101 76 2 71 80 24 46 18 192 112 67 50 189 25 35 
47 7 184 35 39 107 126 8 172 186 57 71 56 5 89 168 27 167 196 169 109 51 153 156 96 59 117 64 173 128 133 17 198 171 101 192 22 122 123 168 141 70 160 200 62 95 187 150 84 183 41 94 32 25 28 189 72 77 14 175 117 35 177 93 152 99 45 102 35 160 32 117 53 135 95 12 115 42 134 24 51 19 88 4 196 40 172 125 140 180 81 171 118 3 2 175 115 182 181 108 69 176 135 12 168 133 38 162 200 38 144 143 120 90 140 100 118 95 198 21 194 19 1 104 170 199 135 125 107 52 21 169 98 134 162 86 92 150 130 75 102 195 98 8 120 167 7 78 151 89 
167 58 121 46 180 107 102 95 101 60 149 83 199 148 42 103 199 63 45 136 182 170 43 22 20 123 62 167 33 128 70 4 156 60 130 18 33 147 76 65 182 106 101 74 96 131 172 21 91 43 75 100 96 11 14 64 67 185 130 169 197 141 95 191 14 153 88 169 101 55 3 65 41 182 74 114 51 162 1 63 63 56 200 52 179 61 143 83 21 17 49 89 133 185 186 155 84 172 168 46 112 34 142 197 62 191 119 74 119 4 132 109 78 119 35 120 177 128 141 100 33 142 61 54 67 143 98 116 73 196 30 58 100 96 119 101 172 162 198 42 141 139 113 24 75 44 33 155 90 128 
24 192 185 43 1 64 156 93 142 50 81 184 195 14 109 174 47 145 136 36 6 145 70 130 64 17 91 168 104 47 194 145 101 92 56 53 25 180 186 198 19 5 162 157 102 53 85 104 40 165 107 121 79 163 96 34 180 68 92 80 95 69 156 86 9 151 125 11 120 21 186 77 87 74 167 153 49 175 51 61 113 179 125 107 60 133 57 17 184 119 190 179 54 149 190 196 99 145 52 131 190 108 170 197 152 137 190 158 9 72 4 4 158 88 44 199 150 162 65 95 78 124 60 8 109 166 109 81 132 184 172 124 34 160 130 183 42 199 8 37 32 93 140 152 187 128 31 91 157 105 
76 43 122 78 136 136 155 10 168 161 161 171 109 195 163 76 9 34 69 34 67 55 21 94 81 20 62 76 156 56 7 199 1 89 127 184 143 175 113 111 99 73 98 54 2 79 76 106 85 45 145 27 175 199 58 175 39 192 102 25 113 122 178 137 173 92 57 145 174 19 199 83 76 163 90 55 157 9 198 28 67 78 196 175 91 32 130 41 60 126 45 104 147 22 19 102 163 182 112 115 147 198 170 194 75 144 65 35 125 131 68 187 176 30 80 47 30 74 138 171 152 50 146 121 79 185 2 191 150 165 103 83 176 55 44 59 129 193 101 69 175 42 180 82 52 40 101 119 128 186 
89 137 190 153 163 20 39 98 44 30 143 52 24 80 34 200 29 53 156 88 193 147 73 25 110 185 101 103 37 139 89 152 186 112 138 67 62 36 58 180 153 51 109 100 116 176 148 158 174 183 184 73 91 86 56 59 116 122 12 19 129 75 7 34 17 22 91 198 137 8 107 20 173 160 186 123 110 171 29 149 159 143 66 56 35 120 63 172 68 15 108 121 14 150 126 73 98 14 194 33 196 57 58 140 77 193 122 161 7 92 97 200 17 102 62 169 39 166 169 191 162 150 131 124 56 169 76 114 169 23 184 197 9 160 122 46 48 2 65 139 156 61 101 38 108 41 97 36 118 96 
47 36 55 169 74 33 195 61 73 38 43 167 7 33 139 176 55 150 37 5 144 150 200 98 141 40 143 173 40 143 182 194 9 183 171 168 195 89 37 16 85 56 89 148 189 63 85 3 150 96 177 35 29 80 104 169 24 147 24 176 11 77 162 93 15 129 174 64 96 132 43 136 125 39 11 138 176 83 117 63 132 111 188 127 44 180 104 54 170 167 144 54 146 82 136 129 93 102 82 54 18 141 55 172 114 81 108 175 62 19 75 46 164 106 137 149 142 31 119 166 2 87 173 109 50 35 131 89 171 56 145 77 82 118 55 155 194 44 7 122 166 15 95 62 111 99 21 129 61 17 
83 42 44 133 124 68 154 169 159 14 103 51 70 14 53 49 135 148 108 132 25 39 93 19 133 124 121 124 3 187 175 95 141 135 134 189 73 146 106 138 142 125 103 196 128 159 85 58 180 129 145 116 170 87 165 16 98 147 184 77 28 58 5 177 3 35 31 189 76 36 91 80 6 18 99 116 2 32 95 159 200 191 4 184 26 21 113 5 19 35 99 8 192 145 99 162 128 64 75 50 3 90 83 14 82 119 170 125 177 195 4 151 197 35 53 183 45 87 1 175 162 160 93 68 62 153 86 129 22 94 174 119 180 64 16 57 42 166 162 133 14 27 29 172 35 129 123 64 148 47 
110 73 187 103 157 126 91 77 84 145 10 56 113 193 9 44 199 61 75 95 163 136 184 35 173 55 169 21 53 144 47 76 101 69 187 40 183 129 160 194 29 82 31 5 64 5 167 137 110 70 170 102 83 92 1 94 136 185 150 17 81 24 197 101 63 103 89 133 131 7 92 2 59 10 132 28 68 111 163 8 85 9 92 17 186 197 155 188 156 199 178 125 103 153 106 196 44 178 116 2 16 11 148 153 117 158 116 34 10 92 141 136 71 50 180 111 93 161 58 172 2 32 162 45 50 18 196 58 142 81 108 40 179 139 95 45 46 103 160 180 150 100 58 34 28 52 54 170 11 196 
20 102 1 123 189 21 143 96 157 155 20 174 35 173 164 65 16 40 90 55 197 24 64 159 179 151 181 35 71 171 17 101 56 103 61 168 120 197 86 196 170 87 154 35 126 11 33 183 53 178 108 127 64 40 42 151 157 19 165 157 196 156 160 86 199 44 174 90 181 43 36 105 20 105 186 135 174 148 158 163 25 60 172 156 62 179 67 63 69 133 128 140 103 84 84 190 196 114 48 30 3 158 182 175 182 36 200 192 101 19 184 133 12 52 103 198 141 125 146 162 68 169 143 194 131 40 50 100 196 142 100 65 149 193 64 87 30 81 187 178 86 102 143 94 53 86 115 109 61 150 
64 195 95 172 135 134 10 34 57 33 75 182 137 175 54 11 103 66 159 45 176 140 108 31 169 167 45 42 17 84 191 164 19 111 190 67 76 68 110 147 72 126 195 98 9 59 151 68 87 81 169 76 138 4 195 181 187 116 39 79 12 144 61 27 30 140 19 76 49 194 136 45 44 164 82 150 2 47 80 48 145 37 48 147 11 130 116 79 112 184 137 70 158 185 159 170 174 48 179 37 99 69 82 164 80 15 158 11 124 191 125 7 183 190 31 72 157 61 175 77 191 48 175 10 119 17 108 54 159 94 122 58 86 27 31 31 98 24 23 145 138 84 5 24 104 190 98 160 94 27 
89 16 50 59 51 82 9 166 179 65 165 114 125 35 162 5 121 146 91 157 179 8 165 110 58 40 14 37 128 179 94 29 59 40 143 141 169 31 67 110 18 72 172 192 105 34 171 175 47 22 10 136 114 181 181 183 24 179 160 128 40 174 128 134 112 160 74 41 198 29 177 147 156 164 72 106 52 106 53 82 41 33 157 109 62 94 17 95 109 27 112 174 142 194 56 29 11 144 29 70 44 15 128 176 79 122 160 8 20 34 68 68 81 125 166 147 156 162 179 13 147 23 37 52 43 129 93 152 198 63 75 126 107 99 114 94 117 159 82 95 93 119 199 125 103 137 82 6 107 50 
190 51 90 91 101 33 130 39 154 32 99 163 12 111 17 39 58 155 31 98 81 137 87 61 154 150 24 31 120 80 57 57 64 74 137 8 66 132 184 76 90 96 169 93 125 47 153 60 188 127 35 146 30 195 91 130 86 150 158 36 76 37 93 199 50 178 145 50 33 33 106 80 88 96 174 48 55 119 130 95 115 168 98 135 52 139 186 23 19 29 104 160 111 200 69 52 52 140 19 94 95 59 183 60 82 191 13 149 43 72 16 161 106 170 98 157 120 44 154 43 6 118 106 37 102 141 86 6 112 28 159 186 151 196 172 116 193 73 139 29 177 180 49 155 161 104 196 195 143 99 
77 47 103 4 65 173 93 8 138 152 92 100 44 120 15 53 117 179 172 38 13 32 79 8 146 33 194 27 34 193 57 63 124 7 27 137 165 140 1 28 151 150 140 111 69 70 161 160 96 152 113 178 117 19 180 101 190 139 41 36 197 191 72 19 33 100 149 130 54 7 59 72 66 141 83 67 95 119 135 65 114 170 121 144 189 157 159 193 5 75 13 33 158 8 8 27 85 56 133 181 172 49 120 99 196 167 86 113 182 116 173 40 105 14 96 37 53 190 137 30 29 29 186 80 37 183 26 9 23 25 125 9 112 70 62 131 20 171 69 23 61 177 180 126 115 42 150 132 120 137 
90 93 178 151 157 157 121 167 26 102 59 84 139 190 50 103 174 131 120 180 194 156 9 24 161 13 189 191 141 160 83 171 155 200 195 121 32 169 139 15 5 122 81 76 18 113 12 134 1 82 178 80 42 200 169 154 131 115 124 196 44 90 151 63 38 176 57 159 91 124 143 48 25 123 60 47 81 72 28 50 66 2 100 136 100 183 35 30 97 62 68 190 79 57 8 30 78 94 44 177 86 196 140 50 8 6 53 144 97 37 189 90 109 97 9 78 71 23 85 67 44 166 133 43 32 24 5 27 44 199 188 166 65 68 156 197 49 135 149 49 19 106 194 72 2 129 182 128 179 17 
1 196 43 137 167 59 170 146 124 20 2 122 83 186 23 69 37 149 40 185 78 10 154 33 33 176 93 35 30 180 3 13 75 24 75 83 108 159 32 101 71 200 11 40 79 57 116 174 182 95 149 188 147 43 20 1 159 138 104 157 145 66 64 54 63 199 126 43 124 7 118 65 37 78 19 29 117 192 34 118 108 161 78 164 97 118 44 118 25 130 102 47 14 55 156 172 8 72 117 21 160 43 121 36 1 28 96 166 10 44 138 29 135 151 200 114 40 129 159 33 72 6 19 184 2 79 122 111 107 78 153 81 91 198 38 142 47 50 164 186 3 7 128 115 25 106 147 139 92 151 
199 200 178 24 78 189 45 103 102 97 62 7 51 195 58 197 23 35 7 93 107 13 118 145 127 111 10 141 88 80 123 67 165 12 71 56 7 132 89 122 191 194 99 196 136 146 24 116 159 196 54 157 62 14 161 147 124 130 153 184 96 68 54 193 192 30 195 90 99 157 43 44 188 80 142 71 161 27 55 100 200 138 164 102 184 178 59 108 80 167 71 36 64 158 3 173 157 161 160 152 117 12 10 18 111 42 197 89 125 71 3 115 155 122 92 95 81 121 7 73 15 7 155 75 34 143 121 63 23 17 169 129 55 2 165 61 103 41 5 91 120 5 169 151 144 183 102 113 51 132 
112 58 156 197 96 196 84 183 107 106 79 96 75 36 36 185 86 64 76 46 153 72 77 22 93 47 14 115 102 79 198 188 112 147 159 36 53 89 13 102 15 119 114 45 112 65 134 138 142 169 187 156 112 173 67 156 100 52 9 119 166 8 49 194 44 114 158 108 71 4 149 84 87 120 51 117 131 162 97 103 44 88 97 191 195 71 163 84 26 101 163 22 87 10 92 143 69 110 49 13 121 4 170 32 187 168 23 141 129 59 164 3 136 18 50 53 175 17 182 194 26 162 56 49 169 88 196 106 5 12 93 126 163 161 146 126 36 50 69 78 145 169 115 151 110 152 96 81 183 136 
