125 4
0
1
1 187 45 547
2 208 176 208
3 264 188 640
4 398 79 240
5 470 23 470
6 482 192 1634
7 495 191 877
8 524 171 182
9 545 38 773
10 621 72 1053
11 727 150 1327
12 861 114 861
13 1058 189 2192
14 1160 119 1636
15 1445 11 1511
16 1552 189 2686
17 1560 63 1560
18 1563 151 2167
19 1594 143 2166
20 1597 75 1897
21 1667 138 2771
22 1669 35 1669
23 1673 43 1587
24 1699 54 1915
25 1740 143 2026
26 1770 133 2568
27 1860 66 1860
28 2044 165 3364
29 2086 107 2728
30 2324 193 3096
31 2340 161 2018
32 2358 173 2358
33 2418 29 2476
34 2474 199 4066
35 2528 139 2806
36 2538 139 2816
37 2610 192 3378
38 2616 191 4144
39 2643 64 3155
40 2661 15 2751
41 2662 199 2662
42 2710 71 3278
43 2766 114 3450
44 2768 179 4200
45 2827 185 3197
46 2828 50 3128
47 2848 64 3104
48 2863 106 3711
49 3026 37 3174
50 3033 167 4369
51 3084 85 2914
52 3115 180 4555
53 3152 155 4392
54 3159 31 3283
55 3207 53 3525
56 3233 107 3447
57 3346 74 3790
58 3579 99 4371
59 3596 74 4188
60 3855 81 3855
61 3906 195 3516
62 3913 83 4245
63 4057 57 4171
64 4127 76 4279
65 4134 178 4846
66 4142 143 4714
67 4198 126 4702
68 4216 66 4084
69 4353 28 4521
70 4449 96 4257
71 4597 39 4909
72 4739 192 6275
73 4763 6 4799
74 4781 13 4755
75 4861 83 5359
76 4918 23 4872
77 4973 19 4973
78 4978 50 5378
79 5022 129 5796
80 5033 32 5225
81 5051 192 5435
82 5076 132 4812
83 5450 76 5298
84 5450 127 6466
85 5613 118 5377
86 5786 64 6042
87 5835 46 5835
88 5847 17 5915
89 5860 163 6186
90 5933 128 6189
91 6001 30 6181
92 6026 84 6026
93 6108 186 6108
94 6152 33 6284
95 6262 21 6304
96 6681 49 6779
97 6795 113 7473
98 6838 16 6838
99 6966 83 7630
100 7141 133 6875
101 7155 24 7251
102 7175 25 7275
103 7197 179 7555
104 7365 70 7505
105 7424 197 7030
106 7435 40 7435
107 7447 50 7547
108 7550 66 7682
109 7801 25 7851
110 7851 185 8221
111 7858 37 7932
112 7918 158 9182
113 7972 64 8356
114 8022 26 8178
115 8132 106 8980
116 8181 161 8825
117 8194 157 8822
118 8250 58 8714
119 8252 193 9796
120 8308 91 8854
121 8395 22 8527
122 8476 29 8476
123 8516 147 8810
124 8550 145 9420
125 8639 122 9371
45 69 143 140 15 102 43 119 72 103 72 77 160 2 103 103 45 121 28 78 8 15 65 128 18 85 175 133 52 171 63 174 113 28 193 133 100 132 193 50 37 80 175 163 155 161 102 41 155 90 126 60 167 144 62 55 151 9 132 18 96 93 62 121 48 12 114 67 116 95 122 55 34 34 108 110 24 189 75 120 26 82 7 48 167 24 35 109 9 165 156 13 41 11 190 176 121 164 19 21 78 76 70 197 171 190 115 37 56 1 20 166 47 140 58 189 83 200 41 114 87 129 37 166 92 
82 74 143 87 110 183 60 6 13 80 85 115 174 194 37 101 133 62 142 21 114 15 157 176 177 161 126 133 184 118 15 180 149 185 111 21 59 59 172 194 14 57 97 171 111 162 92 194 184 6 90 177 149 145 43 5 97 142 77 41 129 92 168 63 86 191 73 45 123 180 12 54 193 78 4 61 112 96 86 183 166 176 29 83 1 13 68 84 181 72 13 166 48 74 61 44 17 132 48 198 195 28 105 5 48 158 86 32 162 69 3 150 51 81 173 90 108 54 57 105 37 47 138 58 176 
130 41 63 197 177 2 5 96 173 167 49 64 14 46 45 156 129 20 107 30 199 81 73 10 18 170 151 149 105 104 9 190 18 101 197 162 161 17 134 21 170 194 105 15 131 192 101 177 125 9 141 196 162 70 121 28 159 82 196 198 99 121 76 139 151 100 17 106 133 69 182 39 73 11 152 121 197 61 100 95 48 94 53 97 176 137 138 92 24 103 136 128 152 160 173 29 128 90 124 145 85 115 85 6 44 28 167 8 47 140 123 128 128 43 117 96 92 38 193 108 13 98 134 47 140 
155 139 148 67 139 196 7 197 62 144 11 187 126 88 43 154 96 123 156 199 90 41 55 23 125 61 108 159 30 86 20 124 95 73 42 110 127 179 148 171 14 118 4 11 13 96 37 155 17 89 1 130 12 81 194 125 70 48 136 186 149 106 43 37 141 119 63 20 169 128 113 72 7 134 45 91 175 144 114 107 122 92 148 54 84 83 144 171 124 85 115 89 189 47 145 189 117 139 76 33 178 84 162 45 58 111 140 11 83 170 163 149 159 156 35 79 165 62 25 168 86 65 139 67 181 
149 4 115 160 157 5 120 88 9 193 86 72 166 166 127 165 55 84 36 87 187 133 5 134 198 78 41 93 85 127 143 179 120 14 45 97 79 12 141 75 177 185 84 67 1 19 167 185 29 81 13 53 117 60 128 34 21 149 143 77 98 91 119 117 11 161 148 51 184 109 165 63 50 16 85 14 103 114 27 2 36 34 68 23 78 193 198 70 189 163 83 146 70 170 104 4 179 79 71 29 135 97 181 6 77 7 171 31 21 100 62 82 168 177 17 77 199 29 139 198 167 21 7 155 182 
142 117 31 27 124 108 4 66 151 24 47 179 61 92 22 83 138 89 37 165 55 118 146 61 2 152 155 166 8 30 62 108 21 18 141 117 135 167 17 73 82 198 165 132 138 155 70 97 175 62 40 58 78 89 66 159 124 149 26 68 89 195 43 172 41 185 71 62 175 137 33 102 119 62 135 125 155 9 161 115 14 105 83 151 157 99 14 38 21 64 51 136 54 166 134 15 15 99 132 24 62 108 27 56 113 50 15 122 42 100 164 126 73 162 157 49 26 188 131 147 26 21 94 4 32 
133 128 118 72 102 83 70 12 110 97 67 181 96 99 74 52 19 111 177 112 93 43 54 20 25 18 22 166 82 24 94 140 76 107 76 181 69 129 98 34 173 200 92 121 50 8 174 196 198 56 171 189 38 13 13 1 34 181 171 12 32 195 90 80 128 141 108 184 200 31 200 92 152 38 28 176 107 160 42 27 189 103 177 32 198 134 10 6 183 146 163 180 148 129 196 59 198 31 113 47 50 105 102 124 178 148 176 111 102 188 40 69 5 64 174 181 18 166 133 151 115 106 199 187 103 
102 108 131 51 93 139 79 138 189 193 2 126 35 194 99 105 21 69 114 22 33 96 76 149 173 71 140 146 167 132 66 143 13 188 157 16 182 58 187 74 125 13 42 178 1 104 57 164 31 139 78 53 5 26 1 56 19 147 198 183 168 61 36 136 87 112 54 197 173 50 91 100 166 120 65 112 77 69 109 27 85 34 179 145 47 109 163 14 48 176 99 20 29 82 28 137 170 53 22 164 163 59 183 191 44 145 47 55 161 143 46 88 155 172 51 23 119 5 98 95 123 22 199 32 135 
161 200 160 50 23 122 23 92 110 25 19 128 77 138 168 10 87 157 85 182 140 6 179 189 95 127 37 155 55 30 150 113 115 174 56 33 170 96 163 71 142 31 13 61 169 178 143 27 2 37 40 20 129 102 194 129 102 150 177 198 126 159 85 85 9 136 47 89 103 4 124 25 117 130 45 162 91 82 196 106 60 62 177 158 53 116 94 133 48 39 166 17 102 151 8 169 190 168 99 75 8 96 87 58 20 166 72 69 38 131 74 131 100 10 27 95 35 79 171 184 160 108 4 191 121 
77 26 189 48 63 164 62 167 82 140 125 180 43 106 55 61 114 24 117 65 120 157 15 96 8 151 71 53 39 198 157 135 54 116 144 31 11 168 93 66 45 116 73 133 15 109 46 90 189 193 111 12 79 130 51 55 35 97 121 75 163 21 117 174 40 197 171 41 168 30 77 78 172 3 192 3 151 30 198 41 21 148 44 36 119 30 1 58 77 120 13 91 103 158 87 127 8 169 39 93 109 5 113 16 82 175 94 97 44 103 100 84 193 93 76 133 181 1 171 199 85 177 35 21 48 
175 88 47 91 192 133 84 147 39 131 195 152 43 190 78 154 20 75 186 55 128 26 121 190 131 112 146 36 118 146 187 100 145 171 36 112 174 192 83 60 11 63 172 187 121 35 116 34 5 199 198 165 37 64 172 40 20 68 149 128 13 59 4 125 15 42 143 34 24 67 134 49 141 162 177 72 17 88 36 141 84 163 60 108 200 168 24 136 45 117 172 7 6 170 26 46 181 147 25 88 113 15 53 175 64 1 144 100 21 42 30 99 70 181 31 174 3 41 11 155 45 188 157 195 114 
163 52 94 26 191 21 121 168 88 90 177 30 81 74 130 189 30 31 194 58 136 107 70 56 192 9 155 28 27 117 96 105 12 42 161 22 169 65 116 38 185 96 14 37 104 99 141 158 117 105 79 36 54 176 147 154 68 25 34 33 191 89 128 122 94 67 84 108 37 54 53 31 26 156 37 199 9 142 12 39 199 25 190 52 29 119 63 31 88 163 60 144 123 42 76 193 186 84 186 91 93 138 9 200 135 36 130 141 185 150 165 103 172 108 24 159 168 25 177 42 80 147 48 3 63 
4 55 146 176 163 21 192 164 95 18 188 101 152 110 15 17 31 200 81 37 175 31 12 154 21 47 187 90 21 183 123 113 89 146 158 145 107 111 185 104 71 200 101 30 78 100 80 44 190 186 79 170 21 28 19 125 194 70 88 90 59 185 52 93 136 199 35 84 118 123 123 63 42 161 75 156 82 54 59 199 65 30 99 177 170 117 143 18 99 52 2 18 108 94 168 32 101 115 200 37 51 75 33 89 111 25 11 168 196 51 153 78 80 72 25 186 163 162 96 48 173 133 23 42 125 
80 7 89 14 124 8 155 5 47 80 184 197 192 156 158 94 142 38 159 177 151 41 83 88 94 98 62 106 84 132 5 11 21 105 87 4 86 193 27 170 159 151 39 38 153 173 1 145 91 110 184 4 138 4 29 126 103 195 55 123 102 71 46 188 188 17 79 139 31 31 150 189 143 79 98 82 190 113 170 171 38 22 110 117 149 9 111 107 111 53 180 49 36 168 129 146 116 70 120 196 131 54 199 122 128 56 126 174 132 152 58 92 27 177 83 18 98 86 92 10 29 126 149 42 69 
135 126 188 51 153 80 86 25 102 104 65 66 75 157 50 115 78 156 185 69 196 144 8 72 70 55 141 182 181 41 18 158 1 79 4 175 192 172 153 115 97 157 96 32 116 179 42 118 97 68 175 97 65 1 61 101 114 197 133 126 134 1 158 4 22 19 126 121 145 108 188 42 97 140 88 28 144 119 93 107 33 131 70 47 150 194 33 29 103 59 164 139 188 56 123 94 58 17 67 97 28 56 195 97 63 26 98 134 175 162 10 114 180 174 91 142 180 164 11 60 18 97 72 187 160 
68 184 138 13 27 126 24 3 160 26 129 95 147 53 9 169 196 176 187 40 149 107 107 5 107 128 37 91 29 163 200 34 70 59 177 197 180 72 2 87 69 99 39 109 196 153 87 67 140 83 117 130 30 106 33 51 178 1 116 80 29 23 87 94 11 186 186 116 33 81 5 82 172 129 32 87 17 80 60 94 184 11 9 158 152 42 99 75 153 179 41 137 33 101 18 161 121 173 10 10 43 42 60 80 19 173 166 111 183 6 88 164 96 86 91 185 171 95 121 103 77 33 84 197 100 
130 60 130 29 74 174 96 101 118 102 46 111 29 38 166 133 54 186 110 64 174 41 120 103 173 108 97 106 81 73 200 27 32 92 100 12 184 170 17 78 78 69 63 78 107 184 188 138 76 192 13 2 182 43 189 139 119 10 134 165 112 88 131 65 191 45 181 189 132 38 74 66 125 68 62 42 198 164 113 146 116 95 108 79 72 47 151 20 69 129 42 89 109 47 41 178 163 135 117 54 160 79 127 78 187 85 26 81 57 143 138 76 80 195 89 151 61 4 185 63 28 174 104 140 124 
165 5 100 102 42 178 65 123 62 99 40 53 35 144 93 193 49 137 183 27 199 178 109 27 55 12 193 3 47 59 183 141 40 84 162 167 136 50 156 123 145 66 56 47 196 123 104 19 109 95 93 61 113 164 15 65 147 40 76 77 127 53 91 123 147 169 98 187 23 56 93 15 183 85 122 101 68 183 6 23 183 137 175 116 40 78 151 102 122 44 50 107 138 83 81 70 77 181 173 66 27 24 6 183 137 168 3 118 5 121 32 117 31 78 19 170 5 164 158 59 78 81 165 132 2 
190 184 152 188 19 146 138 39 28 173 24 170 18 96 55 11 61 131 175 131 131 12 34 113 141 57 188 51 95 4 193 6 199 73 38 161 167 167 140 79 113 17 184 166 81 59 104 170 15 199 61 121 47 129 48 160 148 65 173 151 94 79 91 197 171 119 156 68 197 4 186 5 114 49 158 179 59 32 62 180 166 171 76 107 129 86 15 14 48 107 92 104 76 14 160 83 167 9 13 181 86 196 84 177 49 19 102 89 107 130 164 137 122 179 171 188 80 133 125 72 186 152 36 14 31 
147 109 170 62 15 44 177 118 68 27 42 25 12 152 123 118 188 10 109 124 196 107 26 40 161 89 166 59 18 88 198 4 64 99 86 118 199 147 147 99 119 111 13 97 131 194 74 70 69 67 52 144 163 172 180 180 8 118 185 183 73 66 87 60 142 41 57 7 27 177 156 92 176 129 113 99 23 75 44 9 41 120 103 5 185 31 133 51 60 65 132 71 103 157 126 45 71 67 112 16 105 23 155 38 183 19 127 165 131 88 144 83 64 59 150 169 181 152 174 25 170 177 45 29 65 
24 72 185 71 30 120 23 183 192 136 117 60 141 125 42 61 149 106 143 137 174 115 94 180 125 5 169 195 14 9 22 48 26 167 189 53 173 4 16 25 10 145 41 144 96 81 34 148 43 65 111 179 153 6 155 103 162 81 156 54 119 172 67 177 10 177 68 146 115 154 119 82 158 60 115 3 197 152 76 34 153 174 136 92 159 38 159 58 189 58 114 84 92 144 43 112 60 19 162 9 120 124 153 168 115 24 19 184 113 28 142 167 131 159 18 103 98 87 102 166 178 88 117 47 152 
21 89 56 180 2 6 39 110 193 110 79 21 82 194 168 62 108 5 77 97 120 88 91 74 128 133 4 51 67 62 184 94 169 58 28 189 151 181 65 180 127 124 155 173 89 81 60 179 86 55 146 164 195 121 70 168 14 91 90 174 89 142 74 112 61 91 113 182 156 114 177 81 13 78 143 31 8 129 42 74 119 55 65 58 105 88 47 114 196 103 58 170 2 91 45 113 23 44 63 154 200 180 100 32 7 45 188 41 59 177 7 71 130 31 166 6 137 192 106 87 156 15 153 1 129 
62 5 31 140 180 52 53 115 122 191 174 43 63 133 127 176 147 106 124 16 24 157 103 125 120 178 83 32 176 30 10 62 19 45 175 161 71 188 149 158 67 11 125 18 28 71 34 9 122 129 28 99 152 78 173 74 189 113 129 18 33 121 154 41 69 99 156 157 179 73 103 132 162 182 106 134 164 39 194 5 20 13 20 18 137 168 82 92 104 1 46 83 97 35 155 160 191 117 38 144 157 190 89 129 169 162 102 108 37 147 75 177 47 109 62 159 124 191 66 60 70 87 137 87 21 
107 178 195 153 98 191 107 124 126 158 126 84 147 33 95 64 48 141 180 52 123 64 8 138 14 111 114 140 84 151 153 110 194 82 12 83 99 15 57 178 5 194 9 144 17 123 31 132 80 72 149 117 32 140 98 21 131 181 156 57 62 143 59 147 5 58 162 106 167 136 148 79 87 145 114 109 95 119 27 57 97 184 48 160 174 65 175 172 5 70 52 193 164 158 68 179 103 24 112 60 68 23 55 124 162 70 174 52 52 37 153 155 193 190 180 192 51 99 183 74 175 42 184 117 70 
10 94 31 5 121 131 128 173 148 84 57 143 82 75 180 118 11 195 96 179 156 198 2 60 102 34 141 28 124 8 49 62 135 21 131 138 180 24 123 115 115 132 16 12 196 102 95 93 55 11 13 145 143 200 8 81 137 114 130 123 136 180 17 52 157 150 99 41 38 91 196 193 106 119 158 43 125 185 2 169 160 151 64 103 193 116 9 173 179 65 111 187 81 179 117 189 150 39 70 35 82 124 128 152 45 133 43 85 64 8 200 108 106 81 181 31 9 198 19 175 187 163 167 180 150 
41 112 14 200 149 158 38 17 69 17 137 27 116 58 44 31 126 3 178 66 135 146 189 178 124 173 105 163 27 192 136 71 39 101 141 159 143 95 3 90 111 112 99 31 63 163 88 113 138 15 166 177 106 49 125 29 68 50 73 105 103 75 36 70 173 169 180 4 126 99 106 117 105 113 188 141 89 171 166 15 123 102 28 51 39 26 61 65 109 180 39 169 130 146 175 52 61 132 97 132 33 82 133 143 50 13 93 140 42 49 53 60 28 200 174 37 196 116 78 68 86 98 170 76 45 
26 4 39 178 175 141 183 170 48 122 161 129 5 178 51 96 150 195 86 47 200 106 22 134 70 198 79 168 17 163 79 134 133 200 8 35 108 171 188 198 90 178 183 162 109 142 166 94 40 162 93 34 133 104 90 96 181 19 177 113 56 96 179 147 188 172 55 118 92 153 191 80 37 147 47 38 67 88 170 178 65 78 9 24 37 13 47 66 12 70 48 101 22 140 54 199 23 38 13 177 137 56 7 3 171 76 158 15 158 56 120 117 140 156 109 68 155 84 175 102 84 198 5 122 38 
18 41 34 26 164 179 195 37 79 46 61 53 186 99 43 22 184 119 107 39 117 72 108 15 39 30 3 168 167 48 66 94 194 152 107 169 105 174 169 102 135 12 63 92 88 9 11 124 90 114 134 94 28 31 69 98 81 65 115 189 190 163 44 183 6 197 73 114 198 27 177 24 58 197 172 71 98 154 1 101 34 178 71 195 51 99 57 77 11 133 95 85 98 130 43 124 61 176 39 166 176 19 50 104 82 44 66 91 102 188 24 87 182 65 63 70 58 33 193 195 31 28 102 54 131 
158 55 2 74 84 97 124 57 12 72 23 184 94 117 115 146 102 10 119 102 31 26 194 2 150 101 33 72 19 148 183 123 1 153 172 175 11 93 71 108 152 37 123 18 99 177 151 134 114 47 181 140 144 42 85 5 91 38 110 182 195 156 39 62 196 110 75 193 48 180 178 198 33 122 175 92 144 53 180 55 69 105 181 157 152 107 112 3 64 145 38 116 147 26 190 22 174 47 127 190 4 182 73 196 157 113 89 116 111 6 121 15 3 133 121 62 152 60 135 101 132 199 81 55 132 
2 58 14 65 107 149 168 27 65 172 39 98 76 103 39 71 184 35 143 170 49 40 119 69 6 105 164 65 193 155 1 140 78 88 53 104 135 77 74 125 70 199 168 68 184 13 133 173 3 70 21 66 196 149 78 2 81 158 23 190 196 167 67 69 114 99 169 75 169 61 49 65 155 19 190 96 56 190 163 148 131 111 54 30 93 60 160 103 71 198 105 26 135 106 163 187 144 176 112 137 60 141 43 98 81 7 199 117 169 196 177 138 113 100 122 34 149 41 77 27 61 74 54 49 176 
73 67 131 9 93 73 155 50 63 48 121 72 105 49 143 10 80 98 110 191 136 174 63 19 100 136 7 93 127 85 179 101 103 147 79 101 28 82 188 48 104 33 137 29 110 30 37 186 45 18 12 16 187 83 88 170 103 61 168 125 140 48 150 5 131 37 149 154 40 190 167 62 125 25 4 16 62 53 122 160 132 160 141 118 164 124 198 145 40 47 166 84 11 133 33 121 106 101 170 166 126 125 147 101 194 74 182 64 114 41 178 25 189 195 92 200 99 5 134 133 64 163 106 108 14 
70 151 69 153 73 31 27 142 180 143 148 18 8 69 163 24 118 154 82 61 59 17 40 40 166 37 154 132 36 128 43 68 72 52 116 15 163 80 166 86 15 16 88 47 91 92 55 28 187 94 176 169 164 156 47 191 55 74 23 188 112 122 164 13 77 32 92 128 186 171 157 61 183 176 80 10 103 162 42 88 141 141 72 69 71 98 33 63 69 51 172 153 49 109 49 167 41 32 73 73 90 4 107 174 7 72 73 34 127 89 121 176 77 163 77 128 121 116 17 197 27 144 94 87 73 
130 180 78 178 5 37 137 6 106 91 140 9 107 80 140 66 75 8 25 75 98 124 16 19 11 150 178 36 149 155 51 71 191 12 29 17 123 199 85 69 180 83 62 36 195 151 15 110 199 74 32 68 183 186 21 17 48 152 92 59 63 122 153 74 13 169 145 195 85 60 115 190 1 79 12 54 104 105 21 50 137 10 188 169 184 160 36 172 49 131 28 157 20 174 110 73 162 111 199 103 123 113 33 175 92 84 73 116 90 143 70 12 40 23 11 91 150 100 170 81 168 112 77 130 58 
175 160 70 5 196 15 128 65 11 19 189 118 97 80 155 182 199 78 52 20 18 168 42 150 132 106 42 69 101 126 119 71 108 170 191 178 160 29 173 58 39 183 117 109 151 14 47 162 198 162 10 109 104 17 8 91 163 113 37 138 63 177 32 169 197 184 11 120 103 48 25 157 65 71 35 17 52 101 188 181 26 126 134 140 110 167 181 156 179 146 166 134 13 159 151 47 55 125 23 194 24 194 130 154 154 173 122 144 13 24 169 196 85 163 37 114 193 137 101 147 152 189 123 109 114 
174 153 68 142 200 123 126 144 142 48 23 40 150 49 19 99 55 135 22 183 157 184 34 122 127 124 22 24 71 72 159 99 190 51 134 59 42 111 112 157 119 36 36 47 147 184 94 109 127 165 67 187 155 96 131 11 197 3 76 94 117 182 108 149 44 71 88 9 115 4 192 73 148 87 196 142 124 136 12 30 70 92 35 103 108 121 46 144 105 42 26 80 141 56 175 65 195 32 132 57 129 136 94 156 69 76 194 91 83 102 110 176 136 63 30 20 81 64 182 66 122 139 138 72 10 
3 76 28 122 105 88 150 161 88 37 18 75 39 150 109 197 77 189 8 148 71 184 200 103 58 117 20 1 50 9 101 10 74 125 176 133 90 167 45 135 142 138 142 137 149 117 161 92 86 71 150 95 168 122 194 91 141 192 32 12 108 162 175 189 148 122 84 60 4 49 81 192 166 139 56 91 45 72 71 188 39 9 40 191 27 164 105 67 32 45 34 77 81 181 30 2 47 113 152 186 32 135 19 137 13 116 178 90 137 29 2 114 50 183 102 26 82 170 149 66 90 65 160 97 86 
143 49 43 99 145 27 157 162 96 86 134 127 62 1 158 79 72 124 52 55 41 46 2 53 171 4 97 189 131 185 179 2 66 74 8 24 166 77 86 150 110 62 114 71 163 10 200 154 192 159 88 11 164 179 83 162 156 56 47 24 110 11 2 184 200 199 187 182 151 189 142 9 119 4 142 99 41 14 57 73 121 184 150 93 179 150 144 31 51 162 106 191 71 100 58 190 186 151 95 134 57 172 200 188 142 160 172 156 77 56 18 178 114 193 11 167 166 127 46 194 45 82 110 92 58 
146 151 172 176 31 124 118 190 104 194 182 52 133 130 65 58 109 196 144 4 137 197 133 9 57 45 179 96 143 19 104 125 184 92 149 184 159 17 62 194 8 163 193 26 55 20 106 152 137 180 16 82 98 42 81 71 27 47 38 195 98 186 146 106 130 108 79 104 93 118 23 57 75 148 84 31 28 148 135 42 53 17 12 118 16 39 104 25 97 175 189 184 163 131 59 61 96 170 36 45 169 190 37 34 62 6 105 26 92 30 142 83 109 158 114 167 38 78 35 38 9 90 128 69 172 
32 71 21 101 14 98 42 8 31 48 120 25 65 7 133 53 83 174 107 131 6 105 183 1 90 42 22 5 62 182 136 56 50 166 42 105 87 59 1 42 8 58 187 96 100 53 75 91 158 3 185 196 16 158 107 134 166 97 28 9 46 5 194 196 119 173 175 168 78 160 95 90 101 199 175 26 108 163 11 127 52 78 12 16 97 181 161 7 16 32 66 110 16 173 50 12 176 84 66 193 37 48 77 73 98 158 88 15 26 17 87 95 133 44 167 27 143 133 108 190 126 102 13 19 13 
159 133 14 100 146 150 186 56 151 51 180 107 84 9 64 131 35 116 21 163 106 134 144 81 75 193 35 33 16 86 61 10 133 1 103 9 82 140 80 189 112 131 193 40 74 184 53 76 60 48 147 136 121 150 16 187 164 90 115 32 31 176 159 108 110 156 102 154 185 146 171 110 113 167 165 10 19 123 53 182 83 55 188 176 132 43 34 139 21 5 6 5 85 36 137 135 67 72 126 29 168 21 33 84 97 65 39 194 149 27 62 161 157 120 16 83 72 151 103 151 194 124 162 151 39 
116 29 157 120 59 40 170 144 121 84 60 21 150 120 140 153 117 22 150 167 137 145 102 37 192 13 50 116 16 63 143 12 72 172 151 125 22 6 24 195 56 164 57 122 123 24 122 196 191 156 67 168 108 9 61 188 65 104 6 82 63 2 181 127 194 21 141 118 161 67 163 170 121 154 18 160 82 65 72 170 107 199 73 84 114 119 138 133 151 27 116 143 153 73 146 113 80 175 141 62 149 9 130 41 77 21 70 98 49 23 76 47 32 70 16 73 121 103 111 9 189 87 184 60 84 
136 169 121 138 196 114 79 15 164 110 91 82 190 5 150 135 30 10 10 63 42 121 95 108 43 138 185 112 71 7 43 161 171 14 146 89 110 20 79 180 135 77 34 49 163 114 173 22 175 125 156 31 84 162 122 59 158 34 124 117 161 98 168 178 52 167 38 96 147 137 50 139 100 180 93 147 147 94 102 164 92 189 153 108 93 134 49 180 187 134 63 34 113 137 16 86 168 178 133 171 87 128 156 198 119 101 114 5 52 44 86 24 91 196 109 86 55 95 151 4 174 44 104 29 172 
147 85 118 38 140 2 86 121 115 93 69 180 153 188 13 186 173 60 60 76 125 175 156 123 154 79 126 82 157 11 90 51 79 127 54 65 12 101 35 18 125 125 72 103 198 129 156 89 119 152 105 24 89 157 169 70 82 132 138 31 113 33 10 189 137 120 10 138 193 19 93 37 52 52 195 130 126 125 108 180 92 35 139 59 38 35 161 44 16 124 32 132 108 176 44 29 176 39 120 113 156 146 175 120 56 171 171 153 109 45 24 140 60 124 101 20 30 46 191 175 2 45 168 45 57 
158 193 66 143 87 190 199 142 4 200 34 82 101 198 155 30 155 166 71 64 30 40 133 180 78 64 19 19 111 37 36 78 53 172 180 7 36 139 38 157 142 60 49 193 165 128 24 101 190 187 123 16 163 198 23 58 95 22 90 71 157 178 173 60 175 32 152 157 47 179 43 193 156 119 59 147 136 60 148 22 135 133 123 198 128 58 90 188 140 120 110 106 145 134 164 167 196 165 8 96 116 177 18 176 65 119 130 142 58 183 38 185 136 47 49 75 73 123 198 165 168 181 198 9 52 
110 66 194 115 78 166 17 166 127 167 27 162 39 79 83 143 73 36 199 104 76 94 9 175 189 49 55 109 124 10 198 47 124 62 19 185 51 21 149 148 98 66 197 119 79 57 135 108 33 187 66 192 175 143 76 163 87 191 190 106 133 30 95 38 124 186 116 75 148 36 26 15 10 27 90 142 29 170 98 79 106 133 135 29 200 166 22 37 74 55 63 93 114 99 57 122 186 105 131 146 35 83 180 91 130 45 101 45 60 138 23 196 124 95 73 170 23 199 187 170 105 55 49 11 16 
34 107 177 28 86 47 12 20 129 132 110 113 100 58 44 28 186 3 108 100 8 123 187 181 162 158 127 75 165 45 140 34 42 42 21 125 155 58 50 91 158 51 6 19 15 56 26 42 20 148 119 182 1 83 67 57 62 26 50 194 124 93 68 2 166 12 196 71 191 186 137 149 138 6 195 2 184 138 7 110 101 47 134 37 185 123 171 39 24 57 61 150 186 122 55 151 13 182 87 68 12 19 110 97 131 136 11 188 196 46 141 79 17 185 65 84 119 148 80 84 35 106 141 104 55 
29 177 161 118 86 193 121 51 177 178 92 111 89 27 9 156 15 118 67 110 22 127 56 164 7 58 8 87 13 22 42 123 91 197 54 13 75 95 83 29 26 69 127 118 51 172 21 93 165 63 128 61 24 75 133 101 85 169 32 68 178 120 121 1 157 39 189 112 38 123 166 116 39 93 142 71 196 181 98 133 4 136 23 147 22 141 151 52 164 158 137 56 173 127 143 41 35 145 46 152 184 27 132 79 15 83 148 154 61 183 59 186 6 95 98 7 28 171 37 200 123 85 182 99 122 
42 70 125 64 156 80 59 4 199 102 197 152 104 53 162 49 28 167 95 120 20 150 57 169 168 68 56 91 138 164 58 160 103 155 166 63 83 126 117 157 81 60 196 4 78 189 142 57 18 124 73 66 38 28 41 192 17 194 54 64 111 139 63 28 26 172 98 200 172 120 105 112 39 10 93 53 34 134 158 114 101 15 117 164 9 28 136 105 174 163 95 45 158 114 18 150 55 172 60 137 131 167 81 31 186 169 30 196 1 102 176 155 34 144 61 42 146 125 177 164 115 83 76 157 196 
186 25 97 152 76 10 19 114 22 154 199 100 79 20 3 129 184 175 131 92 177 88 45 25 48 50 102 106 89 155 51 137 183 96 167 19 134 166 43 59 149 157 178 1 198 199 56 121 99 188 187 86 194 14 66 15 182 100 44 8 59 122 22 35 35 44 49 170 116 126 199 200 155 68 126 166 167 190 134 110 99 73 76 54 119 194 85 22 179 154 70 32 185 51 94 30 88 156 156 17 72 16 101 125 56 35 33 187 135 51 87 79 1 161 140 156 33 77 32 17 89 133 166 78 157 
10 83 151 4 168 74 108 147 38 34 159 107 17 109 75 195 107 61 46 112 144 113 163 87 136 137 194 147 10 59 111 89 141 79 1 93 82 116 90 126 54 198 172 138 112 119 161 120 57 75 6 15 24 132 148 150 103 114 74 183 6 36 126 172 26 58 98 42 155 106 80 198 114 25 76 45 113 45 119 181 42 75 82 154 186 26 118 150 157 39 83 131 97 25 64 86 109 63 41 39 43 38 153 191 167 141 43 46 129 21 154 132 180 84 98 200 159 200 183 163 19 85 131 185 72 
156 109 46 152 159 91 158 30 129 104 186 83 88 80 19 28 11 75 123 105 86 52 52 70 80 198 84 161 41 166 173 187 71 73 183 27 191 125 13 99 148 65 190 81 148 199 39 90 78 190 119 153 190 138 171 5 52 3 80 182 65 10 104 18 43 54 38 185 47 172 102 90 82 36 57 180 49 191 89 197 195 141 96 17 43 126 176 69 196 145 61 2 32 145 52 43 137 76 197 127 35 82 30 149 117 147 175 70 114 176 87 160 56 136 112 99 19 122 16 126 121 36 115 54 70 
170 159 142 64 41 46 141 193 167 106 31 31 84 196 110 177 83 7 123 64 56 93 121 131 125 129 186 129 83 78 133 109 197 84 68 76 79 63 157 158 61 163 89 63 107 179 49 97 50 95 12 196 197 96 85 170 164 134 191 8 114 10 132 83 50 161 87 155 122 116 71 93 1 76 24 3 180 183 51 195 139 97 132 109 24 36 124 93 126 82 142 90 54 195 16 83 94 60 167 19 165 105 136 11 75 46 108 190 148 54 190 185 188 136 158 38 138 189 23 75 62 183 169 22 183 
47 19 17 12 62 14 140 198 42 42 184 111 103 162 172 21 84 134 35 44 106 115 119 5 186 35 5 143 156 149 3 81 190 69 154 24 145 2 49 49 32 188 104 12 26 91 153 192 164 90 132 43 28 4 57 135 22 160 195 130 18 6 190 170 14 78 30 118 25 107 76 99 63 163 184 173 182 6 131 36 82 195 60 31 189 83 106 31 157 54 68 133 125 44 190 144 184 103 60 137 62 150 175 2 19 118 138 118 171 184 73 147 80 73 9 72 25 148 167 179 47 16 116 175 165 
48 119 142 13 154 29 89 64 149 128 173 26 54 27 104 168 139 184 188 125 174 181 54 2 68 186 122 150 148 140 109 72 43 17 196 13 172 40 117 66 192 50 47 16 125 46 153 199 17 80 166 57 31 104 74 176 122 121 30 111 173 198 186 82 17 60 90 72 163 37 123 142 137 45 99 19 59 28 181 47 67 24 128 141 76 14 137 108 189 50 162 133 24 66 78 151 32 76 9 80 31 79 130 82 111 165 44 8 194 136 138 150 37 108 195 146 11 160 9 127 83 13 72 149 166 
127 116 183 71 68 194 111 174 13 55 127 123 173 64 143 67 57 126 128 81 181 129 187 193 109 144 195 180 179 82 140 161 168 99 156 165 152 25 121 85 59 69 143 189 91 45 110 95 165 161 113 176 139 159 106 68 16 105 141 15 141 71 160 94 169 90 149 172 2 92 7 123 122 53 181 73 130 161 149 67 169 19 169 32 164 74 17 141 6 60 71 44 151 16 57 123 76 130 108 164 57 89 149 7 121 62 132 152 29 141 80 99 187 27 167 162 140 125 95 132 67 95 53 176 7 
194 33 176 102 120 54 77 163 154 131 120 62 150 158 36 176 188 116 1 145 11 169 70 20 92 25 78 182 124 30 197 139 127 106 158 107 131 117 71 56 161 136 189 87 150 21 155 167 94 79 98 111 93 193 185 138 2 16 158 93 82 127 75 92 77 135 154 80 61 193 129 196 157 161 110 184 199 183 150 14 6 9 37 150 133 142 115 57 78 166 144 158 163 128 83 193 124 146 121 137 59 131 152 172 145 159 95 132 156 198 43 99 159 148 197 193 168 141 21 193 95 43 104 105 175 
51 77 96 106 4 83 170 113 112 152 90 51 174 152 66 44 27 173 10 168 132 170 101 15 168 46 149 175 106 61 19 79 89 65 122 47 162 195 24 189 194 53 129 146 85 64 52 79 62 189 144 65 182 20 142 56 138 162 70 25 64 62 140 57 119 99 105 154 113 85 113 71 130 166 99 88 79 79 154 129 94 179 145 156 117 58 94 142 166 98 155 55 178 77 138 200 110 135 174 183 165 125 55 13 159 2 56 115 65 114 94 30 20 180 167 145 11 190 15 90 42 55 30 30 190 
25 17 9 194 166 180 24 148 34 84 67 20 49 171 66 109 191 101 144 78 89 116 93 189 172 81 82 105 78 26 98 71 187 62 25 23 199 139 111 145 83 64 2 90 170 51 178 108 122 109 151 55 30 77 112 53 92 155 192 3 92 36 89 74 42 49 11 5 29 132 100 186 10 130 12 152 23 90 193 78 182 23 89 180 26 124 158 71 1 187 22 57 79 31 55 94 165 73 154 48 162 145 50 24 111 69 25 151 3 117 19 50 108 199 178 94 109 105 74 186 15 176 199 88 146 
5 199 76 159 27 90 121 55 153 23 156 149 77 99 83 81 28 170 35 158 119 67 31 15 79 108 47 99 154 137 184 190 41 69 71 11 117 117 121 3 41 121 166 9 2 123 42 55 75 1 186 186 36 15 45 98 178 41 132 147 2 123 99 41 102 171 116 165 193 27 89 68 98 170 13 175 148 171 91 12 25 32 149 47 61 39 39 109 27 156 161 132 117 175 182 148 27 8 59 167 149 98 95 106 60 21 90 81 52 16 73 161 197 67 9 142 36 62 149 6 197 37 2 157 54 
64 177 65 75 123 197 47 122 39 20 168 185 26 102 29 33 180 73 78 83 183 159 116 88 12 159 185 67 98 47 111 83 175 165 44 133 109 41 115 135 53 132 72 42 43 42 191 192 120 169 174 110 133 128 27 63 104 46 129 137 158 135 160 141 100 127 42 5 19 64 173 44 124 127 69 194 125 27 1 154 74 171 174 151 144 51 137 195 190 184 73 39 31 197 151 105 190 6 182 174 28 122 190 10 71 34 55 142 145 55 191 71 89 185 42 147 93 169 1 105 148 39 7 199 59 
92 90 157 96 101 96 8 55 149 6 34 199 85 3 75 46 74 119 200 103 12 196 146 163 84 108 173 176 20 178 196 103 194 119 186 42 175 48 17 94 34 131 87 118 150 62 160 173 153 188 117 64 34 189 97 123 94 90 85 100 26 56 79 4 26 166 178 64 167 153 106 12 178 153 156 157 59 2 183 151 30 68 130 55 132 69 18 32 102 99 174 123 85 48 169 61 146 109 39 72 154 71 144 33 1 29 62 98 99 82 179 11 28 142 200 171 152 184 180 133 15 8 189 187 47 
54 27 11 45 54 147 9 99 14 187 153 42 13 190 35 11 125 193 53 65 58 66 110 132 53 109 95 124 17 101 10 184 29 155 187 147 29 182 3 155 51 42 98 79 172 165 134 125 108 2 195 38 79 163 37 60 88 168 58 6 79 27 127 39 154 34 72 45 111 104 181 71 89 107 110 25 127 11 7 138 172 142 77 195 157 118 159 103 133 155 37 16 149 145 66 112 76 179 194 114 23 62 91 41 171 103 181 168 46 82 138 42 178 143 96 74 177 106 11 47 64 169 94 83 151 
169 142 61 39 183 92 120 164 197 120 55 91 80 36 109 61 89 96 31 58 140 177 164 39 111 48 181 148 144 99 199 74 48 135 121 43 190 26 183 54 24 18 44 3 158 152 151 146 110 182 168 131 81 22 180 177 196 59 136 122 155 83 107 110 64 22 73 82 26 75 28 107 17 153 185 116 14 107 171 21 64 174 30 1 68 26 35 182 198 51 171 189 87 160 108 129 166 123 24 166 126 92 99 2 13 57 170 5 77 197 22 163 116 81 34 87 76 32 52 129 48 73 108 86 37 
15 12 143 183 189 187 13 101 41 45 152 185 129 36 67 176 38 73 132 123 99 160 163 98 161 97 159 74 141 14 193 172 17 2 165 59 196 131 52 176 187 155 146 140 138 157 61 195 37 148 195 105 86 157 67 130 141 105 30 75 131 98 106 11 60 133 168 140 22 115 177 180 147 118 22 126 54 68 77 24 71 4 10 194 83 18 57 135 125 164 41 185 140 67 50 147 126 172 184 124 91 133 168 49 160 126 192 94 117 187 113 109 178 88 145 176 28 106 4 27 44 183 106 113 158 
24 118 32 81 179 33 199 57 60 62 118 122 29 79 16 71 127 173 12 81 88 189 110 95 107 128 68 6 168 71 29 192 9 169 196 194 81 45 186 120 66 156 78 124 170 15 29 160 53 70 177 48 28 53 64 60 93 158 69 16 13 181 142 95 19 109 15 73 49 196 50 158 6 74 194 105 183 194 186 67 107 91 167 97 196 193 110 71 145 100 182 32 144 39 192 121 12 51 196 169 123 1 81 73 79 74 103 131 159 65 195 177 134 88 143 81 141 26 79 18 2 32 124 160 163 
189 188 158 200 18 193 125 160 183 31 59 20 124 113 16 18 84 3 121 45 157 86 87 73 191 123 8 26 147 148 68 144 29 163 91 154 26 176 28 121 78 178 80 37 24 16 91 33 125 51 67 192 157 107 144 46 172 131 7 20 60 194 185 23 10 198 191 118 190 192 199 132 87 90 57 122 182 7 42 87 72 71 62 124 12 197 42 129 41 122 170 48 147 39 30 47 164 182 82 82 7 31 183 21 81 84 60 42 25 175 184 70 10 65 159 12 187 38 56 3 3 93 25 85 35 
71 165 173 137 13 133 58 39 139 80 131 12 112 34 136 21 109 169 61 105 131 186 85 129 170 47 79 126 108 3 100 19 177 59 63 128 135 102 172 74 7 96 6 166 36 6 21 173 69 115 135 138 149 95 75 157 17 3 153 60 40 94 120 183 129 104 91 56 80 161 105 120 127 79 15 25 111 177 84 78 6 130 36 114 51 175 168 101 14 60 160 177 144 124 184 30 45 92 69 44 161 6 47 106 115 107 137 167 144 180 17 110 137 53 67 42 128 61 75 100 154 149 72 54 100 
181 56 38 91 24 179 17 49 137 59 131 118 9 180 79 17 65 200 181 177 3 39 167 140 161 109 100 185 70 107 143 138 121 58 8 155 188 144 154 117 155 158 102 154 22 191 191 30 173 78 198 37 108 128 113 80 173 75 172 165 26 182 126 126 179 168 160 43 144 125 198 183 7 145 47 178 125 86 11 14 186 16 157 125 149 9 70 12 134 71 46 111 42 48 110 128 172 1 61 130 11 195 177 146 69 116 22 82 135 5 74 76 129 109 133 50 91 198 9 186 45 89 106 2 48 
141 113 180 157 20 97 22 159 158 119 140 120 122 27 1 151 20 20 29 80 44 73 151 63 106 9 175 70 37 99 115 54 78 89 158 16 142 73 10 199 169 75 150 37 151 200 20 200 143 88 31 149 176 42 49 95 1 29 128 53 194 11 108 197 76 198 49 148 160 51 146 142 158 178 186 108 59 89 164 124 135 44 97 150 111 146 149 117 152 88 163 83 111 45 21 169 86 108 40 131 20 65 151 197 16 9 45 105 89 190 86 31 104 34 112 4 199 136 197 10 39 33 109 106 36 
188 76 182 59 51 176 69 197 100 63 72 174 174 57 63 108 75 67 51 160 146 65 113 166 91 131 167 184 23 134 129 15 8 114 56 65 31 196 79 80 199 121 69 154 78 24 130 40 31 55 152 71 51 140 90 138 178 34 125 66 122 67 144 4 148 110 150 29 140 141 19 87 120 33 182 142 151 177 159 67 8 50 84 185 98 56 57 179 88 101 140 3 189 17 42 9 50 76 146 9 127 128 41 148 131 25 193 116 123 135 130 50 131 133 156 25 84 148 142 189 185 96 139 197 54 
71 44 32 107 63 14 16 137 124 37 135 41 132 172 197 64 110 198 72 126 37 51 107 174 158 44 56 128 134 121 110 147 193 134 61 129 126 3 151 189 32 133 109 146 165 94 145 155 24 95 137 65 65 54 105 22 139 140 29 103 194 95 45 120 134 44 75 7 20 181 139 102 92 72 99 130 87 37 112 4 16 108 56 179 49 23 194 64 26 35 162 187 137 35 44 25 140 14 39 168 15 51 197 174 87 113 164 153 77 181 35 19 76 155 66 130 42 101 85 200 168 121 190 75 128 
167 55 97 40 77 102 18 9 28 170 166 20 158 35 20 160 111 170 98 173 77 16 40 162 24 198 22 161 41 102 101 35 188 189 159 63 95 200 133 193 173 113 41 6 55 80 70 145 189 153 68 167 10 25 46 197 97 65 195 170 48 53 10 88 32 109 46 101 185 173 139 133 145 127 114 149 42 42 4 155 27 10 173 118 44 133 152 55 181 60 36 158 106 136 92 86 65 89 103 57 183 36 146 84 55 123 14 65 48 88 144 169 5 5 119 198 16 183 91 31 1 156 121 91 68 
18 4 40 180 25 183 138 197 41 176 164 62 196 186 110 118 104 26 80 2 86 98 170 132 57 100 28 193 156 11 129 40 50 84 7 76 120 134 86 193 52 15 158 101 7 199 108 148 22 185 134 98 166 160 28 94 133 156 43 42 87 114 167 174 173 182 64 107 97 134 16 56 194 18 28 34 113 131 125 169 176 31 131 57 62 162 18 20 156 70 132 46 4 40 18 46 77 118 56 131 161 12 43 35 39 82 120 72 31 3 103 71 113 147 13 65 135 27 141 175 22 176 51 25 98 
44 185 141 180 150 183 134 15 195 36 22 106 60 117 9 200 25 90 190 40 143 152 130 44 120 31 109 121 26 197 125 155 45 101 39 181 119 127 187 172 128 71 26 102 14 95 184 192 12 7 126 197 137 27 62 47 69 185 193 184 174 104 2 153 21 37 144 98 56 34 13 11 11 125 20 157 10 122 105 192 89 162 100 148 121 181 188 3 73 100 117 20 96 49 115 183 110 87 91 150 134 66 133 129 4 177 171 152 71 150 50 68 120 29 68 27 68 139 75 157 185 11 131 145 25 
37 48 17 36 51 163 19 152 63 59 48 93 38 105 189 108 126 60 187 194 48 30 18 89 41 152 124 67 24 194 46 66 25 169 130 28 97 99 58 33 27 59 71 76 134 4 123 69 31 29 136 27 153 180 167 117 165 165 136 36 179 83 16 175 21 53 148 66 18 131 13 106 66 183 140 47 185 142 143 157 23 42 169 22 13 103 190 40 43 182 55 96 178 149 187 88 163 165 127 60 81 77 59 24 160 188 159 191 45 152 17 52 14 171 179 154 5 167 1 59 18 6 1 142 194 
177 71 35 198 47 93 182 179 108 138 69 148 41 170 10 134 142 87 4 54 117 179 174 42 72 54 23 26 188 28 95 98 5 64 179 7 67 157 77 194 31 10 21 129 148 76 172 14 64 159 200 9 109 120 49 50 92 25 126 161 97 92 156 51 166 125 158 43 151 96 69 33 124 8 99 192 8 51 197 141 98 21 56 72 41 169 185 8 154 139 7 48 65 122 199 87 75 114 4 102 39 179 133 173 189 25 193 135 139 64 17 175 3 94 27 50 118 41 56 60 148 126 181 118 95 
200 9 8 8 113 130 17 11 117 73 158 1 8 169 151 30 83 188 47 30 123 51 47 132 121 186 30 185 141 39 7 75 185 141 197 177 28 191 69 177 9 174 107 146 79 15 77 81 9 156 14 36 192 110 46 74 106 44 193 53 103 197 82 114 5 80 17 162 102 90 172 179 142 14 111 146 161 143 169 18 134 173 96 177 95 155 182 59 32 74 135 186 152 12 37 29 157 69 56 178 113 161 194 18 24 107 77 147 69 153 51 93 82 82 80 29 95 140 168 61 127 156 28 48 8 
95 157 153 47 167 132 54 196 140 167 139 176 112 12 158 21 166 198 123 184 182 103 44 59 4 12 84 40 110 8 173 196 93 159 19 143 171 16 2 141 86 109 154 73 56 58 38 32 62 159 104 64 132 115 148 194 21 114 49 159 123 118 3 191 198 143 73 37 124 180 65 29 196 11 42 191 25 199 128 17 168 168 19 25 174 105 141 47 41 140 108 80 61 122 55 145 130 31 184 124 95 72 14 178 98 63 79 192 86 38 109 188 95 2 35 50 188 134 129 34 178 174 195 169 122 
74 112 197 53 169 153 32 78 170 90 131 89 48 1 41 145 93 42 156 110 119 141 142 5 5 16 87 189 114 165 97 38 24 185 87 24 193 39 46 55 91 36 166 77 179 150 187 157 27 19 20 193 68 37 154 154 51 131 95 65 180 131 136 149 18 79 157 42 181 114 199 50 174 92 162 178 155 91 72 115 17 98 54 32 63 73 157 56 35 20 130 13 169 197 56 94 119 175 100 188 55 47 42 20 113 103 135 136 2 61 48 45 102 103 7 95 12 101 135 144 45 61 140 22 42 
64 43 124 150 166 120 41 89 81 199 23 133 21 46 163 55 193 36 67 189 16 142 83 21 7 43 171 182 178 131 106 32 70 109 61 122 32 175 18 147 103 169 84 84 57 139 112 38 7 103 61 183 24 2 15 32 155 62 160 162 79 133 115 64 90 129 196 48 149 192 30 7 146 73 79 5 49 85 98 111 91 175 111 93 159 13 72 53 103 26 107 141 176 57 13 140 170 23 125 176 183 110 125 195 161 144 82 136 172 120 12 118 68 132 124 196 17 35 25 19 140 175 39 51 164 
110 43 77 157 137 154 73 72 165 29 85 72 138 200 156 15 194 137 88 108 13 3 24 169 138 179 141 48 196 56 23 21 58 32 111 6 50 98 40 9 186 74 178 68 108 191 52 77 128 157 140 148 60 159 69 177 123 43 152 24 43 65 57 185 137 97 22 167 46 22 120 181 142 78 76 177 129 76 17 190 13 111 63 119 39 199 179 100 195 51 117 23 53 120 188 193 173 64 71 136 38 167 33 63 154 28 16 183 100 49 44 141 191 142 23 70 118 44 187 107 152 73 186 182 176 
35 156 41 60 38 18 59 88 158 180 25 16 197 130 100 168 121 40 2 4 140 124 182 96 125 108 106 96 57 116 112 89 65 149 168 156 175 21 174 21 164 66 171 102 126 135 161 109 93 99 99 106 111 185 23 24 104 20 88 72 80 88 131 111 61 167 125 177 13 58 96 146 135 47 8 10 158 90 112 113 124 29 196 138 129 195 165 170 49 124 23 158 148 98 164 69 21 162 84 188 29 42 166 132 97 18 176 70 132 149 31 42 6 72 133 87 118 124 13 187 101 181 162 19 106 
61 33 72 22 132 91 27 154 69 65 199 183 166 67 26 158 182 21 179 136 75 156 127 189 164 143 107 61 62 81 135 35 103 168 87 54 75 70 46 141 89 124 51 67 146 161 66 93 138 95 159 130 121 118 79 85 69 117 105 170 83 82 52 137 200 137 84 7 125 114 97 162 146 176 170 79 82 59 1 185 16 170 89 100 138 146 130 135 25 196 128 34 89 20 58 15 4 107 63 52 142 12 200 192 52 94 27 87 150 184 10 70 119 59 42 123 41 116 92 135 17 29 192 56 94 
74 7 4 31 177 52 24 132 178 12 50 186 151 123 48 192 83 32 155 111 90 97 183 62 26 20 86 89 113 177 73 149 178 161 161 103 5 63 143 156 10 69 147 16 1 94 21 69 182 36 119 27 154 165 114 11 184 163 43 1 141 96 49 142 126 129 79 59 112 99 22 14 61 42 3 64 29 137 79 117 195 199 66 123 169 25 82 65 41 190 189 66 199 187 158 186 22 190 145 163 26 144 19 82 149 96 194 147 107 43 78 16 21 197 196 195 83 78 70 26 100 127 161 31 159 
95 166 46 29 35 84 59 28 46 62 145 98 108 1 155 18 187 188 93 79 55 34 118 66 36 92 13 2 113 157 176 54 182 64 173 32 1 74 112 39 35 86 39 17 62 191 124 64 36 60 3 27 94 52 66 193 149 72 146 70 5 108 64 56 69 155 118 84 186 121 60 135 174 149 130 10 2 186 104 170 133 5 153 130 155 30 25 114 159 99 76 171 102 194 186 141 13 185 157 86 95 146 179 83 53 170 26 121 75 96 141 53 190 12 143 187 27 176 131 164 195 16 28 68 191 
190 158 176 137 3 190 109 186 30 121 69 131 126 68 124 58 196 40 114 111 167 90 74 53 38 59 82 6 97 87 12 93 120 197 191 25 26 150 178 181 83 169 187 8 79 103 34 41 129 152 169 169 48 72 83 98 135 55 149 184 71 36 18 139 59 47 111 170 73 45 5 37 191 48 93 50 134 179 160 100 14 115 108 131 191 40 193 132 124 88 59 133 65 170 122 38 150 197 8 47 125 164 107 122 8 11 109 140 152 84 27 88 111 151 62 31 104 34 21 75 190 97 89 94 93 
184 23 142 170 33 168 167 148 59 35 96 39 165 20 124 69 109 92 30 50 169 126 77 174 154 117 61 57 60 1 1 88 125 185 57 20 141 17 153 121 150 112 117 159 54 33 193 192 180 53 167 194 157 116 132 177 54 58 189 90 143 43 93 43 184 113 142 32 36 134 91 97 13 193 122 91 107 121 13 130 200 105 193 68 19 136 160 28 131 158 132 195 53 121 87 153 168 74 64 62 177 134 150 131 26 15 195 170 143 132 54 46 174 198 108 147 142 156 110 3 170 109 112 142 13 
79 55 106 46 109 185 177 105 168 25 167 110 150 163 140 1 100 128 154 127 50 92 86 58 113 197 12 1 1 114 89 135 24 100 99 48 102 199 174 88 18 53 184 9 126 5 161 10 116 117 46 129 183 151 135 181 72 30 101 123 179 101 120 84 196 36 45 105 53 107 16 141 106 43 115 23 106 119 179 27 24 173 83 92 126 114 146 147 134 188 109 1 62 56 136 157 21 91 189 88 127 75 124 21 138 183 52 6 56 154 181 164 151 165 158 81 159 122 138 23 32 49 121 63 49 
150 17 90 125 93 68 126 59 186 115 56 174 88 81 53 116 71 187 16 5 7 173 47 193 134 71 97 43 110 130 68 105 81 37 143 21 95 35 169 34 37 195 66 153 86 90 198 175 160 34 81 125 23 173 87 137 159 5 196 183 134 2 154 29 190 138 11 7 121 108 63 122 190 40 136 157 136 29 11 157 136 190 25 28 9 14 160 118 171 88 46 50 70 5 29 17 185 29 96 65 73 179 3 51 71 162 71 182 38 169 172 10 122 165 56 20 121 197 160 47 57 94 114 200 18 
131 83 106 106 155 83 182 70 85 28 47 180 139 92 138 169 113 43 139 53 185 184 56 143 114 197 143 125 38 174 200 171 184 126 159 4 196 153 8 120 147 186 21 170 182 178 141 189 145 28 75 171 49 167 100 21 166 2 81 31 79 20 11 33 1 3 115 86 25 117 144 29 180 59 197 43 1 93 155 105 120 18 187 157 139 179 16 128 72 65 41 122 48 109 139 75 119 101 184 104 123 52 191 63 23 45 117 102 190 55 81 86 184 25 173 23 81 29 105 71 53 69 154 100 92 
109 74 97 197 155 169 31 183 36 155 80 185 176 52 168 66 14 167 78 131 98 40 47 16 158 117 117 135 179 67 154 80 108 168 128 49 109 62 198 166 151 84 156 89 166 64 11 172 53 174 129 175 87 173 13 29 173 11 118 65 190 64 140 196 64 83 25 68 155 9 148 63 113 9 84 112 10 49 73 144 93 134 83 174 141 140 105 153 49 68 85 34 137 41 121 193 104 90 6 124 181 93 136 117 143 189 49 27 98 66 70 34 73 145 65 171 43 32 14 158 136 68 49 50 192 
40 159 18 50 118 193 48 161 91 163 174 119 163 27 110 57 54 24 61 119 180 144 3 160 27 78 126 69 91 191 115 134 200 116 150 5 195 174 170 39 125 172 128 78 195 102 42 133 127 184 123 191 37 110 150 142 41 106 61 60 200 108 99 15 35 154 145 74 52 132 190 76 199 120 147 200 151 65 193 8 151 15 184 122 14 162 5 175 82 31 185 165 164 122 30 9 126 14 186 157 30 125 125 6 127 167 165 14 145 113 148 160 190 89 177 1 82 111 141 58 194 98 13 96 187 
49 41 86 1 125 199 51 71 176 70 122 60 11 67 96 70 166 69 57 133 193 135 104 26 81 53 193 102 70 43 74 164 178 105 43 69 52 21 88 176 93 170 36 103 168 120 19 11 45 25 182 192 90 180 30 141 167 67 172 72 145 37 43 11 144 46 163 125 88 91 123 108 130 23 1 180 145 94 179 172 160 184 66 173 78 169 181 159 21 32 153 126 46 147 7 193 10 52 37 75 94 94 20 54 20 130 82 143 56 7 23 127 91 95 66 183 51 111 94 15 176 50 53 71 28 
164 56 8 193 65 8 154 149 1 29 154 148 37 5 110 13 4 184 156 80 198 59 125 34 151 5 173 44 126 47 62 123 106 122 40 15 166 20 145 178 145 57 106 119 200 86 90 87 98 127 18 113 120 85 22 168 92 92 109 32 99 126 41 59 10 130 31 162 48 135 183 68 30 72 167 187 195 197 58 101 156 147 115 155 49 127 8 97 2 90 78 5 57 194 73 80 9 144 109 169 106 156 51 191 1 79 129 23 189 93 169 38 52 179 110 169 82 143 105 67 162 167 187 194 145 
82 99 26 85 129 32 106 127 26 50 123 29 104 32 49 71 68 85 76 37 81 3 87 126 8 7 2 25 190 9 84 53 147 184 185 107 180 15 187 188 160 132 76 167 188 70 21 77 174 57 32 174 45 42 191 53 165 10 75 74 43 195 160 136 43 183 112 31 118 158 98 4 32 164 10 176 158 35 165 151 157 171 160 109 155 19 136 124 110 182 79 99 44 46 187 90 51 156 181 5 104 124 82 151 63 193 92 1 55 80 115 161 77 147 35 131 169 4 28 5 66 178 82 121 120 
11 68 153 112 24 17 110 15 128 90 184 94 44 130 92 107 90 35 5 33 120 122 93 71 131 91 90 117 153 132 131 125 173 170 67 38 47 54 55 117 152 180 183 95 153 169 180 175 160 35 119 197 176 92 157 18 144 106 113 147 84 93 163 195 127 30 69 61 99 31 54 85 193 165 54 79 73 174 16 46 145 109 59 39 22 16 53 199 53 95 36 165 197 67 6 87 195 52 118 139 30 98 184 163 162 195 114 108 126 43 95 169 167 132 97 99 68 54 92 200 127 11 23 11 126 
170 193 58 113 150 188 76 187 183 179 110 182 48 89 200 33 105 150 127 55 36 33 118 140 74 57 15 133 8 194 133 45 36 186 151 196 180 80 89 196 83 71 32 179 85 68 123 54 77 107 87 98 79 114 65 41 85 24 66 167 98 66 189 192 146 38 23 118 65 15 173 30 193 119 165 16 167 23 144 67 90 194 117 121 130 42 105 173 187 71 46 188 153 118 47 23 25 93 146 98 2 40 101 90 10 197 104 186 36 72 167 96 176 146 99 105 89 147 134 88 77 141 143 161 89 
197 65 74 50 46 2 180 79 123 28 92 163 122 131 100 195 95 23 43 145 133 122 185 105 125 20 175 57 41 122 197 122 55 199 19 105 134 21 93 157 53 126 160 134 45 90 164 63 90 156 18 100 28 71 61 68 86 48 194 9 62 56 138 62 144 60 126 119 59 131 168 200 146 14 72 152 47 55 57 20 96 81 9 35 132 83 164 113 1 115 63 6 127 162 58 135 127 159 200 40 55 74 17 44 111 114 103 59 175 2 100 159 109 27 89 199 132 59 108 167 177 94 175 196 146 
84 15 131 169 200 15 14 81 89 170 32 71 140 4 102 190 158 111 174 91 106 85 81 88 172 43 20 125 22 167 108 65 167 30 14 14 152 70 53 81 197 170 84 178 76 16 170 14 76 94 28 32 188 5 8 98 1 175 14 194 4 2 94 106 139 105 38 21 139 165 176 115 67 60 81 102 182 127 78 135 171 72 164 130 187 62 101 160 195 103 9 167 32 183 114 107 111 53 147 195 122 36 132 125 115 56 141 5 84 41 183 53 189 176 70 110 73 178 87 96 41 8 85 24 175 
50 104 128 150 112 200 7 86 152 65 28 45 39 102 12 92 181 12 87 2 102 171 146 95 139 22 100 183 107 87 53 82 9 54 68 153 5 137 4 137 59 52 111 8 9 47 81 170 86 54 81 124 53 94 150 47 117 52 122 27 92 121 145 17 43 22 196 42 5 85 151 71 139 126 200 67 97 43 58 64 152 30 76 36 115 161 124 58 53 72 70 102 181 158 170 31 196 144 198 175 150 98 197 63 193 154 110 105 111 22 37 14 155 141 149 135 51 85 83 150 40 61 67 167 75 
199 175 130 83 106 143 33 70 12 114 184 28 37 23 34 192 144 178 9 118 183 10 39 65 171 125 14 68 142 170 27 15 21 182 83 106 74 137 63 104 174 144 129 22 189 86 109 198 193 59 78 41 123 82 6 100 56 49 67 135 147 2 97 3 91 144 27 82 111 59 69 173 113 178 200 61 90 143 151 194 22 101 75 177 91 76 151 198 135 9 143 177 192 29 25 5 116 152 142 46 78 65 4 200 101 200 147 44 147 83 47 122 153 89 167 174 112 42 118 188 83 189 172 188 33 
116 141 76 100 48 173 166 151 64 85 123 67 105 63 14 24 25 72 106 75 169 73 195 48 198 79 11 185 4 170 165 78 95 23 33 60 89 44 87 178 28 45 114 2 23 135 13 72 34 26 25 97 8 10 85 96 65 182 4 198 171 112 138 48 83 122 187 85 84 65 21 153 3 200 192 153 69 102 89 95 139 45 38 66 94 124 60 98 89 67 117 186 188 39 159 14 61 40 27 192 144 148 111 91 35 96 193 6 7 26 9 56 28 197 179 20 48 62 83 144 166 117 128 41 174 
73 190 55 144 150 36 125 23 129 23 56 182 89 89 40 136 42 11 172 199 151 32 161 28 52 27 6 169 194 163 29 23 171 180 6 124 142 103 78 158 42 169 86 156 186 3 191 6 94 6 78 17 75 32 35 194 158 158 93 21 151 187 23 164 176 56 6 132 35 110 8 6 91 13 28 84 125 69 124 160 164 160 34 23 112 68 149 51 98 149 126 60 79 69 68 92 74 150 182 78 200 177 51 121 12 5 185 9 77 67 118 2 41 167 41 196 49 187 116 151 92 181 121 127 23 
95 26 96 168 115 86 95 41 186 154 167 175 75 73 178 160 100 168 77 153 11 184 200 132 20 162 108 32 143 79 193 147 116 163 89 121 11 160 95 40 189 20 150 197 117 3 165 164 91 85 99 47 98 76 159 2 51 73 10 8 63 131 7 16 73 156 73 135 129 126 74 172 5 109 41 117 144 26 107 79 181 99 159 85 170 130 164 167 88 178 24 144 138 25 4 69 6 159 166 92 193 167 183 105 161 159 197 12 133 170 159 112 11 195 43 100 120 156 72 158 93 113 99 27 22 
28 22 139 192 141 62 58 130 27 6 69 15 141 35 160 52 19 95 199 61 45 41 106 28 128 140 178 141 81 1 47 170 50 80 21 126 76 95 179 173 5 162 36 37 40 90 50 196 126 197 56 103 63 199 148 127 47 48 104 93 110 141 170 133 70 23 131 185 94 121 61 158 147 146 45 140 150 168 31 125 157 178 31 33 151 54 125 161 40 70 189 136 52 40 99 140 179 121 73 195 161 169 153 196 130 125 123 192 69 134 6 188 7 114 156 174 103 16 189 97 175 175 35 177 174 
163 112 135 134 43 138 2 71 73 53 85 58 85 56 40 102 26 171 167 44 8 92 185 85 102 161 166 7 70 109 68 93 118 34 109 197 175 171 180 22 55 14 95 13 196 104 144 89 35 157 149 99 143 72 113 86 18 193 83 120 149 136 98 27 45 45 135 148 144 192 48 123 193 109 104 37 134 133 41 71 48 155 130 148 151 107 31 72 143 183 195 31 134 165 134 191 180 182 181 16 14 71 32 7 59 99 198 177 91 96 48 69 130 83 149 144 196 183 149 138 156 57 165 40 78 
157 145 191 196 165 146 50 51 118 64 65 155 94 172 135 39 24 64 181 178 76 96 16 197 109 90 163 36 44 21 30 1 37 70 91 25 107 196 54 191 39 33 167 5 106 103 23 39 59 95 32 109 154 167 110 60 61 124 148 58 27 79 67 115 27 46 166 89 122 80 14 52 11 189 53 180 176 100 197 94 133 195 139 40 117 44 62 50 58 29 38 105 92 31 95 28 127 140 40 81 164 76 103 106 83 3 8 159 139 174 145 4 95 73 133 132 47 71 16 96 156 195 20 135 84 
2 107 18 4 75 72 84 62 33 24 66 177 6 128 45 150 77 55 29 36 101 123 174 108 37 29 26 171 169 103 197 93 134 116 194 44 160 46 139 110 176 37 11 18 82 189 60 129 55 14 104 112 116 177 196 56 58 152 146 150 56 4 193 197 148 128 162 74 147 182 115 57 63 104 70 200 154 3 71 171 52 13 94 60 160 97 54 72 115 5 67 67 39 190 82 121 96 51 24 163 147 80 150 11 119 149 167 100 196 36 87 72 4 20 90 67 20 159 63 124 196 124 61 100 85 
129 30 142 60 134 179 155 116 189 16 106 33 182 73 186 177 163 105 166 2 123 156 28 173 30 124 55 40 188 159 64 132 125 97 109 189 21 197 172 25 78 156 130 88 16 87 56 177 90 74 153 103 127 55 59 131 193 132 146 55 152 119 57 89 182 88 121 134 167 133 119 135 116 161 142 133 74 126 89 30 192 79 147 118 158 168 189 16 142 165 50 146 45 13 68 1 173 22 156 59 11 117 17 198 125 22 33 140 172 196 174 169 89 48 75 9 40 150 161 157 118 13 150 94 123 
187 78 4 186 29 179 160 185 171 179 102 92 11 196 125 199 11 20 70 93 111 66 11 69 62 172 71 190 182 25 34 38 184 127 94 14 49 52 137 139 25 22 53 140 118 15 11 52 29 68 17 78 152 67 128 19 109 189 47 95 102 138 136 28 147 19 72 105 68 199 75 55 17 118 6 107 153 194 45 114 139 98 36 183 114 102 55 124 135 16 47 15 156 47 32 12 102 197 41 35 80 72 143 90 69 125 198 97 72 79 48 96 119 133 78 106 175 168 97 93 127 78 157 67 125 
15 68 60 33 103 137 162 65 21 194 107 81 19 133 84 53 192 188 41 25 176 149 136 151 84 108 199 84 157 123 32 58 168 120 178 167 63 137 102 35 85 168 172 25 50 154 105 109 114 96 51 90 11 168 158 16 141 191 198 44 150 31 11 63 112 18 184 72 26 76 38 157 29 20 134 56 110 85 105 118 191 39 149 42 28 106 182 37 85 41 168 19 169 78 190 108 169 23 144 139 122 136 107 58 151 122 35 194 170 26 5 179 140 194 167 81 126 22 170 85 110 56 115 200 149 
35 137 43 97 61 13 70 165 23 81 7 47 157 191 74 46 25 190 46 43 5 186 71 171 174 194 89 116 52 42 93 40 152 168 167 50 66 166 100 123 180 195 100 183 25 153 174 96 140 41 139 152 190 163 186 19 23 111 101 58 134 164 117 155 138 44 23 175 12 84 8 22 178 136 91 4 156 144 119 3 55 170 173 11 82 93 99 186 142 163 60 104 41 121 127 20 78 143 175 16 175 123 111 138 10 113 138 188 135 115 24 98 110 37 111 191 188 158 147 179 93 85 22 68 67 
148 173 175 27 3 7 179 71 169 18 192 169 139 40 15 81 112 191 48 185 111 60 4 181 76 100 171 61 188 80 133 114 129 87 138 25 185 112 64 128 86 139 24 170 16 87 192 58 96 174 138 115 187 183 196 66 141 64 153 151 148 152 119 79 112 198 118 200 37 104 31 126 121 134 7 137 77 18 56 120 48 62 154 115 11 56 172 67 26 141 110 83 68 164 192 108 90 173 1 78 184 163 35 149 134 59 97 67 95 51 192 190 108 147 128 43 68 53 2 113 55 112 2 111 103 
163 141 105 111 189 48 32 69 103 95 143 103 26 111 106 130 171 75 199 184 103 52 195 30 179 118 173 81 34 24 94 13 37 186 96 117 112 187 160 71 29 43 31 62 13 56 11 61 28 29 113 193 111 110 139 153 81 27 86 200 157 18 69 177 177 110 47 139 55 57 12 134 116 178 174 156 114 195 93 81 41 117 30 172 181 197 43 136 78 143 51 107 176 46 159 52 82 59 174 106 134 2 94 30 17 71 71 25 165 197 114 198 135 164 163 122 96 14 196 56 188 135 151 58 39 
23 46 110 5 141 87 194 78 77 72 71 188 121 126 71 149 140 22 173 120 139 108 122 48 59 126 22 98 12 11 82 5 1 107 181 59 178 97 64 6 45 173 190 85 4 143 58 184 40 67 192 91 146 29 103 46 63 173 117 135 119 129 140 52 121 141 28 167 33 121 131 89 67 4 96 12 73 85 118 23 197 141 18 87 93 194 19 191 164 97 136 188 65 44 179 73 93 12 175 183 14 92 38 111 16 183 49 5 41 81 105 126 189 93 152 64 43 47 88 114 98 95 190 144 86 
146 140 145 39 105 135 40 48 14 52 153 5 23 151 145 156 148 128 189 60 165 75 35 91 197 185 128 195 190 180 64 128 130 52 120 86 72 138 163 167 119 118 164 161 152 35 151 68 170 1 91 95 199 98 60 179 33 159 105 95 186 25 82 195 51 145 83 44 143 48 14 27 142 59 15 20 80 48 27 174 66 142 148 81 151 21 171 152 111 130 100 195 44 166 73 28 43 96 79 117 64 191 132 76 187 37 102 174 29 25 174 121 180 146 105 52 30 109 87 121 133 186 182 151 1 
91 181 118 184 121 95 182 108 158 160 169 142 144 12 44 140 154 176 35 63 160 191 123 3 167 89 15 158 52 37 147 76 19 184 49 149 174 47 64 178 104 175 1 111 122 98 185 35 76 118 66 162 17 200 92 55 139 110 57 13 21 58 34 164 23 15 136 159 124 179 169 46 189 81 87 17 29 136 148 103 178 7 127 95 184 89 182 119 19 116 26 169 55 104 130 36 121 31 161 96 29 131 162 85 158 4 81 15 121 120 177 114 101 163 99 64 74 163 79 105 25 55 120 98 51 
177 154 155 178 64 32 173 139 52 82 178 57 148 169 61 57 197 12 11 125 77 185 41 141 95 69 25 60 172 48 81 60 146 18 22 17 136 173 113 141 66 62 125 57 197 145 139 10 140 78 24 196 159 138 175 8 31 180 95 198 122 118 54 92 80 158 167 126 145 57 42 33 85 6 104 16 153 174 98 149 169 25 80 19 129 154 89 176 7 70 47 5 114 10 158 24 89 197 141 79 126 75 55 124 182 199 102 49 66 103 59 167 114 195 91 40 145 120 118 154 48 65 18 92 143 
79 38 168 22 147 95 177 156 141 61 62 141 66 53 136 53 4 132 175 161 148 179 161 116 108 51 14 183 88 92 29 108 163 37 133 160 116 68 99 99 59 90 34 130 97 57 138 29 30 45 166 14 117 66 55 34 67 118 71 146 117 49 153 16 24 2 110 64 180 20 61 143 22 114 109 81 37 107 43 32 119 59 90 55 126 183 34 111 72 115 76 81 66 190 107 70 51 118 140 161 127 167 128 12 80 6 162 11 35 40 40 34 106 139 148 11 127 17 164 66 51 169 68 160 162 
7 112 174 25 85 162 64 26 128 161 131 165 112 64 11 75 9 45 187 132 3 195 21 166 66 166 105 17 31 83 188 12 36 79 67 48 194 5 156 112 186 143 125 11 39 178 174 117 74 14 31 99 60 200 100 146 132 31 48 186 7 155 10 135 116 121 104 11 26 106 52 57 107 181 93 100 12 7 144 105 60 172 98 145 109 63 160 176 29 162 186 99 49 187 121 48 184 99 185 103 32 101 198 38 11 103 186 164 5 69 63 73 169 179 88 177 85 103 111 158 192 106 98 25 186 
169 22 19 142 188 19 119 200 42 21 97 45 165 55 38 85 89 126 56 110 20 196 180 187 89 163 77 37 193 12 52 24 66 7 108 148 74 61 195 131 85 137 176 26 13 80 33 186 165 14 44 16 177 125 25 185 67 177 91 6 26 21 144 186 97 27 114 178 82 117 176 184 83 137 44 60 85 169 114 44 173 63 96 40 92 82 20 25 157 91 10 123 1 86 99 175 42 133 147 84 126 193 46 81 95 40 170 141 81 140 115 128 59 5 105 5 83 118 10 53 157 91 135 118 139 
75 178 153 78 191 110 140 185 123 177 136 3 177 74 134 50 81 133 53 78 73 200 150 164 68 41 156 174 54 13 63 78 123 78 13 135 82 160 37 83 169 72 78 112 15 182 82 167 118 158 34 185 90 73 157 71 11 90 52 6 178 53 10 126 198 76 122 171 128 190 185 179 170 65 88 150 110 193 19 20 54 195 197 174 82 137 174 103 144 129 119 168 191 137 117 29 130 99 184 59 108 102 39 141 199 84 46 182 19 105 158 123 31 48 85 7 21 1 153 11 167 111 82 148 74 
115 183 25 145 127 108 118 85 146 107 158 152 15 64 86 10 197 173 66 190 4 47 71 114 6 89 118 97 158 122 22 39 33 100 54 48 144 170 36 118 81 9 28 152 51 146 107 175 122 189 200 42 92 2 40 144 179 153 69 64 105 15 103 60 183 170 101 158 41 71 55 57 64 34 88 55 117 17 81 63 30 139 136 87 186 62 7 72 167 71 79 195 55 159 107 84 146 92 101 97 72 52 44 184 22 177 32 12 143 140 105 124 25 85 3 135 51 153 2 85 177 8 191 31 75 
186 82 60 145 151 171 171 13 114 35 17 70 63 148 51 93 151 162 122 164 123 122 160 158 176 58 188 197 89 157 94 105 181 156 16 103 121 32 2 108 110 14 27 19 141 113 185 84 34 150 190 65 36 200 51 137 72 111 200 168 48 59 10 109 183 128 124 88 31 177 194 119 3 56 59 194 171 177 35 79 130 180 157 137 185 122 125 87 73 86 67 79 72 23 96 165 22 95 78 158 53 76 108 69 170 135 19 70 124 41 16 181 88 188 109 49 20 51 162 31 128 200 118 119 82 
98 93 138 32 151 2 64 155 157 20 90 75 136 194 72 101 84 153 64 7 90 109 110 12 26 58 58 185 93 77 141 91 83 186 145 109 158 198 16 138 44 177 183 7 117 174 180 103 47 181 98 156 45 28 73 78 139 91 150 27 12 22 46 65 71 23 134 177 60 94 179 93 98 150 29 11 178 177 117 45 127 122 57 59 97 87 129 77 29 56 103 168 158 175 122 24 29 122 34 54 76 162 13 136 49 98 130 14 167 188 39 117 36 75 162 176 174 103 7 151 55 111 135 17 54 
131 109 122 63 49 7 89 173 142 30 196 156 155 22 150 37 85 141 71 120 41 83 158 23 140 41 97 75 124 170 72 91 135 192 55 170 12 79 41 131 172 194 111 171 176 198 100 86 138 37 53 69 110 196 2 174 90 145 7 165 171 137 150 175 134 88 151 125 200 16 110 56 194 31 150 180 107 144 197 183 189 117 158 120 200 57 66 120 112 5 68 54 44 27 127 187 175 9 65 109 134 112 79 54 192 200 65 42 191 12 179 101 108 92 187 158 32 1 25 80 185 47 20 37 108 
