125 2
0
1
1 13 103 631
2 34 68 -102
3 74 18 218
4 119 40 439
5 215 76 367
6 581 171 1265
7 644 12 692
8 672 177 1380
9 694 138 694
10 755 164 755
11 763 25 963
12 786 117 1020
13 899 52 1211
14 1190 91 1190
15 1504 94 2068
16 1590 125 2590
17 1741 182 3197
18 1817 193 3361
19 1839 17 1975
20 2247 193 3019
21 2251 95 2061
22 2594 134 2862
23 2733 138 3285
24 3113 129 3113
25 3152 192 3920
26 3217 114 3445
27 3512 45 3512
28 3519 117 3285
29 3559 200 3959
30 3762 115 3532
31 3844 136 4660
32 3911 33 3845
33 4027 97 4027
34 4128 87 4476
35 4232 147 5114
36 4463 162 5759
37 5104 158 5104
38 5201 156 5825
39 5381 87 5729
40 5532 58 5764
41 5685 142 5401
42 5855 182 7311
43 6015 152 6015
44 6129 178 6485
45 6144 83 6144
46 6408 170 7428
47 6751 153 7975
48 7110 5 7130
49 7418 128 8442
50 7481 161 7481
51 7507 128 8531
52 7771 105 8611
53 7779 124 8771
54 7879 77 8033
55 8311 106 8735
56 8424 11 8402
57 8443 169 9795
58 8455 93 9013
59 8540 113 9444
60 8735 113 8509
61 9057 93 9801
62 9074 108 8858
63 9329 107 9329
64 9350 131 9088
65 9441 22 9397
66 9697 37 9771
67 9744 45 9654
68 9906 106 10542
69 10042 119 10756
70 10136 11 10224
71 10174 156 10174
72 10260 147 11436
73 10263 25 10213
74 10284 65 10154
75 10361 102 11177
76 10528 79 11002
77 10598 152 11510
78 10615 157 10929
79 10655 185 10285
80 10943 37 11091
81 11030 12 11006
82 11139 120 10899
83 11390 180 12110
84 11523 91 11523
85 11693 187 12441
86 11776 74 11628
87 11814 190 11814
88 12100 171 13126
89 12239 17 12273
90 12291 4 12307
91 12348 61 12714
92 12407 117 13343
93 12419 17 12385
94 12814 87 13162
95 12859 193 13245
96 12898 2 12910
97 13115 123 13361
98 13257 4 13257
99 13361 200 13761
100 13614 6 13602
101 13898 23 14036
102 13986 164 14314
103 14007 57 14121
104 14014 5 14044
105 14081 16 14049
106 14215 111 14881
107 14412 74 14708
108 14564 74 14712
109 14845 91 15209
110 14899 186 15643
111 14994 102 14790
112 15062 159 16334
113 15141 178 15141
114 15163 157 16419
115 15309 113 15083
116 15606 72 16182
117 16180 178 16536
118 16204 21 16330
119 16248 17 16282
120 16268 15 16238
121 16391 5 16411
122 16536 37 16684
123 16586 4 16602
124 16876 83 17208
125 17236 52 17340
147 151 38 71 27 113 146 118 5 159 196 43 78 171 17 189 55 84 122 138 64 79 51 107 31 41 195 143 196 184 6 195 67 180 77 188 174 40 76 38 92 44 179 50 129 21 3 24 86 149 176 140 198 99 77 26 21 172 86 157 144 192 105 124 27 165 15 174 162 150 107 151 127 194 4 84 80 2 39 119 91 195 160 118 71 81 143 150 81 100 198 141 93 4 61 86 45 72 82 17 4 132 130 45 138 40 155 97 105 97 20 61 62 66 40 103 143 21 102 103 46 31 33 135 4 
32 107 13 119 87 116 60 12 163 3 66 83 11 10 112 71 197 99 154 108 59 152 34 98 149 16 30 161 65 10 188 55 177 163 175 118 174 188 52 151 113 182 30 116 20 7 35 19 190 39 184 114 154 126 73 117 80 157 104 190 102 41 69 141 76 133 95 181 83 8 109 155 7 25 150 7 84 192 176 56 145 135 58 184 167 60 43 148 180 195 16 155 150 200 4 128 80 59 39 149 80 60 32 151 64 58 27 179 21 182 88 6 90 141 149 123 136 90 195 160 169 177 86 42 61 
199 103 109 63 190 94 54 189 71 112 77 43 90 131 59 87 175 25 101 146 128 168 13 70 81 40 140 21 65 190 170 66 195 162 20 172 200 140 124 135 1 159 142 65 64 65 119 53 170 26 61 87 65 86 124 72 76 96 11 25 50 47 164 149 107 64 119 95 177 9 189 20 172 44 199 75 192 189 165 24 176 1 198 75 166 122 190 13 131 45 39 72 165 64 104 162 33 59 107 22 6 186 96 154 30 87 173 11 145 123 2 131 86 179 155 165 114 45 79 19 149 197 153 38 152 
22 110 108 59 82 173 55 92 159 14 137 60 31 165 157 102 98 176 51 70 26 147 155 106 144 179 134 10 114 98 43 187 166 121 78 144 48 164 200 167 183 199 198 67 15 67 6 110 131 156 150 61 198 152 67 78 110 171 194 195 50 141 88 98 128 13 94 106 88 139 182 46 16 10 183 84 134 173 151 91 104 192 96 90 187 194 63 108 100 133 30 34 6 95 117 37 32 53 117 110 10 176 143 128 110 48 75 74 101 158 56 20 68 31 121 57 118 137 67 19 87 120 117 162 134 
187 182 53 167 144 156 186 167 21 46 136 139 62 184 136 186 139 166 57 160 77 109 169 200 122 28 79 188 12 122 140 177 72 15 123 109 44 114 68 181 73 58 180 114 81 132 109 106 166 93 3 149 40 138 55 34 16 178 9 44 68 172 149 59 146 34 73 133 10 184 28 177 119 122 141 177 69 148 47 135 36 155 174 19 44 129 53 56 73 150 149 110 92 168 72 164 175 112 84 131 45 60 156 187 197 24 139 44 197 200 179 4 171 98 36 61 78 55 177 23 127 161 132 42 198 
82 24 95 14 90 180 190 167 179 67 115 118 90 171 179 17 27 14 166 46 78 161 88 155 22 192 39 47 84 113 43 38 165 138 177 117 103 78 188 122 10 163 69 138 4 99 135 149 69 54 9 128 114 27 48 170 182 14 142 71 38 198 22 72 148 106 1 86 198 179 173 199 135 72 22 141 166 191 94 19 36 113 93 82 158 118 38 182 34 64 35 119 130 8 75 174 161 109 68 141 190 23 11 48 103 7 36 60 56 1 82 89 126 188 35 132 138 71 107 1 45 136 11 15 118 
139 42 83 171 185 65 150 171 34 146 117 110 20 78 191 33 87 169 150 101 84 158 180 79 44 64 5 61 189 158 92 116 32 165 77 48 92 16 152 15 30 157 79 17 52 48 153 190 61 34 74 108 72 77 171 153 61 72 24 116 13 122 39 92 130 82 118 25 17 47 146 149 128 103 134 23 16 177 2 110 13 153 113 94 101 82 157 90 37 155 85 68 143 140 96 181 106 112 198 98 59 33 28 171 67 123 10 40 133 94 100 178 188 97 124 70 120 56 20 95 118 151 72 35 45 
190 72 10 84 94 127 31 138 21 107 94 126 175 155 59 124 132 92 59 31 25 81 154 128 61 30 190 51 28 11 127 137 73 14 183 145 90 135 132 148 20 108 145 196 198 167 10 38 104 8 156 112 37 58 188 66 117 161 105 102 35 160 10 66 60 106 4 194 99 90 99 184 194 71 69 119 62 91 105 11 88 40 70 29 87 125 49 28 98 115 44 143 31 28 185 134 66 131 26 15 74 70 51 10 142 79 165 55 75 59 4 162 45 143 67 67 49 1 198 129 27 1 65 37 51 
193 125 96 168 153 185 41 63 34 12 168 4 100 92 152 56 192 87 116 50 142 82 122 70 3 94 92 46 101 24 196 160 58 126 24 143 176 171 171 179 103 187 6 192 132 53 169 54 8 59 135 176 104 51 163 200 61 144 141 91 189 176 80 143 61 175 75 196 30 83 111 119 152 13 173 89 160 175 160 70 91 156 163 65 72 76 137 5 146 109 109 67 35 59 34 8 128 8 95 172 47 2 148 32 109 161 16 97 198 124 163 27 198 128 46 44 127 41 99 143 62 171 166 74 94 
154 33 158 84 181 19 54 76 75 151 43 10 61 10 8 84 62 48 149 34 41 4 138 185 48 96 48 186 189 100 34 137 154 133 71 138 96 25 55 95 111 105 139 48 13 61 142 53 18 40 71 87 34 15 18 166 90 27 10 71 164 104 166 21 58 104 39 184 180 16 113 37 92 120 128 18 14 139 109 89 83 98 105 46 195 148 147 115 74 136 163 125 154 38 73 166 146 182 137 19 122 184 2 10 153 78 158 75 70 21 175 32 195 30 92 187 64 136 84 45 82 73 141 54 6 
11 52 140 116 169 102 191 139 188 151 23 30 48 97 152 36 125 121 69 37 172 188 46 6 165 186 165 108 146 148 108 104 146 31 10 143 200 91 97 182 166 139 71 113 6 47 183 97 171 49 86 147 30 103 109 110 188 23 194 47 104 147 45 39 182 87 48 72 101 37 184 81 193 125 81 82 15 161 94 25 12 11 15 64 68 175 155 121 110 97 11 114 84 189 14 77 149 18 163 149 176 189 99 62 9 64 65 159 12 148 164 128 74 123 85 178 194 157 105 101 121 66 9 169 190 
199 197 144 62 47 10 114 116 4 58 145 34 32 200 185 6 165 169 87 109 107 109 43 106 175 104 85 191 149 111 170 58 164 36 74 146 111 122 78 92 50 200 99 116 84 157 196 55 96 113 11 124 90 9 84 2 156 175 137 183 194 5 25 73 79 38 50 9 82 162 156 196 178 163 114 75 126 53 177 66 27 35 68 50 151 75 26 59 37 163 169 83 117 57 109 187 173 97 124 30 192 46 77 105 73 26 128 46 16 164 196 124 109 21 93 19 99 191 18 89 155 200 188 22 96 
73 100 5 63 189 121 175 73 30 71 196 160 52 32 176 30 98 152 87 114 199 197 29 141 28 168 184 194 82 104 195 148 29 161 63 55 163 114 46 82 135 60 154 182 189 3 46 167 199 98 165 152 180 151 113 77 12 80 150 90 163 44 111 146 175 177 51 191 77 83 36 131 64 71 104 18 198 192 154 149 29 100 67 138 23 128 146 152 62 87 123 87 1 42 56 132 2 131 151 192 81 100 71 32 131 72 86 7 137 178 111 164 56 52 83 141 58 143 134 133 101 169 9 186 76 
180 117 143 109 16 187 51 86 95 67 190 176 86 175 103 185 112 140 41 108 128 138 150 126 70 36 59 173 35 78 23 54 47 47 115 7 109 6 174 129 189 18 159 2 17 2 19 55 8 180 83 148 11 61 83 48 61 15 52 68 199 33 108 199 64 136 129 71 163 2 108 165 94 42 13 71 144 3 87 133 154 140 188 115 10 64 155 167 91 16 45 10 183 79 169 175 148 151 136 88 66 139 142 32 168 111 14 118 138 178 60 178 15 90 52 44 172 149 140 102 200 145 35 108 88 
195 62 173 26 164 152 18 57 10 5 84 139 82 151 147 76 200 21 155 12 71 93 164 149 176 143 117 30 132 145 9 175 148 22 33 160 45 138 82 139 163 67 93 120 173 132 87 36 70 168 88 143 37 130 1 184 12 122 198 26 36 180 120 82 20 152 84 37 38 89 164 126 187 127 82 154 50 199 149 176 4 155 11 107 47 52 1 100 98 51 109 109 188 30 101 64 48 39 85 123 118 75 49 26 186 45 70 84 35 104 23 171 111 185 179 172 166 143 185 176 166 9 181 150 22 
195 180 89 29 32 113 30 24 8 122 81 112 67 61 196 64 180 58 74 40 119 68 141 37 49 66 183 166 135 32 142 44 63 129 46 91 115 22 106 77 109 160 1 171 76 151 49 42 58 131 167 118 183 123 141 28 125 91 31 25 52 91 9 6 45 14 145 117 38 99 144 34 102 97 170 183 17 100 139 66 2 99 93 2 36 191 165 162 11 7 193 192 196 62 77 132 105 186 181 89 50 85 181 60 130 70 75 91 149 64 132 10 179 66 157 101 2 111 60 89 147 40 163 168 147 
59 75 46 64 86 103 172 188 178 57 193 59 166 12 84 24 197 49 29 178 114 186 45 98 146 23 68 181 28 72 110 67 85 93 18 200 14 66 30 168 53 79 158 34 88 103 1 40 148 91 51 102 16 136 121 83 151 42 176 88 146 147 178 193 180 15 36 125 113 162 195 98 12 104 105 191 164 35 5 9 35 33 118 197 154 99 26 155 3 147 182 129 70 73 87 155 160 147 156 120 53 51 21 72 95 195 91 174 57 179 22 81 129 95 173 101 188 76 79 176 104 12 69 48 7 
23 177 122 55 169 74 85 33 63 2 139 123 102 158 167 177 192 144 46 165 145 3 165 143 58 14 59 105 141 173 33 83 31 77 110 134 69 33 110 134 190 69 22 32 58 96 15 154 195 38 49 57 154 132 16 166 59 69 119 126 70 195 76 194 76 30 131 197 13 86 9 192 22 32 73 174 189 64 148 2 30 189 48 127 18 165 134 8 61 20 74 22 15 141 138 70 83 34 125 46 125 185 114 135 16 126 127 51 112 12 166 12 122 42 155 75 49 192 20 132 115 1 167 167 121 
41 124 29 82 85 44 55 2 5 157 123 192 136 131 14 99 32 115 84 12 179 170 20 102 35 174 119 70 39 198 18 145 87 76 147 7 111 141 86 55 84 1 45 34 171 8 70 181 86 111 78 34 70 161 129 95 118 26 54 166 94 26 157 139 31 5 99 37 116 193 34 22 36 183 54 146 195 127 94 198 179 139 70 160 90 25 162 47 82 121 17 171 140 10 27 76 89 145 59 84 38 105 133 197 69 161 96 38 118 62 3 37 13 121 65 122 100 128 15 172 46 104 171 59 90 
4 197 68 95 197 155 124 175 72 38 49 119 128 114 93 33 102 14 192 152 107 164 27 178 31 84 183 88 153 33 33 106 95 17 21 6 125 99 136 191 176 128 200 192 39 49 184 60 116 163 121 1 190 163 146 84 153 128 52 93 177 94 168 65 176 100 35 88 74 14 194 152 76 106 24 35 56 35 22 8 31 156 16 79 9 145 177 151 44 106 28 13 112 160 43 66 159 93 10 88 27 85 195 23 34 67 104 22 172 83 81 167 148 61 99 103 80 101 123 76 137 190 69 71 154 
37 75 55 49 129 29 189 147 24 122 158 145 112 190 117 197 133 143 14 194 162 132 113 198 83 159 143 128 89 107 23 134 152 180 42 85 87 40 147 200 123 22 10 158 75 99 10 104 85 53 72 124 198 68 88 153 138 48 14 133 10 138 129 171 7 196 117 152 168 74 71 14 83 158 152 62 58 176 9 85 123 21 169 27 179 155 76 164 15 25 137 47 82 162 149 133 73 116 27 97 157 6 105 40 119 164 68 103 182 59 190 75 106 140 51 117 137 47 103 128 155 117 118 26 33 
85 130 39 20 4 98 3 31 153 21 18 171 14 72 137 174 100 161 64 15 86 122 17 36 129 180 30 130 81 88 28 139 89 69 20 75 13 85 100 130 115 185 142 171 155 70 36 51 76 29 140 118 107 48 43 52 74 107 102 180 77 184 120 199 153 10 173 86 94 69 195 18 54 48 76 62 135 60 108 30 83 121 131 5 176 147 30 191 103 90 107 75 147 139 63 51 77 27 91 30 61 137 26 199 169 35 44 159 183 122 169 141 193 95 94 24 75 160 133 188 194 158 81 161 18 
30 45 11 125 154 167 150 141 93 181 166 95 196 46 129 42 102 44 159 92 195 47 21 141 34 36 42 186 164 162 192 44 57 142 24 8 13 15 142 91 60 96 171 99 120 118 101 21 42 143 3 168 1 32 120 31 199 5 13 178 90 199 179 9 15 133 185 9 164 39 191 53 77 45 41 81 85 47 75 147 71 79 47 139 78 9 168 141 98 13 189 194 74 79 143 96 125 58 6 14 42 22 23 68 188 171 164 67 180 159 149 93 189 96 39 101 69 74 167 154 44 151 170 140 181 
6 76 84 24 136 84 130 186 100 10 184 98 2 174 169 125 168 173 51 86 165 67 181 40 23 6 162 1 180 166 45 19 183 93 36 165 67 4 171 66 109 18 187 85 115 49 4 72 45 43 190 174 196 172 36 124 111 71 82 74 157 195 135 94 40 130 11 125 9 121 29 161 32 181 29 54 78 22 174 36 162 114 127 180 140 121 4 109 153 119 99 119 88 181 46 52 45 126 41 55 139 128 113 36 196 106 195 6 52 122 143 58 74 154 135 165 185 125 42 30 28 19 104 93 26 
137 165 35 111 4 47 62 159 193 164 80 122 120 186 162 133 74 133 167 9 145 114 101 95 17 25 109 31 197 87 75 153 81 5 177 70 68 81 69 65 110 111 58 23 5 154 121 25 33 106 37 171 97 71 105 72 159 149 86 133 95 150 57 19 53 50 119 41 189 16 23 116 44 69 39 148 3 11 97 151 140 150 171 119 40 153 132 156 86 147 41 134 120 9 159 134 4 126 16 63 121 68 110 72 64 138 110 143 97 49 48 193 89 22 152 47 4 107 169 119 132 148 195 101 18 
11 113 2 187 158 39 134 81 101 25 127 174 141 139 129 189 98 114 35 109 72 136 96 60 131 108 137 53 22 140 128 184 59 49 148 63 87 4 111 141 190 95 143 113 38 183 112 186 160 34 177 102 198 80 75 155 59 186 2 68 162 10 21 10 114 144 1 155 175 102 22 118 132 10 124 131 172 86 100 124 157 81 36 61 51 98 87 100 21 32 85 135 121 95 136 83 80 5 12 42 183 66 165 19 87 8 170 90 142 105 30 83 142 189 185 58 109 158 3 12 152 19 78 65 54 
169 43 7 110 182 78 70 181 126 45 103 128 41 16 195 16 42 91 102 85 79 6 199 7 131 86 124 82 9 160 175 167 33 73 58 11 187 196 149 196 119 198 67 8 159 57 73 13 198 122 139 126 37 47 29 5 37 117 67 140 70 48 86 181 90 108 162 75 166 36 49 112 51 94 113 131 197 82 99 97 183 1 11 105 67 133 45 79 108 106 68 3 98 126 140 155 73 180 68 68 187 90 18 178 188 108 158 190 8 70 38 29 180 61 80 78 113 102 199 88 186 143 36 74 43 
102 149 167 60 71 1 154 92 86 156 136 39 68 9 200 117 38 27 64 121 61 99 115 165 125 41 181 55 14 133 142 113 10 75 152 87 48 189 113 123 161 188 114 126 183 132 179 44 192 169 169 8 104 112 25 68 121 163 157 131 40 163 161 77 54 138 18 135 109 28 1 109 84 33 165 179 149 191 82 43 74 193 14 56 71 178 12 99 24 131 171 140 133 162 183 151 21 67 139 74 27 184 50 173 167 28 162 101 83 98 177 85 192 32 39 145 85 186 6 145 65 175 30 52 83 
141 100 63 16 142 15 90 40 29 53 28 104 113 153 183 147 80 95 41 81 191 28 16 45 173 109 176 168 179 42 121 84 42 155 25 189 53 179 36 16 122 178 189 88 81 78 37 194 149 49 180 126 95 126 62 87 55 71 30 79 125 9 181 101 195 149 121 169 128 83 164 109 109 196 153 147 164 105 174 164 150 60 152 58 36 91 102 119 65 191 28 39 102 135 119 152 150 37 46 144 1 69 61 17 146 128 194 106 87 143 43 146 178 97 22 74 146 114 147 193 20 74 24 97 87 
151 38 19 163 173 81 124 131 193 125 33 178 167 168 97 174 119 141 59 81 115 19 114 12 14 184 30 114 36 47 3 161 81 84 83 187 31 75 142 104 94 71 158 82 122 74 52 28 197 130 128 142 198 5 4 128 19 34 178 172 9 17 13 114 111 1 197 135 133 109 189 90 25 113 191 117 2 124 136 4 4 60 18 163 168 186 124 166 94 180 131 16 188 168 89 186 20 89 88 41 42 115 174 32 107 119 185 96 95 135 168 58 45 182 191 159 169 186 69 32 103 130 118 55 66 
144 176 184 45 58 33 71 50 69 70 162 44 101 115 58 2 142 11 148 110 110 90 160 82 123 67 31 126 198 99 134 42 84 46 65 160 89 73 130 73 99 163 6 81 33 63 156 134 136 93 136 116 84 44 136 156 177 64 137 64 58 190 90 66 6 33 33 100 134 59 76 149 2 19 155 17 129 159 18 173 191 162 2 171 53 8 38 107 189 123 63 98 94 127 75 43 14 65 106 50 197 135 46 44 12 21 140 1 13 96 78 148 182 150 139 194 180 128 151 180 129 154 87 183 131 
145 7 195 180 183 52 64 137 131 58 22 75 190 55 39 70 151 151 193 134 2 195 130 185 46 135 166 183 67 6 138 195 164 12 109 92 65 130 152 126 125 9 88 7 57 125 37 95 184 115 32 137 67 169 108 166 16 197 30 8 38 54 148 71 171 140 53 145 102 42 41 175 60 94 155 125 44 80 110 200 111 35 87 1 89 146 172 195 150 192 23 199 73 4 115 129 58 181 61 181 26 52 129 124 63 141 175 167 189 159 5 96 8 106 60 182 83 19 66 36 60 20 73 35 1 
154 65 8 86 90 183 17 91 80 66 146 54 117 77 38 108 18 5 167 136 73 134 121 3 6 140 61 64 115 33 63 191 67 20 152 179 150 135 189 144 111 98 27 105 53 146 39 163 30 23 12 53 133 48 108 2 172 134 79 111 139 124 182 48 86 66 184 142 8 1 163 66 196 170 40 76 58 67 168 17 115 103 3 188 21 190 3 139 134 173 126 51 121 81 115 1 91 4 128 6 30 48 127 71 12 4 26 9 82 125 34 139 112 90 171 54 162 172 24 186 105 66 159 62 21 
163 137 85 173 70 85 28 12 190 41 12 50 132 4 150 45 198 175 10 79 165 102 53 143 88 163 139 1 187 17 135 193 127 119 189 174 133 118 178 46 64 60 78 129 2 111 163 43 88 179 189 67 198 141 135 127 79 119 133 145 165 13 140 153 169 171 47 4 58 17 7 165 29 179 189 80 105 122 157 29 93 26 29 45 146 154 81 145 142 172 37 25 70 1 43 196 164 171 43 195 188 122 199 2 170 157 15 40 130 41 65 55 14 181 40 98 74 6 20 30 185 34 133 190 189 
80 68 38 9 147 68 10 123 102 70 136 119 86 62 49 173 185 110 90 59 49 65 36 144 142 167 91 75 99 127 24 194 44 54 165 75 68 35 152 37 14 168 44 50 73 8 18 120 115 79 82 165 44 175 130 183 93 67 96 169 197 105 19 37 40 40 27 151 58 116 199 69 124 14 91 59 77 66 169 169 77 128 188 3 140 21 114 118 109 29 25 37 68 122 60 21 108 95 159 33 15 95 33 54 101 11 35 161 116 106 163 189 164 91 186 157 10 25 79 2 42 34 138 20 29 
59 162 65 85 76 186 166 139 32 48 24 77 18 64 45 30 117 53 41 79 137 140 121 165 189 2 45 73 92 21 18 69 21 15 40 38 61 194 101 85 64 167 57 111 37 103 187 108 170 179 176 118 74 186 9 92 187 112 140 120 3 85 197 17 106 138 115 102 132 71 56 7 172 102 178 180 115 17 84 131 199 66 111 77 188 184 75 14 199 93 8 67 15 79 24 24 104 84 112 98 200 189 29 28 144 78 55 142 185 39 187 102 123 23 55 84 93 70 194 5 46 78 3 152 99 
187 173 92 96 160 14 5 135 119 24 67 183 185 94 192 96 4 41 123 120 55 74 141 34 142 190 160 151 81 33 6 123 88 166 122 48 39 8 37 200 12 156 4 111 90 85 88 155 195 158 1 155 122 171 189 92 145 177 117 47 131 123 82 157 73 174 10 109 96 7 21 87 51 18 21 43 91 130 57 18 128 155 191 12 87 57 121 74 79 157 188 191 30 185 54 151 164 51 154 53 91 170 72 108 123 121 70 26 15 80 58 6 117 79 143 153 116 56 126 53 184 148 70 175 71 
81 96 26 117 123 190 92 93 65 65 30 129 111 88 62 62 96 77 5 104 37 28 54 19 58 83 16 154 140 163 22 80 5 100 169 187 20 73 196 55 99 77 142 80 161 67 55 190 197 128 102 76 108 139 10 131 131 68 52 79 118 77 45 32 170 181 162 140 71 55 78 4 42 110 20 87 115 13 167 59 66 43 104 137 72 141 179 41 92 55 197 174 166 19 42 180 69 62 85 158 191 138 88 4 14 37 52 191 158 190 94 198 63 144 82 47 121 80 11 49 102 117 122 34 196 
51 168 17 173 14 195 38 41 27 169 48 133 104 75 83 78 199 32 170 191 91 183 50 105 77 69 143 148 138 103 54 97 97 92 150 195 11 95 87 4 195 75 5 119 143 155 11 179 149 98 188 105 49 109 140 112 102 46 40 56 197 86 190 192 26 18 26 40 14 63 152 9 75 135 75 10 18 41 98 59 42 133 150 180 35 96 95 55 51 11 190 87 83 154 120 114 132 144 24 105 23 102 175 61 25 119 37 119 121 174 177 38 23 182 25 57 124 182 41 119 19 94 126 139 36 
150 15 77 101 159 111 111 28 99 73 110 92 120 165 167 132 100 21 129 30 142 5 101 114 25 151 93 66 119 34 151 164 192 18 18 19 98 83 170 38 144 31 16 41 11 8 126 49 44 118 164 106 94 102 179 155 150 114 64 27 200 108 113 8 112 78 26 87 13 200 132 62 82 128 37 130 168 159 43 114 89 94 133 183 157 178 198 146 134 143 103 107 91 92 67 137 124 31 114 183 134 17 164 45 92 26 99 184 181 155 74 31 71 20 22 30 164 26 123 70 81 192 131 78 120 
154 51 81 64 73 65 127 41 77 200 33 51 113 68 44 75 64 152 60 75 155 15 13 51 100 85 10 194 158 81 39 26 109 200 80 166 36 200 74 178 8 163 8 46 80 154 172 122 71 112 199 200 82 191 161 117 87 98 42 162 17 160 41 166 148 83 62 160 72 27 70 157 5 125 72 102 1 62 52 31 147 49 6 150 102 33 170 56 61 169 70 166 37 72 62 184 143 104 166 169 29 173 114 151 40 16 1 107 143 15 176 49 191 41 168 50 141 74 122 58 91 101 97 31 184 
150 196 43 136 192 79 117 38 162 181 154 174 31 7 146 116 97 62 80 56 186 33 17 35 64 182 69 80 33 12 74 149 101 45 69 181 19 25 90 77 19 116 185 1 39 141 184 192 43 55 197 75 59 127 178 184 90 49 28 91 69 99 121 147 82 113 44 128 84 197 143 1 92 189 2 153 135 197 10 51 23 72 8 167 66 58 127 45 57 187 30 56 8 93 38 103 200 179 118 102 125 197 172 31 144 56 147 179 129 190 3 2 89 60 112 78 4 58 183 19 72 150 4 52 95 
128 170 123 117 27 60 62 78 92 73 34 195 171 114 163 124 72 86 123 46 28 8 83 104 185 20 43 193 59 91 89 144 94 60 58 133 169 146 69 33 68 174 78 64 120 116 129 49 87 155 172 152 148 38 53 163 67 159 24 73 166 161 39 128 117 176 17 17 40 175 90 65 175 163 92 122 162 71 132 18 11 22 184 120 21 62 185 151 102 4 71 11 41 68 78 151 169 133 64 194 17 8 181 132 103 166 116 76 59 154 149 143 86 196 74 36 126 186 195 88 23 56 91 59 157 
15 35 154 8 119 9 141 200 21 174 143 17 162 164 161 37 59 78 29 21 5 26 133 124 55 193 182 193 186 197 183 51 18 120 90 41 140 83 40 32 33 188 84 26 85 73 95 123 200 131 125 138 28 144 155 125 163 184 194 33 126 173 138 90 176 41 134 40 188 57 40 133 50 177 91 25 47 188 88 189 99 104 82 66 71 105 194 195 195 164 34 103 5 172 193 11 137 147 72 112 128 160 82 132 59 77 149 188 9 181 29 109 170 5 200 179 15 131 2 163 154 48 161 93 164 
54 60 64 148 108 95 90 6 164 108 151 27 88 61 96 95 140 117 98 110 121 75 176 95 41 194 3 151 138 129 102 130 39 11 174 178 53 112 162 166 184 56 11 92 35 79 74 183 77 45 200 150 120 55 67 184 158 57 87 128 67 91 109 80 72 84 152 37 113 27 71 26 148 170 21 164 196 10 182 14 118 200 131 62 132 189 65 149 21 78 104 2 115 178 14 165 137 181 109 33 23 41 11 85 67 64 19 99 160 88 145 49 197 136 130 186 87 171 1 111 27 73 112 182 198 
106 189 174 96 180 187 88 189 95 130 161 62 7 162 12 185 20 38 82 4 176 122 121 104 82 44 36 10 109 60 91 9 163 61 59 4 164 119 6 175 164 56 102 94 108 161 176 51 67 74 71 7 94 25 65 20 167 153 12 195 116 191 157 24 97 79 184 19 128 174 74 71 49 47 58 70 70 154 177 20 172 158 150 103 120 77 147 199 154 146 31 93 59 75 50 87 2 115 88 165 141 120 92 27 56 118 168 83 17 95 31 121 136 74 31 34 151 113 198 168 140 118 165 74 12 
118 75 87 87 147 30 144 133 1 130 168 102 184 118 134 129 78 7 156 140 169 24 59 178 87 79 40 23 35 8 143 55 69 90 108 141 182 88 123 172 178 100 183 160 78 155 168 192 23 151 167 69 33 182 51 25 99 127 94 57 83 51 120 127 199 86 32 95 56 6 108 123 22 95 42 162 187 22 126 194 128 21 166 107 31 112 116 82 17 131 69 39 102 5 124 71 162 6 78 91 158 12 35 55 60 192 19 39 100 7 52 37 97 104 125 122 143 165 40 67 16 198 148 136 8 
36 140 196 164 150 183 19 165 62 35 81 15 195 67 91 49 127 95 59 63 163 33 89 199 1 36 9 148 83 49 88 187 149 77 86 118 25 111 161 111 156 77 55 191 183 40 120 133 177 92 72 128 101 166 174 12 143 178 117 114 159 98 17 164 115 60 158 102 80 188 183 129 33 53 191 88 95 194 53 65 120 110 180 138 116 45 15 109 27 174 72 141 180 67 135 77 50 125 138 196 21 88 130 5 198 89 154 36 23 142 148 4 138 186 89 147 156 20 97 143 17 137 172 153 123 
69 44 172 154 119 156 37 46 33 66 26 170 109 50 32 104 39 167 132 124 112 125 23 161 74 133 61 123 90 79 169 200 145 134 147 116 84 66 6 191 6 184 147 121 21 160 41 109 145 7 176 72 189 1 57 166 64 186 44 25 83 158 171 46 174 150 73 6 35 34 53 5 8 87 161 37 200 190 165 200 194 71 133 200 116 130 27 47 91 113 117 90 41 8 48 170 10 31 20 25 199 55 188 115 72 147 69 109 181 59 111 135 109 37 58 68 110 101 195 105 151 149 168 140 129 
14 112 75 39 25 80 160 181 177 118 90 6 104 44 17 92 182 39 43 158 45 44 94 79 52 62 148 197 79 114 104 30 9 3 134 6 198 143 64 39 172 141 130 27 108 141 81 79 85 5 153 67 80 36 112 54 190 136 184 121 161 28 22 186 82 134 78 191 199 50 169 66 21 122 46 166 57 106 195 3 193 198 162 76 63 199 59 134 129 2 115 49 54 180 93 60 84 200 176 124 25 174 16 144 42 77 96 8 135 156 95 96 186 93 71 34 185 160 137 86 45 124 161 164 156 
39 124 86 90 185 91 43 79 117 24 127 57 68 162 22 103 103 111 117 102 9 199 36 129 172 57 23 152 14 39 141 2 39 118 183 123 198 63 77 23 143 129 56 115 67 126 106 146 197 2 103 51 79 128 97 112 61 33 179 169 154 26 126 69 13 34 69 116 49 164 55 57 142 180 148 173 180 196 66 197 86 185 116 135 155 142 42 100 94 193 38 102 170 185 18 130 68 6 107 190 45 171 51 143 101 109 92 138 95 115 176 109 44 117 7 92 165 66 87 156 185 80 20 92 93 
80 137 48 32 41 28 96 33 62 48 187 22 122 183 133 177 176 31 50 110 88 138 113 121 173 198 194 19 47 89 137 164 69 178 200 61 23 188 118 139 156 23 64 119 68 59 147 17 157 152 196 183 112 79 61 143 150 90 120 84 126 35 102 189 97 150 139 28 162 6 79 175 55 198 106 6 80 57 171 47 20 198 37 45 21 104 80 42 144 33 154 45 25 20 67 124 72 52 166 141 105 102 98 124 154 119 47 93 130 90 14 28 179 142 83 21 71 177 106 148 7 57 179 104 190 
31 71 107 27 200 159 176 59 200 115 82 73 186 160 181 37 79 13 103 105 145 9 49 126 151 140 148 92 39 92 69 52 196 6 82 170 187 32 101 143 106 2 184 97 52 172 104 151 30 60 175 42 8 31 42 194 165 39 68 164 119 160 129 61 89 173 16 8 170 152 22 178 142 197 40 57 115 58 7 187 107 171 121 103 111 174 138 33 154 27 154 37 183 181 126 148 87 190 114 145 25 135 170 183 148 77 109 64 12 56 41 45 121 87 105 64 163 140 106 170 22 81 163 160 103 
200 17 40 84 88 19 43 46 18 100 33 125 105 137 18 79 53 101 180 15 85 200 59 89 72 155 162 100 103 134 176 75 171 105 139 163 194 193 134 58 186 128 105 85 78 92 30 174 89 116 1 120 124 56 136 155 115 190 121 134 107 164 71 63 180 74 146 135 117 172 125 122 198 46 81 193 145 40 136 93 182 3 100 192 161 50 156 36 187 71 170 60 58 23 185 67 107 97 119 3 19 194 40 104 106 114 97 11 33 155 173 126 169 19 13 42 193 28 125 185 132 112 94 191 21 
104 100 143 2 118 64 129 156 5 103 108 141 22 4 98 150 191 52 180 79 56 49 196 12 12 41 52 104 140 62 101 199 82 108 103 96 179 130 171 68 10 76 174 200 104 51 74 114 33 134 199 100 55 71 178 130 136 105 95 148 191 116 83 50 174 107 92 53 35 33 173 95 199 53 35 190 170 156 76 106 84 158 152 67 183 149 32 76 83 100 55 12 136 45 171 160 50 78 191 51 185 150 83 127 118 179 193 74 114 190 71 72 147 54 192 26 176 200 35 137 170 26 48 71 14 
1 149 55 113 176 79 198 71 175 163 12 3 96 57 48 15 41 15 35 129 67 18 99 25 168 181 16 132 27 178 155 94 39 177 181 103 78 182 145 88 22 110 168 143 61 165 18 54 189 199 79 139 199 57 21 79 165 91 66 89 175 76 200 196 146 46 18 77 137 2 52 87 95 168 18 166 155 86 131 48 171 198 94 47 71 13 165 39 39 12 174 171 39 132 76 57 16 24 24 119 117 13 197 116 100 63 125 11 55 200 112 187 88 4 189 21 178 35 194 123 99 136 33 74 130 
120 72 14 186 48 62 53 49 52 134 67 113 165 176 60 35 17 109 128 86 20 183 23 7 45 146 51 87 111 64 131 170 23 172 162 80 60 15 145 196 149 57 55 171 65 17 40 158 160 164 78 129 27 6 135 131 120 122 90 58 95 17 123 96 174 134 177 120 9 172 168 16 163 82 2 9 175 17 195 2 133 17 127 16 35 191 144 68 137 40 19 170 146 158 60 104 7 61 14 34 77 47 61 67 111 128 180 82 101 95 4 84 69 32 147 2 101 189 25 181 181 8 174 35 116 
123 54 9 152 164 65 56 17 73 84 14 155 34 135 114 194 53 193 38 111 107 87 153 147 33 138 42 78 21 108 33 46 99 155 139 164 146 156 107 32 8 15 19 178 106 56 151 146 18 61 77 146 194 169 11 23 45 32 38 128 92 37 94 5 141 132 28 104 78 152 9 188 146 66 41 76 51 175 135 1 13 20 147 166 168 32 127 187 40 150 171 24 68 87 12 8 60 61 89 12 87 50 180 177 175 136 87 125 194 145 106 136 94 174 25 174 136 92 126 181 157 119 129 118 106 
13 114 131 46 54 192 72 86 38 137 32 78 52 112 166 163 152 58 142 111 25 79 132 20 66 10 93 94 97 144 117 66 198 51 127 66 197 22 49 182 57 132 78 88 35 126 105 160 160 87 125 159 29 183 191 61 34 189 193 13 19 73 178 92 80 21 18 9 14 94 127 177 41 199 111 75 91 51 38 50 13 200 184 74 164 137 111 167 99 69 27 92 174 147 106 117 97 86 44 87 183 55 181 24 7 36 50 15 157 104 143 70 59 186 46 147 49 72 118 75 127 148 181 8 192 
33 40 42 15 136 51 75 102 111 79 154 138 103 12 9 42 23 137 84 86 102 54 7 153 58 40 123 140 132 105 143 68 82 25 184 200 62 65 59 122 4 3 168 2 104 4 184 182 174 152 76 170 32 97 92 31 126 136 3 34 200 109 144 198 174 80 8 96 172 198 5 51 173 12 62 156 21 54 199 196 197 6 108 165 167 68 120 150 107 5 153 174 48 191 194 159 200 120 93 135 49 116 71 41 178 51 116 114 131 23 22 1 178 193 134 26 9 24 186 96 164 200 48 198 175 
28 116 188 121 4 98 194 197 16 147 19 155 134 161 24 32 169 32 4 146 104 40 109 122 119 139 104 196 60 139 158 126 190 84 176 93 14 7 102 84 177 92 20 199 182 76 135 199 160 86 11 68 52 159 20 116 14 146 122 116 5 191 98 183 48 35 29 81 64 156 104 150 157 77 52 167 20 164 116 36 197 19 159 173 20 122 173 171 17 9 186 146 186 187 59 56 111 102 112 96 120 48 140 3 93 13 56 43 6 182 110 104 65 191 33 199 171 102 19 55 49 119 171 141 142 
179 167 127 16 67 180 142 139 160 92 158 168 8 64 193 74 81 97 84 99 23 100 192 19 143 190 37 13 87 166 72 112 136 131 13 51 123 138 85 86 78 7 8 86 182 31 132 57 21 68 78 4 188 119 1 6 83 61 168 100 168 65 161 158 18 109 119 102 186 52 112 143 47 183 61 34 101 129 143 113 128 83 42 7 149 28 172 71 21 120 30 185 15 65 3 45 103 15 35 63 135 34 14 120 68 152 95 140 183 77 114 6 21 184 44 26 148 12 77 71 197 119 151 101 199 
150 184 158 174 33 101 154 117 163 194 105 164 95 73 43 55 139 2 97 116 9 117 42 38 95 13 47 103 166 5 47 200 135 147 83 185 15 130 192 60 108 145 188 87 198 76 31 109 29 95 54 19 11 200 83 64 69 161 40 99 5 15 176 95 57 79 169 192 177 131 59 177 177 182 141 108 130 17 98 5 117 182 33 96 74 158 186 167 134 102 169 71 143 113 153 130 147 33 51 144 137 187 142 43 2 123 13 98 114 172 109 184 163 114 158 176 60 105 149 189 161 44 146 46 122 
145 6 158 77 61 133 2 4 59 187 199 119 13 93 134 46 52 63 142 144 100 182 46 65 123 25 70 28 20 156 190 131 173 181 42 83 38 103 66 107 85 178 148 124 167 20 102 99 8 42 114 72 51 65 144 145 103 126 146 62 114 80 92 11 65 135 91 61 101 13 18 157 109 157 54 5 49 75 65 169 71 72 183 113 40 163 104 178 185 27 18 100 99 127 20 65 188 172 20 23 191 157 117 159 5 96 42 51 69 184 62 166 25 104 129 160 57 6 70 41 146 119 40 117 102 
95 45 141 60 85 153 165 30 199 6 73 11 10 133 18 18 100 5 186 125 115 126 99 194 188 123 179 52 126 169 68 63 194 132 35 51 154 108 92 179 200 133 159 132 49 58 166 10 44 176 64 25 131 62 193 176 189 154 7 31 104 46 3 135 134 185 7 75 187 39 56 161 3 191 68 98 157 67 73 21 54 24 89 127 65 163 163 71 63 92 165 35 185 45 7 117 181 62 191 76 62 107 66 141 120 146 149 185 98 109 40 67 195 198 200 119 172 93 165 69 99 166 126 47 31 
55 108 172 76 197 45 192 43 75 161 192 154 21 131 128 11 62 127 57 127 168 119 59 175 131 68 200 133 106 69 172 153 36 191 123 158 119 144 19 52 28 139 160 127 129 36 128 72 26 34 168 195 164 44 35 90 67 22 104 10 98 73 151 92 40 107 137 8 125 161 36 60 192 3 54 101 199 131 199 76 181 24 89 146 173 68 123 123 162 187 193 1 44 12 4 115 83 189 167 51 28 63 133 2 43 101 147 17 15 32 173 61 170 2 85 40 108 1 149 97 96 137 54 62 164 
123 69 51 133 93 195 86 116 135 2 154 179 126 133 183 144 76 187 186 134 29 47 40 101 121 197 111 32 162 43 48 82 198 158 182 168 87 111 157 132 156 52 121 29 39 137 83 75 141 131 37 178 41 5 156 11 51 122 120 107 54 103 196 121 159 141 108 124 108 42 6 58 6 78 25 150 58 49 7 37 109 2 164 1 82 189 152 141 137 82 93 179 38 76 101 80 40 177 9 104 55 97 159 159 9 187 32 62 65 113 86 136 144 163 194 15 183 26 89 9 39 39 108 81 11 
55 180 106 12 1 77 73 1 90 50 118 167 110 8 174 165 105 4 149 193 166 49 145 152 104 103 48 27 145 12 34 71 178 169 173 138 52 14 157 117 124 136 37 185 138 146 158 94 30 143 189 43 78 124 21 98 169 193 25 174 31 18 59 133 118 144 176 95 178 11 31 114 81 149 154 90 117 62 107 171 92 135 163 44 172 59 171 112 70 168 21 27 166 93 19 58 180 155 77 77 12 160 16 31 100 42 56 143 15 137 137 80 50 123 43 185 42 154 91 4 46 190 167 11 134 
118 124 40 93 176 166 133 118 34 151 103 33 179 65 64 41 54 97 54 156 32 126 86 30 69 4 127 188 12 146 170 35 157 169 146 132 20 79 181 11 26 174 199 77 95 159 114 135 185 4 129 103 24 134 195 174 143 184 155 134 160 41 102 16 78 16 62 163 125 38 173 67 59 57 115 63 157 20 138 199 31 101 22 140 137 72 51 120 164 153 110 123 149 41 185 182 122 4 126 121 113 80 161 132 24 117 32 133 17 159 35 100 157 118 119 127 14 35 48 44 123 39 65 66 160 
115 73 150 170 75 97 65 114 127 172 70 157 118 163 56 118 124 88 200 173 9 145 180 36 166 21 185 65 148 63 29 4 28 136 100 85 133 192 49 113 63 85 81 66 35 187 136 183 126 95 127 74 9 23 197 131 61 186 79 5 87 90 136 140 80 188 9 125 106 155 174 177 195 103 23 94 133 142 53 143 148 52 92 200 155 191 116 15 115 34 172 171 34 18 34 11 71 150 71 170 80 169 101 179 120 123 126 75 141 193 198 39 64 144 150 166 9 39 73 1 158 162 39 123 171 
197 53 168 145 37 172 75 42 28 114 14 64 199 101 176 1 151 44 177 5 183 110 29 8 87 138 153 154 15 162 70 175 149 44 174 58 45 59 71 18 193 20 172 75 131 156 53 36 8 104 140 115 182 79 126 110 53 78 43 44 95 98 132 57 10 21 19 76 61 53 131 180 63 34 161 125 182 83 127 38 101 18 171 139 151 146 8 176 34 68 96 42 114 48 183 178 20 141 108 187 73 31 148 124 102 94 70 90 21 43 190 130 167 98 25 160 128 167 182 5 3 161 128 117 44 
85 103 119 14 172 64 54 165 160 156 143 26 140 20 38 111 22 77 34 73 162 90 178 45 118 60 59 153 133 36 29 122 97 38 93 88 149 25 87 87 77 190 148 21 3 2 130 199 88 162 90 67 145 65 67 32 145 74 55 55 96 141 128 34 11 52 177 31 75 62 40 81 78 83 144 169 13 40 32 30 132 47 163 158 118 29 192 119 162 177 26 53 60 187 101 20 158 49 103 15 105 68 144 24 141 171 195 7 88 165 50 42 186 46 144 1 138 12 191 100 30 180 164 46 1 
79 25 143 9 15 91 88 97 114 69 124 188 110 152 147 194 138 176 86 143 5 113 104 52 185 184 68 67 57 132 55 34 160 34 185 34 192 27 53 127 177 92 5 193 30 162 14 57 25 113 175 185 85 43 122 56 52 136 190 58 82 14 12 122 21 71 8 27 194 133 31 28 83 185 55 111 127 19 84 189 73 178 86 59 119 132 176 71 185 159 180 42 143 29 176 150 13 150 112 190 26 29 5 174 101 35 126 64 197 72 72 13 116 39 147 101 186 98 189 17 184 198 91 193 9 
114 122 120 194 144 33 139 8 102 135 60 30 78 162 76 3 44 40 79 63 182 37 114 57 95 121 110 8 138 53 17 54 182 24 109 49 59 14 178 139 70 169 82 161 162 194 11 149 102 45 115 179 119 173 46 136 192 178 7 99 182 4 176 73 190 168 91 113 177 46 59 62 114 191 88 165 17 111 171 5 64 177 195 54 41 100 173 94 104 153 191 67 54 153 36 114 20 36 28 171 4 198 21 32 18 143 148 179 177 54 132 148 173 22 80 99 193 200 49 163 129 12 75 180 64 
107 109 7 194 88 154 118 22 93 111 84 120 39 72 97 88 48 70 6 14 84 180 28 23 147 122 157 111 19 113 166 116 159 162 108 112 102 105 138 108 7 194 180 21 169 107 139 25 139 109 115 173 31 23 2 156 144 96 187 53 119 179 18 112 26 80 173 41 182 142 27 75 173 170 142 73 123 162 121 146 173 131 35 101 25 19 24 190 84 103 173 93 58 141 167 89 160 34 146 76 101 92 134 148 173 130 11 160 102 91 17 101 188 35 186 84 153 131 38 134 178 189 111 55 100 
178 43 184 13 141 187 89 1 159 89 11 24 98 66 143 60 131 189 46 153 118 116 147 160 84 97 96 179 176 79 110 171 72 45 118 121 45 188 47 67 112 150 98 114 59 68 69 26 59 115 57 77 107 1 16 187 108 55 6 102 195 33 37 179 38 1 66 95 198 75 61 181 10 46 105 104 171 126 14 199 143 19 188 141 26 169 148 121 9 182 104 163 70 70 29 197 152 39 200 31 65 11 83 65 181 56 10 33 78 132 38 85 182 184 6 125 31 45 5 54 80 143 53 16 39 
106 155 70 87 55 120 130 44 145 54 88 6 128 93 42 92 58 57 4 193 31 108 118 33 141 87 77 143 161 82 110 137 182 175 141 99 171 98 163 195 56 105 110 142 63 131 59 111 181 16 144 152 28 53 148 165 26 189 140 125 107 158 174 4 181 85 173 94 172 160 106 49 27 120 117 171 116 182 144 173 42 154 187 153 135 46 125 132 63 134 190 43 100 21 6 113 84 172 181 61 30 63 80 126 196 78 2 28 87 89 105 109 192 6 78 108 122 13 134 99 32 19 196 18 116 
149 135 148 30 135 36 122 200 90 134 150 65 24 79 136 112 140 117 75 96 73 134 100 78 72 25 44 71 25 113 143 57 46 98 56 106 178 21 39 195 27 195 166 133 72 123 69 113 60 162 148 51 121 79 104 32 175 98 153 42 66 53 113 116 55 12 174 83 3 146 22 142 18 145 123 150 95 97 185 158 6 56 153 138 72 13 154 104 40 181 197 60 143 191 141 100 141 117 112 54 43 129 66 162 59 35 67 197 44 131 113 8 180 127 165 161 129 112 120 56 193 61 36 170 31 
23 119 128 40 170 45 195 192 29 48 141 20 184 64 14 133 148 118 148 78 80 34 168 46 76 177 83 34 86 173 193 196 132 164 77 82 149 45 195 169 81 109 145 120 122 82 107 7 65 108 111 96 77 3 199 7 95 175 172 199 78 120 190 14 20 10 75 123 21 61 171 151 191 86 128 142 9 172 14 72 57 96 124 171 86 29 153 4 9 156 117 98 158 151 154 155 151 116 42 31 62 126 148 188 113 104 73 159 90 35 145 85 160 136 192 69 111 137 105 30 14 73 135 37 122 
87 68 184 77 1 43 114 2 100 42 155 60 96 78 31 42 101 54 97 17 1 52 38 108 8 172 25 116 171 7 141 84 157 173 186 147 116 144 21 114 137 27 76 197 100 31 36 153 158 90 191 149 5 106 154 60 95 73 59 10 105 53 72 41 143 178 100 116 84 125 47 186 193 172 173 11 123 176 89 181 184 180 135 156 26 131 138 120 23 20 128 43 132 89 61 111 126 41 129 11 73 147 118 5 12 97 13 66 108 15 38 116 69 78 46 73 59 160 61 165 36 110 9 86 120 
93 157 60 147 155 58 137 15 145 83 35 170 158 70 136 153 8 178 192 111 45 197 72 73 190 31 41 120 78 128 61 169 52 147 109 69 29 65 147 125 51 138 113 183 130 39 118 69 4 92 156 95 120 45 165 41 147 175 115 71 54 119 184 181 129 98 95 92 57 154 6 9 103 52 38 123 98 87 146 76 84 98 185 36 33 6 168 157 154 86 4 139 165 65 43 6 81 25 7 21 66 58 63 52 5 12 25 120 77 188 170 190 7 66 173 88 190 1 11 199 58 151 184 25 90 
181 19 1 142 48 74 164 4 64 87 19 188 86 79 41 35 6 11 50 177 42 108 140 15 26 197 52 117 44 158 45 188 16 125 44 188 162 97 68 90 158 95 12 137 94 117 15 36 35 136 114 196 156 179 165 3 199 21 101 129 174 127 83 173 170 3 6 165 153 196 62 95 123 12 69 144 67 95 92 3 4 84 43 96 80 116 157 28 191 59 59 89 51 189 112 114 182 62 89 167 73 92 107 142 28 148 148 80 37 175 81 120 47 128 21 122 160 123 196 198 132 188 109 68 179 
62 15 128 75 145 83 153 60 80 105 48 44 79 10 83 122 161 157 120 137 119 119 116 7 107 58 93 173 169 16 22 108 31 23 51 185 178 186 164 19 77 58 105 75 130 140 152 198 149 125 25 68 130 108 162 23 100 55 41 143 178 138 101 34 96 108 13 142 13 1 23 134 174 158 168 37 56 52 134 74 105 94 3 1 162 149 152 119 128 195 158 25 163 2 21 58 111 37 64 113 180 41 99 168 71 183 108 169 30 182 28 163 62 97 190 67 200 185 178 112 195 190 39 106 124 
127 12 40 122 46 10 171 158 109 183 83 87 176 111 41 200 31 33 166 3 93 46 18 184 128 68 177 16 191 171 63 37 176 79 6 180 58 66 166 90 195 27 194 7 4 141 151 185 28 153 153 62 36 146 84 63 90 16 65 185 47 19 180 51 21 198 96 194 195 129 61 131 10 29 5 42 109 150 108 37 165 153 129 109 62 155 149 139 142 64 110 134 87 175 45 79 89 64 121 23 5 5 24 145 103 168 62 64 109 185 8 144 30 99 17 26 134 82 78 96 193 92 124 19 134 
39 59 72 96 52 100 130 114 14 134 185 127 184 134 171 32 183 178 161 14 19 73 115 17 130 111 34 2 133 97 64 1 101 109 21 159 194 196 174 127 52 99 10 97 39 42 31 73 33 59 192 51 108 73 67 132 61 22 149 43 13 115 150 118 190 185 132 7 142 113 43 1 196 149 114 151 61 192 197 138 181 10 194 83 35 61 162 4 157 20 38 61 12 155 20 119 154 48 155 169 145 67 135 96 110 164 35 119 93 45 84 194 104 41 121 139 143 134 75 139 116 43 146 37 112 
46 185 139 105 150 119 195 18 105 87 18 194 155 93 193 73 138 138 188 137 158 5 126 76 162 124 13 125 28 166 119 70 27 193 26 139 84 16 92 66 145 4 122 116 163 159 9 160 199 70 62 30 54 173 147 168 58 69 138 58 42 197 76 17 107 99 167 24 61 36 20 70 143 18 136 160 51 198 199 80 118 190 162 157 121 49 26 76 38 172 145 40 151 132 82 185 124 76 134 136 160 153 149 7 40 115 22 60 84 199 116 28 60 83 169 125 11 31 72 22 22 55 92 111 23 
82 114 178 164 41 22 92 178 5 54 91 127 68 187 156 53 19 113 193 141 162 5 1 7 62 135 37 131 55 183 171 46 35 199 42 168 29 198 198 24 119 113 43 71 165 127 94 133 41 28 8 117 89 83 47 127 155 54 48 99 195 19 192 141 162 185 66 60 51 124 88 39 197 186 68 85 171 113 153 126 29 98 136 124 186 92 126 78 148 100 36 84 134 80 144 153 169 20 28 1 78 166 119 47 139 64 191 182 61 199 178 127 197 27 60 142 23 134 119 110 29 1 144 180 176 
24 175 20 125 181 93 153 119 194 58 32 79 89 198 54 63 32 23 173 23 153 96 190 182 184 6 63 182 28 95 80 43 15 131 182 22 147 198 91 24 40 165 143 102 194 114 1 156 2 182 11 49 68 97 173 154 82 181 77 35 163 176 80 96 178 151 119 161 147 2 24 118 115 4 68 143 169 87 151 188 147 186 128 66 161 40 99 149 92 133 8 74 3 120 156 128 71 99 175 3 47 50 10 34 111 10 174 170 49 20 53 31 55 179 18 195 105 81 91 104 69 93 183 116 183 
49 39 84 120 4 140 102 7 162 54 136 167 125 76 136 111 186 149 60 67 175 126 101 107 87 134 112 193 174 94 48 146 181 198 22 95 104 146 66 22 125 191 3 9 140 41 15 30 69 118 108 31 113 196 66 152 147 155 199 69 133 18 58 49 192 77 198 18 172 76 114 138 17 182 27 106 99 181 64 162 106 46 102 125 158 177 137 102 87 7 28 22 5 145 106 71 55 99 105 23 181 141 149 14 54 157 135 54 74 95 94 71 161 24 30 193 161 119 156 135 14 149 18 47 22 
112 188 91 179 18 74 186 143 113 135 163 106 192 37 89 29 21 189 67 129 103 5 86 141 90 102 22 190 187 16 181 6 106 177 10 25 147 41 34 150 138 157 97 34 104 191 137 114 14 4 47 59 18 148 6 36 86 7 34 140 145 145 129 75 38 103 116 150 109 82 119 101 40 1 170 177 94 199 164 200 159 142 71 15 171 142 55 101 58 22 100 180 65 13 187 58 101 168 193 68 121 34 176 151 175 172 133 167 69 51 117 16 21 94 75 133 165 82 89 170 51 70 19 175 69 
108 177 61 180 75 14 121 29 131 113 70 170 116 157 114 28 154 52 155 77 122 22 122 151 172 125 31 101 2 178 61 7 135 112 20 28 22 85 42 172 119 166 186 97 84 23 192 151 32 186 115 56 27 36 28 128 25 78 192 53 118 65 67 35 62 9 170 74 47 36 144 199 65 75 155 46 55 154 4 112 72 177 74 144 195 179 62 172 154 26 118 22 179 34 28 151 196 176 67 160 85 57 67 179 129 183 48 76 167 170 145 94 105 58 166 12 44 156 104 31 122 189 82 184 93 
38 195 47 192 51 139 150 66 179 197 28 151 154 16 110 153 107 179 56 38 13 19 200 115 1 138 89 102 125 78 195 107 48 137 149 79 90 48 100 37 187 10 162 5 78 126 37 1 69 14 70 145 123 123 94 116 96 135 125 142 15 84 192 132 92 122 83 15 112 131 30 132 134 34 42 4 60 196 137 66 37 189 8 69 137 174 144 196 108 88 152 6 172 165 109 145 135 53 156 188 149 166 88 93 51 58 162 106 91 14 25 21 137 100 174 3 167 197 193 40 48 176 85 52 149 
49 29 46 16 72 153 90 114 27 120 166 133 19 196 57 73 165 113 101 160 104 78 2 156 108 3 83 85 146 43 102 161 159 188 9 52 11 97 8 63 38 60 178 78 83 63 193 111 133 116 173 70 55 80 61 82 149 156 53 108 5 37 190 91 68 193 96 51 85 135 104 112 23 107 12 75 70 10 194 59 53 90 183 61 8 63 187 60 109 186 185 48 198 107 17 76 170 39 102 124 70 113 66 196 142 112 178 150 133 154 68 128 182 92 158 167 197 95 77 169 106 133 120 104 9 
125 188 150 71 6 115 197 174 46 146 144 131 30 174 66 89 12 168 42 90 57 75 98 29 177 135 13 190 78 62 42 1 172 24 47 60 126 127 197 140 66 159 128 73 156 91 8 108 150 115 154 17 34 92 143 47 61 95 138 197 181 37 43 71 68 142 83 88 177 101 97 13 11 159 19 77 132 162 12 78 41 5 34 45 111 129 94 92 94 97 156 196 120 54 53 145 39 32 182 198 165 155 118 106 66 59 134 101 59 163 77 53 37 65 111 166 52 85 173 60 68 5 188 114 199 
125 187 153 184 56 113 166 184 161 170 74 141 177 146 111 68 165 109 28 174 117 186 57 100 63 145 180 163 87 196 151 130 11 52 89 47 57 86 87 101 53 45 151 18 186 172 186 69 159 143 92 41 94 22 77 169 131 122 196 11 90 123 112 155 76 55 141 61 55 151 134 166 94 161 181 135 85 154 119 167 158 33 32 159 69 96 37 28 53 75 47 147 70 156 154 18 22 114 11 135 98 132 10 136 33 1 118 87 183 168 52 65 25 99 136 103 107 132 121 24 153 39 32 102 140 
128 22 73 88 171 122 12 49 28 154 19 170 68 187 92 31 127 59 128 171 116 169 163 154 41 41 67 163 183 1 140 166 189 18 183 94 15 170 47 135 167 189 171 48 73 77 78 34 55 119 189 171 123 59 200 91 117 150 123 175 135 150 30 157 170 155 9 134 182 144 46 39 174 39 77 31 15 133 133 185 143 190 4 168 9 170 147 84 37 87 192 58 178 157 188 39 120 179 70 84 33 74 116 49 97 151 83 114 128 9 170 30 147 34 178 176 151 150 61 109 104 177 40 54 69 
40 28 147 114 6 140 60 90 67 106 64 22 84 152 134 173 116 151 69 116 36 117 123 23 45 41 52 151 150 112 9 182 17 125 133 164 95 72 55 41 155 199 117 62 130 4 187 103 190 102 92 22 123 61 16 120 1 8 46 98 200 110 96 155 44 13 95 102 171 69 86 188 170 143 21 168 22 198 40 167 5 24 140 153 39 19 168 6 187 183 40 54 100 118 11 108 46 9 173 94 47 154 87 131 75 33 179 137 92 7 148 21 1 166 118 148 132 184 163 181 9 3 140 83 179 
185 60 72 28 197 97 154 123 110 69 197 115 127 170 90 173 183 118 21 33 66 160 14 124 143 146 99 10 12 34 97 77 6 49 138 142 158 35 25 126 66 171 162 179 101 151 5 41 161 19 154 33 101 172 127 9 170 183 64 190 180 60 21 140 125 121 9 124 48 160 197 102 46 37 45 3 42 200 116 44 16 198 96 110 53 56 169 167 149 198 28 193 198 89 147 85 183 138 113 92 43 32 39 15 123 6 109 132 66 152 144 186 163 96 118 68 47 177 15 136 32 171 174 134 42 
82 134 23 45 179 99 194 85 17 143 176 189 44 3 16 107 97 94 6 129 21 70 69 51 101 88 188 43 110 178 184 96 59 50 152 152 138 38 195 95 88 85 151 61 7 105 36 197 161 190 107 75 196 25 110 163 98 196 106 56 33 199 18 71 157 181 136 37 108 189 183 137 192 197 122 60 35 12 83 99 138 156 187 35 153 11 61 50 153 140 146 187 87 102 125 150 176 190 11 60 32 150 112 95 99 7 75 57 56 8 50 143 53 25 72 159 74 157 131 37 147 83 174 110 171 
25 121 194 138 161 173 118 41 129 106 141 5 175 59 127 49 44 26 142 144 89 165 156 49 185 63 76 118 68 61 122 73 145 164 30 181 30 132 101 159 13 80 130 63 107 155 149 198 13 30 67 7 66 124 63 149 192 31 105 117 166 98 133 77 162 34 13 117 150 17 180 120 33 182 98 41 167 161 67 12 168 120 112 40 3 25 21 126 17 127 66 167 106 3 111 87 157 12 29 164 144 87 75 185 195 37 123 158 8 93 32 34 123 95 120 14 179 60 200 32 88 156 133 54 18 
84 172 56 191 167 187 119 28 113 69 155 184 128 124 169 78 72 75 61 9 76 51 108 50 102 147 124 174 195 118 166 33 57 166 168 121 114 29 61 96 98 101 52 2 89 6 56 125 188 60 2 94 41 180 105 119 50 152 73 71 76 10 101 187 6 147 72 167 161 137 120 141 84 55 92 174 50 151 124 199 194 42 43 152 7 39 193 89 113 49 155 152 197 116 35 102 195 171 152 195 50 41 113 96 32 39 11 96 114 1 3 15 119 37 88 58 3 147 171 83 97 176 14 197 170 
37 11 133 155 77 194 172 140 189 38 111 26 94 43 68 133 176 101 26 81 40 148 104 132 87 163 165 58 1 173 87 39 137 8 30 53 45 90 155 162 175 31 74 160 15 37 114 84 16 114 90 5 123 80 128 191 6 41 171 132 142 61 82 93 105 93 174 4 129 80 153 99 166 53 133 127 192 165 8 198 164 42 135 44 6 20 144 21 111 100 170 49 160 64 4 147 154 11 159 66 41 114 122 174 32 156 67 14 5 60 59 83 5 176 95 54 7 126 131 76 81 41 46 27 4 
40 75 9 55 185 131 102 103 33 118 32 99 106 139 126 87 189 43 45 109 69 97 49 61 86 44 2 194 5 120 200 99 193 158 43 182 177 88 179 149 50 53 42 197 148 28 69 166 11 177 93 70 120 171 191 39 121 59 3 95 59 76 168 53 112 94 25 26 195 100 53 150 41 188 161 166 10 119 154 82 22 74 180 66 30 131 34 76 44 135 165 107 106 145 20 156 82 44 156 62 182 96 159 120 44 85 92 66 188 69 154 144 99 194 170 55 35 23 150 159 36 118 179 41 61 
73 58 84 198 185 33 133 36 165 146 93 92 43 107 78 68 128 85 13 23 60 3 86 60 78 152 37 52 107 151 3 198 156 81 33 90 65 48 61 34 118 124 21 145 200 24 56 50 33 84 184 121 115 194 199 74 9 59 197 173 11 182 29 117 45 141 36 34 75 101 12 57 154 114 76 74 115 42 170 200 22 121 91 112 148 150 127 7 66 116 124 141 66 167 24 32 29 108 35 90 144 164 100 28 200 169 12 146 37 127 162 52 187 197 32 12 184 93 157 2 66 134 91 1 182 
96 115 34 13 84 62 3 128 200 143 125 74 19 132 88 96 28 137 193 25 69 116 80 143 66 27 75 60 176 157 44 155 155 149 184 125 158 147 119 200 4 161 70 40 124 187 135 53 180 11 36 102 138 68 14 150 179 149 161 100 104 43 30 81 148 200 76 167 65 21 163 53 190 128 14 100 151 9 90 78 140 54 62 73 123 170 21 84 118 170 147 79 123 56 68 80 29 107 21 64 146 107 120 199 79 93 92 196 16 197 132 135 46 192 163 200 69 33 25 28 169 148 1 167 100 
59 65 44 154 132 81 193 13 22 145 179 40 112 172 74 51 128 8 10 124 144 177 106 123 18 181 72 22 12 20 199 40 101 33 122 9 135 49 66 198 46 103 194 187 182 34 101 89 20 76 22 4 108 60 95 138 115 156 72 50 39 109 179 30 133 130 25 108 32 127 114 83 109 121 163 8 135 191 197 100 23 102 73 180 58 111 151 8 190 3 106 80 12 17 168 127 71 144 46 173 55 127 11 71 143 103 171 139 133 106 196 62 176 75 51 80 17 112 120 50 152 158 183 159 59 
101 190 18 95 10 7 141 82 19 41 163 51 99 55 60 27 67 9 100 192 189 113 74 121 77 145 103 25 83 189 111 30 193 39 45 35 129 184 60 155 85 158 107 69 97 93 138 43 185 167 42 48 84 43 101 10 170 151 166 180 17 129 173 27 10 23 139 199 195 171 194 8 48 119 27 12 131 92 149 47 193 96 104 151 98 128 97 98 117 175 170 37 95 19 30 179 189 197 29 118 66 67 190 192 173 141 31 27 61 106 142 84 159 195 32 142 68 111 77 190 178 40 103 25 75 
96 176 90 6 79 150 135 182 107 114 123 65 197 19 135 162 165 62 94 26 64 133 28 137 163 97 98 131 80 155 117 99 196 29 28 188 143 25 96 58 165 111 199 132 16 140 127 86 64 30 101 131 91 71 142 93 138 23 160 1 131 43 156 63 52 75 37 168 58 15 50 47 137 58 87 143 15 125 127 22 57 152 37 89 13 177 25 99 142 188 99 65 41 87 97 130 75 195 72 90 87 125 172 198 104 95 37 104 33 122 36 187 46 182 163 20 54 98 141 123 173 170 188 143 90 
179 10 134 126 23 41 7 158 98 100 129 102 172 155 59 57 161 78 135 76 154 134 135 71 164 2 112 160 33 136 135 70 38 189 81 180 107 101 173 65 30 80 88 48 140 85 151 145 73 56 6 103 72 176 142 18 178 163 37 98 32 3 159 164 27 177 180 88 87 34 171 44 125 145 193 191 63 14 22 11 18 160 121 2 138 93 55 200 138 200 163 44 45 41 138 189 134 196 29 80 122 79 153 123 144 8 188 191 115 97 181 2 127 61 143 150 119 156 187 176 59 90 58 77 128 
176 45 166 27 33 106 32 103 48 91 1 95 157 111 137 26 65 15 62 158 136 87 13 33 106 170 61 19 115 115 104 35 122 52 14 62 47 114 28 164 143 168 17 122 49 71 154 144 190 120 4 84 132 12 36 96 113 124 11 137 142 33 143 141 185 38 7 40 133 46 23 169 101 154 12 74 72 194 57 192 41 58 130 195 160 150 190 38 61 62 12 73 41 195 91 145 13 173 14 14 13 77 63 85 13 61 51 13 97 180 25 133 5 40 181 61 168 172 61 55 168 5 14 27 177 
181 145 125 47 177 185 118 177 37 108 49 42 98 89 192 34 135 83 7 184 155 140 13 21 121 76 191 112 94 64 163 106 112 79 60 196 53 35 118 31 51 145 151 136 129 171 62 83 81 81 26 6 46 103 195 112 150 89 200 157 156 34 166 126 14 76 85 104 97 197 194 2 46 130 20 147 47 94 28 116 7 134 3 153 194 114 124 186 59 38 16 148 199 73 45 6 133 120 112 135 32 164 61 172 142 181 102 12 37 177 75 127 52 111 108 134 78 39 80 187 117 38 187 196 180 
84 104 28 130 8 101 180 178 81 159 142 92 196 139 123 1 59 44 91 7 113 118 44 77 89 19 168 13 135 158 56 121 65 171 78 147 50 101 22 199 31 194 54 93 189 3 159 37 151 138 70 19 88 3 92 3 138 122 196 61 128 130 178 139 181 68 137 42 196 65 189 138 29 173 59 50 153 32 15 126 178 11 157 12 117 167 100 156 143 87 70 175 110 131 83 110 81 100 44 36 12 110 130 108 172 174 168 46 62 119 182 84 84 60 133 11 107 66 65 109 88 134 87 119 42 
101 84 156 186 180 175 4 43 13 84 48 8 13 22 93 177 40 16 55 3 30 145 159 156 43 110 103 84 130 105 97 2 94 64 139 94 148 199 143 185 191 11 123 114 155 116 35 114 19 191 142 68 103 118 198 69 182 190 199 88 183 34 141 154 197 183 172 164 189 11 123 168 40 105 155 162 24 105 42 18 181 3 111 136 153 16 134 95 13 40 191 91 108 99 188 29 138 173 183 51 30 16 148 124 22 95 191 120 114 82 172 196 64 83 137 178 87 140 124 27 155 56 5 101 93 
13 29 106 8 2 50 18 23 164 21 15 81 104 157 71 109 38 188 122 109 185 4 30 71 81 10 150 109 110 112 178 172 180 123 143 103 16 21 135 104 41 146 14 69 166 51 143 41 186 197 106 135 174 175 189 176 96 161 25 6 173 160 102 162 15 140 1 151 90 126 72 124 55 108 151 48 99 155 159 48 141 72 135 46 83 108 127 103 167 26 73 57 195 3 131 121 109 62 38 138 143 143 114 7 113 84 174 131 25 43 127 180 16 120 186 45 4 106 74 20 148 9 134 142 97 
41 28 88 71 186 108 80 116 125 58 125 47 41 185 143 76 157 102 166 91 103 35 21 127 31 169 25 134 181 17 94 12 121 145 107 16 189 22 33 93 36 115 50 21 30 50 34 135 182 11 22 67 162 172 10 110 157 88 5 108 10 44 117 129 80 37 147 23 19 2 25 18 50 181 184 168 45 71 180 160 38 146 25 38 6 103 191 123 29 10 47 136 149 67 194 126 173 198 167 48 128 149 162 168 105 8 164 128 163 132 101 88 121 178 12 166 68 100 183 153 145 99 147 151 143 
198 187 172 86 84 74 134 160 192 174 122 4 65 97 5 125 4 118 197 124 103 148 85 128 166 138 92 58 10 90 44 82 73 54 101 94 9 112 142 97 194 7 5 45 136 29 28 91 122 117 108 85 95 179 98 114 52 62 41 46 173 149 157 122 94 97 65 89 130 193 5 33 12 136 199 97 111 158 56 109 144 23 195 126 115 169 1 162 102 143 155 22 159 32 62 171 195 195 67 164 158 59 168 121 196 14 90 88 142 186 80 162 42 57 187 175 13 196 5 159 32 130 120 11 124 
21 146 132 153 52 21 172 196 67 141 172 153 7 33 72 151 85 124 166 52 92 167 13 140 139 63 97 189 44 62 37 59 116 32 155 159 81 192 12 146 40 41 166 159 73 183 148 134 174 35 92 139 70 117 18 176 7 121 27 93 82 11 190 61 45 78 58 77 9 184 35 59 165 38 153 87 14 156 103 144 69 88 91 145 173 103 125 55 8 52 123 37 161 117 194 159 15 59 24 196 149 173 191 197 193 129 119 151 120 134 73 92 176 122 194 116 22 180 193 54 95 36 52 151 180 
56 148 49 40 114 17 160 153 140 81 169 170 173 178 153 26 51 25 81 145 46 130 87 40 142 155 26 200 200 165 55 86 154 193 198 58 45 85 114 21 3 90 97 123 59 77 57 133 33 87 22 125 88 121 19 174 164 104 56 6 162 82 139 172 59 92 165 77 70 126 67 119 166 126 196 148 182 36 168 32 105 28 159 55 58 151 58 61 76 143 32 80 197 127 184 51 191 174 140 42 38 156 95 182 176 145 158 160 183 200 64 4 128 100 143 11 47 18 17 51 133 196 165 167 149 
97 79 176 189 164 22 79 119 112 118 156 102 64 178 16 180 39 148 149 44 13 72 123 83 34 188 84 176 177 180 189 150 65 61 24 125 153 125 55 162 53 150 179 119 75 42 188 142 5 20 56 185 83 132 186 152 117 75 200 61 200 87 111 139 150 61 147 39 45 52 9 133 62 7 15 56 168 120 131 88 165 43 97 6 83 168 9 75 185 101 30 96 133 81 153 171 80 83 161 120 153 41 99 98 61 47 56 12 125 175 86 133 151 87 174 125 182 155 167 35 185 110 1 150 1 
92 136 106 9 194 80 61 145 105 44 125 138 36 23 112 146 109 29 124 35 43 135 121 96 173 3 180 105 155 105 71 91 72 152 99 104 12 70 98 50 139 138 169 79 200 77 40 39 40 194 195 181 96 188 195 88 83 12 154 3 102 187 158 155 41 182 35 132 110 7 188 117 155 61 79 50 93 119 84 190 26 160 198 13 59 89 148 118 45 4 38 115 13 172 140 193 188 57 54 175 144 12 7 82 11 113 40 40 19 42 175 13 45 182 25 44 145 67 114 140 54 113 115 194 134 
184 35 36 144 66 41 192 120 136 7 14 45 117 195 128 192 6 122 129 137 68 131 116 69 85 16 113 29 172 3 147 89 182 121 169 169 16 190 174 175 153 194 15 36 33 88 158 160 184 42 200 144 15 116 66 85 159 62 122 166 106 31 41 122 107 192 182 111 39 71 24 34 39 154 29 116 101 117 27 68 133 87 67 98 41 87 94 170 76 46 136 196 95 30 105 157 26 42 133 167 13 53 190 60 148 2 53 91 146 193 189 9 149 193 85 179 28 118 93 83 181 144 186 190 142 
97 124 161 146 56 196 108 124 163 79 111 129 141 57 55 126 30 40 188 59 95 147 155 113 47 48 87 183 191 56 35 199 121 99 63 157 93 100 78 138 39 12 7 53 147 167 52 55 33 166 111 165 188 31 96 139 140 147 54 119 58 189 76 152 55 63 26 38 167 80 29 97 101 11 128 47 58 136 145 152 87 78 133 90 23 48 32 160 114 134 10 20 47 61 63 162 72 130 159 19 132 28 27 10 173 39 10 46 41 187 85 76 143 176 140 149 13 121 181 164 85 170 37 173 82 
123 141 192 84 90 121 47 115 92 114 151 40 194 25 130 155 59 29 161 7 183 4 100 74 6 57 30 115 75 84 10 72 149 187 122 129 80 171 151 12 132 167 13 164 151 116 68 61 126 97 106 65 24 68 84 145 24 152 17 11 17 30 22 3 66 129 111 103 27 145 30 178 93 41 124 25 126 188 110 151 100 130 50 57 69 133 192 126 113 113 67 2 162 144 129 107 103 11 188 62 187 165 76 8 4 32 189 173 192 58 80 194 111 57 175 109 143 179 102 144 15 36 50 94 28 
127 122 112 54 45 87 88 131 90 101 24 156 2 33 10 71 184 110 16 141 129 121 191 136 7 150 147 120 3 189 70 61 196 188 89 12 62 114 96 106 46 177 106 153 71 93 95 30 105 169 39 76 23 150 93 20 62 36 150 110 23 107 119 199 73 168 32 170 78 28 198 12 200 147 121 166 180 57 194 90 149 104 138 102 158 148 144 104 32 117 62 87 174 6 129 84 101 61 174 3 123 64 2 32 153 164 146 138 119 120 178 144 15 123 139 182 141 149 47 64 181 189 142 5 146 
197 42 42 183 162 26 152 55 130 48 47 186 89 82 33 28 30 126 102 93 19 43 115 197 176 23 41 186 111 198 43 118 78 151 167 180 169 173 19 143 112 114 20 12 52 16 64 42 145 135 153 28 182 182 45 61 168 105 34 142 107 61 79 177 28 78 178 45 45 176 173 191 132 116 69 49 28 104 156 147 84 45 148 189 54 122 170 22 84 103 160 173 91 103 68 55 108 17 159 150 95 56 53 130 53 183 134 179 197 189 125 2 85 195 91 98 58 153 197 151 32 29 123 16 134 
186 125 137 56 99 183 175 10 120 113 94 90 120 102 111 124 58 161 54 126 107 126 108 98 198 179 157 129 22 6 43 5 169 100 1 183 142 118 12 193 100 128 36 119 113 195 100 48 46 93 176 141 183 69 78 113 33 154 143 194 25 197 102 143 66 11 147 182 37 114 180 83 20 95 39 111 14 62 74 31 138 85 185 61 46 41 136 174 52 29 68 39 99 18 134 194 57 146 197 130 173 77 9 111 188 176 109 87 194 74 85 78 194 175 75 31 168 142 177 168 198 16 155 144 150 
