75 2
0
1
1 51 80 211
2 226 35 296
3 255 87 951
4 287 30 287
5 352 117 820
6 692 186 320
7 721 86 1065
8 786 71 1354
9 794 135 1334
10 1442 26 1598
11 1565 13 1669
12 1691 83 1691
13 1847 152 1543
14 1879 133 2411
15 1943 11 2009
16 2127 149 3319
17 2159 20 2239
18 2370 76 2370
19 2490 15 2490
20 2596 67 2462
21 2627 90 2447
22 2645 118 3117
23 2694 127 2440
24 2751 154 3059
25 2777 41 3105
26 3052 151 3958
27 3094 11 3072
28 3115 21 3157
29 3171 86 2999
30 3272 19 3234
31 3275 151 3879
32 3304 151 3908
33 3515 197 4697
34 3569 51 3875
35 3733 83 4231
36 3873 86 4045
37 4062 142 3778
38 4356 200 4356
39 4397 35 4607
40 4462 80 4782
41 4619 66 5015
42 4736 47 4924
43 4741 188 5493
44 4831 54 4723
45 4903 80 4743
46 5184 166 5184
47 5703 161 5381
48 5864 92 6416
49 5875 193 6647
50 5937 30 5877
51 5956 83 5790
52 6297 75 6597
53 6667 58 6551
54 6678 119 6678
55 6769 75 7219
56 6898 31 6836
57 6958 26 7114
58 7083 99 7281
59 7151 97 7927
60 7163 7 7163
61 7415 1 7417
62 7647 130 7647
63 7719 1 7725
64 7779 41 8025
65 8227 19 8379
66 8401 133 9199
67 8856 113 9308
68 8862 194 9638
69 9065 23 9203
70 9089 133 9621
71 9818 136 10362
72 9963 144 9963
73 9967 170 10307
74 10281 123 10035
75 10371 29 10603
169 66 169 163 199 74 143 75 171 42 95 80 180 36 194 117 125 106 156 20 95 17 183 140 182 10 130 168 193 71 150 129 81 111 158 42 31 2 114 72 53 91 181 105 24 128 30 53 197 59 92 139 23 61 176 122 112 13 32 23 3 168 56 20 130 113 84 172 139 51 198 47 46 178 4 
174 140 100 144 23 136 120 135 164 86 132 175 114 182 13 83 158 47 156 143 109 160 111 169 141 102 182 95 168 63 26 184 146 84 3 92 40 121 55 168 90 35 72 180 197 44 48 173 173 180 6 28 180 143 159 38 8 123 42 16 92 173 38 140 64 165 44 96 31 27 197 41 10 61 50 
189 157 60 43 94 200 156 142 167 68 164 163 17 189 176 32 123 87 129 117 2 164 13 54 162 79 157 135 59 62 78 157 186 69 166 48 25 163 13 178 122 130 21 109 185 42 174 184 95 93 73 20 80 159 116 35 116 133 68 192 53 167 76 113 65 58 147 20 63 105 23 84 77 15 18 
154 67 41 87 91 26 170 157 93 96 71 153 172 59 10 36 51 176 124 134 159 181 24 144 131 89 78 117 94 197 123 16 100 154 188 184 147 54 95 117 80 136 87 173 200 12 125 40 42 144 133 80 168 93 187 13 177 185 161 170 44 122 170 21 69 131 47 200 1 80 9 32 92 18 122 
24 162 89 54 80 38 177 186 82 13 42 125 77 147 109 55 166 180 75 145 101 77 165 4 15 108 153 110 156 18 152 64 130 131 46 162 158 56 193 126 95 104 44 198 18 98 149 136 140 60 83 55 50 129 32 153 179 136 31 108 172 84 130 117 27 151 122 31 124 22 37 124 182 81 196 
57 64 179 117 42 185 136 28 143 200 42 68 153 157 8 96 132 181 154 165 146 178 45 169 156 184 174 23 17 65 68 60 17 104 21 6 41 17 105 15 42 46 136 144 61 31 133 34 147 143 40 85 150 67 22 184 179 192 116 179 47 19 114 162 83 123 156 100 182 86 157 86 196 109 143 
146 153 103 151 60 18 128 110 38 41 66 18 86 128 161 16 44 12 27 44 194 87 108 63 121 148 129 82 184 32 128 78 134 179 105 58 27 174 54 177 146 124 177 176 174 155 166 53 178 134 44 137 88 66 27 133 78 88 56 125 106 76 9 159 3 149 35 10 143 100 182 35 55 198 109 
149 195 179 45 2 171 33 160 186 131 20 119 117 11 26 14 17 126 32 186 114 12 59 167 117 47 180 67 154 108 79 29 162 102 12 150 131 4 82 187 148 6 133 25 17 20 175 65 48 180 106 150 118 4 3 53 24 44 190 135 54 63 123 134 93 183 48 191 190 148 96 15 154 191 32 
24 46 3 55 137 22 154 155 169 15 123 96 25 80 117 89 114 198 26 147 51 164 147 142 147 176 136 154 77 63 9 6 155 181 48 3 146 94 106 48 132 52 31 33 188 120 129 22 14 195 155 181 127 56 127 4 16 84 114 96 103 32 45 160 81 192 86 138 84 191 92 159 71 58 135 
77 119 96 133 74 25 165 109 106 164 111 30 100 21 138 92 56 24 197 32 81 94 53 55 186 70 174 129 97 93 103 102 12 53 127 30 69 110 100 164 154 81 97 64 100 94 102 174 154 170 110 7 12 89 22 157 20 1 50 127 119 185 182 20 73 188 8 76 101 96 124 173 126 108 18 
153 86 65 69 96 74 116 141 67 158 197 146 167 26 155 109 101 61 66 188 155 139 47 174 5 137 106 160 72 175 181 122 99 156 32 99 61 168 105 13 179 92 61 117 133 56 189 130 184 104 20 93 109 114 185 168 163 183 198 22 56 60 147 171 5 124 43 18 147 75 94 52 64 109 16 
131 39 20 104 148 58 178 59 162 113 50 39 30 95 179 170 196 30 192 122 58 57 165 158 171 11 135 29 195 40 17 160 3 46 163 9 26 36 171 109 36 108 72 114 157 83 123 102 64 65 111 100 75 151 101 82 77 31 57 3 180 186 156 93 4 23 65 172 137 60 56 192 80 9 43 
97 8 128 14 79 195 77 112 78 154 74 39 170 52 151 44 140 7 6 127 85 142 56 197 176 130 50 92 143 133 163 84 59 121 118 136 139 69 16 160 186 5 168 146 56 13 15 123 58 141 101 1 174 131 63 167 180 20 21 194 103 102 190 136 66 80 51 115 111 81 159 64 155 152 183 
11 51 42 34 160 32 188 195 76 119 28 108 105 74 99 46 44 73 70 165 121 67 4 138 88 69 112 111 47 79 51 18 157 9 30 196 142 162 74 158 99 39 164 121 52 71 67 31 106 94 98 20 59 37 137 132 188 103 143 2 94 85 14 170 77 191 177 34 3 90 112 155 139 138 17 
79 160 186 136 84 178 105 185 118 141 132 60 87 82 2 43 33 143 172 49 196 94 10 87 107 154 26 46 5 86 185 152 90 116 3 122 58 51 109 118 56 86 18 26 60 67 182 3 165 95 183 92 138 148 149 58 121 91 51 77 70 127 100 190 145 104 170 103 29 11 4 56 41 94 22 
178 25 58 126 83 50 114 19 56 67 66 151 139 11 194 141 126 105 71 163 177 187 137 33 68 174 126 195 158 115 55 87 100 173 76 115 6 163 109 96 162 24 59 167 163 156 152 61 199 64 16 63 82 71 143 29 190 158 141 88 63 94 29 56 165 111 139 161 104 32 155 181 156 17 48 
148 115 61 59 43 65 115 120 145 149 63 92 73 36 25 79 179 170 72 143 180 109 171 189 122 116 56 118 12 17 86 26 161 199 16 127 3 193 11 45 74 70 25 176 28 74 44 70 121 17 73 44 10 10 25 121 191 66 195 11 132 107 180 132 79 185 129 37 147 67 26 172 40 31 60 
141 41 152 10 123 78 13 122 20 167 15 191 62 66 184 177 182 64 129 187 184 1 72 53 193 45 99 119 161 65 97 178 49 6 159 170 156 85 61 38 116 86 96 36 129 70 12 37 114 78 120 198 114 58 87 32 195 187 5 174 132 163 80 104 83 169 37 76 40 48 14 88 22 50 20 
45 71 194 67 98 93 36 33 56 166 173 62 25 48 8 146 165 109 138 69 143 36 101 188 11 141 47 32 1 189 69 25 42 92 177 177 100 48 58 64 52 32 80 51 43 160 44 70 90 61 127 103 183 10 58 59 131 89 48 133 98 19 20 119 168 143 178 63 199 171 160 179 31 102 95 
117 138 136 199 163 143 146 174 141 62 191 96 122 70 43 130 57 177 5 134 61 135 45 125 183 160 185 153 148 38 44 184 40 89 10 104 170 64 103 102 190 4 127 62 152 198 175 171 163 150 170 15 79 3 13 182 52 120 26 200 39 30 78 154 67 157 121 10 160 150 26 9 160 19 29 
166 57 55 100 103 114 7 35 137 125 190 122 170 16 62 57 133 39 104 170 26 156 180 120 144 109 86 17 158 56 152 193 43 65 68 58 134 199 16 195 14 78 106 42 160 98 91 166 89 5 10 13 69 71 70 66 166 74 26 24 99 119 13 125 6 77 100 98 22 6 194 131 174 32 50 
93 131 127 75 28 157 141 44 103 41 135 144 49 7 73 65 86 50 9 165 21 141 153 10 125 105 73 15 187 72 86 108 1 75 187 126 161 66 83 196 191 23 85 133 116 68 172 9 11 143 180 57 77 184 25 161 108 24 134 81 16 111 93 150 74 119 135 57 159 143 86 104 145 107 12 
67 176 29 4 9 9 35 77 22 195 174 77 192 170 85 35 108 24 168 64 17 164 8 42 31 78 194 135 161 106 145 118 37 121 184 182 107 48 190 56 25 24 88 179 64 31 95 197 171 100 187 150 47 58 87 130 167 86 105 53 138 20 168 20 185 82 82 113 112 197 70 134 98 36 174 
49 29 85 190 96 199 187 124 66 13 199 37 192 11 157 148 49 86 121 4 33 30 58 6 5 7 120 40 13 67 110 45 128 65 167 24 191 195 3 46 58 157 165 88 176 137 125 45 76 28 68 182 33 115 12 91 32 33 82 192 143 33 49 51 176 13 42 38 127 8 137 54 188 15 124 
106 200 105 83 24 114 110 84 146 194 124 68 105 200 111 67 60 95 142 133 92 171 52 88 180 61 37 6 71 80 35 30 99 155 20 45 32 122 37 88 5 27 69 109 140 132 74 153 155 173 49 178 160 6 164 28 103 92 34 126 109 25 181 48 36 196 69 26 30 81 38 200 113 98 115 
119 142 99 160 150 39 180 131 144 154 107 135 33 186 154 96 146 6 129 167 172 14 190 126 146 152 159 17 57 182 195 158 93 88 3 91 31 111 174 23 32 136 87 160 102 31 182 154 147 78 59 192 88 18 90 175 8 139 148 86 78 61 122 8 34 188 13 99 111 6 54 103 174 46 41 
20 70 79 48 130 11 200 71 143 177 95 95 9 95 2 78 173 134 172 118 169 156 133 119 13 137 194 51 33 4 50 79 93 39 84 185 167 2 33 145 56 21 173 91 70 165 182 21 155 147 116 159 161 183 19 34 35 189 98 122 167 96 77 64 122 189 94 188 116 13 66 103 172 196 161 
118 52 172 130 151 18 137 189 136 2 77 165 167 103 109 158 156 91 57 191 127 157 190 70 174 88 72 137 192 131 180 126 57 49 160 199 86 144 164 185 152 68 168 106 89 10 31 164 86 126 48 78 5 133 83 61 77 59 80 44 200 123 159 51 43 89 21 166 50 76 40 19 148 129 75 
188 173 138 190 54 30 104 35 12 12 167 64 144 101 66 178 18 109 27 30 19 59 33 18 47 72 147 49 126 145 22 63 67 136 137 142 139 41 25 76 176 4 189 76 49 34 193 29 187 40 192 63 111 172 87 168 62 196 197 179 109 52 4 197 69 57 105 31 175 157 125 8 8 190 187 
7 94 180 129 37 172 104 3 197 51 136 63 76 77 122 177 144 27 136 1 162 116 176 64 114 169 88 31 81 26 184 145 89 41 197 57 26 179 81 176 96 104 198 105 55 90 54 52 150 156 41 162 160 177 166 85 126 166 15 125 32 89 185 166 90 54 57 3 78 4 175 132 182 31 111 
123 50 173 66 157 171 50 84 76 175 171 155 77 57 120 7 126 198 90 129 86 134 197 52 162 109 186 135 80 73 98 167 73 49 147 86 188 135 130 154 84 139 50 171 157 182 23 30 49 4 139 71 128 96 151 119 131 160 19 189 83 4 89 72 36 166 194 41 54 175 50 96 32 60 95 
21 12 90 165 199 116 88 65 132 32 33 84 59 52 100 16 142 46 40 137 178 120 53 51 155 145 109 90 52 156 93 127 53 48 105 68 180 65 96 157 23 81 38 65 20 40 185 200 116 165 92 86 109 58 125 34 128 180 37 20 120 170 182 130 172 193 28 8 169 108 113 161 129 172 29 
200 77 176 17 137 139 89 75 187 98 109 42 159 153 84 155 163 13 29 197 82 67 138 181 120 159 70 28 118 61 83 152 178 98 156 52 152 71 165 37 133 45 69 132 189 17 4 113 29 102 68 129 114 101 74 186 140 54 175 62 183 72 100 96 189 103 87 68 183 93 112 195 46 83 196 
102 53 23 69 191 112 158 153 189 14 31 184 55 145 75 168 33 190 27 192 98 119 73 60 140 152 197 26 136 81 183 149 87 40 43 37 134 101 197 7 79 93 90 150 196 188 189 155 135 2 72 112 62 47 116 4 47 131 151 188 133 49 111 106 83 28 67 87 117 171 25 77 143 91 95 
141 124 110 183 70 125 193 115 74 139 91 166 26 158 168 87 10 9 24 33 32 26 27 24 36 119 148 173 86 130 164 15 62 105 118 129 68 48 169 200 196 9 57 178 6 77 141 55 29 18 31 53 1 133 45 165 26 95 182 70 164 26 156 55 148 1 11 76 163 28 101 196 134 60 97 
39 129 146 73 166 145 84 67 96 64 131 186 118 113 90 193 116 21 23 94 26 31 94 45 108 143 25 135 12 182 78 85 13 120 53 28 131 47 68 99 76 59 132 157 136 39 11 134 36 85 156 119 14 2 93 150 131 189 57 28 148 188 79 1 92 125 6 10 182 195 41 107 24 89 64 
85 46 179 57 76 71 180 26 101 77 43 6 161 132 43 15 80 191 80 122 129 90 118 117 124 185 1 131 167 179 117 37 191 57 174 183 136 176 113 171 115 9 138 59 198 134 122 140 18 18 12 22 83 109 187 154 17 121 105 32 179 24 108 128 174 39 192 43 175 191 154 134 162 40 178 
102 41 78 84 190 93 154 110 97 168 147 193 122 71 66 83 36 123 14 10 147 86 40 160 43 110 101 188 142 113 109 165 122 54 50 10 188 166 13 109 137 1 30 164 68 150 170 81 1 161 29 39 183 118 124 128 151 41 56 69 72 82 193 74 99 2 104 38 111 184 166 98 135 24 7 
54 90 95 188 64 189 133 37 144 113 45 101 112 93 64 161 123 34 50 159 58 133 158 49 91 85 89 183 146 94 71 44 173 26 173 5 122 169 80 67 31 74 122 5 31 157 187 200 192 193 9 123 182 11 43 159 125 72 153 155 177 187 117 126 87 10 119 145 5 122 119 131 65 86 132 
48 57 120 86 94 17 158 79 119 90 81 103 194 105 88 139 175 195 6 74 121 102 175 135 78 39 62 104 87 139 72 117 173 112 144 82 69 121 14 119 57 26 11 90 52 77 186 32 132 60 149 97 153 129 64 170 166 100 192 70 191 56 170 115 36 182 76 81 136 77 153 115 49 27 180 
135 74 151 85 170 49 187 139 106 49 70 186 98 106 71 8 192 71 114 92 146 41 102 118 62 52 105 28 18 46 78 26 130 51 123 44 19 141 169 183 12 167 174 100 116 186 82 36 92 93 84 36 190 114 141 200 197 1 84 161 177 136 170 58 176 34 104 175 171 52 70 30 192 167 68 
87 152 147 119 145 53 105 149 179 70 198 100 7 3 132 152 105 177 5 122 6 24 161 146 89 139 172 91 7 112 87 63 130 141 42 111 158 68 44 107 169 193 37 3 75 102 181 60 94 42 140 184 132 130 18 55 127 66 92 73 32 56 182 176 73 88 4 158 194 81 14 147 50 58 69 
141 117 111 130 177 43 178 187 182 196 142 64 125 137 127 7 54 99 198 83 177 50 169 77 119 28 163 55 35 109 65 109 82 50 115 170 143 9 82 22 70 144 109 45 40 163 190 178 22 195 69 87 81 134 193 74 182 85 131 64 21 14 72 88 81 200 134 125 99 44 5 81 141 74 67 
126 25 163 47 171 113 177 190 62 155 80 197 152 92 104 25 173 154 159 16 185 15 34 119 160 45 41 16 43 79 184 41 159 120 32 50 118 143 41 195 43 162 76 40 192 110 31 21 190 102 106 180 188 45 21 200 37 92 43 79 48 168 167 93 124 83 84 97 116 65 8 77 41 144 115 
45 87 127 98 30 114 82 77 1 52 82 65 101 196 181 181 117 187 136 153 40 131 92 144 157 39 68 152 33 152 49 26 49 10 132 8 186 141 3 152 90 66 66 25 177 42 160 45 79 154 118 198 193 187 26 144 106 27 122 142 65 105 120 106 160 59 138 166 21 57 125 184 24 105 190 
48 15 54 113 121 73 20 124 40 156 72 59 110 107 159 39 18 136 151 115 196 72 32 34 148 172 43 14 27 102 173 169 24 176 200 102 50 108 65 66 165 127 119 196 157 2 27 127 121 58 88 85 45 153 87 167 22 166 86 99 66 144 37 45 35 39 106 123 21 16 9 102 197 46 180 
8 94 36 35 198 95 181 105 142 31 12 44 8 52 132 53 96 133 41 9 179 62 18 72 134 31 186 186 184 85 188 70 93 51 186 34 123 177 148 146 131 121 50 65 63 17 20 187 43 4 43 155 18 195 95 142 151 107 194 102 75 155 23 72 115 3 135 171 28 190 47 88 21 65 192 
113 93 39 166 28 42 121 150 118 113 21 41 56 129 58 98 42 169 29 144 172 125 88 168 30 2 56 20 197 122 171 69 128 152 155 86 26 48 5 166 175 87 22 117 98 167 59 87 101 160 122 3 35 1 64 127 126 119 53 124 66 175 130 163 18 71 166 94 166 40 98 68 110 163 178 
39 177 94 104 137 35 99 63 94 159 56 94 9 76 178 82 40 23 13 4 145 64 178 186 83 71 177 131 41 93 164 63 133 7 121 126 14 152 175 109 155 63 176 27 196 149 191 67 94 61 140 18 53 197 134 17 199 38 147 124 8 122 143 155 157 188 176 60 2 120 162 16 111 171 12 
162 148 158 164 152 179 117 147 43 50 8 104 115 181 147 17 111 72 123 25 165 2 105 198 91 198 50 182 79 80 5 175 153 174 63 134 79 14 126 151 40 121 9 3 25 38 13 15 92 35 150 105 14 147 133 187 76 131 70 72 143 143 93 127 21 88 183 140 1 8 10 48 29 54 131 
91 29 134 91 152 88 13 135 199 74 61 157 182 109 111 79 31 130 54 198 76 24 141 91 19 160 169 150 161 47 57 124 112 65 91 135 2 64 41 10 69 117 158 107 133 188 158 46 11 30 90 99 190 8 27 111 193 57 148 134 64 58 152 57 145 124 49 168 196 103 186 149 161 42 20 
70 126 87 22 108 59 99 197 18 152 15 18 111 90 8 90 88 78 131 199 138 1 155 102 132 179 17 134 133 149 61 89 175 2 190 195 130 175 173 188 75 126 168 76 173 124 184 55 16 60 125 120 147 18 42 18 19 36 163 41 192 124 142 134 74 122 187 86 24 75 159 100 105 139 8 
42 62 158 102 92 13 127 151 103 41 42 111 122 110 35 178 48 183 98 72 194 173 45 19 14 79 16 134 84 32 142 91 119 23 49 86 96 65 76 25 164 121 112 198 87 157 163 47 108 186 19 183 71 49 74 97 143 157 44 156 176 64 7 63 23 79 53 51 58 86 135 151 65 162 27 
150 56 199 185 10 10 26 86 72 69 12 114 107 67 189 106 91 63 146 151 45 120 163 56 199 119 44 186 29 46 197 14 185 73 176 198 144 11 177 101 47 68 84 4 124 158 1 167 105 136 66 120 106 91 177 134 175 42 72 87 106 60 162 108 24 98 114 154 72 163 92 82 28 1 187 
99 66 152 6 180 152 19 19 179 156 136 139 60 99 137 104 6 194 58 31 197 26 86 76 92 83 166 112 100 169 61 46 117 199 129 79 74 103 174 65 126 198 14 53 171 135 131 49 84 14 122 110 33 12 123 174 138 16 2 8 57 110 114 90 116 179 157 111 126 12 168 74 22 197 3 
183 58 44 142 166 90 11 145 178 124 131 100 98 120 174 175 79 140 93 109 13 121 24 33 51 90 138 128 136 168 55 105 197 148 51 162 89 76 150 26 198 39 44 160 130 102 16 1 118 36 73 148 133 1 200 63 102 193 87 69 81 112 42 115 198 49 77 68 144 199 153 152 145 134 44 
186 30 141 64 180 121 107 47 5 36 154 81 74 176 88 179 160 76 129 36 65 133 70 181 7 7 155 22 17 21 70 30 13 128 192 130 14 159 66 112 93 124 117 44 162 83 136 193 102 133 74 130 53 43 42 6 12 20 26 38 105 11 84 31 177 94 61 42 123 156 105 198 167 93 79 
71 67 156 113 143 142 196 11 149 191 18 178 152 113 146 153 145 50 70 105 136 40 5 67 142 150 41 144 140 33 34 185 186 126 33 39 26 91 15 111 129 179 158 138 95 15 92 80 163 178 143 181 28 140 82 183 86 157 157 126 175 108 154 177 164 18 135 19 5 53 5 159 174 34 138 
92 77 177 144 46 53 115 195 118 187 126 81 116 200 139 34 9 165 145 1 35 142 41 35 78 151 89 157 159 66 54 170 106 143 161 154 158 74 140 138 76 126 163 128 57 15 65 144 156 82 109 37 81 67 51 63 109 144 91 75 87 187 136 189 5 163 173 37 200 92 112 105 101 118 13 
74 14 97 158 132 42 153 108 60 88 96 176 182 75 80 150 48 125 18 51 96 84 139 115 200 44 88 114 100 73 149 189 24 24 108 159 25 7 157 179 10 198 59 190 36 54 155 123 69 23 173 45 115 83 19 60 77 110 135 138 184 2 98 167 159 127 199 123 36 45 151 113 33 103 181 
108 61 183 168 24 30 69 9 98 60 133 120 144 154 93 84 142 101 173 89 155 2 33 182 197 11 165 90 104 40 143 130 140 142 110 108 1 88 149 28 47 40 87 153 160 107 109 114 81 175 161 73 196 13 116 181 168 166 4 27 48 188 120 101 124 117 141 147 40 16 139 188 39 57 91 
131 30 152 106 8 99 126 194 106 126 71 76 128 63 161 69 78 114 62 123 70 67 108 169 5 66 101 150 181 179 16 127 56 128 85 123 92 116 139 172 4 9 51 99 120 47 163 174 186 28 156 83 119 158 56 137 123 55 123 19 147 111 98 91 136 62 83 13 95 99 32 181 166 95 121 
194 15 92 33 194 57 114 75 165 42 68 89 103 189 106 79 159 163 141 94 8 29 20 108 106 98 9 156 94 126 176 47 97 125 24 113 167 118 144 11 165 57 59 181 171 69 121 24 39 185 9 105 11 95 31 88 52 129 190 118 106 121 54 141 128 28 22 145 190 194 91 72 170 179 72 
90 4 194 173 87 167 188 189 108 120 81 181 170 55 63 28 76 103 12 173 21 89 161 109 14 185 119 30 29 51 176 115 65 167 119 100 129 67 185 77 90 11 124 148 51 101 46 2 140 181 9 151 136 39 144 87 128 167 11 31 66 127 148 142 73 142 164 101 55 126 107 79 91 160 183 
56 19 83 164 164 148 23 94 3 155 161 117 97 36 72 102 98 123 10 110 200 161 167 73 171 33 96 126 90 156 136 166 131 33 74 181 138 140 89 65 33 44 171 8 165 141 41 175 119 12 43 159 13 55 192 4 5 78 102 52 49 188 21 176 78 159 172 39 177 101 147 179 8 189 29 
82 159 63 132 70 177 122 194 149 71 149 199 39 4 72 198 198 28 200 58 127 64 69 17 126 10 163 73 6 107 104 142 63 196 74 22 116 101 113 86 36 82 49 117 86 132 75 152 133 145 89 143 52 95 167 29 188 100 164 87 103 58 200 195 74 180 112 133 36 41 78 4 86 130 36 
49 55 92 186 112 159 178 76 156 156 121 120 3 20 142 107 84 31 129 131 2 118 114 38 126 95 52 175 129 84 29 11 199 73 38 149 149 191 56 11 7 145 172 61 33 42 136 61 71 145 72 192 162 24 147 1 34 13 77 26 52 128 10 64 151 111 159 130 88 62 102 176 170 189 84 
81 45 96 36 12 163 147 131 149 12 10 194 187 179 33 133 155 35 83 103 128 15 65 172 200 113 41 146 173 159 106 92 58 187 41 154 44 122 175 137 194 164 78 39 123 114 68 31 48 169 185 94 142 124 8 197 81 15 190 33 133 133 89 31 154 65 51 162 89 33 84 45 15 94 188 
133 150 189 49 65 77 99 129 25 113 180 156 33 77 186 56 62 108 87 186 180 72 80 148 57 98 184 113 25 65 11 130 56 75 26 107 1 159 96 43 141 127 155 113 16 113 51 113 97 149 2 199 28 58 189 75 116 133 56 187 56 19 124 52 139 57 154 47 79 69 148 131 100 23 144 
180 111 195 84 150 112 32 62 189 141 83 51 158 174 58 6 53 26 40 6 6 162 189 104 50 73 73 98 141 158 43 159 87 126 171 47 86 41 89 42 71 160 153 190 158 137 3 163 173 44 162 108 1 130 167 151 133 109 85 74 23 106 84 152 33 8 142 52 151 117 129 159 87 100 44 
136 174 20 90 91 16 195 5 117 3 149 82 17 41 40 152 11 125 173 165 156 124 171 88 45 186 163 4 172 9 2 42 170 42 63 1 38 183 144 193 64 91 110 2 144 75 106 38 161 67 116 30 160 58 161 103 81 10 141 71 187 138 3 66 191 172 198 115 187 94 76 45 156 13 185 
164 164 183 158 44 15 5 48 7 184 138 84 44 86 12 142 174 104 119 195 113 11 136 71 145 199 76 154 38 35 181 48 47 25 163 23 186 22 4 101 15 168 126 170 59 6 196 148 139 90 188 37 98 99 10 52 136 183 25 197 56 160 35 149 57 157 183 59 140 164 86 51 125 183 151 
34 58 46 56 181 151 182 138 131 39 40 37 2 69 116 134 31 36 10 80 37 134 23 92 158 42 91 189 20 117 16 165 112 169 69 39 163 84 194 85 149 41 46 39 27 152 86 182 95 25 92 84 52 195 88 164 4 59 193 48 183 57 155 148 19 175 58 150 8 194 42 178 178 154 112 
170 154 87 144 183 149 153 79 41 87 72 131 194 89 169 110 96 169 129 91 181 176 27 168 49 129 52 38 8 85 53 198 160 136 163 194 98 16 178 74 191 153 127 181 181 187 96 150 70 85 94 42 84 195 54 48 166 5 198 74 156 133 181 33 73 38 17 198 7 174 95 135 175 78 59 
10 94 7 78 52 173 164 81 149 156 143 14 156 112 153 193 198 17 146 141 131 15 178 124 34 182 176 147 127 75 52 118 130 90 67 152 92 66 55 85 41 18 76 138 166 84 136 186 63 172 136 158 42 156 26 182 53 152 20 157 127 82 63 20 69 72 40 171 96 178 175 146 160 60 127 
66 163 195 49 14 71 53 25 152 174 112 95 8 13 47 28 3 155 100 170 29 17 47 173 15 114 88 25 193 99 181 183 122 65 170 180 23 12 21 136 41 60 155 193 65 196 84 172 88 58 177 8 98 66 189 100 20 48 82 36 128 98 77 98 8 14 133 130 138 76 160 137 99 88 20 
