75 4
0
1
1 58 170 738
2 60 166 60
3 149 200 1749
4 176 191 1322
5 185 154 185
6 273 2 285
7 538 61 416
8 565 159 1837
9 666 101 666
10 708 22 752
11 802 45 1162
12 821 20 861
13 845 3 851
14 869 95 1629
15 895 128 1663
16 946 39 1102
17 1188 170 1188
18 1214 131 1738
19 1292 184 924
20 1313 113 2217
21 1324 200 2924
22 1451 92 1635
23 1651 154 1959
24 1781 94 2345
25 1876 15 1906
26 1921 3 1945
27 2001 179 3075
28 2203 170 2883
29 2325 191 3853
30 2369 58 2253
31 2382 70 2242
32 2397 149 3589
33 2403 179 3835
34 2451 89 2273
35 2500 168 2164
36 2555 124 2803
37 2592 83 2426
38 2677 99 3469
39 2681 49 3073
40 2735 37 2735
41 2787 11 2831
42 2856 188 4360
43 2990 88 3694
44 3184 162 3832
45 3217 179 4649
46 3227 77 3227
47 3249 31 3497
48 3459 125 3709
49 3463 99 3661
50 3488 83 3654
51 3491 35 3421
52 3547 104 4171
53 3627 139 4183
54 3827 41 3827
55 3834 37 3834
56 3844 180 4564
57 3870 183 3870
58 4011 141 4293
59 4015 39 4093
60 4167 120 4407
61 4335 193 4721
62 4389 170 4049
63 4408 105 4618
64 4640 171 6008
65 4646 87 4646
66 4737 81 4575
67 4777 143 4491
68 4935 148 5823
69 4953 85 5123
70 4957 80 5117
71 5059 96 5059
72 5091 5 5101
73 5148 17 5114
74 5151 7 5165
75 5231 115 5921
72 93 65 127 88 137 194 150 3 43 33 84 68 21 79 139 66 111 112 76 77 186 99 64 129 109 2 43 102 99 137 142 20 177 110 191 97 67 110 119 96 117 198 114 116 182 90 129 62 60 124 41 24 34 109 196 126 17 34 157 166 142 45 61 102 137 199 115 121 182 22 15 189 69 17 
152 51 80 194 125 169 181 22 28 130 159 51 171 189 85 160 85 17 66 8 47 65 181 59 56 124 64 70 114 91 53 153 62 11 147 44 78 178 44 120 120 41 193 184 88 132 106 54 146 166 29 188 6 96 54 60 55 14 174 109 140 88 40 66 93 90 146 55 145 100 57 105 18 132 60 
139 181 187 128 132 150 186 16 35 79 96 38 153 53 9 24 31 114 109 150 39 110 176 180 139 125 155 157 25 148 55 118 112 4 109 174 35 15 48 96 159 10 11 183 93 44 118 173 170 78 58 76 30 53 190 177 73 56 69 182 200 171 45 106 178 64 193 26 48 29 189 13 12 140 62 
49 197 151 181 56 56 16 154 123 30 92 47 113 99 1 112 97 116 134 71 168 142 167 20 175 144 131 15 9 102 11 164 73 172 158 49 86 90 195 101 89 69 100 116 184 197 184 55 175 199 186 18 196 1 25 81 174 178 170 68 147 47 98 95 69 124 116 200 71 26 28 193 165 98 99 
45 120 71 64 135 44 113 22 69 47 41 188 33 130 133 122 173 172 121 145 195 69 95 60 173 96 145 81 172 153 136 15 65 46 20 26 39 170 189 151 179 188 87 60 191 2 182 155 121 175 24 66 12 148 176 123 140 163 11 51 9 111 194 129 167 36 115 20 126 97 162 187 171 176 19 
183 147 50 145 27 40 187 185 80 149 193 155 140 174 33 141 111 45 74 26 97 62 61 166 33 189 158 12 144 95 71 25 193 9 37 35 69 68 166 131 178 29 12 134 108 149 121 182 105 13 55 52 167 39 154 175 5 89 67 26 73 95 18 35 145 18 116 142 25 74 123 158 171 104 6 
151 85 146 44 109 113 80 153 62 138 85 6 59 140 155 21 170 55 14 106 85 164 179 16 27 88 150 18 191 149 10 38 178 109 104 137 73 151 67 167 75 144 124 69 84 120 173 70 191 156 192 166 185 171 45 150 148 67 63 153 141 136 134 39 91 76 136 185 58 150 89 106 116 163 41 
128 153 128 41 75 162 192 115 156 189 56 33 104 67 134 199 14 44 77 170 189 44 70 111 110 127 71 100 123 184 53 122 21 175 182 119 109 108 112 70 194 63 71 171 30 104 182 183 146 24 174 77 84 74 186 189 36 82 78 159 167 151 42 67 160 110 200 155 143 112 48 28 77 98 178 
79 78 129 89 108 20 174 197 41 190 75 167 147 198 83 151 76 166 164 90 173 139 98 48 27 96 72 180 74 27 29 143 7 76 104 104 16 196 18 85 187 114 79 170 145 198 52 116 124 127 125 127 84 28 14 103 176 45 157 68 104 5 3 3 84 105 126 185 143 75 100 3 12 31 92 
173 127 91 167 11 178 153 114 190 187 165 5 184 94 45 183 14 54 144 194 72 25 129 101 28 89 88 179 39 69 166 190 39 118 81 178 18 111 66 162 117 78 117 80 46 2 63 178 144 172 140 174 93 71 63 175 61 122 148 40 29 136 169 92 47 174 190 195 138 84 10 36 96 60 23 
35 179 190 140 160 29 110 110 4 199 118 84 101 194 76 130 33 151 43 151 153 144 37 45 40 10 14 152 23 146 124 123 129 115 77 25 65 21 143 164 174 130 6 195 53 181 50 139 45 151 188 192 41 65 27 47 87 11 90 134 159 186 182 40 193 70 158 92 183 115 17 133 100 2 84 
111 102 39 33 151 187 158 76 188 134 107 16 48 85 149 185 27 33 66 121 115 143 170 69 152 53 59 13 83 36 43 190 96 2 191 157 176 23 160 60 143 98 141 28 200 158 15 110 126 75 170 124 122 19 199 141 159 156 103 72 111 72 175 9 14 54 182 5 151 155 73 18 176 15 191 
53 110 167 8 178 60 200 182 147 102 68 116 9 177 103 66 156 171 89 149 101 73 109 162 118 1 195 152 34 46 57 133 146 51 40 43 94 68 26 38 16 191 4 156 130 105 63 73 110 106 44 105 113 142 172 194 72 173 188 118 157 196 26 175 11 160 149 152 171 113 123 185 193 12 107 
122 174 189 39 78 39 46 79 108 132 191 152 128 179 164 180 112 192 13 66 136 155 16 24 10 38 132 63 138 90 170 118 37 34 100 184 164 43 135 28 121 137 3 34 92 59 21 70 68 43 41 185 146 147 75 63 170 108 150 27 85 196 56 174 72 198 195 159 87 35 195 13 185 113 134 
167 50 191 161 63 86 118 59 121 81 183 178 15 96 134 61 13 59 94 147 46 35 36 52 56 102 28 21 46 119 199 126 62 56 103 145 151 147 45 119 15 188 21 154 120 2 160 43 123 142 32 75 42 43 46 15 184 94 169 20 108 54 81 172 31 122 62 107 118 108 14 86 63 36 161 
13 153 51 168 114 44 185 101 15 141 34 159 72 125 72 192 17 112 12 145 86 114 14 53 84 107 23 27 58 49 108 65 150 146 80 92 32 6 40 159 9 133 142 30 148 194 84 125 94 145 128 56 76 152 17 52 69 62 190 189 62 106 20 26 111 54 128 19 100 111 192 98 14 125 120 
146 19 169 197 120 156 54 176 86 150 20 103 34 43 110 95 73 77 196 151 158 75 114 152 15 36 179 56 147 148 96 142 51 168 33 132 111 116 152 70 154 151 90 124 35 94 81 10 161 19 139 131 159 157 197 21 193 166 184 28 5 158 184 69 42 132 192 174 35 151 55 56 162 54 111 
107 3 143 86 100 89 128 11 144 54 45 119 151 86 55 70 122 177 172 172 93 156 38 130 25 5 63 26 146 136 19 101 44 84 79 101 72 13 82 106 40 60 120 23 72 154 24 171 56 155 35 115 128 133 137 1 39 102 92 114 1 65 16 53 38 21 136 51 8 150 141 175 69 125 150 
97 188 24 165 108 49 149 60 170 115 93 173 63 164 128 167 164 138 36 25 11 76 92 110 82 59 49 136 194 158 50 90 40 182 96 64 90 125 13 47 99 49 27 64 70 156 125 112 139 143 17 86 129 178 163 91 86 77 13 72 21 25 136 62 198 83 177 16 127 124 150 17 46 183 178 
104 81 142 150 160 117 181 4 154 47 161 157 120 190 37 156 195 18 118 164 189 13 181 27 198 88 132 68 122 49 115 6 19 12 36 89 13 136 46 119 129 137 78 11 190 93 128 169 92 1 144 197 199 180 157 73 152 140 28 190 130 134 141 67 95 109 195 28 136 178 13 9 195 155 51 
127 53 171 163 59 40 181 41 113 3 104 79 168 22 47 77 61 75 148 30 75 166 81 20 41 6 137 28 89 111 177 125 102 56 70 70 100 3 141 2 39 40 96 34 94 100 196 107 155 48 112 171 112 152 89 172 179 76 66 195 96 6 25 137 126 189 176 143 65 170 106 174 171 144 134 
182 42 73 13 152 167 41 87 33 80 30 48 20 39 94 51 12 146 135 68 184 117 151 79 74 145 3 109 107 88 77 63 9 68 38 97 162 109 137 19 1 4 62 83 159 13 180 194 88 11 164 39 197 111 172 67 130 6 9 88 99 85 174 146 49 144 70 98 112 158 172 64 143 6 140 
136 97 61 10 55 68 193 112 16 38 197 139 142 84 80 197 49 10 27 198 20 55 186 39 148 34 180 89 92 11 37 22 139 189 44 71 48 141 93 12 106 133 195 113 152 33 49 98 182 117 140 166 78 20 161 197 192 121 114 30 141 176 171 126 174 177 121 89 152 23 77 169 72 199 100 
52 31 14 94 85 24 66 100 168 22 162 27 79 82 41 129 40 163 167 132 12 68 114 46 47 103 188 97 5 8 54 22 147 113 111 53 55 45 60 163 90 13 40 104 58 112 169 50 74 39 41 92 87 49 144 32 60 103 146 57 10 157 174 26 191 55 5 178 19 11 166 199 45 33 126 
128 40 108 92 187 161 46 63 69 24 15 132 24 85 181 98 140 152 25 33 67 147 42 14 115 102 45 183 71 4 155 169 192 17 98 135 44 74 68 30 151 17 137 164 154 152 13 85 40 170 41 6 133 107 50 5 156 198 172 85 177 63 153 56 153 59 38 19 25 112 49 117 93 32 25 
64 63 86 187 196 185 35 104 38 130 185 121 20 194 77 167 44 160 187 2 99 90 157 138 66 142 57 102 103 182 58 168 28 44 100 86 116 15 164 109 124 185 53 108 43 45 121 140 97 155 191 15 107 35 51 110 195 17 186 149 151 96 146 162 150 171 31 109 177 17 190 49 71 197 62 
87 18 93 28 82 17 94 49 77 188 56 61 131 175 84 10 48 4 8 71 126 112 77 37 23 44 176 91 2 162 3 135 51 36 21 139 105 143 144 161 170 143 145 45 169 137 140 110 10 85 193 33 172 69 24 8 4 115 142 121 131 89 130 167 33 113 95 19 138 103 10 35 4 55 164 
141 18 173 100 69 18 85 39 14 47 103 198 146 184 14 171 132 66 153 43 62 157 27 24 8 195 91 157 113 139 102 89 116 2 163 79 148 106 8 71 66 168 37 174 44 115 101 156 70 70 128 172 34 120 1 64 101 186 157 92 64 21 68 45 33 144 74 94 190 185 52 15 49 13 8 
143 119 167 17 154 91 6 37 57 129 183 137 9 133 146 89 85 75 180 112 9 114 17 193 143 122 83 25 78 112 87 158 146 158 6 158 125 53 145 88 185 131 191 87 37 134 175 4 153 94 118 170 82 170 196 69 5 185 156 113 106 71 152 117 4 112 77 197 102 20 155 34 64 25 168 
107 133 190 71 74 17 96 183 157 191 90 191 149 136 171 37 171 41 79 10 74 131 56 175 148 151 101 96 76 55 97 126 40 182 42 65 46 138 4 165 133 104 188 48 54 13 88 48 60 101 138 62 165 178 15 19 141 166 18 143 118 122 116 186 38 158 139 49 17 188 11 170 121 75 16 
138 84 50 188 15 1 141 175 126 108 53 5 25 117 179 8 102 192 61 51 154 182 191 2 196 187 191 45 39 193 114 38 116 91 117 139 139 192 15 119 104 141 22 87 167 16 45 110 113 111 65 112 140 92 44 32 26 122 177 57 83 115 59 116 185 33 128 93 133 17 193 88 23 48 98 
88 35 22 105 40 106 158 155 196 102 145 197 50 171 40 51 175 74 21 58 101 133 132 65 73 36 84 23 126 159 60 71 76 115 34 29 157 39 44 179 110 163 158 114 123 154 192 63 123 133 21 16 65 31 20 167 164 86 56 28 113 124 125 53 197 120 10 157 5 9 8 41 172 186 173 
196 196 29 29 106 60 184 11 91 188 131 117 17 18 192 30 71 93 6 93 98 193 84 162 141 157 84 79 51 31 155 153 147 182 59 61 59 82 4 48 74 193 8 53 92 133 136 107 180 159 108 53 161 173 37 182 72 78 130 46 56 114 174 190 161 4 90 89 96 135 151 60 179 54 97 
166 48 23 155 193 108 184 17 60 112 88 184 70 124 28 174 33 91 59 139 116 173 63 127 147 52 30 167 32 67 116 61 28 166 14 156 191 43 74 174 178 8 186 168 115 181 88 120 55 141 40 185 144 66 34 52 156 169 76 54 185 35 2 166 136 27 15 184 11 107 164 5 139 45 56 
115 44 11 9 172 197 111 170 136 94 37 195 113 195 113 196 61 134 94 200 4 195 19 182 194 12 2 117 112 181 151 94 171 181 3 47 83 64 44 102 150 124 44 30 170 174 184 99 164 151 4 60 123 144 187 25 136 47 151 197 162 94 153 131 80 113 2 149 138 94 92 191 70 9 56 
31 105 36 135 30 166 185 99 172 144 25 73 141 18 37 46 78 196 167 179 82 123 186 189 171 70 48 108 194 49 164 187 149 102 62 107 104 128 26 190 46 111 86 144 133 41 53 155 34 82 56 3 121 200 11 197 63 157 132 180 10 4 183 101 103 63 34 78 119 86 110 12 72 123 176 
92 87 116 164 150 57 45 168 115 29 114 42 87 199 152 133 166 190 174 29 109 154 22 120 123 119 181 161 21 154 127 63 132 35 110 44 135 183 146 11 27 28 93 140 129 199 72 78 47 155 123 98 181 159 95 152 2 40 7 13 158 184 118 109 153 164 134 62 57 40 2 170 125 7 180 
90 134 9 70 197 147 4 17 4 77 18 56 174 145 69 80 128 176 197 3 74 137 34 27 52 75 98 98 80 134 121 163 30 9 109 46 52 196 1 13 117 55 85 12 107 133 59 56 183 20 187 164 2 174 99 99 74 54 193 174 196 153 120 20 118 42 48 139 21 17 16 13 91 132 151 
117 66 170 101 161 135 92 126 84 8 76 64 8 171 145 190 108 24 96 41 20 50 32 153 168 115 43 100 99 144 124 76 68 154 73 68 121 148 53 120 124 119 42 127 63 198 192 81 131 167 11 148 79 15 19 131 80 55 145 21 27 106 80 42 1 155 107 28 56 158 197 195 199 51 185 
152 36 51 30 48 34 174 86 63 79 124 75 139 141 67 183 54 140 3 10 125 72 121 66 45 164 134 176 151 87 163 146 190 61 17 191 143 92 99 19 129 26 111 137 110 62 69 15 186 125 142 163 65 167 119 33 8 46 53 66 175 171 144 131 89 53 10 11 105 27 172 192 36 182 120 
192 61 126 65 113 143 76 16 22 172 144 22 192 200 173 75 131 82 44 111 168 173 139 135 189 127 92 3 69 160 193 180 194 53 103 160 38 59 15 152 160 13 17 129 145 145 111 64 144 86 142 67 196 163 56 90 23 22 107 129 87 191 133 85 7 168 1 91 161 168 27 60 97 141 33 
171 149 180 191 4 84 60 93 58 164 116 52 34 113 130 138 93 177 16 187 25 171 187 20 38 167 29 66 33 114 125 82 184 54 77 62 83 60 151 38 139 87 145 140 72 194 43 78 156 156 9 39 48 71 81 132 43 83 169 14 66 107 186 29 32 57 14 148 182 6 46 62 163 95 182 
177 69 20 134 15 92 119 11 178 145 39 83 173 8 199 87 108 24 76 83 7 77 128 28 148 183 75 121 97 48 37 181 94 16 2 50 90 199 179 165 35 31 144 8 40 4 136 18 48 153 22 135 131 124 41 44 2 108 81 50 86 113 50 123 131 115 141 132 147 76 183 155 167 69 47 
98 145 62 198 154 196 52 84 45 141 66 134 7 150 194 77 21 6 104 109 161 154 191 110 150 79 52 154 18 173 39 186 107 49 56 80 111 140 154 135 44 158 127 89 53 13 126 45 114 13 44 130 130 29 43 11 183 120 181 142 173 142 5 181 99 64 105 167 127 87 95 70 47 62 40 
46 20 135 79 88 117 177 86 75 137 149 52 117 98 68 120 143 38 16 100 28 138 159 118 163 142 137 94 94 12 15 131 181 62 5 91 85 20 95 29 33 94 186 56 183 164 63 119 147 177 132 25 98 132 145 6 137 170 119 3 145 137 5 55 138 25 42 46 98 22 181 50 168 25 149 
70 106 157 137 110 123 61 112 147 180 129 46 51 120 94 136 200 139 25 134 114 92 152 101 106 71 78 184 76 155 93 24 129 105 175 175 39 60 134 192 96 25 119 183 49 16 147 129 194 197 175 162 86 75 118 87 105 173 46 131 156 59 45 69 52 142 38 160 68 10 188 186 58 47 114 
143 151 37 114 167 171 33 148 198 157 87 12 89 138 127 105 107 174 115 179 34 116 5 19 59 100 178 186 76 192 148 86 137 24 115 90 190 93 181 149 136 184 162 172 62 3 187 167 108 112 196 22 70 88 89 119 124 27 59 13 54 101 195 105 137 107 57 193 144 119 190 173 177 120 1 
75 80 10 179 163 62 72 17 170 197 66 22 4 96 146 144 99 105 151 111 88 114 141 99 58 113 181 125 26 22 91 81 42 127 33 196 142 130 145 21 88 189 4 29 38 147 124 19 122 84 71 62 151 109 57 199 179 137 34 12 148 147 48 55 39 62 102 138 30 120 46 176 30 32 91 
17 175 182 127 179 27 87 57 143 197 67 198 191 155 141 90 16 117 32 196 13 63 19 134 47 177 27 157 39 152 156 65 52 132 172 122 177 140 31 2 190 85 195 178 65 58 122 102 42 189 165 121 46 47 105 108 102 75 69 108 25 139 114 197 108 146 144 27 11 128 175 121 128 46 53 
49 118 185 145 63 43 51 23 154 140 157 158 110 88 3 123 91 19 163 2 140 31 31 52 169 99 169 5 141 126 196 57 65 16 20 101 155 48 19 17 122 143 48 40 122 83 116 123 31 170 66 25 180 141 40 177 158 144 141 178 97 117 191 134 121 7 120 79 168 99 47 111 4 192 94 
144 2 168 95 60 31 196 198 12 174 39 192 163 9 145 121 163 43 119 38 161 161 54 141 193 145 188 45 154 11 137 48 191 26 112 24 173 30 50 193 119 112 77 61 26 51 138 182 24 142 102 155 41 180 197 145 140 108 101 157 82 26 107 40 150 8 127 12 107 104 152 19 104 170 173 
64 10 97 180 104 4 43 175 3 51 34 182 188 131 152 99 9 185 67 71 48 133 162 134 48 60 156 104 5 161 187 158 16 65 171 94 40 111 21 104 196 76 33 30 158 120 64 72 79 180 192 6 104 192 187 87 141 76 129 156 107 199 185 50 63 189 124 29 124 85 60 34 3 166 130 
17 44 59 90 189 146 145 100 128 80 4 36 137 135 187 51 60 17 79 13 130 18 183 24 136 167 23 45 1 76 177 135 154 182 125 24 8 88 187 152 77 184 159 39 150 9 77 151 18 13 165 38 63 141 20 52 34 70 22 165 92 29 183 156 35 198 48 184 84 112 149 124 21 191 143 
129 27 169 61 12 41 124 84 163 4 17 144 153 8 155 21 138 35 113 185 8 184 193 80 78 45 5 16 199 66 78 70 173 56 69 126 194 70 148 8 95 81 100 7 45 147 48 36 1 3 34 194 32 142 52 142 2 180 41 69 93 110 160 175 67 175 6 170 14 52 92 102 57 68 172 
16 188 23 78 166 78 83 96 178 151 84 51 150 154 57 44 16 166 190 154 161 89 171 139 127 109 12 34 12 97 79 9 79 8 139 103 118 189 187 142 99 110 36 37 156 109 146 147 39 103 160 101 187 114 121 121 190 172 79 177 149 24 147 1 96 126 72 135 71 32 39 155 36 186 192 
51 187 49 154 181 110 191 143 10 68 108 113 73 155 187 91 108 172 52 129 154 195 109 64 107 28 193 66 1 94 81 115 23 50 70 5 19 94 147 33 74 111 78 183 68 96 128 102 81 190 33 190 56 80 128 35 176 193 93 136 76 64 74 178 17 162 148 86 150 178 17 113 91 95 199 
192 80 42 109 87 166 178 10 55 2 42 53 199 4 42 16 40 141 89 81 21 26 157 13 185 191 135 84 85 97 22 61 192 152 163 161 91 166 100 194 14 104 12 114 81 11 55 185 181 124 59 24 1 145 191 43 67 66 116 158 94 178 137 3 193 59 174 33 117 6 181 186 1 150 46 
159 40 83 1 177 103 175 53 127 171 60 157 85 191 199 54 45 72 179 31 145 111 60 49 13 157 169 95 128 143 91 153 87 152 69 91 143 112 24 75 171 42 18 172 46 84 39 144 125 136 129 190 62 39 78 3 97 10 3 53 54 100 36 134 27 98 82 24 101 135 92 24 182 193 161 
7 33 53 129 187 165 155 185 42 182 132 69 34 119 182 98 130 55 79 24 194 3 101 49 96 163 14 58 142 10 141 19 83 56 197 23 155 31 163 33 174 161 55 160 193 42 75 64 94 50 45 92 12 168 150 152 69 122 46 5 71 99 81 95 190 130 195 105 65 54 188 158 186 119 116 
7 115 85 186 61 28 40 102 157 50 170 70 15 70 114 22 132 47 129 139 32 118 64 2 27 76 183 193 168 105 127 146 129 5 132 9 86 156 188 41 16 128 1 50 92 96 33 21 111 124 182 57 139 12 26 88 59 131 7 163 162 118 124 189 92 137 166 64 200 35 88 174 52 140 70 
5 133 163 104 91 64 35 48 146 14 128 174 134 8 44 10 97 66 87 189 48 179 110 87 174 166 112 38 65 68 82 6 15 193 94 176 34 68 9 92 83 199 117 169 2 161 191 157 137 83 63 144 47 127 9 179 23 187 95 147 19 165 6 161 154 51 150 145 168 151 16 138 152 103 42 
193 43 80 8 196 52 25 139 142 29 174 176 88 101 196 2 90 2 74 159 187 85 23 168 39 83 2 200 75 177 91 24 184 23 153 149 163 147 102 194 151 69 27 187 99 5 32 33 84 106 126 30 180 176 89 36 155 57 9 156 186 50 132 51 150 136 150 101 166 43 68 117 80 159 54 
68 67 14 173 106 147 176 25 76 197 157 171 102 93 29 32 96 156 156 179 76 176 31 160 99 92 84 56 50 7 127 136 77 33 124 80 119 197 26 138 98 40 200 93 146 24 118 111 85 120 181 36 142 125 70 31 48 36 153 22 62 181 67 144 6 197 61 193 55 16 96 7 51 101 24 
98 24 176 138 61 77 143 114 4 179 185 27 32 143 119 45 163 69 31 149 179 19 192 84 108 54 187 93 61 54 97 1 175 92 66 115 149 149 71 182 169 48 78 20 175 65 76 140 146 157 72 180 156 45 35 96 26 144 199 91 33 157 32 89 153 68 141 38 60 197 171 17 33 193 154 
108 61 12 184 35 83 139 18 163 12 193 128 188 82 23 16 80 84 76 110 45 83 188 10 102 200 90 34 170 127 113 94 63 100 103 135 54 178 70 3 189 125 186 21 70 106 80 103 166 153 145 150 122 141 124 116 167 107 105 26 163 20 116 19 185 100 19 94 25 20 194 117 130 39 10 
36 55 75 46 89 33 22 15 136 145 144 74 172 3 131 18 21 59 101 114 162 19 120 146 119 147 97 39 2 83 160 109 187 105 63 175 129 64 38 149 115 43 128 68 97 80 70 20 11 175 108 45 163 153 173 1 9 162 112 33 103 124 124 14 176 30 79 95 115 27 197 88 84 147 105 
73 45 76 30 109 81 173 16 126 50 196 55 149 85 86 137 163 25 2 89 115 86 69 182 22 29 16 58 175 66 144 106 54 156 172 55 98 106 35 82 91 91 151 196 119 180 141 127 62 97 49 115 105 74 71 102 87 119 194 151 73 127 55 81 30 164 174 36 187 141 62 158 82 54 174 
87 96 58 138 198 118 56 9 29 79 174 101 167 113 152 173 113 81 70 110 43 5 56 160 8 151 151 120 140 129 51 159 141 116 75 182 175 47 69 164 144 177 194 47 164 147 88 188 26 133 81 149 43 151 92 15 112 196 167 74 111 88 122 60 99 130 56 29 62 72 162 138 146 76 178 
176 175 166 129 80 200 93 20 101 120 28 95 11 58 195 51 164 175 188 179 185 87 149 193 62 22 27 55 111 93 131 97 116 105 26 170 172 88 160 150 109 73 76 37 18 68 86 94 170 161 88 47 45 9 18 24 176 28 68 56 32 151 161 111 55 15 64 145 32 30 71 46 192 105 10 
37 116 50 143 99 142 126 179 150 76 176 172 187 146 175 111 104 8 126 119 70 176 99 96 10 83 18 86 8 59 14 45 137 121 182 73 128 101 96 171 66 92 16 157 20 137 197 139 86 169 175 168 95 116 40 62 134 1 72 190 78 84 155 121 104 33 197 54 193 113 193 54 17 48 27 
73 41 136 83 122 130 189 11 124 142 10 3 23 186 114 134 75 15 28 8 196 83 181 68 155 116 118 110 75 189 158 137 177 157 123 102 42 187 70 169 12 142 102 35 48 152 173 88 30 112 176 85 125 88 82 99 26 139 76 27 183 116 9 96 83 184 158 137 135 146 146 122 131 133 156 
91 44 125 115 48 180 195 141 4 3 82 16 119 80 118 54 171 64 80 165 17 167 145 1 24 44 144 93 53 55 111 116 30 42 175 174 125 163 40 66 100 186 71 80 75 170 113 32 5 47 119 24 143 125 192 157 170 87 184 57 21 25 157 18 67 103 96 141 27 16 87 59 112 81 152 
155 88 24 197 20 48 167 145 89 84 82 122 141 44 2 33 5 169 123 7 119 173 15 144 37 178 141 191 165 174 117 34 10 99 160 183 192 69 34 21 178 188 36 45 78 187 81 11 192 166 69 80 171 100 193 19 68 4 118 119 109 77 165 171 3 87 144 113 79 9 146 51 38 73 81 
121 92 118 186 173 44 124 159 47 24 28 14 194 184 81 82 145 174 59 50 178 39 185 141 127 79 156 134 68 152 138 99 132 197 152 17 83 114 177 123 158 152 85 109 13 116 93 180 155 47 170 156 73 79 117 15 146 13 191 46 29 171 59 122 74 37 98 27 83 76 45 115 173 174 136 
180 136 96 171 88 191 135 139 87 140 6 77 59 188 135 10 99 113 160 48 26 120 182 80 186 35 163 129 87 98 24 185 178 190 55 86 94 24 176 38 175 29 83 64 144 136 53 91 31 41 180 48 71 130 122 185 2 171 199 113 195 159 139 18 123 111 156 161 67 193 108 76 135 69 10 
68 69 36 8 194 182 22 63 184 36 91 178 106 35 56 115 59 83 122 63 148 110 151 186 196 113 43 155 157 37 179 94 33 2 177 37 2 57 144 59 81 147 199 144 65 59 123 129 136 120 3 160 8 127 200 198 33 71 149 159 151 169 124 36 117 100 137 94 181 114 97 5 105 183 162 
