50 6
0
1
1 27 99 225
2 148 90 688
3 219 156 -93
4 222 62 98
5 232 142 516
6 274 79 590
7 306 151 4
8 310 43 482
9 440 160 120
10 485 39 641
11 535 161 1823
12 645 152 1253
13 676 104 1092
14 705 163 705
15 724 114 1180
16 809 20 889
17 832 163 832
18 844 167 1846
19 850 116 1082
20 861 177 1215
21 1047 11 1135
22 1106 2 1102
23 1148 187 774
24 1150 18 1222
25 1203 63 1203
26 1242 92 1610
27 1292 102 1088
28 1411 3 1429
29 1460 25 1610
30 1481 60 1601
31 1484 97 1872
32 1486 175 1486
33 1509 81 1347
34 1540 146 2708
35 1582 137 1308
36 1585 70 1725
37 1657 8 1689
38 1681 163 2659
39 1694 32 1694
40 1738 58 2202
41 1844 6 1868
42 1934 149 2828
43 1961 57 2417
44 2044 165 2374
45 2121 73 2413
46 2171 53 2065
47 2201 74 2201
48 2251 104 2459
49 2258 84 2594
50 2258 135 3068
191 179 66 190 192 162 164 42 116 90 128 118 185 152 100 13 89 9 114 151 187 6 73 77 195 32 128 200 196 188 34 55 22 14 166 126 70 43 101 17 77 91 106 53 168 45 167 144 188 172 
158 84 152 122 112 121 174 34 136 120 45 24 172 149 124 187 136 141 155 36 192 192 14 124 125 20 13 127 18 123 69 180 40 44 68 107 73 98 72 163 107 37 46 127 119 126 169 77 124 58 
4 31 71 30 168 183 195 129 133 107 157 33 150 21 195 35 17 170 4 120 165 138 142 167 141 2 30 51 67 182 162 49 57 125 182 134 92 25 24 139 179 114 166 145 67 185 108 112 67 69 
144 70 171 119 183 101 197 20 151 147 154 198 97 137 132 29 153 154 182 69 40 161 51 37 191 8 177 177 64 92 144 118 78 78 73 145 147 189 90 70 117 187 152 44 142 90 10 26 35 80 
176 108 1 105 55 147 176 105 184 23 156 87 74 40 58 149 34 73 181 197 175 91 149 189 155 161 167 83 135 167 23 133 64 91 18 9 193 111 34 17 93 90 160 37 90 155 31 152 24 123 
146 86 156 166 11 103 25 58 59 56 138 23 38 171 71 173 35 150 34 77 65 191 57 59 186 196 5 195 156 99 17 176 176 163 157 37 43 127 193 82 85 57 124 193 3 103 42 167 2 108 
69 85 75 123 160 189 20 50 164 15 55 45 81 128 180 3 200 134 51 44 105 148 190 46 16 53 46 64 138 188 74 97 69 1 35 92 46 76 155 53 114 8 165 147 28 75 101 121 97 115 
105 83 35 15 114 126 154 197 105 29 173 98 55 11 60 192 163 73 14 58 54 94 72 152 104 20 140 133 128 61 7 127 120 179 171 147 16 94 81 137 165 186 145 165 192 35 90 133 41 37 
191 177 60 115 98 174 75 161 129 26 121 21 194 100 162 153 159 136 48 155 51 75 190 115 75 17 105 32 188 50 77 3 4 40 122 96 97 63 166 194 164 3 4 158 161 198 133 95 199 158 
188 6 154 151 98 140 180 40 73 2 192 18 187 196 29 119 128 19 60 93 136 111 63 34 9 159 171 15 71 100 130 30 90 132 3 97 86 174 146 118 152 26 102 126 173 130 11 185 150 125 
194 36 112 76 22 169 175 125 13 171 92 5 45 189 71 50 5 173 50 124 13 54 188 118 157 5 4 99 45 179 94 103 55 180 138 29 198 3 92 115 29 156 50 116 68 195 40 83 140 200 
130 144 40 119 2 85 152 21 81 146 4 119 1 185 56 128 78 193 134 12 99 14 42 168 154 179 56 180 100 65 157 178 72 98 188 57 187 150 81 119 83 108 28 60 155 59 81 191 177 154 
42 36 148 152 60 114 195 153 9 143 36 4 47 62 28 117 83 16 160 27 56 162 138 1 161 144 185 180 63 86 173 123 170 156 57 166 191 43 173 106 41 133 155 130 110 3 150 9 119 81 
32 76 166 166 121 15 195 19 138 109 45 18 134 180 154 191 80 119 171 185 33 38 159 125 118 94 96 153 121 8 124 196 29 171 179 14 45 55 155 162 80 93 179 133 76 133 152 129 196 4 
198 70 78 65 150 29 58 93 30 37 76 69 109 26 22 176 151 59 1 1 56 119 180 28 7 1 94 102 35 50 176 22 57 143 106 21 139 127 55 75 188 15 120 64 89 9 40 85 71 72 
190 178 63 170 177 178 189 195 102 179 130 85 73 154 166 199 169 5 20 40 85 94 14 26 102 49 14 68 131 86 33 1 191 194 51 128 165 38 75 114 139 192 25 87 199 124 152 133 77 3 
191 62 127 20 11 195 153 40 38 120 53 160 129 125 71 89 187 152 86 34 119 133 114 8 128 164 24 57 35 38 40 172 107 179 41 132 70 155 116 124 50 46 103 99 168 196 16 82 139 186 
148 163 127 59 1 54 143 198 2 16 121 144 56 171 27 85 17 121 9 10 56 110 4 71 162 116 168 27 180 190 38 50 41 89 90 13 60 189 48 54 86 126 39 145 68 26 157 107 111 44 
200 154 32 72 21 125 33 158 3 189 8 108 188 147 147 183 93 39 164 147 20 79 129 180 184 177 78 104 3 106 20 176 164 187 30 101 2 166 129 77 133 137 124 45 40 154 116 134 148 166 
64 90 90 79 175 117 20 142 12 177 184 47 107 89 65 7 28 155 118 69 154 93 38 144 2 148 110 71 118 181 7 133 131 135 5 136 35 16 91 157 63 197 96 29 200 144 180 78 35 197 
115 42 15 79 7 79 1 72 142 32 161 13 178 148 61 40 134 17 171 147 74 53 104 128 79 129 197 50 125 128 158 173 47 1 73 18 32 173 21 43 159 97 107 164 114 49 189 198 109 114 
122 196 185 43 69 108 10 22 155 163 83 39 190 50 144 77 74 200 119 74 153 103 113 67 97 42 5 162 68 143 111 111 181 154 62 95 96 64 136 108 23 114 181 148 74 87 60 111 160 139 
95 80 142 146 35 128 141 84 134 145 10 187 102 98 2 26 59 121 52 60 115 107 72 156 55 33 49 120 194 189 30 165 109 81 154 125 51 149 57 25 166 135 185 98 188 135 129 76 10 177 
44 25 190 156 101 174 10 152 95 156 58 111 72 102 174 32 47 188 157 75 68 22 55 145 90 147 120 93 34 18 4 24 104 26 13 26 138 48 41 118 24 139 68 91 127 189 193 64 12 63 
176 9 101 107 106 123 20 193 138 77 181 177 21 149 109 70 198 32 70 82 107 43 23 106 4 187 52 146 138 38 14 181 5 25 2 24 19 150 68 31 155 36 153 66 63 125 170 92 179 15 
137 33 177 153 41 34 187 169 111 36 114 54 63 1 123 159 171 192 182 83 82 17 71 42 152 126 96 196 164 101 102 199 162 64 144 103 24 119 181 9 91 186 9 102 164 23 22 135 52 36 
1 185 153 135 28 144 61 70 26 15 135 8 81 52 93 92 157 191 171 71 145 140 90 88 36 132 55 87 19 10 31 196 93 97 156 39 160 142 179 199 52 99 106 23 15 191 138 197 188 73 
186 152 120 79 61 195 67 124 172 20 100 61 56 138 25 93 84 133 183 24 56 199 183 53 173 126 120 31 92 4 41 90 168 74 27 153 33 38 154 48 78 175 146 70 2 120 53 135 183 177 
136 35 171 57 178 92 116 114 78 69 193 45 177 98 109 68 154 30 146 85 48 19 174 71 194 84 17 40 178 71 39 22 86 35 83 161 157 15 196 130 159 52 24 17 88 18 3 193 115 187 
187 21 127 64 66 43 31 33 104 148 21 31 123 33 107 176 47 143 152 27 121 49 112 53 90 159 25 130 91 125 99 49 138 109 194 17 172 36 94 58 151 162 130 112 195 55 153 199 75 163 
164 5 193 5 51 55 96 19 22 21 42 175 141 74 69 88 184 148 129 175 144 105 53 10 71 68 172 173 69 66 80 191 78 123 5 175 179 42 20 149 68 62 106 197 156 188 87 89 188 7 
14 6 112 34 114 159 63 161 153 158 162 129 151 88 52 70 20 105 62 135 37 172 115 169 151 114 134 149 158 90 168 198 106 155 161 119 147 181 177 187 168 81 107 126 93 25 1 151 162 49 
122 120 83 179 63 31 165 193 18 150 50 109 171 114 102 180 145 89 200 195 162 26 179 6 40 184 102 31 101 22 77 131 192 161 19 184 185 166 142 149 42 24 50 43 173 145 27 63 74 8 
64 163 148 131 7 72 138 12 18 128 4 165 156 38 82 183 162 119 125 94 25 122 188 13 110 161 161 87 71 173 53 108 116 95 152 106 88 63 55 57 72 168 50 45 120 106 128 22 151 126 
25 141 109 186 141 23 166 114 156 24 100 17 186 3 164 49 166 176 130 10 88 94 4 62 2 75 37 101 141 56 157 167 87 143 99 24 199 99 127 33 11 51 187 108 28 22 71 151 66 145 
128 199 117 2 109 108 200 71 186 151 128 94 71 186 83 98 71 15 31 164 11 167 80 187 111 133 126 119 88 129 174 84 188 130 192 140 37 37 36 25 143 94 172 170 76 165 159 184 52 113 
187 61 13 74 137 18 175 37 152 124 166 95 129 70 39 60 133 97 23 61 173 76 35 183 63 72 166 40 105 75 121 63 131 190 54 192 55 6 174 151 109 1 57 119 107 138 110 134 193 181 
171 54 61 187 23 37 58 62 6 80 111 49 17 86 178 122 77 17 146 198 25 142 5 167 34 127 33 155 148 36 115 111 113 55 137 193 41 61 198 95 194 44 39 124 110 80 50 146 122 199 
193 187 38 26 108 173 113 2 78 167 109 125 98 40 27 69 39 94 1 168 161 154 125 32 165 154 55 196 107 74 108 6 42 156 183 10 85 197 93 117 34 54 1 192 148 161 111 53 53 158 
42 115 44 159 123 33 197 83 164 99 77 7 104 160 64 115 69 24 172 185 26 28 20 97 68 66 141 17 177 175 162 91 18 130 28 179 5 179 13 86 103 194 171 1 35 117 170 167 149 124 
169 180 137 62 65 165 96 57 171 124 46 181 72 126 53 146 176 169 175 81 25 123 196 112 190 187 159 92 64 107 18 112 139 52 71 146 110 168 176 13 71 12 110 188 115 96 180 175 36 41 
38 93 55 28 42 140 129 148 51 49 149 76 71 45 111 121 27 66 42 21 42 103 146 93 196 53 59 28 181 11 6 170 8 166 155 95 5 35 22 197 89 137 25 173 34 162 55 64 135 123 
113 111 20 191 96 29 148 138 139 114 66 161 130 3 46 122 144 92 136 63 174 26 155 119 67 200 127 88 151 86 133 38 154 194 102 35 183 200 123 36 101 4 34 68 166 6 33 115 178 186 
101 11 105 142 73 78 199 174 150 69 164 18 50 45 81 176 86 30 185 67 37 147 108 83 34 46 75 24 179 199 2 72 191 28 116 191 131 69 2 159 200 196 72 11 80 45 52 67 2 77 
42 66 123 25 112 176 192 8 108 115 48 26 199 104 162 51 47 112 95 171 62 66 16 149 5 76 182 6 198 119 120 80 48 46 23 39 48 72 57 64 191 65 26 150 173 16 55 141 166 63 
103 133 167 63 89 105 134 48 73 83 103 141 50 187 128 13 75 40 85 61 114 150 115 12 200 120 112 30 176 72 147 27 111 25 182 122 60 66 2 47 68 98 122 112 175 59 156 136 79 130 
85 115 94 8 15 40 53 41 127 59 129 16 160 38 98 32 95 6 71 9 135 31 80 133 47 143 111 89 17 178 177 171 103 129 89 86 96 26 34 135 177 57 29 24 131 59 119 58 176 46 
124 44 116 68 71 93 159 100 79 180 155 198 183 178 173 111 11 33 194 78 85 67 10 28 73 125 42 130 142 57 88 87 145 30 109 3 27 194 61 157 91 117 78 195 27 196 110 178 58 171 
166 46 112 119 131 141 154 64 36 182 172 62 113 75 158 32 36 88 27 144 22 166 137 41 182 148 62 88 79 155 35 112 6 18 188 154 126 4 184 87 47 109 150 101 5 106 82 116 42 151 
63 37 115 102 89 148 153 33 54 111 142 69 164 89 94 74 56 121 31 91 14 136 15 8 123 152 11 38 142 31 166 42 155 93 67 42 108 102 17 5 54 29 174 135 35 188 36 53 195 160 
89 95 178 50 41 68 114 109 38 183 103 9 154 138 144 76 101 28 48 37 184 53 11 59 32 196 129 7 62 104 17 166 74 181 10 124 51 73 60 124 181 127 91 75 8 31 156 152 9 194 
