75 2
0
1
1 181 70 321
2 307 26 515
3 315 77 777
4 371 121 855
5 573 49 965
6 645 26 801
7 693 194 1857
8 757 60 637
9 826 81 1150
10 895 4 895
11 1094 87 920
12 1123 111 1345
13 1176 143 1462
14 1212 17 1212
15 1284 160 2244
16 1325 174 2021
17 1455 165 2115
18 1647 116 1879
19 1893 23 1939
20 2000 137 2822
21 2020 92 2388
22 2081 100 2881
23 2110 192 3262
24 2134 16 2134
25 2333 103 2745
26 2349 155 2659
27 2458 104 3290
28 2480 200 2880
29 2667 133 2933
30 2937 130 3977
31 3049 157 2735
32 3147 51 3147
33 3270 70 3830
34 3400 185 4510
35 4029 182 5121
36 4038 48 4134
37 4054 51 4462
38 4096 105 4096
39 4472 102 4268
40 4673 58 5021
41 5004 109 5658
42 5064 160 5704
43 5092 117 5092
44 5187 4 5219
45 5213 76 5213
46 5214 22 5346
47 5395 177 6103
48 5581 27 5797
49 5633 13 5685
50 6034 147 6328
51 6035 128 5779
52 6058 22 6146
53 6106 42 6190
54 6183 24 6183
55 6584 45 6584
56 6697 98 7089
57 6706 168 8050
58 6828 140 7668
59 6917 155 6917
60 7090 5 7090
61 7215 123 7461
62 7428 146 8012
63 7438 129 8212
64 7448 67 7448
65 7966 138 7966
66 7987 8 8035
67 8065 145 8065
68 8108 20 8068
69 8146 66 8542
70 8930 170 9610
71 8984 119 8746
72 9088 134 9624
73 10083 75 9933
74 10283 20 10283
75 10296 74 10740
174 103 121 100 12 139 21 133 68 15 155 31 86 96 109 50 86 146 130 23 52 153 155 37 118 65 175 40 187 17 7 198 11 129 171 6 24 98 129 178 173 127 70 23 129 149 96 37 174 1 2 46 43 161 180 157 63 198 182 45 181 56 55 144 131 182 74 112 168 148 168 52 128 56 76 
60 119 97 188 3 38 139 31 7 160 196 27 171 10 102 117 23 120 155 130 61 31 171 196 124 189 175 167 47 123 117 175 101 147 26 35 31 15 62 22 35 42 3 106 11 43 55 86 150 104 54 167 59 64 160 59 163 125 149 187 15 62 105 133 35 10 23 161 80 172 130 66 184 37 49 
81 91 14 120 184 129 73 84 6 64 47 33 103 150 22 27 29 178 21 119 198 7 107 52 176 167 84 131 88 125 115 198 65 116 72 169 118 167 180 152 189 18 130 5 150 193 137 139 63 118 25 10 102 194 174 89 130 32 163 149 22 156 172 78 38 100 68 152 178 83 129 130 191 6 199 
41 76 168 28 140 37 28 105 28 145 24 60 105 89 51 38 73 183 172 6 157 176 137 126 156 125 144 145 108 116 193 4 169 20 123 190 70 181 107 85 73 5 86 49 177 178 146 42 104 186 25 165 7 166 2 44 14 182 153 7 154 183 27 32 19 187 50 95 129 177 77 82 29 25 78 
80 30 84 112 157 161 78 27 108 73 149 98 93 126 76 71 126 64 157 154 84 151 59 179 32 3 170 95 164 52 72 163 179 96 111 4 176 107 28 8 182 3 49 20 29 13 54 52 140 56 26 69 22 137 190 174 49 15 54 62 188 31 174 73 50 40 83 185 87 123 102 145 110 137 131 
18 6 31 126 35 5 61 160 64 19 141 45 22 116 97 57 21 119 86 76 190 181 75 30 140 165 143 4 11 1 93 158 195 149 75 40 154 73 189 28 36 41 79 143 111 15 62 186 175 143 89 169 165 4 191 168 41 115 197 101 5 33 66 193 153 136 22 89 177 184 194 42 61 53 5 
167 103 33 3 132 81 197 129 52 117 171 147 41 15 153 67 104 30 185 133 174 70 118 18 182 98 40 141 131 116 104 11 118 60 118 73 129 71 118 110 46 85 22 80 98 33 90 141 42 140 126 41 7 164 33 72 146 128 132 19 145 128 159 10 36 50 30 187 179 135 174 54 73 128 186 
87 20 15 41 96 181 114 182 146 161 90 28 168 157 99 58 140 190 79 92 159 196 104 102 22 181 119 93 155 159 85 103 196 57 121 155 30 135 158 135 25 119 142 130 169 116 16 129 109 160 155 123 112 83 132 154 131 11 58 4 8 102 29 175 44 67 21 184 45 53 21 37 26 59 60 
180 182 93 178 6 173 89 194 81 24 60 142 138 137 159 76 125 5 195 18 191 147 89 62 188 43 162 47 183 146 111 57 186 31 11 98 28 144 11 29 155 171 30 10 134 151 107 10 95 159 42 43 84 155 37 3 122 39 24 98 79 7 64 175 87 177 52 3 103 58 119 172 110 148 159 
189 129 170 135 103 125 101 64 76 8 127 8 162 189 121 143 96 134 139 134 35 190 170 60 87 171 65 11 11 10 43 73 148 130 9 135 135 90 168 124 16 82 76 185 64 21 52 11 111 31 116 137 103 96 62 39 112 10 147 111 171 128 133 192 27 94 17 167 173 77 74 129 142 153 68 
127 189 30 77 12 135 62 85 16 47 86 105 199 91 145 161 138 143 92 16 60 134 27 17 23 180 121 177 80 82 140 53 176 137 13 160 38 164 54 136 122 77 197 169 107 10 181 79 113 174 137 140 145 169 30 6 200 198 167 73 200 84 13 126 125 64 183 16 121 171 184 111 109 69 173 
35 183 80 106 97 3 69 196 42 122 76 164 117 55 44 184 44 19 36 123 11 135 91 35 73 20 142 194 84 55 78 122 197 39 30 80 128 45 75 90 113 3 74 67 59 91 113 97 124 33 100 116 88 21 168 1 72 186 167 75 70 11 195 179 62 153 113 170 25 71 31 101 123 102 6 
114 106 179 69 43 33 140 162 135 174 123 192 123 38 2 44 47 125 25 39 174 48 112 125 60 68 13 113 98 23 119 89 138 107 152 159 184 32 56 122 28 128 24 165 142 3 103 157 44 27 39 99 147 178 56 189 71 125 119 74 66 183 43 139 128 91 9 12 182 68 112 36 122 79 75 
182 79 26 153 128 37 62 19 14 99 138 17 112 91 128 135 156 168 94 37 142 44 122 101 4 65 8 94 66 151 199 88 172 22 5 151 82 9 105 193 197 134 189 180 80 63 148 141 146 17 151 93 117 178 81 136 17 193 146 44 193 18 155 150 183 48 87 184 151 126 12 112 7 125 100 
5 96 175 131 86 124 16 79 112 87 135 174 156 168 60 111 89 148 25 13 183 142 138 158 43 179 161 165 150 136 150 155 33 165 167 167 100 20 164 103 84 34 104 130 85 19 117 194 102 177 179 182 21 44 12 85 15 70 158 67 129 55 61 3 129 69 9 172 58 169 69 163 177 75 66 
66 113 147 90 136 9 143 10 17 142 58 155 130 100 170 150 37 150 118 134 89 61 39 12 51 112 149 116 177 68 47 43 72 92 126 9 182 166 194 126 83 186 119 8 139 105 79 172 45 110 170 109 133 184 136 142 21 117 62 190 186 136 72 117 78 153 18 118 44 149 67 21 64 102 32 
100 80 189 102 108 176 167 46 23 113 7 83 77 123 96 14 71 19 19 26 106 173 37 46 97 106 122 55 110 190 198 70 119 166 21 175 3 89 90 61 102 69 111 108 65 137 19 109 150 102 142 60 85 148 42 13 114 148 54 118 38 150 132 139 136 174 92 200 137 167 8 25 65 151 89 
39 162 154 162 165 175 17 157 122 74 128 171 23 168 81 108 68 114 178 64 29 98 8 200 116 195 90 31 138 28 87 65 190 114 83 110 27 138 127 138 111 195 60 101 108 186 22 20 26 157 148 108 156 136 49 14 76 30 32 22 77 154 183 24 182 129 57 6 180 123 120 154 86 177 26 
55 113 59 21 109 134 127 174 163 66 110 196 125 38 94 101 151 117 161 47 125 172 194 180 164 167 26 169 103 7 72 34 200 129 11 86 17 181 30 71 105 11 120 5 182 161 26 189 131 59 64 69 59 133 23 104 94 44 54 30 102 173 126 18 130 101 163 43 59 104 198 6 162 100 165 
188 50 49 128 35 14 53 77 51 73 109 1 76 95 126 134 45 73 22 173 131 183 182 180 47 116 1 112 191 59 157 175 53 41 188 58 22 141 30 131 40 88 133 60 126 97 200 21 142 83 116 176 23 105 186 27 5 156 193 161 182 108 57 56 137 95 193 132 189 147 171 193 16 112 99 
92 142 52 5 97 127 55 128 5 137 35 108 195 66 92 121 134 196 151 118 196 19 29 95 29 139 31 19 195 200 181 151 198 198 136 147 192 61 157 142 164 102 5 118 97 61 57 87 42 57 137 73 13 34 132 151 37 159 184 192 71 132 54 46 10 192 34 107 191 103 94 136 17 87 49 
78 188 168 131 114 63 22 192 39 121 167 120 148 150 174 199 16 128 9 156 47 143 74 109 44 87 163 99 2 180 12 152 129 157 121 145 61 8 19 133 79 50 99 49 182 77 157 190 57 67 137 146 173 8 39 20 23 182 118 70 96 41 13 180 147 14 141 38 36 82 166 104 165 173 51 
183 56 185 147 17 83 101 66 147 155 66 156 198 111 134 144 6 39 111 101 58 14 191 122 8 170 83 46 137 71 78 42 88 159 187 190 84 76 138 129 45 20 48 139 118 128 55 197 135 72 12 12 164 7 112 143 187 175 195 39 78 32 43 166 154 137 52 20 4 92 76 87 103 178 124 
41 194 100 190 53 184 103 170 95 33 162 36 193 166 35 126 34 132 60 161 154 152 6 119 193 46 137 22 137 197 98 1 78 181 189 15 110 17 129 126 187 98 91 41 161 121 135 28 184 53 195 136 127 133 191 16 173 101 135 133 14 111 3 62 49 4 66 42 78 151 8 86 41 181 199 
20 6 153 64 3 86 185 171 157 118 181 133 155 172 181 170 80 178 113 112 108 176 174 44 82 31 43 61 52 58 124 25 119 19 47 66 181 112 5 173 93 78 160 27 199 114 154 167 49 148 18 120 123 86 2 105 197 154 77 88 173 129 81 198 158 190 13 21 126 110 145 182 37 96 70 
174 123 46 178 20 199 9 90 75 151 35 26 180 120 59 52 21 34 47 195 151 128 80 107 63 12 155 195 86 55 15 95 28 105 63 130 76 156 163 11 193 196 183 68 135 196 150 175 16 66 96 25 59 67 59 188 43 97 84 11 192 14 13 115 3 21 174 119 125 50 100 181 197 115 75 
49 95 35 153 154 129 99 58 132 179 145 68 27 144 11 182 38 35 122 24 74 151 110 195 119 145 25 107 68 145 97 124 134 172 142 8 157 35 51 62 160 15 167 79 94 112 35 179 148 86 53 151 62 127 193 71 55 161 181 83 18 62 105 101 130 72 91 151 114 77 9 145 27 72 132 
144 113 126 12 96 81 59 88 15 45 75 26 146 63 1 46 80 99 176 30 177 103 177 112 192 168 10 94 200 25 103 133 149 11 160 161 112 184 6 22 60 89 158 24 168 44 142 2 197 125 150 48 75 162 11 58 176 105 150 140 9 143 199 116 187 3 49 18 175 9 51 18 137 41 30 
20 23 30 41 117 74 25 145 60 109 74 117 174 164 160 59 78 19 47 113 92 55 119 24 137 102 91 150 39 100 31 39 148 131 138 49 92 197 82 96 17 75 89 143 186 83 196 16 46 126 136 156 69 182 9 132 175 76 58 42 27 82 190 145 150 172 120 57 21 123 185 97 85 29 137 
146 142 33 185 184 36 29 115 72 49 77 174 133 11 22 192 83 182 161 66 123 150 140 123 40 40 196 48 196 184 150 108 39 55 5 8 153 36 51 79 100 173 92 168 128 81 57 160 151 34 58 65 161 130 83 21 131 86 26 73 80 14 184 154 41 71 67 37 103 96 181 17 125 90 96 
113 191 76 22 188 5 26 179 198 93 69 77 87 75 150 99 109 76 24 190 70 161 138 55 29 44 1 33 37 40 156 170 42 3 189 197 175 95 109 176 15 151 157 1 35 134 90 43 130 121 169 81 170 169 123 194 73 164 42 124 87 128 55 159 177 119 43 199 25 129 197 126 71 96 68 
32 137 120 24 136 28 83 61 180 72 160 4 7 125 109 20 164 34 98 191 98 28 8 170 133 48 124 15 182 186 139 129 120 105 73 8 101 51 47 69 117 50 147 91 110 98 166 55 106 183 127 91 37 122 110 22 72 98 134 176 190 127 156 126 17 139 169 79 60 169 32 155 142 29 108 
180 74 126 121 103 137 124 36 26 113 178 20 109 37 54 49 74 168 157 104 129 158 135 28 127 136 199 36 173 53 155 123 7 4 52 128 97 158 120 38 44 75 141 52 5 55 172 155 120 19 117 54 22 115 116 36 14 90 115 196 91 28 167 197 100 167 84 143 45 50 15 21 11 153 194 
158 96 174 174 88 35 35 163 120 106 151 121 174 39 21 1 161 42 192 54 183 188 114 31 174 147 167 49 69 97 107 110 69 197 173 166 74 122 160 73 68 54 137 188 33 191 144 36 68 159 70 162 178 3 7 35 128 138 188 105 158 14 112 71 166 37 170 59 19 148 189 46 117 158 179 
68 11 136 157 57 98 21 135 118 188 89 150 10 75 187 64 124 10 70 158 73 35 13 189 78 136 156 89 126 180 158 100 98 64 25 148 175 80 46 108 104 132 25 42 8 101 152 140 3 45 27 23 89 37 196 156 25 25 72 192 180 97 167 176 51 182 98 135 80 100 185 30 150 181 110 
45 140 71 166 104 142 75 10 124 80 77 10 91 47 82 196 64 58 130 53 64 94 31 57 59 83 183 40 80 91 200 53 147 174 97 190 108 13 162 21 125 77 80 135 11 99 2 87 130 78 138 175 32 110 146 119 109 127 115 172 147 29 181 43 88 79 183 29 156 158 31 39 140 163 93 
21 115 116 181 47 200 164 123 194 144 13 32 40 100 1 161 95 91 175 28 63 192 194 151 40 155 176 121 25 76 143 68 200 33 33 130 73 199 194 29 6 153 98 149 133 94 162 69 104 48 75 96 137 48 54 193 22 139 158 193 104 84 5 58 5 2 77 121 99 174 94 106 43 51 170 
131 29 164 94 25 141 123 96 197 99 183 102 16 174 30 190 125 157 24 13 71 187 69 195 116 177 29 112 118 65 25 156 6 48 11 154 75 16 161 166 177 37 155 13 92 9 125 99 153 5 141 35 97 118 147 186 162 30 79 9 167 9 55 124 107 169 158 14 20 156 157 17 117 97 124 
119 101 118 54 126 146 199 101 55 92 94 191 187 122 125 194 22 3 133 136 141 24 79 116 34 47 177 74 19 34 172 62 106 79 16 118 144 185 21 134 141 65 30 148 160 168 102 19 159 57 111 189 75 8 33 76 29 23 20 93 28 24 46 68 143 18 49 82 3 123 62 102 79 172 38 
6 91 43 8 101 143 103 23 177 34 3 4 158 70 136 111 134 143 197 188 82 127 129 116 148 44 148 65 41 26 192 139 184 184 160 139 158 125 4 170 81 88 99 111 34 28 78 4 169 121 156 129 76 119 5 152 98 174 45 169 150 48 85 136 129 18 119 130 66 102 125 141 85 40 3 
90 51 7 52 139 8 126 187 88 34 179 164 1 65 143 82 73 116 57 36 13 125 23 163 175 171 71 136 111 17 73 5 70 166 190 98 173 42 47 124 93 118 67 79 75 48 39 53 166 45 14 143 41 110 8 115 104 103 195 68 106 24 41 25 2 115 25 87 112 192 10 136 4 11 166 
172 129 11 55 25 75 184 162 151 129 116 140 69 160 115 94 168 109 189 196 186 27 112 64 5 145 118 140 93 88 35 41 152 98 37 175 155 112 85 191 150 103 17 47 124 34 68 188 122 130 123 128 67 69 46 3 113 24 197 98 27 64 200 170 108 109 108 121 91 72 67 11 56 25 140 
79 181 78 103 151 42 128 21 127 179 151 126 181 101 171 61 94 135 68 148 182 17 196 165 112 145 96 179 90 147 67 200 175 191 151 13 77 47 180 187 25 75 195 75 43 9 184 172 117 173 123 60 2 104 34 46 176 144 24 171 56 146 92 9 51 141 95 45 29 28 111 41 140 191 144 
140 130 158 37 46 27 95 3 124 153 32 43 24 36 184 197 154 171 165 82 81 172 72 25 113 200 188 36 32 129 191 58 169 77 65 131 133 84 69 79 116 73 131 67 194 66 73 117 125 117 177 9 103 90 124 146 22 169 126 17 156 74 24 113 84 169 120 196 150 33 155 126 95 129 73 
101 145 47 32 171 131 18 71 103 97 5 10 195 105 67 179 158 66 137 189 86 93 110 166 129 92 73 87 35 200 78 178 104 119 67 156 92 59 9 2 15 179 134 12 189 7 8 184 76 181 185 125 112 55 43 120 157 195 44 34 77 102 21 42 13 152 86 123 78 89 120 56 113 123 152 
30 5 150 185 79 132 110 21 140 75 186 191 149 4 158 16 61 188 172 19 176 188 183 99 87 71 154 181 3 141 79 184 150 80 12 77 47 183 111 135 145 115 16 163 43 110 70 120 121 176 90 80 124 200 129 71 141 88 54 67 109 167 119 124 68 164 151 140 47 52 184 4 2 3 81 
192 128 187 25 25 94 161 154 180 20 189 6 105 172 113 95 49 165 135 12 85 30 105 57 92 189 182 172 168 60 32 119 47 156 83 104 64 9 77 2 21 51 74 42 135 152 44 51 84 162 1 95 28 2 173 142 183 198 7 89 23 105 11 161 77 168 92 71 180 81 50 60 141 123 56 
58 63 122 14 128 61 18 7 187 15 153 94 191 76 133 124 82 58 47 94 15 95 11 33 183 117 28 60 91 153 189 93 62 116 196 46 30 53 89 116 17 119 13 4 175 67 87 53 142 49 175 185 77 83 149 12 194 95 128 194 44 13 145 176 123 167 73 153 56 187 171 50 168 143 96 
192 87 54 148 40 185 152 181 36 49 48 129 118 128 131 18 80 104 4 85 155 86 110 84 83 96 150 100 1 88 75 118 138 173 119 148 172 78 80 136 41 133 6 74 51 8 142 127 180 51 76 163 120 78 57 112 191 150 112 174 12 55 24 30 54 186 171 96 195 185 83 19 163 189 146 
189 56 3 162 107 180 42 46 30 148 93 86 152 72 3 56 22 98 89 119 146 84 172 129 11 190 24 8 158 111 162 133 73 58 58 63 125 35 87 31 49 81 131 22 80 9 137 42 94 12 68 104 122 48 156 195 161 173 191 120 111 94 183 77 157 9 121 88 45 178 77 126 175 173 108 
53 147 102 194 27 147 2 103 39 40 185 22 109 134 176 56 60 21 8 199 173 152 181 115 26 62 68 45 80 88 113 6 145 84 107 188 70 76 196 189 152 195 145 5 83 172 85 163 198 97 192 166 132 116 90 30 186 121 97 157 151 7 78 151 161 86 195 74 196 54 5 157 78 97 156 
26 87 194 189 42 83 194 166 118 6 31 123 91 72 97 152 186 21 60 50 189 26 51 171 146 144 145 132 100 23 61 185 36 34 51 137 70 189 28 44 187 166 90 82 48 21 133 148 62 118 146 190 60 190 57 183 198 105 191 90 102 184 197 184 70 200 17 24 66 179 76 100 153 74 181 
20 187 67 182 161 142 36 138 127 36 173 197 154 133 103 61 138 199 25 199 45 22 34 75 36 64 108 76 53 157 196 36 17 48 138 31 173 74 141 29 192 171 101 176 10 191 60 88 89 154 188 194 158 162 117 178 76 105 37 74 135 153 63 70 146 104 77 43 93 6 110 167 65 149 29 
177 112 34 107 44 179 50 138 12 42 141 182 49 156 27 151 128 124 87 90 111 97 23 133 57 98 185 51 83 111 66 95 14 199 154 20 125 143 28 183 180 106 174 96 62 150 40 39 25 135 179 12 76 170 22 118 130 29 78 158 54 27 52 95 153 6 41 126 50 178 56 132 122 4 140 
48 124 36 100 161 85 94 100 78 150 54 54 127 174 145 76 16 151 66 96 146 29 68 121 99 185 18 29 22 72 123 177 5 47 104 6 157 112 46 8 101 21 95 91 92 36 20 82 173 52 50 94 141 179 133 191 170 112 30 147 55 189 1 95 167 80 37 9 121 21 90 158 102 37 123 
65 5 122 23 92 76 120 47 21 77 157 110 71 113 173 176 147 163 106 58 188 48 86 125 62 82 95 156 27 123 181 189 143 70 23 199 63 59 142 11 27 111 48 193 177 100 200 16 119 5 128 134 51 119 151 40 61 18 8 109 156 107 200 60 38 43 36 119 75 81 117 152 113 85 99 
87 124 6 181 89 32 48 143 107 35 107 154 43 67 112 129 168 104 146 185 151 133 159 179 45 84 100 159 118 132 51 91 75 164 77 96 14 173 127 56 15 24 122 161 32 141 25 172 142 21 197 15 191 194 6 31 34 136 16 177 30 79 188 11 140 35 4 183 70 67 78 179 90 59 43 
102 64 152 72 41 188 69 184 11 161 180 89 71 40 26 111 112 174 189 179 73 173 102 25 185 189 107 111 4 53 71 192 43 84 138 12 100 83 130 42 136 170 176 107 176 135 194 118 68 137 94 75 85 191 152 130 91 169 186 99 44 78 69 125 116 69 120 58 75 18 148 160 80 144 73 
61 18 33 183 177 39 64 182 8 81 100 41 8 41 170 153 187 37 200 115 40 124 84 161 40 56 96 41 65 107 104 66 196 52 58 36 1 49 103 38 6 92 181 7 169 82 13 161 27 79 146 184 160 28 101 33 152 68 27 47 41 81 135 165 101 37 13 45 200 13 191 125 100 95 139 
150 94 195 132 115 183 158 87 154 66 10 59 195 31 123 42 178 177 56 93 73 54 5 12 12 132 4 154 192 61 188 190 48 151 188 81 34 75 59 154 67 22 103 112 132 144 6 178 106 9 37 158 171 195 193 123 38 43 125 80 7 121 103 34 150 74 138 140 160 190 151 100 200 147 66 
135 179 122 174 190 98 26 73 107 186 68 112 165 166 164 151 151 42 198 103 182 134 31 38 179 32 1 139 79 92 197 21 194 22 108 186 144 121 125 108 138 71 186 119 189 190 173 92 80 65 126 128 199 16 89 65 28 96 168 184 14 4 145 118 121 76 154 104 80 17 101 55 39 83 149 
189 178 102 87 82 132 70 92 123 80 4 13 9 89 127 5 136 99 7 20 111 78 171 148 73 174 165 80 170 21 42 165 92 41 15 113 24 158 62 86 38 97 133 160 93 75 41 76 83 91 33 39 112 89 24 134 170 134 177 152 153 10 100 194 183 176 109 139 191 124 91 151 149 102 139 
86 64 6 43 66 73 150 86 119 28 126 104 74 134 187 186 182 2 190 190 91 22 68 106 80 42 161 61 123 93 102 13 110 70 122 104 94 34 92 100 132 93 148 184 74 159 47 82 99 197 82 47 158 151 136 83 81 48 46 126 95 22 140 97 19 106 183 10 191 84 86 144 28 41 58 
169 198 61 188 112 185 180 84 116 136 81 137 118 177 170 15 69 24 90 77 121 21 52 144 9 180 31 79 79 21 157 50 70 20 100 36 143 20 19 127 191 151 108 92 124 182 65 119 111 46 33 190 94 123 196 160 173 63 26 89 161 132 1 69 10 4 5 119 25 40 31 93 71 56 161 
180 168 136 170 149 173 130 125 167 64 193 133 185 82 136 94 140 50 148 55 128 184 31 85 102 25 31 76 174 178 42 118 14 5 14 192 118 44 102 112 36 56 166 74 102 63 173 91 59 31 72 129 114 50 109 6 187 9 56 96 76 97 136 174 64 33 104 166 120 33 135 92 188 21 156 
179 78 71 168 28 24 88 37 179 49 5 7 177 88 60 191 87 113 40 45 162 111 179 53 114 36 78 135 11 68 121 195 165 86 37 49 126 145 192 15 34 52 55 106 162 82 90 144 55 85 191 50 101 66 36 37 89 185 190 135 174 188 91 175 49 10 180 26 59 20 18 177 199 4 34 
106 84 175 143 67 26 4 129 39 51 151 172 171 77 15 50 47 99 154 156 157 185 131 69 113 178 159 183 46 85 29 137 95 38 124 184 26 1 96 159 28 9 123 11 112 28 6 9 142 124 96 83 77 156 4 73 32 65 186 107 30 154 39 183 153 63 26 73 40 104 95 77 112 134 99 
24 70 79 7 105 55 90 100 112 51 24 114 100 183 188 58 183 38 26 122 37 168 121 155 89 131 170 169 70 194 33 55 157 99 111 116 129 61 51 48 143 84 8 104 190 35 107 124 69 58 47 46 15 30 97 165 40 53 61 187 21 137 196 129 169 65 169 32 178 130 114 199 8 58 62 
146 133 112 43 26 92 82 12 60 109 112 2 43 77 143 187 2 74 172 77 183 176 50 175 184 13 39 84 76 80 107 131 181 34 24 173 28 62 126 66 151 141 194 144 46 166 112 69 147 24 41 194 4 184 25 14 110 66 121 9 145 111 50 61 43 102 185 124 45 176 94 162 25 107 198 
194 26 116 131 147 21 168 101 194 111 93 96 115 123 122 49 64 176 51 21 61 80 165 6 36 60 187 105 92 156 81 158 156 191 5 105 174 180 101 72 157 146 14 158 169 178 15 41 82 163 131 47 123 68 11 94 191 110 60 141 139 3 47 59 186 82 19 94 17 82 123 65 122 184 25 
28 17 92 146 80 174 20 192 36 97 91 176 83 94 95 151 88 176 51 194 156 74 118 123 79 59 37 34 46 165 49 75 60 139 107 24 142 66 174 43 119 97 182 155 138 50 148 163 45 100 89 130 108 74 77 93 196 73 160 103 25 171 25 1 69 64 89 101 146 63 69 11 195 90 173 
89 32 16 100 18 182 51 22 12 92 193 7 40 163 27 114 123 116 149 89 72 128 151 62 41 15 5 80 112 122 69 94 10 180 132 64 131 69 35 153 189 78 44 130 183 100 80 184 23 27 51 190 24 67 39 174 36 7 95 163 139 30 9 140 179 90 129 187 3 136 179 22 47 176 101 
51 40 185 78 65 57 22 173 125 69 8 60 157 53 144 169 51 197 155 156 188 185 60 65 194 164 155 100 183 136 59 170 5 143 194 45 86 200 179 39 179 73 57 65 78 97 164 37 187 66 115 1 30 109 96 125 61 111 1 23 186 168 108 101 2 40 112 159 69 35 15 29 17 173 121 
5 163 190 173 176 50 171 69 70 74 120 167 196 26 109 160 198 197 49 123 8 60 182 108 110 50 190 167 109 102 2 170 103 144 61 95 40 166 69 31 80 40 13 199 152 73 166 103 98 162 163 84 102 188 130 78 121 141 82 120 185 65 38 109 118 75 134 107 116 114 82 37 33 191 49 
6 160 3 70 126 68 158 56 192 31 77 162 170 81 132 171 128 120 199 24 128 23 35 68 160 190 153 200 157 125 159 162 140 139 74 121 184 64 181 101 156 164 109 114 60 196 126 10 196 167 147 176 121 60 183 117 111 101 113 115 190 10 186 72 189 6 102 117 185 59 187 145 4 40 76 
42 123 119 7 134 195 109 118 102 18 145 116 124 102 38 96 162 22 5 56 34 114 150 25 133 175 64 59 128 191 91 186 160 68 44 144 193 113 37 83 192 41 112 27 172 40 110 162 49 75 35 184 4 172 174 131 111 157 152 97 60 194 87 37 143 48 54 128 101 149 181 107 143 18 88 
