100 6
0
1
1 81 82 409
2 94 72 382
3 146 105 776
4 153 142 1289
5 174 23 358
6 220 194 1384
7 236 103 1060
8 248 167 1250
9 265 123 19
10 441 136 441
11 457 50 857
12 540 166 208
13 619 17 585
14 647 14 731
15 719 43 719
16 741 132 1797
17 756 83 1254
18 761 183 761
19 771 177 417
20 774 135 504
21 905 91 1451
22 906 67 906
23 984 21 1068
24 1047 92 1231
25 1074 125 2074
26 1092 189 714
27 1116 13 1116
28 1212 94 1588
29 1229 73 1083
30 1238 182 1238
31 1298 156 986
32 1326 154 2250
33 1340 193 954
34 1387 185 1017
35 1496 105 1916
36 1536 94 2288
37 1667 135 2477
38 1699 193 2857
39 1839 138 2667
40 1859 55 2299
41 1866 168 1866
42 1897 57 2125
43 1997 165 3317
44 2011 89 2189
45 2025 153 1719
46 2074 158 3338
47 2081 21 2165
48 2132 181 1770
49 2215 69 2077
50 2356 26 2304
51 2391 81 2877
52 2453 134 2185
53 2528 97 2528
54 2548 197 2548
55 2664 33 2730
56 2670 184 2302
57 2674 6 2710
58 2690 167 2356
59 2705 85 3385
60 2708 120 3428
61 2742 94 3118
62 2812 103 3224
63 2898 113 2898
64 2908 179 3266
65 2931 65 2931
66 3021 119 3021
67 3074 114 3530
68 3094 50 2994
69 3122 33 3188
70 3123 78 2967
71 3142 59 3378
72 3182 198 4766
73 3195 62 3319
74 3383 71 3241
75 3454 145 3744
76 3504 85 3504
77 3526 162 3202
78 3756 174 3408
79 3780 105 3780
80 3796 121 4280
81 3852 120 3612
82 3905 118 3669
83 3945 120 4425
84 4008 111 4674
85 4032 36 4176
86 4035 100 4635
87 4044 121 4528
88 4068 185 5178
89 4163 136 4707
90 4248 193 3862
91 4262 126 4514
92 4264 183 5728
93 4280 145 4570
94 4489 18 4561
95 4500 84 4500
96 4509 90 5229
97 4532 197 5320
98 4539 72 4827
99 4611 185 4241
100 4640 167 5642
155 67 82 177 40 153 155 22 50 49 84 2 24 81 117 91 14 190 160 11 19 145 126 71 91 84 110 192 39 30 105 23 113 26 87 95 1 35 21 155 96 28 159 34 59 24 95 95 49 149 131 110 50 48 35 193 82 72 164 6 144 191 43 74 149 185 11 55 59 170 143 128 43 57 105 67 103 70 200 74 14 178 36 184 31 25 63 169 65 168 15 92 172 23 200 65 34 66 117 109 
81 32 58 196 108 127 50 175 84 189 166 10 23 73 164 171 78 140 190 181 152 183 196 182 41 9 15 75 62 163 5 172 82 120 169 174 78 78 187 61 170 151 11 125 16 167 135 13 110 35 72 94 170 11 4 65 126 7 139 84 69 58 78 61 1 64 109 72 137 88 100 37 34 51 53 72 106 145 189 101 167 41 131 101 126 121 4 123 186 101 42 19 192 183 19 97 12 83 112 116 
184 58 176 46 196 125 183 158 137 143 146 159 137 122 29 159 146 132 186 194 199 20 121 131 58 73 23 5 1 41 4 32 18 36 4 95 20 156 81 178 64 51 122 94 80 159 144 192 175 139 156 6 183 197 163 178 151 147 170 111 105 143 16 23 160 61 133 170 124 97 134 112 183 197 146 18 76 62 188 48 118 114 115 166 96 194 160 67 174 173 79 174 76 66 93 28 10 37 133 7 
5 102 108 2 133 64 50 98 133 186 91 149 102 170 152 4 10 28 96 143 103 44 105 163 83 132 61 26 164 104 68 8 17 108 28 111 58 138 155 66 78 142 27 199 89 99 64 194 25 47 13 46 151 94 67 19 198 16 198 19 10 183 182 167 35 156 160 49 103 134 126 18 2 171 173 119 153 123 42 70 12 198 32 38 81 73 96 22 32 8 171 71 33 57 62 30 144 157 161 145 
122 125 177 25 90 82 73 30 82 125 94 95 103 34 52 184 169 187 174 153 181 27 140 42 20 7 24 71 143 113 112 160 162 70 170 47 35 114 86 116 88 33 197 95 74 14 111 46 146 30 186 139 115 110 169 61 80 122 184 61 84 25 52 30 97 84 99 95 173 53 167 5 171 94 173 151 28 200 22 180 144 113 116 41 130 172 197 184 83 135 53 120 73 19 151 8 166 90 155 25 
174 48 67 83 148 40 11 54 5 115 34 198 185 22 176 197 112 11 44 102 3 59 49 160 4 170 178 72 48 171 109 18 173 195 3 68 39 71 110 181 11 126 124 94 64 144 108 45 80 187 167 181 91 198 137 46 10 151 30 24 130 83 46 154 57 78 25 104 87 40 143 173 62 114 181 33 187 60 34 181 176 124 149 24 49 21 176 71 195 103 131 29 64 94 2 138 8 112 147 106 
181 90 124 12 17 130 27 59 40 108 116 151 168 15 10 159 44 56 184 132 50 95 172 88 48 171 151 84 52 130 191 17 29 98 162 46 123 147 99 44 112 152 69 59 188 167 167 40 168 132 88 153 184 186 6 147 171 176 164 140 190 152 14 26 155 85 101 70 103 11 168 169 120 172 134 105 154 167 18 57 131 199 193 91 41 161 135 170 89 34 17 72 70 76 70 18 160 104 106 87 
138 2 142 167 149 182 33 142 39 36 79 75 55 178 176 102 89 131 138 76 150 85 44 141 115 130 149 131 91 130 200 56 172 106 55 182 114 81 174 58 68 140 38 119 140 35 21 125 39 131 37 179 43 83 145 9 147 77 52 154 38 88 96 144 179 158 53 191 41 11 16 20 119 147 87 137 87 187 23 85 60 101 39 82 96 18 83 176 131 32 58 27 159 30 79 59 29 91 159 40 
56 125 161 52 139 68 134 29 143 97 168 159 69 48 199 43 97 8 35 183 135 18 170 84 161 160 190 197 14 150 136 109 82 160 57 40 17 176 53 179 146 109 126 183 160 60 114 147 189 25 141 52 34 90 88 135 176 29 188 47 157 183 151 23 98 148 187 93 30 4 142 157 128 58 7 61 121 176 159 27 98 191 67 112 155 55 24 14 65 162 183 77 102 53 24 37 61 121 65 50 
134 39 29 138 17 86 178 10 137 152 81 155 45 80 152 29 46 7 51 168 105 170 100 74 127 154 124 114 182 68 175 114 121 172 91 85 126 33 49 160 20 13 185 121 172 62 111 38 87 35 181 194 81 34 89 105 109 1 26 194 196 190 32 137 110 56 91 200 76 73 16 26 53 165 58 148 101 163 14 42 43 26 158 6 26 61 95 8 199 159 173 16 80 133 160 146 189 20 93 162 
71 170 36 157 31 181 188 173 152 94 172 151 193 92 196 90 117 85 1 165 122 158 190 44 152 2 175 10 180 130 38 2 22 109 135 81 182 134 4 84 89 49 17 158 122 15 97 80 200 162 1 80 53 133 60 167 168 174 91 157 51 128 139 38 175 181 125 132 178 128 174 129 122 188 79 15 112 194 182 103 17 59 59 25 91 14 60 25 85 78 36 42 62 125 106 177 124 71 129 75 
198 75 53 4 152 110 171 55 100 52 185 56 164 83 109 85 88 14 17 155 10 9 105 84 125 187 141 15 71 82 87 15 170 17 184 41 109 132 106 165 183 48 26 135 170 96 89 5 32 18 49 11 87 139 190 7 38 108 146 198 13 148 168 3 16 120 30 124 78 11 81 78 35 92 130 17 157 151 115 144 79 171 98 127 113 94 175 188 118 8 86 184 118 1 166 54 190 186 177 102 
58 142 153 105 19 131 182 17 114 141 152 79 172 196 16 110 174 3 161 137 169 158 35 18 134 6 17 90 117 31 20 106 164 52 92 157 76 81 89 139 58 155 22 44 109 79 136 175 36 156 125 16 187 155 155 191 101 48 200 7 79 27 59 81 152 39 85 58 31 24 191 33 10 146 21 68 157 17 92 87 163 138 126 169 83 62 156 153 142 191 101 58 5 70 162 80 168 189 126 182 
75 79 161 38 92 150 124 9 109 48 60 183 126 87 164 170 164 171 38 167 138 194 198 128 85 161 67 145 176 35 100 136 186 117 61 164 19 32 132 106 138 156 53 25 149 177 169 143 83 90 4 179 172 145 169 104 152 190 110 25 131 47 82 120 37 92 93 82 128 136 95 55 70 6 185 33 152 4 104 96 133 188 182 10 149 122 42 142 165 127 168 187 134 86 186 116 125 19 86 137 
82 181 127 88 121 55 73 183 122 52 129 181 98 8 200 36 21 93 175 186 30 48 60 185 18 194 183 118 9 176 64 97 164 141 146 9 173 144 169 168 77 104 83 106 8 170 113 130 21 200 119 32 126 169 147 158 71 67 80 174 48 12 73 8 63 40 102 6 18 200 71 66 130 188 138 101 184 48 143 7 131 157 192 132 192 68 168 183 75 182 166 29 97 199 105 11 195 122 99 90 
170 163 4 84 98 152 134 84 48 25 145 151 26 33 150 42 24 168 154 122 23 51 93 195 193 74 33 140 39 129 96 116 195 104 177 15 163 92 48 80 180 200 31 163 112 48 118 132 199 118 60 174 43 31 194 45 108 9 110 151 130 77 197 115 77 196 74 127 93 166 13 88 20 54 9 168 152 66 154 124 62 122 157 141 10 100 46 133 28 54 59 14 199 100 77 52 42 89 200 11 
51 6 80 63 166 110 107 116 80 91 119 194 39 186 34 2 130 112 142 144 47 36 17 53 76 198 43 12 84 172 100 57 12 187 120 47 118 39 26 16 25 133 188 91 170 95 70 145 149 62 195 27 162 160 161 166 68 3 142 195 26 35 60 51 153 50 83 75 5 67 66 51 140 84 124 176 149 62 160 91 66 135 187 94 75 120 185 189 183 124 165 190 74 165 14 80 197 63 85 124 
85 110 157 89 157 192 171 68 73 40 123 64 57 168 6 199 15 20 92 42 107 93 136 82 52 34 151 96 133 179 154 111 162 81 140 195 150 111 32 99 56 47 73 96 68 47 164 198 163 25 95 189 134 82 97 103 180 88 121 40 62 194 171 24 136 136 125 126 93 131 117 45 44 119 3 121 32 91 105 134 179 90 100 177 177 78 39 155 138 173 70 42 175 145 153 189 80 108 73 31 
15 128 55 122 160 43 44 57 84 161 85 106 93 44 105 64 40 115 18 4 85 49 93 56 148 58 175 144 69 66 161 32 109 85 93 49 134 57 17 94 74 65 48 95 82 80 74 177 133 80 89 62 151 67 107 47 109 40 36 152 74 108 143 8 131 14 125 163 12 146 48 64 51 121 41 63 33 171 133 78 68 154 43 92 16 187 60 186 25 80 186 22 194 70 33 80 96 158 5 160 
3 154 139 84 38 184 81 65 173 109 41 60 83 14 97 32 9 55 89 122 33 141 31 131 30 192 158 7 93 136 113 66 178 100 8 152 81 184 124 152 112 142 22 41 43 131 77 170 15 172 189 180 74 114 52 182 107 27 71 50 121 62 126 48 124 51 190 151 64 174 63 139 131 146 199 171 18 11 126 49 46 31 45 26 88 88 66 73 199 114 35 81 111 166 146 26 46 105 195 18 
133 68 196 159 134 58 12 85 170 116 23 137 132 2 119 18 164 15 145 25 186 50 62 159 19 124 127 100 107 11 28 50 132 50 198 124 19 31 82 54 110 80 163 184 61 191 97 142 100 143 155 173 106 159 2 115 196 184 145 12 15 136 157 56 119 55 36 129 124 116 160 123 39 121 198 4 189 117 60 34 141 10 76 164 136 33 28 5 158 43 153 10 55 148 28 130 104 17 194 60 
125 106 52 161 86 128 137 91 61 169 193 65 167 101 192 63 94 59 142 15 157 128 79 72 107 106 157 75 116 70 58 4 145 116 39 105 24 73 65 72 158 11 1 19 11 66 86 171 57 3 79 84 69 39 71 56 148 104 9 178 107 140 58 124 157 95 117 112 68 11 149 105 20 105 2 2 63 146 19 170 14 153 15 65 99 99 184 145 143 183 120 55 32 199 170 8 32 140 112 14 
107 18 178 36 37 58 155 42 112 110 99 116 63 17 129 154 76 89 193 80 103 127 3 113 5 29 42 99 112 57 3 127 200 19 173 126 61 21 94 105 123 7 43 50 169 199 9 102 82 177 72 149 17 14 158 13 95 192 84 78 77 65 101 5 170 86 126 101 170 136 180 11 116 149 8 51 15 90 65 2 93 192 71 173 80 68 67 69 130 70 172 77 62 156 149 123 161 190 105 49 
14 93 137 93 68 13 154 27 13 122 27 52 172 30 28 63 12 4 171 24 46 31 132 67 87 180 58 60 106 32 16 21 22 53 194 199 182 67 47 1 104 163 35 119 188 173 30 49 153 190 32 9 180 200 41 126 94 18 69 79 37 62 173 9 9 58 82 3 127 22 144 71 159 157 72 148 60 31 28 47 15 151 185 52 161 79 155 143 128 9 146 77 162 40 64 99 33 57 119 178 
107 144 93 190 21 170 72 87 154 19 153 28 116 9 183 154 36 161 17 43 191 126 97 87 165 70 158 75 32 179 65 177 194 47 148 21 9 58 41 180 167 44 195 5 3 152 196 15 13 180 102 120 184 18 106 174 178 73 58 96 31 127 11 161 138 120 160 10 129 59 91 181 189 198 42 73 177 23 82 19 20 4 137 81 89 174 67 30 129 130 190 26 118 47 27 4 53 178 100 13 
17 158 188 167 178 82 59 59 125 146 6 176 90 160 108 11 60 18 60 176 177 45 87 1 35 21 156 15 157 46 83 133 3 42 70 176 181 62 145 97 100 152 151 170 128 48 71 119 168 111 54 93 85 14 165 35 46 22 137 186 71 63 116 196 172 113 99 152 105 134 116 112 7 15 112 121 20 60 145 68 120 43 64 158 159 43 80 12 37 161 82 55 23 2 154 198 28 114 48 57 
78 144 169 159 133 26 173 163 85 125 192 22 99 117 160 187 70 9 95 23 2 186 43 136 49 160 132 11 4 5 82 127 69 87 30 42 18 10 5 113 28 41 146 44 193 154 120 13 156 6 123 184 156 117 145 45 110 143 157 48 19 191 197 14 103 120 198 140 54 11 57 39 185 100 176 184 183 59 93 183 147 159 69 133 12 171 84 54 71 130 49 163 21 60 63 90 20 67 27 96 
65 112 189 191 48 107 26 167 181 111 47 48 171 91 124 123 61 89 8 12 1 12 120 150 80 114 162 68 109 24 112 133 2 42 193 165 51 52 154 151 174 152 156 3 165 62 47 85 128 36 101 163 175 52 1 37 31 57 185 35 184 24 174 57 188 194 145 142 140 128 23 173 136 81 5 161 39 47 2 106 189 121 189 43 33 94 140 125 55 113 71 171 176 65 56 12 125 175 34 103 
181 107 70 79 95 141 139 2 92 155 25 195 3 106 100 120 28 52 112 195 26 143 130 47 53 28 16 3 16 88 96 62 39 159 190 21 149 150 93 198 86 9 197 54 71 119 51 142 101 24 39 127 91 85 129 143 60 38 176 82 183 170 107 200 141 54 11 25 23 57 3 187 107 131 115 57 10 142 119 53 86 89 129 59 133 78 130 58 104 149 88 127 73 137 74 74 130 60 100 101 
129 49 34 42 180 60 31 130 7 17 128 175 43 137 14 84 66 155 117 57 197 121 142 35 100 73 152 121 13 132 180 127 96 155 91 72 101 146 160 63 94 43 39 177 52 107 56 150 86 45 194 17 112 71 26 180 184 91 185 87 196 72 183 87 102 22 178 168 18 14 132 183 52 107 15 93 59 68 126 129 156 104 57 86 77 113 137 115 191 139 156 55 94 7 114 158 126 178 45 23 
7 191 101 113 94 118 8 129 157 162 145 70 82 7 51 184 89 71 77 196 50 4 42 34 139 161 6 12 163 175 136 7 102 153 82 167 137 70 157 143 149 122 8 77 34 3 161 38 5 49 60 74 93 123 165 191 57 184 37 17 198 74 176 146 107 168 179 58 31 200 188 155 79 108 6 8 14 170 115 139 2 75 97 49 197 102 127 68 107 140 96 176 38 167 51 87 171 132 166 195 
110 142 26 63 185 57 93 118 48 170 119 138 177 31 193 108 110 116 169 46 145 137 90 80 3 129 174 44 1 119 73 72 199 66 11 96 4 181 103 11 165 129 15 131 190 143 92 186 164 112 117 149 113 28 4 168 178 76 70 168 145 130 161 26 44 70 165 55 55 196 50 31 175 178 169 118 192 78 95 169 177 18 146 20 19 190 113 81 50 200 163 4 58 84 17 61 90 87 64 182 
22 81 176 67 48 118 77 68 164 141 5 181 60 167 145 89 34 178 85 140 7 155 2 36 127 133 139 128 153 116 87 45 199 179 131 50 45 16 137 118 164 6 171 23 116 192 80 174 35 114 169 12 67 128 10 140 62 161 24 150 150 16 16 5 1 142 65 69 65 118 71 150 35 23 97 87 77 19 130 16 138 133 171 181 23 97 122 16 74 143 48 156 148 190 179 154 121 131 107 41 
159 86 162 116 129 161 27 118 112 96 158 165 145 88 133 69 130 177 90 151 138 7 21 42 155 185 131 146 78 68 200 114 140 46 128 125 75 79 178 17 82 90 23 98 112 190 13 32 119 85 101 193 66 62 75 112 31 139 176 102 26 70 189 53 58 145 53 80 75 170 58 26 26 33 66 84 83 91 48 93 18 34 39 111 137 113 193 152 167 200 73 16 170 154 50 74 34 164 67 83 
199 8 181 187 65 156 170 107 116 32 79 118 2 145 166 88 76 188 98 72 79 154 90 70 96 143 174 33 33 111 154 65 183 69 63 183 79 82 187 176 77 56 163 19 157 145 78 33 4 177 62 66 123 189 101 128 169 49 31 117 75 80 182 110 84 72 15 147 188 92 37 63 54 119 7 173 100 193 1 146 105 89 122 45 10 86 29 37 88 88 113 113 142 103 115 179 104 191 80 117 
187 16 185 50 2 166 155 93 93 111 176 100 62 49 105 14 12 153 182 114 183 167 196 120 53 200 197 166 64 50 38 179 113 149 173 87 1 187 150 24 74 34 46 126 199 55 16 57 155 176 61 77 114 117 20 125 169 65 9 101 188 172 47 140 111 131 102 172 18 191 133 78 66 193 8 133 46 41 83 31 38 69 101 120 159 116 16 27 44 188 21 85 9 59 9 124 24 68 130 153 
121 199 79 146 41 51 154 20 51 172 86 51 182 158 44 195 53 181 51 117 54 199 46 71 111 28 125 121 55 127 6 61 124 137 41 55 113 151 149 154 46 156 59 102 109 86 134 91 195 141 116 9 94 158 49 139 99 178 188 132 97 167 127 28 87 56 80 168 145 44 4 25 133 10 13 41 64 103 100 79 150 55 178 156 122 199 99 111 165 190 11 158 75 173 3 66 34 5 194 74 
180 131 133 139 36 132 82 70 183 104 12 65 180 106 139 92 19 179 64 100 8 51 164 146 171 46 18 103 195 192 143 119 125 117 88 163 123 134 127 107 29 26 76 145 138 194 70 134 20 28 79 55 63 105 150 113 43 152 182 135 66 101 188 192 75 165 182 186 168 52 53 3 166 101 29 170 66 133 124 61 111 177 90 55 78 88 184 56 194 121 70 27 57 168 14 21 113 190 104 191 
38 169 161 56 70 155 75 86 153 169 195 157 57 115 188 167 29 1 42 178 103 131 15 163 2 74 30 153 4 5 91 167 179 163 18 54 146 124 185 115 175 43 97 187 168 53 6 79 9 191 83 85 118 172 7 193 75 132 44 193 76 183 167 8 44 59 133 8 58 56 58 91 144 118 16 176 182 144 46 151 160 50 17 125 53 70 74 119 64 14 186 42 118 36 39 176 3 85 127 42 
1 54 158 123 120 75 97 53 129 164 170 173 138 118 91 192 165 48 34 1 54 120 6 177 97 168 163 115 15 121 148 46 67 105 58 57 103 182 180 63 115 101 57 5 38 59 126 123 56 175 151 25 186 193 189 170 52 52 181 161 22 66 156 141 137 155 57 196 190 9 72 4 38 156 160 177 127 110 22 125 140 191 64 200 14 56 58 130 55 109 16 120 40 93 189 168 198 53 91 60 
22 45 106 75 136 192 182 113 10 153 120 121 56 133 8 100 32 118 103 2 42 134 16 190 121 117 90 80 167 172 69 195 41 83 118 74 25 150 104 162 8 15 78 93 92 102 96 192 47 117 68 139 178 62 191 196 182 27 162 132 63 53 51 36 173 59 182 194 139 164 49 146 137 146 8 152 63 108 21 105 184 136 151 23 57 102 167 20 73 141 101 128 86 89 8 65 11 115 54 185 
62 112 182 23 63 97 106 183 48 68 184 198 195 150 137 81 66 125 92 118 35 58 158 80 40 54 53 72 161 58 159 90 14 127 182 83 168 3 24 19 140 24 101 152 122 130 26 51 47 79 169 96 71 9 14 33 40 108 191 200 155 132 55 110 143 13 91 193 46 9 149 150 118 148 20 41 127 133 67 56 181 102 98 130 129 60 31 196 139 98 132 158 69 41 61 178 182 65 134 61 
155 27 44 100 111 28 180 77 39 123 151 67 25 14 195 115 68 188 115 2 24 70 115 134 96 114 191 71 137 14 63 26 189 48 97 148 148 103 15 190 69 97 200 175 26 179 138 140 188 160 5 164 91 156 169 136 158 122 169 42 48 133 12 141 49 182 153 6 85 74 38 74 93 80 168 108 57 31 40 32 156 114 112 66 67 72 124 197 74 43 7 108 182 176 96 138 79 101 103 133 
151 199 58 77 156 170 157 69 93 80 132 17 188 128 57 200 183 166 188 26 11 21 10 21 96 20 189 40 60 155 169 65 139 122 197 39 46 104 16 130 175 30 37 68 132 71 69 22 196 28 161 56 50 11 9 41 103 27 56 180 106 135 88 65 64 56 71 198 75 1 3 20 175 134 126 159 63 8 13 15 69 93 107 112 109 53 23 200 9 167 132 77 163 153 102 127 52 20 10 107 
8 73 138 76 40 119 167 53 186 119 104 105 15 128 62 108 127 109 138 168 93 68 191 133 170 75 21 121 84 116 94 12 174 52 38 164 81 31 157 196 3 117 7 95 50 104 23 175 25 152 37 116 35 41 171 160 137 170 118 28 149 132 146 165 91 121 195 150 128 181 121 152 133 165 112 11 109 111 19 67 152 176 166 39 66 65 1 20 51 134 177 133 131 63 29 27 125 124 67 59 
195 91 154 73 166 52 141 87 121 120 23 130 142 107 59 115 175 162 122 25 167 97 47 192 127 22 74 51 193 75 146 91 64 93 83 77 154 152 36 191 137 30 50 69 39 61 59 3 197 72 164 43 38 198 113 96 33 15 109 15 160 18 182 152 104 52 42 196 158 68 38 148 32 194 78 129 99 52 6 71 43 196 199 40 51 163 23 159 52 116 97 135 157 182 71 49 82 124 145 101 
24 199 168 31 44 116 3 175 29 186 142 100 35 39 160 95 39 163 142 2 185 123 48 112 100 165 144 30 189 191 65 26 187 138 193 76 142 113 94 186 4 179 169 140 23 199 18 77 57 179 178 43 26 169 98 14 97 10 2 33 118 194 48 13 179 169 9 20 182 123 50 93 87 180 195 183 38 98 192 114 188 83 172 109 182 132 127 158 104 172 94 58 58 144 196 114 132 171 25 119 
197 200 85 83 88 144 196 35 108 120 53 181 151 29 91 136 122 13 99 166 150 49 129 101 46 196 35 170 175 190 193 104 15 8 17 92 120 7 30 82 137 71 34 139 44 77 17 92 110 76 64 41 83 113 72 46 75 78 23 70 61 134 93 151 90 18 164 160 1 37 100 107 78 149 189 50 112 7 190 64 74 79 102 149 3 108 79 124 44 101 147 139 87 165 1 47 31 131 192 57 
149 44 181 157 87 1 160 122 98 148 53 3 101 184 139 19 70 190 85 66 167 169 61 58 2 21 26 28 118 173 29 137 28 187 103 147 137 78 87 155 81 91 195 111 162 141 184 179 169 50 34 99 42 162 23 178 178 116 54 141 165 65 60 172 130 30 107 157 172 50 10 5 74 122 163 153 121 76 135 149 50 122 3 97 165 61 76 26 147 13 198 13 121 26 171 11 138 69 18 187 
198 14 97 74 16 69 180 86 45 142 184 96 132 89 113 64 120 58 63 48 147 179 147 19 52 172 125 13 48 165 56 61 178 34 30 183 130 98 185 45 50 131 41 128 35 104 119 72 116 104 162 177 20 104 110 193 149 8 120 156 88 45 95 189 6 113 26 174 30 131 56 165 109 2 104 40 68 13 41 113 135 43 102 15 189 53 140 46 107 139 173 36 12 152 48 36 67 180 187 24 
160 80 133 40 57 150 180 184 40 48 145 106 191 134 87 49 34 183 82 180 152 129 193 139 19 136 63 154 50 6 65 28 76 37 100 120 121 142 88 5 26 57 184 51 32 99 144 16 73 69 189 198 200 170 16 22 22 154 130 41 190 64 153 86 146 200 200 31 16 53 83 90 67 153 118 114 85 115 173 39 108 85 144 11 118 19 184 89 27 59 137 11 194 85 156 56 124 72 4 86 
155 9 5 62 133 71 35 87 58 175 9 154 94 99 145 116 192 88 137 121 177 29 22 14 103 26 98 29 200 140 154 39 135 38 65 126 34 187 65 103 11 33 104 78 109 1 59 105 189 110 167 139 140 24 108 18 198 152 8 8 40 31 45 101 120 47 138 9 136 119 195 107 147 171 59 136 146 155 109 2 22 36 92 187 34 151 167 197 56 183 2 186 153 170 106 114 143 79 152 40 
146 172 96 67 19 152 70 50 90 62 52 53 113 158 197 198 165 20 85 109 145 75 48 81 80 115 18 63 136 43 186 111 107 188 171 199 112 69 16 200 37 85 104 92 31 27 187 104 89 80 173 157 79 88 113 24 90 10 38 95 50 22 149 70 172 115 165 165 139 20 184 67 179 99 78 34 40 169 20 31 76 11 86 197 147 6 70 30 138 63 39 146 80 84 73 190 68 78 139 196 
101 107 169 46 192 73 161 28 35 86 87 30 145 7 100 68 195 57 67 137 93 24 113 17 136 157 179 131 20 193 81 187 157 180 152 117 15 80 54 40 189 47 149 136 188 190 183 50 92 43 43 158 76 165 43 24 97 144 66 11 116 155 48 180 128 38 105 46 54 186 32 98 184 4 172 106 35 184 184 9 129 132 191 178 23 148 161 46 151 48 39 125 142 18 130 169 76 158 64 147 
93 120 115 44 149 192 65 173 52 135 158 48 178 115 189 77 112 165 5 125 115 76 96 40 180 75 24 115 103 155 111 173 1 30 56 89 95 176 123 92 175 132 31 30 132 175 55 117 41 120 43 142 46 5 133 24 111 93 12 140 171 83 180 1 154 1 124 32 190 135 140 37 115 10 13 37 193 106 101 199 57 66 56 27 159 134 182 115 5 128 29 155 93 166 193 180 178 180 99 16 
14 95 116 176 169 140 49 5 200 84 58 100 63 78 43 104 147 45 81 32 161 113 42 187 48 6 13 186 112 186 34 13 189 53 17 100 49 187 62 194 106 49 66 84 64 91 68 167 92 8 190 102 181 112 114 35 114 34 86 99 158 122 124 78 109 32 92 8 108 126 51 32 36 113 178 14 95 97 114 100 61 94 121 168 70 46 67 71 113 183 37 160 180 80 160 64 195 65 148 170 
76 63 110 93 178 15 39 47 129 115 101 104 69 64 20 42 29 193 129 63 81 80 81 123 177 133 131 149 101 157 106 3 140 1 11 161 186 183 66 42 159 116 154 156 154 79 8 129 179 195 117 46 71 186 184 65 53 107 157 109 166 140 39 184 84 92 129 126 170 146 110 97 184 116 98 166 59 2 135 178 65 165 78 200 131 90 9 128 134 74 130 191 66 81 108 88 193 170 64 36 
99 43 18 30 143 27 96 107 57 118 164 74 114 24 81 120 61 55 38 4 4 125 73 91 164 33 42 62 155 168 198 49 57 88 168 173 195 63 190 78 135 46 13 131 190 63 126 149 181 117 54 65 183 184 52 118 141 28 52 23 102 99 21 189 45 118 155 43 108 32 34 107 139 120 56 87 87 137 95 158 170 147 89 199 114 72 162 26 188 99 39 157 160 20 59 62 146 27 14 126 
8 159 151 181 164 117 136 29 86 105 110 43 52 92 53 170 142 139 143 51 117 72 178 179 131 116 169 48 24 48 112 17 16 32 32 177 12 36 164 5 96 84 96 59 169 120 186 41 52 9 200 67 15 5 110 95 82 141 193 88 137 71 37 4 158 174 117 104 136 122 168 163 86 159 166 146 96 103 85 68 11 137 128 58 79 174 174 184 41 3 107 13 168 120 55 81 59 148 181 117 
186 115 86 174 24 37 169 139 10 22 110 161 124 192 98 181 81 75 178 56 76 113 86 153 69 138 172 152 124 29 95 184 193 26 137 155 76 193 186 187 122 172 136 51 93 197 32 190 86 134 135 165 30 25 115 150 84 114 184 162 15 110 88 148 1 34 95 143 96 4 95 92 13 133 80 121 200 149 104 199 83 142 79 126 154 185 153 41 196 174 163 158 173 187 181 194 95 152 100 145 
71 186 52 56 59 188 118 195 68 35 60 130 106 39 133 188 37 8 105 185 120 71 97 69 170 148 35 120 75 100 23 169 11 14 166 43 46 56 85 107 6 186 163 182 88 150 10 72 110 49 16 77 76 6 27 17 90 29 13 108 84 33 149 183 6 191 78 173 62 9 71 1 155 10 121 142 24 135 141 20 21 13 14 195 131 120 152 13 155 39 16 25 34 31 100 171 67 123 107 168 
102 1 193 189 121 3 69 118 78 72 73 85 89 124 79 132 138 188 155 113 74 140 168 43 166 183 117 5 172 189 83 71 156 181 58 176 129 191 49 106 77 137 151 28 83 29 33 71 29 97 119 125 59 86 30 155 29 166 118 129 168 11 2 107 181 72 14 127 200 186 9 61 104 18 192 180 42 116 94 155 80 157 196 48 133 114 84 97 174 75 18 137 104 127 56 107 33 136 131 110 
75 144 200 24 102 39 159 127 15 198 48 189 200 11 198 101 38 131 13 96 44 200 110 147 79 198 188 118 73 57 106 176 114 55 80 109 16 169 19 146 24 21 38 63 112 138 40 48 154 3 53 134 88 65 34 122 12 111 82 85 75 69 113 98 20 109 175 164 47 14 157 10 117 161 199 77 154 146 10 114 142 1 126 35 130 13 11 93 96 66 175 118 51 160 185 141 113 30 29 16 
95 37 122 186 45 151 83 50 117 9 191 152 109 40 89 132 22 163 72 151 87 6 58 57 100 82 56 48 192 16 110 37 1 40 44 193 68 159 122 133 92 173 50 160 189 15 138 93 172 7 6 135 162 15 167 97 68 52 37 10 15 23 107 93 65 64 6 81 111 88 11 19 157 115 29 115 122 170 174 114 44 182 55 154 70 88 78 57 131 122 111 66 92 16 25 94 96 131 200 95 
161 131 26 11 150 189 147 79 117 84 193 34 109 103 122 170 161 119 62 152 167 138 190 142 146 48 71 177 15 38 24 113 49 71 138 147 70 161 125 146 76 169 127 57 192 169 17 114 9 194 121 16 90 189 26 187 40 29 27 1 123 176 113 126 119 176 188 104 192 54 190 82 24 106 163 177 188 65 191 78 157 84 86 119 91 182 164 110 153 78 88 164 95 135 120 188 16 57 52 47 
19 137 149 180 84 6 88 44 46 82 114 9 141 149 3 161 121 172 47 168 150 101 174 200 7 93 78 66 95 92 94 6 120 156 47 12 178 160 27 121 126 79 168 102 2 59 29 52 160 126 68 13 63 130 56 184 164 177 182 156 128 97 105 127 183 174 2 24 140 8 141 126 83 91 167 175 70 23 26 189 67 57 171 76 49 13 109 190 6 91 72 87 132 1 113 158 168 198 117 73 
158 141 26 103 178 141 94 77 69 89 37 23 112 25 181 11 78 69 70 38 43 74 108 164 174 191 31 38 127 63 151 39 136 190 84 97 70 143 127 10 47 18 133 131 78 92 175 138 169 105 73 28 50 181 139 125 191 174 6 181 123 162 124 176 103 98 78 70 42 150 125 78 133 10 118 71 153 193 135 142 135 89 56 145 18 33 140 99 109 23 13 174 76 134 135 82 49 40 108 146 
63 46 175 86 90 91 137 33 194 133 120 138 139 168 106 132 66 117 151 188 1 121 131 69 156 123 65 92 60 198 33 59 118 156 192 23 144 58 101 172 105 170 86 132 17 161 105 199 197 37 118 36 34 37 44 88 125 12 148 171 94 187 70 159 169 148 51 170 142 60 108 138 130 127 12 164 194 128 189 93 40 53 34 131 172 114 17 166 186 99 71 160 127 105 166 111 165 75 193 124 
57 125 55 24 64 94 194 87 130 103 11 158 24 134 128 15 135 58 158 9 40 166 70 136 17 127 65 168 99 158 113 184 159 186 148 117 185 122 59 54 131 175 64 28 193 199 112 120 83 190 109 118 40 61 51 148 67 193 111 18 176 168 94 74 114 106 150 140 43 113 121 111 29 32 122 22 36 48 6 151 133 60 118 39 71 76 77 53 128 132 168 103 87 130 147 38 130 198 187 171 
172 62 136 131 172 93 40 31 189 72 133 91 54 181 23 38 115 132 128 54 56 102 43 101 129 122 114 67 102 19 171 121 12 40 79 70 121 4 118 134 67 198 79 48 52 125 81 70 134 32 13 135 67 190 24 26 107 49 104 58 191 113 86 99 129 43 167 62 46 20 66 34 55 189 28 8 96 167 144 165 137 33 183 39 117 122 79 87 182 119 162 64 21 138 97 120 152 150 166 128 
51 195 167 145 37 68 45 161 25 158 123 167 64 70 184 83 17 171 13 174 135 32 79 179 41 63 62 191 83 116 61 45 8 171 132 131 62 192 176 91 121 180 99 164 82 168 136 187 55 13 76 124 131 23 82 59 71 146 42 169 188 87 162 86 86 75 82 18 15 147 29 160 79 42 115 156 46 130 124 122 78 165 166 170 25 59 190 11 137 111 153 45 126 168 101 146 177 176 187 91 
154 81 190 20 112 155 164 50 164 38 166 158 4 157 183 68 123 117 149 129 61 45 170 163 40 106 8 27 194 87 34 11 192 137 192 147 195 119 183 36 62 109 64 40 159 90 83 35 67 196 98 63 134 13 195 67 54 102 178 150 158 119 83 185 147 53 80 6 10 101 76 28 72 61 176 155 117 122 133 112 184 40 160 25 174 182 37 143 30 93 50 107 107 118 79 48 100 59 58 49 
19 32 93 158 165 85 119 37 154 89 41 106 74 156 105 195 58 96 62 80 115 26 45 113 1 144 37 142 98 57 92 16 99 101 73 27 184 12 27 181 197 187 134 80 169 122 120 179 53 77 193 128 177 199 167 74 161 91 135 49 189 199 62 7 89 115 130 113 71 130 21 137 166 25 122 174 83 147 66 88 81 185 197 29 72 88 123 99 129 125 37 146 46 68 157 16 15 172 84 186 
96 56 20 54 46 131 23 145 16 109 198 136 15 189 118 25 96 36 71 183 190 189 133 195 47 3 148 163 49 189 97 98 104 188 21 7 43 178 111 143 122 9 48 84 101 193 153 65 130 88 161 109 187 145 126 148 131 83 56 131 28 34 112 167 71 24 43 82 163 77 71 83 132 32 119 34 3 117 191 129 1 163 28 68 115 13 93 144 24 135 178 117 141 2 48 11 77 66 49 150 
3 89 121 63 37 58 77 11 147 116 104 96 47 125 135 19 59 140 74 91 64 32 151 17 21 197 69 52 48 30 115 131 142 40 105 160 129 3 123 83 71 110 13 171 82 59 112 109 7 180 117 166 32 148 81 190 140 109 171 97 193 176 177 164 145 93 38 74 16 104 146 123 155 113 142 147 37 155 164 87 184 169 15 200 32 5 186 59 25 122 61 193 71 1 75 93 8 4 148 25 
135 187 62 188 132 136 174 146 192 101 186 93 80 189 128 133 6 101 165 40 17 62 40 134 136 75 166 79 64 109 190 125 29 84 42 182 109 9 83 63 128 113 82 134 40 16 24 86 45 73 84 152 90 43 91 8 164 105 95 105 48 183 13 53 7 99 34 88 112 136 33 25 46 181 179 115 189 143 198 149 27 51 83 8 139 103 79 160 70 89 147 185 135 74 193 38 85 85 168 70 
35 27 149 6 96 151 187 180 77 95 108 160 171 138 34 10 171 64 121 36 180 128 48 44 2 132 197 119 73 40 99 106 43 99 147 4 175 21 98 74 194 200 68 66 38 40 34 23 40 100 182 172 58 151 118 173 168 113 110 72 45 57 179 45 148 181 45 47 57 55 132 106 62 180 135 190 189 21 55 185 28 85 187 30 126 141 160 1 67 3 34 76 55 20 142 133 7 59 34 33 
141 154 133 21 18 100 165 178 132 38 55 81 104 98 106 71 79 102 200 51 163 171 71 118 127 84 77 47 182 52 107 55 169 99 126 194 122 101 180 174 28 29 15 177 16 58 155 55 158 151 83 153 169 157 175 194 167 109 147 177 47 11 50 176 8 24 200 168 78 101 166 108 78 93 200 185 170 176 185 10 9 106 198 176 156 45 93 153 115 73 42 93 19 92 146 174 41 198 21 87 
119 87 70 81 61 141 7 175 102 156 41 90 110 121 165 161 33 37 65 80 98 162 185 117 68 25 5 38 111 124 49 118 168 186 87 92 16 122 200 188 163 142 124 45 49 37 87 140 189 130 123 29 194 44 83 96 105 53 118 128 7 2 146 76 49 75 159 82 87 27 66 177 172 123 160 92 89 162 118 109 47 14 173 25 187 198 171 175 176 29 169 18 58 51 56 122 49 21 133 175 
12 47 66 116 144 5 152 103 132 109 151 121 136 112 178 121 25 120 15 166 9 49 14 130 158 70 93 20 136 50 168 140 171 57 102 147 199 65 41 44 144 104 116 64 36 171 156 52 163 165 71 164 162 61 59 103 159 76 174 10 139 111 75 182 94 79 137 46 124 107 27 59 93 2 62 152 121 28 195 139 135 50 194 128 29 80 126 7 162 107 122 139 166 26 142 125 115 151 46 148 
56 151 192 1 85 69 66 195 10 142 104 65 30 77 8 164 191 160 48 178 141 41 48 55 54 144 141 189 141 121 200 148 7 17 99 109 13 154 149 145 28 97 139 21 9 113 72 37 14 168 149 6 178 186 159 113 161 152 187 73 156 144 2 174 112 135 48 144 13 24 42 199 97 167 199 26 139 133 103 188 58 116 111 192 160 36 103 54 112 82 109 83 72 45 67 177 121 180 112 110 
30 131 79 142 177 93 126 136 115 152 47 8 81 3 50 149 65 74 185 29 153 170 171 166 58 150 101 13 52 88 165 12 41 198 13 110 96 171 184 156 107 187 21 128 50 158 32 10 119 88 31 173 28 145 61 196 127 10 73 72 77 138 125 79 106 112 93 63 194 35 121 16 63 135 106 171 11 44 143 8 93 178 83 44 87 178 51 108 46 167 59 161 180 160 79 155 30 131 64 123 
185 25 91 195 130 89 131 33 84 184 121 54 93 179 190 59 43 73 29 169 18 2 67 99 42 16 9 170 164 62 189 122 198 47 14 35 10 6 177 3 52 133 150 12 51 106 87 23 65 91 77 177 9 34 109 136 90 79 161 131 148 92 167 160 30 43 41 128 74 179 17 10 79 45 187 92 96 111 44 138 17 38 152 106 102 80 190 67 185 157 197 14 91 83 195 61 19 49 36 42 
183 120 120 12 192 24 200 11 117 137 141 3 72 118 162 18 145 97 102 35 186 194 196 4 125 38 2 7 17 95 54 162 42 54 106 195 28 121 89 95 92 144 177 59 168 42 133 74 44 102 132 45 139 4 4 107 31 66 198 141 67 25 112 40 180 12 33 118 98 112 83 12 172 56 11 195 5 35 25 139 101 145 94 172 89 167 123 28 151 128 155 120 86 117 21 18 121 7 186 29 
44 97 171 54 66 164 52 118 45 87 174 63 156 1 14 157 132 58 150 60 153 94 98 93 65 176 39 132 192 48 160 155 33 3 62 88 85 158 103 7 194 126 128 143 192 5 121 105 48 19 122 153 141 26 164 21 18 178 38 23 39 136 37 167 25 121 68 150 58 27 46 5 7 19 116 69 13 36 43 42 25 139 194 121 85 31 175 11 171 134 19 178 7 137 92 115 194 136 122 11 
160 107 182 55 150 60 3 22 24 99 163 177 86 121 155 81 144 74 57 180 48 79 196 19 105 73 128 40 18 99 112 131 94 102 77 135 125 135 12 142 107 77 101 72 82 29 7 191 20 35 11 39 153 82 68 82 70 199 29 48 199 77 92 200 136 50 172 141 65 189 169 41 133 114 178 110 94 70 22 111 157 57 123 198 58 7 93 158 148 169 79 84 38 182 32 142 16 5 120 109 
106 50 91 127 197 41 145 154 179 110 107 132 81 115 193 83 14 146 22 140 158 65 145 72 153 161 30 103 50 147 2 73 176 53 173 133 159 165 150 111 14 122 174 42 150 55 116 192 112 44 53 198 171 183 185 35 91 161 137 28 138 181 153 72 5 90 57 50 145 190 38 116 182 52 32 69 51 98 149 73 90 102 114 186 168 60 60 54 85 21 46 192 174 187 44 81 27 71 131 25 
152 146 53 2 80 125 173 39 43 79 103 131 6 101 105 164 75 179 161 159 187 14 58 63 5 43 11 7 64 127 86 66 151 88 164 5 111 154 126 174 194 39 162 182 11 150 64 175 11 126 157 33 115 4 81 89 165 71 86 110 2 185 173 138 105 185 110 128 5 194 119 116 86 111 32 1 194 132 93 124 48 11 98 10 80 105 10 186 132 141 122 38 146 165 198 83 84 49 113 151 
104 153 25 46 150 101 75 149 107 60 67 97 66 119 199 127 40 94 48 66 107 76 146 70 54 126 177 8 140 117 58 40 138 188 191 193 21 195 190 86 17 176 4 84 145 166 102 19 41 10 196 46 59 82 168 109 48 67 51 102 146 40 50 39 157 87 159 7 145 58 125 137 27 189 153 128 158 137 23 34 130 78 10 61 99 107 105 176 195 46 8 1 141 100 43 101 161 81 162 68 
197 70 193 21 90 60 69 39 168 138 141 183 171 112 9 51 70 62 168 109 170 165 15 160 15 58 130 136 150 63 17 9 170 33 59 92 157 57 132 195 15 109 139 173 36 162 185 175 145 107 54 163 162 63 135 187 117 150 90 188 130 196 16 89 183 68 182 64 113 121 31 59 36 152 169 25 142 140 66 55 28 184 195 148 191 78 73 114 31 3 98 81 194 68 72 174 42 51 105 18 
79 10 55 51 133 45 176 185 190 41 11 76 151 68 176 66 147 95 193 35 28 16 13 94 3 121 67 191 191 154 122 80 162 15 83 18 36 44 9 19 182 129 106 20 13 174 44 115 133 38 11 119 75 188 171 102 80 53 4 37 64 132 107 188 106 52 89 163 83 5 43 147 135 86 121 55 89 187 185 185 191 54 5 153 32 14 30 161 167 162 48 164 143 75 143 64 12 141 40 4 
17 24 57 28 151 110 21 96 3 78 139 90 113 91 97 90 49 152 97 74 188 86 127 63 92 145 73 180 36 178 93 9 89 20 28 195 79 164 57 140 20 47 69 52 172 46 45 30 188 44 115 73 125 44 50 19 45 2 145 38 151 103 146 167 63 28 74 51 108 41 68 144 188 108 101 26 143 160 190 114 34 84 59 191 15 49 83 101 50 41 58 160 92 168 121 179 35 30 35 134 
46 89 43 130 117 117 30 127 133 97 107 127 47 169 114 6 4 85 112 122 200 38 163 128 82 169 10 164 197 70 31 193 28 190 188 163 17 140 48 54 114 146 150 171 146 92 88 74 186 169 134 6 4 92 107 137 70 194 160 41 113 78 6 134 49 58 190 155 97 60 13 155 125 61 44 179 13 68 45 122 142 177 194 15 33 72 71 64 199 8 60 74 148 200 40 118 123 152 165 172 
125 63 78 80 183 143 137 148 196 198 189 121 53 69 184 194 119 194 150 143 25 115 35 148 146 11 144 88 174 51 115 119 105 187 182 151 162 178 156 24 179 122 124 191 80 124 160 76 181 127 53 66 187 134 182 146 118 70 141 46 65 129 81 116 113 152 162 91 31 146 147 75 142 55 90 84 36 166 127 155 36 45 52 119 72 151 116 149 3 119 118 175 24 158 34 2 197 37 95 161 
157 112 129 68 134 117 32 110 83 79 130 55 101 161 187 192 40 57 25 172 146 173 41 57 164 31 48 135 83 147 106 92 18 175 52 22 162 92 47 145 166 76 187 136 172 188 19 84 161 79 59 134 164 50 141 74 1 111 160 132 78 63 98 162 147 59 144 22 55 71 182 162 184 168 143 15 10 111 101 75 85 92 92 81 9 19 92 125 6 62 52 23 73 184 171 111 1 188 5 41 
182 166 72 113 34 66 194 141 141 77 116 49 57 87 44 108 111 174 171 125 35 122 120 7 85 72 10 144 124 178 2 20 75 43 182 102 122 67 180 174 150 41 121 70 13 106 67 97 36 59 182 187 90 20 21 14 156 30 179 22 37 181 12 85 69 158 97 60 50 29 54 32 75 149 177 121 182 167 99 88 168 25 21 35 197 200 11 140 143 9 154 37 108 184 35 94 38 56 60 150 
171 128 38 127 95 169 64 172 46 7 176 10 33 114 52 194 126 180 114 157 66 143 144 83 4 97 190 19 162 124 70 133 70 78 1 141 25 30 8 106 17 129 93 13 50 153 179 199 120 77 186 129 114 65 150 105 53 174 159 124 82 25 154 60 26 32 112 79 39 120 65 15 36 141 84 122 158 79 92 28 12 106 169 49 86 84 170 130 179 104 83 13 160 88 181 141 179 121 31 18 
119 43 129 78 152 184 29 53 89 126 79 51 186 132 22 160 66 5 182 72 145 4 54 130 52 191 42 77 32 41 128 115 141 16 6 137 128 127 28 31 66 39 15 133 43 197 143 53 67 131 118 41 153 117 165 90 60 6 31 25 46 112 101 53 32 123 175 24 77 158 111 108 108 131 115 55 148 92 128 152 91 150 141 149 187 88 26 151 23 31 87 102 23 83 130 43 95 126 144 129 
52 17 172 105 147 11 19 94 115 41 186 113 4 188 200 27 32 49 86 84 15 171 49 64 100 187 121 48 29 85 122 76 9 137 137 123 87 98 193 149 39 114 22 137 168 200 26 191 103 161 114 104 108 96 90 34 178 98 20 60 115 71 131 79 20 119 182 118 106 162 18 113 198 61 197 75 186 93 54 82 147 74 19 18 9 25 160 13 83 105 174 63 55 8 125 143 64 18 58 116 
84 50 177 54 25 41 69 74 12 28 87 37 41 182 38 124 128 136 47 176 145 59 106 197 100 111 142 38 76 110 109 116 22 164 155 200 145 42 188 33 59 120 127 7 111 170 141 79 121 88 6 37 151 175 72 182 179 44 137 131 42 73 185 184 153 101 134 128 194 3 22 112 37 66 151 197 132 188 180 1 10 140 172 136 58 89 108 153 4 120 62 40 10 72 64 138 101 145 178 158 
1 126 127 172 22 66 12 150 125 83 65 60 165 66 182 148 38 112 182 125 176 139 84 127 173 197 180 20 94 105 69 105 173 119 64 98 32 92 184 95 45 1 118 83 5 59 77 133 193 112 73 38 128 95 44 1 57 157 96 104 106 198 118 28 104 89 78 174 73 55 115 187 168 134 78 11 109 61 99 109 192 16 92 158 58 134 144 89 49 183 42 154 127 158 45 58 7 60 116 152 
