150 4
0
2
1 3 139 1115
2 45 113 271
3 102 23 240
4 123 117 -111
5 398 194 786
6 428 112 652
7 549 50 549
8 568 172 912
9 633 110 413
10 633 56 857
11 733 101 1339
12 795 15 855
13 862 72 1438
14 877 41 877
15 1078 14 1106
16 1147 55 1477
17 1176 131 1700
18 1410 198 1410
19 1698 31 1884
20 1762 29 1820
21 1836 193 1450
22 1858 54 2290
23 1895 56 1783
24 2063 54 2279
25 2139 34 2343
26 2285 144 1997
27 2325 156 2637
28 2399 170 2399
29 2427 42 2511
30 2650 57 2536
31 2661 102 2661
32 2828 30 3068
33 2870 155 2870
34 2900 34 3036
35 2944 181 3306
36 2999 77 3307
37 3145 48 3337
38 3164 86 3680
39 3256 73 3256
40 3605 100 3405
41 3624 200 4824
42 3720 159 4674
43 3783 70 4063
44 3894 5 3914
45 3936 123 3690
46 3998 29 3998
47 4003 118 4239
48 4089 129 4605
49 4136 190 3756
50 4436 150 5036
51 4468 134 4736
52 4523 177 4523
53 4644 168 5316
54 4685 173 5723
55 4732 116 4732
56 4938 34 5074
57 5069 140 6189
58 5127 28 5295
59 5148 6 5172
60 5163 56 5387
61 5165 148 4869
62 5271 78 5739
63 5430 120 6150
64 5441 29 5557
65 5571 171 6939
66 5596 60 5956
67 5727 36 5943
68 6039 73 6331
69 6138 65 6398
70 6210 179 5852
71 6217 99 6217
72 6251 49 6251
73 6263 90 6083
74 6286 80 6926
75 6471 130 6211
76 6493 62 6865
77 6592 121 7076
78 6697 100 7297
79 6725 81 6887
80 6779 132 6779
81 6895 184 7999
82 6944 177 8360
83 6947 152 7859
84 7060 73 7644
85 7080 165 7080
86 7320 21 7278
87 7415 200 8615
88 7574 115 8264
89 7655 26 7811
90 7702 1 7710
91 7984 162 8632
92 7984 141 8830
93 8037 129 8553
94 8151 134 8687
95 8155 6 8167
96 8385 139 8941
97 8436 36 8508
98 8465 129 8981
99 8500 162 8500
100 8558 103 9176
101 8601 151 8299
102 8625 36 8913
103 8736 44 9000
104 8789 133 9587
105 8949 28 9061
106 8984 18 9056
107 9141 155 10071
108 9462 152 10374
109 9548 124 9300
110 9652 49 9848
111 9655 151 9353
112 9658 168 11002
113 9778 21 9736
114 9821 61 9699
115 9831 97 9831
116 9959 174 10307
117 9984 103 10602
118 9984 198 11568
119 9995 191 11523
120 10127 29 10243
121 10143 177 10851
122 10195 83 10527
123 10362 141 11490
124 10480 21 10438
125 10613 39 10535
126 10775 58 11239
127 10936 153 10936
128 10958 146 10958
129 11123 169 11799
130 11206 84 11206
131 11399 178 11043
132 11439 114 11211
133 11578 81 11578
134 11581 47 11957
135 11583 147 12759
136 11740 170 11740
137 12175 47 12081
138 12231 30 12411
139 12261 84 12933
140 12312 77 12466
141 12377 37 12377
142 12463 148 13351
143 12522 21 12690
144 12845 133 13111
145 12923 18 12923
146 12982 46 13074
147 13107 59 13461
148 13286 86 13630
149 13350 131 14136
150 13389 67 13791
143 129 106 165 66 7 21 112 161 161 126 151 29 158 88 100 188 122 90 84 188 126 144 194 35 177 120 167 155 33 146 127 179 184 142 53 8 175 156 140 28 181 146 26 96 110 133 145 164 89 46 119 140 199 67 40 177 153 130 143 133 103 23 158 11 145 36 111 177 41 189 200 55 64 176 20 125 70 29 49 100 1 174 10 52 133 199 101 23 73 26 132 117 8 128 96 68 91 37 79 58 42 27 43 134 176 131 62 136 130 173 45 63 42 114 47 175 5 173 6 161 86 108 183 107 135 94 152 138 7 38 194 8 96 194 188 26 165 37 5 172 132 109 165 49 56 166 121 6 40 
147 198 97 56 115 53 8 183 86 95 142 193 53 23 73 53 114 37 68 25 22 41 173 194 39 16 81 200 194 167 39 159 77 137 36 50 9 19 107 18 52 74 142 67 157 34 38 59 185 55 157 200 114 183 199 139 141 16 75 25 13 93 125 195 80 92 53 155 11 143 147 92 165 123 112 60 114 115 58 153 78 39 200 19 114 160 191 138 31 40 195 38 55 51 144 87 104 82 172 116 180 131 36 184 121 102 51 75 103 158 35 83 160 129 92 130 116 106 138 65 8 109 24 125 173 95 7 70 173 157 173 55 150 12 23 118 89 16 103 22 99 4 71 61 125 24 75 182 34 44 
129 133 160 44 146 62 195 154 170 68 43 130 139 90 3 45 36 50 16 50 181 183 40 125 161 22 88 109 128 171 87 105 45 162 150 23 16 54 137 5 146 168 99 35 35 7 44 109 144 169 146 111 13 58 27 54 182 67 16 83 165 53 75 65 143 62 118 47 136 63 173 104 140 97 23 22 93 76 123 114 178 41 67 16 11 158 82 86 171 156 12 46 11 133 184 119 195 166 148 181 173 120 63 52 120 65 168 106 148 40 65 2 51 84 84 98 29 103 38 95 127 162 103 57 24 82 99 51 178 35 187 10 59 113 128 153 51 80 109 95 124 91 65 13 178 154 4 123 68 62 
70 133 138 176 41 45 190 134 120 88 17 56 138 53 75 91 116 120 177 29 147 77 147 78 188 111 12 170 153 147 145 131 177 57 187 39 160 91 145 198 127 59 68 148 67 4 150 48 11 180 24 121 138 86 87 121 195 53 182 2 62 14 131 27 131 33 167 114 37 140 130 29 165 12 67 191 120 194 112 117 166 60 59 42 82 107 122 84 198 142 186 74 71 168 19 137 92 106 172 148 44 134 53 7 151 71 143 49 196 70 62 173 152 52 185 171 113 158 111 128 18 145 37 192 181 161 82 49 148 28 37 120 144 148 193 134 39 113 122 82 153 45 28 199 46 117 129 153 185 55 
121 176 20 180 174 126 166 112 184 164 158 186 15 98 191 107 103 39 51 170 37 172 108 142 109 23 145 18 196 14 17 12 114 81 95 101 172 86 23 155 170 154 94 105 136 86 152 70 119 193 137 139 101 130 188 140 142 52 98 144 122 154 49 163 115 94 127 123 29 186 133 131 160 30 199 51 140 32 176 17 111 13 18 96 39 1 59 122 66 141 81 38 169 63 99 142 64 92 197 45 198 23 67 134 196 139 69 139 195 94 1 6 101 142 171 155 111 185 59 109 32 125 144 76 104 177 191 25 89 61 170 93 109 144 128 142 27 34 55 133 160 48 200 138 149 165 72 9 57 119 
181 21 54 93 80 103 37 94 160 12 68 93 29 115 95 51 54 64 43 6 17 146 72 35 60 186 42 66 149 177 70 198 57 172 145 191 175 126 6 188 69 173 102 71 123 198 73 75 136 150 148 168 90 65 31 62 109 170 134 70 41 94 150 181 175 195 62 100 120 36 140 127 45 48 14 73 122 105 200 110 110 180 157 37 9 58 134 104 30 185 147 101 196 10 174 137 194 31 151 13 123 109 24 46 59 54 100 112 151 136 189 161 74 36 95 64 111 161 97 138 146 66 185 179 23 142 106 168 62 142 122 62 151 180 178 56 62 58 21 5 103 8 168 184 83 140 100 101 95 43 
75 152 84 1 14 61 82 82 30 171 86 114 144 1 24 36 95 195 124 125 70 62 118 171 149 61 135 178 69 194 172 51 14 64 135 102 133 195 121 44 196 21 72 156 180 84 88 59 146 165 89 143 64 5 69 59 5 170 30 76 81 168 32 54 4 62 134 15 82 36 24 182 13 126 54 31 60 1 37 156 91 191 26 161 179 77 45 19 56 21 96 6 101 19 182 42 113 144 150 139 111 131 45 151 118 174 136 149 52 5 108 167 183 137 42 68 75 30 147 94 100 125 8 93 176 134 109 165 112 129 111 179 154 187 29 120 1 8 193 91 25 25 13 52 164 46 21 15 118 40 
121 188 48 160 158 146 36 154 11 68 81 73 160 98 30 6 198 181 116 86 165 163 123 69 157 186 42 140 8 122 101 84 190 164 199 1 195 193 9 92 119 78 4 191 58 59 175 192 123 162 96 177 86 160 130 45 135 171 130 60 136 198 27 118 106 126 139 76 199 153 113 125 163 97 68 90 132 179 109 33 50 132 136 117 78 42 125 137 4 74 147 93 59 120 154 178 145 13 106 63 33 42 149 195 91 69 187 150 75 153 192 147 135 44 8 138 174 15 164 158 13 167 85 172 134 188 114 80 158 97 46 96 98 178 190 159 15 52 84 131 96 41 171 43 121 9 19 81 112 139 
164 7 159 119 19 18 6 7 100 49 126 67 157 16 30 49 80 159 85 90 184 189 31 75 32 156 190 95 6 51 148 54 148 66 97 122 90 196 142 134 95 179 98 61 116 78 159 26 43 108 57 178 83 2 147 80 120 137 132 53 141 147 8 38 61 104 47 138 14 156 78 50 65 198 32 199 34 21 36 186 79 88 4 83 199 70 42 86 19 52 185 114 185 191 55 184 175 76 31 64 27 84 15 80 146 106 48 197 192 67 175 5 139 97 180 129 76 156 40 196 62 122 165 72 94 20 6 195 146 62 98 169 22 82 123 42 194 84 63 78 167 14 26 148 108 92 62 101 8 166 
50 97 156 70 66 71 8 50 67 134 156 107 131 42 165 78 21 97 137 179 46 158 113 48 193 41 61 15 173 169 188 80 191 28 60 23 200 191 128 41 17 140 95 23 20 4 31 19 178 121 112 51 25 162 181 149 108 27 132 153 22 179 1 146 58 46 11 82 56 58 80 176 166 97 182 17 66 47 106 106 122 14 32 63 10 68 35 109 20 150 36 24 135 73 82 61 59 9 16 91 149 151 103 144 136 156 176 121 167 112 72 28 56 147 111 127 38 47 112 78 30 18 136 64 155 43 17 2 84 188 159 17 38 170 170 196 150 76 140 165 14 93 59 189 158 13 93 70 185 84 
138 19 109 181 185 11 173 1 90 64 144 150 84 182 143 143 71 196 8 185 133 147 149 74 172 31 188 192 155 57 83 192 171 143 4 14 1 51 49 76 109 106 175 111 196 124 72 147 72 51 115 81 101 19 93 136 88 85 160 69 134 109 154 172 77 176 161 73 104 86 51 172 168 38 104 13 152 66 23 72 173 84 17 104 48 172 55 58 69 23 27 51 68 165 185 143 164 181 127 135 125 124 33 124 139 20 71 110 55 56 87 51 9 46 105 42 173 173 34 24 158 12 100 158 180 153 87 189 88 7 130 35 57 192 200 171 98 42 151 181 19 48 178 141 131 129 53 26 13 38 
108 184 174 76 150 152 118 122 39 33 7 73 76 131 179 194 8 102 158 183 38 98 128 95 41 75 185 63 169 143 110 50 56 38 119 111 164 137 159 179 169 130 56 180 172 125 27 159 30 45 157 180 23 18 2 84 61 30 154 75 111 50 27 142 93 108 10 198 142 116 98 66 46 171 200 168 106 198 94 122 129 181 189 118 99 159 68 111 13 63 78 127 87 199 193 77 162 143 123 94 120 82 171 88 14 11 5 195 137 159 115 76 152 38 196 40 181 194 139 193 84 139 120 24 115 51 35 55 5 150 172 22 58 66 114 53 150 56 68 54 164 188 6 69 62 38 18 195 6 191 
5 148 194 13 179 192 90 32 10 61 145 194 111 99 101 58 94 23 147 16 89 126 74 140 23 170 89 35 15 52 73 115 8 4 43 186 150 26 91 88 137 83 171 102 151 160 58 2 17 51 140 10 161 87 110 59 66 160 47 89 167 99 5 33 162 108 56 78 86 79 180 111 141 94 82 114 111 37 67 199 111 71 35 131 54 70 186 185 181 159 130 158 160 156 126 9 170 196 122 60 72 110 55 181 100 133 134 32 195 152 196 70 119 97 156 175 170 31 72 192 23 22 60 159 99 46 180 37 29 47 41 199 83 57 172 103 131 144 118 104 197 176 73 150 28 141 75 60 90 52 
37 177 152 25 94 137 32 122 1 174 98 7 33 37 124 130 198 181 174 21 28 147 181 101 73 7 40 171 64 61 22 69 119 154 118 22 167 20 77 129 153 141 46 138 101 117 121 12 21 83 123 106 200 81 143 163 84 17 139 78 1 160 55 98 70 105 90 134 187 140 178 153 130 188 100 136 200 15 27 52 49 185 133 114 63 145 65 183 84 15 193 174 144 80 58 113 190 37 128 105 132 61 81 1 12 142 128 193 41 53 48 119 26 183 73 138 47 84 27 89 197 120 116 158 63 19 6 92 162 144 162 159 150 126 182 152 61 37 150 85 151 153 167 158 91 174 110 149 44 161 
69 61 151 86 144 154 124 26 73 34 152 54 141 14 28 177 195 37 182 152 63 198 70 126 142 117 51 54 53 89 109 27 193 104 195 122 23 173 197 132 83 133 16 63 200 98 106 142 150 140 73 88 108 138 36 75 13 22 37 58 14 135 103 2 168 85 123 119 182 21 123 163 1 114 145 67 15 76 129 137 17 75 190 121 114 28 185 45 154 96 131 77 141 16 82 34 158 174 91 41 134 177 70 181 49 162 40 95 103 16 75 195 101 109 193 12 38 68 66 33 159 9 16 142 134 32 110 115 105 13 65 127 27 95 153 144 75 68 27 170 177 195 109 169 1 190 103 169 59 119 
23 172 92 170 158 134 81 74 18 4 179 34 49 161 21 171 89 162 143 115 37 173 128 173 51 169 182 181 107 39 80 174 62 68 72 30 75 179 150 28 174 80 186 110 153 7 124 82 4 142 69 30 136 141 119 160 124 22 132 37 68 62 182 83 166 43 23 137 115 123 92 145 111 78 114 153 88 166 119 79 141 135 162 106 41 58 183 42 173 29 128 59 75 109 168 188 20 105 57 144 127 65 68 86 135 33 13 30 124 63 154 145 82 15 83 130 24 15 96 175 59 180 137 109 6 180 133 187 160 108 107 119 153 169 159 182 113 167 134 94 128 71 39 186 112 189 191 101 180 108 
20 115 55 108 195 152 73 147 131 16 76 166 151 93 73 85 69 112 34 49 190 94 20 119 183 101 9 145 18 91 52 101 66 126 60 60 20 140 65 147 97 49 131 72 95 119 62 56 125 93 79 19 150 5 77 8 10 64 134 46 124 125 191 139 146 147 194 145 148 34 44 58 94 26 193 198 148 136 37 133 58 140 87 48 111 78 6 174 71 4 78 48 87 105 148 189 184 189 4 146 83 124 118 61 183 59 59 17 179 58 4 153 182 32 181 169 64 48 68 35 75 127 136 87 122 60 94 156 54 18 74 154 43 119 103 48 65 156 44 68 56 191 131 36 134 149 157 33 107 174 
175 139 197 8 71 70 17 110 54 69 100 99 79 176 96 28 93 120 8 172 88 92 147 102 47 107 187 137 26 133 149 25 125 170 30 194 176 133 45 17 107 184 163 168 139 22 61 186 137 190 196 142 43 190 97 158 77 56 84 42 199 85 86 174 36 18 10 135 6 44 65 194 146 159 149 68 17 180 91 126 58 59 151 28 166 128 188 183 159 147 79 192 63 164 9 142 127 123 59 173 119 19 88 99 175 190 185 30 110 41 79 102 36 133 197 83 3 196 6 15 105 194 198 122 75 189 83 30 147 185 141 153 198 76 40 131 112 46 166 170 154 40 62 67 7 160 27 88 106 58 
167 48 71 120 129 1 63 48 25 188 157 60 139 111 94 169 136 14 126 1 105 18 99 69 2 6 109 160 28 22 26 107 51 50 114 122 146 120 115 104 81 108 28 109 59 108 32 108 95 170 90 164 87 13 96 81 110 40 47 28 133 161 23 78 96 113 122 48 173 185 100 148 184 71 124 83 103 190 173 167 39 198 115 17 24 99 154 66 130 57 84 155 95 180 117 114 78 84 2 103 16 92 175 181 19 12 18 95 199 39 127 102 59 19 8 23 175 169 5 177 101 54 146 60 7 48 11 139 60 187 25 188 179 9 30 1 117 138 118 153 39 31 32 5 142 51 18 192 166 36 
74 174 144 45 10 16 89 78 149 165 163 184 53 2 48 75 11 165 158 117 166 158 187 96 38 131 127 2 79 186 141 115 78 134 127 153 153 129 153 181 10 112 71 175 111 165 152 114 43 95 6 156 38 154 132 170 5 5 27 114 121 24 199 130 55 134 26 51 41 13 148 177 103 134 74 157 54 3 139 162 89 120 115 149 93 105 99 101 190 29 31 98 150 70 110 17 83 109 194 144 181 108 136 145 7 14 55 30 87 129 13 19 22 147 42 148 6 19 55 40 61 66 30 173 85 26 177 120 141 32 101 83 125 16 195 88 161 32 92 165 1 31 72 175 66 182 132 9 194 138 
54 111 24 56 62 1 41 90 111 57 12 154 62 184 152 146 84 141 27 126 130 195 153 123 166 116 56 109 77 64 181 109 107 64 16 199 122 158 86 158 37 15 16 163 132 126 168 180 182 23 86 4 15 20 36 71 16 84 87 12 153 172 128 50 51 161 69 175 186 72 2 112 120 196 31 131 189 88 83 90 182 145 178 97 90 136 67 60 70 6 37 80 190 183 77 55 156 8 139 18 117 6 194 5 109 22 191 186 50 111 136 17 109 11 63 126 93 118 144 49 112 154 44 158 79 64 26 104 144 37 74 112 59 23 95 62 90 17 109 6 78 87 128 162 158 109 9 117 196 163 
22 168 38 79 150 46 10 128 199 44 53 131 162 6 145 96 111 191 79 57 137 77 124 147 53 52 62 4 107 169 76 29 146 152 91 61 144 198 163 82 71 124 117 103 111 93 111 9 137 15 128 120 147 145 31 153 134 169 71 195 185 125 192 99 140 96 143 141 128 28 17 77 179 127 14 145 174 173 171 183 143 168 193 151 38 198 41 187 91 99 21 123 84 174 143 78 161 109 12 60 96 25 6 198 70 148 89 40 36 163 45 60 118 177 101 133 1 87 25 94 89 187 141 174 187 179 171 82 139 138 157 172 121 11 125 19 50 5 180 132 151 25 118 182 18 167 187 84 57 160 
42 135 126 143 3 64 170 168 125 149 131 156 144 69 120 190 100 109 113 92 156 100 20 159 115 13 84 75 161 199 156 49 56 139 197 73 177 185 25 96 25 84 161 26 183 113 91 141 163 22 27 1 64 119 184 191 18 86 83 106 110 136 95 167 128 138 80 13 109 173 130 144 51 28 98 188 140 158 166 156 107 154 81 4 134 26 51 190 74 34 3 108 22 33 175 62 17 113 153 47 46 4 152 158 161 20 9 14 89 18 42 60 192 111 121 13 178 109 116 124 73 38 131 186 50 59 106 45 70 188 69 30 150 15 84 170 27 56 93 13 34 96 118 90 172 87 89 51 97 37 
68 78 147 197 180 30 124 3 18 77 33 111 73 74 95 14 33 88 13 190 66 64 122 196 198 190 155 102 189 157 85 134 47 20 25 140 117 183 157 57 132 4 128 3 99 200 97 164 36 6 160 86 147 120 147 138 120 85 136 181 102 178 15 115 41 32 4 168 179 121 10 160 100 25 196 106 148 12 102 86 102 87 76 1 147 52 113 138 80 78 186 148 56 193 140 145 110 150 196 17 178 77 191 79 17 186 17 190 116 64 184 5 137 99 175 85 26 166 199 165 145 192 120 82 177 58 109 122 7 68 176 3 73 90 90 158 6 200 88 25 161 59 117 181 43 14 153 101 72 67 
154 114 155 13 157 133 190 200 200 129 60 50 127 181 44 155 51 176 48 70 43 84 4 25 158 148 101 82 26 128 31 127 148 34 133 54 146 55 126 127 191 49 3 108 49 197 195 181 188 139 98 150 29 184 199 181 25 32 173 15 88 177 18 187 35 38 161 196 97 24 41 74 52 31 46 116 153 139 6 163 79 153 104 70 52 69 7 30 20 189 54 126 189 182 92 37 155 38 38 39 8 118 47 160 129 79 178 200 45 200 33 28 71 65 127 86 108 92 41 54 3 107 26 173 40 65 124 164 141 59 167 173 97 3 135 193 104 29 189 126 16 169 80 198 140 48 12 131 57 67 
71 32 62 99 23 98 62 38 165 22 171 145 184 37 147 102 71 173 93 12 86 80 127 35 60 166 173 7 84 199 70 42 150 29 188 107 140 106 114 64 90 198 71 190 21 121 152 111 97 40 49 179 5 36 87 148 86 118 192 145 86 17 48 61 157 27 47 68 167 58 199 106 179 80 140 75 107 88 198 107 119 111 146 183 116 130 142 158 194 182 100 19 90 152 80 110 181 92 21 26 11 173 155 143 56 199 55 174 38 47 70 18 173 86 104 42 175 31 174 143 60 174 194 45 21 81 144 58 182 134 2 65 113 186 192 68 32 62 126 169 119 60 28 142 40 12 18 44 45 92 
45 96 52 39 163 149 64 47 184 181 87 194 1 195 105 109 108 121 177 186 38 48 6 186 148 30 88 108 22 35 87 35 141 61 80 19 105 187 127 177 82 185 5 30 60 20 111 124 134 139 56 148 151 8 140 57 41 84 72 93 65 178 7 174 72 44 73 127 71 60 6 149 135 1 33 48 125 98 147 153 26 35 173 195 24 110 93 73 60 49 143 130 194 126 42 84 10 69 144 54 193 149 110 92 156 104 92 52 80 152 174 131 116 144 46 67 56 52 137 90 64 200 32 101 168 54 32 176 186 61 190 69 115 112 18 85 177 146 142 173 159 134 16 69 117 46 81 137 111 18 
121 95 25 186 41 144 76 172 173 21 178 98 105 58 9 83 101 100 99 163 171 35 94 38 69 18 95 182 108 173 188 21 61 175 11 85 147 193 125 107 50 18 168 5 43 176 47 143 92 159 105 122 97 44 64 7 129 156 71 126 77 182 195 122 10 78 12 61 174 186 193 128 180 23 183 111 50 9 31 165 58 47 197 171 59 59 34 15 74 75 155 65 148 174 27 142 15 2 24 71 65 91 188 15 90 5 75 173 152 89 144 43 169 179 68 139 84 55 126 141 69 198 68 31 55 154 59 58 150 159 117 38 106 197 120 94 77 185 42 188 111 185 133 65 31 179 104 156 43 108 
36 65 56 48 18 162 191 102 184 62 78 169 26 65 182 11 61 170 121 57 5 168 56 180 27 128 195 157 152 63 184 47 169 26 80 126 133 196 175 138 44 163 72 185 58 95 82 178 187 53 49 8 83 29 13 72 165 55 60 119 68 79 15 65 84 184 198 89 182 99 98 59 76 81 25 143 148 63 174 185 191 1 131 69 89 141 87 25 164 194 137 184 20 71 114 181 58 71 78 71 25 31 132 177 74 42 23 120 197 192 173 139 110 111 61 166 63 4 45 51 17 62 96 52 12 90 195 32 139 156 141 119 167 96 94 76 27 196 48 138 107 108 172 38 104 84 119 14 9 51 
160 4 178 9 141 55 186 135 11 81 118 81 4 40 21 64 147 90 80 45 14 40 14 171 26 62 166 166 19 70 141 166 143 64 134 181 107 84 105 197 67 135 102 20 154 168 177 108 99 65 21 93 6 57 164 122 126 195 119 93 159 101 26 182 93 114 166 74 55 165 138 171 177 85 170 134 17 104 157 135 48 7 112 22 166 144 131 33 92 46 28 77 16 132 114 13 25 172 177 137 178 103 159 64 140 21 124 194 56 129 2 17 82 3 4 88 153 182 32 12 76 18 187 77 46 16 5 20 129 84 125 189 88 178 80 114 111 193 47 42 59 110 38 154 62 161 80 12 48 21 
72 82 47 139 87 114 122 43 177 136 58 152 187 152 184 41 179 200 192 74 192 158 17 161 140 42 92 45 14 5 70 11 159 118 54 75 56 85 159 52 124 32 157 148 108 194 56 8 100 154 127 158 60 126 18 55 6 47 49 146 185 177 143 104 41 62 5 65 67 81 39 147 29 129 71 78 21 56 75 139 185 110 154 8 80 194 130 9 129 26 108 200 62 96 105 147 198 36 156 150 4 52 64 188 128 121 5 47 196 126 164 177 179 192 198 195 128 133 138 51 83 168 40 136 71 64 171 164 195 102 116 85 39 165 24 115 44 151 72 21 74 150 80 133 190 125 80 30 68 196 
143 4 112 139 152 199 59 66 39 139 40 107 155 164 127 122 171 162 198 57 171 155 179 99 190 178 181 152 32 24 86 112 184 16 54 157 15 19 176 22 14 10 7 18 57 83 81 99 9 45 72 173 178 147 117 198 182 155 154 43 70 92 26 27 20 22 169 11 152 29 157 33 200 111 144 104 165 134 74 154 34 84 34 161 142 112 88 122 14 7 133 73 104 77 96 137 62 147 168 190 104 35 81 178 172 133 174 77 180 32 24 164 56 38 110 151 108 91 41 180 10 187 81 116 130 178 152 112 33 2 189 33 56 43 12 98 107 82 139 55 43 136 110 81 184 110 54 49 48 147 
96 180 86 35 92 58 189 98 166 58 194 92 175 142 28 25 79 62 155 80 137 11 81 133 46 42 65 59 176 149 184 105 160 190 154 80 144 177 137 109 165 99 17 78 2 31 27 103 174 188 152 9 7 64 179 176 148 110 199 23 91 125 77 104 8 21 34 198 69 100 63 100 80 8 46 30 145 25 61 96 93 108 1 143 178 91 117 166 61 42 180 152 191 150 132 15 108 56 129 171 5 176 174 164 199 15 90 166 87 13 157 151 5 20 71 28 160 195 199 175 124 112 47 13 1 88 11 112 99 86 116 32 34 50 21 131 13 194 49 187 120 120 68 64 141 180 47 161 188 7 
30 64 121 189 49 143 136 165 153 173 195 169 179 109 142 136 120 78 137 125 82 49 179 186 149 168 184 106 196 182 92 159 17 150 128 179 165 99 13 72 141 174 150 152 72 89 11 33 93 7 154 70 135 117 96 19 166 112 139 64 118 1 101 81 1 105 150 117 85 104 133 152 29 108 142 109 164 157 22 101 50 33 185 48 97 20 53 138 132 99 62 102 53 72 123 11 148 163 37 88 189 63 4 59 189 136 52 132 158 14 82 142 50 16 55 42 57 167 150 181 47 110 108 164 171 93 160 102 148 28 103 37 26 51 72 75 198 91 72 10 25 49 49 182 49 177 105 66 187 186 
98 95 184 173 42 18 23 157 7 18 113 81 33 129 59 192 65 103 126 94 108 22 101 149 177 112 2 152 18 63 106 9 164 73 48 27 12 128 126 157 149 87 91 173 26 91 69 35 197 200 192 76 61 192 51 28 116 134 136 156 185 9 195 3 118 4 113 13 181 86 138 193 121 4 50 66 145 140 28 144 137 33 15 64 120 12 137 42 147 101 183 125 51 67 200 198 88 186 86 145 45 65 185 15 21 31 112 62 134 42 172 87 115 25 164 150 146 83 119 50 90 188 79 108 142 20 92 116 44 179 57 181 144 57 132 183 67 22 91 153 22 115 45 137 151 164 14 31 146 84 
53 81 169 23 164 149 28 193 132 89 79 15 154 171 104 145 197 160 145 184 30 13 148 79 38 53 169 50 185 67 173 95 47 38 170 99 171 159 138 77 48 46 158 170 108 192 199 79 40 114 38 36 130 71 176 135 151 77 180 5 86 35 122 135 22 183 8 189 85 88 131 34 192 87 59 39 180 39 49 8 1 128 200 56 68 71 16 81 14 144 81 50 19 184 170 57 110 68 73 105 179 90 107 163 72 184 64 86 158 32 77 98 111 164 13 6 143 79 20 59 180 138 71 74 4 176 139 167 17 137 88 200 70 10 21 185 83 195 65 37 12 149 77 180 48 134 85 9 41 84 
65 196 78 87 192 67 27 102 117 119 134 32 40 43 56 153 3 60 2 68 108 33 116 188 68 122 16 86 89 154 121 44 41 198 144 73 48 84 64 142 11 190 128 182 93 62 95 187 18 78 174 184 93 150 36 149 23 179 84 55 165 158 108 4 49 74 153 102 148 180 196 129 161 27 187 136 122 151 172 37 184 194 99 32 108 19 122 193 34 88 124 25 193 34 65 169 34 4 141 115 39 121 76 172 148 52 154 79 178 181 170 145 120 41 189 162 199 40 159 170 147 55 24 8 146 151 141 170 78 49 95 134 39 24 156 104 164 1 10 128 25 143 106 2 85 140 108 80 113 7 
96 178 169 130 15 11 18 72 103 188 182 184 161 193 11 128 16 188 95 156 97 134 176 70 73 108 45 33 52 8 156 35 123 54 173 199 8 18 198 172 128 127 188 154 181 123 97 37 96 182 49 123 38 163 129 193 191 182 31 187 35 169 151 120 89 78 110 29 140 163 48 115 133 96 145 74 70 133 128 39 199 57 11 6 23 107 101 86 91 198 117 28 183 53 62 124 161 67 43 48 190 63 90 14 101 167 63 148 34 102 116 109 23 81 37 130 67 32 26 24 55 177 198 186 175 190 131 67 99 4 23 98 29 182 120 8 159 119 127 180 151 3 24 137 186 48 187 110 48 180 
127 86 137 108 90 113 105 67 34 99 77 34 74 106 57 115 40 20 167 163 51 160 58 174 180 175 16 33 45 16 30 171 107 29 151 104 121 140 118 80 92 144 163 193 139 49 143 31 88 140 100 187 30 94 133 97 53 185 99 107 95 113 136 72 100 38 165 100 15 95 51 61 115 4 87 29 137 72 197 124 91 157 145 59 39 60 76 19 67 85 26 197 113 167 166 124 100 96 42 26 143 172 94 188 19 177 116 3 13 185 38 172 61 120 62 144 27 82 67 40 36 109 25 56 113 70 142 41 63 198 104 113 36 103 121 124 122 110 21 151 61 191 29 105 14 103 124 62 116 108 
108 1 49 126 143 12 160 42 170 138 103 159 50 151 157 48 30 163 115 11 141 10 78 151 8 142 137 86 101 106 172 41 143 168 111 69 42 193 72 192 162 3 123 89 106 193 16 173 23 153 146 3 38 93 158 39 146 178 67 183 32 113 84 21 43 109 78 8 41 186 54 55 73 24 142 57 174 101 2 188 162 105 80 123 197 197 55 31 130 38 81 77 32 128 161 117 150 29 162 33 4 144 189 100 190 129 40 15 137 62 91 92 162 161 65 32 21 7 186 12 186 139 72 64 115 178 112 94 14 170 55 118 103 81 90 94 104 142 72 37 48 155 149 154 33 74 177 141 18 190 
154 198 136 15 174 118 73 144 197 127 98 69 134 197 16 188 140 188 130 105 45 128 98 128 36 172 25 19 118 139 193 67 10 157 168 167 108 199 126 22 4 37 114 123 199 44 200 93 123 195 53 195 153 183 47 23 52 13 29 72 174 185 56 16 90 56 147 160 84 117 121 196 181 71 5 94 35 17 129 2 14 12 146 111 118 47 199 151 110 61 35 177 144 43 74 124 87 27 138 153 177 100 75 64 196 66 27 101 36 191 187 200 51 153 55 174 188 109 21 179 119 132 27 168 13 112 155 140 115 185 124 108 179 154 2 109 58 91 108 164 147 134 160 166 17 124 187 162 145 24 
16 70 160 123 46 13 138 181 110 5 141 185 139 112 156 13 40 178 150 185 112 147 159 63 114 10 108 67 100 89 7 77 96 194 128 113 110 45 39 32 138 142 22 79 164 12 48 118 59 78 56 192 63 135 17 146 167 83 148 2 188 30 149 41 43 142 81 69 26 133 130 45 160 148 159 74 110 111 198 38 142 36 81 36 179 184 164 174 44 114 39 136 26 108 112 87 99 98 153 185 183 180 80 182 183 157 164 188 41 153 84 92 100 106 91 75 112 162 145 90 131 18 114 63 180 74 168 36 188 128 171 188 24 152 37 34 32 115 84 111 175 68 104 30 169 118 33 113 188 47 
143 108 95 150 163 149 140 190 31 178 25 118 38 72 55 178 117 81 11 140 103 170 185 136 2 169 15 155 198 120 173 153 146 114 10 187 99 43 112 105 84 118 9 30 167 107 8 121 169 58 114 95 90 170 8 77 61 44 18 26 72 126 143 173 175 86 57 192 139 182 6 148 75 66 136 42 176 7 105 74 84 69 113 56 77 179 174 12 118 125 59 56 27 155 63 169 70 73 34 91 28 194 178 33 96 195 32 174 146 75 116 48 93 39 92 79 170 82 141 87 187 70 102 154 113 116 89 138 93 83 174 169 76 49 176 39 138 157 120 187 147 65 60 158 135 23 73 43 20 135 
130 187 168 4 194 114 172 196 12 59 90 167 70 80 74 81 85 77 162 170 39 17 17 81 105 43 127 101 69 184 41 120 44 98 161 12 191 99 78 88 189 24 44 155 144 139 86 93 72 9 144 120 164 159 196 10 130 7 96 44 19 97 2 78 26 14 139 198 19 157 189 74 136 33 139 36 31 150 155 158 187 38 169 128 7 50 68 10 127 60 63 154 23 77 60 76 36 131 181 108 43 100 158 9 119 192 163 61 179 126 163 166 108 102 158 35 23 178 136 66 10 131 74 68 29 126 192 166 75 159 35 153 103 85 155 70 140 102 24 85 76 1 96 162 120 189 112 22 68 128 
180 101 164 142 60 97 63 18 93 171 141 150 77 179 73 5 149 14 192 172 170 6 32 62 33 132 75 48 139 139 50 126 39 2 18 69 70 191 200 56 99 179 190 141 86 143 109 45 197 94 179 81 180 85 21 60 175 31 96 154 52 71 22 196 178 122 168 146 140 39 122 134 151 145 156 139 70 72 59 95 118 130 48 111 153 86 161 116 72 163 89 54 113 164 24 173 167 98 189 139 55 83 189 118 23 54 2 74 66 149 12 91 189 22 157 190 170 182 174 3 44 58 125 44 113 164 145 46 111 125 72 38 105 124 96 50 91 61 62 45 151 114 20 16 37 62 99 17 146 73 
154 141 160 82 196 21 92 45 79 20 97 178 108 51 179 46 83 158 169 91 74 46 7 59 74 85 29 199 91 34 100 142 197 144 195 89 151 1 58 74 119 60 199 133 59 156 99 42 196 69 139 91 119 100 57 126 16 98 131 68 165 198 200 142 199 28 92 188 143 160 179 179 90 182 131 185 74 52 168 182 38 67 61 167 181 12 167 149 58 78 149 79 3 79 114 23 91 55 22 125 175 36 168 164 171 143 1 48 11 86 198 88 111 165 187 14 30 125 105 168 112 14 109 130 170 20 10 41 33 72 167 50 42 17 69 172 3 151 83 147 93 40 57 131 2 100 72 71 9 182 
36 37 7 44 32 23 200 48 161 133 8 70 135 103 89 174 165 24 149 74 194 2 120 64 47 129 14 6 33 83 166 184 113 5 64 164 189 141 177 93 73 181 32 9 171 186 155 149 47 111 59 110 24 21 159 139 116 176 81 167 149 5 58 190 88 174 89 98 77 138 133 199 118 13 16 136 65 38 25 168 51 73 179 137 107 16 94 12 114 40 32 5 105 170 185 88 133 180 101 186 200 125 17 143 128 8 20 180 184 53 108 182 130 36 58 14 67 77 97 175 188 169 59 175 56 13 152 88 185 53 6 117 7 182 186 7 67 71 183 192 8 110 104 78 127 182 65 188 37 103 
153 67 143 11 30 23 155 18 30 119 76 125 92 172 42 172 54 46 103 32 29 59 179 33 172 158 140 163 177 106 46 20 85 122 85 118 61 60 174 199 123 155 107 171 1 62 102 186 145 127 90 5 95 42 16 125 77 36 27 45 158 158 30 18 117 65 164 157 70 127 155 11 62 49 93 68 19 74 104 196 160 43 73 92 172 180 103 142 28 10 19 160 163 57 93 59 192 199 177 151 95 28 143 192 194 8 194 82 80 49 168 35 200 179 160 70 112 161 58 111 99 14 78 176 45 194 63 56 154 24 117 46 67 127 155 143 120 12 88 144 56 23 195 185 195 108 107 12 101 149 
135 118 21 140 8 42 80 136 112 163 82 20 38 196 78 3 62 107 33 107 21 139 102 160 137 69 149 21 59 200 141 97 199 6 186 42 181 107 94 137 89 196 197 2 18 158 153 152 184 160 86 18 63 42 24 37 37 4 185 49 123 132 166 88 93 80 31 52 190 78 118 15 80 143 118 18 50 72 176 28 189 3 90 178 148 41 6 82 57 33 11 81 65 61 70 141 10 55 120 18 168 53 101 120 199 67 188 37 16 96 45 91 171 4 174 181 141 143 127 58 74 171 70 133 40 91 172 193 127 49 159 14 183 103 71 89 3 21 47 138 155 25 76 154 65 20 189 157 111 77 
41 53 33 139 179 94 145 191 116 10 199 131 58 70 139 38 163 149 170 106 2 103 70 74 62 66 185 134 65 151 9 164 172 107 100 76 37 3 196 161 59 79 63 67 66 49 176 163 63 137 59 157 171 81 82 65 118 55 127 126 66 101 161 33 35 31 44 130 187 92 50 152 96 11 73 144 153 27 58 83 20 179 26 186 187 66 164 38 140 108 19 94 68 58 43 158 143 26 26 88 80 124 170 85 189 51 35 166 97 185 72 90 185 169 195 186 41 90 104 120 56 111 48 19 162 93 90 142 134 172 56 69 31 4 77 4 5 112 36 175 129 5 177 136 55 87 101 13 6 37 
172 74 68 130 3 184 42 95 198 43 43 44 181 172 97 45 113 173 73 63 184 195 176 115 186 90 148 17 28 36 5 38 145 115 86 63 112 193 146 146 163 18 60 9 144 199 188 83 200 158 141 47 157 50 73 176 159 52 199 50 183 9 175 163 56 163 132 39 27 125 167 22 17 138 17 22 86 148 58 101 106 200 179 167 100 127 88 64 33 193 7 32 103 91 11 142 179 56 73 112 53 86 102 134 72 161 180 145 52 94 171 75 41 12 63 29 9 73 153 89 158 84 7 115 170 175 147 174 119 24 114 85 33 97 165 51 24 148 79 106 194 8 87 22 80 122 42 107 89 37 
194 62 70 103 137 127 105 174 160 176 3 179 66 86 105 94 57 15 190 22 138 156 111 148 171 76 198 90 30 107 19 173 188 41 41 137 94 115 124 56 27 57 54 53 191 121 15 104 157 200 111 147 51 49 188 44 51 102 88 101 16 135 166 175 129 132 2 83 105 192 141 20 125 23 9 185 182 12 25 39 16 6 53 126 31 75 173 104 164 142 59 52 112 148 60 16 177 135 2 31 132 106 143 155 182 129 5 4 169 147 156 57 157 80 30 130 96 198 5 42 133 128 12 1 120 160 145 183 68 56 23 82 183 30 65 56 77 5 162 104 133 14 87 188 55 174 85 55 81 77 
191 78 119 87 3 97 102 171 6 90 100 192 108 25 172 131 133 149 67 83 167 23 26 148 79 54 141 164 152 80 86 39 175 169 188 119 195 17 41 113 163 31 122 90 37 96 73 189 53 5 142 52 17 184 113 89 109 48 140 15 113 116 195 3 102 82 11 139 182 183 13 193 72 117 159 22 85 45 173 52 19 185 92 149 40 198 194 64 70 183 56 39 136 192 7 111 32 99 125 30 154 166 71 30 118 99 103 84 194 170 33 197 151 49 145 105 90 162 87 64 154 171 14 16 150 115 144 164 54 45 96 1 109 49 198 162 178 174 24 4 197 145 17 98 40 141 124 174 32 40 
83 164 63 179 142 140 122 108 9 14 125 112 64 138 167 65 37 123 89 155 146 99 199 97 173 39 169 94 72 182 66 153 103 20 40 138 146 79 107 186 98 27 78 39 122 173 150 174 174 25 41 104 40 74 140 112 101 142 70 136 139 200 20 56 197 134 105 41 65 17 42 187 170 73 48 194 24 110 49 52 71 84 132 34 179 84 47 46 34 132 135 83 146 50 155 86 61 128 101 130 102 142 144 54 81 81 148 120 121 28 75 133 31 189 111 86 197 34 112 166 187 98 174 148 117 43 197 3 28 34 38 39 154 148 188 41 151 106 99 61 84 134 99 129 167 119 123 113 62 140 
29 20 23 8 36 94 185 86 181 194 50 148 104 82 93 196 149 180 137 121 152 93 50 155 81 102 179 121 40 54 177 44 97 56 41 61 105 96 64 74 146 62 197 11 1 28 139 137 53 92 106 88 38 156 18 12 37 109 184 57 134 161 163 121 20 196 199 34 5 31 35 106 64 47 137 180 111 193 36 185 113 81 113 6 27 161 47 7 80 149 8 15 168 74 105 56 116 188 3 20 151 175 174 127 27 29 198 118 129 117 17 77 4 75 169 119 60 174 170 12 188 125 95 155 24 74 12 100 180 190 60 116 3 126 108 188 154 142 135 112 149 141 62 37 150 45 125 75 20 165 
29 134 47 157 160 30 116 54 19 37 15 131 41 189 119 8 30 85 107 61 15 27 117 7 18 101 99 190 86 12 148 26 157 52 115 100 95 43 195 46 54 157 149 51 102 188 13 63 60 13 194 16 71 91 81 115 67 2 53 131 140 127 50 48 109 146 162 146 44 20 136 156 5 51 173 25 138 51 97 33 136 143 190 140 172 36 182 76 114 111 44 14 17 155 200 115 80 14 46 97 22 185 57 147 43 121 58 55 45 152 89 26 135 179 33 31 138 93 148 174 113 103 56 132 68 106 58 160 105 189 66 179 75 30 148 32 159 63 68 166 22 39 27 101 26 66 16 66 133 108 
54 160 97 45 86 100 94 138 58 187 147 72 118 56 137 101 199 8 137 126 84 137 152 77 61 184 143 174 162 12 2 36 165 90 47 121 18 127 196 107 91 194 152 73 94 154 17 97 81 100 44 58 100 19 153 183 35 92 14 126 6 195 171 38 137 125 106 180 98 79 123 117 127 94 88 109 20 158 43 37 72 57 154 34 193 104 30 166 112 158 31 9 136 178 190 118 136 165 150 182 175 195 83 54 96 74 126 81 189 3 194 34 103 61 162 55 53 34 111 125 147 87 10 107 43 106 109 161 33 108 54 29 79 131 142 67 149 190 176 77 42 46 106 11 67 15 125 59 155 169 
21 129 106 134 150 73 181 72 96 76 139 53 66 75 152 145 135 76 121 67 25 136 162 92 62 69 133 94 155 22 16 7 65 15 14 34 26 191 100 148 173 103 167 13 112 174 128 62 141 139 132 88 122 112 95 76 113 56 87 167 132 22 55 66 79 3 84 188 186 162 90 63 46 196 157 187 50 104 125 56 77 138 21 87 50 153 112 24 62 57 188 168 74 173 170 97 42 186 9 18 72 38 122 40 195 55 46 164 191 49 52 8 179 85 194 47 121 94 130 187 181 137 97 136 136 32 179 113 39 125 61 161 21 47 87 137 49 89 69 122 54 113 16 178 107 72 97 157 49 120 
92 34 124 98 198 169 89 9 124 180 137 137 179 83 6 48 140 198 72 29 200 140 194 51 173 55 123 48 159 186 40 20 83 128 180 25 65 191 139 12 94 14 97 52 8 3 47 158 116 11 181 156 34 78 24 93 76 38 126 38 73 10 74 95 73 190 1 15 118 171 171 84 93 33 174 112 132 63 172 51 168 6 190 194 22 159 134 67 180 104 164 40 126 102 122 170 106 164 72 164 166 10 59 33 45 195 37 157 165 195 44 84 29 101 126 24 76 145 163 46 149 34 35 97 66 12 134 122 180 188 200 174 57 6 124 77 141 38 59 68 68 177 85 124 42 151 124 114 144 163 
133 7 71 193 83 32 123 161 61 164 45 90 53 48 167 105 56 141 198 198 25 45 27 81 150 118 171 26 134 197 170 187 164 187 166 94 54 99 103 13 85 147 35 178 192 102 53 53 90 122 50 188 137 152 188 181 75 193 182 62 99 96 116 27 47 83 9 53 47 134 81 3 55 40 48 76 21 53 109 87 42 36 94 82 57 133 109 68 110 70 42 22 183 10 128 113 131 105 83 50 121 139 98 191 157 31 76 74 143 38 67 24 3 176 117 72 31 127 111 59 8 121 156 93 109 90 142 118 132 40 180 64 46 112 31 98 181 169 54 190 90 92 100 80 63 38 4 123 123 79 
36 37 41 41 139 25 151 72 12 111 21 46 128 66 55 17 130 49 123 124 93 127 178 32 130 39 36 197 68 191 156 18 200 131 142 161 39 7 47 103 187 84 119 108 120 162 182 72 18 166 19 55 2 39 24 155 149 42 132 34 82 25 55 155 136 26 102 41 151 171 158 18 200 54 198 131 37 126 76 16 40 121 61 46 136 200 186 146 23 117 133 120 76 46 86 182 182 163 57 129 174 84 122 193 180 51 45 190 141 31 181 107 61 87 58 119 142 197 97 200 104 26 91 138 128 154 22 13 159 164 173 114 120 79 148 129 165 73 94 132 138 188 7 195 39 92 18 84 147 109 
124 143 109 148 131 29 114 44 123 191 117 140 174 35 118 120 151 124 169 78 148 118 9 105 73 9 130 73 174 64 159 25 60 71 28 112 193 16 77 200 74 17 39 153 54 98 177 34 87 135 48 42 52 161 92 61 180 188 160 88 88 43 90 39 87 76 50 34 111 53 183 78 65 71 46 122 6 142 188 24 158 74 99 73 157 25 176 193 156 109 97 11 27 138 5 71 101 172 71 5 170 9 109 70 142 25 33 43 15 61 193 98 56 200 102 188 151 37 37 69 35 142 6 24 101 32 17 55 186 79 115 29 143 149 48 119 140 117 82 149 87 21 136 44 147 150 169 191 127 95 
136 57 1 6 169 131 164 19 187 169 24 171 114 154 181 56 111 58 150 99 11 45 96 180 20 11 40 175 130 141 20 187 17 100 84 186 96 90 91 77 75 150 24 85 117 70 4 27 152 105 111 38 93 119 144 42 127 81 58 111 34 197 65 122 161 38 43 160 166 136 91 192 30 8 20 174 36 112 173 19 43 152 159 11 32 101 158 121 190 6 171 8 142 68 48 195 71 17 168 2 156 187 117 160 63 158 176 10 24 48 20 42 168 39 22 168 138 21 46 86 15 28 171 162 43 65 170 147 48 97 64 119 18 129 162 183 156 148 166 161 83 89 155 139 159 18 144 178 19 141 
187 45 174 78 198 119 158 184 51 171 68 13 127 127 157 164 94 47 136 170 115 166 191 151 164 3 25 120 48 169 70 181 23 125 177 71 155 171 43 56 63 17 18 157 102 83 73 124 73 58 125 33 105 144 112 102 12 114 193 89 172 86 22 169 5 141 115 171 152 178 46 130 124 18 199 74 183 51 51 47 195 189 116 92 177 123 81 47 2 86 13 136 172 164 89 35 116 28 112 180 120 98 100 120 62 118 177 180 84 115 132 159 35 178 100 29 134 72 112 151 94 136 115 139 120 151 17 78 169 35 140 22 84 152 189 147 89 157 34 172 158 152 58 91 71 59 17 43 191 128 
43 53 16 140 86 145 153 188 45 94 16 197 20 115 168 108 156 112 132 106 182 149 158 93 14 14 26 183 104 25 188 183 63 104 124 14 190 160 129 178 133 161 168 112 23 5 152 187 199 1 91 178 196 195 158 107 187 43 81 105 40 164 161 107 131 89 149 32 41 178 165 154 175 51 64 180 55 121 174 80 154 75 164 14 50 172 138 21 168 83 10 54 97 188 21 61 183 55 196 113 170 96 136 188 148 196 99 98 56 126 143 137 61 164 70 4 137 135 156 113 134 58 148 12 49 33 41 114 65 194 22 123 28 193 76 38 130 65 62 151 173 50 139 159 56 41 85 121 5 37 
28 73 14 187 59 128 123 140 124 133 32 90 164 19 2 37 111 35 122 45 179 12 5 108 25 69 73 30 146 59 122 47 9 58 50 148 5 99 102 47 28 49 63 141 175 67 54 62 123 192 174 197 186 199 74 31 92 184 9 24 13 128 35 41 171 64 38 186 58 6 44 70 105 164 171 103 74 56 1 18 17 105 20 187 159 197 98 92 4 94 95 164 168 11 39 92 144 32 41 107 85 12 19 189 59 6 50 57 74 73 5 169 5 186 193 143 125 165 38 178 55 83 106 163 55 174 24 99 125 112 28 156 82 151 78 94 16 127 177 116 55 117 19 71 121 12 93 119 147 181 
52 25 35 22 13 44 121 43 14 44 102 192 81 12 68 72 143 157 139 25 79 26 174 188 20 183 10 60 21 78 135 122 65 20 112 147 45 197 157 28 192 59 34 108 154 29 193 63 128 154 95 6 70 73 28 54 164 185 50 142 130 15 194 56 11 35 11 14 140 9 25 106 73 3 129 196 96 82 70 131 78 32 63 11 156 124 69 135 55 81 55 83 26 38 156 38 106 154 46 179 98 29 22 100 170 57 170 59 109 11 153 200 12 24 195 110 78 36 57 53 77 100 135 85 160 32 69 67 118 172 104 179 2 136 151 119 11 23 31 70 73 183 114 17 23 105 72 97 47 55 
17 134 105 85 162 43 110 108 42 175 130 48 26 20 88 157 111 50 106 61 42 160 25 1 94 126 131 195 45 47 91 159 185 138 174 197 5 99 196 68 43 75 199 119 148 57 135 193 139 121 16 175 146 115 98 66 198 157 103 35 155 159 179 74 117 35 80 168 162 46 49 5 183 149 170 143 87 132 21 117 200 190 15 190 42 172 65 129 185 60 100 115 67 27 21 185 23 25 100 177 79 114 13 27 61 110 79 57 128 182 48 174 86 107 133 152 155 19 86 61 112 115 22 31 63 156 12 78 119 131 136 8 175 183 17 200 14 39 175 68 53 7 196 84 138 88 74 150 84 135 
22 197 24 19 28 35 151 170 150 74 149 83 70 178 200 57 14 141 168 96 36 137 7 81 100 165 81 111 153 95 5 22 67 184 67 181 93 148 190 5 93 6 36 168 119 158 184 47 175 21 3 44 180 136 61 102 9 78 191 28 190 90 105 97 189 82 83 124 7 181 141 180 15 91 108 6 184 102 125 95 175 177 175 173 35 192 168 191 173 174 177 2 111 150 101 169 119 92 103 38 10 117 181 152 131 180 16 139 9 183 42 167 100 13 188 187 179 146 43 67 60 61 159 142 59 192 39 51 30 115 52 161 151 156 95 46 154 76 25 15 169 32 2 85 17 6 61 46 36 150 
90 142 132 178 61 170 187 54 171 37 3 191 98 154 38 188 149 3 177 90 195 61 126 131 161 133 16 132 129 121 44 106 34 62 7 100 82 117 137 69 34 194 178 5 79 132 147 170 26 17 18 170 175 4 101 62 188 41 148 113 27 53 75 191 128 101 192 122 124 27 126 103 122 4 62 13 81 118 99 196 21 141 8 195 183 115 141 71 92 29 145 80 20 84 159 24 91 115 196 174 184 131 188 191 139 197 156 108 131 118 63 50 26 52 48 19 131 156 23 47 117 109 105 54 73 130 80 47 69 181 68 156 12 73 137 79 166 113 103 42 122 171 70 58 82 190 98 87 199 7 
163 19 38 191 117 138 38 169 177 191 36 77 68 164 63 12 141 24 82 120 177 23 46 182 49 52 32 38 154 178 174 9 149 87 30 48 144 133 115 147 35 117 200 48 58 131 41 29 110 19 29 21 82 111 42 109 139 71 64 23 52 155 137 34 42 119 135 193 159 199 85 5 126 143 89 115 142 26 80 156 153 118 191 14 79 184 81 97 96 144 146 117 150 24 69 59 126 50 3 64 23 48 67 166 100 117 43 85 192 34 137 36 138 34 141 111 193 114 150 38 20 51 33 143 91 188 96 60 19 103 46 53 98 168 62 140 114 7 171 98 181 145 129 121 111 153 170 108 99 78 
86 26 188 122 6 74 195 184 30 41 20 84 87 109 8 166 140 26 24 148 53 18 186 99 9 190 35 184 77 161 67 28 153 197 63 108 188 141 49 139 67 16 158 138 149 187 160 147 185 174 98 140 71 200 180 62 110 156 23 50 89 73 151 103 199 23 155 3 85 176 20 58 87 97 167 174 57 120 77 103 163 6 185 92 164 83 17 134 109 153 95 45 45 7 90 118 5 139 69 95 66 180 175 4 172 179 78 11 37 179 36 11 57 165 173 117 64 63 77 75 200 57 47 107 143 52 31 170 58 44 193 126 122 26 107 127 43 49 198 146 151 138 55 32 169 173 132 54 82 96 
9 122 88 27 147 105 48 72 7 16 109 142 41 183 94 139 31 95 155 109 19 52 94 75 122 133 31 104 87 45 166 70 21 95 61 121 189 41 185 124 101 200 92 14 179 91 158 127 33 161 160 18 197 64 64 196 67 73 49 74 111 91 66 29 179 117 183 84 110 8 49 111 109 158 117 103 93 76 96 109 193 107 85 7 99 127 135 86 67 47 24 8 184 94 151 96 183 33 154 17 115 184 159 91 38 144 30 107 44 8 186 130 49 24 162 147 131 81 195 106 92 153 143 170 8 38 110 166 88 138 130 108 157 118 155 145 89 117 1 89 153 102 59 69 42 3 53 189 191 171 
52 150 6 138 12 151 96 138 24 9 181 35 139 164 57 29 89 182 50 38 36 164 113 12 53 160 17 10 46 30 4 75 35 14 128 20 111 82 85 140 186 189 101 185 115 100 118 75 183 188 24 91 31 120 157 155 188 12 69 165 6 185 151 39 148 152 150 10 138 76 83 4 163 60 74 141 148 200 70 50 49 116 65 100 179 129 196 11 67 43 148 109 145 73 81 129 77 19 81 74 115 165 94 41 169 189 17 98 77 166 169 100 134 7 113 196 21 166 115 9 35 6 141 91 68 151 12 35 25 93 124 126 40 152 72 37 190 66 48 32 196 106 175 69 86 171 39 20 25 35 
173 62 157 97 139 54 52 52 56 99 192 131 24 10 138 199 155 160 58 57 194 132 92 106 183 141 94 21 25 12 71 17 170 18 66 145 80 155 85 23 50 31 128 114 20 179 179 95 69 69 173 35 179 82 95 27 111 175 27 197 3 153 31 29 169 52 93 54 49 26 70 56 142 167 13 43 39 90 187 19 34 74 54 163 164 160 161 170 135 56 84 171 174 119 40 127 99 39 149 87 56 188 138 127 32 82 177 154 125 154 86 23 142 68 183 118 96 91 119 113 39 175 155 104 3 146 56 125 98 112 38 159 4 174 147 57 167 86 55 133 163 177 67 181 191 74 25 72 169 72 
196 127 73 43 87 146 67 182 125 32 150 8 27 134 2 200 39 175 199 178 128 54 86 23 123 35 69 128 104 10 194 38 116 116 180 10 182 77 25 9 129 28 120 101 73 21 147 183 101 158 118 60 170 23 53 57 104 55 120 196 83 166 176 64 64 104 14 187 29 131 124 36 114 111 75 193 18 169 143 137 10 86 130 113 173 10 195 84 169 71 12 67 128 18 140 68 116 160 107 148 199 183 116 5 98 181 109 46 111 49 59 170 174 148 68 160 111 50 89 187 107 138 168 30 34 13 144 35 11 62 54 128 87 46 37 76 185 187 194 80 200 168 168 8 17 144 127 31 73 186 
195 168 80 183 37 164 148 62 143 57 107 147 186 2 85 155 40 46 19 33 28 133 6 88 13 48 166 197 181 175 107 60 102 29 128 91 114 61 62 108 64 182 111 12 47 95 6 10 183 121 35 168 189 10 125 145 77 71 151 118 6 65 17 49 134 163 24 160 93 184 196 184 33 199 200 84 135 70 172 166 126 11 97 60 41 129 58 175 29 23 46 156 103 80 187 168 89 40 45 169 63 167 57 41 175 26 42 163 162 186 67 147 177 155 36 58 188 6 117 85 91 161 160 120 61 192 89 22 66 174 14 134 156 133 53 155 107 17 195 198 74 176 154 193 144 11 106 127 138 20 
109 110 8 25 17 147 133 117 183 131 54 14 144 128 94 154 197 77 6 68 28 36 93 193 70 46 126 150 26 23 30 180 92 124 92 159 119 43 131 44 80 10 87 128 193 171 31 95 191 173 191 182 198 98 53 27 191 129 186 151 47 90 177 86 170 78 81 143 174 58 189 146 28 38 142 59 144 103 43 34 185 75 59 109 184 113 124 70 82 4 190 18 99 45 22 194 165 170 179 191 5 67 69 126 124 164 8 5 25 117 46 29 122 198 59 116 72 38 21 44 81 142 25 152 94 11 8 66 93 63 84 193 84 48 199 163 175 149 113 22 141 107 163 8 56 131 50 78 197 98 
176 181 159 153 19 62 55 103 196 63 2 51 58 82 152 106 131 156 59 91 154 153 118 30 40 158 131 73 124 63 163 27 107 162 160 196 95 115 9 23 159 157 93 191 195 181 44 11 79 61 156 190 31 175 186 142 5 23 177 17 103 17 150 90 168 155 161 132 171 117 105 108 157 69 178 170 77 175 41 19 184 166 57 90 71 85 6 101 3 4 177 154 32 140 68 137 107 158 195 99 176 122 111 22 74 139 115 3 63 29 170 121 54 38 7 154 101 12 21 87 157 47 68 1 198 138 32 97 129 94 143 149 148 164 180 26 84 10 8 178 64 58 164 169 88 107 125 192 35 27 
32 25 71 78 5 49 134 108 71 138 11 105 15 69 3 31 133 185 50 182 152 130 7 89 53 93 58 78 70 185 108 127 161 69 175 41 38 27 67 170 145 125 3 165 84 183 194 60 160 44 149 5 172 62 84 186 179 108 68 93 175 151 86 46 111 111 135 92 190 158 159 162 187 23 27 126 163 62 94 83 58 5 9 161 191 93 108 3 115 130 69 51 71 14 13 137 187 162 63 188 101 106 159 144 13 52 191 75 99 166 81 38 120 75 88 22 25 199 157 43 121 39 53 200 199 117 13 183 198 105 177 9 24 144 156 53 90 64 40 148 120 79 160 1 14 164 21 47 157 107 
88 19 145 135 179 198 21 185 36 60 63 106 129 150 116 47 80 185 193 32 116 148 175 164 9 111 11 152 134 128 163 195 94 169 19 43 116 33 86 172 142 187 96 98 164 102 198 134 47 125 191 74 63 156 99 25 188 83 94 98 178 80 163 124 91 12 107 149 124 123 15 94 1 32 154 33 179 56 181 33 94 44 36 111 92 97 120 142 188 160 12 72 36 118 121 55 66 174 48 8 70 173 142 181 155 3 79 146 30 24 98 156 62 56 144 123 141 174 30 200 77 117 152 123 58 177 98 171 147 174 90 132 47 44 83 150 156 1 24 82 43 22 158 168 118 194 93 89 184 1 
132 119 117 154 135 162 48 112 71 37 149 191 171 44 85 139 115 144 49 5 99 27 54 61 59 13 12 113 66 17 69 176 164 107 84 70 58 53 131 134 28 32 77 12 57 3 129 75 171 159 12 155 44 33 136 40 152 75 100 19 198 159 158 193 117 88 161 28 118 123 196 139 28 69 113 154 100 121 188 38 37 181 9 50 66 21 12 46 154 89 84 51 25 114 89 74 199 110 63 131 200 84 75 45 39 48 124 76 185 175 132 43 125 121 7 171 56 191 71 46 122 103 87 53 94 150 39 92 150 102 164 11 123 187 155 147 200 5 109 65 54 94 185 142 194 24 49 185 37 69 
165 102 93 34 200 42 69 26 130 63 51 94 78 49 167 128 182 47 61 142 46 157 198 73 192 90 78 64 9 175 182 13 39 19 121 133 162 2 87 112 178 10 147 86 59 99 198 132 137 36 134 115 111 176 49 139 168 8 50 80 30 86 22 51 36 109 105 13 51 179 107 81 25 194 43 52 171 163 129 66 172 27 57 136 84 8 96 91 164 136 10 145 109 47 68 58 64 152 127 72 175 171 111 146 173 199 142 49 112 146 139 69 90 15 127 192 133 184 72 197 15 57 198 19 166 89 147 188 124 17 11 143 55 184 117 17 56 166 112 189 165 48 89 99 147 134 60 183 154 38 
14 158 62 63 23 200 117 34 15 14 96 151 64 4 155 93 118 37 110 52 154 68 141 46 148 81 118 120 135 89 148 36 190 43 191 153 69 70 102 10 13 36 49 89 132 115 179 46 148 27 164 115 92 80 179 162 22 21 167 140 151 198 104 172 2 21 118 100 62 150 166 103 146 7 145 142 124 35 70 56 129 178 198 120 195 109 52 140 191 176 17 81 172 109 165 120 1 112 42 35 79 178 157 13 24 144 153 3 58 2 32 148 101 115 59 89 81 106 152 163 162 15 23 40 136 48 55 71 157 14 181 63 2 166 82 174 120 191 131 109 49 193 189 169 115 96 109 27 79 124 
32 87 191 103 88 187 34 33 72 4 42 36 177 136 135 11 116 19 126 71 120 163 64 170 43 188 54 125 45 68 69 187 70 119 150 42 132 123 157 54 27 139 43 78 151 40 20 22 81 182 34 178 173 88 177 195 88 18 127 171 64 64 18 80 169 104 64 114 91 170 5 53 6 36 115 18 146 123 37 138 82 80 35 34 91 136 91 148 128 25 22 163 23 100 117 144 128 199 198 175 148 122 104 133 108 75 125 192 143 27 108 162 68 196 50 103 181 43 182 174 113 82 26 198 175 16 63 196 93 20 192 56 8 183 114 125 31 12 131 42 200 29 191 128 83 119 171 63 100 142 
38 141 134 195 180 70 135 160 107 9 140 144 42 146 172 137 36 18 111 84 188 158 37 115 18 80 114 190 179 72 15 15 22 21 12 33 1 140 77 150 45 198 164 179 183 89 68 139 160 173 81 122 25 132 30 67 75 113 181 72 69 119 109 178 36 88 156 66 59 140 119 171 164 107 63 159 94 43 36 131 128 197 197 69 92 180 13 156 109 108 30 163 39 90 22 96 162 33 136 135 100 67 143 38 147 132 28 115 4 24 18 173 7 76 97 32 56 100 166 103 25 18 17 119 182 166 52 163 95 130 187 85 91 127 8 156 32 114 192 97 157 183 68 120 181 99 112 145 180 155 
47 28 198 179 10 8 49 38 55 32 70 57 84 111 70 2 126 126 17 171 115 50 188 171 97 118 184 47 132 182 192 97 86 59 30 161 111 76 197 128 71 192 197 142 200 38 2 171 42 158 191 89 138 55 156 179 3 21 128 85 81 119 160 41 46 57 27 44 121 62 130 13 13 44 134 7 137 150 165 185 141 50 180 60 92 92 15 82 1 94 60 74 45 151 160 109 6 90 176 22 187 144 43 30 90 95 188 156 88 184 16 72 98 18 109 27 135 159 159 38 3 128 137 198 67 131 31 184 195 96 166 78 68 47 193 188 98 162 80 152 101 32 74 172 130 52 63 99 90 92 
157 144 147 58 101 70 72 86 2 27 180 51 43 27 3 100 42 5 188 112 52 22 27 163 178 45 20 70 111 86 62 115 134 156 193 80 115 167 114 37 47 51 25 109 67 75 134 65 197 110 95 185 179 56 19 22 27 116 43 19 27 83 181 34 91 155 141 86 131 14 135 3 36 174 25 69 188 135 66 6 172 113 96 151 168 77 133 127 71 41 21 191 5 162 173 38 3 46 152 80 146 140 114 93 13 6 6 71 171 84 128 168 118 191 41 29 179 97 107 74 117 9 151 45 22 190 196 170 67 101 63 83 166 186 168 4 110 10 98 17 129 109 184 180 132 139 194 190 93 23 
177 132 30 95 28 170 68 195 104 59 4 143 25 30 77 91 44 119 173 88 100 135 76 20 187 31 9 65 128 107 163 92 58 107 6 157 5 30 94 166 50 180 53 45 3 91 44 86 107 180 86 7 135 3 22 52 198 72 41 175 108 30 46 17 135 169 148 130 62 55 100 138 75 130 29 184 108 153 32 29 11 18 108 67 31 193 198 20 162 24 100 167 65 153 25 54 98 110 59 114 2 178 113 155 182 14 56 129 181 109 143 104 91 141 91 200 42 52 120 68 167 194 125 120 79 8 16 57 142 184 133 192 47 44 127 176 166 106 61 42 194 159 97 128 42 78 27 63 1 75 
21 127 145 37 173 124 189 21 40 27 165 9 2 193 20 160 74 186 200 64 122 194 49 123 172 116 155 30 180 63 120 43 141 75 2 2 122 1 82 8 3 62 39 50 130 126 134 188 30 12 184 180 70 96 147 32 136 118 86 54 169 99 75 26 101 173 43 30 133 10 11 112 76 56 146 179 12 54 128 141 3 10 191 194 81 181 140 135 28 146 105 161 51 121 83 104 65 38 162 184 119 67 180 103 43 52 154 159 191 117 50 30 159 88 167 108 131 105 127 158 178 112 48 154 31 149 75 110 95 109 75 135 26 86 159 169 99 93 128 166 191 177 66 46 122 18 147 31 100 40 
119 177 100 133 42 143 185 177 130 153 120 29 113 41 185 85 134 87 82 13 185 17 130 121 183 46 188 183 70 144 176 49 95 16 194 4 28 70 48 92 180 103 23 5 23 177 35 122 59 192 129 181 134 166 120 59 154 49 75 186 196 172 15 158 22 186 4 139 151 13 136 154 34 168 67 42 19 14 55 166 93 22 76 145 125 40 128 140 94 36 189 168 198 171 22 5 162 2 4 108 21 125 53 141 68 22 8 116 193 143 52 198 39 175 129 71 125 177 128 53 63 60 112 196 113 132 94 105 120 184 100 120 100 178 164 131 94 76 57 135 93 191 185 115 81 195 119 167 37 74 
175 172 71 37 24 124 134 88 132 109 7 159 72 7 184 175 82 168 199 149 36 191 182 83 5 179 41 187 165 17 104 165 31 108 141 10 155 53 135 137 141 196 47 46 94 88 54 88 143 198 62 44 155 111 79 18 108 120 70 53 130 174 52 69 24 94 168 87 48 124 56 12 20 76 174 34 89 126 127 190 119 10 141 58 31 10 142 199 176 190 192 120 20 155 83 28 119 28 26 116 57 128 30 178 167 145 78 90 117 96 43 95 29 182 160 143 197 72 75 188 2 160 189 181 162 77 79 162 141 50 138 9 16 94 128 165 63 28 81 20 75 11 61 128 49 160 114 160 175 82 
96 177 131 167 109 115 142 181 117 85 78 107 108 118 200 78 98 128 73 100 13 182 104 17 84 30 33 6 53 178 21 134 32 27 63 196 40 172 152 22 23 38 125 92 90 189 75 148 69 150 167 61 145 141 73 33 166 35 161 178 26 93 38 199 120 94 160 157 96 58 108 62 117 122 40 87 136 13 27 91 189 81 47 84 89 150 99 5 120 193 196 12 176 7 113 27 130 149 28 27 2 181 148 164 67 185 157 35 137 37 45 198 118 21 167 100 47 69 136 77 54 79 139 63 188 148 101 81 60 187 51 110 121 14 141 149 109 109 101 53 45 78 113 66 195 183 32 33 183 70 
30 18 91 30 115 51 115 27 11 193 123 77 173 41 83 69 23 148 15 142 88 66 163 145 78 113 153 44 148 68 155 72 43 68 162 21 150 133 70 124 90 10 199 114 9 3 41 144 200 174 23 8 22 47 145 7 110 48 2 63 154 89 48 140 131 70 196 177 89 151 168 61 133 172 145 26 146 192 7 106 116 26 27 86 135 55 67 22 88 169 189 47 48 178 49 7 30 102 113 164 129 22 148 112 74 85 145 121 128 161 146 120 155 77 33 40 76 12 153 28 180 173 76 121 59 19 168 39 187 160 173 190 135 140 106 99 122 137 168 180 150 45 92 11 105 116 154 174 177 69 
6 120 59 185 21 4 26 200 44 84 168 182 80 156 55 116 124 17 49 134 166 13 186 69 149 94 30 91 189 146 25 188 134 90 152 84 13 144 125 93 36 138 61 145 123 51 27 190 37 164 89 49 88 90 127 122 20 183 107 188 38 73 27 125 53 122 115 191 152 77 132 31 187 118 196 193 169 17 44 30 135 166 1 54 34 1 112 95 91 163 123 109 134 184 6 31 156 141 190 17 106 4 183 42 170 38 84 194 162 72 133 52 184 178 199 134 92 135 198 87 166 72 22 141 71 61 117 175 173 139 3 183 9 10 13 148 92 136 26 66 136 98 188 154 173 113 107 142 51 167 
100 54 78 179 85 89 137 33 163 69 63 74 90 11 48 61 110 7 8 43 195 90 17 144 93 64 75 170 56 151 165 28 35 90 161 46 141 99 171 175 188 189 83 92 180 31 76 18 60 24 19 154 56 75 48 116 1 121 68 63 24 40 139 175 152 178 170 95 24 158 101 111 91 9 186 51 125 83 2 164 188 185 84 68 147 46 135 66 90 17 199 79 138 154 199 93 199 28 45 64 150 105 135 191 107 86 167 112 177 25 9 146 70 176 1 50 105 188 151 148 140 150 96 55 35 45 28 1 178 148 106 153 77 117 120 4 51 180 84 30 49 105 117 102 64 185 106 189 12 59 
140 29 63 187 116 156 162 125 130 133 50 94 15 132 30 145 40 62 13 27 77 24 114 160 56 177 112 108 6 20 17 17 18 191 7 131 191 82 140 4 164 86 153 184 11 62 58 98 87 159 126 18 168 90 134 36 160 67 163 136 118 61 46 168 91 112 132 194 154 156 140 111 63 168 156 195 137 148 154 153 139 66 189 19 92 139 122 13 129 161 117 46 161 2 1 36 61 12 136 186 182 26 43 41 140 194 179 140 33 66 7 174 197 10 185 135 89 118 53 11 70 187 187 180 56 160 185 141 109 104 77 115 105 146 80 176 56 21 70 100 63 75 74 61 104 93 188 141 46 40 
73 74 30 99 138 179 195 163 106 94 181 172 139 124 182 112 164 31 79 153 178 128 172 7 75 182 24 168 23 16 146 99 50 172 66 66 175 126 10 3 197 2 49 129 86 163 144 24 57 186 169 198 37 81 173 146 37 124 50 194 132 187 68 85 49 186 178 182 197 9 154 41 161 114 118 99 199 188 102 110 74 199 22 49 71 197 24 128 129 51 78 141 21 130 168 22 164 64 114 34 92 188 84 59 22 60 7 142 170 1 156 69 55 68 170 7 117 106 145 40 194 65 149 11 12 100 85 135 128 157 176 135 39 58 193 182 151 119 9 48 90 66 163 113 62 200 9 79 156 43 
88 59 119 50 150 7 195 57 72 85 170 64 155 5 104 18 13 137 124 154 97 3 103 12 145 102 120 37 25 101 24 124 47 87 94 69 66 119 123 140 66 103 146 89 153 46 72 105 136 17 78 189 146 81 172 76 24 199 146 178 56 21 111 132 26 64 120 58 73 77 193 34 81 124 35 122 81 93 70 183 160 106 89 3 142 77 161 87 84 176 74 20 41 128 157 99 37 147 26 117 95 190 45 72 72 13 139 157 115 180 70 58 76 12 48 166 183 60 118 47 141 168 180 119 177 26 128 64 169 169 145 185 31 32 71 173 140 191 184 183 103 2 64 74 136 133 3 106 143 69 
30 183 59 89 14 178 161 14 175 140 129 126 19 123 149 168 184 67 58 142 89 133 84 151 154 115 181 92 195 25 98 195 147 9 156 50 183 42 33 61 104 88 44 21 51 102 66 121 17 92 4 196 137 52 11 169 136 44 33 143 176 112 90 69 176 90 170 97 54 71 170 5 185 12 22 112 115 99 21 80 113 131 94 109 102 7 7 42 198 28 26 173 46 86 134 96 100 146 128 183 195 80 149 52 176 115 176 194 51 123 198 102 188 69 97 97 48 136 103 72 53 23 127 191 69 142 149 131 93 159 153 152 61 79 87 11 98 145 63 64 193 161 66 109 163 93 176 195 161 4 
161 185 53 106 90 35 100 60 147 138 42 143 26 99 102 22 161 147 159 36 19 191 2 73 190 111 89 60 151 146 29 15 111 179 25 149 199 54 27 79 100 198 104 19 131 33 173 129 172 66 37 115 166 123 191 59 4 140 7 104 169 21 53 111 150 65 72 44 179 16 198 168 41 89 106 51 41 42 56 92 49 98 33 70 116 196 184 58 26 18 71 112 102 96 89 119 116 143 39 19 109 90 118 46 151 158 67 116 109 2 122 95 108 44 169 24 81 160 16 151 187 152 105 179 166 109 160 149 98 10 70 17 166 50 187 185 185 78 33 138 41 23 176 25 14 71 123 176 176 123 
37 43 154 6 80 120 1 141 39 47 8 90 140 19 92 130 152 148 6 4 107 108 180 23 60 200 164 170 190 48 173 50 170 113 145 117 185 165 174 151 117 133 165 141 131 54 200 95 119 110 169 74 18 192 156 114 93 55 98 179 10 88 84 67 133 133 23 130 124 139 60 54 54 82 123 155 39 170 200 153 100 41 99 64 55 186 195 114 48 17 116 47 85 5 184 75 127 96 147 95 63 6 108 55 35 2 65 22 162 8 12 109 18 131 20 84 124 185 23 70 188 161 67 182 158 57 151 77 37 72 75 37 80 200 110 77 164 83 10 163 7 146 133 144 168 18 79 184 104 109 
187 70 101 112 148 133 191 7 24 193 59 35 150 165 57 84 14 172 73 194 25 85 5 74 80 45 189 22 38 63 101 155 114 34 114 9 190 79 15 91 42 188 148 188 138 9 64 44 196 41 30 53 189 28 182 183 98 125 52 32 16 106 153 194 140 23 41 52 200 178 123 152 121 157 137 176 43 2 64 143 67 8 176 182 115 116 15 137 194 143 14 96 150 51 157 100 157 31 80 115 158 113 40 78 139 24 172 70 178 180 77 52 57 138 119 172 35 57 78 65 142 165 140 25 185 148 3 79 39 140 90 93 161 94 46 149 61 27 80 126 24 174 55 170 128 72 77 146 4 166 
36 107 108 62 198 78 4 121 32 84 76 199 18 36 23 35 48 80 84 47 126 97 191 71 107 91 118 132 20 90 192 142 161 34 128 90 17 57 11 149 103 145 38 189 83 62 95 154 79 9 153 162 195 61 34 84 92 82 145 16 108 107 124 62 196 114 46 104 9 71 114 142 42 56 164 107 163 122 59 128 82 106 140 23 124 105 108 119 102 76 27 192 2 108 96 177 97 166 156 82 147 113 141 136 81 79 58 122 163 116 169 56 88 86 183 78 72 33 54 34 168 104 117 35 150 17 152 35 94 31 70 22 20 161 93 74 141 181 78 156 45 130 44 71 32 124 139 81 30 43 
5 1 189 82 55 59 38 22 19 200 21 190 42 83 66 73 74 135 196 26 100 113 20 32 174 158 104 75 33 174 164 9 132 32 45 54 92 123 191 198 96 138 69 14 191 1 32 198 33 124 69 168 34 57 52 136 177 170 124 90 109 65 177 118 53 158 130 37 53 54 142 190 25 108 12 144 142 80 126 14 83 180 15 125 1 196 73 100 70 183 65 194 172 130 12 98 154 184 6 59 179 169 26 145 85 19 31 185 2 9 114 67 12 183 121 74 30 16 171 144 33 79 42 148 182 57 67 110 68 48 114 90 196 95 3 95 97 93 187 102 161 89 16 183 121 86 34 60 78 140 
96 188 115 97 165 89 62 44 32 99 41 107 1 199 37 20 169 88 136 118 183 24 112 161 146 21 121 121 77 128 169 37 57 27 32 81 70 9 190 146 58 6 149 53 63 124 141 76 157 50 32 35 61 149 15 52 119 161 126 146 167 73 168 86 58 146 134 93 88 172 92 42 124 163 147 172 4 75 199 148 162 93 76 102 153 43 22 113 195 10 11 183 72 117 89 165 65 169 64 9 10 54 146 151 92 11 121 48 82 163 85 196 175 4 141 64 31 177 27 30 146 155 153 133 165 183 22 19 85 65 150 102 122 195 161 57 130 143 161 5 111 68 188 13 175 132 172 46 174 80 
92 200 200 113 116 56 55 166 27 4 190 46 104 192 39 57 33 44 165 55 126 176 43 66 119 28 27 154 200 171 102 47 100 140 49 102 95 34 38 45 183 193 178 20 46 91 125 2 3 151 131 126 38 188 26 118 181 37 21 82 17 137 14 99 58 134 191 194 79 112 56 117 127 9 35 168 58 89 60 4 180 48 86 177 17 46 61 88 166 165 197 70 69 14 113 109 105 118 81 96 66 45 163 195 111 50 27 39 112 154 8 147 54 69 129 192 173 160 141 81 38 61 148 107 66 52 84 50 96 142 17 21 91 181 53 125 15 9 35 23 8 39 185 109 86 151 34 70 16 45 
90 18 117 128 1 174 35 110 29 108 158 142 16 95 65 200 57 55 26 66 29 101 136 185 147 141 188 41 94 136 158 168 94 190 14 21 30 143 96 42 44 89 30 69 29 144 194 48 113 137 138 45 91 45 3 63 142 148 13 169 57 91 165 126 157 47 143 80 14 47 72 155 60 94 139 158 155 168 75 67 93 120 147 56 70 167 21 179 143 170 27 107 99 125 170 188 21 150 123 146 171 46 41 92 112 27 9 53 183 73 142 158 119 4 187 106 10 28 24 79 83 141 195 180 176 7 5 164 66 119 75 193 25 169 74 170 182 129 104 2 40 97 176 25 124 143 37 14 55 163 
101 149 182 102 58 85 46 120 81 49 199 181 129 75 92 47 23 83 198 97 40 22 39 199 175 55 192 4 177 68 59 34 87 101 32 59 1 100 150 170 97 42 134 94 196 115 24 199 74 54 193 170 25 129 122 173 170 165 198 108 186 196 63 83 72 27 81 15 11 199 29 152 90 92 169 65 85 147 87 6 131 195 112 98 50 177 18 30 82 29 10 121 29 199 91 185 173 147 17 96 171 169 68 129 128 76 110 198 37 82 2 71 62 46 123 146 172 61 81 144 180 72 166 52 81 165 177 90 50 24 185 121 138 48 102 195 39 170 178 154 1 57 11 187 33 128 30 20 169 52 
131 74 81 121 58 28 163 136 57 3 193 179 157 22 122 47 69 66 110 68 176 41 121 46 103 24 26 56 189 87 54 172 169 20 21 24 182 41 105 199 164 9 33 150 133 40 28 194 101 149 25 126 75 194 152 122 32 182 135 89 46 89 2 125 150 190 196 153 141 140 58 13 148 97 57 120 104 106 179 35 53 125 65 185 2 13 116 81 6 103 177 152 121 123 9 69 54 27 157 58 74 161 36 189 76 116 185 70 157 84 185 86 158 34 51 44 87 29 75 159 118 40 108 37 162 18 54 160 74 177 47 81 51 16 199 25 90 66 12 187 143 159 100 90 153 160 69 172 68 12 
126 143 143 191 75 170 137 75 56 142 120 117 192 4 26 24 138 108 171 4 72 46 160 71 12 56 82 54 63 53 148 16 33 28 54 169 104 130 62 107 151 154 35 63 67 33 46 103 177 75 4 151 190 43 106 23 59 92 73 153 55 55 95 126 138 33 154 70 98 19 28 109 148 114 98 184 22 102 14 73 3 126 143 16 156 104 36 36 60 127 162 33 31 124 59 157 89 19 186 168 162 108 129 170 92 161 163 67 12 193 36 183 163 19 102 175 185 136 101 81 15 34 52 121 85 64 51 27 130 12 33 4 161 3 77 79 63 20 181 55 170 58 23 114 82 90 171 74 86 119 
132 141 181 109 54 195 106 119 97 138 57 17 159 91 152 71 15 128 179 157 11 172 157 193 37 44 115 162 181 24 39 183 154 167 75 22 41 124 59 38 41 185 140 141 101 112 179 47 170 167 52 42 182 63 126 155 129 87 193 172 192 16 142 30 88 113 180 27 154 199 123 164 183 5 71 84 78 12 182 83 8 129 142 190 42 110 158 128 47 170 122 95 46 114 104 44 19 149 155 18 133 82 149 108 79 149 147 80 48 8 52 34 183 73 69 10 113 151 85 152 54 146 61 16 100 51 179 115 95 37 29 114 130 38 135 26 11 117 38 196 144 9 42 24 175 122 172 160 94 129 
76 151 44 80 1 11 94 123 149 55 70 155 17 73 59 152 150 28 42 110 37 166 26 82 153 161 190 183 99 26 151 89 167 11 75 140 179 155 178 15 97 98 22 93 84 149 128 87 83 114 61 24 63 156 32 1 86 15 2 179 54 60 105 72 181 82 81 183 146 191 171 68 171 71 54 80 153 44 64 12 38 184 26 190 69 24 132 142 24 48 29 39 169 160 125 86 128 197 41 48 165 115 46 31 134 171 144 41 178 116 200 72 135 42 21 173 76 74 119 13 92 187 77 12 73 65 75 47 160 122 142 197 64 14 54 54 100 37 136 124 46 88 50 124 61 132 147 116 158 31 
39 157 169 77 86 119 122 159 59 44 118 200 9 3 23 68 27 142 155 110 85 138 18 196 111 147 19 136 149 63 188 120 146 58 7 191 181 161 17 183 6 39 132 173 96 11 26 198 152 136 110 141 24 96 48 20 188 65 13 42 165 155 195 1 178 148 128 18 152 2 3 143 1 170 124 176 119 121 4 95 39 190 114 1 39 177 25 139 19 17 174 65 192 93 21 152 182 189 33 185 87 97 49 71 24 103 130 43 81 74 54 176 41 64 12 15 172 137 157 112 138 181 13 93 175 34 103 63 75 43 127 90 33 83 165 19 191 113 195 75 158 28 117 38 44 113 129 75 84 137 
11 112 128 2 61 65 62 26 56 51 102 20 87 169 172 28 142 127 74 72 24 177 2 67 187 55 186 124 190 196 33 144 64 122 17 34 163 76 166 185 46 72 92 24 8 194 83 166 144 100 104 99 125 150 164 126 179 81 61 28 125 14 33 55 140 96 147 37 84 35 128 1 75 195 99 188 6 40 95 137 14 177 26 97 141 142 32 104 181 197 67 154 20 9 186 82 18 190 85 37 112 169 167 58 149 179 136 54 99 32 12 176 141 91 31 53 158 150 108 56 132 17 186 3 70 77 93 13 10 77 169 107 178 11 125 31 83 192 108 107 182 78 62 185 51 22 69 120 86 137 
189 148 83 177 4 80 113 8 113 180 177 152 146 119 144 195 109 31 59 115 30 113 150 94 135 118 78 162 94 20 199 66 11 70 148 51 112 21 76 129 151 140 102 187 68 74 187 160 171 50 57 113 97 88 87 153 5 61 120 152 17 112 42 154 152 66 103 102 133 177 99 175 11 87 153 41 83 156 130 81 126 97 152 135 62 117 137 7 119 158 182 96 93 88 110 14 67 73 41 169 45 163 121 60 158 143 121 126 174 49 25 58 122 55 184 119 20 115 98 184 104 129 160 123 18 161 8 181 164 84 65 134 113 111 104 137 22 185 25 135 128 56 16 195 65 194 73 7 179 82 
66 122 13 156 115 120 178 95 83 61 23 198 79 197 5 143 147 62 167 65 170 69 162 32 199 30 81 136 5 95 38 182 146 92 196 32 31 164 196 160 7 40 28 28 129 140 120 113 177 165 35 21 47 39 174 178 139 131 129 168 63 101 78 68 56 104 90 117 41 107 95 129 186 160 43 66 6 172 108 79 182 97 6 99 189 74 181 134 174 51 190 175 44 2 194 99 73 66 140 38 175 64 67 110 25 60 72 120 47 185 174 27 169 75 150 44 167 182 148 194 137 90 175 159 99 109 98 121 89 114 122 66 128 48 69 37 144 21 39 49 78 175 138 93 59 197 97 174 200 130 
102 86 117 47 112 83 16 53 129 66 149 82 161 94 70 121 61 173 154 97 122 16 44 153 27 173 52 144 92 43 86 93 124 145 11 30 1 176 13 184 88 55 132 17 185 180 10 174 162 123 173 86 125 129 94 70 81 176 61 198 130 163 189 7 71 55 128 21 61 101 112 67 67 94 91 103 171 13 100 127 172 159 131 42 15 119 166 127 81 24 198 5 176 77 200 70 90 176 192 4 165 70 26 124 7 174 14 63 112 89 127 85 2 100 194 168 187 188 96 158 136 120 94 179 169 115 111 42 87 13 14 185 114 193 22 115 124 60 167 2 48 116 10 19 143 147 29 169 13 124 
128 148 96 200 196 60 34 162 184 158 8 21 124 33 60 1 112 105 155 157 35 155 51 92 193 147 152 199 84 133 165 135 162 43 20 91 156 186 162 134 81 8 18 73 177 128 54 180 25 112 198 130 150 16 45 24 180 151 92 152 197 56 152 167 135 187 74 83 110 177 63 11 28 59 165 123 85 26 28 49 171 52 4 42 21 136 60 7 63 28 129 192 188 41 52 48 7 1 117 104 110 189 8 120 86 96 14 2 192 117 81 16 175 40 67 150 198 76 159 148 84 152 134 191 15 41 43 104 117 155 108 24 121 10 82 199 80 129 118 174 125 63 168 127 159 186 148 126 95 102 
135 111 151 110 190 12 30 187 145 75 134 106 25 169 14 7 3 174 71 65 120 48 199 69 33 193 160 136 52 56 147 179 97 130 170 62 163 167 102 44 113 82 7 114 145 173 200 51 147 141 78 48 26 147 26 58 182 6 160 1 83 84 39 191 73 156 49 53 105 43 181 155 170 200 177 104 145 59 36 93 92 57 85 139 28 52 121 18 193 56 110 21 193 21 151 155 97 169 158 105 3 33 112 128 131 94 78 159 128 115 109 57 143 32 164 174 65 87 178 29 151 96 92 75 6 39 9 72 21 157 152 184 151 59 133 48 103 27 126 158 122 183 35 159 134 47 120 84 39 74 
130 167 152 119 200 142 29 108 173 137 143 184 93 183 81 12 84 83 130 20 97 41 148 99 25 166 5 194 78 21 43 144 55 52 94 57 30 105 90 154 134 4 50 155 82 43 177 100 43 130 145 46 190 123 80 164 169 15 171 34 175 161 75 170 68 49 126 57 5 182 142 123 19 184 16 108 95 196 16 74 108 75 3 28 107 189 33 32 26 107 96 78 126 153 189 115 3 28 128 125 53 175 96 8 132 147 104 12 177 151 192 170 40 189 186 47 74 68 112 152 38 185 159 117 56 17 75 185 23 117 179 150 145 83 196 56 96 12 31 7 111 42 178 148 126 152 107 195 112 132 
146 188 53 20 63 131 30 78 85 123 72 106 183 127 72 35 46 2 173 5 81 116 104 191 35 5 127 194 68 130 196 91 16 200 156 44 130 91 168 54 96 31 70 21 137 94 104 100 149 170 180 1 100 53 97 22 11 95 10 67 70 103 87 184 190 181 1 190 114 18 25 47 179 99 65 22 131 145 130 81 198 157 31 143 44 75 110 49 101 75 144 157 87 85 29 61 116 199 6 121 141 84 101 92 86 7 111 117 45 100 183 199 125 19 187 47 164 3 36 111 19 97 199 68 130 192 133 24 133 192 63 26 187 182 88 199 80 36 121 38 91 5 18 179 40 194 177 111 63 75 
168 100 167 195 108 12 23 114 28 131 183 9 169 28 116 70 25 70 23 30 122 29 111 15 148 148 15 141 97 109 75 112 54 84 182 182 78 96 49 127 122 146 163 65 52 192 18 31 183 81 148 97 187 190 62 79 67 13 142 112 8 28 106 155 152 48 150 121 62 172 199 41 95 90 170 78 97 194 82 123 80 174 187 47 21 58 28 154 113 20 53 12 76 70 151 75 183 44 138 188 140 111 133 78 123 6 53 103 123 100 113 58 16 150 99 21 42 59 185 4 188 193 105 43 24 175 139 44 126 12 72 185 137 63 20 35 119 25 52 58 122 39 48 169 59 67 57 4 71 136 
101 170 6 145 154 55 7 41 15 193 50 142 68 188 189 182 34 25 87 47 156 54 193 128 28 44 42 58 84 165 101 43 38 132 111 35 85 80 91 187 113 81 180 65 166 81 111 154 132 90 28 158 124 75 14 86 12 123 48 64 29 5 66 96 3 36 126 7 174 175 61 94 45 65 149 72 73 157 157 60 193 12 177 169 155 52 29 28 141 179 143 130 86 55 10 19 141 1 164 37 105 16 127 4 88 140 101 132 113 22 98 158 184 2 60 105 188 185 120 155 135 66 90 11 182 110 67 83 164 155 1 168 159 46 196 133 137 197 106 34 114 105 98 25 133 29 120 37 105 4 
94 11 46 28 115 29 162 173 156 115 84 163 74 41 155 29 79 180 161 183 84 126 137 125 65 105 198 138 37 111 82 16 107 188 100 3 91 106 115 133 175 124 6 147 88 102 74 79 9 61 18 19 62 13 117 143 119 29 106 128 60 81 79 39 38 119 48 4 150 93 36 28 121 4 149 64 40 151 152 42 194 133 13 191 57 60 20 132 107 135 33 96 51 90 105 30 110 42 21 134 161 100 22 187 92 25 90 188 15 136 129 21 75 76 166 47 27 101 79 77 194 155 131 43 137 152 88 140 44 31 18 155 164 101 141 71 24 163 119 85 190 116 7 80 98 184 86 22 53 13 
73 145 102 132 159 20 109 194 75 177 43 125 116 154 103 123 14 87 154 83 159 100 85 46 101 19 22 53 182 196 139 80 50 133 73 11 35 173 148 166 153 117 47 4 122 62 115 96 193 87 185 39 76 128 134 143 173 172 35 55 25 16 5 176 54 11 33 107 3 29 143 15 88 44 189 93 182 89 7 181 152 173 40 86 64 30 115 173 112 134 136 166 46 39 173 90 51 2 129 112 117 108 179 2 31 12 116 92 41 4 53 53 174 107 175 6 87 98 118 108 19 72 151 69 136 118 191 154 70 107 72 178 16 136 69 196 193 143 198 74 93 165 52 51 81 76 1 24 136 134 
163 9 108 72 198 198 155 159 93 49 33 23 151 158 113 166 186 107 50 173 134 118 6 82 52 95 68 138 81 167 119 30 66 122 183 106 144 188 144 180 176 74 10 24 31 66 24 12 29 31 94 14 191 70 59 96 24 152 181 29 45 27 14 155 159 123 113 40 175 119 190 135 83 143 27 33 131 182 55 146 85 176 122 15 99 98 4 111 51 99 138 6 67 144 63 133 39 99 19 42 103 54 83 65 179 159 142 177 21 56 86 129 187 133 169 118 177 132 123 40 10 66 50 190 92 167 172 172 168 187 194 32 56 141 152 129 44 60 131 162 91 146 63 13 122 119 42 101 168 182 
22 69 180 108 54 66 34 180 27 148 193 166 109 193 123 115 45 118 177 89 5 169 190 121 84 37 177 18 199 164 18 42 152 96 200 64 65 81 102 29 147 179 54 145 104 18 162 151 133 80 193 187 160 156 154 69 84 69 54 28 194 28 42 164 136 9 183 177 14 89 185 30 123 174 94 23 47 66 148 143 189 14 181 186 111 85 48 14 112 163 36 23 71 141 152 146 57 41 191 51 65 14 140 68 152 111 122 193 25 93 117 101 21 73 75 197 43 94 197 97 188 148 75 34 159 23 90 80 20 4 113 188 168 88 82 21 144 149 9 76 64 81 23 122 93 177 195 20 27 139 
126 99 91 169 198 94 96 17 63 67 3 125 89 159 27 146 5 146 24 74 147 83 189 89 152 198 168 184 65 55 108 50 78 150 176 117 121 192 189 8 50 33 60 193 114 122 105 38 180 105 175 92 159 14 35 145 108 179 19 55 50 5 140 137 131 79 144 54 182 178 152 3 200 13 198 168 133 40 91 16 65 37 39 196 166 120 107 3 137 48 29 94 139 192 195 60 181 179 37 127 133 77 48 133 26 39 24 82 130 84 127 185 138 144 149 1 40 163 80 49 180 98 181 66 104 26 171 177 132 158 71 60 92 108 8 27 162 106 106 38 101 5 106 27 95 72 125 159 105 76 
51 72 94 17 96 29 44 147 89 46 137 144 150 116 191 45 89 120 110 100 22 51 45 50 143 48 40 189 151 83 45 156 128 164 107 114 36 34 134 200 57 89 26 162 56 28 125 135 172 11 153 179 197 154 65 50 106 123 66 168 19 54 172 5 40 27 121 110 7 21 185 112 160 175 183 140 115 174 66 103 111 49 125 149 96 82 155 151 180 21 85 99 106 154 70 190 36 47 13 148 99 135 183 192 124 121 151 117 82 130 199 170 153 155 139 68 195 133 198 164 66 105 127 73 11 41 125 137 165 73 98 154 111 160 35 80 71 124 76 50 27 41 76 124 52 136 54 179 153 85 
88 66 1 31 126 186 57 171 158 15 105 118 112 82 102 118 125 26 64 138 154 98 66 153 69 68 62 53 52 171 35 69 16 46 47 13 182 33 33 48 21 121 52 7 120 152 100 167 176 38 25 96 146 28 138 179 92 27 144 17 123 122 97 137 162 42 19 132 12 146 45 175 48 187 73 199 38 142 57 175 174 36 40 193 156 21 146 157 21 159 143 71 116 114 18 43 184 195 195 54 20 76 85 153 161 55 73 101 119 187 127 51 139 86 55 150 74 34 11 48 42 179 16 134 73 35 128 27 14 160 118 97 185 147 3 73 164 133 38 92 1 195 72 141 130 115 103 27 40 67 
147 85 86 112 169 139 105 92 92 13 18 158 137 47 188 198 170 6 68 178 95 192 119 104 5 124 110 83 105 159 13 100 111 146 141 51 18 124 136 160 129 105 97 91 47 113 144 193 114 118 113 173 194 130 150 170 106 84 39 39 139 168 5 161 158 81 194 107 178 185 66 103 184 158 180 137 93 50 130 63 127 71 197 134 2 45 139 36 106 154 133 132 4 70 114 50 95 8 8 111 121 161 14 138 103 27 171 157 33 50 58 11 162 168 84 133 182 93 3 171 170 195 64 43 186 118 188 75 152 168 67 169 90 110 144 191 38 94 172 156 42 169 55 33 168 26 80 22 3 58 
117 27 86 174 174 63 91 55 83 186 167 66 44 58 101 186 62 68 167 96 45 47 75 153 14 43 88 52 171 163 142 151 144 82 85 131 125 184 15 115 163 91 177 17 177 76 71 29 36 107 165 111 140 7 62 24 114 3 89 199 15 62 43 104 133 8 176 140 179 48 105 126 27 162 74 86 142 134 133 191 103 28 42 186 82 137 139 42 199 161 152 126 93 65 28 159 81 159 22 25 110 74 107 28 151 47 150 1 57 5 199 158 92 105 49 155 74 18 108 36 11 129 20 124 57 127 53 31 176 148 55 138 62 125 152 103 191 155 63 181 184 50 23 111 183 143 180 168 144 166 
127 134 98 54 183 156 95 198 118 114 17 178 46 178 5 83 31 151 41 94 35 138 45 95 186 123 164 188 187 122 23 58 33 24 140 188 187 191 80 115 194 139 73 136 126 171 72 127 114 55 61 148 114 40 93 133 154 200 140 103 8 154 7 50 169 165 100 51 90 165 141 61 181 128 175 154 113 53 10 182 38 18 148 193 163 82 49 196 96 59 128 199 169 178 161 86 9 131 91 82 180 123 108 166 53 3 102 191 123 149 129 179 85 81 120 169 94 86 98 82 152 133 102 66 135 20 177 42 79 136 34 122 97 119 87 62 184 196 72 10 140 53 89 194 42 40 7 27 198 101 
108 81 165 197 21 40 98 155 80 101 38 33 128 185 148 163 63 149 149 75 88 85 197 75 166 196 82 143 105 153 88 88 16 116 185 199 50 31 122 95 25 197 126 4 94 18 23 165 152 54 28 193 176 18 119 164 105 157 100 14 18 45 21 145 88 40 124 28 50 148 107 110 31 120 100 124 127 103 76 172 65 128 18 151 14 184 63 196 100 117 64 182 94 26 152 49 30 183 190 89 114 100 92 145 173 179 129 186 79 46 195 195 44 184 188 108 81 179 110 48 14 152 72 7 51 55 141 118 137 133 106 189 20 188 188 153 29 168 15 55 146 179 58 154 13 140 196 196 58 187 
160 92 78 29 5 72 147 89 40 87 55 7 113 1 9 30 83 19 185 79 14 172 11 157 194 96 120 40 135 178 55 149 126 168 74 75 87 21 188 54 82 57 2 7 21 180 101 8 73 184 176 12 114 3 77 180 112 107 123 101 75 104 150 26 148 164 24 64 122 81 33 86 182 112 152 187 123 97 196 78 77 108 1 38 102 74 73 2 130 55 46 161 46 153 25 14 47 116 35 37 55 45 17 153 38 136 89 144 106 191 180 41 159 45 86 60 128 143 168 66 168 32 70 131 148 63 34 158 158 112 142 29 101 111 173 188 1 135 5 77 141 51 167 31 121 39 20 136 144 138 
42 101 10 151 62 141 167 129 55 37 145 108 6 190 106 88 154 34 102 130 9 191 174 53 200 188 17 107 142 131 18 174 78 24 66 124 26 52 193 7 146 171 66 83 6 126 112 133 9 84 105 189 104 43 61 60 81 126 130 98 78 58 77 186 157 183 148 35 192 142 99 194 110 107 69 108 66 73 161 168 112 157 7 190 89 7 183 122 111 100 26 23 95 165 31 27 50 21 23 152 124 16 165 43 144 60 194 199 102 61 133 52 199 45 111 91 117 7 185 118 102 53 7 198 80 162 162 127 56 24 30 84 97 163 90 158 79 116 166 3 62 16 175 6 32 125 45 70 48 153 
85 7 73 44 194 130 95 48 191 156 98 68 35 79 114 178 102 157 171 182 75 190 6 100 174 124 58 88 114 174 115 88 34 49 46 65 72 111 19 142 79 58 192 127 63 61 143 103 152 33 15 76 73 136 51 127 147 28 34 178 137 177 107 43 13 102 6 86 10 123 61 55 185 1 166 131 157 49 194 121 68 25 18 49 109 7 64 191 159 147 64 172 133 191 66 122 142 158 85 73 78 66 157 196 192 69 137 61 171 152 22 187 52 194 146 88 117 77 149 116 115 165 48 119 53 61 102 177 8 111 27 157 198 32 148 99 123 30 63 38 82 159 89 73 130 51 198 117 139 183 
52 86 166 29 79 154 173 32 31 56 180 68 75 109 29 8 132 83 32 16 102 55 33 50 120 142 110 78 144 54 157 62 74 119 80 48 120 46 179 174 60 158 26 108 35 153 129 157 146 187 53 20 3 61 135 99 61 124 46 72 8 29 44 36 121 37 145 102 169 152 190 176 44 56 196 133 20 165 23 95 83 30 60 23 16 93 157 131 133 25 177 194 36 13 184 140 86 137 170 58 72 144 166 152 114 55 176 96 19 91 103 119 198 100 67 34 110 24 71 82 109 186 43 50 49 178 187 5 178 23 140 15 8 178 167 191 103 74 5 44 132 46 62 89 107 26 185 9 67 8 
176 107 69 157 193 153 72 15 46 191 127 80 97 159 174 154 116 131 70 131 14 18 61 136 24 172 133 39 70 137 154 132 22 140 101 200 123 111 132 6 75 95 142 14 135 72 188 99 123 124 46 135 158 40 179 103 200 3 47 66 18 177 123 94 143 157 94 150 110 104 65 122 119 68 43 93 163 196 166 140 98 23 50 38 128 16 190 178 48 178 125 149 69 46 104 120 20 86 3 93 60 125 49 181 197 117 49 134 129 113 77 117 7 120 14 178 104 110 41 62 185 142 99 197 173 176 150 51 183 7 54 13 169 25 92 126 179 24 48 11 150 79 60 116 137 8 176 101 40 39 
136 105 51 122 112 150 86 93 52 125 64 92 68 52 72 181 134 140 93 34 38 198 164 125 90 76 104 18 131 129 195 114 10 157 153 189 93 24 48 174 111 13 171 95 63 200 95 112 75 112 87 123 18 38 109 101 138 55 58 31 78 188 150 155 25 92 131 98 66 50 69 145 1 193 87 89 35 72 15 166 126 76 178 56 107 4 10 29 136 129 24 164 61 124 75 64 200 50 43 5 90 47 37 66 97 157 72 120 173 12 64 90 172 112 178 17 75 28 55 118 160 42 194 79 196 152 186 112 44 149 141 62 172 150 52 113 33 103 158 148 25 192 130 37 56 108 173 131 156 41 
197 34 102 177 30 88 38 6 97 96 140 171 105 40 18 49 142 44 59 49 79 36 70 200 38 170 23 117 33 15 104 128 91 162 55 123 142 138 95 122 39 58 157 41 169 11 126 80 158 45 35 141 69 83 185 178 14 104 126 8 45 81 115 188 150 48 85 34 162 36 99 115 192 50 102 101 187 109 142 188 34 102 126 52 55 113 157 98 111 38 49 38 147 159 158 34 172 125 78 106 166 177 142 30 49 75 187 45 135 171 71 72 139 103 64 134 78 60 155 1 151 119 159 200 70 29 167 68 150 54 171 43 18 101 131 43 143 200 184 86 116 64 54 9 197 139 49 145 36 140 
152 65 50 24 183 126 147 120 14 38 34 162 122 95 125 163 91 1 176 176 179 88 82 54 144 196 52 169 91 52 98 110 198 95 124 146 102 32 142 111 27 183 130 8 122 67 62 190 146 67 188 70 173 66 7 39 169 122 154 20 52 152 83 6 70 92 117 105 148 74 58 25 104 73 123 186 192 48 82 33 121 8 182 95 180 161 137 61 47 144 156 31 137 175 71 2 19 52 162 136 106 67 173 20 15 177 122 11 135 143 91 151 103 142 167 2 77 111 195 5 160 23 99 146 59 54 111 164 162 96 126 98 90 97 98 1 15 195 197 86 70 5 149 22 87 37 76 59 158 51 
110 11 119 198 175 123 12 68 110 77 162 71 82 28 152 74 9 129 155 39 127 128 181 133 182 76 199 169 180 23 95 20 180 28 192 74 141 132 59 40 111 194 83 23 10 65 46 154 60 147 21 90 29 27 51 163 193 100 68 169 140 49 99 21 193 89 54 104 13 10 7 102 25 102 187 167 63 44 63 197 15 144 180 155 34 189 39 10 176 112 17 37 115 116 10 172 28 195 53 178 151 14 3 15 31 126 111 118 196 117 52 57 93 118 8 102 7 88 14 17 170 5 99 199 3 151 179 128 79 124 131 85 136 173 46 64 175 167 102 24 25 30 24 25 136 90 25 193 18 10 
164 159 159 103 32 11 13 30 56 159 10 199 197 160 187 66 101 2 118 172 80 28 70 4 3 173 55 52 129 103 50 78 120 66 161 133 105 53 120 155 50 78 1 59 73 181 28 185 4 16 196 107 16 76 197 93 138 20 55 62 61 141 122 44 182 59 161 43 105 1 178 154 25 40 94 54 84 3 176 86 35 15 191 142 43 6 109 115 77 42 127 20 39 149 71 187 32 168 22 191 18 155 83 145 10 183 92 41 6 64 97 179 165 138 16 65 92 19 105 93 25 84 92 50 200 144 19 42 25 177 198 101 121 76 93 129 147 58 43 180 178 167 34 102 178 175 107 157 35 37 
120 43 77 115 187 105 121 137 81 160 34 49 114 160 11 62 57 162 42 139 59 90 9 106 115 19 102 158 58 29 51 200 151 25 48 66 1 42 35 110 118 188 42 200 191 14 189 32 136 64 159 143 194 149 21 174 191 180 68 135 151 8 199 34 180 150 75 154 35 95 154 199 37 156 173 191 173 67 122 19 153 96 44 92 114 196 150 115 174 111 133 155 193 17 42 22 56 88 100 7 92 194 138 58 181 149 146 149 131 72 67 18 145 83 175 51 51 165 167 9 120 112 193 122 28 103 4 124 107 6 177 30 146 186 70 124 11 90 167 131 196 91 175 97 150 168 70 150 161 13 
23 156 77 115 19 180 197 186 124 135 54 19 107 111 101 181 4 148 199 131 47 119 80 58 19 107 6 163 179 85 167 172 114 27 110 73 16 3 89 32 183 39 49 177 92 6 157 132 80 119 9 34 50 85 34 78 105 165 14 14 135 111 143 157 136 78 168 48 74 60 65 66 52 189 186 134 96 126 13 100 192 196 185 90 169 141 177 125 13 57 74 64 187 123 132 59 180 102 116 74 104 130 57 169 34 102 67 150 105 196 143 101 150 50 127 3 28 176 66 78 140 97 56 68 126 74 55 186 54 140 163 63 134 119 57 190 97 32 43 181 148 53 116 11 45 105 8 128 86 81 
109 191 67 10 42 117 191 157 115 30 93 7 50 3 143 189 42 112 200 77 98 39 2 11 82 140 199 85 131 6 94 81 95 174 19 139 96 63 29 57 58 87 81 68 110 133 76 26 29 200 57 122 107 100 86 21 139 66 70 137 163 114 181 177 23 24 58 50 179 189 58 47 81 191 88 110 46 103 60 2 129 105 130 4 112 18 138 6 143 73 12 134 20 34 14 107 35 54 182 178 157 20 168 85 69 3 70 37 152 102 82 191 11 194 159 121 159 56 144 127 29 170 56 142 134 156 27 89 49 135 53 10 65 147 86 143 171 145 37 20 187 142 45 76 165 38 111 120 83 191 
181 140 4 161 28 100 71 139 16 159 142 40 161 144 150 186 172 116 164 73 80 37 108 104 19 79 140 167 62 10 65 32 175 12 26 179 93 199 115 173 118 123 48 86 177 101 127 75 164 119 23 66 66 163 176 108 60 53 116 156 12 26 85 113 66 141 137 161 104 112 102 102 56 98 182 97 103 106 66 143 123 27 84 127 45 191 165 131 193 46 96 27 190 167 157 40 183 38 65 19 103 92 55 48 45 96 120 18 123 75 197 90 80 168 174 103 65 140 4 47 70 8 96 66 58 122 159 54 109 28 92 137 196 197 122 64 9 69 162 109 97 136 137 114 53 105 83 160 71 55 
38 20 127 171 109 79 4 177 137 200 83 159 139 15 50 14 111 96 130 102 168 195 152 92 50 60 168 152 160 27 112 110 186 30 162 26 183 170 110 33 145 9 200 99 167 181 162 58 175 59 113 106 175 19 109 147 43 45 103 188 135 174 185 168 154 75 193 135 191 52 176 80 150 24 3 72 173 28 51 56 33 19 175 73 160 55 187 172 79 146 126 21 90 72 113 195 108 137 68 124 27 117 71 17 50 97 153 34 143 74 72 59 32 85 72 45 132 71 198 77 93 147 109 168 63 77 57 90 98 102 58 118 92 103 94 147 110 78 79 89 79 151 9 165 70 34 169 89 77 18 
26 161 26 19 58 116 142 48 92 82 71 80 167 105 16 148 147 157 165 93 2 21 78 160 10 61 61 75 158 150 31 124 193 191 29 103 178 166 102 24 165 24 138 182 35 117 119 82 52 18 92 31 189 120 112 22 10 69 33 173 15 79 2 87 112 172 195 11 128 39 163 99 184 163 81 120 166 11 117 108 126 187 69 68 97 184 172 79 3 122 189 159 192 74 30 100 32 58 200 19 52 86 37 27 135 126 4 93 45 34 102 13 58 135 14 186 190 84 117 6 100 79 143 105 24 129 79 108 73 4 191 85 80 9 31 119 184 111 21 26 140 94 6 184 124 151 81 173 178 198 
