50 6
0
2
1 191 9 263
2 267 172 267
3 283 4 275
4 312 137 38
5 368 3 368
6 379 180 379
7 425 182 425
8 530 61 408
9 558 98 1146
10 585 23 585
11 621 17 655
12 713 154 1329
13 754 85 754
14 777 197 1171
15 861 184 2333
16 954 40 1114
17 958 121 1684
18 1055 68 1463
19 1057 139 2169
20 1232 127 978
21 1247 60 1127
22 1278 191 1278
23 1304 60 1784
24 1308 181 1308
25 1445 154 1137
26 1464 48 1368
27 1554 53 1448
28 1581 160 2861
29 1582 150 1582
30 1594 16 1658
31 1608 178 1964
32 1631 172 3007
33 1657 16 1753
34 1662 114 1662
35 1774 47 1868
36 1782 171 3150
37 1787 166 2783
38 1835 157 1835
39 1985 65 1855
40 2059 137 2333
41 2068 137 3164
42 2135 192 2135
43 2282 188 3786
44 2372 5 2402
45 2834 11 2922
46 2870 119 3584
47 2877 50 2777
48 2907 6 2919
49 2915 101 3723
50 2975 120 2975
130 128 59 67 7 116 44 37 171 84 29 114 95 136 31 110 106 73 138 21 7 54 130 37 134 53 134 53 94 64 150 163 75 2 50 70 84 131 23 85 172 158 178 94 141 11 103 127 32 34 
49 88 58 90 142 57 176 114 71 182 66 54 164 141 133 188 30 107 49 107 79 154 129 110 152 80 21 16 136 74 198 139 1 167 127 172 22 126 185 19 187 95 16 60 66 73 172 106 6 151 
74 151 185 200 157 139 23 33 163 153 199 152 178 134 35 188 141 181 120 187 17 13 127 42 20 174 131 28 49 83 124 74 59 9 125 113 54 127 145 129 45 165 148 123 194 153 154 34 158 71 
95 115 61 2 158 150 99 2 78 71 118 62 178 51 97 33 112 93 16 65 78 168 21 185 63 163 193 179 66 81 198 199 25 60 68 115 186 47 123 9 156 87 163 33 152 42 69 80 40 167 
26 153 73 40 17 183 39 77 92 57 97 147 47 65 77 113 14 58 13 90 73 12 135 146 188 42 42 121 47 79 71 133 165 104 56 55 99 141 85 112 2 19 149 191 27 138 117 62 79 181 
26 43 102 186 70 173 22 146 101 31 3 188 68 81 181 130 51 33 61 34 45 28 72 44 74 180 161 185 40 116 82 113 69 132 177 51 80 141 136 69 14 118 57 111 35 167 193 161 191 180 
45 188 154 122 109 97 181 172 111 108 83 158 75 157 29 173 152 81 71 147 148 82 12 66 46 104 48 198 46 91 3 120 65 3 33 23 83 98 34 152 146 191 85 182 41 1 141 103 82 161 
150 108 41 9 19 3 174 61 51 24 20 100 84 161 163 45 124 139 182 159 24 29 12 132 139 136 52 9 99 127 145 148 125 146 150 79 151 81 151 21 95 142 182 167 18 166 73 96 156 196 
192 165 18 52 122 170 14 140 1 57 190 93 75 46 140 175 135 82 63 181 31 197 81 88 52 122 165 175 177 150 96 150 51 40 104 17 99 167 157 35 45 115 52 153 102 190 200 125 178 119 
14 26 165 62 63 7 45 193 174 161 28 136 4 161 170 186 83 152 47 155 194 34 90 51 33 118 59 43 168 142 12 124 24 39 160 102 44 195 46 145 95 118 139 87 136 135 195 140 181 28 
114 66 196 79 193 168 7 5 180 13 162 135 71 57 84 13 44 162 176 158 116 9 59 135 38 181 107 48 197 83 53 131 40 96 157 71 96 159 193 137 190 197 85 149 105 133 4 155 151 117 
150 161 166 41 24 52 98 14 152 35 162 183 106 147 69 42 24 134 5 140 28 38 163 134 167 101 84 140 49 136 107 186 158 195 200 159 172 95 16 191 156 7 90 93 156 19 43 150 159 126 
43 170 178 194 96 49 62 28 193 73 43 60 138 29 130 56 136 193 125 35 47 98 115 95 144 23 30 49 81 81 157 32 70 53 83 49 52 58 97 112 64 171 76 129 88 179 142 38 139 18 
142 153 121 20 43 77 1 190 118 139 159 166 20 148 74 170 139 173 148 19 184 85 85 118 44 192 200 90 122 10 75 156 189 172 154 165 23 143 17 171 23 82 90 64 162 195 81 194 33 77 
102 153 15 85 154 26 156 160 99 63 121 155 122 108 168 5 50 65 109 190 198 129 137 111 132 58 186 200 86 174 122 112 180 58 174 49 112 70 155 157 43 194 25 124 3 30 71 188 85 171 
119 110 122 111 195 149 176 73 200 109 105 56 22 27 123 196 160 161 111 81 166 61 179 122 27 6 198 78 104 154 4 21 68 62 120 182 83 110 37 133 123 149 78 39 67 174 131 165 117 77 
53 197 84 95 42 155 22 76 182 152 16 19 24 154 163 60 18 62 88 101 16 69 185 43 172 41 160 10 24 80 48 81 26 127 167 39 44 118 180 17 190 20 4 104 42 169 111 76 30 185 
83 76 163 107 47 8 150 148 142 62 9 193 95 54 69 115 43 20 18 1 105 164 52 188 86 141 195 83 61 89 145 62 104 72 30 84 189 158 177 65 45 91 108 12 106 179 175 158 111 62 
124 181 6 1 127 181 126 190 200 114 135 24 138 193 52 159 103 124 196 70 82 130 34 141 69 65 21 70 95 37 200 9 25 6 162 56 154 150 157 187 66 41 176 128 190 132 12 172 151 159 
92 189 135 124 129 24 24 122 186 140 193 9 65 9 195 22 180 84 30 57 188 139 29 127 197 58 47 21 76 44 103 71 22 191 159 29 152 167 76 188 90 172 182 180 154 99 56 166 2 198 
155 194 157 43 105 81 159 104 53 43 88 195 32 80 37 23 128 45 124 148 182 22 125 127 12 77 7 85 162 8 52 117 100 7 128 17 124 10 106 167 166 56 29 148 51 167 157 134 63 26 
34 66 41 123 50 12 171 74 89 63 97 115 195 143 132 136 173 31 188 156 122 178 103 106 89 89 170 81 198 29 66 132 200 130 81 110 4 2 128 161 55 47 175 55 67 112 101 179 120 186 
84 154 120 40 79 197 71 122 152 163 48 16 120 139 43 4 90 177 200 26 38 61 173 155 80 170 92 70 5 83 22 8 159 90 84 49 140 30 7 191 111 125 149 10 98 148 22 149 174 94 
113 59 139 125 36 188 103 18 157 173 12 10 114 2 121 68 192 90 11 166 31 41 109 119 156 106 114 8 72 120 54 53 148 65 70 103 198 157 188 137 10 144 120 112 83 155 114 76 11 149 
140 50 87 55 144 87 155 163 40 170 14 114 113 100 19 60 189 39 57 84 94 16 80 143 56 23 167 40 184 25 192 65 36 164 16 47 165 126 99 120 73 78 154 85 166 151 22 116 80 134 
184 176 183 13 87 149 156 51 5 79 58 96 1 65 90 122 132 1 154 41 61 114 25 36 51 169 78 144 51 20 70 59 189 130 14 34 58 16 77 162 179 29 192 166 58 183 48 142 32 65 
57 97 61 31 102 137 12 76 185 3 19 11 111 150 179 169 164 35 99 65 102 93 164 125 12 36 35 80 65 53 143 79 180 175 113 44 129 49 58 6 22 172 101 57 155 25 119 163 103 157 
98 93 123 94 184 89 92 160 148 36 5 40 6 154 79 85 104 81 136 162 139 183 165 68 112 182 40 106 116 135 49 46 21 183 16 135 18 106 187 147 109 103 159 197 181 100 68 24 121 32 
85 109 168 154 7 9 28 38 199 147 59 129 147 64 121 6 68 54 40 155 87 130 1 168 9 109 42 182 22 115 168 174 193 157 19 47 132 86 120 107 134 183 87 69 161 40 182 126 135 41 
30 138 2 26 89 52 148 156 105 117 32 87 83 99 173 114 9 171 137 175 51 21 26 46 31 99 120 23 152 190 173 124 130 2 10 106 71 75 120 37 116 156 173 69 85 85 121 193 146 180 
40 185 120 83 180 193 28 141 6 73 98 104 122 174 117 109 86 101 120 27 96 120 25 97 23 155 117 8 79 185 66 159 75 48 96 143 100 172 133 127 127 16 22 86 169 126 136 147 102 117 
88 101 69 110 75 33 125 71 181 190 3 1 86 45 141 180 66 20 180 13 40 83 81 10 117 193 87 69 3 22 151 1 120 193 47 38 119 163 158 95 142 54 44 124 178 112 54 38 84 72 
61 102 127 99 20 19 41 126 143 94 118 36 33 41 113 59 111 170 197 121 138 169 180 96 38 79 110 6 42 143 55 106 29 116 68 81 30 21 8 86 65 104 116 200 36 10 196 75 119 138 
118 48 172 56 108 154 66 89 116 25 109 153 97 108 118 61 152 41 41 61 11 79 91 74 78 41 170 197 147 48 26 3 64 196 49 45 102 100 79 200 74 112 132 159 115 21 119 151 41 118 
6 117 162 61 78 131 40 27 51 95 7 158 75 184 68 198 26 125 89 105 63 49 145 59 9 127 178 101 110 101 104 141 41 76 87 58 152 70 17 128 10 124 185 47 42 180 52 184 50 105 
72 114 190 183 177 155 178 93 5 23 190 42 53 191 80 183 6 122 33 185 24 15 148 78 39 166 68 33 53 68 69 39 129 24 90 95 144 199 14 16 14 182 115 95 116 127 140 179 104 152 
125 165 168 103 21 80 137 6 167 136 172 156 61 32 143 73 175 186 99 190 169 144 6 18 67 38 102 137 55 68 45 102 110 125 164 127 61 61 93 126 22 95 40 110 134 191 109 193 98 113 
160 28 191 48 145 2 55 120 57 89 189 25 87 20 122 193 103 194 124 36 64 138 114 182 65 30 118 13 54 30 25 56 27 194 119 40 119 145 81 44 176 70 6 187 193 33 146 42 27 87 
124 126 27 86 17 85 80 175 57 101 68 94 149 99 165 54 100 94 75 157 79 32 184 10 104 185 130 11 80 107 130 147 59 20 121 66 42 169 31 11 183 20 166 25 79 158 193 61 6 13 
164 156 5 196 17 137 197 112 163 81 121 74 158 128 198 182 11 164 79 84 90 112 27 119 57 65 14 22 6 7 66 101 33 132 177 63 108 13 16 147 99 150 43 106 170 44 131 114 110 40 
22 80 128 161 141 157 137 16 139 163 163 137 32 33 40 132 200 171 171 84 48 54 160 106 156 89 38 156 145 164 149 122 112 90 141 115 135 97 34 164 3 157 145 94 19 63 145 121 99 93 
199 46 124 97 108 174 186 133 66 117 22 76 127 18 134 100 71 92 158 63 4 15 98 42 195 13 37 34 9 120 53 56 31 70 93 148 193 73 57 76 71 200 24 162 64 24 85 196 113 80 
47 95 49 171 26 175 151 35 148 95 77 44 19 44 192 196 76 3 173 70 85 148 86 59 35 123 168 148 63 133 192 152 44 72 80 28 174 141 41 163 180 9 53 18 127 5 89 188 112 1 
40 42 137 88 196 33 82 142 89 172 38 107 42 58 82 138 56 180 66 114 56 20 103 138 23 158 188 141 75 176 43 60 124 31 169 117 32 23 33 179 156 50 51 67 165 22 169 27 191 69 
87 108 4 164 31 145 100 140 96 121 67 141 37 22 164 133 56 138 129 152 144 38 13 23 164 60 31 31 84 40 110 123 133 64 89 145 50 177 1 1 72 48 171 136 166 41 99 127 111 155 
110 88 40 191 31 49 48 69 40 40 2 186 3 128 165 168 178 167 123 92 187 161 8 60 20 158 176 28 126 34 196 96 199 150 57 2 145 124 43 3 61 86 162 154 165 126 192 29 38 92 
160 174 76 153 155 194 61 175 135 161 174 182 36 84 150 77 34 178 92 190 144 107 65 78 76 115 75 129 103 76 196 46 105 68 139 99 88 25 71 2 17 173 160 197 31 72 22 71 132 25 
98 47 197 1 118 186 94 141 188 29 188 153 94 63 43 54 29 155 23 186 187 130 153 66 36 72 79 6 139 57 98 33 118 124 15 96 77 97 134 14 138 138 47 35 49 105 158 67 77 47 
172 93 162 144 60 87 112 200 69 192 157 126 175 128 101 65 72 148 196 94 39 30 8 177 162 52 140 150 153 146 152 143 173 149 72 64 1 105 144 134 27 70 83 176 5 119 80 80 158 110 
89 94 5 33 177 16 46 140 134 166 93 84 182 195 84 13 4 70 132 141 192 33 106 106 144 69 29 140 162 69 32 77 135 36 26 138 5 96 198 92 6 162 191 99 106 153 68 163 194 116 
86 150 54 114 199 158 125 27 147 166 158 25 82 142 176 120 192 53 119 199 88 110 58 161 79 196 193 83 127 116 11 60 84 163 55 190 66 106 179 58 120 81 48 13 36 165 70 159 158 184 
