100 6
0
2
1 115 66 379
2 214 103 1038
3 337 195 1507
4 371 192 371
5 382 97 1158
6 423 115 883
7 440 5 450
8 492 31 492
9 555 38 479
10 587 168 587
11 640 184 1744
12 653 12 629
13 757 125 1757
14 1016 119 1968
15 1036 176 2444
16 1077 83 1575
17 1086 193 1858
18 1259 144 1259
19 1260 46 1168
20 1310 166 2638
21 1347 94 1535
22 1368 25 1518
23 1383 171 2751
24 1429 199 2623
25 1431 82 1267
26 1461 151 2065
27 1499 146 2083
28 1568 135 2648
29 1718 78 1874
30 1728 138 2280
31 1818 26 2026
32 1843 106 2267
33 1844 57 2072
34 1865 98 2453
35 1895 117 2831
36 1928 103 2752
37 1937 127 2445
38 1969 66 1837
39 2000 9 2072
40 2006 178 2006
41 2072 13 2124
42 2078 165 3398
43 2115 126 2367
44 2152 159 3106
45 2306 2 2310
46 2460 22 2416
47 2594 130 2334
48 2620 33 2884
49 2678 75 2528
50 2704 165 3694
51 2779 98 3563
52 2822 128 2566
53 2843 43 2843
54 2868 66 3000
55 2907 120 3147
56 2921 64 2793
57 3062 22 3018
58 3064 89 3776
59 3068 110 3068
60 3174 71 3316
61 3196 121 2954
62 3268 145 3848
63 3341 160 3341
64 3481 24 3529
65 3509 47 3415
66 3718 110 3718
67 3824 58 3940
68 3889 55 3999
69 4072 188 5200
70 4114 55 4224
71 4293 26 4241
72 4296 44 4560
73 4306 96 5074
74 4347 112 4123
75 4521 42 4857
76 4589 151 5193
77 4643 192 4259
78 4694 59 5166
79 4699 3 4705
80 4774 141 5902
81 4841 28 5065
82 4867 131 5915
83 4940 68 5076
84 4968 107 5824
85 4989 138 4989
86 5046 166 5710
87 5052 191 5052
88 5064 18 5208
89 5179 143 5179
90 5259 97 5453
91 5318 32 5254
92 5327 185 6437
93 5345 68 5889
94 5534 69 5534
95 5629 38 5857
96 5676 122 5432
97 5688 69 5688
98 5750 194 5362
99 5783 37 5783
100 5826 43 5998
137 74 86 135 190 170 144 20 13 104 29 19 142 146 57 77 156 73 118 6 165 66 82 172 189 139 132 100 1 83 176 190 145 122 147 74 10 65 90 8 39 129 102 111 191 80 141 85 84 180 182 87 42 132 24 108 183 121 191 101 63 55 130 166 38 22 48 198 180 145 26 109 16 83 66 70 116 91 29 200 183 147 175 143 41 117 113 31 152 84 47 16 53 72 92 119 93 122 125 91 
182 7 156 95 180 168 170 134 25 145 104 129 107 5 80 92 163 165 177 165 161 91 178 86 137 132 172 80 56 134 37 182 16 197 29 111 193 175 116 197 154 143 174 79 1 117 177 20 111 84 141 27 74 195 16 43 60 147 145 55 41 55 65 200 178 19 49 68 31 177 115 195 144 104 60 64 14 90 87 113 155 88 194 196 14 22 112 197 116 34 118 84 139 53 30 124 198 177 108 58 
48 137 165 169 174 94 115 151 177 78 49 188 104 81 147 139 194 183 111 145 33 54 120 66 57 186 44 192 36 163 26 51 107 64 8 113 63 114 87 1 97 100 16 140 108 37 160 173 15 192 176 190 155 6 106 30 32 10 148 12 188 120 87 177 43 100 74 118 53 95 85 73 78 60 83 183 38 46 190 182 53 46 43 168 193 155 84 9 90 157 117 83 153 180 65 105 132 33 73 70 
81 1 94 11 62 178 62 173 41 182 106 65 90 42 3 59 77 105 101 82 159 51 41 121 76 186 177 131 64 102 20 110 79 55 85 3 165 45 83 51 54 195 91 154 11 109 20 190 66 89 176 145 105 20 163 86 91 89 160 151 184 72 42 87 167 43 50 116 180 151 117 18 21 92 154 142 98 36 6 196 76 63 197 46 171 67 19 19 199 61 3 4 150 69 64 98 124 30 151 56 
16 63 140 140 35 178 180 29 137 152 190 33 152 146 173 139 61 160 145 109 187 143 20 53 12 7 104 192 84 34 180 52 124 70 161 131 34 107 137 175 48 85 18 196 1 78 148 192 28 161 15 183 5 103 117 79 70 95 14 186 163 194 94 135 192 10 176 113 164 55 9 60 132 197 156 74 200 184 134 5 132 192 73 117 17 53 100 170 103 45 26 89 2 151 27 31 196 187 187 37 
124 100 71 174 58 55 122 66 70 49 173 159 86 147 31 52 195 110 67 62 137 61 179 151 194 6 68 130 111 79 82 106 23 198 28 42 67 12 192 87 188 180 59 118 72 40 34 44 137 103 32 94 147 189 164 33 172 124 28 167 154 89 142 64 188 37 78 167 100 191 104 66 38 68 129 177 70 9 4 86 166 151 114 77 174 22 151 62 86 23 108 124 101 108 189 163 123 92 95 63 
64 64 11 164 2 1 11 149 183 92 54 171 32 198 5 144 139 161 195 87 98 146 193 190 45 141 121 93 99 34 105 16 50 152 145 80 3 27 99 40 92 69 126 199 114 143 47 197 96 125 63 184 87 38 99 183 124 24 187 83 131 189 98 34 100 41 105 139 129 170 61 84 46 21 82 104 123 147 189 48 34 100 48 13 5 80 22 127 68 188 198 136 28 39 113 156 118 80 157 32 
68 79 101 165 158 29 17 122 169 142 174 120 61 41 76 15 112 116 43 41 88 152 109 84 91 71 150 41 63 185 60 61 62 157 146 66 17 108 142 71 13 160 177 132 115 76 132 75 42 32 107 110 17 158 130 86 160 36 94 62 11 107 189 61 34 184 56 26 33 61 178 193 62 163 192 42 112 126 56 41 187 51 139 60 64 108 108 108 120 71 3 152 6 89 38 92 54 75 97 177 
104 196 4 145 78 12 192 164 183 2 153 87 52 146 16 104 54 2 50 183 54 57 28 17 11 148 20 80 16 161 24 51 81 182 91 116 178 180 131 109 35 132 175 3 6 138 38 195 72 82 81 84 118 105 138 45 36 16 174 85 1 43 107 92 109 188 157 68 197 90 147 49 106 85 53 123 160 142 187 38 193 42 122 163 175 96 48 87 104 101 142 146 49 45 171 128 82 81 29 181 
85 32 148 8 52 8 185 68 54 68 20 29 129 15 161 140 98 196 143 102 73 11 173 54 197 30 41 93 22 176 70 7 118 166 198 124 113 19 149 181 120 107 39 81 179 81 51 183 123 96 46 55 50 141 104 146 11 24 172 32 186 182 9 118 177 100 137 162 176 28 71 22 38 80 16 122 123 181 146 139 153 41 52 9 147 177 28 192 15 29 119 96 144 19 110 173 54 124 145 10 
14 134 106 172 139 187 55 33 99 16 175 38 111 45 149 97 6 1 192 62 165 198 197 43 170 62 36 127 162 126 62 62 12 189 133 25 151 38 79 46 128 131 5 198 69 40 151 11 31 117 165 15 118 54 86 109 133 155 36 25 5 116 81 48 191 108 54 60 88 91 147 14 8 29 66 43 175 86 11 68 19 156 51 190 196 48 31 34 13 67 89 133 72 29 39 144 92 131 170 173 
95 197 113 137 179 199 143 81 39 99 134 169 83 69 118 95 116 146 151 3 23 158 88 128 35 179 43 173 25 93 59 194 107 157 151 119 117 79 7 200 68 40 157 181 6 43 64 34 52 186 124 59 160 29 94 115 198 150 165 158 87 136 72 136 60 186 107 85 93 172 196 83 98 196 136 46 166 122 139 33 182 182 115 32 194 192 150 169 188 74 105 193 112 141 5 108 83 66 28 96 
121 69 180 109 83 6 43 138 16 22 195 151 34 193 184 165 58 121 84 44 193 172 25 115 80 17 155 182 112 54 116 149 119 199 111 18 72 145 100 170 178 135 162 195 154 14 99 148 140 20 71 86 165 70 58 181 129 134 65 88 139 71 188 44 40 118 150 126 70 186 72 24 188 96 72 86 7 135 5 191 122 33 158 45 197 82 128 170 163 15 58 76 31 86 54 177 16 139 31 54 
192 32 62 37 75 74 65 134 88 189 48 24 48 94 190 170 123 17 83 16 154 139 14 96 18 134 40 106 35 138 68 27 75 199 149 154 172 73 8 156 146 22 117 169 82 15 162 183 149 65 70 135 11 89 175 113 124 16 16 179 59 176 79 77 112 88 115 52 50 78 108 71 185 87 6 12 59 94 199 158 26 2 60 124 196 79 146 162 28 36 142 108 30 162 161 74 24 152 130 77 
142 1 173 33 71 190 104 73 64 87 44 111 45 164 73 174 150 79 172 55 34 180 4 184 83 140 26 169 147 167 13 122 112 89 159 199 89 105 56 65 200 81 141 15 177 127 190 35 19 173 91 31 148 158 143 80 120 38 8 148 132 119 158 82 66 167 110 105 45 5 191 125 57 5 40 140 111 93 43 32 34 96 80 59 52 45 37 112 71 70 165 168 34 195 98 106 141 199 151 189 
82 19 105 58 94 127 156 73 113 126 163 178 127 31 71 45 24 56 79 110 63 23 172 25 51 29 13 187 9 96 183 53 47 174 70 198 187 179 32 102 119 129 87 80 194 169 176 118 178 89 22 57 183 150 64 176 76 142 178 43 83 58 161 8 114 176 128 78 133 12 130 58 20 144 132 139 25 2 23 75 97 186 90 137 194 33 60 103 53 156 87 122 143 60 147 131 104 128 143 171 
191 49 79 85 105 88 28 158 127 45 96 63 180 84 101 161 150 182 196 182 7 120 138 130 29 106 138 68 191 2 181 82 99 158 40 39 8 91 47 192 161 104 44 16 18 39 192 16 119 40 152 36 61 79 196 110 85 97 123 40 78 83 44 125 196 196 122 197 104 12 52 106 39 30 145 168 174 178 9 149 78 74 11 156 72 50 72 82 165 79 94 164 129 43 85 20 10 135 146 90 
174 3 125 183 158 79 143 121 125 8 9 91 147 190 162 125 133 198 39 154 83 62 183 27 87 196 24 115 157 64 144 165 8 172 133 118 188 94 52 16 173 185 136 22 80 159 74 46 1 22 61 169 177 171 97 41 109 166 138 18 113 27 152 41 154 82 90 132 138 97 131 190 128 85 144 6 33 69 103 185 140 143 199 109 104 26 148 67 69 52 159 125 174 6 8 88 88 96 102 74 
185 59 80 125 72 94 67 115 45 43 187 136 101 128 1 152 196 157 118 32 37 123 29 48 189 46 22 30 126 200 180 99 160 47 53 3 178 78 124 91 89 119 182 32 10 191 164 150 179 166 7 129 159 22 109 117 25 157 186 67 192 82 76 54 184 104 194 5 100 119 84 15 174 196 123 155 138 161 114 158 48 107 39 174 19 115 67 121 87 84 132 183 116 137 126 181 97 84 42 95 
34 176 70 173 24 176 46 70 114 24 73 35 197 117 99 186 26 168 102 7 10 18 32 100 193 97 136 96 99 78 97 90 96 174 104 83 183 122 176 4 44 116 83 90 138 139 182 125 157 138 88 21 102 85 42 158 55 82 193 184 26 16 130 24 60 153 115 143 118 31 62 189 35 159 52 107 78 108 166 20 58 53 174 4 138 197 24 75 47 35 5 33 170 24 182 81 107 41 169 66 
194 147 179 113 138 13 132 95 99 100 110 195 169 82 170 174 111 110 38 38 91 102 187 174 122 167 149 98 134 43 126 128 176 1 8 200 127 4 133 39 140 185 134 167 180 110 52 170 4 22 159 194 127 102 196 158 97 94 157 145 40 83 148 132 169 141 5 192 54 53 68 85 113 167 60 174 140 17 159 160 1 71 147 92 115 170 83 22 97 21 1 145 73 132 147 88 69 190 34 83 
45 76 148 29 28 63 132 107 10 46 200 70 178 143 189 54 113 172 4 74 13 176 78 188 130 28 14 140 67 76 154 62 135 52 117 141 84 48 63 100 143 68 166 20 134 174 163 194 114 161 124 112 163 41 98 90 54 175 19 67 195 148 6 198 135 8 152 124 21 180 132 191 53 27 24 132 126 137 70 105 66 10 42 196 41 14 49 22 141 40 14 33 192 138 127 1 59 22 58 52 
14 103 160 7 97 97 56 31 97 125 62 152 137 15 7 36 69 106 161 94 85 73 53 150 47 85 133 179 196 157 18 27 33 71 73 136 132 77 159 167 72 109 11 43 110 1 34 107 174 148 105 144 23 169 124 59 1 38 98 27 89 138 128 185 153 2 175 155 17 98 126 5 138 116 56 42 121 54 83 176 35 111 167 12 171 83 176 36 122 11 160 18 29 53 166 195 43 72 139 10 
178 33 51 152 140 164 60 96 126 175 157 183 91 2 142 191 188 58 174 103 133 5 175 126 18 126 96 69 115 124 15 91 145 80 128 120 89 107 194 187 67 122 101 165 191 97 20 25 25 26 2 175 59 41 154 79 132 9 98 140 118 130 22 36 168 154 42 21 85 175 82 199 184 80 98 45 106 6 112 127 146 83 129 144 20 174 27 184 176 39 68 45 40 3 190 14 163 150 45 161 
52 84 7 114 1 173 121 200 126 32 45 148 154 162 135 6 193 148 188 87 165 74 97 88 140 78 135 31 117 13 30 159 105 152 28 27 38 72 189 130 47 38 64 31 168 21 199 74 181 88 163 192 58 143 126 199 54 52 139 21 47 178 178 51 11 171 149 36 11 89 182 78 186 7 67 88 90 94 31 148 55 125 167 102 46 141 138 97 107 56 70 48 159 54 105 90 129 67 16 102 
17 106 134 19 24 119 38 60 104 132 183 62 8 2 95 190 27 77 130 188 119 33 152 196 95 90 11 45 103 33 66 64 137 91 93 12 140 131 31 130 162 89 56 161 50 34 83 112 175 111 96 161 190 4 78 186 100 118 141 5 51 22 73 170 26 39 51 111 34 154 151 76 42 183 84 79 129 136 82 178 115 73 193 193 38 36 95 27 172 43 129 133 52 73 165 141 108 83 109 5 
156 171 57 24 41 76 164 116 40 35 131 153 61 51 2 188 142 141 113 190 9 148 195 52 24 26 88 25 72 48 131 7 110 195 16 145 31 121 154 20 44 65 142 198 17 49 15 28 111 198 154 47 174 82 87 51 100 25 162 12 149 124 197 48 41 80 28 107 49 61 35 158 106 73 108 139 172 5 182 58 42 137 86 40 108 10 79 43 127 60 174 164 145 100 5 128 196 80 139 197 
48 140 18 165 132 182 151 81 104 196 60 46 9 176 51 188 170 185 90 36 174 158 197 38 98 98 122 139 178 85 132 37 117 74 183 77 109 36 163 40 93 134 149 91 30 182 182 15 199 53 129 43 64 150 168 87 194 197 175 124 177 172 104 33 7 189 198 65 22 154 84 190 129 179 170 174 160 155 108 182 161 118 62 196 37 144 192 111 5 109 172 93 198 143 39 48 28 145 156 40 
51 69 191 32 77 138 190 193 191 191 44 112 156 147 111 114 173 54 78 21 157 191 37 106 70 71 9 146 77 67 24 79 198 31 65 179 190 58 12 150 182 132 159 60 93 3 155 13 159 139 35 51 197 194 99 93 128 82 141 16 36 195 2 59 64 44 161 7 8 74 24 151 59 28 40 56 199 34 193 85 4 92 154 54 63 43 2 84 160 19 128 167 185 127 136 96 146 127 99 79 
5 66 59 1 112 1 43 160 41 50 140 99 116 18 125 95 90 168 63 187 94 82 147 170 119 190 96 50 186 22 107 6 151 16 69 163 156 113 141 198 119 4 82 121 53 36 144 106 37 70 55 49 126 178 10 41 33 63 89 107 178 29 20 100 182 198 129 134 166 38 170 162 172 125 109 15 49 102 164 19 125 131 58 71 191 148 60 9 187 112 177 59 165 19 60 120 83 162 39 194 
193 50 53 138 106 69 78 156 58 124 123 162 61 145 66 38 104 179 158 50 15 157 32 156 34 187 178 73 184 172 86 103 36 25 147 81 82 81 168 125 66 199 137 64 144 57 72 186 172 149 198 39 139 57 50 60 135 173 135 139 105 135 86 117 155 130 98 125 87 163 90 110 125 46 161 152 192 98 117 195 181 133 138 26 185 158 147 34 91 71 29 52 196 149 111 182 118 91 20 35 
46 111 146 187 142 115 150 126 86 13 126 175 52 15 161 125 200 4 138 98 150 196 190 130 190 46 195 16 92 122 68 125 53 75 71 66 91 141 143 188 45 96 30 156 70 45 184 75 75 58 115 128 185 75 128 9 118 33 67 165 106 167 180 49 29 64 173 83 80 70 108 128 71 135 52 6 16 167 144 150 2 94 93 173 69 131 23 192 17 66 44 182 90 58 114 95 79 194 15 96 
22 46 63 138 27 50 22 199 134 146 118 44 6 7 66 104 157 104 181 192 2 144 95 141 25 57 102 24 172 101 102 46 163 95 165 200 2 96 75 79 2 73 117 113 79 48 60 30 23 106 63 164 56 137 61 129 70 169 167 62 72 102 55 186 31 16 191 8 75 156 9 18 133 160 121 10 40 115 104 5 63 12 124 16 60 74 152 135 118 29 182 79 45 142 116 42 172 36 132 111 
170 54 187 179 102 146 183 164 193 31 23 88 182 74 45 97 20 122 173 12 112 128 159 151 163 117 59 34 30 120 65 117 113 54 127 149 152 3 65 52 70 88 47 117 144 64 92 54 98 103 34 128 180 23 1 21 171 38 69 178 166 110 128 148 56 125 123 114 198 62 128 176 191 125 149 105 159 36 32 22 136 38 64 85 69 50 190 16 85 47 142 25 62 182 131 10 197 5 148 183 
61 178 130 77 106 170 74 114 6 142 52 47 199 163 49 155 161 124 177 99 107 169 134 57 177 129 59 200 37 117 41 170 138 33 174 62 150 23 200 141 91 55 66 20 188 127 91 182 30 84 114 195 173 151 70 11 45 130 188 105 61 39 86 125 164 158 18 97 43 103 112 192 199 128 52 28 2 40 74 177 124 38 83 47 96 8 152 136 76 23 52 43 30 166 108 72 97 100 59 64 
128 80 182 147 13 196 137 169 192 92 145 57 147 127 101 103 96 150 50 140 186 127 51 142 72 188 169 178 166 28 121 156 162 164 65 45 178 15 106 25 183 114 39 197 44 141 68 61 56 48 140 29 190 79 119 30 96 25 172 151 199 179 118 124 188 28 45 127 1 149 177 27 11 197 93 191 105 145 51 5 78 63 76 132 99 197 76 177 62 130 2 41 183 29 134 33 115 162 147 54 
161 127 19 121 165 80 133 59 19 81 42 107 86 17 153 116 176 112 118 14 115 110 97 21 148 132 59 79 100 124 115 37 8 28 3 25 11 125 162 52 83 50 104 11 97 3 9 91 93 138 154 118 178 95 4 42 182 159 16 105 143 195 150 79 154 9 178 166 13 28 54 70 14 140 150 199 125 80 196 130 84 68 24 56 10 190 159 122 14 129 192 84 66 169 135 163 139 6 163 75 
148 10 126 48 83 67 27 111 58 133 54 54 166 2 122 119 80 175 109 8 29 32 141 126 22 196 190 109 187 173 187 36 161 73 57 46 175 140 146 12 150 10 39 97 4 93 47 136 77 192 100 156 115 4 110 2 11 164 94 155 86 25 130 166 46 197 142 53 159 189 99 144 76 136 108 28 99 104 177 142 149 98 68 106 190 197 68 182 54 21 137 148 4 16 48 144 84 111 120 41 
100 157 162 29 110 89 142 93 198 88 145 26 14 93 132 156 151 44 123 3 185 196 115 185 71 42 26 75 24 171 91 77 134 100 153 163 160 23 63 131 13 183 90 68 93 174 169 59 125 130 129 133 76 186 25 149 16 72 98 162 91 187 59 3 124 87 27 4 102 50 165 49 153 68 71 141 20 133 188 109 167 44 179 149 103 55 3 55 91 116 55 20 107 65 155 118 132 27 57 136 
182 190 48 94 17 197 164 87 115 23 186 172 40 127 181 190 88 17 138 184 165 194 182 17 157 113 192 37 41 140 167 14 145 49 116 195 91 123 29 123 135 18 20 135 20 125 182 165 117 170 29 178 17 89 21 79 68 166 103 179 67 57 30 150 150 68 17 159 126 198 197 56 36 188 74 190 174 78 111 50 196 152 172 100 80 47 23 115 26 105 48 42 56 69 58 106 64 28 36 111 
97 102 120 32 45 62 63 131 64 118 4 95 112 126 44 46 66 54 6 168 194 136 16 165 154 190 190 127 28 127 116 166 128 153 66 36 119 128 182 121 125 91 5 19 56 144 47 200 177 159 72 16 66 107 54 68 176 136 63 31 175 76 141 148 144 114 49 113 124 45 91 171 133 145 150 134 193 174 90 42 19 95 14 46 154 92 22 88 176 200 38 102 36 52 95 76 60 156 162 120 
25 57 117 4 88 43 138 103 52 176 144 6 154 153 55 66 55 42 87 184 15 166 179 9 52 100 180 107 84 31 115 99 2 96 164 127 156 183 162 116 192 30 70 127 103 128 146 115 176 137 99 45 147 50 116 20 158 59 81 121 179 122 29 177 191 162 25 130 68 135 48 14 186 29 124 79 88 116 199 64 86 122 125 50 106 174 31 105 31 119 182 156 156 180 41 56 72 169 178 104 
163 136 155 187 84 25 9 199 39 151 51 29 137 163 14 85 149 157 142 33 40 197 84 42 21 124 21 53 34 96 21 154 191 156 188 62 122 92 159 36 52 37 73 31 49 189 112 38 155 84 109 197 162 5 60 112 177 175 45 49 146 103 191 192 200 120 93 199 148 97 156 149 155 87 192 32 140 5 170 153 191 123 37 123 199 86 131 99 87 20 24 172 175 17 46 132 150 177 72 42 
7 87 63 68 14 87 175 124 43 72 100 33 89 76 123 130 166 88 195 96 145 152 113 172 81 191 188 67 100 164 10 88 17 53 96 7 168 194 130 122 68 65 107 4 161 156 6 9 32 107 75 131 72 93 189 88 143 186 191 26 91 98 113 97 91 135 32 47 36 78 84 76 15 81 183 5 80 63 72 110 102 160 163 189 31 90 200 116 199 84 118 194 10 112 64 149 180 135 51 49 
69 182 117 15 127 31 183 137 64 166 165 186 89 146 25 134 150 190 141 100 190 5 92 166 88 120 17 97 109 195 94 61 156 142 154 164 1 15 196 186 157 59 146 131 179 191 199 42 91 23 19 135 28 85 50 190 23 177 193 181 145 161 123 163 5 121 21 34 95 88 167 80 9 185 156 168 115 157 147 84 190 31 160 136 107 91 97 142 144 3 62 4 141 40 199 166 85 137 24 16 
63 13 177 53 187 44 87 102 10 50 3 97 145 93 170 108 12 125 105 94 69 125 46 142 153 48 46 128 183 14 120 40 34 10 164 183 20 143 108 175 184 141 79 40 93 154 142 96 101 96 165 140 99 166 15 175 143 183 193 27 66 194 127 85 39 53 11 20 175 155 99 78 191 82 56 182 167 16 60 21 18 171 54 164 108 18 174 9 6 116 136 155 198 123 7 114 51 176 111 31 
46 12 195 149 113 62 160 37 153 99 92 42 147 46 68 29 53 177 179 42 19 111 114 79 187 68 151 132 113 107 91 41 162 147 110 87 139 200 165 73 85 147 198 52 48 86 192 44 112 42 195 51 76 50 80 38 176 41 5 159 45 179 130 110 131 92 64 68 129 100 77 15 173 180 83 169 199 65 127 132 136 116 32 155 141 89 22 22 136 131 42 27 178 99 121 89 31 40 174 195 
164 52 177 68 35 121 189 74 99 185 156 145 117 160 103 189 80 148 128 166 127 153 81 161 71 134 157 39 167 194 178 122 192 190 76 41 79 91 97 184 200 148 152 122 100 85 179 134 111 120 109 176 128 82 92 24 66 33 53 138 78 76 138 158 80 151 171 86 186 85 66 33 67 64 68 157 25 107 22 73 47 34 165 189 58 85 2 66 116 99 27 192 199 147 164 75 150 194 119 158 
164 40 137 8 113 185 7 129 27 36 83 26 171 87 24 72 80 159 131 115 185 116 88 21 38 172 88 4 99 83 129 143 29 174 193 200 140 156 110 56 23 46 10 123 81 72 179 185 82 123 98 133 85 48 83 21 102 151 163 152 84 40 43 48 113 131 95 154 128 151 174 140 141 70 175 144 83 171 46 38 151 33 57 183 57 48 63 4 3 111 135 160 84 40 109 28 29 83 173 89 
165 137 60 124 9 57 173 7 47 73 97 149 122 31 8 64 177 83 93 8 163 186 122 8 161 11 22 138 134 147 119 121 151 31 71 53 81 96 62 139 43 17 86 33 64 130 107 113 116 31 107 75 114 187 167 185 126 170 150 150 136 119 55 18 6 106 138 32 66 25 51 9 41 157 177 39 160 20 189 138 54 194 144 88 57 28 58 82 102 119 153 186 117 30 12 45 91 21 164 195 
130 49 53 174 1 158 34 127 69 65 7 123 31 117 198 150 33 117 19 8 42 85 6 189 24 130 161 70 132 200 152 1 174 178 144 82 198 110 93 12 132 31 13 95 162 101 164 21 158 180 84 80 151 149 187 51 23 140 85 121 26 97 129 74 158 146 13 116 79 40 138 118 13 121 16 80 4 65 195 196 37 31 54 97 130 68 121 115 48 49 130 132 14 55 197 136 138 143 110 133 
66 99 146 54 111 87 174 56 33 101 95 132 145 35 5 108 103 52 197 45 133 6 5 87 55 164 4 175 41 44 97 140 100 149 16 28 115 170 138 103 131 136 125 61 23 23 90 64 3 55 117 14 175 79 124 60 184 118 140 26 76 81 114 116 119 4 195 114 63 62 175 192 50 74 7 6 93 176 56 184 105 167 70 146 175 8 127 156 47 53 161 15 133 151 120 37 166 167 51 54 
141 184 82 74 165 106 68 38 142 69 32 180 6 12 178 19 51 190 2 91 135 75 151 5 17 38 2 102 140 46 164 81 114 22 133 10 16 153 79 166 92 34 15 66 149 35 103 157 198 21 61 3 9 63 198 184 125 9 157 181 95 42 186 54 10 196 102 6 109 113 24 130 25 39 70 111 188 32 51 182 151 92 141 55 50 176 12 196 91 70 3 194 44 84 184 16 42 71 106 27 
73 144 101 97 6 152 133 111 168 168 112 72 195 60 78 31 183 65 122 43 133 148 61 46 73 167 182 87 8 172 30 130 30 155 165 37 45 64 81 46 95 157 2 99 168 72 26 44 138 156 157 186 17 173 149 143 135 160 9 109 45 59 138 145 56 183 11 75 109 189 98 37 122 37 46 1 59 164 86 12 36 159 158 149 199 150 138 27 97 126 78 145 101 89 126 123 101 78 49 73 
110 125 190 41 62 58 135 28 18 131 120 109 141 78 58 197 30 74 112 112 30 116 139 73 41 164 118 1 171 115 149 48 78 142 99 123 41 165 89 156 110 42 58 53 45 69 158 145 20 150 39 25 157 132 21 28 7 138 143 175 33 142 161 107 139 107 101 7 145 134 67 11 71 191 23 40 198 1 122 69 72 140 146 23 182 1 107 192 11 41 64 76 90 136 186 196 2 169 155 53 
187 176 146 108 153 71 29 17 44 180 59 62 27 111 177 10 140 100 60 139 82 170 92 136 156 167 141 166 119 184 90 159 32 2 195 114 68 48 138 104 85 10 86 177 119 200 20 194 167 149 189 140 111 51 20 98 31 1 101 16 190 98 4 106 86 159 193 180 65 160 83 104 62 193 93 115 40 82 34 66 57 134 177 141 132 175 166 72 112 104 61 128 177 93 82 100 141 59 119 25 
112 198 124 197 193 152 89 62 154 8 168 55 30 35 132 188 101 18 67 10 154 15 35 137 18 47 191 131 34 110 157 190 194 130 65 170 46 62 157 70 87 71 9 119 18 175 136 74 57 89 123 143 18 32 33 73 162 3 69 174 79 13 84 40 76 5 134 157 82 64 27 192 16 29 62 16 49 70 30 134 95 60 163 167 124 113 63 99 191 130 22 181 142 199 103 59 129 117 2 47 
102 32 161 172 111 9 185 169 186 10 105 123 103 6 45 87 107 120 122 115 8 138 100 194 82 17 49 185 101 62 57 50 119 2 99 134 35 32 131 83 200 9 87 46 67 179 123 126 89 23 177 42 188 44 142 105 44 47 167 155 124 10 168 65 11 83 22 160 93 49 27 109 59 14 122 54 150 119 137 72 178 181 106 78 49 23 53 25 105 195 96 120 85 11 11 159 93 117 115 124 
140 72 184 73 199 86 46 65 115 120 116 26 33 131 18 65 19 134 51 16 39 23 182 35 179 64 6 132 51 58 164 164 103 40 148 150 187 65 15 120 99 172 64 191 109 56 123 155 31 192 4 118 65 148 106 61 8 167 101 149 88 165 171 80 141 136 158 65 151 9 62 88 11 101 184 117 147 61 144 1 109 178 177 198 86 67 84 142 25 155 127 195 125 19 114 199 76 119 156 117 
163 21 180 188 180 94 180 36 134 133 19 151 48 149 133 65 145 25 129 109 17 112 166 111 186 179 148 39 160 147 5 109 149 35 44 190 97 49 6 127 199 191 86 145 118 125 7 33 129 162 66 192 186 156 94 94 112 98 199 147 6 60 189 48 25 10 161 69 17 107 146 99 181 172 15 19 165 49 66 39 175 5 197 8 12 2 48 75 46 15 155 96 69 89 121 76 127 152 143 58 
168 107 97 52 132 7 80 87 126 174 31 57 174 103 167 129 38 200 55 53 35 113 46 178 191 142 178 81 96 195 117 79 72 183 174 13 161 93 100 117 127 192 185 26 169 56 145 14 90 179 199 62 6 160 6 115 7 60 151 80 165 14 127 74 15 80 37 22 135 63 100 180 16 193 2 164 2 156 124 113 166 14 74 136 138 113 100 148 108 5 39 129 44 40 33 33 147 177 96 156 
58 9 196 93 200 197 161 150 189 194 156 177 125 73 53 73 138 91 53 4 56 149 26 191 73 41 136 70 75 48 58 35 3 43 168 175 18 101 138 193 127 166 139 196 167 142 85 178 141 111 3 101 167 119 68 147 74 83 67 174 134 160 132 6 11 182 58 130 55 92 165 84 113 76 49 189 23 68 10 134 75 79 114 153 161 114 164 101 195 106 196 171 99 5 166 157 34 154 24 45 
70 75 47 24 189 42 84 175 92 103 21 136 111 104 29 55 84 173 22 77 31 15 160 181 198 19 65 132 95 56 109 82 121 142 78 34 65 46 186 177 4 82 151 126 9 62 107 180 80 163 92 70 123 154 96 95 82 92 106 172 154 35 72 139 103 86 122 103 16 135 197 42 126 98 38 18 119 76 67 125 120 75 19 33 173 43 85 85 117 160 113 80 155 96 7 138 180 90 122 96 
97 171 5 186 108 180 43 158 138 12 108 41 170 41 32 185 191 133 173 98 148 186 141 96 184 106 96 96 150 135 178 162 100 4 182 92 158 151 154 16 149 46 198 171 12 143 4 126 42 149 11 161 150 54 30 128 146 124 76 167 129 153 136 165 147 158 92 104 175 65 159 125 146 28 11 193 61 92 40 90 169 18 68 29 53 54 190 172 30 102 59 5 186 63 119 94 99 131 125 82 
200 172 56 99 69 166 32 27 83 97 194 66 149 58 169 67 1 192 186 168 117 6 143 64 91 51 159 136 194 75 123 73 165 159 180 50 159 94 149 195 17 161 179 108 176 169 123 199 89 2 154 166 196 66 40 136 106 74 178 109 2 160 71 151 107 193 187 75 120 36 4 45 78 35 78 70 31 102 164 133 33 145 168 20 8 188 149 35 187 65 196 104 104 83 147 161 2 64 49 177 
156 127 83 188 139 21 162 192 131 194 22 179 103 20 62 108 87 9 139 124 91 57 4 102 153 80 167 145 112 7 169 42 78 175 155 166 45 27 182 174 49 5 64 135 35 92 181 7 1 23 119 88 168 79 178 50 114 21 55 192 81 141 22 182 48 185 160 186 98 130 91 12 4 163 122 108 67 46 29 122 62 19 31 179 167 61 24 66 92 111 177 101 147 88 114 118 54 74 63 184 
107 76 185 192 179 170 192 56 33 106 159 119 70 199 141 167 14 41 65 189 105 103 126 92 29 164 53 196 77 67 149 4 62 107 158 33 87 72 103 73 80 81 151 105 68 103 26 107 78 193 6 131 142 36 150 188 139 10 196 48 4 186 21 37 27 177 6 60 146 171 59 100 148 145 186 121 114 82 87 2 34 192 63 1 183 191 147 20 43 122 177 144 48 1 199 175 50 37 23 17 
188 125 142 91 132 156 151 21 29 35 41 187 149 165 47 196 171 6 150 86 178 14 66 174 65 87 178 110 190 151 23 33 169 18 118 65 37 23 36 13 65 165 195 32 49 127 183 84 91 56 24 190 148 143 188 110 165 42 132 193 48 32 87 46 69 58 138 97 168 198 64 25 185 10 190 25 14 42 84 135 44 25 53 47 122 198 195 104 7 141 57 118 138 155 7 132 97 164 116 123 
187 188 137 130 111 45 148 39 61 87 54 174 50 103 56 54 81 29 50 39 83 120 200 175 73 3 85 3 37 82 57 54 121 30 52 119 107 177 126 148 166 53 198 118 161 99 187 164 108 32 167 16 195 21 62 162 122 36 73 165 135 66 190 151 185 160 6 61 158 91 2 97 160 126 172 68 62 168 179 142 4 83 167 11 77 3 114 137 188 26 31 72 172 200 58 93 52 125 161 110 
139 174 17 9 155 53 155 146 30 2 67 5 83 183 32 179 176 193 26 13 59 191 156 16 131 35 49 183 111 13 3 170 106 128 28 1 3 143 47 47 182 86 100 30 89 22 76 26 164 123 167 59 167 53 42 190 17 59 187 64 102 166 150 94 155 95 10 68 81 63 178 81 95 175 105 85 87 111 130 102 56 86 136 79 72 72 174 20 37 200 146 87 57 30 35 180 92 125 118 126 
28 82 191 12 3 100 25 48 33 29 177 36 125 65 122 121 114 81 76 146 92 36 116 101 162 72 35 63 59 20 80 47 23 191 65 171 100 186 86 94 199 168 71 152 83 93 115 166 140 154 150 6 145 53 141 189 95 99 104 139 39 194 19 67 124 111 166 89 63 131 169 25 8 64 99 142 158 132 7 192 200 193 58 46 92 133 188 8 67 97 3 133 22 175 186 46 54 174 171 161 
108 148 54 48 80 173 188 57 11 61 196 26 158 132 10 94 163 67 153 30 186 58 120 177 3 92 55 21 145 170 114 182 169 95 2 128 160 85 95 1 22 179 72 99 49 1 117 148 25 129 58 192 48 93 167 158 135 105 62 91 55 194 85 113 12 105 32 23 134 32 28 195 103 84 57 131 3 66 100 123 160 39 194 24 127 30 150 186 122 145 132 82 97 141 90 114 107 112 124 12 
195 39 48 6 152 156 43 94 192 92 165 14 47 140 125 167 74 131 175 116 3 14 98 51 144 156 185 60 126 169 66 169 5 23 146 143 19 196 124 58 84 25 175 34 155 60 44 65 192 94 160 112 145 44 152 8 114 84 122 183 32 66 119 114 84 113 142 111 195 22 101 133 108 116 28 2 159 29 171 39 10 58 181 69 73 123 188 105 13 9 114 167 57 72 58 14 178 128 32 168 
109 179 177 54 88 173 109 169 8 167 110 80 28 158 199 118 163 127 28 37 186 154 187 82 172 71 174 182 134 199 182 100 128 95 55 88 189 65 85 105 91 26 44 121 18 130 200 133 105 24 47 154 59 51 125 136 72 168 124 27 53 84 123 97 118 151 76 191 87 117 138 172 108 184 63 144 107 187 31 124 87 131 192 177 133 103 191 89 7 37 152 182 27 17 172 192 95 56 80 125 
21 5 150 28 8 25 166 125 58 6 39 154 75 2 152 136 122 31 56 5 129 118 70 70 52 83 143 93 198 154 99 85 41 169 3 19 200 52 49 192 180 116 19 156 95 29 94 56 81 151 48 3 161 175 87 9 147 124 71 70 53 39 36 4 42 104 116 113 81 41 100 122 179 40 93 79 140 104 73 174 25 122 138 32 81 142 123 83 35 102 138 64 196 179 164 127 135 190 69 37 
42 59 99 51 46 56 181 75 187 172 133 70 6 47 138 28 41 121 123 36 192 115 24 89 164 42 110 76 152 31 57 125 51 157 2 92 153 137 116 135 30 160 50 190 87 125 25 17 136 191 22 180 59 174 31 185 188 46 199 107 41 178 30 26 114 148 140 106 71 102 83 27 130 44 15 140 193 174 104 5 104 125 91 122 31 164 157 35 191 171 26 149 104 83 146 32 186 2 176 128 
25 146 146 5 37 41 156 4 111 155 151 172 151 137 70 161 200 27 97 165 13 191 138 27 40 129 73 132 186 47 19 21 25 100 65 174 178 120 52 182 169 103 5 91 150 11 182 152 64 189 117 176 178 148 58 97 142 71 116 180 9 79 194 191 16 88 200 108 47 160 156 50 176 93 152 117 91 73 92 187 81 170 105 3 25 125 109 30 192 193 119 79 13 198 41 115 111 58 92 71 
111 199 34 168 10 134 85 94 29 26 111 194 42 160 177 77 67 191 40 42 73 137 135 194 29 70 181 48 114 63 59 51 66 133 31 65 42 18 13 97 165 137 93 151 51 176 13 179 78 77 12 97 66 97 154 137 164 85 43 195 198 139 104 37 96 152 111 17 91 49 179 71 194 54 177 143 41 85 74 112 37 92 123 182 16 75 29 188 14 69 90 153 67 98 31 197 25 94 189 88 
154 158 184 141 47 3 109 149 181 108 30 90 199 73 93 123 189 113 200 182 134 97 160 28 122 44 42 56 19 12 58 111 176 23 82 181 107 105 3 160 183 175 37 112 196 45 146 79 173 87 135 60 101 68 190 191 133 107 189 150 67 184 69 12 65 61 177 82 188 198 196 111 64 98 16 174 192 92 165 7 83 79 22 126 174 112 179 81 102 38 198 129 191 119 54 136 198 5 111 94 
38 175 13 194 150 62 130 145 47 29 70 100 90 180 108 12 106 72 48 144 81 199 94 182 199 83 189 138 39 108 79 117 49 178 31 15 51 13 5 155 109 47 106 187 165 107 170 182 156 76 26 187 188 169 128 162 129 156 10 60 109 184 60 131 151 152 148 156 29 178 139 48 26 190 143 119 125 167 54 36 14 94 53 130 90 159 67 199 130 23 49 146 193 83 149 122 153 14 138 133 
155 1 118 124 162 27 25 92 94 61 181 89 72 128 178 198 91 147 87 30 179 96 45 89 32 64 36 172 190 87 129 14 63 23 185 94 182 140 120 93 39 28 126 146 128 91 49 143 9 5 82 51 157 169 35 146 144 61 74 93 152 133 35 71 181 24 17 88 177 147 39 117 110 104 44 85 177 183 59 95 69 10 46 200 186 192 156 166 20 44 135 162 164 99 176 72 24 50 143 125 
25 26 2 62 50 100 21 7 79 130 94 160 151 9 132 16 61 122 113 103 44 17 192 67 91 187 180 27 157 14 21 126 3 9 118 58 87 117 62 152 13 97 133 180 96 3 92 78 172 42 48 117 150 14 162 105 152 120 189 72 65 16 96 101 166 122 14 74 5 38 57 142 193 130 62 196 82 12 182 133 29 81 143 141 30 106 148 60 69 187 82 101 91 37 159 29 5 85 142 72 
106 157 21 143 181 115 37 81 77 140 104 10 155 75 125 198 124 50 124 111 81 82 134 191 154 34 31 42 90 165 20 193 136 139 163 39 94 182 123 173 195 58 64 168 71 126 13 18 1 78 185 156 175 54 177 178 41 143 97 14 69 87 41 29 44 21 40 114 101 124 48 96 83 164 182 62 41 71 113 73 28 48 48 95 1 54 27 63 9 120 14 101 92 118 122 172 18 12 67 10 
142 92 39 49 22 196 159 50 144 74 19 52 6 43 124 143 17 152 135 16 134 99 71 5 81 178 112 26 17 141 74 52 132 77 12 73 145 143 161 130 83 98 198 2 20 159 154 77 124 32 194 145 68 8 135 82 146 123 197 165 198 109 161 184 138 1 108 120 56 98 44 9 27 87 82 138 59 145 40 137 156 152 129 16 99 107 50 23 51 108 35 93 188 180 183 191 62 109 60 91 
22 113 113 184 22 138 12 1 75 134 149 98 70 39 34 122 4 128 198 193 140 96 26 101 33 120 189 164 150 124 14 66 177 23 199 23 158 2 187 38 36 64 24 46 194 37 140 88 72 125 157 29 125 140 45 150 98 98 157 193 22 33 114 10 5 152 129 169 161 182 78 109 86 144 5 119 172 153 44 57 167 2 135 156 122 97 79 90 13 21 97 98 153 61 7 172 47 185 120 121 
172 174 30 173 1 20 188 73 40 105 147 124 62 57 131 44 21 17 17 37 41 172 84 37 143 83 192 135 90 135 161 106 144 175 159 112 159 7 25 140 133 17 13 180 194 70 135 92 123 105 18 37 67 66 138 62 134 92 160 35 73 84 84 120 35 39 122 40 142 23 55 132 181 27 30 32 85 197 11 101 74 40 99 91 54 16 159 30 192 165 36 63 13 196 95 12 10 179 77 47 
146 152 191 130 124 184 167 26 41 197 48 103 10 26 175 73 193 29 47 111 2 113 52 190 111 5 42 121 94 103 21 141 189 125 122 193 143 71 137 41 96 76 116 160 83 125 26 121 97 24 145 24 47 145 106 132 108 15 188 187 131 43 70 170 200 55 155 69 146 176 103 24 195 121 75 128 115 165 141 73 49 147 141 131 125 196 52 29 195 190 106 71 165 46 109 114 154 53 167 66 
135 114 80 12 175 28 42 159 27 63 131 156 41 137 87 63 113 177 50 66 63 179 60 137 28 23 15 8 29 63 72 191 119 63 23 193 67 45 162 36 133 107 200 51 33 61 32 135 89 92 77 170 19 24 200 34 196 55 137 94 30 8 130 6 184 51 187 144 198 9 118 182 153 24 30 198 179 55 161 83 150 167 145 164 111 46 133 42 3 155 58 139 60 8 85 189 162 80 47 174 
192 91 61 198 85 172 96 187 89 136 89 196 110 132 57 108 106 199 44 94 180 136 47 102 81 22 40 33 141 84 129 72 198 1 6 163 58 46 33 184 127 77 30 36 109 148 39 41 15 25 91 7 118 151 15 4 98 138 198 14 155 174 123 11 44 197 48 117 71 146 125 55 134 118 46 196 32 105 87 140 120 11 127 63 13 196 75 38 59 130 126 166 175 172 14 22 17 127 26 166 
8 140 38 174 127 92 25 61 182 188 5 36 4 191 30 43 139 68 23 167 27 33 119 142 185 100 41 21 2 97 137 200 165 101 189 69 74 100 196 167 81 76 83 200 118 34 158 46 109 9 183 153 106 157 151 79 142 130 82 179 167 102 139 153 127 167 116 180 26 109 32 90 157 65 40 61 62 11 63 195 193 13 176 145 131 44 184 134 110 25 161 74 129 112 128 182 137 46 122 66 
135 138 93 27 34 81 4 9 20 99 156 168 130 61 136 151 165 132 96 73 176 67 105 145 181 50 89 31 195 153 21 103 74 175 18 46 86 138 52 165 21 56 168 137 92 61 32 158 32 95 169 75 94 72 178 146 130 141 169 119 118 109 150 103 14 71 10 174 164 60 162 84 86 126 150 70 48 161 58 113 116 33 136 24 121 42 137 55 79 47 94 144 125 144 35 81 186 131 170 147 
181 57 166 112 191 121 7 160 65 109 156 147 134 104 88 108 183 41 66 25 64 77 179 78 158 62 147 82 142 171 29 32 69 132 118 111 116 34 72 146 75 114 71 83 42 120 174 109 3 127 55 15 113 121 186 55 124 72 124 178 180 143 34 149 200 163 142 48 33 191 55 160 119 96 196 14 9 172 184 62 83 49 127 104 49 167 73 171 22 110 116 153 50 165 195 17 97 69 182 85 
111 26 120 167 12 92 9 77 106 144 22 21 53 176 165 86 73 181 122 134 82 37 31 162 8 172 8 65 196 165 93 123 180 182 60 188 107 58 138 37 52 72 7 111 94 18 97 141 186 158 94 43 69 6 184 43 105 85 133 114 195 81 80 8 56 162 42 150 15 134 161 85 42 70 97 78 129 65 99 72 4 51 109 89 70 166 52 144 185 171 75 105 180 119 183 53 48 79 45 187 
14 73 95 195 26 188 8 142 200 22 157 185 73 71 127 48 19 54 60 13 180 94 38 102 163 193 47 31 17 149 162 104 66 65 178 2 118 110 197 161 103 147 77 127 114 137 8 7 121 104 198 111 18 167 138 191 103 37 118 136 164 190 36 82 92 16 1 47 15 189 174 162 25 11 52 88 84 126 75 129 169 173 33 93 165 75 24 19 138 64 54 197 44 182 26 5 14 188 38 131 
126 72 50 89 36 99 181 1 198 74 157 2 171 32 88 188 4 128 82 186 101 175 73 12 193 72 141 193 97 168 198 87 109 157 45 198 168 142 20 49 146 51 179 120 66 178 181 166 155 111 35 19 49 128 34 151 111 72 111 122 112 104 126 188 197 145 38 166 165 185 46 132 18 37 30 141 46 188 11 70 151 155 163 1 36 171 24 15 20 39 172 56 61 127 78 33 73 85 146 178 
14 195 194 23 181 150 150 142 77 115 105 17 53 106 138 77 155 89 131 150 118 117 137 173 135 26 23 37 62 152 95 143 177 123 96 126 106 62 2 22 51 152 23 128 184 72 94 73 179 66 155 79 77 31 113 130 61 76 116 174 7 123 117 82 163 122 196 110 134 18 131 70 59 189 47 44 76 178 141 120 137 176 157 187 51 144 19 101 4 100 52 41 195 121 121 153 86 107 17 6 
29 106 33 184 189 47 106 114 190 57 106 72 184 168 139 87 192 112 4 28 121 16 6 45 135 42 17 31 166 76 178 65 119 28 35 185 175 144 170 86 36 95 174 40 152 13 118 21 193 109 169 51 103 56 177 115 184 26 194 193 142 113 165 42 20 7 90 76 168 13 79 191 151 142 40 106 15 162 198 49 38 69 157 17 124 137 181 111 61 78 192 72 96 16 66 19 9 84 49 59 
64 91 59 125 62 3 116 41 180 19 187 57 40 1 3 121 136 172 121 54 168 191 47 41 171 94 122 103 127 23 89 159 63 29 65 97 177 141 29 50 173 100 153 194 16 38 99 36 100 14 54 153 126 122 154 126 69 147 144 152 7 171 200 4 146 124 184 163 41 23 61 125 136 145 134 195 49 116 128 41 113 139 91 36 136 26 66 177 182 33 126 135 68 49 59 182 158 85 47 71 
190 10 198 144 74 79 58 197 108 155 6 136 180 176 118 196 150 126 122 65 38 167 63 28 16 106 195 102 180 29 93 167 113 137 110 174 102 35 28 21 173 51 29 200 60 187 94 18 66 154 191 16 43 18 172 5 172 69 181 21 138 117 17 106 162 42 95 6 102 119 91 138 121 88 143 98 28 177 96 162 194 126 125 113 20 8 48 132 131 84 152 49 56 112 100 4 168 184 45 82 
108 56 121 31 175 135 25 193 54 142 142 152 29 109 75 36 112 140 187 160 47 6 34 95 41 69 153 176 15 15 151 5 95 120 27 50 85 156 41 74 16 39 110 169 135 58 134 5 30 111 36 72 60 115 24 135 178 102 198 100 98 42 187 175 174 60 37 34 132 40 183 131 115 26 23 147 177 1 61 191 128 48 159 153 65 63 106 171 113 9 107 175 118 134 99 137 103 61 198 49 
32 79 134 129 9 163 48 159 174 8 151 142 40 58 195 66 20 57 125 125 142 85 20 193 45 66 139 38 139 7 35 153 96 118 100 87 90 134 18 45 4 162 145 75 162 137 79 99 195 20 79 61 9 147 169 24 41 20 12 33 168 193 56 146 141 188 97 21 154 42 183 126 83 116 164 183 93 191 160 110 26 125 188 8 1 94 97 163 142 193 72 153 132 89 119 146 187 165 8 198 
