125 6
0
2
1 75 11 163
2 77 155 387
3 240 13 344
4 246 97 440
5 274 70 694
6 311 46 587
7 345 171 1713
8 351 132 879
9 438 7 424
10 485 20 485
11 529 8 513
12 534 17 568
13 563 144 1715
14 577 39 733
15 582 199 582
16 612 47 706
17 615 46 615
18 629 23 721
19 717 76 717
20 745 187 745
21 793 118 1737
22 874 11 852
23 892 35 1172
24 1031 175 1031
25 1083 15 1083
26 1148 72 1724
27 1180 7 1222
28 1244 171 2270
29 1283 101 1081
30 1351 147 2527
31 1362 40 1442
32 1384 165 2044
33 1399 77 2015
34 1404 121 2372
35 1428 33 1428
36 1448 112 1224
37 1451 177 1805
38 1647 1 1655
39 1845 147 2433
40 1875 114 2559
41 2028 39 2028
42 2140 126 2392
43 2277 79 2277
44 2305 114 2533
45 2433 65 2693
46 2446 58 2910
47 2502 44 2590
48 2546 72 2978
49 2581 128 3605
50 2827 170 3167
51 3059 199 4651
52 3189 98 3777
53 3201 60 3201
54 3219 173 4603
55 3341 88 3517
56 3452 144 4028
57 3520 46 3888
58 3604 109 4476
59 3683 14 3683
60 3817 199 3817
61 3938 95 4128
62 4089 96 4281
63 4181 153 4793
64 4214 64 4086
65 4298 102 4502
66 4339 96 4339
67 4383 114 5295
68 4470 164 5454
69 4509 140 4229
70 4537 24 4585
71 4556 91 4738
72 4590 25 4740
73 4598 185 4228
74 4662 185 5772
75 4707 94 4895
76 4724 66 4724
77 4744 181 5830
78 4890 10 4970
79 4929 88 5281
80 4973 188 5725
81 4994 190 4614
82 4999 170 5339
83 5061 143 6205
84 5065 170 4725
85 5150 36 5222
86 5314 181 4952
87 5355 106 6203
88 5432 129 5432
89 5667 6 5679
90 5690 62 5690
91 5784 166 6448
92 5949 44 5861
93 6050 186 6794
94 6077 35 6357
95 6101 199 6499
96 6147 196 6931
97 6159 178 7227
98 6168 41 6496
99 6169 181 6169
100 6239 52 6551
101 6257 67 6525
102 6302 156 5990
103 6500 167 7836
104 6581 167 7249
105 6673 75 6973
106 6675 33 6807
107 6775 50 6975
108 6791 49 6889
109 6860 36 6860
110 6889 181 7613
111 6940 6 6928
112 7074 92 7810
113 7114 40 7434
114 7132 4 7132
115 7215 128 7983
116 7221 118 7929
117 7235 88 7235
118 7247 24 7391
119 7263 101 7263
120 7363 11 7385
121 7383 33 7515
122 7385 186 7013
123 7403 181 7041
124 7471 135 8551
125 7489 153 7795
177 156 40 121 90 117 141 14 139 96 84 63 75 10 22 4 162 195 146 173 184 162 113 65 114 72 38 175 120 174 195 133 9 62 159 117 154 156 87 55 187 158 113 4 122 61 174 181 71 102 46 60 46 20 77 200 5 178 114 45 6 44 148 122 89 146 103 145 143 72 38 178 151 170 94 104 62 139 114 5 139 200 84 82 177 150 92 105 70 2 115 64 94 170 53 42 187 154 161 177 192 164 5 21 111 31 137 136 45 116 195 184 70 161 131 3 123 167 143 140 15 19 14 180 70 
148 160 192 169 147 126 124 9 82 37 108 20 189 35 102 167 162 177 199 132 112 96 183 145 21 88 190 16 3 32 64 49 188 70 156 161 39 58 180 78 59 69 93 43 151 144 8 90 57 166 85 51 38 87 131 194 151 186 24 34 195 190 26 196 146 155 39 96 160 31 154 195 153 54 100 76 163 16 82 83 162 157 198 61 19 158 172 80 82 100 131 35 184 23 171 71 163 19 121 48 153 193 148 63 39 8 89 50 76 27 44 147 130 136 161 60 105 61 196 176 178 191 182 130 37 
115 95 86 71 1 58 96 66 192 92 81 190 180 148 26 46 158 1 175 98 76 71 78 20 40 106 95 38 22 110 140 60 52 135 192 130 189 37 183 142 195 7 137 66 104 41 188 172 29 32 131 185 143 81 11 34 38 171 142 148 151 105 79 67 101 142 150 142 14 131 30 155 172 195 85 1 11 167 42 67 174 165 78 69 38 105 145 126 29 134 195 19 100 107 76 37 194 124 37 37 177 66 25 46 120 200 113 166 100 133 50 31 92 100 195 180 143 137 85 99 16 142 132 2 112 
102 32 104 89 178 52 49 59 69 148 178 199 3 67 85 171 120 170 52 19 119 4 163 110 90 187 133 164 186 72 61 30 98 75 148 49 188 30 98 59 69 145 75 57 78 51 156 118 67 176 76 55 152 175 29 170 140 99 52 58 171 184 138 97 21 37 13 93 51 19 156 178 84 67 193 142 7 104 181 73 192 97 101 134 91 190 23 61 177 195 192 180 163 95 195 165 43 8 161 13 116 45 157 31 181 16 146 35 126 10 114 18 20 200 40 197 94 25 185 156 153 160 136 56 163 
105 87 186 66 5 39 81 195 36 68 48 65 42 85 149 9 63 3 19 172 105 89 52 149 148 138 48 89 76 179 140 139 104 134 4 129 141 56 105 53 79 25 60 115 162 198 166 144 2 157 38 42 74 82 174 11 151 87 180 87 30 190 179 29 37 135 187 188 109 70 116 57 108 33 16 3 63 58 85 29 168 191 7 80 145 182 15 181 145 185 170 184 127 123 47 66 184 105 72 5 57 82 5 12 111 84 87 24 138 138 49 163 60 126 173 117 171 103 54 183 28 48 72 31 162 
80 166 170 55 170 96 73 61 171 11 164 150 152 62 21 18 143 78 89 143 183 104 19 51 97 145 123 58 83 76 192 32 46 170 53 59 7 33 15 30 37 177 81 12 152 178 65 115 124 24 123 128 34 147 3 91 104 137 14 4 171 186 111 30 195 135 173 12 169 19 80 183 59 140 184 104 63 105 184 99 36 71 88 192 28 40 39 41 9 48 156 156 54 156 43 128 147 28 138 99 3 35 4 172 46 134 67 15 16 16 187 114 86 71 131 127 149 13 68 146 81 84 19 195 68 
59 93 197 21 137 86 198 20 48 152 192 38 131 5 95 103 65 30 94 101 58 123 171 111 137 27 104 88 102 80 154 177 53 172 83 23 162 49 17 21 20 11 196 47 69 116 186 113 110 115 43 188 167 18 160 30 5 174 21 92 18 114 63 67 139 83 26 200 21 67 126 134 32 74 78 198 84 12 131 103 1 62 86 147 134 44 111 8 102 74 109 50 193 171 38 31 152 69 89 95 184 163 108 191 156 187 182 44 159 46 158 136 190 13 104 66 79 48 9 49 28 61 187 62 104 
138 124 84 120 90 131 171 79 72 51 122 143 45 93 1 154 18 84 71 96 148 27 199 104 105 189 77 98 77 167 200 134 65 71 186 107 7 143 195 119 138 127 45 55 60 130 22 80 159 150 104 135 82 58 170 101 90 176 124 8 158 47 166 35 87 15 168 180 68 4 159 92 147 168 126 22 39 17 167 47 190 174 3 103 96 4 53 114 129 133 87 44 61 169 22 54 37 87 39 184 110 148 12 112 71 86 46 32 23 118 180 123 137 124 165 159 43 116 10 69 107 86 153 97 63 
53 109 94 167 130 199 15 47 144 44 103 122 75 196 10 95 84 69 41 37 129 39 41 44 75 147 120 150 173 80 64 81 158 143 72 195 84 143 23 164 91 32 166 173 131 115 128 5 26 145 47 20 59 182 11 155 115 108 72 59 70 108 27 81 192 62 165 153 102 113 51 127 28 158 79 154 166 64 77 28 161 25 54 34 161 103 124 170 65 43 193 143 70 40 24 89 165 189 109 7 100 25 94 27 166 189 154 180 93 106 40 126 156 128 23 149 105 65 105 181 96 92 56 36 52 
172 145 95 8 106 167 167 43 127 50 40 23 181 9 68 193 80 183 169 9 24 13 135 62 19 75 122 178 112 44 76 83 43 136 162 130 58 167 128 107 30 2 181 109 174 97 197 186 6 163 137 155 55 93 65 177 96 62 142 112 155 136 17 22 131 190 102 170 88 40 70 128 165 181 10 173 53 140 31 30 174 115 84 80 119 130 168 20 136 178 164 109 162 97 15 2 65 185 121 130 136 169 76 79 199 197 117 199 18 104 181 60 53 192 169 119 135 88 106 79 29 141 7 96 39 
124 31 187 142 38 27 89 161 89 100 174 163 112 180 140 182 199 44 49 184 99 169 157 104 74 102 170 97 19 39 185 106 151 157 194 195 6 10 49 142 53 128 172 89 133 149 164 62 110 34 21 49 62 179 21 166 70 84 173 112 84 15 145 22 37 149 143 150 81 14 194 105 78 87 106 19 4 18 156 162 89 171 175 86 67 144 89 186 1 197 191 54 173 121 159 64 200 30 67 160 27 35 164 109 171 107 200 118 170 17 19 18 156 114 63 68 92 44 66 165 105 74 150 181 171 
132 174 76 18 27 154 189 110 145 160 9 39 138 49 93 38 157 44 189 36 87 95 94 84 191 60 171 47 24 138 20 43 200 85 148 141 102 1 191 11 190 145 173 168 22 50 113 188 97 173 33 21 182 126 133 123 103 34 140 26 98 75 49 52 165 68 57 110 21 135 129 195 169 179 113 48 82 16 159 60 55 162 127 84 109 125 111 17 121 26 159 46 189 145 145 48 28 187 23 50 105 171 186 193 187 140 163 190 148 34 61 166 125 159 10 32 21 67 65 147 1 106 151 27 157 
61 162 111 156 100 30 79 165 134 150 15 8 48 47 116 192 52 168 98 190 184 195 173 4 78 193 132 182 49 68 9 27 100 124 112 49 189 16 86 198 49 72 179 164 15 127 183 163 35 18 27 135 197 72 171 171 112 50 145 142 34 18 21 127 154 195 108 69 184 53 82 5 183 21 33 3 123 94 53 9 109 136 111 15 111 83 23 118 110 124 142 85 18 117 57 39 152 80 26 62 183 67 165 128 175 154 5 167 36 2 138 200 117 171 147 200 137 33 45 131 150 133 142 68 171 
163 166 89 124 17 11 9 71 78 72 94 189 94 72 193 127 184 172 196 5 159 179 185 61 144 77 54 23 15 67 196 7 127 53 48 102 4 20 72 43 11 186 83 177 121 160 48 50 38 25 191 114 52 139 98 128 133 192 155 9 179 102 83 17 170 147 95 63 11 86 170 86 70 68 164 90 192 133 67 35 79 16 83 72 96 70 85 65 160 66 1 52 43 107 106 177 176 191 188 186 132 134 24 140 200 157 95 178 72 105 194 173 170 151 64 126 66 127 48 104 116 183 63 117 109 
9 80 151 121 166 182 107 82 23 62 69 200 61 68 66 54 150 33 161 59 26 173 102 132 180 141 72 39 142 38 41 1 163 96 93 172 31 200 104 83 40 31 52 34 140 82 24 50 144 170 7 96 187 133 192 183 171 179 101 35 1 149 90 7 80 134 174 155 99 168 116 155 149 198 157 154 200 6 54 55 171 89 70 72 132 95 81 130 186 23 76 140 73 127 27 47 158 168 27 30 173 130 40 107 72 73 100 18 49 115 139 33 84 61 106 177 133 19 61 177 45 134 41 180 52 
32 66 193 143 147 190 31 198 146 131 20 86 133 117 49 175 129 109 56 172 29 115 73 120 110 108 180 102 13 47 12 11 199 46 13 78 93 76 140 113 106 140 19 38 114 42 176 123 109 113 29 165 148 145 200 138 72 149 52 181 187 12 21 36 130 12 6 100 21 44 161 169 79 8 118 105 177 179 58 197 141 173 74 181 96 65 102 75 161 152 116 98 197 104 27 81 188 121 12 61 22 159 37 81 7 123 166 163 57 91 97 176 169 37 6 61 168 138 50 7 157 127 83 132 95 
18 9 145 73 27 95 182 173 29 158 112 199 178 40 36 37 123 63 111 44 160 9 93 46 168 99 191 95 106 76 30 155 131 121 177 32 124 168 68 87 87 20 181 37 53 47 199 116 151 24 26 134 50 42 74 177 124 52 59 64 28 35 136 167 104 167 52 82 22 159 13 96 149 26 166 159 12 96 146 186 25 189 129 15 157 13 66 117 101 188 157 109 23 70 196 172 199 197 63 12 20 121 38 145 5 172 57 43 19 48 131 166 185 17 53 158 68 179 35 72 167 12 64 63 50 
13 73 126 95 29 120 77 199 167 37 55 154 58 23 59 58 1 90 16 160 19 69 118 180 69 72 25 191 46 87 70 107 190 61 80 127 28 164 196 69 121 91 20 50 66 199 12 92 165 18 185 150 135 58 168 189 164 105 68 122 113 169 53 81 61 178 102 126 193 10 8 37 129 53 144 142 38 94 42 60 77 130 123 103 122 129 82 44 103 11 184 45 86 104 141 40 183 146 25 41 87 94 98 146 117 68 56 148 176 48 197 7 172 139 85 95 115 75 89 18 163 90 138 144 75 
6 38 63 131 2 115 119 110 142 178 169 71 144 197 5 28 140 75 180 59 64 170 147 8 184 23 42 96 153 104 35 68 103 90 8 33 80 188 191 121 171 142 145 80 41 87 79 141 76 162 53 77 178 121 38 99 156 186 147 68 97 186 56 182 31 32 20 191 87 82 57 188 75 80 152 68 163 22 99 132 161 8 139 40 164 174 17 114 180 149 67 12 43 43 189 125 183 8 106 190 10 21 9 35 64 53 71 96 142 142 52 61 63 36 23 156 58 99 182 38 70 87 96 92 56 
49 112 140 104 40 150 169 32 33 118 117 44 45 190 153 195 36 53 53 11 138 99 109 13 59 152 93 109 107 99 167 163 166 42 24 124 97 134 38 199 133 160 124 21 181 102 166 48 102 26 19 112 98 107 46 181 140 59 130 2 156 4 190 2 180 154 135 149 68 126 156 43 166 165 142 74 41 107 50 1 18 124 41 185 65 60 101 122 72 100 41 94 182 198 175 128 72 95 114 58 196 84 62 154 150 45 153 153 107 134 18 129 153 186 170 119 185 147 197 56 37 120 70 75 3 
3 88 117 89 63 4 4 195 56 99 148 50 139 41 156 168 7 6 81 129 121 161 70 133 16 40 127 83 146 74 114 122 84 26 179 127 163 166 59 36 162 68 7 63 101 79 141 100 24 78 186 114 185 20 184 37 129 127 178 195 188 170 72 38 136 96 62 93 195 93 52 33 139 175 153 88 88 176 149 96 166 109 7 52 156 192 43 171 116 7 70 4 192 27 154 86 88 9 45 153 77 19 128 147 173 13 104 64 32 1 106 113 9 197 23 77 47 85 37 7 28 77 39 166 33 
139 159 34 47 21 160 121 117 190 67 86 118 175 64 8 87 57 198 121 123 93 152 133 97 93 149 69 3 98 13 138 70 175 174 196 67 102 157 124 131 50 174 43 32 43 51 163 161 160 21 138 138 103 139 115 9 102 21 190 4 156 76 126 143 136 63 134 10 187 193 190 132 37 97 102 87 112 64 108 78 22 29 124 190 175 145 68 134 10 128 146 110 59 193 89 19 159 100 187 67 134 88 125 113 120 28 145 10 24 117 159 41 134 2 131 69 175 62 65 154 48 89 91 40 108 
131 16 48 162 182 168 16 190 173 22 130 79 187 44 189 65 85 61 171 21 90 111 159 160 75 96 106 103 146 129 96 121 79 73 189 29 194 54 133 111 195 176 37 175 195 174 84 119 4 15 70 20 103 29 181 9 170 71 71 181 44 193 94 195 44 144 116 126 104 97 44 68 35 154 167 104 108 159 47 51 39 95 126 190 24 191 146 190 127 176 119 68 113 3 59 151 107 197 90 42 98 10 105 46 54 26 175 1 13 97 61 78 135 104 126 78 121 43 22 128 181 34 134 65 128 
32 158 187 184 113 88 85 109 20 176 98 81 67 200 129 177 106 43 175 13 22 6 161 53 40 111 172 119 136 61 14 189 173 161 65 195 5 33 149 147 165 132 187 196 159 135 111 110 41 192 72 91 10 40 163 155 49 139 72 98 83 33 29 17 137 109 86 189 171 133 121 70 81 34 183 190 68 165 49 73 155 63 120 36 22 129 147 94 191 138 120 89 7 104 81 97 55 22 93 70 19 24 48 66 92 173 147 56 192 136 108 34 149 123 155 72 181 13 102 81 27 16 7 25 194 
17 27 147 90 92 171 179 89 104 45 35 92 190 191 43 1 120 173 1 145 165 191 77 85 142 51 174 107 171 58 101 137 169 103 23 119 88 10 106 66 139 173 114 143 55 164 198 10 133 63 110 20 144 54 20 138 147 138 80 51 20 77 36 16 143 120 173 119 55 174 196 115 15 154 20 147 187 89 193 34 198 21 89 54 96 167 93 29 66 10 44 153 172 165 89 171 5 180 181 40 148 167 2 63 66 144 53 130 133 103 179 62 193 82 47 152 94 28 13 92 20 16 171 4 62 
174 105 6 17 72 49 47 149 154 190 115 175 46 169 60 163 71 39 84 196 94 162 156 143 186 173 139 142 1 107 71 105 182 16 64 52 71 140 77 111 45 175 12 163 187 138 97 137 130 129 98 167 46 161 111 128 50 187 190 29 98 143 70 119 79 16 98 3 171 150 27 166 140 47 156 33 2 14 190 96 25 40 126 8 185 147 177 116 182 121 20 133 96 185 191 103 111 89 39 182 182 110 136 139 197 199 139 104 88 38 57 174 32 33 131 65 143 113 5 56 27 181 120 74 39 
120 153 110 91 6 128 134 167 196 122 198 185 156 118 157 165 157 130 65 37 178 89 192 76 33 129 124 189 151 77 28 188 91 106 14 193 5 153 35 17 21 194 108 141 161 187 53 10 103 167 112 74 76 87 40 61 163 72 118 24 42 32 138 26 161 89 42 12 3 183 199 84 163 28 69 47 145 122 100 106 152 37 199 18 79 24 196 59 171 141 90 67 44 171 161 184 147 115 187 119 115 164 154 162 43 165 173 181 68 157 167 195 143 75 102 74 98 158 45 164 2 75 132 18 43 
193 64 99 101 143 24 135 17 144 166 178 81 18 199 185 47 64 125 142 65 130 100 67 113 91 127 134 178 194 103 142 14 69 150 127 149 160 97 24 31 191 170 151 95 10 17 80 8 111 49 127 26 126 28 103 46 25 191 143 173 68 28 53 200 55 5 131 83 39 145 198 26 187 102 87 37 87 41 45 97 90 60 179 71 15 141 107 37 83 88 141 111 91 199 87 4 10 90 39 59 19 116 48 24 83 47 69 89 107 188 110 138 112 159 143 120 148 12 7 120 115 32 13 197 40 
139 29 185 28 96 176 29 2 17 51 35 106 57 169 40 87 29 50 62 164 139 19 39 127 145 187 169 111 175 94 86 174 176 159 115 103 111 62 94 123 47 167 176 184 101 30 6 96 26 81 92 72 96 73 94 176 61 10 32 72 162 174 125 184 85 195 14 35 51 133 128 14 176 11 194 153 161 192 176 141 30 161 160 136 29 141 172 108 123 191 44 130 55 88 176 12 61 181 96 71 11 134 135 21 102 180 128 18 89 94 62 132 80 40 50 114 104 121 24 127 31 172 12 64 159 
65 34 65 92 82 157 43 25 197 127 141 44 187 64 25 146 164 50 195 162 78 127 194 66 105 54 61 55 106 21 87 163 90 127 111 25 134 109 28 172 54 24 105 42 70 83 62 107 135 69 72 147 182 157 109 176 53 87 195 51 44 188 2 141 7 64 169 152 52 61 116 169 95 36 13 67 61 56 46 149 98 134 29 97 127 169 16 199 69 163 18 112 16 80 133 112 97 184 77 113 115 108 160 189 117 179 115 152 166 3 35 125 189 109 30 174 191 131 82 141 25 11 124 156 37 
198 130 9 51 93 155 76 35 94 51 89 95 181 117 149 94 83 87 125 31 76 177 69 55 174 22 24 42 77 14 121 142 189 34 9 114 162 181 10 137 9 8 114 118 72 136 95 52 3 22 9 24 56 172 59 31 164 80 159 193 137 110 108 54 145 121 178 45 196 117 78 39 114 127 80 9 76 96 18 42 114 163 122 109 109 189 90 198 28 139 86 105 153 164 100 35 139 87 48 55 47 40 55 31 95 44 151 13 175 131 82 105 73 98 194 40 62 136 166 44 39 71 133 10 77 
30 35 107 53 161 195 6 52 38 180 52 35 183 178 94 69 132 176 164 115 40 125 121 132 1 97 198 152 145 162 31 94 189 181 17 49 173 59 62 159 159 200 162 19 128 91 15 71 185 164 149 14 67 172 8 198 25 111 132 78 73 126 121 39 65 199 127 84 136 121 71 121 52 124 113 192 19 64 109 19 193 132 34 140 199 3 190 141 180 49 177 183 167 25 59 9 127 44 102 5 159 193 149 55 187 23 71 188 58 52 77 36 80 53 10 29 89 168 157 84 105 195 171 20 118 
126 155 127 187 6 102 183 151 97 4 180 127 4 115 88 40 104 70 17 129 56 92 72 15 88 91 200 109 88 140 157 195 155 131 148 140 28 64 19 88 174 77 33 33 105 103 31 87 95 182 76 22 16 9 135 17 7 199 167 145 18 71 169 52 87 136 68 79 8 43 116 122 159 41 138 157 94 136 43 36 68 13 41 136 152 102 185 197 5 83 27 86 169 91 7 9 132 92 26 3 170 68 186 194 60 35 40 200 143 38 33 61 128 65 134 180 1 163 90 94 27 48 164 57 58 
132 89 71 184 28 20 13 127 141 3 170 77 12 139 85 35 57 159 80 103 161 106 40 172 200 145 71 22 127 76 151 55 39 7 173 104 129 100 13 8 169 148 82 25 49 117 86 42 68 38 171 74 116 62 147 122 58 181 150 185 180 33 189 163 20 73 10 37 76 15 79 180 57 105 23 58 99 104 170 157 137 85 11 168 35 110 162 12 135 194 174 115 33 83 137 44 133 123 148 126 149 56 120 42 44 117 16 145 59 105 187 40 70 195 167 51 49 64 37 18 3 17 91 32 17 
18 39 153 12 57 21 129 23 78 55 165 148 138 92 97 169 67 12 54 159 138 153 200 68 125 76 162 146 175 92 41 135 47 169 197 78 177 142 80 114 67 40 131 83 40 178 163 162 162 80 128 140 52 169 8 92 97 61 58 5 65 20 19 126 109 54 19 167 62 186 40 29 57 61 102 39 27 126 20 70 129 134 174 116 10 187 12 15 74 190 111 30 24 69 114 174 179 154 115 47 138 178 25 65 176 88 65 149 98 51 178 153 44 44 62 84 40 41 146 134 199 138 107 87 92 
24 152 105 97 108 2 33 164 154 39 191 176 142 63 174 159 199 127 199 85 87 39 144 178 54 39 73 33 190 165 45 9 70 149 10 60 107 108 181 49 53 178 171 176 90 59 114 95 11 195 57 56 12 130 182 109 27 32 199 186 92 148 187 12 168 7 65 108 140 180 158 139 195 4 121 132 77 52 134 10 159 106 29 112 96 19 6 200 146 51 10 124 162 49 174 38 15 34 56 192 76 37 41 175 158 14 188 117 158 168 178 29 41 76 77 36 32 16 120 158 154 46 59 32 158 
42 143 81 71 61 49 30 139 16 14 93 160 72 95 48 9 38 51 153 33 89 140 51 125 142 121 56 185 184 73 114 174 166 152 115 123 132 191 186 17 10 21 191 136 176 157 104 45 194 180 6 6 20 59 20 140 72 20 39 135 111 161 148 41 61 81 137 194 62 91 162 111 21 83 30 20 117 25 41 154 153 90 140 88 172 92 161 47 113 187 139 140 30 24 138 76 46 142 191 2 43 65 21 145 136 75 47 177 56 181 103 37 11 110 27 187 29 139 28 111 41 21 111 125 180 
88 126 198 167 43 79 98 61 35 95 174 19 49 135 165 41 109 134 133 121 70 190 57 197 66 189 41 146 170 190 78 188 47 176 173 193 125 82 158 75 10 89 68 21 152 95 33 189 124 184 18 122 84 1 168 181 155 35 194 128 41 113 83 144 84 85 57 31 198 45 170 49 96 35 163 75 72 103 101 4 195 149 173 61 149 54 85 169 146 32 130 191 144 95 41 139 194 130 119 25 20 71 35 144 152 117 162 41 130 114 155 1 16 42 79 91 75 34 16 66 92 5 32 49 146 
198 93 82 170 71 127 42 39 177 165 150 46 198 6 92 159 96 183 140 15 130 28 94 47 39 97 95 39 183 136 91 73 135 20 109 119 136 144 153 175 147 69 71 138 36 132 174 34 113 78 80 140 187 60 15 6 46 162 108 127 44 101 186 175 10 155 23 46 174 51 141 96 77 71 24 37 13 73 61 86 143 126 91 96 195 172 91 102 146 110 126 16 137 93 136 88 194 128 89 186 162 24 92 32 73 185 85 96 185 87 179 180 37 171 144 183 166 131 44 56 155 89 76 166 18 
174 67 196 183 163 64 165 150 139 195 16 24 95 89 72 174 84 123 171 10 14 59 107 42 57 62 50 178 129 177 5 89 170 113 127 137 155 79 62 8 25 173 92 189 153 34 31 83 49 23 68 39 69 24 95 178 150 101 25 29 96 113 195 76 198 8 172 132 197 121 51 31 178 186 14 159 181 78 138 161 50 99 107 129 33 6 173 68 9 1 171 162 155 43 57 103 40 61 17 163 125 69 80 57 120 165 35 163 189 179 87 39 61 196 66 75 6 93 161 1 18 19 198 88 188 
22 164 106 159 161 57 130 82 46 110 157 26 52 14 190 106 60 133 197 130 40 145 193 41 160 27 75 128 151 12 49 180 52 164 172 65 62 7 200 135 87 175 189 134 114 89 28 99 99 29 16 53 93 42 25 169 48 62 51 2 4 31 131 94 101 12 75 178 167 51 130 24 198 29 200 37 194 171 190 56 108 126 58 85 6 32 131 64 36 87 19 81 91 22 123 115 100 110 120 56 52 11 100 60 173 40 156 80 66 128 107 76 116 194 20 79 131 84 39 63 189 129 65 107 130 
170 20 198 7 194 61 133 92 76 13 90 193 133 138 185 52 165 71 149 1 114 101 129 118 9 164 59 10 117 118 8 189 122 58 183 44 73 14 98 26 193 106 159 191 145 74 116 3 190 107 63 17 93 199 200 135 68 46 108 198 74 34 186 183 150 113 86 106 27 73 34 165 98 69 81 113 31 107 197 103 11 175 112 5 154 15 59 11 3 161 27 66 3 12 159 27 15 66 178 191 177 148 33 173 187 37 70 191 197 70 150 58 191 169 17 132 25 65 173 169 135 181 182 12 184 
45 44 138 167 196 105 3 17 33 92 144 179 70 34 18 86 28 125 196 58 117 189 168 185 130 152 4 111 187 23 77 26 8 167 66 134 49 168 115 138 76 196 114 22 161 138 18 27 126 65 33 22 116 179 51 144 151 144 124 194 69 93 129 116 63 182 8 33 62 191 178 21 63 72 60 190 83 155 124 14 171 166 200 181 40 160 17 17 127 11 76 120 89 161 171 22 130 93 48 29 169 116 192 92 94 45 172 109 185 52 94 4 2 103 122 5 192 91 82 115 37 94 80 186 65 
86 71 11 148 68 92 123 20 66 106 117 150 78 36 150 123 43 45 137 120 183 56 181 130 166 149 160 137 199 168 67 37 22 41 112 168 122 79 167 128 98 10 116 196 168 77 169 187 81 139 16 192 153 108 48 54 116 29 11 159 159 81 108 58 85 160 185 184 9 29 99 29 141 42 168 121 158 22 36 188 143 130 9 44 30 158 163 184 35 183 137 22 2 193 66 111 140 56 163 36 94 158 114 122 182 120 60 46 76 24 110 133 109 115 31 83 163 177 164 43 132 14 30 51 57 
68 60 110 156 88 115 174 54 101 98 112 126 173 84 197 85 52 49 169 44 34 5 134 6 109 116 154 125 8 107 64 11 191 111 174 171 130 24 59 32 83 180 180 9 79 4 92 3 169 152 65 200 177 99 33 30 33 89 55 38 75 60 116 44 142 57 195 155 112 33 176 200 47 101 136 165 99 176 34 16 24 155 88 134 18 181 124 108 20 12 34 191 170 37 111 80 198 174 56 105 114 192 87 15 100 158 80 116 38 148 59 99 46 182 17 31 8 13 187 33 130 74 182 178 26 
39 178 20 78 84 54 189 189 32 79 71 131 156 9 138 70 39 83 200 90 19 162 26 128 127 129 174 168 146 183 129 155 103 200 163 98 50 88 36 90 152 113 50 137 169 14 92 94 148 10 145 138 55 43 101 88 108 109 14 6 131 84 185 199 135 44 31 60 174 110 177 161 74 196 71 93 176 19 37 64 119 101 176 152 83 49 156 151 128 91 67 171 157 41 93 76 34 40 145 55 121 81 88 168 99 1 45 174 67 51 131 135 67 159 58 161 71 162 11 139 129 46 37 165 8 
184 37 32 116 105 55 85 145 34 53 39 70 197 88 136 132 12 161 165 24 148 152 108 8 144 114 175 112 66 148 105 67 196 93 120 147 165 6 148 58 194 86 155 22 54 26 194 46 89 196 82 102 112 200 119 100 27 126 134 48 86 116 168 157 37 33 49 182 38 89 44 18 192 48 126 59 92 126 79 64 120 44 61 164 176 23 35 43 66 102 103 55 86 172 150 186 178 4 147 174 166 195 134 180 50 164 23 148 190 119 4 114 38 164 159 144 144 187 16 50 189 113 175 61 71 
177 21 40 171 146 56 41 74 106 40 148 112 78 110 127 12 97 36 142 50 33 197 119 140 71 99 76 170 128 146 60 142 44 3 88 68 89 112 194 163 25 95 46 18 193 88 36 66 179 131 32 185 157 60 8 189 157 139 166 45 121 49 33 115 189 174 136 85 128 101 24 155 200 56 30 166 156 75 80 31 190 140 1 36 52 181 59 75 85 161 170 165 155 190 134 32 153 58 48 70 49 99 99 191 158 89 48 67 13 111 69 17 155 74 35 75 48 64 20 102 48 50 88 179 80 
123 136 3 59 51 170 23 33 118 186 117 29 174 128 121 114 30 94 153 187 42 60 150 151 10 197 193 148 187 93 174 100 73 198 59 148 124 14 106 166 196 13 8 76 147 25 61 25 78 76 117 139 114 42 129 77 4 176 6 186 74 7 29 46 116 141 152 70 102 26 6 180 160 65 39 25 114 25 111 2 106 59 180 38 194 149 196 140 26 54 188 147 123 179 147 67 20 16 49 106 77 175 131 167 147 51 150 13 158 192 37 25 133 69 85 2 2 139 75 55 77 49 49 186 36 
125 29 30 193 128 71 13 151 121 175 77 115 190 22 110 42 151 72 64 134 34 169 29 14 33 195 64 98 63 39 103 104 163 74 13 113 10 164 10 185 118 22 97 195 144 161 133 16 97 192 7 49 72 171 186 25 139 154 83 41 139 146 111 186 4 79 170 108 188 150 77 17 137 59 56 85 63 192 145 5 14 89 66 23 131 77 195 28 63 52 168 176 150 72 130 104 50 181 190 148 97 20 74 96 78 77 170 81 109 9 10 169 169 28 43 189 155 6 172 116 102 151 153 24 103 
23 84 54 32 31 153 64 183 81 97 169 117 90 21 184 104 46 101 2 109 121 2 126 20 108 161 80 74 30 92 21 80 156 45 33 176 137 59 156 62 196 8 51 105 195 102 141 53 161 63 40 27 115 193 117 43 120 93 141 23 88 49 188 85 12 63 160 155 194 112 190 42 53 123 199 30 63 46 182 14 9 24 92 97 174 112 197 167 125 2 145 58 136 26 101 57 43 136 26 115 165 71 22 16 49 90 177 135 184 180 169 86 91 91 93 118 123 27 150 96 26 113 150 180 198 
61 188 122 1 145 73 130 20 20 188 38 14 38 91 34 119 94 193 164 151 125 43 58 33 129 113 43 10 147 37 65 166 46 69 54 112 102 12 70 75 79 26 166 86 176 180 34 46 140 165 17 185 199 132 155 26 86 63 166 144 66 38 136 83 72 81 59 179 185 114 159 44 93 147 45 169 44 189 90 124 154 105 45 159 26 51 46 127 137 140 200 94 133 183 182 130 71 147 165 160 34 89 85 57 82 17 96 157 134 80 52 9 59 58 80 145 188 182 111 39 151 56 33 143 160 
112 42 163 47 125 108 10 165 61 65 191 180 95 91 37 36 2 68 21 150 32 179 199 7 8 84 152 78 34 158 15 164 65 190 127 2 68 8 19 93 49 185 188 65 42 181 177 196 51 28 18 8 44 58 173 91 174 183 176 2 174 2 125 91 158 103 151 186 134 51 195 85 60 162 75 20 87 139 111 176 31 171 21 104 116 157 52 82 10 50 32 158 139 165 24 155 22 118 183 169 121 66 35 122 61 27 130 106 66 105 24 114 149 87 7 140 56 15 153 23 84 52 5 119 84 
39 14 100 64 35 152 40 135 30 20 100 77 182 120 123 56 46 110 50 2 174 89 197 112 199 176 147 193 92 136 136 171 107 99 53 100 73 71 83 76 47 63 71 70 40 9 158 24 88 1 87 183 37 175 63 61 7 143 91 188 85 162 55 190 193 60 31 165 116 52 160 37 43 2 190 95 200 152 168 99 39 113 42 156 72 19 150 30 78 38 125 109 140 70 76 175 143 197 52 188 179 107 40 123 98 157 93 186 21 128 126 26 51 1 67 50 45 81 59 6 78 24 58 105 83 
12 19 184 32 62 29 50 111 138 185 132 165 39 97 65 94 101 161 70 74 81 92 58 159 166 191 67 4 134 168 142 151 54 65 76 17 79 155 127 50 112 84 137 84 164 181 93 71 193 152 10 39 174 172 120 112 128 14 148 93 194 55 161 79 165 124 94 7 34 200 144 7 87 170 92 31 71 111 24 77 95 143 196 91 10 139 157 159 112 91 185 195 156 193 189 98 70 74 38 158 115 99 51 52 110 193 27 158 62 92 156 156 141 21 113 64 197 22 14 25 127 163 175 39 94 
145 94 179 87 46 126 8 75 104 200 189 156 124 29 44 181 81 193 166 74 96 110 81 179 184 16 130 120 181 188 69 79 57 161 170 83 24 87 157 173 67 191 36 16 152 193 96 30 28 200 111 29 6 185 53 38 184 121 102 148 66 69 18 19 127 5 33 35 104 26 150 138 6 188 6 189 36 97 89 119 62 95 8 180 31 148 163 16 185 105 57 129 79 25 148 137 30 144 56 4 192 150 34 5 59 36 146 11 166 16 66 172 144 167 77 77 109 152 87 116 23 89 199 174 52 
50 124 175 81 47 144 58 76 127 9 22 73 109 151 90 193 196 186 140 88 77 200 40 124 121 159 177 128 190 183 6 185 99 155 36 173 177 65 33 111 48 4 190 143 112 72 8 125 82 148 76 171 47 185 11 11 187 12 187 31 52 150 32 17 186 45 69 95 136 89 167 83 176 16 153 90 147 174 7 25 154 157 30 20 56 157 89 9 165 94 54 19 42 19 118 38 141 37 167 167 47 100 60 134 42 195 163 122 180 196 75 168 107 195 134 68 63 84 123 117 13 69 118 50 152 
124 144 120 162 102 183 114 137 52 142 40 19 48 74 167 175 5 135 168 92 107 92 118 59 101 8 65 196 134 6 137 163 158 160 176 8 198 22 144 182 23 113 31 198 112 38 144 135 52 143 69 70 48 49 29 197 139 39 108 157 3 188 180 19 104 34 142 84 87 190 196 134 49 97 14 89 200 184 100 46 123 183 2 23 26 98 103 104 69 180 122 66 12 63 75 173 162 177 156 155 78 69 151 53 198 45 107 190 110 8 83 63 180 17 71 174 190 95 11 39 80 23 6 149 73 
21 162 59 37 26 176 11 86 17 84 44 98 101 33 118 50 88 152 149 31 72 106 3 155 135 119 193 118 186 188 123 26 9 31 18 184 151 122 163 17 156 26 59 52 37 120 119 172 174 12 120 91 28 23 177 74 191 192 63 113 151 77 171 137 194 45 76 192 133 14 93 148 181 162 138 150 17 60 144 38 180 9 171 41 128 115 53 152 179 178 12 181 48 146 1 159 28 25 145 182 159 99 151 36 126 114 147 123 50 161 177 80 179 165 64 55 52 78 192 68 31 90 32 19 60 
153 117 163 142 183 63 19 27 197 149 139 58 109 159 76 74 174 113 137 157 95 100 40 130 18 53 93 192 161 78 18 50 197 26 90 183 81 149 67 63 121 167 183 110 15 1 91 135 153 102 190 40 9 66 68 102 73 91 187 47 25 171 194 58 113 11 144 27 133 76 117 133 103 131 89 38 146 78 59 123 48 138 154 62 91 189 113 135 153 86 83 93 157 132 50 87 77 195 74 83 5 150 110 59 72 196 97 186 92 68 118 74 3 108 135 194 200 82 177 15 107 27 146 57 138 
136 104 46 135 119 52 114 31 23 138 54 112 109 182 159 194 72 40 130 42 172 82 87 158 124 66 125 2 20 101 90 45 13 152 51 118 77 175 113 100 94 86 134 170 115 200 109 44 76 75 130 32 161 87 135 117 20 174 136 12 116 115 199 120 47 181 104 180 188 144 83 167 46 54 72 87 128 92 149 188 85 97 48 126 185 169 27 63 196 27 113 140 32 124 49 118 161 153 182 124 44 94 112 117 30 90 57 156 81 146 121 34 27 2 102 117 35 111 146 101 17 79 134 82 58 
8 103 169 124 26 123 117 64 114 185 155 195 112 15 152 96 142 169 139 46 189 74 21 26 64 193 115 45 186 185 14 13 98 82 146 78 16 189 127 10 127 33 181 35 145 84 105 76 109 48 183 105 109 58 184 105 12 163 193 48 149 77 88 142 161 84 70 97 193 51 146 54 39 119 102 112 109 34 90 89 171 90 70 86 54 150 9 179 177 138 184 24 148 174 152 159 9 7 36 7 110 51 148 78 155 91 44 120 115 121 82 131 45 118 17 73 130 147 14 1 96 87 58 154 97 
77 125 145 3 108 30 114 26 17 192 149 113 121 82 162 156 19 155 27 105 179 83 195 198 184 79 136 73 11 156 81 85 101 191 60 12 32 131 129 193 89 110 151 93 197 128 16 62 34 99 14 119 45 49 89 54 175 167 190 72 160 118 18 191 115 174 155 165 169 144 80 171 82 70 38 152 59 134 76 23 156 61 85 23 38 164 30 86 17 154 169 9 72 89 144 63 159 39 108 172 137 147 91 9 198 184 62 37 52 135 156 49 75 146 109 189 116 130 56 84 61 183 108 98 48 
10 84 34 27 199 171 199 79 103 186 188 141 17 96 71 99 115 66 79 198 104 65 111 131 159 115 185 120 112 152 30 84 124 20 29 193 140 21 153 48 113 24 107 56 183 105 198 184 128 74 65 95 42 148 181 70 12 73 186 86 193 70 148 145 200 185 157 168 60 108 44 83 147 186 100 179 113 69 104 142 11 182 139 118 126 42 44 115 106 5 50 181 85 49 28 64 50 69 116 167 98 130 104 128 33 97 182 22 45 65 84 32 21 162 132 74 138 28 50 8 149 42 175 91 127 
49 142 127 122 46 37 145 143 125 133 86 12 40 110 4 189 13 107 26 19 98 92 45 110 17 17 105 55 15 123 65 125 112 135 181 130 47 187 155 149 104 109 57 106 51 198 78 124 58 22 86 45 153 162 170 174 15 144 13 191 157 175 90 176 69 154 157 83 188 180 179 81 74 92 166 98 198 168 32 79 124 152 117 156 161 63 154 58 130 32 30 122 183 99 3 112 170 143 40 20 5 115 5 82 23 4 69 163 146 56 165 134 179 68 116 125 151 98 40 84 68 195 163 167 67 
81 94 175 93 17 79 58 142 130 133 185 92 72 165 104 121 59 156 111 114 64 100 177 103 40 163 178 117 43 181 87 76 119 152 49 38 154 136 91 10 79 165 90 174 89 31 161 121 28 152 57 186 10 29 133 161 196 109 110 181 147 62 70 150 51 167 183 188 52 37 194 122 12 12 27 199 20 29 47 60 199 82 170 143 57 109 146 52 57 159 50 94 7 70 116 52 56 143 174 100 169 144 151 176 180 151 119 74 159 33 81 38 162 126 25 185 11 7 70 34 70 136 139 173 121 
187 162 130 17 3 150 115 160 140 10 175 35 171 33 134 23 118 126 168 40 33 39 13 25 53 88 99 84 79 170 89 54 47 154 85 97 57 147 113 184 146 106 122 33 142 68 38 57 53 47 181 148 18 116 47 198 43 171 120 49 35 19 68 55 195 6 170 8 44 109 94 61 46 5 52 173 42 99 59 71 78 187 66 177 185 59 34 78 147 45 15 165 17 38 13 146 142 130 189 148 117 50 19 78 104 90 147 34 32 40 71 55 62 175 197 137 58 58 108 154 76 175 81 160 114 
95 192 173 124 165 152 165 2 189 194 110 128 93 52 25 32 44 188 157 75 104 130 62 44 66 171 71 160 156 68 147 44 80 131 100 185 143 67 45 61 39 111 87 21 112 21 97 181 45 128 158 36 120 124 190 10 140 91 187 121 156 15 82 39 33 55 84 31 73 35 64 188 130 102 137 53 6 156 64 156 172 192 189 134 22 187 168 74 91 181 195 105 137 190 191 137 171 118 46 80 62 117 101 89 26 105 28 48 184 131 152 35 148 178 75 49 23 132 185 105 175 69 17 87 3 
141 48 23 24 102 20 63 143 195 188 113 72 27 37 176 125 108 70 113 38 36 77 180 62 95 25 58 30 187 2 81 184 76 184 53 30 77 128 64 154 146 160 200 159 46 160 110 65 156 194 198 197 162 12 86 199 59 188 60 32 165 26 77 61 115 111 86 141 30 95 57 188 47 86 96 67 71 179 180 180 83 110 37 144 189 162 179 185 180 14 61 167 115 85 62 76 50 179 189 135 173 107 49 197 105 161 76 74 77 134 121 19 130 135 141 154 88 108 7 195 91 115 118 58 31 
195 71 195 157 200 56 153 167 176 27 36 107 133 46 93 109 151 52 182 96 29 84 93 29 34 182 19 132 106 4 151 82 30 122 110 194 48 136 121 84 59 6 4 108 21 104 83 15 156 16 179 122 97 81 6 142 151 12 40 95 98 177 28 9 137 76 150 71 8 88 74 6 143 141 180 52 184 112 25 48 188 148 42 62 118 167 4 7 163 53 155 35 199 23 133 144 146 171 85 153 38 183 22 46 51 97 128 21 195 178 99 14 23 95 162 121 103 116 155 187 123 146 198 102 15 
150 63 35 8 140 5 28 22 83 96 137 138 26 41 59 193 100 99 186 139 97 122 172 78 100 31 166 112 51 68 148 92 139 47 70 94 190 111 196 190 66 170 193 53 150 148 126 35 55 186 196 59 172 32 157 2 21 171 40 132 47 195 66 177 138 169 149 196 50 95 94 97 20 80 15 123 152 128 40 101 154 120 178 26 120 30 153 161 87 109 178 111 59 14 105 82 197 153 140 65 146 98 37 128 35 196 81 33 170 108 192 153 60 170 48 88 188 63 56 65 118 110 10 44 68 
55 40 89 123 11 131 34 178 144 81 9 83 137 116 33 109 63 72 108 186 105 132 41 30 79 186 145 88 79 38 11 84 48 116 179 25 123 63 124 182 66 141 108 2 70 16 172 42 160 61 113 78 199 105 76 192 156 110 18 177 40 95 175 46 142 46 151 105 46 173 72 139 49 42 15 128 73 85 114 82 199 159 60 23 188 198 174 130 137 80 24 107 189 189 72 96 169 54 8 16 181 164 30 89 85 23 109 106 58 164 92 3 162 35 16 66 118 176 149 131 24 114 144 109 87 
96 136 111 179 171 4 58 180 27 169 22 43 126 155 50 155 123 188 111 47 83 92 92 132 134 39 105 81 2 189 3 91 184 39 143 151 43 156 27 171 95 12 130 33 7 21 41 31 157 106 73 63 29 96 26 145 61 126 25 107 135 34 193 161 122 7 110 150 9 192 163 19 113 3 50 114 38 116 157 60 39 4 18 192 35 57 105 134 65 25 148 60 21 172 73 159 120 164 112 11 58 161 48 44 90 3 198 162 114 77 75 112 2 199 120 124 106 96 172 11 47 166 168 122 128 
33 17 25 70 159 66 186 96 130 151 15 37 125 40 191 122 56 73 167 109 46 5 45 98 149 65 80 173 190 73 159 143 144 18 118 142 11 198 114 170 176 48 107 16 157 197 136 104 95 109 164 166 40 142 174 16 178 101 96 158 147 101 188 139 174 105 51 87 197 169 45 41 101 72 184 147 101 28 142 198 8 158 65 40 104 89 13 169 173 92 105 35 23 34 163 200 28 125 123 102 100 97 99 125 21 24 79 18 31 12 17 164 152 131 130 95 141 130 33 87 104 52 16 1 64 
75 16 59 124 106 14 158 189 39 150 168 196 48 84 54 29 53 149 1 164 46 118 167 91 43 149 107 70 33 79 124 101 166 63 183 43 46 45 155 95 29 38 55 11 70 18 170 61 49 67 149 185 79 122 37 175 74 21 200 161 139 29 163 123 8 4 71 95 113 34 198 38 90 60 77 72 36 131 49 170 47 199 25 68 34 186 68 41 16 12 101 7 132 140 86 36 52 137 178 99 16 2 187 145 199 108 93 54 77 97 90 99 180 6 53 89 119 90 66 45 3 62 188 162 137 
64 27 29 157 94 24 185 6 196 33 76 11 161 194 83 58 58 25 74 32 143 149 174 200 87 184 198 131 127 33 100 197 151 72 200 135 119 179 154 148 143 101 48 162 93 45 138 96 96 98 41 74 118 80 194 60 118 67 30 8 130 91 30 160 141 112 175 78 113 50 158 78 7 54 94 56 159 11 164 3 162 36 180 150 14 74 197 38 116 183 8 93 78 55 74 188 47 61 61 120 42 66 11 73 127 49 129 91 95 84 90 177 116 32 76 109 81 120 28 138 176 1 63 200 197 
24 63 19 186 92 23 23 200 185 118 23 157 47 20 173 71 146 178 14 6 120 160 69 81 115 99 44 45 174 79 106 73 61 43 145 4 7 136 117 199 58 100 191 126 177 13 62 23 7 165 100 87 97 195 176 56 164 194 7 103 132 113 19 3 120 51 139 71 45 106 7 51 186 59 144 37 23 11 160 200 62 1 186 80 144 162 126 57 110 30 53 48 147 193 112 105 134 149 146 134 67 152 148 129 91 198 8 149 123 13 197 48 58 76 158 119 144 142 151 36 169 119 129 46 69 
44 177 16 18 186 116 146 143 189 120 77 59 180 64 185 160 170 58 132 4 162 6 189 105 51 58 125 56 54 55 178 37 44 88 199 61 135 196 25 27 167 188 178 111 66 14 120 83 197 10 73 188 171 29 70 159 137 191 105 120 77 66 164 179 33 15 188 21 144 8 32 63 98 31 140 38 18 189 140 117 122 64 58 37 72 168 18 29 61 136 45 47 1 101 194 63 93 158 137 183 167 4 133 74 12 28 108 115 40 73 15 34 64 127 198 16 144 101 128 153 177 192 38 48 67 
17 54 95 66 25 73 117 4 106 176 107 177 145 86 35 179 192 149 196 42 177 107 37 23 65 168 23 169 113 131 58 154 182 49 105 162 76 68 171 117 176 128 90 52 5 165 87 154 122 187 4 112 76 79 90 64 188 44 58 26 109 161 120 189 68 28 188 94 156 56 148 33 146 89 20 154 185 116 200 182 141 84 5 57 54 103 22 75 75 142 10 188 12 166 73 147 148 22 25 1 101 6 110 198 146 36 59 102 126 126 190 199 105 122 147 16 70 56 156 77 177 132 125 100 172 
57 24 156 22 103 65 61 97 128 146 14 90 168 199 48 80 12 31 71 162 189 135 159 72 14 2 48 23 145 75 84 145 101 48 143 107 87 135 54 29 188 32 66 79 191 74 173 64 107 80 4 51 27 1 197 93 7 161 36 70 135 60 154 44 129 86 121 23 136 131 87 139 13 14 192 43 44 169 61 188 58 51 91 112 74 7 49 155 109 104 152 178 50 92 31 128 79 1 131 67 20 84 101 109 138 57 189 197 28 173 10 155 163 138 88 193 169 174 64 164 129 27 114 77 71 
142 52 73 133 97 144 159 129 142 189 113 144 95 26 187 186 104 170 28 200 149 137 8 188 59 52 125 123 186 63 85 94 14 131 166 144 23 40 33 43 194 50 15 196 170 15 19 182 38 153 64 68 16 136 150 107 132 38 72 27 25 12 48 60 173 79 190 137 126 181 198 6 113 81 147 156 111 164 58 63 53 56 163 118 98 97 96 183 164 144 67 56 15 78 135 105 199 141 143 138 81 20 22 175 8 151 162 33 45 21 125 95 109 157 96 118 169 97 18 141 15 100 134 177 175 
141 9 80 42 15 169 56 63 74 130 90 17 93 183 95 13 61 105 38 35 24 61 200 190 58 109 139 182 198 31 130 104 180 130 94 50 155 179 171 163 8 2 145 188 155 17 133 112 96 8 5 28 125 140 134 29 14 106 198 191 167 131 25 112 195 100 184 22 67 56 40 85 152 194 2 104 189 171 13 133 40 113 167 20 137 11 2 155 22 58 35 13 81 69 145 2 115 179 67 110 196 49 155 122 21 127 22 155 1 76 106 102 116 136 128 40 48 200 68 176 179 83 103 40 64 
117 87 23 186 131 31 199 6 58 200 148 142 51 21 33 195 115 88 92 19 115 200 20 94 67 152 137 39 93 154 185 57 3 52 75 16 69 73 84 27 22 146 63 197 102 171 57 136 140 139 115 53 37 187 7 109 94 76 29 135 13 25 170 187 141 62 19 188 55 66 176 122 35 35 174 138 110 33 127 91 140 185 188 42 9 86 8 169 193 108 55 56 94 113 20 112 193 103 172 22 122 87 126 125 22 19 10 31 96 65 49 172 60 156 45 135 169 150 67 14 192 73 22 156 102 
11 181 190 16 56 118 116 129 101 130 115 114 54 155 156 28 52 85 55 134 158 160 2 198 9 196 62 88 173 88 90 64 37 142 135 40 92 149 18 170 110 162 151 48 148 24 90 24 38 118 144 64 146 15 154 2 31 112 151 130 188 18 57 123 187 37 178 83 75 118 76 27 20 86 150 116 104 105 14 125 139 58 112 107 88 35 18 86 10 184 127 133 185 13 7 1 146 28 142 194 7 63 119 191 193 164 187 78 88 79 175 22 139 174 147 88 100 193 41 2 168 30 167 152 60 
175 176 121 25 13 156 174 140 70 46 41 113 143 87 181 173 198 150 94 118 96 111 82 89 52 119 84 150 146 35 191 139 188 56 183 145 163 134 104 52 163 130 131 101 75 98 50 175 60 43 130 57 18 7 53 124 80 164 164 50 142 84 193 137 84 90 114 30 96 65 35 101 129 18 79 53 17 155 135 184 121 66 19 129 3 93 148 1 3 1 126 160 164 176 191 185 103 142 110 94 5 108 40 194 154 69 25 200 24 137 130 141 165 188 25 193 98 91 69 88 105 165 200 12 200 
28 174 70 17 74 86 98 116 152 166 22 33 118 157 129 190 12 24 150 55 63 102 192 57 49 163 131 9 80 10 60 132 62 114 36 140 41 21 151 159 82 145 100 196 90 1 187 118 73 190 141 34 101 110 100 76 170 33 101 111 41 8 110 37 165 35 110 184 177 77 17 153 170 193 42 184 72 48 33 122 111 43 56 36 35 145 115 188 137 84 50 171 58 155 172 142 195 129 33 165 145 156 82 165 79 65 148 32 11 148 123 175 114 111 8 12 5 196 175 176 102 111 135 159 11 
186 16 193 184 89 12 163 72 183 66 95 137 109 118 100 117 160 154 155 4 52 2 117 79 12 34 157 191 154 36 177 45 120 77 31 98 52 96 33 82 166 17 9 1 147 101 19 111 78 58 39 75 185 70 174 11 189 71 196 79 58 37 64 77 28 131 144 61 106 28 24 105 165 61 177 99 28 83 20 156 116 164 28 86 136 147 129 99 181 64 11 122 186 42 69 186 88 199 103 56 62 6 95 114 54 78 171 78 22 109 197 194 128 12 144 90 39 36 54 175 113 52 90 5 117 
28 156 43 134 15 126 66 183 53 20 144 45 144 133 64 14 110 148 169 73 144 154 26 57 71 198 150 38 113 24 84 95 170 118 59 193 173 62 45 114 147 2 192 138 35 188 66 154 7 61 176 138 62 32 147 174 89 194 131 175 15 39 122 162 196 125 22 8 82 140 169 35 177 124 56 194 136 150 167 61 103 166 89 67 64 197 38 4 196 172 195 123 39 106 198 170 140 11 5 191 92 119 37 26 1 86 167 160 181 138 132 95 59 161 159 170 48 92 141 29 182 34 56 6 22 
151 16 174 154 8 164 71 25 36 39 45 177 168 21 72 72 65 46 182 194 131 200 124 174 8 96 188 7 70 101 42 173 21 119 193 55 77 141 181 125 195 12 18 30 34 144 77 136 60 13 138 3 111 9 76 177 24 25 13 8 112 50 120 76 191 99 3 89 139 178 192 125 164 165 81 67 125 57 5 55 68 2 172 75 14 115 131 155 52 159 150 144 152 135 91 144 198 42 121 90 190 129 154 53 71 24 48 18 65 180 86 56 172 177 25 73 47 78 84 95 5 22 105 60 160 
115 74 28 183 160 14 53 90 28 132 84 34 5 79 73 165 130 29 84 104 95 77 92 139 30 117 79 191 156 198 73 102 188 124 95 175 143 9 194 69 7 134 71 95 58 137 177 42 71 25 154 154 27 20 118 61 62 131 137 99 48 157 76 39 118 135 20 102 122 100 100 67 156 176 142 145 108 60 3 87 69 69 199 30 137 118 172 137 170 143 88 148 5 151 97 65 107 152 156 3 132 103 112 160 48 76 2 85 180 37 190 190 148 156 107 140 5 96 94 88 11 200 174 152 75 
156 136 67 82 112 144 67 169 131 117 83 25 55 24 73 194 58 104 192 104 130 70 88 80 72 23 88 57 118 148 39 109 115 102 60 179 64 112 118 44 142 115 20 98 124 160 136 128 194 72 49 163 3 152 178 23 12 153 106 188 42 111 199 98 199 185 99 63 41 95 136 156 159 167 1 20 112 66 160 2 36 188 21 60 126 9 75 52 6 64 196 43 14 83 167 42 34 84 107 137 70 38 157 171 79 169 147 198 32 162 86 186 151 118 103 174 4 185 55 54 156 66 20 7 70 
85 189 176 103 186 147 191 95 139 162 68 197 41 84 173 68 185 126 28 145 195 40 186 111 187 58 106 195 41 174 173 124 127 163 86 111 200 64 100 200 42 30 113 155 141 186 9 152 110 69 47 143 51 123 116 111 86 187 68 50 177 195 87 147 8 29 51 7 169 167 60 85 159 132 98 49 15 151 50 81 194 155 176 197 85 25 170 42 186 161 25 122 181 26 180 180 100 191 164 15 153 182 30 190 93 89 24 145 191 134 141 147 146 42 183 82 27 29 196 144 177 139 103 162 42 
66 165 106 50 67 154 39 163 129 29 94 170 141 163 22 47 167 54 109 27 1 62 179 171 76 5 162 70 169 36 58 138 159 5 99 53 67 45 62 47 194 85 71 31 97 116 26 173 109 102 22 83 179 82 98 38 61 176 113 21 97 183 173 73 80 43 164 103 138 100 62 66 145 150 170 105 190 89 119 31 81 98 179 182 62 197 28 29 4 129 180 189 105 189 59 80 84 144 200 196 131 86 108 93 145 78 84 36 160 9 108 190 160 87 156 134 176 165 156 195 21 86 47 44 167 
129 129 139 174 72 7 28 43 124 64 70 107 39 47 46 8 80 177 130 8 116 104 192 122 42 124 40 51 134 43 60 199 22 91 136 103 58 96 200 161 116 143 73 143 19 117 126 116 109 185 5 52 5 26 17 46 149 49 56 134 178 132 149 140 60 95 175 30 171 55 142 162 18 13 102 21 66 116 182 11 144 34 147 54 115 35 7 44 70 59 163 156 175 15 44 49 86 71 136 109 105 65 1 135 156 10 115 58 32 171 101 19 48 189 192 109 73 102 18 76 129 56 187 9 179 
137 42 191 161 151 149 52 171 138 111 63 133 118 144 184 154 133 178 197 180 115 199 12 12 160 80 174 183 55 8 106 126 88 118 119 176 168 190 16 35 185 124 145 120 118 167 14 122 22 103 15 76 37 10 36 19 84 177 55 19 23 52 47 5 25 9 198 95 120 131 174 187 39 138 126 70 132 7 62 91 35 144 184 56 148 31 114 186 158 42 114 112 97 43 172 124 95 39 4 20 65 142 167 78 103 47 16 114 159 21 31 168 196 6 190 72 100 15 99 106 37 90 75 80 33 
62 55 55 150 129 171 105 32 76 116 200 11 163 70 146 57 104 83 95 82 167 79 63 81 43 39 88 172 135 188 142 168 37 85 82 133 195 191 53 151 105 157 14 7 37 98 94 8 21 63 128 53 30 33 170 12 139 14 198 143 19 35 118 112 141 157 77 186 109 5 150 50 160 195 141 197 48 11 179 106 34 46 55 71 94 161 115 116 144 181 179 22 156 148 123 52 11 63 37 82 120 199 154 172 34 25 1 117 59 18 37 45 178 77 140 98 16 179 121 193 29 142 175 194 106 
44 199 102 195 11 84 23 3 114 132 54 107 63 40 198 70 187 109 176 4 75 32 8 113 35 160 121 5 31 116 39 193 56 68 189 114 105 68 137 187 31 199 181 107 109 191 33 134 169 55 51 152 118 76 36 2 32 75 164 50 95 25 13 4 106 72 114 73 188 177 185 148 133 47 85 106 116 153 94 2 145 22 81 195 175 10 39 19 68 101 92 59 143 112 194 107 44 22 152 6 115 36 4 130 86 194 158 18 189 143 41 163 196 22 80 7 68 118 71 85 67 144 35 179 69 
5 135 158 190 106 165 26 110 34 136 59 123 112 134 140 20 40 100 150 196 184 72 41 160 27 18 163 194 56 167 139 116 92 59 168 189 116 193 116 114 176 141 29 80 83 48 46 26 104 181 157 84 152 78 148 198 67 27 58 125 9 186 40 197 190 181 196 125 32 109 134 191 50 67 154 159 176 19 4 198 82 113 47 166 183 167 154 34 108 20 88 101 36 160 182 30 43 59 128 15 84 148 180 122 77 98 83 134 176 117 109 67 126 73 68 127 137 3 35 169 28 36 162 194 167 
9 148 28 77 7 29 138 147 163 114 174 92 198 5 80 6 96 14 90 173 172 41 189 47 47 79 166 174 117 163 11 128 130 68 182 143 157 160 142 24 37 151 103 10 16 11 47 125 117 144 46 10 191 172 152 38 155 51 57 92 154 8 40 84 169 169 193 80 133 126 77 185 6 40 88 144 9 195 108 168 177 145 36 112 167 90 149 175 74 114 85 43 183 155 81 127 3 76 146 94 10 174 187 185 155 144 126 177 165 74 57 10 6 41 119 50 110 166 61 17 105 133 183 70 69 
114 151 146 41 186 195 76 26 165 154 92 162 32 171 189 3 65 165 145 89 98 140 10 27 156 123 33 170 152 134 90 26 180 35 148 174 2 3 187 21 124 160 184 130 77 90 29 13 52 52 197 33 49 8 43 62 15 37 146 178 157 114 43 97 67 45 25 172 112 16 164 34 114 121 120 21 28 198 166 157 64 53 127 139 109 141 53 22 43 146 106 110 126 48 49 84 52 200 189 142 56 29 114 149 165 21 65 116 178 127 114 186 154 83 177 37 23 58 17 28 55 157 129 53 149 
64 113 163 122 76 38 91 173 2 60 88 70 192 73 57 101 175 169 174 165 16 11 183 170 92 32 82 35 51 103 161 16 11 62 199 179 89 147 57 122 61 59 179 114 98 70 115 19 140 134 49 106 1 97 53 99 28 187 68 183 30 158 114 186 189 48 29 7 51 81 35 137 18 2 90 125 38 21 121 90 110 172 170 22 180 31 181 15 2 85 177 124 77 60 19 190 172 116 64 4 188 2 14 32 37 181 79 126 55 109 190 70 99 180 46 194 109 7 163 32 133 106 171 92 39 
93 119 160 196 67 135 109 120 66 117 168 8 32 61 196 195 60 51 145 119 175 170 92 96 117 49 159 96 180 53 162 7 136 76 31 42 137 45 82 99 36 98 1 38 162 116 186 29 41 124 132 112 173 151 136 114 63 164 67 130 84 3 166 112 40 89 106 71 131 155 114 77 54 66 10 105 50 118 12 56 144 107 176 18 168 16 180 56 166 139 121 109 98 155 61 175 178 2 52 149 44 107 73 179 47 59 27 94 100 106 104 118 95 104 118 196 41 25 32 198 118 187 67 27 129 
9 85 141 38 115 186 91 172 193 140 79 53 8 173 76 62 20 129 82 156 175 117 51 180 90 155 152 84 81 179 118 196 100 56 86 173 95 149 137 64 172 151 155 19 174 72 28 56 189 191 183 37 49 84 81 81 48 90 157 127 70 160 133 71 106 105 92 117 36 130 94 93 113 31 186 95 169 59 85 199 197 16 57 111 13 21 93 185 188 176 174 93 60 170 183 145 14 101 52 181 52 115 31 92 47 197 84 151 60 68 113 27 45 99 182 153 113 68 192 10 145 18 154 110 36 
129 189 75 151 91 115 198 181 162 154 136 16 154 68 23 11 186 109 134 13 58 164 189 11 192 57 140 196 149 111 83 37 141 178 62 195 11 78 106 154 179 72 131 22 164 31 24 158 58 121 86 79 177 156 83 179 62 105 18 129 68 64 160 155 64 171 98 32 74 10 151 187 168 193 137 11 64 100 75 194 192 50 166 20 42 45 49 173 133 45 16 14 22 10 7 79 96 51 34 101 135 17 115 185 105 122 115 165 85 156 83 10 28 151 131 58 136 21 135 124 173 160 129 138 88 
142 164 138 9 51 101 50 192 195 41 179 107 1 195 200 123 148 69 123 140 125 6 49 124 115 160 178 44 97 145 96 42 29 80 21 174 124 19 14 85 20 187 112 194 34 73 197 174 155 98 57 69 183 82 78 38 165 18 104 157 10 81 91 92 195 11 77 22 128 128 77 151 55 147 140 9 22 30 195 12 56 153 136 99 28 188 170 127 44 181 106 156 48 194 107 158 179 87 151 148 110 19 191 166 15 177 65 26 12 200 37 109 50 115 72 20 131 21 55 79 137 67 101 75 35 
97 28 185 124 130 180 143 17 36 155 12 199 175 173 120 147 44 200 138 84 143 102 88 176 61 47 59 86 168 152 95 30 4 125 13 101 125 92 72 195 155 143 105 6 185 82 6 88 48 192 161 167 89 114 123 63 86 127 75 17 135 53 155 18 137 121 158 44 57 24 18 95 74 20 131 67 48 146 178 164 51 186 123 166 128 77 76 130 46 98 39 40 102 38 132 95 129 92 61 134 94 128 52 186 119 162 100 35 86 191 24 171 21 142 14 107 134 32 31 143 14 82 123 194 157 
9 172 159 79 196 14 20 173 114 129 182 102 139 112 35 140 75 151 63 184 125 63 17 13 126 41 71 80 80 42 119 190 151 35 155 95 19 196 151 48 68 117 122 20 88 18 112 26 183 182 104 77 52 161 194 135 168 173 200 31 105 139 135 121 40 1 98 65 103 25 139 175 154 186 107 17 148 97 176 89 68 145 151 30 154 91 92 47 33 102 130 16 176 37 180 49 108 44 6 106 46 6 150 53 116 18 193 120 67 133 30 174 139 122 41 161 127 120 191 42 178 101 85 32 97 
114 12 157 147 53 137 131 195 147 191 100 37 51 127 161 52 2 140 187 33 184 144 164 11 93 135 88 42 101 29 54 59 80 61 22 151 28 76 47 132 172 28 167 169 53 46 82 158 189 92 11 111 34 142 175 103 200 125 153 170 98 200 32 111 111 176 179 55 90 89 172 12 197 111 176 72 146 141 195 200 30 52 135 158 158 15 154 33 91 107 171 187 200 42 116 5 37 135 93 79 164 160 51 26 94 59 63 121 60 121 47 140 37 36 47 48 10 26 80 188 11 129 62 91 193 
74 143 131 162 121 137 109 110 194 164 65 134 33 84 176 29 37 5 127 128 98 195 9 187 43 80 44 136 86 16 144 25 47 98 12 59 99 96 193 71 136 188 138 174 44 92 161 41 66 180 157 191 29 107 196 74 180 22 81 2 20 68 58 155 5 119 144 137 100 189 128 88 83 104 77 179 119 127 118 5 86 46 87 114 167 139 30 61 70 192 68 181 100 89 42 196 32 147 101 63 25 177 149 105 137 82 40 185 117 92 30 75 6 24 159 106 50 43 114 194 177 85 33 161 181 
183 114 119 162 68 11 140 54 103 91 153 183 99 9 105 51 23 200 74 153 55 71 134 28 116 67 86 89 112 119 107 105 19 130 111 113 96 90 156 131 181 169 188 65 118 30 175 159 45 107 30 74 4 148 120 188 143 109 152 110 37 75 145 62 76 146 50 133 110 82 78 90 174 14 82 178 139 133 110 163 147 11 68 127 65 137 176 191 97 110 23 65 105 161 52 79 117 81 83 2 46 163 68 182 97 151 83 156 44 166 76 56 153 76 194 115 51 1 69 174 56 20 122 75 151 
164 18 8 49 191 94 161 87 181 95 167 21 7 76 129 41 128 66 29 156 59 76 29 130 11 85 135 59 120 47 44 72 145 139 21 106 44 80 155 111 194 25 60 18 5 159 92 170 142 15 3 133 46 48 79 146 149 192 194 181 197 139 161 134 11 145 89 42 145 190 121 26 196 147 131 22 89 195 129 7 111 44 136 77 138 94 167 42 71 9 5 33 119 127 176 131 85 182 87 109 4 53 50 102 178 134 18 8 200 106 158 158 111 141 107 97 37 154 144 157 184 60 124 125 85 
176 125 71 76 106 199 15 147 83 193 169 56 113 150 75 129 87 87 15 83 59 103 129 116 26 139 93 188 136 34 154 136 74 150 129 42 10 12 159 62 179 166 96 199 73 149 44 60 22 166 4 84 94 62 73 47 122 174 173 144 18 153 110 38 177 152 120 56 146 32 138 31 182 100 180 193 26 137 121 83 47 189 24 114 127 123 109 6 156 70 83 13 62 49 4 35 114 63 123 177 78 74 92 19 78 200 155 73 84 151 191 44 193 47 98 37 149 98 148 113 104 60 89 136 77 
152 183 45 101 144 131 200 164 49 179 26 140 61 89 134 193 138 10 189 104 158 158 106 61 24 153 155 84 14 96 24 17 60 34 197 90 1 200 99 26 171 88 134 154 56 182 77 190 33 90 147 135 121 21 146 30 30 82 53 32 50 75 90 26 166 145 79 114 16 101 159 73 145 172 132 49 95 103 30 108 151 55 25 152 140 30 101 195 113 117 107 80 199 179 46 14 159 151 25 29 113 52 17 85 149 185 46 133 9 112 150 195 199 56 103 130 17 26 140 122 136 61 126 155 29 
137 173 105 176 57 27 77 124 103 120 5 68 129 31 132 184 191 170 93 54 123 164 128 100 122 42 111 26 38 176 147 89 80 8 54 93 27 137 4 91 115 2 10 50 3 163 104 95 21 21 151 24 43 30 51 20 185 173 183 69 156 33 98 197 132 95 20 58 103 71 153 179 7 164 123 62 26 119 45 84 35 167 51 79 91 41 169 86 41 104 36 59 115 195 36 59 181 49 149 58 15 134 33 148 177 141 168 178 29 126 38 112 180 102 199 45 126 84 45 50 120 193 67 120 115 
185 142 135 157 74 62 136 184 17 186 129 92 156 25 81 72 10 34 19 180 104 60 165 157 99 128 31 143 19 157 35 188 129 155 29 101 194 169 87 128 52 154 64 51 26 135 113 173 10 176 153 52 28 54 102 81 6 180 9 153 127 80 110 191 116 169 166 122 143 147 47 184 123 25 43 31 13 188 171 113 2 25 197 178 83 194 183 179 169 164 127 67 11 49 137 18 195 180 179 61 5 126 154 141 198 19 57 168 128 173 57 90 114 169 8 129 107 119 101 192 161 104 97 149 150 
30 38 43 135 6 68 155 105 165 63 200 145 110 38 135 21 46 43 101 2 115 60 186 182 96 137 11 180 17 122 86 14 9 119 139 130 19 194 135 181 111 17 72 165 24 65 194 10 157 13 150 118 26 157 133 108 183 128 66 82 131 46 113 89 124 97 145 127 60 21 140 25 151 88 199 21 106 67 113 7 78 145 121 99 86 171 143 12 49 56 182 128 113 196 127 59 36 73 74 154 37 79 53 23 146 110 189 147 165 158 129 170 62 24 164 185 47 49 179 15 10 129 132 126 176 
86 60 109 183 62 189 81 159 176 194 21 136 126 12 79 29 34 116 200 36 22 142 117 171 94 38 29 50 40 139 83 46 185 27 18 148 75 124 185 10 26 141 195 23 191 175 31 143 78 198 122 42 81 63 17 108 11 169 175 179 8 111 9 34 115 15 153 64 59 85 93 55 148 87 138 63 99 110 174 33 63 93 154 2 110 46 71 8 138 150 105 93 133 65 194 23 133 41 158 42 136 49 199 104 199 191 176 175 171 105 174 147 30 59 153 165 136 33 51 117 111 187 187 158 169 
102 66 169 57 121 171 23 75 94 40 188 146 28 190 167 99 154 131 74 153 198 88 194 177 42 143 18 22 17 35 161 190 144 192 36 52 195 33 59 175 101 71 141 19 109 188 48 113 174 125 82 183 50 58 66 82 80 122 12 96 170 4 4 19 27 36 161 16 195 70 182 158 176 141 158 106 199 168 32 116 172 147 46 26 199 157 170 108 11 5 42 86 14 4 6 43 185 74 25 147 7 172 59 54 139 11 141 158 14 164 82 83 45 36 133 159 115 26 185 30 160 126 146 95 33 
1 182 23 86 58 119 59 29 158 138 135 196 91 198 177 166 29 71 112 25 41 154 80 99 25 164 187 26 115 116 96 152 145 132 179 182 165 174 124 100 133 22 140 42 187 190 36 32 44 179 38 68 61 152 58 80 135 91 150 45 50 103 39 191 47 97 56 137 144 158 18 89 177 50 46 103 133 128 113 2 71 59 44 134 28 56 67 71 22 100 90 178 51 197 82 130 172 96 130 92 56 180 100 98 188 138 79 50 185 132 145 127 127 118 74 56 25 154 98 94 183 95 78 38 154 
2 137 21 46 79 101 133 156 11 7 65 98 200 102 14 111 104 11 196 83 24 2 38 32 149 139 169 51 169 140 77 108 142 49 183 124 194 113 87 193 187 66 30 146 174 51 193 113 131 117 10 185 122 73 145 36 175 7 75 8 76 56 120 72 50 33 111 99 97 169 1 163 33 81 72 24 128 18 49 25 128 171 199 53 28 171 64 11 141 200 84 37 56 104 72 30 132 10 126 195 178 127 37 26 109 149 117 38 92 2 74 37 11 15 71 128 196 172 160 95 95 120 188 126 111 
147 112 155 15 187 145 115 191 194 166 2 177 123 112 52 48 190 191 171 144 136 19 108 22 95 85 62 117 82 178 34 27 120 93 1 158 37 90 7 166 70 57 26 168 120 24 191 96 3 181 26 155 165 27 121 3 96 166 174 38 180 30 21 161 83 15 113 124 106 43 3 196 47 17 84 14 158 100 29 44 81 112 8 197 90 34 169 147 165 2 46 87 163 171 199 116 149 95 85 158 147 110 196 37 171 154 28 95 139 39 105 54 76 159 141 25 80 24 198 140 23 123 175 62 139 
178 198 3 61 160 111 94 32 83 85 196 159 117 68 57 98 157 133 48 52 18 167 33 133 69 107 197 71 43 61 152 7 177 125 44 131 2 176 193 76 37 147 175 98 191 61 114 56 90 149 141 57 93 37 53 141 83 109 188 87 26 131 93 13 162 14 46 10 176 69 164 98 50 110 165 89 55 97 190 69 176 145 153 56 35 189 44 21 187 60 103 162 179 87 30 10 99 167 74 157 116 92 154 95 8 71 101 150 15 191 73 12 51 170 187 13 97 200 32 160 23 129 187 192 117 
182 133 148 171 124 16 169 115 90 149 33 44 94 166 117 150 40 125 173 110 26 104 134 129 137 64 49 191 95 26 200 185 173 87 100 23 9 91 199 144 45 25 37 20 94 182 128 55 167 119 60 141 168 103 120 56 39 113 154 87 141 72 142 101 87 85 178 16 105 151 60 162 145 118 24 167 182 33 100 26 192 103 198 192 109 135 75 2 42 2 161 50 89 157 169 176 21 116 165 158 17 193 109 39 166 136 190 184 37 19 163 33 180 64 31 50 72 125 13 153 30 124 189 197 136 
95 61 103 155 90 134 98 53 97 181 182 165 118 58 67 92 74 56 124 37 37 114 83 142 100 17 91 137 170 189 173 123 124 200 45 46 84 77 101 55 13 68 87 163 96 174 73 119 4 1 56 166 31 65 111 126 67 199 164 68 11 12 152 65 48 109 142 186 102 110 180 53 87 36 195 103 131 42 42 167 101 14 155 112 60 82 79 178 176 147 194 55 41 164 156 65 53 3 108 96 87 123 85 194 65 21 23 100 183 80 198 138 36 39 38 28 108 173 152 199 132 89 31 164 154 
52 21 24 116 83 186 165 91 33 142 104 113 157 194 141 125 86 117 62 193 56 160 149 183 5 17 77 165 119 103 109 85 164 138 147 4 191 103 159 174 41 5 124 169 61 15 145 36 17 150 73 77 54 50 42 110 69 76 168 12 74 127 88 127 49 37 19 27 161 55 190 1 57 113 69 174 82 196 59 142 120 147 126 116 168 154 54 12 147 176 130 50 58 106 8 3 147 147 86 6 3 44 162 116 199 38 96 142 93 108 144 119 124 17 92 155 155 124 19 174 191 66 162 168 56 
165 50 137 134 64 94 188 187 116 6 191 89 35 2 114 192 42 185 95 55 89 14 190 62 105 31 146 11 143 187 143 154 26 72 126 149 19 115 200 40 118 192 121 166 170 84 62 33 189 15 123 176 95 115 102 162 41 92 26 88 33 24 186 96 35 86 176 190 153 98 72 22 131 39 79 36 100 55 18 32 181 91 101 187 169 8 56 162 88 110 12 74 106 182 21 5 92 166 167 40 180 128 56 136 27 117 140 10 97 66 138 27 91 150 103 110 81 38 78 3 153 60 25 176 125 
