125 2
0
2
1 45 17 11
2 73 136 1161
3 400 160 400
4 673 43 845
5 1132 58 1016
6 2029 2 2045
7 2065 121 3033
8 2100 23 2100
9 2347 53 2241
10 2462 31 2710
11 2501 99 2303
12 3100 194 3876
13 3158 103 3158
14 3274 133 3540
15 3423 36 3495
16 3792 94 4544
17 4009 170 4689
18 4034 147 4622
19 4088 109 3870
20 4137 90 3957
21 4351 31 4475
22 4379 38 4683
23 4549 171 4891
24 4607 51 4811
25 4717 57 4603
26 4833 171 5517
27 4858 64 4858
28 5096 144 5096
29 5284 24 5332
30 5343 106 6191
31 5611 184 6715
32 6041 6 6029
33 6056 54 6488
34 6195 144 7059
35 6250 9 6232
36 6348 45 6528
37 6403 6 6451
38 6437 133 7501
39 6919 121 7887
40 6993 128 8017
41 7296 111 7962
42 7345 118 7581
43 7657 82 7821
44 7920 98 8312
45 8021 152 8933
46 8247 22 8423
47 8681 32 8617
48 9356 186 10100
49 9420 87 10116
50 9432 183 10896
51 9692 68 9964
52 9851 48 10139
53 9922 173 10268
54 9991 47 10273
55 10081 133 9815
56 10091 44 10267
57 10234 27 10288
58 10298 193 11842
59 10317 145 10317
60 10510 88 10686
61 10892 188 11268
62 10960 121 11444
63 11266 67 11132
64 11300 39 11534
65 11938 37 12234
66 11974 45 11974
67 12353 143 12639
68 12580 197 13762
69 12708 110 12488
70 12766 49 13060
71 12981 73 12835
72 13004 153 13004
73 13286 91 13104
74 13442 65 13442
75 13625 193 15169
76 13643 164 14299
77 13651 75 13951
78 13692 85 13522
79 13735 19 13773
80 13836 84 13668
81 13881 125 13631
82 13881 89 14237
83 14578 17 14680
84 14582 43 14668
85 15538 101 15538
86 15814 32 15750
87 15971 32 15971
88 16017 61 16017
89 16122 87 16296
90 16124 145 16704
91 16223 116 15991
92 17023 168 17695
93 17093 200 17893
94 17279 140 18119
95 17316 137 17590
96 17344 105 17344
97 17449 125 17949
98 17488 83 17654
99 17579 173 18963
100 17643 7 17685
101 17662 135 17932
102 17770 154 18694
103 17899 155 18209
104 18357 142 18073
105 18464 151 19068
106 18675 42 18843
107 18802 118 18802
108 19041 21 19209
109 19167 128 19935
110 19400 67 19936
111 19468 131 19730
112 19499 166 20827
113 19587 134 20659
114 19621 117 19855
115 19789 156 20101
116 20015 164 20671
117 20119 64 20119
118 21089 93 21647
119 21320 116 21320
120 21536 8 21568
121 22079 99 22475
122 22113 3 22119
123 22143 2 22159
124 22201 103 22201
125 22340 120 22100
159 75 85 66 198 99 35 42 108 146 2 137 15 111 71 142 70 1 30 151 122 143 8 175 99 53 70 106 74 118 127 52 89 199 25 121 190 190 122 108 179 157 112 180 86 80 4 11 119 37 197 162 49 21 195 165 172 51 190 94 17 47 105 144 191 152 82 173 157 106 60 80 123 176 57 169 182 29 30 36 195 145 71 64 102 134 168 76 4 169 27 26 78 80 123 114 144 35 121 73 161 128 50 41 68 112 1 47 183 193 96 30 187 87 129 132 190 105 72 12 6 97 164 54 75 
138 129 17 86 111 196 141 196 23 121 179 168 111 66 122 115 59 198 186 24 124 52 136 44 9 3 9 125 193 169 90 130 60 14 73 200 132 31 34 165 93 44 186 145 1 91 72 42 14 105 165 197 57 126 60 156 142 64 101 40 123 67 117 78 89 56 183 151 62 89 33 75 73 55 79 141 54 76 55 164 153 115 193 25 153 89 169 95 194 150 56 102 104 149 114 87 33 41 104 14 91 132 31 86 121 140 100 129 70 28 197 32 162 178 97 5 79 112 170 154 161 96 181 164 66 
120 33 5 121 150 34 99 152 22 118 75 113 142 138 28 106 179 168 126 123 114 14 113 31 200 54 146 63 44 143 103 73 156 55 70 71 15 154 17 62 109 176 112 143 43 13 91 81 52 198 68 47 115 126 22 36 78 56 155 182 66 161 199 148 92 67 188 48 85 130 52 54 149 115 103 150 104 121 161 110 6 192 117 188 164 175 68 117 153 115 94 67 138 35 90 7 17 179 37 135 89 64 148 130 169 167 152 64 12 15 40 20 133 88 173 55 135 186 130 124 198 86 154 118 12 
141 184 97 93 61 67 183 183 188 27 184 92 13 1 122 123 94 162 166 58 156 133 44 112 67 50 162 189 181 122 165 197 7 183 158 108 7 194 65 180 30 41 199 81 3 88 83 96 108 197 162 76 121 168 79 102 170 178 167 147 189 44 31 3 59 170 48 21 125 95 165 80 140 5 153 174 66 177 65 160 94 178 149 106 197 66 8 24 173 166 98 181 119 161 10 100 193 6 160 15 69 170 88 43 181 92 131 96 112 8 186 157 15 93 84 92 67 102 50 108 154 195 18 114 1 
117 186 16 67 179 67 35 109 21 154 78 171 198 58 129 58 3 172 132 13 78 165 187 69 126 66 110 178 142 14 21 107 130 61 81 83 86 95 108 123 2 151 41 59 26 179 11 169 23 122 149 74 16 12 145 182 187 182 98 191 88 130 110 86 119 199 179 44 75 27 128 129 12 23 90 130 15 131 9 41 22 92 151 118 114 54 167 179 8 100 183 110 21 102 46 151 179 160 123 42 86 104 135 58 200 77 199 88 76 122 17 51 15 74 165 198 10 20 79 67 4 186 111 69 40 
182 124 161 158 8 86 168 129 77 8 142 45 132 188 173 123 17 156 187 84 2 163 1 57 80 109 121 167 172 110 37 146 69 84 40 139 158 138 30 68 50 70 63 73 98 90 72 178 44 119 145 137 97 124 141 120 137 62 189 168 191 186 152 122 60 136 69 48 114 148 62 144 26 169 122 69 61 101 121 11 111 123 36 105 71 185 43 35 4 36 36 103 99 174 106 185 8 21 74 167 143 180 149 89 197 29 34 18 56 3 8 47 123 102 31 2 3 126 127 112 8 158 184 73 196 
145 95 94 166 170 28 123 28 76 24 100 121 148 18 21 23 31 154 34 158 164 35 37 49 140 108 40 160 110 161 37 173 23 176 179 146 179 30 117 102 6 69 70 109 76 176 93 66 138 15 139 105 132 184 77 199 196 111 187 43 132 182 46 136 46 94 11 107 100 170 65 93 71 63 118 121 144 182 142 196 28 145 93 91 20 180 167 172 6 64 88 168 31 129 85 148 82 125 96 50 111 84 92 195 199 69 54 113 115 89 35 125 19 126 132 170 35 141 56 168 144 122 53 79 187 
109 16 190 126 81 94 190 114 21 168 39 151 26 61 66 111 113 17 198 196 100 15 174 36 87 12 167 173 95 198 157 195 105 85 193 28 123 122 166 14 132 87 59 36 46 178 158 20 161 8 104 116 180 184 10 145 159 126 143 179 81 36 129 37 192 3 7 122 75 104 23 184 133 162 51 60 11 103 68 72 153 113 19 164 127 107 61 115 170 54 191 190 37 7 102 52 195 152 18 141 148 195 117 149 52 185 132 75 190 162 139 159 89 156 9 13 143 163 186 195 190 78 7 94 184 
11 100 175 117 80 151 80 1 97 152 71 144 164 186 10 151 187 102 79 46 131 196 12 6 24 171 3 198 103 153 24 110 72 163 106 97 1 88 174 107 134 54 105 109 51 136 98 30 14 192 131 6 75 22 21 51 84 47 99 29 61 15 98 136 79 147 120 134 85 162 84 20 82 160 75 143 44 55 4 153 127 171 167 9 40 153 96 2 23 54 112 94 139 174 182 199 164 186 18 170 181 139 168 24 104 161 120 159 74 189 172 186 111 84 47 156 182 75 185 165 17 178 46 185 189 
133 65 29 28 147 141 63 154 16 42 113 116 152 63 163 64 105 150 32 62 40 113 67 130 49 174 86 170 188 53 88 37 147 175 81 53 55 2 82 49 103 183 95 135 39 188 129 75 50 49 124 39 166 166 170 148 58 172 170 79 62 4 199 171 162 18 120 182 23 35 195 159 149 150 121 133 61 85 93 52 32 89 178 86 139 5 13 94 187 200 15 174 34 109 55 51 131 19 92 106 179 7 84 170 160 54 182 145 13 24 154 78 89 137 151 15 31 129 181 126 142 64 137 176 92 
96 143 103 4 149 139 116 3 147 99 14 18 100 193 35 80 144 200 95 155 106 32 14 35 33 175 189 42 197 21 117 110 93 138 62 77 130 49 83 98 196 75 81 43 15 177 175 88 189 95 41 136 128 102 9 105 180 193 83 129 9 182 43 151 131 60 83 56 116 63 118 198 20 62 182 11 194 200 70 167 117 171 82 141 170 167 159 128 131 158 104 133 131 178 96 114 144 156 140 132 197 134 64 64 180 166 147 117 199 16 81 179 68 177 187 195 138 81 41 104 126 119 192 20 183 
19 39 177 23 173 37 159 114 124 70 145 78 43 182 96 8 71 68 46 149 164 93 55 33 190 119 43 150 93 52 113 19 192 85 41 72 99 8 191 47 92 127 188 24 155 183 139 48 66 153 11 173 119 173 89 25 135 49 167 19 162 35 68 160 184 123 150 49 159 153 182 39 70 138 200 121 146 183 28 155 58 169 138 12 77 192 157 63 149 25 103 5 120 164 14 192 148 113 174 10 67 149 81 33 181 155 34 96 2 37 172 65 7 156 174 180 119 48 142 190 182 78 39 106 13 
100 14 134 44 30 54 70 69 42 80 160 173 125 67 52 178 66 131 44 18 147 9 17 199 59 96 82 48 129 153 15 77 19 98 3 197 1 24 82 105 21 106 136 156 155 129 165 124 163 140 180 169 176 200 122 184 143 182 52 42 3 188 27 135 45 177 172 73 26 76 38 110 52 134 162 48 154 108 178 16 4 60 60 76 84 62 173 26 138 200 145 56 179 188 152 157 88 185 132 196 28 95 136 116 153 100 68 136 187 24 28 32 2 60 132 150 186 99 95 183 115 121 6 3 150 
195 88 188 132 154 47 36 60 177 4 72 165 88 136 150 39 145 148 15 22 88 61 183 71 74 95 200 170 71 94 123 118 86 118 64 149 56 141 85 150 93 30 96 63 1 65 58 167 128 161 67 127 12 37 162 200 84 149 92 109 132 39 119 196 72 158 173 45 20 76 67 183 118 67 31 57 174 134 65 16 113 122 61 171 109 71 155 14 109 191 178 162 86 121 30 11 68 11 196 21 193 56 174 104 125 127 107 101 82 141 128 58 125 24 34 41 48 50 130 200 134 121 148 55 84 
129 22 52 11 9 115 153 139 58 197 122 134 58 122 135 161 157 106 127 192 109 182 190 103 42 58 152 200 34 111 144 8 22 199 35 76 135 178 169 110 198 144 11 16 80 73 175 18 23 125 14 86 74 158 125 193 179 42 195 191 134 86 112 124 114 95 148 159 137 185 78 93 18 10 31 110 186 133 5 8 173 13 95 190 158 38 114 160 76 186 156 36 183 56 45 8 133 183 25 170 105 42 126 153 113 157 166 128 23 28 169 79 98 57 35 45 117 48 47 101 88 174 50 36 29 
127 152 63 13 155 60 50 92 23 70 168 123 43 110 75 184 68 13 9 64 125 92 160 102 180 61 123 63 113 131 30 117 168 61 130 146 153 78 151 19 115 192 105 193 38 8 29 72 84 84 196 32 23 121 133 18 157 123 29 28 61 199 164 133 167 80 64 102 70 22 153 50 48 180 34 139 125 124 116 71 62 91 175 86 49 4 151 182 1 38 200 110 127 48 95 35 91 174 135 136 134 119 47 66 6 55 5 54 48 117 177 159 186 101 55 62 143 34 89 173 30 23 114 2 144 
2 19 92 122 2 101 151 108 188 131 8 75 83 93 57 179 180 166 15 107 131 103 63 63 17 38 101 154 181 59 10 141 189 179 56 172 98 85 1 64 105 152 116 4 116 64 128 40 63 151 120 4 4 42 4 56 150 44 190 130 108 89 63 17 89 1 189 19 68 127 154 109 181 133 160 106 168 136 25 135 77 39 193 26 83 99 32 122 8 12 19 53 144 117 166 145 106 97 147 75 24 51 190 108 40 158 157 66 16 175 158 106 161 63 24 166 58 107 95 64 63 175 109 84 38 
15 89 94 158 22 5 23 143 106 159 86 164 133 18 100 160 177 33 116 61 46 56 191 126 9 113 18 173 141 66 186 30 129 13 67 172 59 107 5 20 53 22 198 64 194 3 36 36 183 134 149 20 1 113 59 5 10 198 119 166 146 21 133 136 121 144 141 4 151 149 82 54 65 106 32 140 8 196 62 96 170 169 194 123 67 178 157 138 11 106 48 86 126 148 106 21 183 158 65 2 76 74 121 189 55 38 131 68 163 80 138 103 190 4 165 86 174 104 199 104 42 42 182 161 48 
145 13 176 2 99 102 51 116 166 87 184 163 198 42 175 57 163 100 126 191 180 198 16 186 160 56 52 175 197 76 67 118 64 181 49 116 52 186 20 39 138 124 44 200 94 54 69 91 124 193 157 147 189 133 133 145 118 34 13 152 184 69 72 82 31 169 168 86 60 53 169 86 118 49 164 85 151 56 76 6 153 180 62 141 87 166 194 89 174 134 174 168 22 114 110 168 21 12 170 39 28 69 192 150 20 189 25 8 67 103 122 116 95 163 174 31 82 105 200 147 193 187 180 149 117 
198 109 55 23 44 81 30 156 101 154 89 88 14 39 4 164 78 9 34 7 105 163 56 18 4 185 191 95 109 169 164 48 169 168 72 14 183 38 157 186 16 195 134 163 134 72 100 102 146 192 190 146 38 16 109 149 145 137 107 30 73 55 163 176 36 134 172 171 62 35 67 76 153 98 146 63 180 184 56 176 99 95 169 9 200 170 157 181 35 51 91 88 25 170 128 111 165 42 135 131 115 44 92 145 67 54 73 125 126 117 198 92 189 27 48 85 155 154 85 78 6 166 83 22 178 
90 55 156 178 7 106 13 141 111 176 179 170 175 30 113 114 22 143 184 69 49 138 86 54 65 98 94 39 44 73 198 138 181 30 81 53 161 100 103 141 39 90 40 35 97 152 143 16 110 138 5 122 37 64 89 99 37 154 142 86 162 181 4 65 183 132 197 67 199 56 147 8 170 22 1 58 78 17 32 132 102 159 97 107 68 62 34 131 20 126 88 55 46 72 33 87 66 53 192 123 55 183 6 19 99 60 148 38 97 132 197 141 9 89 33 20 49 71 175 131 176 28 140 63 186 
16 184 147 9 100 40 122 42 59 46 61 117 191 186 70 8 161 186 90 155 25 189 129 193 25 38 154 122 35 195 161 16 84 194 194 119 89 193 118 158 142 9 169 198 150 64 72 47 102 143 126 62 66 196 51 5 143 199 6 132 151 83 175 166 190 145 132 190 60 130 52 170 99 125 159 51 140 141 36 15 45 33 199 17 87 8 185 101 3 96 197 81 9 199 57 94 132 65 186 5 120 49 190 165 43 88 142 153 193 37 197 199 15 125 140 75 158 48 36 128 160 27 166 193 70 
99 5 125 189 56 12 144 52 42 54 5 143 56 94 32 118 71 136 186 73 78 25 198 39 108 100 49 129 121 73 113 44 94 194 7 110 175 174 97 41 21 161 144 49 167 37 178 33 151 61 85 148 89 27 138 70 84 151 79 34 136 196 73 8 134 15 26 50 87 18 30 93 85 39 156 165 4 163 29 164 194 119 154 102 146 140 49 14 115 87 112 85 86 160 85 120 26 88 99 102 115 13 28 12 88 157 72 121 42 29 76 92 118 42 74 162 8 143 151 34 185 162 72 198 170 
187 137 110 110 27 130 87 111 159 133 132 32 26 57 74 73 192 15 121 121 137 133 10 93 1 129 79 22 16 148 51 58 176 30 14 188 144 120 186 49 168 171 10 124 188 43 116 20 66 106 185 60 109 15 55 119 159 115 194 112 113 172 144 32 89 113 67 152 54 187 178 176 159 129 141 75 90 76 16 31 199 154 123 132 128 89 46 34 169 118 17 142 87 46 27 129 21 114 150 135 105 83 89 165 161 59 72 58 123 28 113 61 61 172 43 110 196 69 108 161 62 165 173 80 149 
171 117 63 169 159 166 74 55 163 46 140 130 40 101 39 136 49 7 14 78 148 26 151 170 67 184 113 48 196 129 3 39 172 82 75 114 13 130 117 100 75 18 46 64 183 77 60 177 110 19 5 95 21 11 138 18 58 141 82 197 13 19 72 187 151 36 188 185 76 48 143 185 98 84 18 178 87 54 124 182 132 129 60 132 138 61 160 107 175 118 100 154 154 112 159 43 161 108 29 43 131 120 23 161 100 76 76 169 154 130 34 147 90 42 41 153 37 124 13 125 51 33 161 18 151 
40 131 61 174 49 63 183 96 55 194 69 28 38 72 64 68 35 27 22 47 4 170 125 96 95 132 97 59 185 153 188 113 181 108 15 38 107 165 34 200 197 102 176 188 81 200 41 187 111 13 72 135 147 18 84 43 129 42 11 102 29 85 163 29 93 153 125 130 112 80 20 153 70 60 31 12 129 126 142 118 25 97 19 138 179 198 105 64 178 63 122 182 199 163 85 161 46 108 103 60 56 55 32 9 121 100 106 80 157 193 139 22 186 105 115 163 167 195 191 71 79 163 136 64 63 
69 48 167 91 38 68 26 13 158 71 111 47 158 122 106 113 134 87 177 98 143 32 188 13 146 153 76 19 168 62 43 117 182 61 20 179 185 124 109 67 196 90 111 83 41 147 90 47 32 195 62 117 132 2 57 164 113 41 187 39 83 188 43 87 128 129 190 31 108 144 85 89 169 59 96 120 29 103 28 63 29 97 96 32 73 10 157 138 187 13 190 133 42 24 29 20 20 200 188 62 68 118 1 50 130 184 94 23 54 38 63 173 142 162 24 75 72 1 117 165 80 11 142 185 113 
5 63 16 28 92 58 72 17 96 51 53 61 98 146 84 174 25 57 68 86 81 197 63 167 40 21 54 51 66 133 180 1 3 146 66 78 29 51 107 199 185 149 2 60 82 117 134 198 36 44 125 111 85 40 6 185 73 22 100 94 167 69 178 82 101 197 156 137 118 107 89 191 178 92 118 97 190 56 78 110 90 70 196 2 20 31 153 192 143 83 14 76 87 78 172 141 84 135 164 44 23 184 18 92 28 114 135 163 135 25 165 130 43 83 198 58 146 178 160 82 145 3 46 67 165 
127 40 140 120 48 51 22 7 45 38 28 160 37 92 64 126 164 197 35 164 188 154 41 129 1 183 175 92 75 83 112 97 130 106 164 48 124 148 11 99 12 10 55 25 24 11 39 98 147 92 178 14 65 74 155 166 157 135 134 87 157 193 169 79 70 78 31 19 85 71 89 105 54 12 21 75 52 116 133 146 174 129 21 22 120 70 141 103 138 110 66 171 61 2 74 98 40 159 108 154 130 187 188 98 74 69 9 20 148 82 134 6 68 194 71 159 156 162 52 62 129 166 77 121 31 
92 153 46 121 26 78 136 109 94 55 192 90 165 77 1 132 179 96 164 177 50 154 61 36 88 162 20 7 148 98 89 126 11 18 100 57 113 92 66 142 38 150 130 116 155 40 175 33 56 38 149 138 57 186 124 30 114 185 67 26 102 125 180 73 188 137 168 5 121 116 168 173 73 138 61 2 186 128 30 69 137 131 176 155 16 57 7 111 157 167 157 26 80 163 68 137 87 15 194 12 81 138 130 34 158 22 61 116 16 110 59 158 161 106 51 165 115 185 24 142 82 51 34 134 42 
25 4 118 143 65 19 125 153 182 62 13 148 48 188 6 78 194 6 194 146 172 184 10 177 153 34 89 48 189 107 164 134 51 191 168 82 45 180 108 110 28 159 156 183 120 141 109 69 169 190 115 181 11 14 122 76 50 8 10 120 28 105 152 168 123 131 109 122 178 89 60 152 166 77 112 179 129 144 194 38 184 25 186 115 12 51 156 29 126 71 198 107 35 64 79 94 164 118 198 19 150 45 61 170 61 170 79 85 19 156 45 74 154 190 46 181 163 93 162 125 26 53 100 20 158 
138 84 8 118 144 119 152 198 90 34 79 74 167 10 174 163 148 131 57 172 16 183 23 81 51 160 9 105 54 136 114 4 82 22 6 158 170 8 174 172 86 80 56 77 101 132 169 182 14 88 130 125 35 88 84 157 158 14 160 53 106 104 54 174 46 118 15 55 53 127 161 187 83 186 90 92 51 6 53 126 182 93 81 96 198 26 10 32 129 140 143 27 149 46 94 45 68 23 21 166 14 29 85 58 156 4 174 197 46 111 200 153 88 57 160 153 176 61 168 152 119 50 5 142 7 
174 159 82 68 182 200 93 81 195 56 53 99 105 143 135 132 70 20 57 191 181 1 84 122 120 120 57 188 152 180 54 60 47 2 1 200 82 47 96 82 142 7 20 192 114 80 125 113 45 44 16 162 30 48 136 41 82 49 28 162 182 24 76 6 88 181 194 129 98 73 113 152 134 125 106 162 36 196 10 137 93 183 89 102 53 167 156 185 42 39 162 19 2 60 109 129 104 164 157 109 76 124 125 30 6 178 145 151 104 153 90 13 82 19 23 81 78 139 13 131 86 113 72 200 115 
36 189 134 200 78 59 117 42 90 131 95 77 160 107 136 191 91 97 167 14 42 154 9 138 56 17 187 44 145 128 167 192 46 156 72 110 91 74 82 123 134 183 91 119 94 154 110 47 121 131 79 116 29 142 50 80 154 24 189 187 187 4 1 109 51 132 93 4 60 8 54 102 155 157 25 151 114 24 19 3 55 97 67 100 107 120 2 86 23 149 19 146 137 46 152 62 155 8 14 83 30 193 39 97 183 76 58 169 163 90 195 19 126 192 81 7 118 84 145 46 174 98 175 60 4 
96 43 191 189 42 41 79 46 181 186 44 74 43 129 178 25 109 94 139 146 130 114 45 73 36 166 40 125 138 132 97 169 57 166 18 189 2 87 173 133 190 115 38 147 69 155 142 47 19 6 89 162 80 100 136 92 124 71 172 21 126 106 24 127 55 23 139 163 161 32 99 99 40 79 120 107 150 48 110 81 103 188 168 90 10 21 111 69 145 42 149 81 17 42 197 70 102 34 174 117 28 38 127 171 173 144 3 23 81 47 114 161 31 23 16 76 93 149 102 88 25 147 2 104 143 
120 148 71 190 85 95 191 38 83 145 141 53 194 143 195 124 68 117 107 33 93 69 93 152 53 12 102 9 110 6 23 117 195 153 178 151 22 76 150 168 164 127 148 180 3 84 15 162 12 146 120 113 191 43 28 168 150 19 21 102 190 42 53 181 164 103 127 175 57 58 170 134 11 46 178 67 108 44 199 24 2 66 148 153 97 71 126 72 111 112 26 123 21 68 183 198 68 57 16 84 149 56 179 151 84 115 16 56 7 117 110 161 188 90 128 3 180 52 190 156 59 110 134 86 16 
115 164 7 6 27 65 65 187 29 23 142 79 121 161 67 113 74 149 15 170 126 193 25 129 119 74 195 98 193 191 164 149 44 16 122 145 196 180 134 9 129 123 114 152 121 138 134 167 92 12 170 145 135 83 20 86 73 63 154 152 105 91 32 67 81 1 48 35 74 193 145 175 183 66 99 144 24 78 146 111 71 26 122 188 114 147 122 31 180 170 95 158 152 75 25 166 192 130 176 94 58 113 96 129 192 163 51 33 5 57 104 79 178 148 139 62 60 195 82 112 94 38 110 112 55 
73 193 9 140 47 89 146 123 192 179 84 92 193 161 13 198 170 180 37 93 74 135 63 82 87 88 5 151 149 48 104 110 1 143 93 40 191 169 12 198 59 106 181 62 126 67 111 181 119 82 129 82 174 51 27 83 156 37 147 171 110 18 170 193 194 155 38 158 56 156 154 165 169 74 131 85 136 31 170 101 52 178 101 17 152 191 19 35 112 168 140 149 16 32 8 175 158 81 82 51 73 135 198 94 7 63 108 178 187 179 99 109 65 107 21 112 57 169 150 179 87 137 194 125 95 
35 93 96 46 154 170 60 27 158 18 96 141 122 126 108 75 33 83 111 35 139 54 40 135 68 86 79 189 46 190 157 121 116 39 185 189 145 133 145 154 66 158 81 4 51 132 3 26 77 143 76 141 144 7 159 131 37 71 174 172 19 145 96 183 186 105 79 72 60 168 116 171 71 58 170 7 45 9 151 185 119 41 159 141 90 27 170 109 52 70 158 6 103 4 59 48 24 5 37 163 39 26 188 53 168 44 82 126 145 170 13 109 45 161 35 95 41 154 99 8 37 87 180 142 136 
46 10 37 5 71 76 93 172 129 169 43 193 51 83 129 72 182 175 13 192 72 127 53 172 193 65 3 109 7 90 140 52 37 75 124 175 12 183 153 9 101 148 60 73 117 41 77 115 133 156 52 72 117 86 129 146 47 117 131 59 49 185 105 67 182 200 168 143 132 58 159 26 54 174 6 40 180 25 135 74 109 121 159 154 48 9 195 171 200 122 120 158 74 61 146 147 160 85 102 159 78 137 163 33 52 131 71 72 125 152 32 86 143 48 183 153 119 108 92 88 147 180 22 115 65 
133 178 136 39 128 50 22 121 117 16 88 68 62 178 123 17 178 170 119 141 172 5 59 183 175 44 28 44 108 38 22 162 178 3 156 50 126 189 179 40 63 66 2 14 138 10 64 108 64 67 181 39 159 133 101 98 58 77 172 174 22 105 58 51 160 159 16 140 66 30 189 51 162 75 105 168 95 79 56 36 109 56 115 107 67 127 35 69 168 191 154 188 32 174 36 138 36 98 44 125 63 45 172 150 30 13 137 198 197 69 131 161 9 65 97 197 30 105 30 36 141 40 146 111 40 
103 71 108 199 63 177 153 162 105 147 16 102 108 29 97 109 170 72 179 30 76 162 182 121 96 179 97 120 84 197 6 54 61 176 94 92 168 98 152 144 56 24 91 197 39 90 192 63 139 128 167 61 21 152 178 82 91 178 132 26 39 117 198 180 100 183 174 38 177 61 29 76 147 174 192 2 153 127 151 175 52 182 107 155 179 79 161 70 122 176 194 179 43 189 172 119 89 29 138 69 19 49 109 121 193 10 185 99 183 192 44 28 185 16 2 51 41 61 33 197 48 151 176 157 71 
80 62 72 109 112 163 165 97 117 195 43 137 61 14 106 8 66 20 162 130 155 81 53 112 104 98 35 108 20 87 119 192 39 81 151 39 8 125 170 20 158 168 71 127 110 108 95 74 155 78 26 41 85 114 114 10 71 33 171 89 48 62 148 141 173 58 59 142 128 187 101 76 150 199 75 73 175 12 88 7 33 181 139 157 167 98 75 79 119 84 90 42 12 31 127 149 167 157 108 179 189 111 169 4 96 142 161 139 33 77 81 26 11 147 120 85 200 116 59 1 61 153 103 8 41 
97 166 198 172 21 100 78 73 92 45 164 53 190 85 164 76 9 54 12 188 50 39 19 145 105 181 183 34 92 184 38 188 101 108 126 78 149 65 27 143 172 145 179 194 90 69 129 104 155 108 53 7 99 23 52 133 57 83 199 165 168 34 98 179 40 195 58 179 98 129 124 82 157 169 73 81 50 104 174 196 123 100 171 82 152 151 51 122 111 21 103 62 157 177 134 18 194 85 173 144 30 148 94 125 200 182 9 72 140 3 137 151 64 89 88 66 108 3 182 129 55 24 151 37 64 
50 42 134 70 49 114 134 53 170 38 149 134 56 89 89 174 140 142 33 183 116 125 89 84 122 5 9 163 173 48 124 5 120 67 105 39 93 147 41 124 104 165 3 170 53 197 1 84 114 182 153 73 99 69 85 58 157 149 186 20 195 57 195 152 126 84 42 69 185 10 117 68 165 121 128 8 97 81 143 121 195 25 10 53 123 188 65 32 58 59 190 24 21 113 187 91 125 114 42 185 48 178 171 76 99 70 64 28 81 162 135 36 82 171 24 66 87 185 191 168 98 154 167 102 18 
124 112 77 36 130 143 9 130 26 91 68 35 148 74 56 195 81 28 166 174 192 136 13 173 88 61 4 67 50 163 128 85 128 169 50 161 99 59 147 89 156 189 120 93 154 2 172 184 66 76 132 168 132 64 18 109 96 127 118 1 106 23 13 9 44 17 145 87 181 182 3 6 62 190 127 120 28 34 51 73 70 34 122 137 184 158 117 46 78 130 92 95 137 101 56 150 97 102 113 130 115 45 147 116 59 121 129 185 77 78 37 120 12 33 56 34 65 105 33 183 143 165 55 11 119 
173 143 22 61 77 177 191 71 39 88 25 120 166 26 22 116 181 163 59 169 79 154 47 99 186 122 10 111 155 158 41 174 116 112 195 97 41 72 34 77 50 162 59 73 131 46 35 63 165 72 5 60 42 96 27 12 60 178 24 6 132 142 28 146 60 53 132 176 27 39 95 153 2 102 91 103 173 179 84 158 106 98 183 149 83 50 109 53 188 115 15 12 104 54 72 81 81 38 189 153 111 171 149 147 193 147 130 83 84 64 5 105 91 157 198 37 182 197 16 85 79 138 79 71 107 
100 110 143 163 119 139 172 4 39 53 91 50 90 140 83 121 89 122 92 28 127 43 147 132 137 189 164 199 172 140 75 1 83 8 95 56 37 95 127 40 26 121 111 146 135 98 169 97 71 110 167 55 126 52 72 196 25 174 196 21 40 140 108 80 198 77 97 136 120 86 10 102 26 111 1 83 54 12 153 179 49 154 97 17 176 122 124 99 181 113 95 172 158 165 1 93 67 71 130 104 171 195 167 125 149 141 100 16 82 102 121 120 127 30 8 78 107 33 3 96 172 15 141 34 41 
31 140 165 2 72 107 147 4 9 38 76 193 150 181 155 121 84 126 92 174 109 194 49 107 113 85 103 93 160 138 64 16 157 112 65 200 48 85 151 75 25 91 115 96 196 53 103 122 14 26 184 154 37 92 92 96 111 43 109 185 6 177 15 195 185 13 48 96 35 120 121 61 29 139 126 18 197 134 178 22 157 112 52 38 187 20 34 124 13 89 52 189 122 15 139 101 102 6 50 14 89 190 136 195 142 116 60 33 193 143 185 93 151 142 198 53 165 96 167 111 149 23 120 58 144 
91 17 43 83 147 178 200 197 79 152 82 73 164 120 69 114 156 35 88 49 16 125 109 195 181 16 80 185 170 65 12 159 76 103 89 70 117 173 198 194 55 190 10 132 79 98 131 116 28 176 10 113 26 167 91 163 110 95 186 141 192 179 128 97 111 39 74 187 165 195 24 87 88 90 159 180 34 25 200 2 84 99 139 124 172 147 83 50 85 130 23 123 4 91 187 136 68 151 68 65 11 185 166 191 32 145 21 69 144 3 148 169 49 83 37 51 157 125 118 159 155 17 28 162 15 
123 91 172 184 104 168 110 100 173 122 142 56 157 198 89 57 124 183 169 126 15 164 78 155 183 119 77 133 20 134 61 25 20 104 30 95 99 58 117 85 107 84 138 116 41 29 175 190 20 146 78 4 20 33 122 43 126 73 152 108 148 68 85 119 78 4 76 6 138 68 173 132 146 160 73 164 190 101 165 198 120 190 175 101 149 178 55 13 174 107 23 11 84 93 147 30 17 192 74 62 18 44 35 122 198 148 167 132 103 35 10 193 188 136 171 61 3 181 171 90 21 164 130 137 160 
144 156 49 18 104 115 173 23 5 141 128 193 198 103 134 100 179 154 144 104 177 63 63 11 3 15 139 158 159 75 59 57 137 122 158 85 81 116 160 40 181 157 146 54 132 184 4 33 143 83 46 188 123 83 162 45 188 51 32 22 62 83 10 192 54 9 81 81 110 185 41 72 68 126 171 14 64 137 26 120 128 26 20 169 60 69 150 172 6 6 162 166 120 119 79 185 106 116 93 65 56 20 189 84 62 139 56 158 82 85 31 74 138 115 165 94 111 34 61 4 19 132 196 169 168 
72 130 68 65 11 58 93 61 198 122 77 170 101 198 113 2 43 39 35 172 132 33 123 134 123 148 133 116 59 120 179 3 192 27 191 75 184 85 18 81 33 197 180 103 172 151 192 110 81 99 102 156 197 96 149 93 67 110 53 52 186 119 30 100 158 19 167 192 131 104 190 146 137 119 117 183 92 123 150 149 143 192 16 89 62 158 96 132 164 14 167 85 64 107 83 3 124 104 66 171 93 148 118 156 189 49 169 175 40 55 37 142 51 133 162 177 49 25 107 138 18 104 40 85 134 
33 197 65 96 104 183 167 162 112 128 87 192 154 177 108 73 15 95 27 139 72 175 65 74 183 146 140 117 80 102 76 186 101 143 155 141 23 45 26 159 17 130 64 60 139 34 187 154 103 173 183 98 84 158 23 24 110 179 52 164 45 38 21 52 86 80 137 157 9 14 173 87 92 192 23 120 114 134 52 184 158 33 167 5 105 58 135 161 150 5 83 84 129 53 85 56 153 29 146 144 38 3 82 141 24 86 1 190 17 59 65 87 148 171 105 198 200 198 187 131 74 177 144 72 163 
65 47 112 143 145 11 28 62 133 119 106 141 106 108 19 60 94 37 173 74 28 87 135 2 74 74 156 157 135 27 161 49 161 196 13 36 199 117 185 163 37 139 122 163 103 111 93 112 115 20 168 5 138 26 199 168 53 200 38 83 42 166 91 190 50 30 34 63 109 182 199 19 119 180 198 187 27 2 86 77 137 17 128 80 162 200 82 67 84 129 123 6 107 83 21 137 15 30 17 139 85 112 184 82 192 57 81 160 81 185 126 64 130 163 84 34 84 90 3 173 2 29 185 165 48 
123 44 44 110 55 61 110 78 97 99 70 109 150 108 140 129 127 145 109 106 125 86 113 58 165 14 170 11 161 78 199 179 77 187 105 46 188 16 91 95 33 56 8 20 123 154 2 127 165 183 29 73 31 183 45 87 167 169 13 7 159 24 166 107 30 172 99 27 68 6 100 187 103 109 21 32 89 99 30 120 119 32 4 137 114 36 116 109 155 90 113 96 197 59 107 38 30 59 32 4 148 117 142 3 56 160 56 109 113 49 49 31 152 183 23 119 86 172 97 187 82 11 70 156 180 
132 101 20 66 178 11 185 173 162 55 131 50 12 179 7 18 147 44 72 32 74 150 149 83 94 118 190 76 58 177 40 51 76 67 134 14 37 24 44 121 188 44 61 64 57 165 114 44 76 16 36 92 115 33 63 138 120 73 77 70 143 130 152 32 53 3 39 36 178 47 61 159 105 10 80 93 139 131 5 168 113 164 136 73 199 45 104 7 193 94 10 163 142 118 21 12 186 114 177 17 40 5 5 115 192 38 178 88 28 79 138 180 85 136 95 68 53 155 38 114 71 129 108 41 177 
195 53 48 22 175 107 86 93 89 97 86 45 29 108 159 74 114 113 90 138 155 66 6 146 130 138 114 1 102 145 33 54 152 50 64 95 84 148 102 70 79 197 194 27 86 23 154 171 117 9 120 1 58 175 37 50 142 118 11 47 110 37 175 84 165 53 1 179 195 26 91 56 194 123 57 104 148 25 90 72 79 135 75 29 122 191 93 186 177 5 192 85 116 93 76 164 112 38 144 166 19 167 50 111 7 158 146 27 89 196 90 140 153 64 160 118 151 86 36 71 168 71 158 53 131 
73 179 198 119 35 123 12 91 200 95 38 31 56 190 41 191 137 163 145 138 63 180 67 185 195 44 101 148 196 122 112 28 2 176 144 25 46 153 1 36 150 151 198 72 99 161 55 58 34 143 11 125 20 109 34 125 140 46 51 192 125 148 122 163 74 18 200 198 37 30 84 170 160 41 124 22 45 131 183 162 193 135 35 82 58 5 114 118 143 117 177 15 126 104 80 47 104 170 29 119 10 175 163 165 154 127 132 57 91 126 190 53 110 170 46 117 88 173 177 135 23 67 63 71 175 
135 145 27 30 29 178 21 56 53 44 22 105 68 104 192 124 54 117 114 147 109 50 116 80 103 128 71 174 155 156 112 29 56 179 14 25 130 182 138 62 95 20 33 134 19 171 66 59 15 187 184 83 69 30 175 154 91 98 103 34 20 80 165 23 7 68 189 3 122 98 26 200 161 73 78 41 115 83 83 166 21 73 32 117 123 23 81 184 172 146 65 141 162 99 184 78 155 159 182 83 123 141 147 26 44 56 105 26 163 4 118 29 87 149 145 106 150 88 5 172 170 176 45 38 146 
50 166 130 104 133 53 23 88 150 160 139 116 119 80 39 24 73 124 97 50 101 53 189 29 64 77 146 128 1 21 143 83 108 144 55 157 68 37 56 68 75 28 123 184 60 164 10 49 96 4 141 63 114 10 87 89 77 156 49 187 83 81 83 43 82 179 153 61 116 197 19 3 114 67 110 26 138 96 97 76 43 79 39 66 191 61 159 191 145 57 1 67 66 185 56 9 184 44 34 162 145 185 94 193 142 182 98 189 30 185 197 16 199 197 45 74 61 73 152 24 176 25 109 72 12 
98 172 138 131 80 14 27 183 84 107 49 27 103 172 42 90 86 76 58 158 6 8 54 18 141 47 157 90 56 62 100 50 38 21 9 111 22 120 136 44 51 119 165 143 12 113 14 139 47 13 137 47 22 2 6 105 184 105 188 83 74 135 176 200 148 106 109 144 157 63 95 52 179 129 125 25 174 185 20 131 164 154 13 114 74 129 183 142 200 120 167 190 82 190 39 139 5 6 3 135 28 35 192 58 91 52 96 99 131 188 95 75 131 19 151 96 162 113 33 15 114 198 34 156 170 
192 97 198 101 50 145 119 75 92 37 136 172 94 134 109 92 110 75 109 190 24 32 99 132 183 174 186 137 77 183 187 14 126 61 111 72 33 106 103 162 2 141 195 192 173 164 14 61 1 114 146 86 62 61 155 3 140 109 78 66 71 134 66 41 166 182 138 1 138 67 111 32 70 22 84 188 53 72 158 197 84 22 61 39 133 79 114 120 195 120 41 129 5 79 130 84 2 166 158 17 174 78 79 87 132 41 179 41 45 99 71 194 162 21 67 91 148 199 181 158 106 17 7 48 176 
96 102 79 140 139 23 125 135 111 40 11 75 98 42 37 185 126 5 56 21 117 151 179 80 195 141 22 150 87 196 76 7 70 122 152 55 162 76 119 185 41 15 180 73 182 111 75 125 98 163 162 120 27 170 102 156 64 21 101 156 5 55 185 91 4 133 169 187 21 89 93 119 38 53 193 184 31 28 44 151 198 51 74 128 153 192 186 51 9 79 40 113 176 7 58 61 169 74 109 165 174 152 65 19 140 148 81 55 78 98 135 141 81 30 171 29 187 139 53 169 20 190 194 198 108 
117 94 63 165 171 97 189 109 189 159 45 60 49 60 200 14 9 159 183 22 15 119 20 13 79 63 197 142 36 64 35 191 73 59 110 39 10 145 186 171 34 79 101 117 40 57 10 156 145 36 89 20 151 153 75 12 132 178 117 100 145 44 145 199 45 177 55 29 173 75 150 147 91 123 195 53 121 54 51 77 56 95 32 20 143 44 38 192 23 90 134 60 9 189 171 168 183 114 187 166 96 75 58 166 95 2 99 43 41 196 137 117 118 134 101 142 5 119 67 126 153 196 73 89 35 
56 166 108 104 98 82 74 184 91 2 46 33 147 182 2 2 120 149 145 90 118 157 113 155 86 80 41 197 177 59 3 154 133 65 112 22 189 112 189 34 102 81 138 98 103 168 27 179 155 34 51 146 126 174 159 46 99 112 20 184 84 143 16 56 54 105 93 144 131 148 43 99 67 196 73 164 132 28 155 123 63 3 109 79 2 113 41 79 102 182 82 175 47 87 194 195 117 149 176 63 9 17 39 117 199 53 161 34 174 195 95 155 23 87 165 133 59 187 96 77 187 34 143 35 66 
129 26 29 47 16 86 182 107 183 94 38 29 93 88 188 15 190 136 56 119 1 41 139 90 124 53 71 8 173 24 28 53 122 180 96 186 170 48 36 168 14 157 187 197 11 170 12 184 179 180 132 86 87 59 27 174 54 159 40 73 175 184 173 48 164 158 172 145 146 87 182 13 172 1 138 132 60 176 93 127 69 105 78 161 121 88 172 100 154 200 98 118 67 114 166 100 47 133 198 24 192 94 150 162 173 111 183 194 122 156 127 57 40 166 33 7 71 40 101 50 4 88 58 32 12 
30 93 121 69 81 196 135 108 137 147 2 125 102 153 149 112 72 71 176 10 105 191 164 81 90 28 43 160 175 68 79 49 197 122 110 117 65 26 121 86 147 65 169 84 24 55 101 58 130 79 105 62 23 172 6 174 177 95 111 127 80 124 195 92 73 77 137 16 131 121 191 177 28 65 79 55 184 65 95 86 3 113 200 6 143 90 5 92 164 144 193 98 174 142 72 97 38 67 94 118 153 81 145 175 77 103 52 50 158 61 176 32 140 189 102 168 169 3 139 71 108 59 54 94 39 
141 151 133 35 73 82 60 130 76 19 48 155 49 124 29 114 71 160 153 73 113 108 185 41 181 33 159 106 199 173 157 89 195 138 7 106 84 142 126 198 106 200 78 138 67 8 109 30 119 68 70 10 173 150 16 38 105 43 169 48 137 87 76 24 90 98 198 45 112 179 62 56 119 163 77 125 153 76 184 80 113 41 68 10 168 55 172 72 130 136 185 191 171 122 43 162 126 32 71 182 8 102 187 168 169 44 108 22 137 41 26 42 63 182 29 75 34 186 159 192 5 174 101 191 127 
30 7 127 130 186 123 126 109 93 35 22 184 166 200 99 9 179 185 198 95 189 38 78 105 113 80 163 54 152 113 49 156 128 68 200 25 71 21 131 55 68 166 2 113 168 41 52 4 106 161 152 128 89 161 93 161 75 125 199 19 130 194 139 39 152 100 180 97 165 4 153 161 169 32 179 130 74 173 24 165 14 26 99 152 23 145 159 78 169 87 190 24 46 76 158 103 91 33 112 136 27 101 90 74 179 170 60 152 34 188 188 47 111 49 200 58 65 43 30 57 179 60 174 194 147 
165 27 88 163 10 163 39 20 179 72 49 136 41 199 39 44 38 39 58 48 114 169 12 142 36 30 128 196 14 154 199 169 197 92 66 13 200 2 133 159 34 163 192 84 81 144 75 198 50 180 112 66 153 195 97 99 90 165 198 98 75 138 195 67 87 103 63 40 130 106 7 96 195 151 143 102 76 148 157 198 32 141 94 76 71 158 134 159 16 68 140 183 180 65 107 18 40 59 197 127 38 159 155 69 172 89 190 191 114 76 126 197 54 109 143 199 200 56 152 86 55 50 174 82 174 
9 132 26 145 14 180 17 68 154 47 4 99 125 60 142 117 156 109 20 60 136 194 44 50 153 57 65 53 77 12 119 54 33 64 86 33 133 77 97 112 173 101 154 29 154 65 198 185 83 20 15 169 194 180 51 55 164 55 126 163 170 7 188 25 59 82 25 190 74 177 119 133 193 58 182 166 97 165 55 199 163 141 111 132 47 45 187 102 121 113 114 76 168 167 2 163 115 161 22 18 2 22 90 18 56 30 116 12 86 30 149 111 50 104 83 137 111 124 96 178 82 31 195 123 43 
159 185 142 140 49 79 174 143 156 129 108 159 158 7 12 157 31 172 33 160 168 103 66 133 65 44 135 21 200 23 151 196 190 161 113 176 92 162 178 15 161 20 114 101 182 39 93 56 121 57 77 68 150 43 190 131 42 69 96 198 152 195 25 35 122 52 26 139 126 161 20 56 55 14 15 194 119 54 66 161 48 131 176 5 193 16 56 185 87 143 25 85 186 61 72 13 53 56 130 175 50 9 151 28 37 23 110 160 44 122 131 172 79 93 94 90 193 122 152 42 49 123 61 171 116 
148 165 25 43 194 35 123 85 109 157 70 182 147 100 152 89 71 126 37 84 167 151 106 114 122 197 89 163 165 68 96 7 13 130 148 116 26 49 72 95 148 61 141 138 97 157 97 197 156 74 64 4 122 65 57 196 23 118 81 170 1 154 31 152 136 76 52 61 135 65 79 28 140 64 173 23 141 184 78 37 40 180 142 85 64 5 29 186 101 12 123 139 46 108 52 124 78 97 29 177 80 27 188 36 17 163 61 199 13 6 90 49 151 158 177 125 65 127 178 43 121 191 94 22 103 
150 104 72 190 14 55 79 70 136 177 175 187 173 152 146 173 65 78 9 155 192 2 34 181 154 160 141 28 176 84 66 6 176 88 189 121 35 123 198 33 190 124 197 51 86 57 179 186 52 51 128 130 75 97 103 85 157 147 101 184 59 90 160 170 16 66 108 85 198 36 181 95 6 51 89 127 171 5 198 74 155 6 22 142 33 137 91 136 26 81 93 17 107 96 42 121 56 9 69 99 45 91 134 133 34 110 60 105 174 199 17 74 120 92 49 27 120 31 121 191 88 118 127 25 88 
39 113 164 169 53 142 106 63 5 166 66 159 36 97 34 16 200 102 11 72 4 154 182 102 199 117 114 24 159 25 59 178 10 175 73 43 184 83 198 98 138 123 9 133 121 29 9 75 178 116 134 91 159 110 119 9 64 71 149 98 176 33 9 33 24 3 97 42 67 80 132 55 81 31 25 176 92 182 181 115 117 79 66 153 45 142 118 47 28 149 161 95 155 8 111 46 176 83 157 49 165 194 104 184 198 140 145 29 108 181 29 19 111 190 136 96 48 143 75 156 54 193 182 145 152 
35 85 43 87 155 89 12 50 155 100 29 97 172 136 38 18 114 162 158 23 174 37 74 155 64 135 86 22 179 3 128 86 194 94 86 29 187 21 164 184 140 121 94 116 130 87 55 57 115 57 20 126 147 82 168 39 75 84 156 196 61 137 110 189 196 193 85 57 6 10 54 94 20 25 36 127 2 108 4 136 92 9 124 182 63 113 106 155 191 136 86 126 21 10 28 83 196 7 93 54 188 79 18 10 96 29 6 50 112 160 48 131 144 85 146 120 187 34 134 3 122 37 17 58 179 
154 5 130 62 132 105 87 46 6 171 118 88 149 153 47 200 15 140 100 28 56 109 60 60 100 197 189 141 158 2 98 86 150 10 111 131 39 52 79 119 66 147 22 36 79 23 170 86 98 174 85 135 136 43 60 79 180 9 61 25 83 17 143 24 167 17 178 172 72 128 59 168 5 152 98 128 135 124 180 15 131 27 132 95 121 29 113 85 131 189 1 44 60 170 167 90 20 30 99 131 154 185 147 176 173 12 128 48 134 100 182 79 136 87 161 32 15 8 179 67 194 26 54 29 24 
189 173 176 187 122 39 53 12 88 68 25 119 94 123 131 40 98 102 111 188 52 14 116 134 190 66 68 3 171 62 22 13 129 81 18 50 17 126 182 76 45 191 185 6 61 193 143 90 198 143 100 150 169 113 140 177 184 43 118 167 181 118 123 110 153 84 155 154 5 187 108 9 180 134 62 118 118 37 194 73 94 200 179 3 73 173 119 123 8 127 102 149 109 138 134 77 111 33 164 68 138 164 24 120 18 41 38 108 200 175 97 34 27 5 97 105 82 127 127 130 20 39 69 14 120 
40 99 21 168 8 79 197 76 32 6 161 134 105 12 167 143 83 68 112 61 58 80 2 170 124 51 120 138 42 107 190 145 140 170 93 118 152 96 66 146 113 199 77 73 156 142 73 155 179 51 46 111 53 153 27 167 21 178 79 53 142 147 186 159 67 194 76 99 95 158 155 81 115 169 48 124 43 74 140 30 76 98 118 71 84 136 54 96 64 72 89 6 51 170 134 44 82 200 83 76 115 158 94 163 163 48 4 89 125 83 58 189 7 169 3 176 97 82 122 57 65 95 123 173 162 
19 94 81 144 128 132 121 59 67 34 32 13 73 161 91 8 171 112 65 154 113 47 28 199 13 65 17 94 63 39 29 61 183 8 104 155 40 83 122 156 100 55 170 98 53 106 176 3 197 119 95 175 68 60 56 177 190 2 67 4 84 1 85 172 16 200 130 72 104 170 189 1 145 19 192 193 176 109 105 112 34 54 194 148 36 131 109 60 86 29 47 149 95 99 169 182 83 71 71 103 119 114 100 25 133 7 78 190 140 25 135 105 42 42 163 175 90 80 102 173 184 96 117 9 26 
24 140 132 53 123 38 27 28 109 30 73 20 32 177 9 143 45 200 7 139 138 40 53 198 154 107 140 119 190 46 150 98 171 81 38 160 151 154 101 22 38 44 73 167 63 23 12 122 193 157 184 25 6 95 90 54 146 168 131 42 56 189 59 44 162 110 92 114 188 109 35 97 59 79 138 147 95 155 10 29 198 163 90 54 99 85 198 152 185 187 77 63 163 26 99 22 25 115 8 35 137 134 56 43 111 71 96 147 131 51 85 184 108 128 20 116 128 78 11 151 178 51 23 61 198 
9 184 12 48 154 180 150 104 143 175 133 100 71 72 196 34 97 179 161 31 19 142 54 77 134 14 108 98 98 123 127 180 47 28 156 63 27 65 136 49 5 59 32 76 7 160 82 152 25 149 153 199 139 124 48 184 2 159 23 7 16 16 129 21 185 50 139 91 16 194 50 50 188 62 148 198 193 137 85 106 56 183 112 150 176 154 23 4 181 40 21 185 2 38 81 107 70 34 54 106 94 1 160 37 159 138 127 133 156 159 189 15 198 117 66 5 119 157 85 107 190 179 109 15 144 
185 100 146 159 78 116 184 45 26 99 151 48 53 144 1 91 14 172 182 15 128 147 179 155 64 129 118 157 18 1 113 165 130 184 50 58 51 117 108 10 154 190 52 19 158 97 30 133 86 117 29 155 59 135 171 185 185 157 154 192 105 138 42 20 87 139 32 33 9 24 34 107 38 65 22 132 35 154 65 135 161 106 135 96 91 68 53 101 175 58 98 88 199 167 17 149 46 126 71 144 81 74 62 53 27 136 7 184 74 54 43 12 51 190 163 73 90 107 197 132 62 152 68 176 119 
195 192 101 194 123 63 184 78 30 145 153 74 92 8 159 167 184 10 178 170 21 131 143 184 139 167 53 62 8 181 89 183 142 164 185 58 87 45 8 136 47 73 125 111 44 42 109 30 198 45 144 99 198 43 143 185 2 110 68 115 93 183 76 147 50 171 4 53 89 18 111 111 159 114 25 83 64 128 13 97 68 62 97 129 66 69 94 11 2 124 140 130 39 44 74 179 93 124 173 142 76 113 54 97 176 177 95 76 196 81 97 4 165 103 22 41 88 95 21 91 185 71 26 14 189 
36 164 75 180 100 181 80 105 54 117 83 155 111 64 186 180 129 23 120 70 200 109 125 44 94 10 193 199 48 54 102 52 96 149 88 163 162 155 29 55 170 135 22 49 62 84 67 196 130 182 171 112 145 53 69 73 96 105 186 25 108 196 94 108 168 34 94 185 95 66 26 7 186 128 42 109 72 58 173 131 100 151 90 16 74 128 73 155 126 106 140 67 121 92 21 125 34 181 43 53 75 55 63 166 39 194 14 89 115 145 99 179 123 3 60 172 117 46 63 117 189 74 193 158 190 
25 121 91 5 20 114 63 110 46 31 11 42 82 34 63 186 124 62 57 187 95 197 47 188 6 58 195 127 23 179 4 92 140 98 90 160 74 173 116 35 155 4 11 131 93 141 174 27 154 149 64 75 66 66 165 126 85 134 134 79 156 140 1 114 25 82 27 96 114 145 134 53 46 163 48 88 20 9 100 123 67 1 71 66 178 37 112 184 67 42 136 144 161 41 29 96 63 143 40 115 155 1 1 138 181 42 125 164 97 108 5 85 122 134 22 65 172 142 83 183 66 47 11 194 112 
70 191 83 141 100 164 188 192 172 42 48 13 74 52 12 25 161 22 182 180 66 37 96 58 7 69 4 87 175 91 120 131 103 184 118 154 62 137 11 104 171 55 130 155 95 87 167 144 41 135 78 22 181 7 155 108 54 149 113 18 100 94 135 182 99 97 17 35 170 160 169 149 159 96 5 183 77 16 163 135 161 186 150 87 22 90 126 199 56 81 106 65 40 18 29 10 108 93 191 80 51 147 94 24 50 1 182 75 117 75 163 147 25 47 194 15 31 169 164 152 79 198 200 42 81 
175 80 92 43 170 64 192 104 165 68 197 52 38 106 47 174 47 74 178 189 193 165 179 163 9 68 122 172 28 76 52 118 197 14 172 16 70 67 126 174 39 26 42 135 116 134 153 185 61 74 38 126 70 84 100 84 91 104 129 112 91 17 137 72 190 107 136 52 9 110 140 21 92 158 138 156 155 145 76 198 75 104 51 63 59 133 122 92 14 74 114 147 39 186 98 14 36 186 186 180 14 57 101 41 115 169 25 109 131 1 104 56 87 130 147 108 12 7 143 33 87 128 161 105 198 
194 132 20 55 102 92 112 2 122 136 59 107 174 21 151 107 129 136 98 21 101 46 16 94 52 8 25 83 126 20 122 145 54 153 66 29 25 164 24 148 80 116 4 14 66 191 59 182 30 83 111 13 60 7 32 133 64 172 37 146 163 127 162 107 194 21 111 18 30 44 114 169 52 49 19 72 140 1 82 45 92 189 51 144 163 6 127 46 107 145 114 143 126 58 184 70 76 147 127 71 150 47 48 159 95 75 67 119 7 199 107 175 171 199 34 165 91 138 111 124 44 134 122 89 93 
53 136 189 95 147 194 125 190 5 14 26 11 164 166 28 37 15 64 60 25 114 147 181 85 142 13 86 195 113 188 136 64 164 89 139 179 149 12 65 160 18 152 36 141 30 9 54 194 32 41 187 172 173 198 178 52 31 177 7 10 179 51 81 15 99 20 14 115 166 48 155 127 123 81 68 86 158 36 161 31 92 136 9 141 90 163 35 19 88 117 194 15 126 71 34 9 195 12 10 187 20 43 125 7 158 164 137 8 82 25 74 102 189 28 146 152 107 19 92 77 5 196 139 135 56 
182 141 195 149 153 36 162 12 192 131 118 125 56 99 129 138 151 109 152 125 124 40 102 9 124 138 4 160 78 72 85 81 28 41 25 186 40 105 88 7 174 65 192 142 23 96 87 185 60 174 172 194 166 71 110 158 172 39 111 198 50 33 85 56 49 157 55 76 103 57 164 54 5 120 1 129 163 41 126 187 28 151 195 144 55 47 25 106 18 121 187 128 183 94 181 80 99 16 11 170 42 175 176 166 63 185 61 165 179 77 8 5 27 59 136 152 194 74 46 85 9 154 144 158 127 
143 51 153 127 43 20 129 178 173 175 4 187 5 16 80 123 57 180 187 186 28 186 101 128 164 79 112 49 196 60 99 129 106 100 106 67 68 59 145 71 12 149 14 57 55 86 187 100 14 48 38 106 32 91 195 168 87 6 60 109 175 109 152 166 131 127 17 74 38 96 166 26 17 5 37 157 137 75 117 131 21 12 88 186 132 46 45 122 78 8 190 66 169 197 46 31 145 198 51 148 187 66 150 98 30 106 164 187 94 115 83 119 7 22 183 10 54 123 118 135 189 192 66 51 24 
3 200 142 52 128 101 139 161 200 177 185 5 190 4 185 104 36 57 160 104 74 162 81 71 84 74 25 125 10 154 191 55 177 182 124 158 47 25 77 172 179 113 25 138 5 24 191 48 59 106 196 113 58 126 106 95 102 185 191 32 182 183 15 35 182 107 26 103 104 100 72 40 108 174 154 176 46 174 92 180 153 191 127 189 81 146 45 192 47 165 98 58 91 84 110 9 132 37 181 41 119 175 51 23 111 3 153 174 191 148 95 69 173 41 168 39 81 48 137 128 14 159 60 115 108 
167 56 20 11 81 193 5 107 111 57 65 171 151 125 182 183 19 56 59 65 174 144 196 29 36 109 16 4 149 129 102 155 131 33 99 197 132 114 63 139 150 200 4 166 65 9 10 11 107 8 73 179 76 69 26 48 9 35 164 123 68 188 123 78 20 68 138 181 78 163 124 176 108 197 86 21 63 166 26 103 126 185 47 196 143 180 156 158 163 4 188 177 175 184 192 36 119 102 113 49 164 142 91 87 5 85 25 61 101 110 159 144 8 71 47 187 128 139 157 130 31 140 170 131 176 
158 99 186 76 174 1 11 33 58 12 7 11 101 72 29 28 58 137 108 173 155 3 156 185 117 192 76 8 31 66 182 63 78 37 52 45 144 53 10 105 49 120 54 85 121 53 174 14 93 77 39 45 169 121 97 95 74 81 13 96 158 183 114 150 86 200 55 170 159 171 30 58 55 175 151 179 181 177 49 46 62 199 128 125 129 136 167 42 137 83 117 111 124 180 29 113 117 68 85 13 71 113 193 109 139 39 19 1 21 29 75 115 58 11 93 52 122 39 122 159 61 79 117 168 121 
144 140 90 98 108 145 166 61 96 127 96 151 3 52 97 147 19 139 82 31 54 44 118 167 108 35 55 19 138 110 149 184 175 47 149 80 38 91 164 173 182 167 128 147 17 19 111 33 48 61 73 172 9 182 176 131 12 105 33 169 169 89 185 110 84 30 44 21 160 73 85 70 58 53 96 129 41 172 39 180 123 136 76 56 182 45 190 109 106 95 69 100 154 77 75 168 28 53 158 10 155 197 134 174 7 145 58 179 189 172 87 172 180 69 101 53 12 69 156 40 75 97 143 166 81 
21 168 155 146 170 86 156 147 173 65 154 175 80 126 114 162 17 47 54 88 136 59 147 29 193 115 85 69 177 184 65 126 83 59 52 187 77 140 69 79 197 129 6 148 109 116 190 7 78 110 59 55 180 38 30 128 59 56 136 198 169 16 6 99 122 85 103 114 128 74 168 192 85 88 117 48 148 91 187 47 159 147 81 135 64 104 173 106 162 57 1 23 28 99 154 165 154 91 109 57 120 21 183 114 60 85 85 15 80 3 94 87 197 143 160 122 133 96 32 93 130 92 199 1 133 
123 39 141 198 166 30 33 143 38 153 198 49 139 94 170 119 150 152 175 3 126 93 200 103 23 33 106 193 68 9 187 27 103 146 110 199 96 144 171 193 127 85 72 97 160 56 100 65 125 72 33 168 149 137 83 138 86 122 99 74 170 52 109 81 135 53 29 184 37 127 185 70 75 79 78 113 33 50 89 42 51 177 77 74 80 187 1 29 125 63 67 92 157 197 197 129 1 176 114 118 149 128 152 99 123 171 188 138 141 19 168 155 8 96 159 56 15 89 110 63 189 101 42 122 159 
27 170 13 15 49 121 111 58 75 4 159 165 51 130 137 181 72 17 195 136 123 88 132 158 86 47 137 32 162 1 42 10 179 70 3 38 167 96 51 99 102 185 74 25 179 66 63 5 177 197 26 59 141 180 133 47 63 56 59 72 56 50 10 94 43 164 162 98 156 87 8 148 134 147 128 172 66 21 108 199 78 54 191 117 15 120 8 180 177 46 170 70 58 106 164 176 7 3 158 151 170 191 167 38 108 108 129 68 187 141 58 54 100 161 172 137 45 161 71 139 37 116 168 119 26 
21 163 40 179 93 40 25 117 78 125 191 134 168 168 170 100 55 40 200 8 144 129 35 100 105 101 175 190 73 16 167 200 28 98 93 85 107 25 194 22 14 190 20 185 100 119 181 73 2 145 5 151 96 166 183 37 22 47 113 181 152 184 124 87 75 88 185 161 124 153 20 163 94 38 132 175 78 154 92 101 111 119 75 27 133 81 27 98 40 141 93 47 26 43 106 54 34 141 81 132 97 177 140 99 136 148 121 87 19 50 89 100 110 158 135 62 200 135 159 16 121 85 42 47 111 
164 118 131 168 15 31 48 22 165 130 68 117 74 153 183 175 16 190 144 117 116 198 184 152 123 169 36 53 111 180 94 22 192 180 100 104 53 150 176 81 128 37 194 88 198 32 8 186 124 155 71 46 143 91 143 145 41 73 159 90 38 142 113 61 120 108 170 49 32 139 144 151 41 156 199 67 1 101 186 134 185 129 15 66 138 43 79 35 117 90 122 157 199 92 132 119 182 92 51 60 45 141 3 23 69 3 3 25 23 121 72 194 49 168 72 13 34 6 35 148 35 49 196 139 5 
7 108 134 124 30 150 87 116 152 190 37 17 96 164 176 4 175 4 169 179 32 97 132 183 44 34 11 101 26 181 39 59 155 123 193 74 67 101 12 122 50 113 40 112 53 70 197 3 174 143 45 177 154 108 136 199 36 120 44 59 133 180 125 64 189 189 146 16 70 42 175 124 196 185 25 47 26 26 54 52 157 182 157 41 6 56 35 27 126 52 73 183 39 157 199 2 94 19 21 135 133 183 8 90 1 129 154 133 106 45 139 120 142 27 173 75 154 18 29 109 161 148 130 43 102 
180 54 188 17 195 164 102 137 47 68 172 95 83 90 150 144 29 191 83 126 84 22 27 77 146 96 54 43 18 98 89 12 186 173 123 45 135 80 88 191 159 139 151 162 123 178 179 157 121 188 29 166 132 97 18 129 92 47 177 22 86 30 145 31 100 139 35 47 43 57 172 151 71 65 179 12 138 93 176 154 63 102 3 28 142 80 121 15 15 147 150 5 31 29 1 166 172 176 45 37 9 175 54 11 30 38 106 124 151 142 124 196 91 193 22 67 124 73 109 176 187 140 94 29 10 
50 79 86 58 168 144 29 5 71 184 194 106 156 53 168 162 141 76 10 196 151 121 161 197 191 117 56 82 161 128 54 160 88 58 74 105 158 99 173 110 95 127 11 108 13 79 110 104 187 57 162 70 1 44 153 189 27 81 124 63 88 109 5 54 181 194 5 52 163 195 84 20 24 122 8 188 181 183 167 84 96 73 106 97 163 115 167 34 86 39 186 186 33 107 105 176 56 87 149 160 108 66 7 60 142 125 168 45 187 185 95 109 29 146 109 75 192 142 91 147 66 88 152 32 158 
72 69 44 120 9 106 149 164 168 99 77 188 188 157 139 173 152 25 196 72 164 127 147 184 175 34 124 125 181 182 182 25 49 120 102 53 152 16 119 115 104 177 29 199 171 156 183 190 165 123 173 178 182 30 142 162 44 183 66 52 124 136 146 83 120 35 19 144 172 82 69 55 81 5 34 186 49 153 184 12 200 159 159 60 190 75 76 167 193 24 122 70 179 123 198 35 11 129 49 29 55 122 113 139 64 108 119 41 150 4 33 182 31 54 11 84 95 55 80 47 159 158 73 161 126 
123 33 63 146 15 190 37 18 71 148 58 46 135 176 92 22 15 62 155 89 176 65 140 79 95 151 60 35 195 85 23 165 186 9 113 64 26 169 93 141 47 198 137 14 46 193 81 112 76 66 164 141 98 17 112 142 53 77 156 124 65 120 35 133 8 200 121 45 31 2 124 74 191 85 181 160 131 178 67 181 91 82 80 153 25 161 82 175 180 96 66 168 36 29 118 156 195 23 51 176 30 143 18 191 48 106 105 15 31 74 178 123 162 147 127 176 73 175 125 17 123 147 150 135 140 
8 192 114 70 90 130 195 164 142 183 115 74 108 107 176 47 158 145 119 118 156 179 186 150 109 113 106 79 12 134 186 165 154 74 168 105 190 138 189 69 20 136 42 117 28 111 120 173 15 186 125 158 157 14 34 129 53 81 148 120 183 162 58 174 110 2 9 160 65 95 110 20 139 8 189 136 103 164 197 44 127 151 96 96 43 52 144 44 110 161 68 112 70 40 26 126 19 70 42 131 26 107 155 150 152 126 122 52 18 90 46 186 98 34 103 23 166 12 59 153 43 167 162 137 159 
23 62 43 133 58 36 14 24 103 70 134 71 194 70 35 45 31 196 81 177 85 182 35 174 25 11 154 117 172 168 191 162 82 151 193 85 30 146 157 157 172 91 135 159 113 165 124 6 132 176 193 110 139 126 84 22 92 191 150 174 174 122 33 31 51 170 2 152 119 126 96 98 41 189 3 21 136 163 144 99 38 5 33 87 122 15 176 158 134 159 199 109 2 183 96 176 4 121 120 69 150 139 164 191 127 106 148 65 88 28 132 63 150 95 55 198 116 148 47 179 156 158 194 22 135 
137 106 43 63 1 79 123 83 116 146 138 137 29 35 156 87 149 51 108 182 18 45 199 176 57 55 162 67 199 181 57 139 139 200 5 131 119 66 29 199 180 186 11 74 120 32 129 107 97 80 107 51 157 12 183 92 135 24 31 48 86 71 93 62 56 133 57 185 127 110 62 92 18 66 188 192 119 176 42 76 20 79 39 174 31 192 59 43 6 79 113 162 138 6 1 62 70 174 12 114 36 163 171 63 54 15 69 49 49 199 76 90 139 124 97 97 133 35 72 125 193 160 168 192 9 
6 20 196 169 165 137 20 74 93 50 168 189 166 111 21 199 31 71 158 60 169 54 85 181 107 69 37 118 95 63 151 117 34 123 180 110 196 48 23 188 164 27 17 61 167 122 138 180 21 48 184 47 168 48 186 114 50 129 11 19 36 132 124 84 151 191 86 151 119 73 163 118 28 199 116 41 24 187 34 113 9 15 16 158 52 56 194 104 170 24 200 144 168 116 96 115 124 83 88 2 185 79 26 144 119 84 194 42 127 80 115 46 48 40 46 161 56 77 24 32 22 101 52 199 137 
189 59 176 8 122 126 127 20 188 127 99 67 189 183 172 146 104 18 65 37 75 13 63 39 22 200 99 60 106 14 23 175 36 32 19 124 48 70 99 106 91 84 180 79 120 51 152 32 63 52 140 193 82 59 130 181 50 98 146 58 127 94 14 73 6 181 35 157 13 131 70 175 48 102 157 145 42 111 184 112 49 125 158 99 1 75 159 113 131 38 34 110 33 49 51 110 29 110 9 109 9 100 24 72 127 72 38 93 89 192 163 114 177 40 121 76 170 108 196 196 111 16 178 24 109 
127 28 76 36 52 166 120 144 25 62 113 45 200 175 57 29 116 70 137 19 158 101 171 131 67 76 93 60 55 180 32 12 2 69 35 68 159 45 18 144 45 106 199 66 137 32 56 38 197 5 120 115 151 167 188 161 19 41 133 22 161 7 37 176 156 104 132 87 136 81 93 173 24 125 121 70 99 199 74 68 70 155 57 148 184 130 149 80 10 157 5 137 181 171 29 26 184 145 194 50 174 52 19 6 14 199 180 10 17 113 140 124 2 200 188 151 179 102 144 95 115 27 84 6 26 
173 48 40 113 199 69 123 113 79 137 80 192 143 96 15 165 103 39 31 152 177 112 22 57 136 175 34 16 162 109 160 31 107 62 3 138 87 183 144 70 182 138 110 58 118 101 143 7 194 18 37 197 12 28 22 74 16 48 25 53 79 185 4 98 22 138 169 3 112 51 127 2 53 183 39 107 55 102 23 93 162 26 133 79 144 49 118 157 61 44 171 104 84 125 181 73 56 114 19 150 45 49 91 7 114 76 67 46 120 85 125 171 93 59 153 184 69 154 129 127 50 109 93 80 45 
103 172 49 73 5 100 127 102 6 34 161 90 172 79 34 143 178 39 92 176 170 90 171 166 179 44 26 191 144 21 19 119 120 26 120 57 178 163 130 1 74 72 89 114 128 130 186 144 166 130 39 200 180 17 124 80 132 120 59 148 107 174 91 77 129 10 37 53 61 128 122 184 96 18 180 190 87 163 140 29 53 26 84 43 168 41 106 86 9 162 145 77 114 116 93 152 186 24 60 100 86 142 55 155 130 45 163 24 59 54 77 112 129 152 185 145 165 53 49 118 56 105 153 152 153 
165 154 33 110 112 70 173 164 94 194 121 192 97 17 111 30 101 31 156 49 137 189 153 149 181 5 15 170 33 87 100 117 143 79 132 61 26 11 188 151 84 46 8 6 187 13 113 35 137 172 43 77 26 178 168 57 56 40 22 92 8 89 22 29 71 73 67 150 19 161 120 21 3 193 193 186 44 99 197 107 54 190 81 34 62 40 179 59 75 61 38 5 173 145 70 17 114 149 128 36 97 72 130 154 11 41 87 76 188 26 31 133 122 199 52 180 169 6 151 156 64 187 182 37 3 
58 109 142 75 134 13 175 14 193 118 104 21 31 40 77 119 32 70 156 33 191 165 196 101 63 45 184 133 91 44 28 63 186 17 101 7 35 128 16 186 156 176 57 121 71 77 109 101 116 129 125 124 32 167 20 125 68 58 53 133 119 26 54 74 25 86 66 30 199 143 158 59 26 97 123 86 78 104 43 22 188 73 70 106 185 46 111 74 32 77 63 30 45 112 101 136 132 36 114 56 97 165 115 195 94 178 74 168 4 161 11 166 116 1 85 128 33 197 42 139 112 95 117 7 109 
46 110 5 47 71 67 184 114 67 179 112 196 70 112 132 95 161 175 105 124 112 118 58 183 31 186 102 91 171 119 20 3 23 36 180 13 86 26 79 122 140 147 104 18 158 160 49 140 196 136 154 38 11 11 100 110 178 35 109 4 20 92 44 115 1 43 93 65 176 50 39 83 169 84 125 199 160 1 111 173 190 164 93 128 79 139 109 158 181 35 133 117 52 18 2 87 73 18 197 182 7 103 25 175 190 4 22 83 124 130 60 48 99 122 49 57 141 69 187 68 24 154 172 200 170 
38 194 111 31 81 199 128 10 66 79 23 166 135 109 146 133 186 19 26 81 46 165 186 33 29 122 114 33 174 9 27 29 19 137 113 147 148 32 74 57 170 30 12 176 19 158 121 53 65 111 45 114 8 101 176 39 169 96 40 84 180 88 28 27 6 42 185 15 108 51 28 15 192 166 154 28 124 196 189 98 137 151 14 24 87 98 146 122 153 6 167 28 12 178 9 180 168 180 104 24 135 190 154 128 187 72 148 114 165 3 167 63 24 194 55 6 12 135 1 101 110 125 57 35 49 
188 7 66 63 6 77 72 193 13 23 17 152 83 49 12 185 194 20 31 67 107 28 91 107 143 34 104 1 7 150 6 121 18 85 187 189 150 95 163 197 177 179 71 122 62 177 98 180 171 68 148 179 137 4 86 158 17 73 199 92 35 160 168 9 67 73 42 118 132 119 121 194 62 12 7 122 129 85 159 151 7 148 140 92 175 156 8 32 109 33 132 108 71 39 25 183 93 78 147 94 112 199 30 149 154 72 181 99 199 183 7 14 62 197 36 197 8 17 119 96 189 54 143 156 51 
116 170 198 131 33 21 101 135 112 22 161 92 180 72 7 58 193 161 4 16 71 116 162 157 147 19 147 105 20 30 27 17 139 166 129 3 117 109 41 123 140 127 85 129 71 199 39 138 124 163 16 43 130 136 96 49 176 66 138 26 34 185 146 154 198 197 141 132 40 163 152 84 119 138 71 6 81 142 126 134 116 142 68 22 158 58 189 74 80 143 7 149 158 84 82 126 173 158 162 93 192 113 114 163 184 64 200 150 127 91 132 68 94 47 176 153 60 175 11 45 162 25 78 171 153 
37 7 53 72 43 22 148 138 155 34 57 171 64 55 58 161 187 60 53 117 68 64 3 178 137 41 56 193 56 120 99 77 29 6 83 166 120 70 11 190 86 62 38 46 94 183 60 188 1 61 74 36 157 165 3 111 52 24 19 36 85 191 134 35 178 192 132 172 173 17 67 129 120 156 165 73 9 172 68 106 96 8 196 104 100 171 166 4 181 137 195 73 191 170 44 119 107 89 53 160 88 61 52 90 178 36 160 160 45 165 1 135 2 165 42 38 37 169 76 107 169 52 97 109 158 
68 26 62 170 101 175 144 130 101 132 78 151 86 164 84 118 135 140 132 127 11 128 102 135 67 196 35 73 134 52 29 102 100 53 146 109 88 161 37 149 126 74 170 182 18 158 86 68 80 82 14 143 158 106 107 99 92 25 63 115 184 85 21 67 74 197 75 47 163 75 90 196 152 18 93 81 132 188 121 115 111 156 122 174 131 42 178 155 108 170 24 44 153 15 27 82 58 171 131 61 146 10 160 17 164 20 90 181 160 89 182 78 76 161 70 60 161 145 180 53 141 11 161 9 103 
105 86 46 162 61 109 90 149 157 165 36 142 82 47 197 98 147 175 46 162 175 78 102 60 39 178 152 170 47 127 176 167 106 48 163 73 183 95 198 61 126 161 25 192 104 116 53 147 90 52 97 116 10 96 155 152 62 127 71 60 195 138 23 150 137 1 68 184 184 65 189 132 12 200 92 144 113 185 135 152 189 55 154 146 192 24 59 94 3 80 43 166 84 71 112 118 17 121 44 185 141 194 179 200 3 82 112 100 182 174 52 75 126 172 167 107 32 177 4 40 98 188 187 155 197 
88 65 169 50 156 39 158 14 106 17 25 162 5 95 33 181 77 194 21 157 80 30 75 181 23 3 145 113 62 17 94 156 135 101 152 103 11 119 172 46 132 107 60 156 159 3 12 140 29 115 164 122 112 38 21 14 152 81 172 72 55 164 91 196 156 94 156 40 122 74 92 183 47 36 70 174 3 171 73 100 88 117 172 146 70 110 26 89 91 192 102 76 144 55 27 1 26 138 170 166 27 25 71 74 182 53 119 39 19 15 13 151 172 167 133 28 2 128 137 14 80 139 149 100 110 
34 36 16 15 91 111 95 158 183 121 12 101 68 185 129 147 120 53 34 135 195 144 111 160 189 55 53 42 52 98 87 190 15 175 88 114 166 194 189 46 19 73 12 76 88 69 145 153 28 153 87 177 137 80 187 89 118 166 199 91 117 145 198 2 111 159 70 78 84 170 52 44 87 148 11 187 120 35 174 43 81 139 89 122 176 13 47 184 44 138 119 194 113 164 198 117 133 96 124 153 124 25 194 58 74 37 186 19 177 95 124 173 13 129 186 132 143 45 115 163 55 12 86 180 58 
