75 6
0
2
1 20 5 50
2 55 36 -17
3 74 37 0
4 74 10 74
5 169 88 -7
6 274 97 1050
7 386 34 386
8 428 45 338
9 509 157 1451
10 548 90 1268
11 567 161 1533
12 632 35 632
13 635 41 635
14 740 146 740
15 750 92 1486
16 778 29 894
17 844 35 914
18 851 184 1587
19 872 95 682
20 960 199 1756
21 979 73 1271
22 1047 11 1069
23 1069 35 1069
24 1120 97 1702
25 1226 51 1634
26 1452 97 1452
27 1504 166 2500
28 1510 54 1834
29 1555 111 1999
30 1659 100 2259
31 1659 18 1623
32 1659 109 2531
33 1746 5 1786
34 1804 30 1804
35 1932 189 3444
36 1962 181 2324
37 2005 59 2123
38 2109 8 2157
39 2215 186 2959
40 2320 76 2624
41 2323 46 2599
42 2346 71 2346
43 2641 54 2965
44 2659 181 3383
45 2661 177 3015
46 2792 143 2792
47 2978 181 3702
48 2982 117 3450
49 3161 134 3965
50 3183 74 3627
51 3206 83 3704
52 3219 169 3557
53 3286 58 3402
54 3418 150 3418
55 3459 58 3691
56 3485 85 3655
57 3541 194 4317
58 3567 26 3671
59 3726 177 3372
60 3781 189 3781
61 3816 23 3862
62 3822 117 4056
63 3871 15 3961
64 3884 195 5444
65 3940 180 5020
66 3945 173 3945
67 4083 71 4509
68 4229 186 4601
69 4238 12 4286
70 4275 186 5763
71 4283 9 4355
72 4284 101 5092
73 4408 119 4170
74 4414 170 4754
75 4415 139 4971
157 74 78 116 80 166 123 132 178 198 88 99 17 123 129 53 17 38 45 62 176 33 167 168 23 200 80 187 165 192 189 145 48 82 25 37 54 167 40 56 63 109 70 183 172 90 158 116 163 99 55 183 171 12 127 127 94 28 135 32 27 71 42 44 7 77 171 94 26 122 45 96 158 7 100 
31 70 17 68 85 144 21 80 196 154 137 25 160 161 94 183 5 110 76 44 26 148 158 102 61 4 102 136 122 134 174 160 129 2 38 45 108 68 65 73 96 104 111 85 59 16 68 63 40 21 187 168 95 186 168 123 144 14 12 12 62 84 109 175 63 105 139 127 136 174 41 62 132 86 59 
7 112 12 35 73 39 52 165 89 23 200 166 152 161 140 65 187 133 154 33 146 166 36 66 60 141 118 123 63 174 139 72 98 5 156 65 102 153 59 126 141 4 44 42 142 82 30 186 79 142 7 177 120 130 10 21 139 110 114 42 42 109 31 109 11 68 99 172 64 42 54 58 101 11 32 
68 170 17 28 82 149 178 3 135 40 61 106 182 154 133 157 172 44 154 129 5 136 186 126 65 162 17 196 107 126 14 48 145 160 93 33 71 54 3 189 166 146 175 114 50 60 41 40 92 172 50 38 171 54 131 34 162 123 159 171 153 184 157 107 158 55 79 59 131 137 61 200 32 46 171 
36 135 64 109 151 6 183 10 88 94 52 150 40 105 76 97 132 115 123 74 85 122 15 132 134 36 30 179 153 154 40 108 19 21 78 53 144 112 170 108 79 10 110 156 9 14 99 3 131 190 198 16 23 142 120 148 159 102 177 30 107 121 62 28 186 115 47 6 89 190 18 60 8 72 10 
184 189 33 133 53 113 14 137 14 42 15 62 194 124 74 121 125 54 4 87 104 169 87 64 174 73 78 7 65 21 75 187 72 149 146 190 91 36 140 154 138 165 104 159 119 179 165 169 69 69 120 150 90 17 108 135 150 37 139 50 115 61 114 138 182 90 138 190 114 105 192 120 23 114 189 
132 156 99 169 194 117 93 103 199 69 169 31 178 150 55 166 167 36 113 193 52 176 99 122 194 87 72 31 168 46 104 28 15 148 194 193 6 167 174 162 149 183 183 193 193 135 34 10 33 111 75 197 82 43 49 159 58 156 130 51 129 182 102 147 143 158 42 192 22 175 52 95 119 11 69 
100 129 64 160 57 126 64 115 104 6 28 55 197 29 148 98 165 176 40 184 68 81 139 120 114 195 189 114 147 162 109 45 135 146 142 102 2 121 162 193 146 127 131 135 104 39 103 168 137 133 146 154 68 148 72 112 77 170 60 187 20 133 158 4 141 185 72 132 101 120 186 44 46 20 157 
30 107 46 12 106 185 174 166 7 182 26 52 101 58 31 165 189 160 59 135 151 174 157 92 182 159 62 107 19 35 118 177 123 136 144 63 129 3 19 164 91 110 9 21 90 123 46 68 10 118 166 86 7 148 107 62 148 72 135 132 56 96 31 150 14 147 156 61 179 101 44 163 158 129 27 
112 68 178 61 20 91 35 69 125 69 8 186 154 42 8 197 170 95 125 69 49 28 69 52 71 77 109 186 102 191 154 103 80 84 19 196 136 176 111 60 126 131 91 62 166 6 106 193 177 114 43 24 14 182 174 159 192 167 67 38 155 87 22 63 136 113 133 197 190 47 165 149 156 40 136 
84 67 150 113 200 112 85 83 161 153 67 73 33 191 17 146 84 151 46 166 189 103 167 161 129 140 113 48 181 90 153 57 128 38 167 136 189 198 126 13 176 71 184 49 33 61 31 1 95 40 47 55 4 51 74 150 65 93 120 134 140 194 122 186 121 196 93 177 118 109 28 139 112 90 94 
155 195 140 64 143 150 83 50 19 82 148 114 13 43 152 55 167 25 75 164 132 78 99 61 44 89 168 149 166 164 55 24 71 193 170 90 45 181 134 138 146 198 175 94 146 59 173 182 165 170 123 42 188 68 114 31 27 166 62 9 80 74 98 15 44 31 189 118 161 106 167 184 90 62 184 
114 164 152 181 78 173 11 108 152 122 87 131 44 186 180 103 188 63 179 51 23 56 166 111 26 123 25 35 61 31 60 24 87 54 25 116 10 154 178 95 138 148 36 9 25 24 100 168 178 126 170 97 192 50 119 128 53 190 155 130 95 194 30 82 81 102 81 154 74 10 6 153 30 9 148 
118 115 150 107 36 63 34 155 133 12 68 154 170 189 75 158 179 140 113 133 171 20 67 129 42 45 35 120 195 156 196 27 175 28 66 168 169 66 17 43 91 73 75 118 5 79 85 104 108 128 199 195 3 22 152 125 38 92 60 188 61 105 147 126 125 83 62 33 167 46 25 99 16 100 200 
155 90 63 80 103 97 75 198 72 24 172 32 160 174 160 159 197 125 161 195 14 150 13 60 155 66 110 105 162 155 145 83 155 179 66 152 114 30 131 127 192 120 57 68 2 49 20 15 174 187 108 155 195 193 196 16 151 59 194 109 133 141 178 164 92 186 114 40 171 200 192 25 25 172 149 
23 158 171 88 185 184 32 140 171 86 89 103 50 60 30 167 191 31 143 80 200 175 92 77 40 122 93 193 62 78 95 128 120 173 64 59 132 176 117 130 112 85 57 140 122 15 5 136 96 56 120 120 155 164 139 183 60 127 81 184 172 13 182 181 66 74 127 170 61 158 143 27 38 167 167 
46 52 127 172 44 91 138 134 55 44 98 131 90 133 104 115 44 136 152 108 168 136 200 120 175 47 27 30 152 176 49 35 131 198 131 179 47 137 43 16 121 66 174 56 26 184 115 123 34 76 83 193 198 137 142 191 152 159 113 185 184 158 128 200 116 100 176 74 200 159 140 42 175 190 45 
100 158 37 54 33 87 77 65 19 132 95 167 52 113 152 105 48 99 95 177 91 20 81 81 129 101 159 26 154 169 126 91 175 81 97 128 101 140 121 162 31 145 146 4 89 84 148 2 113 1 14 161 45 39 185 37 177 112 70 79 188 130 141 53 144 52 140 50 136 31 65 133 136 73 117 
11 171 95 158 186 62 66 175 90 83 182 187 78 15 177 165 146 47 161 186 18 138 57 65 63 89 89 168 90 77 21 72 180 7 76 143 48 171 24 196 72 66 84 27 137 199 43 81 26 9 147 53 194 34 65 26 89 59 68 117 178 109 25 172 141 77 193 63 178 84 41 162 168 103 78 
182 10 159 56 27 65 176 118 24 29 149 198 59 171 84 35 176 154 160 179 108 168 73 108 64 36 98 163 17 17 185 126 150 193 106 88 112 83 30 30 127 164 91 31 128 46 103 45 184 184 33 161 35 85 76 98 17 8 112 11 145 40 54 114 185 11 170 199 17 166 150 196 5 42 35 
94 199 43 15 35 56 146 84 84 166 76 158 22 197 148 132 116 28 165 154 139 111 32 155 107 168 88 166 41 188 5 187 163 16 43 100 192 176 23 97 103 144 127 5 26 120 4 168 28 108 141 43 49 78 50 60 122 80 22 62 52 169 46 54 45 151 64 30 9 111 65 153 131 192 174 
165 179 10 41 120 66 19 140 124 134 139 117 20 165 40 39 192 56 114 127 198 28 44 127 33 158 85 193 195 43 16 57 171 90 162 32 120 93 114 53 160 65 156 136 121 46 134 123 156 144 154 200 108 187 49 52 35 29 95 172 44 177 162 43 2 20 175 49 163 22 106 171 30 60 43 
17 107 28 129 139 23 79 26 98 195 143 176 137 56 162 135 154 43 182 36 120 137 199 188 180 197 163 131 135 149 26 120 179 180 59 15 106 68 94 196 167 38 199 26 9 41 187 164 28 141 78 57 138 62 173 45 119 88 189 51 22 24 153 23 120 174 104 69 142 117 57 14 93 21 88 
188 108 23 194 137 188 128 61 174 77 79 129 161 154 29 18 31 122 93 74 182 64 28 32 167 158 181 71 5 192 107 174 62 115 80 133 168 72 155 115 176 131 19 108 167 165 35 160 113 101 56 111 129 41 108 84 34 185 149 131 101 157 156 24 36 63 160 32 88 123 130 45 188 81 128 
195 16 115 14 90 134 40 31 8 71 52 19 80 182 169 17 29 160 14 180 143 179 57 16 18 183 118 43 7 135 149 116 6 150 118 1 200 81 30 107 61 188 197 137 143 58 107 16 5 69 27 177 1 138 170 3 101 41 188 97 86 43 96 41 30 12 102 85 17 164 26 6 65 128 138 
167 16 193 121 72 143 95 192 128 13 114 132 158 26 94 44 43 26 42 106 108 110 199 34 19 58 2 19 35 149 137 105 103 155 49 67 62 191 123 144 143 1 96 12 161 69 173 133 197 38 30 178 91 141 134 8 121 170 127 21 136 125 181 113 43 62 68 191 2 41 40 12 4 143 88 
58 103 7 81 56 62 105 175 56 141 57 11 167 79 59 170 18 106 36 93 29 76 84 59 86 166 90 45 46 5 60 74 35 174 36 173 43 143 134 63 5 113 61 46 10 48 191 76 124 198 30 154 138 102 50 34 3 117 143 157 174 86 2 173 181 199 86 182 66 108 37 134 144 21 93 
123 58 94 86 20 45 157 127 132 142 116 146 128 140 195 66 80 117 164 125 1 155 54 148 42 43 121 23 160 68 31 117 178 75 69 54 82 155 169 173 4 82 155 196 84 69 119 162 72 56 83 145 75 55 149 54 11 64 193 40 173 64 46 97 62 160 18 68 177 34 174 183 58 146 148 
164 100 23 40 76 78 80 100 12 68 175 168 30 124 27 145 92 60 129 107 48 13 89 36 13 119 131 64 101 94 186 159 86 30 143 8 96 171 3 47 85 113 136 35 186 54 179 60 83 178 105 182 130 181 5 107 149 36 191 168 9 34 177 25 62 58 34 179 26 9 186 119 183 93 52 
86 93 8 162 23 193 70 31 100 49 85 147 174 159 20 30 71 96 51 188 32 110 168 62 160 199 135 34 26 168 164 200 27 30 95 29 16 50 156 79 11 165 155 11 92 17 11 78 60 33 115 104 92 96 171 87 157 42 21 17 2 129 151 136 45 59 198 132 103 89 48 128 178 160 107 
165 168 80 17 142 175 2 188 133 43 181 136 25 95 68 160 2 153 21 119 125 163 168 94 198 197 146 51 120 27 84 71 148 151 117 77 49 119 26 75 81 135 86 80 92 185 164 189 186 95 188 120 35 9 42 115 94 70 183 103 109 197 23 21 78 146 118 90 33 86 59 88 197 92 88 
10 63 166 167 119 76 12 127 191 156 70 77 57 81 176 179 168 115 123 44 158 46 117 44 144 56 126 154 53 110 31 190 170 29 62 106 105 44 15 57 115 23 161 90 167 49 109 159 72 92 134 172 138 16 188 63 65 157 130 7 12 175 2 165 35 61 83 114 38 45 48 99 133 155 121 
126 38 147 61 107 13 94 197 45 122 82 16 139 4 118 155 100 92 97 128 125 67 121 134 100 198 94 154 129 87 75 40 158 200 97 96 164 167 70 5 47 105 195 50 45 121 104 116 17 168 146 73 101 31 36 118 45 191 82 80 44 193 132 43 161 41 199 63 43 47 66 115 113 16 192 
100 119 176 193 63 35 153 136 56 155 51 87 194 8 184 149 119 195 193 56 84 157 153 1 51 189 127 100 166 26 10 186 118 176 23 113 159 111 129 139 145 150 164 131 134 50 6 22 20 56 124 1 116 109 40 1 79 64 152 198 35 100 88 199 44 151 182 68 114 68 78 113 99 86 54 
73 47 35 66 63 55 48 40 120 146 144 195 121 92 107 163 97 42 176 89 182 160 101 92 66 136 169 154 164 131 56 71 139 126 177 48 34 62 116 63 172 150 26 2 143 30 93 68 179 155 23 147 178 186 193 101 45 28 181 10 188 86 82 46 95 10 95 133 193 191 154 48 59 81 58 
38 106 184 19 63 158 149 48 89 28 7 84 132 104 21 120 27 138 180 150 183 4 99 47 185 178 125 116 12 186 19 150 44 62 85 94 147 17 112 46 144 53 25 178 168 197 136 165 117 71 9 44 96 34 7 121 66 137 109 100 33 20 187 104 25 68 195 52 104 87 62 125 82 78 64 
170 1 15 120 156 193 89 13 54 33 151 82 135 116 41 116 161 29 188 104 143 1 177 12 144 129 104 64 14 179 178 3 16 47 66 118 85 117 65 11 193 8 109 158 153 188 71 58 189 79 50 48 145 147 159 92 24 87 153 8 149 54 161 186 121 161 196 5 17 124 53 20 185 150 103 
3 180 126 151 194 24 9 70 102 74 126 12 173 133 132 198 185 41 175 39 166 4 77 137 108 27 172 158 80 168 106 193 121 6 111 181 131 193 142 82 112 117 79 65 133 65 146 139 17 25 99 3 105 109 187 171 58 123 127 160 178 123 143 193 140 27 40 111 101 193 164 56 47 108 20 
64 8 97 26 94 129 36 147 195 29 31 44 45 141 18 130 53 164 7 102 73 71 80 42 8 97 152 192 86 30 42 95 174 190 90 122 66 91 53 38 91 175 129 179 114 53 106 68 199 142 189 93 28 2 84 53 18 141 180 176 167 48 101 22 16 166 74 156 56 106 8 70 40 158 109 
173 12 58 41 152 99 189 165 142 102 36 189 37 174 188 196 79 175 3 32 144 165 1 139 6 148 168 157 43 120 94 117 123 116 97 143 1 186 139 167 152 19 144 66 137 191 188 111 4 133 37 98 115 87 186 185 190 82 26 103 23 15 114 18 82 182 38 102 178 1 30 45 101 27 28 
49 136 22 96 15 51 181 180 168 138 148 45 43 12 173 8 60 182 110 198 44 66 96 169 125 169 95 182 29 171 148 37 5 15 48 164 34 191 50 191 46 168 82 66 174 130 46 21 146 175 67 185 131 140 80 51 115 21 171 7 153 192 191 106 142 51 28 51 26 151 131 180 186 45 178 
26 129 90 188 47 29 181 146 48 32 182 105 180 37 189 74 138 176 90 39 40 13 57 110 44 174 129 75 40 44 21 13 124 55 116 107 183 39 34 11 192 88 14 39 145 116 126 161 131 170 114 57 104 20 144 115 129 84 117 108 43 42 145 164 182 178 103 100 154 184 9 48 184 132 115 
135 17 170 99 194 137 42 18 89 79 176 92 10 35 103 79 69 56 156 2 6 61 102 152 48 195 55 190 124 90 154 70 135 86 159 32 81 108 125 57 157 15 46 58 171 25 149 44 197 20 61 167 141 49 13 29 5 124 19 115 3 142 174 65 175 70 43 70 164 129 22 31 111 101 176 
169 114 25 61 145 120 155 159 158 115 196 108 104 195 119 98 25 92 119 178 82 20 22 165 7 96 10 39 172 182 75 118 151 127 114 45 64 81 76 45 182 84 25 84 136 122 168 88 42 164 177 134 17 1 137 134 183 95 111 187 6 191 66 102 9 187 46 37 24 82 96 113 148 88 100 
197 180 26 7 102 1 150 186 63 100 102 71 190 195 88 167 160 47 55 88 22 151 13 13 54 111 109 74 62 189 175 149 125 61 174 23 129 149 141 160 190 23 60 24 149 61 122 93 32 134 120 186 81 183 185 73 119 16 98 153 27 85 123 85 132 199 146 197 80 37 167 36 160 54 16 
172 10 94 194 102 15 65 19 173 198 108 142 51 25 112 87 185 50 134 94 3 66 116 48 179 29 120 40 17 107 93 108 48 76 188 78 187 46 36 111 53 90 47 55 29 99 129 161 7 190 195 115 109 180 43 154 46 51 13 129 10 129 84 169 83 154 147 102 156 144 28 2 61 87 181 
18 123 28 4 18 100 66 139 174 10 46 144 54 191 103 177 158 191 156 82 59 118 144 85 134 162 48 187 154 188 52 182 47 75 197 78 137 35 71 75 78 182 155 110 48 56 3 5 140 186 181 192 190 173 7 145 121 89 59 95 156 126 129 173 6 92 13 158 14 102 105 131 67 31 194 
180 123 169 66 144 50 174 154 12 143 45 112 64 13 49 153 32 29 16 41 161 194 5 150 193 95 44 1 140 168 41 70 85 25 86 60 65 199 37 14 151 31 30 125 75 151 123 91 129 168 104 115 47 122 181 133 154 71 167 32 78 30 121 147 5 15 136 184 80 30 137 107 117 158 2 
27 187 56 28 63 47 24 94 26 149 67 82 1 140 30 120 111 156 109 5 6 164 11 156 98 6 10 185 61 17 172 180 84 129 188 173 99 141 87 185 163 150 82 121 59 111 28 110 39 75 57 185 134 18 74 190 83 141 192 55 158 171 8 187 30 49 11 137 53 78 161 147 10 43 39 
144 5 102 126 106 20 8 110 60 175 193 30 121 165 176 71 60 58 124 194 191 113 190 142 175 194 54 167 191 32 168 156 125 30 173 183 102 59 97 56 86 114 136 21 8 123 119 82 71 25 185 127 43 153 186 46 114 149 195 134 14 106 149 111 128 155 78 99 167 144 98 9 88 139 72 
185 32 133 116 167 129 83 93 184 138 132 91 26 55 174 151 11 81 85 62 116 31 170 133 36 45 28 173 152 164 3 45 106 127 19 120 93 96 28 60 107 81 72 113 55 78 47 84 55 121 90 52 77 50 116 125 17 158 112 22 8 92 156 176 194 144 79 48 65 148 101 94 79 10 68 
116 63 121 156 175 5 158 102 140 5 170 114 199 152 191 165 123 41 22 48 196 133 30 113 22 98 192 25 19 112 41 166 192 128 151 55 169 136 146 168 107 34 157 63 97 181 184 166 38 54 51 130 153 51 126 99 148 54 77 17 29 46 151 92 19 19 130 9 162 149 163 62 17 169 127 
174 125 172 23 10 4 116 56 84 139 166 119 32 35 132 128 93 160 193 45 163 161 15 153 185 184 133 49 98 71 75 197 163 42 31 19 189 86 147 193 77 7 28 54 75 67 7 138 160 165 109 178 46 57 178 137 16 161 36 181 73 95 166 90 198 108 133 64 53 54 112 198 38 195 107 
183 103 151 78 119 19 129 195 18 74 83 149 176 38 50 159 120 146 17 62 12 65 69 94 200 65 46 65 178 110 106 46 84 39 169 91 58 52 16 157 97 172 140 109 2 132 200 7 100 46 124 75 123 112 109 109 186 198 84 113 36 39 78 105 77 180 139 171 100 78 175 13 123 19 33 
200 185 83 199 25 54 23 99 175 11 180 30 166 14 196 149 44 128 54 125 91 38 76 87 38 199 16 78 48 47 35 76 132 195 31 91 181 102 148 106 15 45 129 85 155 15 11 89 39 100 162 75 41 10 80 77 174 81 66 181 9 108 103 10 116 43 138 167 174 112 83 83 165 138 127 
51 70 33 77 136 68 83 53 80 35 79 102 49 89 158 176 194 77 151 68 176 161 43 6 11 193 89 197 177 98 103 75 79 86 194 53 181 63 27 180 144 22 15 198 28 149 185 147 138 46 109 134 122 80 10 35 117 55 16 168 33 166 167 113 146 182 31 27 29 92 12 61 146 72 176 
166 81 132 98 25 122 2 54 195 113 171 83 182 72 22 188 35 144 68 183 160 116 200 31 111 40 75 134 50 158 80 156 145 9 108 102 149 197 88 72 173 126 34 105 198 74 169 126 147 82 72 178 42 19 23 148 18 13 79 104 166 191 129 19 144 29 39 126 16 127 44 165 154 79 81 
147 143 20 98 177 54 111 106 183 107 156 190 192 87 19 122 80 76 62 143 44 32 6 180 18 57 62 39 29 133 82 119 159 99 66 20 192 53 116 158 113 167 187 61 118 23 79 86 12 14 51 75 81 79 50 114 32 62 144 138 41 144 35 96 181 36 194 136 159 169 28 37 62 89 138 
44 59 62 171 15 138 126 158 89 8 38 195 140 109 76 197 127 19 15 64 84 49 76 16 67 197 64 180 119 71 60 136 133 112 1 75 200 21 7 128 115 92 27 152 51 71 97 106 69 60 151 193 74 102 84 72 159 76 197 147 179 198 157 193 62 183 45 39 46 121 72 19 112 158 92 
86 140 172 23 128 69 54 140 42 117 40 73 79 155 112 90 31 71 47 70 11 140 21 113 27 82 145 29 157 101 34 110 29 136 115 100 145 15 16 2 190 151 197 21 3 10 81 122 161 11 162 190 109 142 175 28 10 144 88 185 121 97 49 8 191 96 172 33 136 90 26 167 111 16 69 
183 27 113 171 192 136 88 145 84 68 57 107 27 185 116 164 136 117 28 1 84 4 129 86 67 103 21 151 100 137 184 155 44 75 116 77 54 111 36 42 185 89 187 116 26 8 164 126 160 162 147 149 197 197 55 73 122 166 108 3 41 55 15 41 106 168 10 73 149 164 19 142 4 10 72 
189 79 104 80 115 13 65 142 133 177 85 178 113 75 101 138 28 41 126 197 164 156 169 38 58 54 156 124 114 87 152 36 45 10 175 182 88 99 119 135 42 174 52 71 61 51 68 188 116 59 8 31 3 176 101 139 199 182 36 11 57 144 167 129 62 113 120 117 95 29 119 3 147 43 188 
37 200 122 67 84 4 174 44 156 35 85 155 61 155 164 101 187 160 5 40 148 61 184 184 44 67 126 98 78 113 197 59 117 44 108 155 64 181 150 103 27 95 79 41 106 57 47 172 161 134 184 4 143 195 67 11 115 39 66 22 115 100 112 36 70 181 122 157 32 66 140 48 87 177 75 
51 191 21 106 16 87 12 182 31 108 163 14 167 135 97 49 171 29 119 125 98 54 193 170 73 120 95 115 64 31 182 148 141 30 25 144 150 56 21 167 178 153 80 131 71 19 180 162 21 36 67 111 5 12 70 179 54 156 92 186 90 102 155 156 67 12 81 14 140 149 185 135 48 198 121 
181 155 91 61 7 22 122 79 106 72 82 55 160 98 31 163 101 107 170 177 34 155 164 160 55 138 22 45 193 132 41 100 125 125 31 167 154 105 112 109 51 86 5 192 142 79 35 80 138 109 26 188 107 31 198 112 54 85 169 18 110 65 59 22 138 136 85 132 192 129 8 143 104 52 162 
38 40 193 165 18 92 2 16 170 148 57 59 173 76 4 12 168 200 5 175 79 99 39 6 13 196 98 11 55 140 133 99 97 48 137 39 165 107 104 102 124 103 151 142 74 141 54 117 134 45 69 62 40 41 27 101 105 188 97 118 19 153 69 22 77 7 16 113 2 140 67 42 114 192 24 
104 140 181 92 103 48 48 34 41 92 46 54 96 193 3 82 106 113 164 114 141 118 29 144 103 128 14 63 174 3 105 56 75 145 149 114 161 142 170 93 18 116 37 94 77 86 167 45 11 69 149 20 89 87 147 34 95 7 81 94 57 71 93 86 80 163 38 29 146 21 39 73 52 93 74 
4 163 184 101 97 191 59 64 182 161 89 54 197 78 11 67 183 12 26 87 181 143 150 73 64 47 23 173 128 1 104 165 55 35 97 20 181 33 168 109 18 158 24 31 73 25 29 164 138 183 60 13 196 17 198 48 62 164 119 97 32 114 143 139 198 121 67 15 146 172 14 51 163 197 88 
64 132 157 65 49 59 50 151 63 200 160 31 94 94 25 45 93 50 137 91 112 145 107 6 25 62 97 85 187 176 48 130 139 176 14 113 127 175 157 152 183 163 13 46 7 78 164 72 172 2 92 180 175 110 181 94 122 105 147 125 13 82 133 169 171 172 154 22 173 138 176 36 154 94 21 
21 111 102 154 135 21 99 106 173 156 84 15 111 41 151 156 42 77 49 99 106 10 60 60 58 93 74 198 5 106 111 161 152 77 137 124 131 6 130 21 146 36 99 14 193 125 13 160 85 166 24 75 154 125 155 104 144 200 137 31 44 160 124 84 47 71 48 33 20 102 191 40 5 69 85 
118 100 46 46 77 83 88 78 91 179 68 81 67 185 136 159 13 141 32 136 167 100 12 24 25 161 87 63 183 150 136 130 53 140 72 80 149 31 195 180 144 185 11 35 124 169 100 92 54 84 35 60 129 111 84 78 1 43 79 143 114 112 26 45 184 92 139 23 106 79 132 70 160 188 121 
115 92 64 61 116 185 198 171 1 77 166 24 122 19 131 24 36 169 141 190 47 154 20 41 145 22 38 61 7 145 15 116 73 123 196 141 88 75 71 185 119 14 179 16 52 43 130 38 132 67 157 149 95 55 185 75 142 83 58 187 97 138 67 169 69 27 166 167 154 102 129 127 191 120 44 
195 39 76 160 96 193 170 141 58 79 23 90 51 23 81 66 125 157 113 69 83 88 195 41 44 158 40 175 156 71 137 180 90 78 132 175 149 89 186 125 59 127 38 3 45 147 189 129 141 50 200 131 94 156 9 120 83 113 100 16 142 74 200 177 186 73 29 4 147 156 161 126 61 100 122 
146 176 24 74 76 105 13 64 168 56 119 142 54 88 112 146 145 74 198 92 107 90 100 7 105 112 62 3 63 124 49 196 127 125 119 55 71 98 82 187 74 191 15 23 121 35 89 32 33 96 131 23 116 35 60 1 51 151 184 96 47 79 137 8 54 84 32 176 57 67 103 81 128 63 76 
38 118 111 61 153 63 191 40 87 2 70 24 143 51 165 51 177 128 152 88 82 37 191 118 176 191 41 80 61 29 38 1 176 72 197 153 90 125 181 71 165 54 63 16 82 1 79 128 65 105 22 182 89 99 99 1 34 173 49 163 138 106 77 92 65 15 30 1 135 105 197 185 171 75 32 
72 91 102 64 169 49 99 178 8 45 43 177 189 96 125 92 60 5 136 179 79 58 150 37 15 135 143 8 20 118 164 95 32 87 139 57 75 161 139 44 179 55 47 54 85 169 60 6 126 36 79 107 167 195 81 196 200 176 107 17 60 167 48 75 35 166 28 144 141 28 66 62 183 69 55 
