125 4
0
2
1 98 171 440
2 169 191 169
3 289 119 527
4 490 196 1666
5 531 159 213
6 633 84 633
7 662 2 670
8 712 11 800
9 801 50 801
10 875 110 875
11 946 7 988
12 1029 152 2245
13 1035 149 1035
14 1083 103 1907
15 1214 102 1010
16 1279 81 1441
17 1325 65 1455
18 1363 158 1047
19 1376 20 1376
20 1400 129 1658
21 1566 194 2342
22 1591 165 2251
23 1682 195 1682
24 1728 88 1728
25 1729 59 1847
26 1734 68 1870
27 1832 155 3072
28 1833 74 1833
29 1857 146 2733
30 2012 123 2996
31 2020 136 2020
32 2023 131 2809
33 2024 172 2712
34 2227 68 2091
35 2351 168 3695
36 2415 154 3647
37 2563 130 3603
38 2775 30 2775
39 2796 32 2988
40 2828 24 2924
41 2871 145 3161
42 3023 109 2805
43 3173 165 2843
44 3228 196 3620
45 3331 191 3713
46 3378 34 3310
47 3389 114 4301
48 3452 87 4148
49 3551 194 4715
50 3589 112 4485
51 3830 16 3798
52 3889 56 4225
53 3989 49 4087
54 4007 169 5359
55 4007 174 5051
56 4066 28 4122
57 4287 26 4287
58 4498 115 5418
59 4633 116 4401
60 4771 59 5007
61 4937 131 4937
62 5009 82 5501
63 5054 12 5126
64 5281 87 5803
65 5414 91 5414
66 5470 132 6262
67 5472 173 6510
68 5495 195 5495
69 5576 197 7152
70 5642 115 6562
71 5657 196 5265
72 5716 61 6082
73 5745 58 5861
74 5754 100 6154
75 5896 127 6404
76 5947 153 5641
77 5963 78 6119
78 6017 152 6625
79 6025 178 5669
80 6140 15 6230
81 6175 17 6175
82 6194 174 7238
83 6255 24 6255
84 6325 110 6105
85 6446 167 7782
86 6460 82 6624
87 6568 61 7056
88 6569 19 6683
89 6573 153 6879
90 6781 184 6781
91 6990 122 7966
92 7236 85 7746
93 7569 118 7569
94 7722 171 7722
95 7762 120 8002
96 7877 3 7895
97 8304 192 9072
98 8587 120 8827
99 8901 78 9369
100 8927 195 8537
101 8982 194 9758
102 9066 58 9530
103 9134 173 9134
104 9251 180 10691
105 9347 68 9483
106 9356 79 9514
107 9452 97 9646
108 9556 8 9572
109 9571 200 9171
110 9903 100 9703
111 10028 122 11004
112 10101 19 10139
113 10117 61 10117
114 10220 14 10332
115 10260 184 11732
116 10277 81 10439
117 10539 83 10871
118 10585 21 10585
119 10613 3 10631
120 10721 200 11921
121 10829 14 10857
122 10909 91 11273
123 11037 183 11037
124 11070 127 11070
125 11139 184 11139
171 20 55 98 112 151 1 79 121 174 20 26 92 144 128 143 49 195 83 143 13 151 26 148 24 107 198 4 136 96 19 167 175 34 62 70 60 143 70 159 199 122 83 150 88 127 40 119 145 164 16 32 89 64 14 9 9 193 190 118 152 137 146 52 164 195 50 186 124 166 158 70 177 104 108 4 13 33 115 165 127 140 194 61 103 160 133 78 181 42 16 175 44 109 158 25 173 186 53 14 12 91 135 15 180 133 32 190 146 165 191 137 137 18 63 112 36 52 80 100 9 57 200 119 9 
159 131 157 52 7 145 184 198 128 58 164 160 100 165 196 52 195 116 184 46 55 162 71 190 40 67 115 56 24 61 64 6 177 126 93 41 66 177 68 186 55 196 52 40 86 186 21 14 199 173 98 97 126 113 2 5 42 53 124 101 176 165 76 37 102 75 122 71 36 63 93 95 50 158 149 67 35 76 49 66 197 170 156 25 131 169 27 62 146 123 83 50 132 33 46 158 11 142 37 114 139 67 140 45 173 50 127 72 123 18 30 164 18 55 56 158 59 98 176 36 40 74 12 52 59 
189 11 178 95 188 183 180 40 116 190 81 158 92 31 14 98 155 55 7 113 41 50 134 123 43 163 144 76 123 123 38 127 121 173 77 199 132 128 170 117 196 92 7 147 99 119 30 75 135 86 170 169 145 77 1 157 6 68 130 75 18 87 91 50 115 18 159 117 77 191 116 62 102 20 14 15 56 25 84 197 180 88 117 44 125 109 155 165 163 46 11 73 112 68 193 95 132 182 183 81 36 165 144 169 78 128 35 199 68 74 170 3 136 143 184 68 135 160 107 54 180 200 11 82 31 
83 59 33 183 159 112 24 180 189 163 63 129 141 196 176 184 9 153 8 136 152 31 172 150 107 186 166 173 44 78 80 76 49 39 130 120 64 1 91 57 168 62 69 110 80 154 193 141 24 43 117 19 95 8 109 77 152 140 130 62 122 14 137 151 163 152 181 30 151 110 27 60 146 82 193 51 20 121 193 160 195 111 117 49 48 134 53 197 27 162 79 68 96 13 95 147 71 26 162 132 174 177 165 80 148 61 178 21 101 27 129 169 16 48 193 37 194 174 145 85 195 161 51 26 72 
66 124 52 29 67 106 75 182 77 170 182 15 194 111 22 131 114 152 5 92 128 27 181 175 183 182 55 18 66 143 12 64 81 27 47 71 151 22 183 43 153 174 194 134 136 69 68 184 158 163 180 135 9 47 5 83 195 7 80 66 113 185 149 82 174 157 138 28 191 107 165 24 133 136 119 69 144 116 21 162 119 165 49 156 4 29 105 144 186 65 181 103 86 15 62 179 39 136 131 24 77 2 143 119 83 100 138 109 31 81 69 112 152 131 166 197 191 56 121 199 141 75 192 40 101 
45 19 62 164 130 158 195 71 29 164 72 170 19 23 2 66 76 114 33 167 68 23 162 57 19 119 164 57 98 142 76 101 43 42 43 108 52 71 121 3 197 153 98 101 79 14 12 195 92 18 131 117 66 157 140 186 199 158 88 66 152 5 169 200 182 47 166 158 77 153 7 178 177 37 138 49 95 65 177 47 147 14 94 8 182 132 32 191 184 132 156 124 200 99 162 151 130 176 30 113 33 142 79 192 144 54 151 131 186 96 133 73 74 124 168 182 46 18 106 112 147 176 155 181 172 
51 186 180 51 188 14 87 145 68 186 47 72 50 29 108 161 32 136 81 122 4 112 25 164 48 27 1 118 184 154 125 34 62 23 131 78 184 194 98 74 75 48 126 61 195 70 93 87 111 15 121 111 54 175 163 48 182 113 195 72 187 14 127 142 122 140 49 2 34 81 4 63 141 169 152 83 68 74 64 120 120 49 23 56 143 58 118 99 139 6 169 120 62 111 130 195 155 123 98 130 133 10 179 166 143 90 199 174 116 9 134 175 90 43 62 123 127 138 106 28 28 183 69 50 144 
152 14 13 99 151 80 68 185 93 166 18 83 157 56 142 141 92 141 31 162 81 37 8 66 33 83 186 171 138 106 145 20 134 12 143 107 175 153 102 190 187 108 96 79 165 74 42 127 62 69 63 186 78 5 57 11 32 18 10 27 197 72 3 76 41 38 190 154 98 51 153 116 192 139 16 160 123 145 185 143 16 93 13 121 64 190 73 34 57 184 79 19 68 76 85 197 165 30 122 170 61 65 13 73 152 73 27 60 105 122 36 44 42 44 182 19 80 147 69 89 81 102 198 5 47 
120 156 127 37 155 84 114 31 48 111 171 81 190 76 149 18 160 110 122 22 163 190 74 128 166 176 136 60 57 163 9 160 196 103 112 176 95 78 24 41 30 15 146 26 50 144 75 143 104 4 50 170 82 80 67 54 138 67 121 123 86 137 94 26 128 137 119 23 50 37 57 68 96 27 89 158 175 141 156 156 35 155 168 17 82 23 138 183 23 137 185 193 172 187 114 22 25 39 51 103 139 22 76 137 46 63 22 13 17 80 19 155 160 63 34 29 172 186 90 7 21 18 164 8 195 
106 33 79 49 157 109 141 113 140 122 139 79 178 68 184 30 167 126 164 70 42 87 85 123 12 55 193 58 180 136 143 67 156 192 58 128 97 71 130 112 189 38 152 194 199 96 168 48 26 122 2 93 149 51 158 154 5 144 164 143 64 87 159 62 38 108 58 19 178 139 70 86 75 152 47 61 173 183 199 87 24 39 140 180 112 140 67 34 157 200 16 31 85 182 70 192 69 130 132 11 79 177 178 84 125 192 135 33 37 172 102 14 38 120 154 141 62 177 14 87 27 113 176 53 79 
95 97 129 199 175 159 97 36 105 75 164 52 13 132 24 130 146 23 31 15 151 174 197 143 50 145 22 25 104 143 36 116 93 68 123 184 55 47 93 6 63 199 2 151 189 151 42 124 186 114 198 176 138 85 101 186 149 113 115 88 145 121 16 109 89 110 87 53 59 47 199 51 37 69 183 197 191 18 98 177 16 94 95 11 74 28 116 151 173 65 94 196 195 30 100 18 2 72 187 34 84 157 59 191 75 197 25 58 80 83 82 154 68 28 174 188 172 175 145 55 147 40 21 9 189 
113 187 128 143 139 88 172 81 21 124 109 186 37 82 10 3 197 45 49 135 130 93 106 80 64 1 121 83 40 123 125 16 148 171 150 119 135 110 17 140 38 10 25 179 146 162 51 181 22 151 13 199 120 86 106 183 3 47 172 37 70 98 32 136 176 139 158 140 188 179 109 56 200 2 101 60 164 14 6 192 49 38 103 70 110 2 111 93 134 162 192 131 187 35 72 182 56 198 39 136 159 85 154 57 56 48 17 69 38 13 97 56 152 72 102 178 99 61 59 188 121 63 88 131 14 
91 67 57 10 98 194 36 45 35 105 108 72 49 47 46 145 127 20 65 112 50 98 165 41 112 176 53 76 173 7 34 20 176 99 58 200 159 181 54 169 2 105 45 141 53 149 77 46 101 83 100 30 194 23 34 40 159 184 82 26 82 50 54 193 65 37 115 130 128 195 192 172 77 78 134 159 79 46 32 137 93 163 184 128 101 49 22 70 108 48 15 141 44 71 4 168 118 196 94 56 98 190 187 56 139 186 133 51 60 1 153 47 58 18 109 23 174 121 8 125 199 56 19 105 26 
42 45 124 109 131 98 121 98 88 135 72 198 25 14 179 170 7 86 26 76 125 63 11 137 80 66 66 192 56 23 184 44 91 95 68 10 26 25 173 84 93 13 117 93 156 188 25 169 90 14 194 29 97 200 174 5 29 3 6 72 56 17 8 34 104 70 105 87 35 192 75 155 42 160 150 176 197 54 30 44 24 131 107 199 184 45 172 15 6 17 83 48 177 140 88 120 11 128 64 84 48 22 172 88 188 91 55 93 157 113 164 141 109 147 133 190 15 165 175 168 164 79 19 23 169 
12 189 94 195 29 17 62 144 51 32 16 25 66 75 36 137 103 159 13 17 52 138 187 160 15 56 27 6 15 154 62 159 136 132 124 130 106 118 66 155 116 48 51 39 92 103 117 126 144 68 190 151 112 15 15 121 9 33 15 142 95 99 20 156 199 2 161 24 178 180 82 169 183 61 175 192 134 33 192 127 25 180 109 53 24 103 113 176 84 44 146 66 85 96 176 52 175 199 70 187 118 11 53 145 78 101 29 156 98 134 86 12 46 80 65 91 114 158 54 130 109 163 160 8 121 
162 161 150 46 54 28 123 123 83 186 163 179 117 124 169 84 104 164 48 131 192 70 89 43 48 47 24 50 32 183 108 153 75 109 14 47 119 36 181 158 137 79 154 120 53 73 93 148 154 92 47 29 16 74 34 183 56 72 98 49 29 195 186 145 87 158 138 119 162 136 149 170 82 89 175 186 189 1 81 4 159 8 75 157 117 56 9 199 4 145 146 136 110 62 44 77 142 8 165 24 184 172 130 194 30 184 126 111 200 71 18 48 177 90 36 40 39 196 183 63 39 57 137 68 149 
34 165 134 42 61 82 185 11 172 126 6 113 79 94 94 57 47 29 58 111 137 71 83 100 197 23 136 153 38 117 150 84 137 106 139 68 103 70 122 60 95 48 87 93 135 172 178 51 119 90 30 124 104 133 140 199 23 129 62 199 66 138 27 62 69 198 184 95 168 113 36 9 83 83 200 31 77 155 117 145 28 13 199 91 135 26 125 73 75 179 120 82 197 44 16 22 163 197 90 58 15 98 168 191 135 60 36 69 49 190 74 72 8 34 18 160 174 177 170 19 194 104 114 10 180 
156 196 113 186 176 149 43 91 44 115 31 16 152 158 191 28 163 89 125 166 31 96 144 82 124 104 189 12 48 14 58 157 58 194 26 184 196 113 179 17 98 148 178 86 170 53 131 149 195 73 139 67 33 100 193 145 5 103 177 45 85 92 195 146 30 41 75 124 183 125 86 154 52 24 199 168 6 11 31 143 109 108 133 2 78 19 69 78 156 19 44 150 182 72 161 119 86 189 149 100 68 15 123 75 27 115 151 79 141 33 66 113 124 114 142 29 32 41 200 35 156 7 134 58 88 
70 60 71 150 193 161 83 57 171 7 116 162 99 144 117 44 125 174 68 168 41 166 91 88 45 29 151 111 111 178 64 42 54 118 143 13 160 113 35 20 188 134 18 114 35 35 33 112 196 76 138 161 42 25 171 93 178 146 3 58 116 1 105 47 174 92 166 32 108 94 41 64 177 85 171 39 194 198 90 88 120 109 74 184 17 199 71 129 96 174 2 154 21 190 78 122 129 154 85 190 72 33 94 78 51 34 111 122 135 189 142 14 82 161 115 62 63 120 91 99 105 87 56 87 84 
6 61 8 200 37 8 118 24 74 50 111 126 170 57 133 81 18 109 80 36 159 192 67 200 31 16 67 115 197 79 167 36 167 22 122 174 14 168 46 50 98 137 103 21 133 118 115 95 193 27 35 171 76 174 194 139 25 54 82 102 94 124 164 179 173 70 53 80 36 153 64 55 36 70 172 108 41 39 163 5 114 144 187 165 76 163 160 42 158 192 133 182 79 105 200 79 71 121 36 67 28 56 106 47 22 137 23 105 43 153 97 192 135 190 135 107 176 126 69 151 7 140 91 108 12 
72 122 28 73 94 27 54 19 167 198 96 193 142 137 25 178 192 132 50 180 171 178 188 45 188 184 28 16 70 153 150 34 180 111 27 132 148 95 126 172 188 106 94 163 187 10 43 9 64 84 183 154 102 177 56 11 80 135 45 95 88 191 24 68 70 89 165 32 192 43 155 41 122 166 114 145 52 173 94 80 168 22 60 9 20 163 163 81 37 24 22 195 74 60 133 180 14 103 134 68 87 143 64 82 102 89 137 51 73 107 53 37 161 128 10 141 97 161 67 88 164 126 38 81 64 
194 7 74 87 108 100 143 66 151 36 8 172 79 140 64 161 98 42 51 42 90 200 15 144 188 81 178 200 77 76 97 157 39 98 41 102 91 158 47 69 105 64 146 155 107 162 101 43 141 37 2 93 180 53 80 167 162 108 11 63 186 179 154 41 13 38 51 64 63 189 73 122 83 7 191 35 93 88 64 54 106 185 92 32 103 180 165 55 67 130 141 23 1 136 128 55 20 188 18 17 44 151 120 58 83 14 197 114 135 90 51 156 187 112 121 68 173 191 147 129 80 2 9 165 123 
48 131 146 120 24 191 110 32 199 95 22 83 90 81 72 88 125 91 9 122 47 62 97 144 103 81 69 173 167 91 74 33 168 45 35 67 76 147 80 20 73 159 116 17 52 102 34 115 193 114 134 180 84 17 120 96 8 57 168 31 130 62 16 107 13 101 184 118 88 199 56 123 68 1 3 111 144 182 46 107 56 185 114 127 157 59 51 39 117 149 161 165 191 139 36 76 158 79 173 134 194 96 200 34 114 118 36 188 4 195 185 93 5 80 179 9 166 120 178 165 161 38 177 91 3 
132 19 66 124 180 124 45 109 60 104 158 149 17 24 64 58 155 171 146 33 99 108 147 52 198 108 61 84 16 149 88 68 117 161 39 141 167 194 170 170 34 160 56 46 144 194 121 197 110 125 91 168 195 36 148 12 198 4 191 132 81 38 38 166 120 103 159 10 125 116 157 142 51 2 68 17 35 139 93 156 2 112 64 113 85 71 169 3 166 149 11 72 134 126 199 23 91 172 157 88 136 45 17 25 47 49 157 141 44 92 77 151 140 34 67 38 4 136 184 75 178 155 117 89 79 
172 188 46 41 63 17 82 114 84 151 200 45 185 28 2 122 117 157 82 185 116 81 91 86 69 59 185 120 77 95 48 105 57 89 95 137 50 138 111 33 14 3 139 142 122 124 24 178 46 12 160 16 74 101 31 15 77 101 70 65 45 35 36 120 47 125 6 180 123 14 157 90 186 184 120 187 69 31 144 60 85 136 80 172 120 109 89 181 111 46 32 167 82 119 141 81 54 25 132 96 151 143 73 125 48 57 187 12 18 126 100 113 127 126 57 159 18 61 158 176 151 44 39 55 23 
193 4 42 1 31 172 71 9 97 99 172 100 30 107 58 179 115 112 126 150 180 170 187 157 51 101 26 25 96 169 183 135 52 157 183 113 84 19 173 63 22 88 112 74 24 199 147 151 73 66 161 75 102 75 102 87 164 92 104 136 19 40 53 55 31 18 30 8 168 29 159 45 154 168 86 48 27 196 157 23 121 61 48 64 36 5 129 27 51 103 44 117 124 108 178 105 24 131 65 68 107 144 120 123 66 40 135 28 106 122 98 181 35 24 173 89 98 64 117 74 94 53 44 72 55 
119 76 155 121 31 40 193 116 110 161 82 198 122 61 25 156 187 33 135 182 105 85 59 144 55 32 11 47 200 52 5 144 73 84 50 23 77 95 50 181 51 118 123 161 121 73 26 18 188 77 40 68 79 139 75 182 31 56 171 192 96 140 54 85 9 28 1 143 52 172 53 62 27 99 136 155 5 127 100 150 25 27 104 126 19 164 183 138 85 15 158 4 142 182 110 177 151 57 151 116 129 24 90 23 84 113 14 20 153 118 180 131 67 188 191 5 198 63 75 135 181 156 17 18 6 
144 199 113 136 156 47 16 109 129 154 114 29 17 113 94 13 119 10 15 134 62 89 24 120 122 4 103 73 52 139 22 16 197 35 94 137 150 10 151 43 179 148 23 151 75 31 126 135 90 53 133 102 197 182 84 172 94 123 125 123 28 36 163 156 121 58 167 1 46 88 156 50 86 194 122 26 159 172 126 8 143 143 101 38 192 180 198 60 181 114 104 12 43 116 116 106 172 27 142 110 69 166 123 40 6 2 54 28 114 21 79 83 62 20 123 192 173 49 6 178 137 113 63 89 49 
116 41 110 104 117 16 99 137 36 96 178 80 168 140 134 127 28 196 61 174 17 194 87 6 162 116 15 46 71 100 7 197 130 38 83 28 30 200 71 121 56 195 96 68 64 68 9 157 69 52 139 76 179 43 144 36 21 180 98 81 124 129 172 118 93 194 136 185 156 69 6 97 107 195 58 42 42 185 120 142 158 145 179 78 58 93 6 62 184 39 153 86 103 61 67 190 29 152 92 149 85 14 141 48 27 168 122 188 118 106 169 128 97 136 69 155 143 107 71 81 101 100 9 181 158 
131 42 152 20 130 62 37 102 99 191 155 14 164 176 135 115 51 91 79 35 55 26 53 72 165 188 43 42 103 140 126 28 79 155 183 22 38 131 27 124 178 135 168 116 70 83 89 18 29 151 128 167 152 91 109 141 178 69 195 177 43 123 191 121 39 195 104 138 48 183 27 127 10 57 169 8 58 157 51 111 31 192 174 87 143 172 155 90 191 128 171 35 27 115 190 162 80 53 25 168 20 29 56 141 24 150 185 97 121 153 174 106 35 167 131 7 83 170 87 16 2 133 107 140 97 
31 148 45 161 117 12 182 134 55 47 124 42 38 155 196 12 84 125 30 133 106 63 161 178 152 194 56 50 27 107 171 113 192 142 39 131 38 175 166 95 19 136 193 143 95 195 47 53 9 70 140 80 19 99 152 83 158 99 88 116 28 27 200 128 110 2 51 192 87 99 192 167 168 52 35 135 113 72 169 82 185 88 134 13 170 150 24 23 145 125 99 133 189 172 44 200 53 60 14 53 29 110 8 2 183 27 47 188 160 21 41 94 19 87 152 34 14 178 151 122 25 89 81 92 50 
139 46 198 15 9 79 137 14 136 125 23 47 125 9 7 169 62 113 132 154 195 46 3 180 100 12 172 23 97 80 175 56 185 75 100 4 127 136 177 108 28 58 125 128 151 66 83 173 76 158 195 190 54 195 174 193 42 50 57 72 132 65 2 179 87 67 143 120 63 48 22 12 32 184 189 139 186 105 5 35 121 99 185 85 4 54 54 182 81 121 181 126 59 17 105 57 20 120 144 119 176 121 55 25 89 195 84 128 178 93 160 103 34 140 162 163 140 83 22 39 195 185 189 31 70 
50 55 196 111 86 189 161 48 32 103 104 197 196 66 182 85 116 61 168 105 4 61 114 132 146 99 10 74 174 179 151 62 186 171 64 144 68 88 5 32 3 51 90 198 46 12 22 127 119 184 30 65 4 148 125 17 169 85 117 90 141 29 117 42 111 193 158 19 76 127 145 91 3 131 89 109 162 12 77 77 165 139 23 25 104 96 10 195 138 39 176 51 167 95 48 12 30 106 104 108 43 72 153 158 64 178 116 78 119 33 63 29 169 50 117 74 53 99 102 129 54 169 24 89 186 
45 123 37 113 166 105 149 87 44 155 149 54 6 91 148 111 64 95 164 120 94 100 149 199 123 182 133 168 134 60 67 142 168 153 66 197 140 16 160 196 136 100 67 2 159 60 52 81 25 68 41 108 26 52 122 190 118 143 177 68 54 156 126 161 108 16 72 169 186 69 145 58 151 128 140 121 137 161 26 81 177 133 117 6 160 22 42 98 148 6 79 137 76 65 174 132 126 168 115 106 145 160 142 54 27 147 2 138 168 176 99 39 161 9 141 59 83 194 142 175 165 193 108 198 15 
76 153 155 112 109 27 22 168 85 15 20 57 22 191 45 98 3 60 45 158 133 125 166 37 67 140 50 61 84 89 170 132 161 117 133 172 47 165 160 133 58 179 78 15 159 83 46 151 147 126 125 184 108 32 19 80 124 47 180 14 164 113 195 97 26 107 61 166 192 55 141 88 85 123 38 160 89 173 39 145 119 72 23 56 87 29 179 30 5 164 98 19 101 166 165 52 67 155 118 55 198 81 99 31 2 90 164 18 41 57 111 73 114 63 23 143 22 15 99 136 21 138 44 194 194 
61 72 2 154 90 197 149 73 121 61 58 98 129 77 51 82 49 119 169 94 30 163 173 160 51 189 142 10 183 77 3 3 162 103 131 118 82 172 129 8 87 195 98 156 94 150 105 24 24 74 157 94 136 115 29 72 144 89 120 5 186 104 19 161 67 60 199 84 123 149 186 153 140 150 30 30 14 18 167 196 105 6 37 131 181 181 131 9 20 120 113 168 4 115 73 133 141 33 99 113 95 46 174 168 35 11 194 180 188 124 139 165 143 92 29 172 103 187 50 170 52 82 148 154 85 
105 33 145 69 190 148 45 139 41 112 49 138 52 113 166 173 162 148 17 42 165 151 53 49 98 104 156 91 72 21 16 180 134 57 78 170 94 104 191 8 184 137 198 52 30 25 18 131 22 110 188 84 176 149 123 41 14 79 34 152 43 76 30 90 65 3 5 123 120 18 61 88 138 64 121 86 34 109 58 97 181 181 129 89 135 124 168 191 66 148 181 132 154 194 115 110 65 175 5 68 131 31 112 24 198 162 20 143 131 68 163 127 24 123 198 131 22 157 100 54 169 70 149 12 65 
45 199 113 72 149 29 69 192 136 116 90 176 58 197 184 163 29 175 52 59 107 179 115 2 195 17 165 109 146 194 198 69 58 70 168 21 63 65 12 138 11 127 13 6 79 139 109 147 104 156 87 125 161 106 156 88 2 148 13 71 190 45 14 3 69 143 18 63 35 156 41 33 151 78 22 129 69 1 169 145 89 37 9 73 111 15 162 120 120 75 48 99 128 125 11 49 110 193 193 138 87 166 44 97 55 118 151 30 66 142 62 80 154 147 24 80 125 78 20 29 61 77 140 73 190 
66 190 65 132 137 108 116 59 2 120 160 90 142 70 190 16 100 47 176 130 62 177 75 134 110 43 117 110 145 30 37 159 172 200 29 184 148 94 147 8 79 44 125 156 41 74 149 130 88 124 137 66 15 90 90 158 81 168 91 7 182 31 55 12 108 53 46 80 91 51 43 140 43 103 180 119 15 71 181 157 37 142 28 41 15 133 10 29 58 93 44 156 24 45 57 53 64 6 156 21 2 94 99 60 37 108 29 166 7 18 9 96 16 174 173 142 130 38 114 85 52 99 124 69 137 
65 115 55 15 120 56 110 23 59 143 110 42 58 113 102 197 27 46 178 74 180 51 3 154 108 184 124 61 147 126 114 157 140 49 28 63 122 17 31 19 36 24 8 187 126 5 113 2 171 84 197 149 175 63 168 148 59 96 144 56 75 195 162 197 31 126 47 100 66 95 47 117 106 17 69 132 25 142 178 163 133 5 117 10 56 188 179 100 53 74 155 161 46 125 107 198 44 94 140 90 198 34 20 13 50 106 81 2 38 172 53 39 11 163 106 129 30 95 39 94 195 72 198 135 112 
105 163 185 53 66 63 91 161 98 7 162 138 89 28 5 132 118 62 30 32 179 60 107 193 73 89 134 16 142 25 51 6 30 8 105 46 29 121 166 88 102 96 140 110 127 129 49 116 132 24 126 160 89 193 62 24 111 21 96 148 191 14 26 39 99 123 176 31 149 45 174 105 86 76 2 183 168 196 111 60 77 49 94 190 136 179 159 156 107 80 91 193 197 128 17 128 82 170 128 168 195 113 95 91 76 60 179 190 126 85 179 110 141 171 158 157 47 60 98 147 193 27 31 34 162 
166 198 13 120 116 31 83 13 146 126 98 104 33 185 138 131 31 40 48 90 124 15 34 156 143 167 2 188 25 140 197 32 102 194 87 135 41 177 194 99 8 57 172 172 83 155 96 61 28 147 5 153 1 190 165 96 48 53 195 99 192 156 40 71 130 147 23 43 67 70 26 75 81 117 191 112 116 188 9 15 66 155 144 164 72 182 177 178 165 146 182 120 59 184 183 118 121 49 182 37 84 23 32 100 64 166 67 69 164 163 173 103 33 106 170 141 143 180 183 192 111 4 194 48 57 
16 56 41 57 161 23 31 61 138 23 199 53 127 197 124 76 32 172 119 117 182 145 132 171 85 159 36 20 153 134 18 77 109 185 85 42 180 39 81 79 19 54 123 125 119 196 106 85 152 87 119 19 78 46 191 34 151 66 57 115 66 61 144 107 136 61 33 79 185 116 81 82 140 111 144 10 199 5 186 101 32 76 177 87 146 4 49 26 75 167 195 155 198 200 120 132 156 77 75 163 112 26 93 134 169 38 120 98 198 128 144 95 161 111 79 56 162 40 13 67 152 150 112 67 11 
106 72 193 181 18 55 197 156 1 84 75 99 169 164 61 105 98 194 18 12 79 85 6 87 136 5 172 46 19 71 164 29 185 133 127 89 64 168 30 127 80 83 125 67 164 144 30 40 143 84 168 199 173 86 185 60 144 139 36 20 159 22 96 128 85 104 118 78 173 19 187 14 24 35 178 130 77 160 68 141 119 180 16 137 110 193 107 110 74 86 136 37 31 135 77 186 159 125 97 164 192 71 68 172 59 78 77 50 39 116 110 90 13 72 69 155 90 57 163 9 185 103 87 35 97 
171 97 161 24 3 149 115 109 15 163 194 78 25 119 198 54 186 180 97 178 105 119 32 91 36 145 48 39 118 180 165 103 188 75 84 160 176 89 157 119 24 19 86 197 170 159 64 168 151 178 135 134 10 180 98 119 61 168 79 174 131 123 7 49 50 39 100 4 99 159 62 89 59 199 174 84 19 91 16 189 81 33 175 40 6 60 31 151 39 105 183 83 89 191 10 76 33 108 58 17 20 117 101 55 9 195 89 104 71 86 136 84 41 188 160 179 104 69 187 20 69 90 66 59 80 
113 56 74 115 108 66 152 8 74 57 131 18 177 153 127 34 2 40 133 130 114 185 24 1 183 79 141 55 107 23 159 29 57 126 81 18 182 187 127 2 76 55 53 92 90 150 41 53 29 79 34 120 132 22 69 21 62 179 92 105 145 23 26 86 51 90 176 129 91 173 199 182 70 196 170 102 134 20 136 57 30 163 97 147 152 145 67 85 118 68 171 115 143 154 93 64 163 110 135 153 159 43 132 35 93 95 156 197 144 129 156 107 26 184 72 103 168 17 149 188 24 159 145 7 44 
120 33 29 85 139 117 51 17 47 174 94 30 39 149 31 144 16 44 166 148 80 98 185 26 78 102 95 68 59 93 22 83 145 10 150 86 82 187 72 47 23 54 8 60 78 146 97 23 163 196 64 57 107 114 116 182 47 117 191 45 19 167 176 193 191 1 33 26 154 66 8 8 97 125 83 168 183 77 178 132 11 79 162 125 109 65 125 174 78 192 36 28 78 41 105 76 91 131 113 114 151 122 104 148 184 121 77 48 78 141 198 3 166 29 49 22 144 155 178 131 65 14 149 29 18 
14 119 138 94 99 29 73 168 78 174 41 79 30 63 50 4 44 189 86 162 180 147 98 139 173 167 17 9 147 174 21 145 192 101 100 127 134 168 86 192 22 168 19 116 111 17 137 197 85 35 164 154 167 13 182 186 3 9 95 128 181 188 76 174 174 121 117 11 42 192 171 55 40 44 22 53 168 87 26 102 83 59 97 185 26 40 120 120 105 8 193 135 31 79 75 52 2 88 11 139 184 142 152 199 85 92 102 24 96 56 115 25 41 29 62 4 28 165 107 197 169 45 122 84 123 
144 1 20 72 164 147 21 125 84 3 198 144 199 92 115 7 175 199 54 8 90 65 34 7 107 7 38 133 173 58 13 172 83 99 73 140 85 3 183 150 139 154 18 193 160 181 114 156 95 117 129 121 191 87 191 10 7 176 175 78 7 60 26 133 111 139 153 5 124 6 23 53 102 179 58 106 31 100 70 87 138 77 122 132 135 1 18 144 186 123 123 64 135 26 151 31 118 42 53 200 179 55 120 198 49 193 160 87 165 49 54 176 9 45 132 184 141 15 70 39 63 192 110 179 159 
14 16 149 93 24 60 184 21 153 132 50 61 118 151 124 148 139 159 45 118 36 21 150 177 170 179 188 104 1 92 75 166 136 154 73 194 158 75 174 14 13 169 137 61 186 39 3 63 74 32 109 46 107 2 12 126 6 4 111 200 86 15 145 82 148 123 8 185 120 33 53 101 75 148 77 191 79 34 150 59 193 54 21 50 128 20 184 176 172 195 188 181 149 67 147 106 133 14 85 130 74 45 108 143 43 192 101 11 2 15 45 31 123 135 168 24 90 58 24 168 21 168 36 29 9 
161 154 53 88 140 185 29 190 134 103 19 164 3 87 148 46 185 29 6 140 127 39 56 18 48 116 92 125 47 162 122 64 151 117 92 84 78 165 115 197 6 160 112 70 53 151 48 22 94 41 7 29 154 60 126 4 96 182 72 187 63 57 32 137 190 51 68 81 17 96 78 39 123 193 143 80 189 2 102 29 146 133 55 34 200 102 79 52 98 16 85 129 129 1 118 83 113 9 134 10 20 42 89 113 54 109 161 124 157 20 170 150 136 87 37 13 148 28 73 151 101 126 168 87 93 
153 141 102 141 56 128 169 93 111 47 34 148 83 9 60 100 150 126 95 38 57 134 45 105 92 96 140 121 173 81 15 101 181 167 4 129 131 83 126 18 34 164 37 33 122 38 22 14 31 42 36 100 89 90 20 75 44 88 19 84 170 187 98 138 177 197 176 193 50 34 14 147 53 35 121 25 89 140 148 190 140 77 145 8 182 5 109 153 57 3 38 90 87 192 114 110 104 33 66 125 175 36 169 116 181 35 107 114 9 167 114 150 114 26 79 82 34 3 116 173 88 164 92 184 75 
132 47 60 199 69 186 15 66 152 119 138 122 115 172 160 93 6 68 36 129 195 189 196 176 1 43 16 191 179 154 71 163 75 190 10 26 66 187 33 23 147 161 10 106 2 187 78 123 110 97 194 169 156 163 118 8 34 134 15 170 77 71 193 183 34 91 187 31 69 98 181 142 171 150 135 117 69 170 94 140 160 13 144 80 176 167 64 59 80 184 197 174 18 151 182 167 197 113 20 189 82 85 23 83 90 4 168 121 146 40 84 178 91 131 130 45 96 20 10 60 71 90 90 183 100 
170 147 36 6 118 35 45 84 129 62 79 82 132 133 94 153 22 127 108 138 167 191 173 171 154 182 12 33 166 126 16 29 24 127 171 24 145 116 116 50 109 81 107 20 187 146 171 74 31 116 118 93 75 54 122 76 124 81 92 109 153 106 47 125 155 123 25 32 143 36 131 44 120 152 9 13 149 109 92 164 188 134 126 119 113 193 47 76 170 134 167 117 140 198 36 106 86 61 85 136 19 121 129 189 104 16 122 135 36 74 118 109 96 99 190 59 196 12 37 178 163 108 68 32 53 
89 41 1 34 67 93 109 198 64 74 33 190 164 108 54 27 158 21 6 82 130 51 11 67 74 15 28 16 72 151 179 22 167 176 137 124 81 189 130 61 94 20 195 87 24 42 196 21 122 171 134 1 96 18 10 123 186 96 172 18 88 94 37 20 150 13 17 87 114 26 30 132 53 156 129 175 147 66 49 1 93 129 87 24 192 40 153 18 32 53 93 25 30 135 104 69 19 78 111 171 100 196 77 120 109 104 80 172 125 106 55 95 35 2 104 161 188 54 142 84 172 187 38 43 70 
12 133 40 51 76 3 155 190 192 85 28 99 91 98 157 173 151 199 178 111 118 13 125 126 22 107 105 132 71 149 194 191 187 120 88 192 30 18 152 155 176 162 181 112 83 89 19 78 149 82 123 98 172 171 2 44 150 190 171 72 130 125 91 157 46 30 31 54 130 37 44 176 15 3 21 61 147 47 27 62 96 51 178 153 31 123 95 159 138 59 84 63 175 152 12 100 73 180 98 33 143 25 190 28 163 184 78 48 169 50 138 27 26 6 175 9 51 165 76 104 147 196 185 105 175 
132 198 129 90 120 106 114 152 100 151 193 148 34 143 6 186 129 178 20 26 170 53 95 176 104 195 140 34 29 121 9 197 178 114 107 125 147 100 86 158 131 130 11 93 28 179 139 96 135 182 4 52 68 134 134 67 118 46 104 94 195 197 129 138 70 88 161 140 98 93 91 192 17 126 143 77 134 111 29 194 51 102 71 94 129 22 17 144 100 134 51 133 123 65 73 101 98 61 133 120 146 194 189 152 138 29 138 25 153 172 192 107 49 159 141 38 5 190 90 43 132 88 127 133 68 
169 134 93 70 104 6 172 67 90 142 21 14 41 66 189 48 7 144 116 34 149 45 183 108 168 35 64 87 117 154 94 182 118 122 104 155 118 159 142 10 58 176 107 83 53 145 152 194 154 113 74 11 41 10 172 177 158 101 99 88 93 96 188 156 173 87 190 56 88 66 64 78 162 70 65 60 72 6 181 140 192 9 26 190 79 120 139 184 135 58 13 46 76 191 177 31 179 85 50 76 114 129 15 145 157 123 104 123 55 3 9 119 55 119 101 90 159 34 21 131 117 180 117 48 53 
47 172 156 48 152 48 186 190 10 36 19 141 143 99 178 54 101 38 114 198 195 23 124 20 90 125 70 103 184 36 7 60 96 15 42 52 138 7 97 1 122 6 91 179 147 195 162 80 72 99 126 113 182 129 106 92 63 53 167 107 17 170 163 148 19 27 72 84 112 65 17 181 181 101 200 63 196 182 184 142 106 26 109 196 139 123 52 166 49 191 118 130 182 194 189 176 77 92 194 174 50 141 15 181 140 160 74 16 97 108 122 6 186 36 125 198 159 193 6 157 50 187 162 197 58 
162 16 4 180 153 64 77 37 111 113 5 49 146 180 181 144 187 45 69 135 114 5 27 170 184 149 106 192 28 35 90 93 10 73 154 38 33 102 71 174 112 3 123 113 85 101 80 166 177 165 94 141 2 147 59 122 199 142 85 25 1 163 140 20 35 90 62 114 135 13 187 105 50 59 176 96 152 186 122 108 47 37 66 113 166 54 142 70 109 50 6 173 37 155 157 56 128 144 149 30 182 3 78 81 55 152 8 110 15 15 10 195 29 60 7 165 77 1 9 191 197 179 147 76 193 
90 61 43 156 200 188 164 38 65 55 162 84 132 122 96 143 87 196 21 44 90 33 177 190 69 194 153 87 37 65 12 102 118 179 156 155 33 133 8 55 187 79 72 151 8 192 141 38 103 109 34 57 88 158 15 64 149 60 38 128 33 175 184 115 28 57 28 113 106 6 176 85 95 191 88 188 63 38 16 3 152 107 175 66 23 92 121 192 182 94 29 27 105 53 188 42 123 84 58 72 132 8 76 159 191 73 139 10 38 37 85 139 117 135 42 127 75 173 24 109 91 183 12 168 146 
90 191 37 72 152 70 15 117 184 121 44 172 3 129 190 160 46 169 137 6 35 91 104 56 92 140 190 101 182 156 106 139 39 62 34 178 99 194 190 159 102 12 127 76 24 104 119 4 23 100 51 76 191 152 84 105 138 23 133 95 82 105 183 26 85 25 146 31 131 101 146 177 28 150 23 171 77 101 3 90 121 35 35 193 169 70 113 131 40 145 181 162 106 171 72 110 178 177 89 31 70 67 185 37 83 183 191 138 188 173 199 7 36 54 100 124 108 179 32 186 38 56 110 33 141 
72 120 52 46 101 5 1 146 74 126 1 93 194 102 36 46 52 195 159 30 139 189 183 184 100 35 108 47 96 3 39 104 90 13 107 99 29 197 199 24 8 4 198 142 137 172 106 124 180 128 77 39 139 108 192 89 166 148 65 155 78 69 165 171 106 69 45 79 17 180 143 194 39 3 164 166 33 82 109 111 61 7 7 100 49 33 151 95 200 159 186 114 7 90 130 176 95 66 62 113 146 131 176 76 41 117 184 122 192 112 58 2 89 7 78 192 114 100 78 196 174 160 77 178 127 
88 54 116 165 135 33 69 191 73 143 153 188 70 63 129 40 28 164 198 133 127 132 156 153 18 66 94 69 6 122 171 86 125 40 153 182 39 182 92 134 129 83 30 165 189 144 184 95 94 135 62 13 16 127 8 72 122 40 73 6 62 109 50 143 155 164 112 174 60 116 39 147 177 200 87 11 49 128 43 198 73 148 54 26 141 75 188 78 77 163 115 85 77 185 100 47 160 58 14 44 59 71 42 104 151 199 108 158 146 148 29 3 83 156 199 71 91 129 118 35 129 7 1 187 65 
108 166 88 64 4 9 125 62 29 198 119 80 101 26 158 37 178 189 163 148 121 169 42 19 30 40 95 131 149 69 113 53 146 174 112 121 138 83 5 54 47 130 163 176 183 121 200 184 30 179 155 67 120 69 33 159 200 36 126 63 23 178 168 128 175 48 122 107 53 162 17 118 66 157 166 45 118 188 175 67 171 35 110 162 23 169 159 151 8 160 107 148 179 167 80 42 4 82 32 29 62 165 32 45 133 27 19 124 63 24 37 53 172 98 170 41 156 38 115 179 45 72 173 132 95 
193 81 105 138 55 178 176 53 40 21 52 190 35 101 53 25 112 68 146 177 101 61 196 73 116 180 53 143 46 39 80 26 124 146 62 55 103 97 180 10 158 66 38 120 70 83 58 166 27 66 71 102 57 60 113 166 54 122 90 185 158 138 124 141 35 75 149 190 138 63 106 159 5 173 3 94 115 37 198 178 74 95 18 17 38 89 13 123 189 174 110 60 111 161 155 124 11 184 80 111 8 187 80 144 94 15 25 131 125 57 131 77 135 120 174 18 186 44 11 104 45 133 74 72 86 
59 193 38 45 200 167 21 184 193 128 155 4 45 100 183 194 75 85 71 47 16 156 142 138 117 154 180 27 25 6 48 27 101 93 186 49 99 117 72 196 69 57 15 91 71 169 101 178 153 41 2 77 109 170 4 32 104 125 44 144 158 176 130 127 6 8 43 50 134 49 23 139 11 70 160 63 42 120 51 175 162 152 133 81 152 194 164 110 93 41 36 132 171 200 30 60 53 32 21 160 178 135 29 151 76 48 181 135 195 113 42 109 188 41 85 78 19 156 140 47 170 74 7 71 148 
175 132 110 38 145 14 135 66 162 159 135 190 84 30 163 41 129 47 41 111 135 174 191 21 105 12 168 99 175 116 11 109 44 199 23 21 22 26 52 17 67 76 69 67 48 36 111 170 118 195 23 29 156 54 54 109 172 192 196 71 188 84 55 10 178 122 61 142 64 19 58 68 84 83 119 122 85 193 177 44 153 84 150 190 3 124 67 77 183 151 11 109 101 105 196 61 160 90 185 194 32 7 178 120 102 18 83 65 196 38 99 52 156 62 137 25 85 124 36 77 55 148 32 49 145 
33 193 148 12 185 59 71 49 86 72 194 71 3 120 120 84 139 182 63 101 69 61 181 118 4 50 177 90 43 114 176 32 38 123 9 67 30 68 15 113 22 195 150 114 103 93 116 145 114 170 109 144 69 56 145 101 114 154 34 194 186 142 55 188 117 140 130 7 58 158 81 22 16 23 81 27 68 151 152 169 11 37 3 119 64 129 17 162 53 54 34 160 27 19 32 191 90 94 52 166 46 189 114 133 185 3 19 195 183 120 77 171 69 16 193 43 66 52 83 5 70 182 67 143 78 
188 100 32 32 171 65 80 10 53 31 172 118 177 101 45 26 37 105 162 63 101 180 134 132 75 17 163 120 49 112 38 123 151 197 44 66 57 173 35 173 178 112 194 11 36 14 200 70 37 39 107 44 187 70 119 41 54 14 186 55 99 7 111 144 143 137 36 7 110 191 52 114 65 43 24 89 69 97 96 18 144 115 32 110 124 195 5 77 163 122 24 151 132 130 148 182 2 169 126 192 163 39 189 94 121 96 177 34 66 95 81 30 120 91 171 127 82 1 107 182 140 55 185 47 121 
175 93 128 138 42 42 140 35 54 41 45 39 151 119 28 150 162 42 167 118 62 139 179 137 33 136 137 62 52 26 87 34 75 116 171 123 49 28 91 151 16 152 105 196 171 112 182 191 60 31 172 70 134 193 48 101 95 140 71 192 45 170 89 32 39 13 161 166 131 19 27 162 54 194 60 159 77 161 128 182 161 114 179 121 73 45 133 106 17 178 76 141 198 28 14 115 119 46 161 199 98 102 190 30 151 17 64 77 24 183 86 40 88 45 87 183 160 139 50 115 10 84 24 43 11 
200 26 168 117 76 22 48 28 108 117 17 168 57 14 33 197 51 5 83 100 66 32 93 136 83 131 4 83 106 175 182 134 169 151 111 41 197 120 5 68 127 34 191 85 155 62 46 153 87 19 165 101 48 161 127 165 101 101 11 83 102 105 18 150 40 176 161 144 66 18 194 78 110 18 53 173 7 109 95 171 24 131 20 78 128 21 78 28 43 97 148 49 77 151 25 189 133 4 64 171 23 107 107 147 14 185 103 30 94 66 93 181 110 129 43 36 151 113 66 180 183 19 66 144 154 
10 69 137 73 82 121 16 32 191 115 145 113 45 80 133 20 42 117 5 149 111 46 177 159 62 100 37 198 195 21 64 74 90 52 2 92 196 28 133 17 168 171 112 114 178 65 78 51 73 174 152 54 135 48 122 3 55 198 20 149 97 94 180 183 146 152 147 7 109 94 131 18 112 64 80 175 188 103 36 136 71 46 117 27 7 189 165 52 72 21 173 183 10 85 111 29 3 64 36 151 12 26 19 195 88 154 165 16 46 155 129 78 5 196 94 43 2 194 178 36 35 71 43 196 125 
143 73 9 170 39 134 41 31 90 79 91 6 108 132 112 128 142 155 23 43 40 157 89 75 42 88 105 176 39 60 37 83 88 65 97 102 177 55 59 164 183 158 121 172 116 2 155 173 180 46 57 27 66 196 11 192 174 196 81 27 170 76 7 169 4 90 75 61 123 142 164 178 79 186 148 134 127 25 39 56 77 172 74 85 151 44 8 95 196 191 55 197 170 16 28 125 21 58 28 62 27 56 136 103 1 36 4 7 151 87 96 142 181 88 4 41 145 169 176 1 136 195 88 64 172 
151 39 183 99 172 36 167 37 2 50 110 49 102 123 165 179 80 165 121 33 149 185 182 4 181 163 65 160 166 68 118 128 153 77 166 89 92 21 153 99 190 105 101 169 168 126 41 55 148 29 182 72 61 136 117 91 174 81 99 167 174 50 179 139 81 7 104 64 9 3 62 199 13 173 32 160 9 150 28 63 62 186 109 84 193 100 14 163 10 48 63 105 26 55 155 107 191 87 133 140 128 109 53 56 121 133 53 179 185 45 91 77 148 159 192 150 52 34 85 48 114 32 101 164 166 
112 138 10 24 92 122 143 53 70 35 144 123 126 148 70 16 16 35 46 62 4 37 184 103 4 153 123 69 196 179 125 197 190 97 92 145 24 153 53 88 117 58 118 94 13 82 94 109 174 13 147 134 189 2 65 138 130 172 144 15 91 103 114 148 96 3 96 155 51 118 3 108 112 82 115 115 117 198 181 28 124 150 141 109 139 169 29 44 6 161 91 149 158 64 4 60 92 165 97 114 94 116 195 25 168 90 52 159 136 188 14 72 103 83 173 173 196 106 5 107 59 84 146 181 160 
71 31 162 91 168 159 94 27 47 188 74 65 69 166 22 149 95 7 148 43 35 124 47 40 46 149 179 198 178 40 131 189 5 200 65 38 106 111 195 32 165 102 141 112 53 165 31 114 51 100 82 9 79 52 38 120 28 172 117 99 188 132 88 71 5 97 35 60 66 162 143 102 150 59 177 160 44 31 8 24 168 51 161 93 200 195 32 185 166 47 171 153 192 157 16 40 95 52 54 178 74 153 185 43 40 41 163 194 101 197 100 129 4 51 126 126 45 36 102 60 46 77 199 137 129 
81 18 137 50 184 4 66 89 18 53 189 134 99 28 152 170 196 3 31 85 73 46 131 16 124 84 105 26 166 35 114 128 58 2 22 61 37 73 48 169 196 166 38 17 47 165 40 91 111 170 37 168 152 73 182 77 164 108 165 160 4 171 15 142 118 94 178 152 139 171 62 196 66 28 117 98 143 64 34 87 83 177 140 26 59 184 72 7 126 157 141 18 197 123 48 92 89 112 97 110 195 85 167 68 185 173 88 37 176 163 75 126 80 63 51 66 70 119 111 102 132 99 176 2 122 
39 82 22 81 111 170 199 152 187 13 51 89 39 147 7 131 51 77 46 189 8 19 153 49 93 121 41 153 9 135 19 52 26 171 192 1 183 195 51 42 159 185 198 151 49 54 193 64 177 129 74 83 76 200 97 19 63 9 146 110 121 197 149 142 51 165 110 151 28 105 16 170 79 151 160 133 66 178 2 149 195 59 80 169 171 105 142 3 27 30 181 20 73 7 66 109 122 132 13 75 193 109 66 134 170 100 111 39 13 195 71 129 137 33 37 16 160 13 43 89 32 5 76 38 137 
133 143 158 16 174 157 157 176 119 72 157 120 126 47 62 55 106 200 106 39 197 59 63 130 14 26 121 34 48 138 181 19 72 178 183 146 98 98 160 110 41 41 133 164 30 169 43 97 31 152 121 4 139 79 48 83 48 30 157 32 58 152 147 145 129 143 163 144 69 42 125 187 3 131 44 79 156 109 86 175 116 53 70 157 3 125 136 151 73 180 16 90 163 170 85 149 5 60 177 153 191 177 194 186 120 12 127 30 4 88 93 112 105 89 39 108 32 172 44 122 65 196 48 129 152 
44 198 79 91 163 168 38 147 190 2 68 179 176 16 162 50 89 18 172 103 53 180 112 137 115 2 11 64 59 198 66 125 74 130 95 124 172 2 49 161 181 40 53 196 180 32 196 28 58 128 36 95 134 109 40 160 152 25 71 90 166 73 58 48 166 84 193 192 164 196 174 124 9 181 143 200 84 184 14 115 24 29 99 38 99 169 28 106 152 85 162 183 167 200 3 19 129 83 56 38 163 37 137 25 192 126 199 12 119 145 174 62 1 39 33 61 98 137 164 166 96 76 116 113 96 
150 108 185 107 31 189 104 8 57 117 54 39 122 116 59 92 46 40 97 124 31 84 110 153 180 109 13 122 46 130 189 18 145 189 96 110 88 166 188 71 47 57 151 152 174 136 76 47 77 44 146 109 110 193 91 3 84 33 126 58 135 43 194 108 170 31 10 65 38 6 22 152 83 128 26 197 56 131 14 12 46 190 58 116 34 9 179 21 39 142 187 94 125 195 157 159 193 188 97 103 39 91 46 55 84 14 21 77 76 108 115 101 195 157 126 198 79 64 32 184 11 156 121 165 137 
46 167 44 115 4 198 167 41 89 153 71 98 150 140 46 161 169 142 95 189 183 87 89 121 55 74 173 1 166 172 1 110 190 150 36 73 45 148 105 199 115 187 136 47 64 50 191 193 171 47 7 38 153 78 122 143 47 37 194 105 180 83 111 192 146 59 104 9 191 1 186 61 37 38 10 126 111 15 29 132 91 70 178 96 44 74 120 148 75 34 181 30 199 83 94 104 160 103 191 186 84 69 12 186 108 80 194 118 116 59 170 139 173 111 198 63 101 42 73 12 174 63 89 26 111 
75 12 132 69 93 86 70 123 70 102 148 143 39 161 163 121 106 102 60 32 175 99 199 172 87 137 1 55 21 125 89 79 44 118 5 180 139 26 109 146 113 148 176 149 27 178 85 171 14 37 178 184 145 2 170 155 165 107 195 52 138 111 159 84 157 163 154 140 163 78 22 5 65 52 184 65 59 42 70 196 88 103 164 101 177 176 57 184 197 18 168 36 194 99 21 11 85 190 79 68 69 184 30 5 19 48 78 22 16 128 164 88 51 192 73 52 62 51 184 75 83 174 87 26 32 
193 27 84 99 81 157 191 33 10 10 105 167 24 159 49 24 101 73 161 119 131 33 138 131 49 74 198 76 115 26 129 183 128 140 178 187 11 22 131 58 189 46 135 41 72 135 151 156 43 83 117 23 35 109 101 187 118 18 178 34 96 141 172 151 128 153 125 67 6 164 86 187 21 20 125 32 124 35 95 47 125 50 88 95 157 190 151 196 13 57 146 139 187 14 116 5 85 55 104 156 65 6 133 8 83 186 152 112 29 125 170 77 3 138 183 32 109 93 93 142 76 85 55 2 5 
6 191 6 40 180 187 151 124 137 59 132 6 7 181 183 160 2 53 133 104 198 144 168 100 186 129 18 182 135 116 54 47 13 197 23 174 3 79 21 102 179 129 125 52 36 79 59 28 91 34 31 16 113 83 18 10 4 172 188 126 128 30 167 51 37 20 36 104 38 96 166 51 124 189 160 78 64 57 75 100 73 1 164 50 162 63 26 51 195 119 29 52 129 121 144 55 8 127 112 47 92 56 144 52 145 172 137 141 120 58 118 127 192 27 43 75 35 104 125 35 163 144 143 108 100 
192 43 21 112 146 155 168 42 42 64 28 17 125 36 96 36 44 108 25 30 21 10 164 134 77 113 73 170 88 93 162 176 153 193 34 145 134 102 107 147 178 63 29 179 38 125 126 168 27 42 74 54 197 159 177 75 130 147 131 33 26 32 14 153 157 13 12 149 194 151 149 42 42 48 155 128 162 44 87 170 109 16 52 133 161 116 171 16 96 190 118 70 144 58 104 153 143 156 191 123 57 106 177 134 100 92 176 149 139 18 157 194 200 181 134 79 109 86 107 17 11 167 151 191 46 
13 35 17 129 142 17 166 10 58 60 70 71 49 35 62 136 20 119 83 32 66 40 70 60 24 176 172 176 42 47 37 167 25 103 61 20 33 126 192 183 123 75 190 111 44 142 178 138 112 68 61 86 106 69 37 11 158 168 131 52 47 170 32 162 154 194 19 123 191 169 76 85 175 73 170 80 79 74 69 6 159 92 9 125 76 168 131 155 189 168 72 174 41 17 68 113 50 107 31 54 30 195 176 25 143 73 115 175 200 97 6 12 148 193 85 80 40 40 89 157 7 17 47 154 28 
30 31 171 112 41 28 154 3 126 105 106 107 64 30 93 65 28 200 28 187 55 37 128 32 198 119 65 150 63 20 167 91 59 191 74 10 119 9 113 21 128 170 154 21 23 70 78 24 3 66 44 10 54 143 35 75 198 114 11 38 169 88 11 35 51 48 157 32 74 26 36 108 121 153 29 78 161 14 21 47 97 124 163 61 79 64 187 119 152 111 93 167 41 167 158 29 69 110 29 169 133 23 114 48 111 28 151 179 53 117 168 74 193 83 185 149 185 68 135 92 197 22 1 96 15 
21 95 76 4 53 181 176 49 91 176 36 32 131 31 5 192 64 144 72 141 139 192 90 153 120 135 175 161 108 165 103 134 26 127 52 77 70 44 16 2 99 93 6 167 198 99 127 191 101 167 104 84 102 87 129 71 176 187 193 153 175 107 45 111 200 115 195 173 152 173 48 18 127 77 123 52 190 70 81 113 81 121 48 35 92 84 16 116 54 198 153 13 94 199 194 109 83 100 120 163 168 75 139 63 175 54 181 2 38 13 143 91 21 74 54 162 71 28 72 82 175 37 68 19 119 
199 89 169 164 119 37 70 167 130 118 93 89 125 100 192 175 134 52 60 62 62 20 119 138 39 90 119 76 106 176 133 139 163 157 174 108 126 196 148 54 78 7 145 174 4 169 100 26 31 28 187 36 10 144 49 7 45 129 197 88 93 7 170 171 86 151 21 63 87 120 23 11 186 103 27 196 113 72 148 128 56 69 139 42 64 103 197 34 99 199 120 107 115 53 21 8 25 141 161 111 67 197 198 129 146 98 46 112 23 150 107 125 159 115 5 79 168 118 58 56 117 7 131 129 19 
112 111 144 159 194 183 16 85 115 176 195 62 29 18 163 159 59 148 145 106 28 81 149 108 41 82 88 44 128 13 50 164 104 196 87 87 148 68 67 9 110 83 158 51 198 186 144 54 88 124 147 17 128 170 190 44 176 64 98 58 133 159 152 44 55 164 26 69 80 197 91 132 107 183 183 191 14 25 92 108 144 112 47 193 49 38 177 147 57 179 4 39 71 6 35 50 45 111 120 155 38 108 59 65 46 87 91 67 177 119 134 17 166 138 183 119 66 184 104 195 60 176 33 55 123 
135 88 198 125 13 100 14 134 192 83 107 196 160 35 75 123 61 67 172 64 108 192 32 66 15 21 196 86 40 65 179 179 14 70 183 72 39 79 19 125 156 108 52 108 126 155 23 195 103 145 73 101 65 145 78 17 68 54 134 97 84 150 71 187 82 154 151 196 153 177 51 95 185 6 1 18 145 199 42 2 182 174 89 5 150 40 40 187 11 16 96 38 194 189 54 43 197 167 93 168 103 198 83 192 104 183 180 140 182 166 187 47 45 38 29 150 138 194 123 162 107 21 98 105 97 
177 113 105 8 87 66 46 90 189 170 46 57 133 154 123 69 3 189 129 74 89 138 62 143 35 194 5 51 109 24 179 155 115 71 111 65 2 44 96 16 182 64 175 30 31 150 106 166 63 85 123 13 53 42 6 160 9 126 169 80 182 27 191 101 104 144 131 42 89 153 43 167 121 24 176 182 41 62 200 166 65 192 87 16 27 119 100 104 132 65 2 154 42 156 83 106 173 64 91 3 183 81 101 26 152 65 141 77 52 170 31 70 70 72 1 28 117 189 173 87 83 198 135 68 147 
151 62 51 68 60 49 5 62 142 105 107 39 56 116 110 92 61 119 172 91 109 121 127 193 42 153 144 32 159 43 14 4 179 133 179 83 120 83 99 130 156 38 55 120 173 65 133 92 193 60 30 113 77 156 35 8 82 152 156 69 47 130 147 70 127 134 26 133 5 135 145 65 73 52 157 183 131 178 24 10 75 182 39 82 70 157 123 146 149 126 101 68 65 154 130 186 76 54 162 104 53 193 112 199 197 162 59 105 198 100 95 180 97 127 191 101 153 94 110 114 67 140 58 4 175 
84 63 181 110 131 103 160 20 98 25 143 113 88 182 156 32 60 187 11 7 77 153 8 48 156 115 186 63 25 22 158 196 136 147 93 123 114 89 199 14 113 19 86 102 58 145 20 32 64 21 66 33 176 92 7 59 127 68 110 126 167 132 143 72 43 150 54 101 171 101 89 45 50 136 114 87 191 194 8 104 61 10 193 30 91 47 184 37 177 112 102 75 168 136 33 35 58 186 109 100 143 92 56 132 123 31 88 116 69 29 162 70 152 125 49 75 67 52 169 30 150 166 33 175 4 
150 132 169 29 18 35 196 173 88 191 91 78 47 32 4 55 118 153 115 6 129 6 78 146 154 49 12 171 133 33 163 9 138 79 161 132 159 48 117 133 6 171 168 192 21 74 129 152 125 49 90 141 159 117 6 158 178 18 69 110 34 93 172 66 72 27 128 121 100 120 89 87 92 81 101 109 128 102 85 124 139 77 17 174 106 117 34 100 49 176 27 28 155 185 109 23 79 155 3 133 117 12 83 88 15 145 143 150 162 33 187 149 5 198 9 189 11 195 72 83 33 58 150 190 183 
21 196 108 96 95 97 128 78 183 1 10 42 39 160 20 66 109 181 47 67 24 173 30 155 123 27 57 14 75 76 158 28 173 173 153 147 65 85 65 5 82 89 47 10 70 64 156 158 199 157 99 19 84 97 156 174 20 27 122 51 167 69 45 35 200 185 186 86 58 117 37 132 39 196 85 31 51 44 13 94 26 178 40 57 165 99 8 105 183 49 124 138 40 49 10 89 149 54 175 157 30 166 145 17 185 167 191 81 30 39 73 156 151 67 180 157 155 194 120 37 77 53 164 164 83 
57 159 85 77 150 69 170 77 107 142 119 179 187 26 125 163 200 169 149 107 139 158 11 26 45 102 122 111 69 164 19 69 59 179 52 87 101 200 173 173 44 20 88 35 128 129 141 22 75 21 85 153 98 79 30 139 175 79 40 162 6 128 37 188 91 94 79 149 85 97 15 29 131 34 126 152 28 71 80 41 16 121 169 157 63 56 24 92 130 174 35 95 16 43 15 159 90 32 199 4 119 24 36 167 124 41 123 83 19 156 91 10 97 188 56 147 197 132 63 142 169 78 177 128 196 
127 27 48 90 56 107 44 6 16 117 84 114 93 8 126 104 142 74 140 158 111 88 90 1 77 99 97 85 96 141 110 55 91 157 107 174 149 123 52 145 57 80 38 170 12 179 1 60 162 21 18 173 136 151 185 11 51 89 70 57 21 66 58 44 25 20 142 31 98 133 181 158 3 158 194 146 90 127 33 71 60 125 78 136 92 5 24 163 84 18 77 67 183 81 187 69 17 119 108 4 37 108 150 48 51 24 163 159 157 115 61 59 49 133 183 55 197 109 194 9 177 126 161 8 20 
72 110 89 74 102 83 127 192 164 30 85 50 75 21 20 50 192 11 45 161 98 115 64 162 95 68 149 82 107 104 162 184 200 13 70 189 197 107 114 78 79 35 107 175 41 176 51 141 47 75 140 59 81 5 151 11 57 185 18 183 192 176 117 109 148 20 146 35 41 152 179 3 9 9 148 53 128 177 41 8 9 169 117 106 142 112 109 160 66 116 158 163 196 91 60 129 34 116 10 159 50 170 186 159 18 161 132 133 71 137 65 165 193 54 88 73 178 183 168 28 97 63 95 180 173 
154 143 71 147 11 109 145 32 106 98 107 73 45 124 164 187 96 26 175 179 151 52 192 149 61 49 130 6 82 98 139 131 60 8 149 42 5 17 9 114 50 109 62 156 5 105 99 20 192 175 24 46 158 176 163 155 127 42 177 4 72 51 137 174 42 117 182 110 43 40 39 190 164 46 184 77 102 39 73 114 69 73 39 11 26 18 60 116 42 98 75 79 187 39 11 100 26 118 192 44 50 64 65 99 60 108 94 82 191 32 1 132 147 174 183 14 145 75 36 47 111 37 108 127 44 
22 75 130 20 186 128 174 63 19 16 111 126 192 48 92 109 158 151 78 127 199 97 107 39 36 162 71 164 20 20 38 89 94 123 20 167 132 49 121 139 81 12 197 178 142 48 100 21 84 40 7 84 135 181 84 104 93 52 115 137 143 185 45 21 141 74 158 35 3 164 187 49 148 122 173 25 131 80 98 123 124 180 178 11 193 52 119 77 78 94 142 182 124 180 130 50 69 193 121 15 116 131 126 76 12 50 66 56 4 133 86 128 174 48 125 37 174 93 34 88 106 94 18 44 6 
3 192 124 158 192 25 112 133 33 186 105 108 197 99 175 87 93 66 145 127 64 38 63 17 175 165 67 164 10 157 51 20 183 56 76 58 31 193 147 81 190 132 23 46 108 154 55 42 88 176 133 119 113 172 199 42 46 87 14 25 104 46 71 176 150 58 198 12 98 53 143 13 12 26 99 160 158 71 113 190 106 184 190 2 83 33 150 105 134 110 70 116 160 114 121 102 102 70 117 58 66 122 5 1 148 152 50 150 53 34 144 11 99 89 167 121 3 169 172 8 157 192 182 166 54 
153 18 24 46 84 6 138 177 77 25 198 70 126 47 21 54 189 147 143 26 90 126 107 2 151 190 143 28 144 100 5 30 144 151 112 184 120 72 46 138 106 71 182 150 54 133 112 17 200 161 139 110 195 122 112 10 48 72 54 115 177 64 193 42 91 54 124 198 60 70 44 133 11 144 41 135 143 1 5 52 95 124 76 45 59 123 190 1 101 118 32 54 20 147 135 52 95 107 165 145 129 67 156 172 173 200 1 9 135 174 103 93 11 80 103 103 27 126 56 8 77 91 178 33 184 
138 147 151 108 90 20 32 63 126 160 128 124 110 22 69 2 93 26 116 143 72 92 70 199 158 106 128 34 20 76 80 56 4 32 27 76 70 88 62 17 92 180 174 39 5 115 4 60 19 123 187 95 54 68 159 185 189 153 31 194 92 43 152 52 150 186 189 132 194 99 121 105 100 89 25 107 182 75 14 68 97 193 13 149 183 99 132 174 182 7 135 54 92 77 34 64 121 118 107 70 135 157 5 77 199 66 34 123 4 178 81 197 18 172 177 39 58 65 47 199 142 100 55 198 188 
114 110 100 59 74 187 35 121 135 58 144 116 171 51 121 184 142 66 124 187 193 186 38 16 1 116 32 163 45 190 119 182 191 101 76 43 135 171 169 34 11 2 106 16 155 119 148 110 177 59 112 45 13 83 132 92 192 176 69 81 48 196 4 198 155 121 166 117 48 26 179 18 46 200 188 181 80 185 18 163 43 113 86 81 123 155 187 19 179 47 18 107 9 46 47 96 189 139 90 71 112 30 151 9 108 64 100 145 111 2 152 185 181 24 194 52 11 115 154 148 1 180 28 99 52 
61 62 58 30 164 116 194 179 96 108 36 112 62 41 146 80 175 1 151 54 173 116 193 67 85 97 162 174 5 35 20 135 38 86 96 174 19 90 93 36 16 35 104 64 172 73 128 21 94 164 25 165 129 142 71 162 64 20 160 141 58 42 7 34 96 190 199 189 78 32 54 116 38 150 13 146 118 200 8 118 123 171 151 128 128 64 60 169 14 167 161 40 178 175 30 26 60 31 174 188 130 182 131 159 27 154 62 5 70 33 92 163 127 154 109 131 72 131 87 114 18 165 48 51 155 
31 34 65 49 108 188 4 162 51 145 185 171 89 112 167 47 4 153 160 143 144 68 198 14 110 98 161 81 51 132 36 184 87 58 29 43 77 39 165 49 186 36 141 162 178 164 37 75 32 68 180 8 36 197 111 164 42 108 25 132 126 85 127 38 11 145 173 146 78 22 192 135 91 124 163 130 52 171 86 28 33 9 191 168 159 140 90 107 4 197 164 139 54 190 196 186 25 35 103 170 122 87 57 114 134 116 33 200 72 26 143 51 18 2 107 150 153 157 43 55 112 83 34 57 143 
49 131 144 49 155 135 105 199 88 40 192 83 73 97 65 158 3 130 12 122 166 6 20 162 126 105 13 81 192 148 109 186 190 198 142 47 90 114 196 107 57 132 170 111 90 85 9 13 174 11 15 158 43 79 158 143 171 81 150 24 153 64 192 97 141 124 81 41 150 199 84 53 188 158 108 86 71 151 105 48 60 142 47 124 58 178 175 35 68 160 26 84 197 33 95 49 174 79 35 152 77 133 119 31 73 152 67 127 61 86 21 16 29 145 180 178 126 49 156 69 122 17 19 74 47 
196 129 116 200 189 87 62 80 25 183 48 42 13 43 89 96 95 122 125 57 48 125 116 69 95 182 34 196 53 45 112 190 10 82 81 7 107 130 103 134 149 58 27 132 11 87 91 144 46 33 170 31 195 34 85 184 117 158 140 67 47 69 66 185 93 53 4 164 94 73 177 12 183 198 1 80 187 9 14 175 91 155 91 183 3 37 14 111 10 112 37 73 49 145 134 71 194 5 10 132 107 148 173 6 164 11 16 58 116 137 123 181 100 176 3 12 16 23 76 114 82 116 53 130 51 
198 13 66 199 30 50 104 190 163 139 12 101 35 43 78 170 168 35 189 7 86 147 152 42 10 140 63 51 74 30 64 129 77 21 125 61 73 200 129 22 16 101 7 196 39 79 82 87 148 22 18 20 25 99 25 63 62 13 29 192 141 44 91 109 29 73 62 37 25 70 41 24 86 35 68 178 190 130 185 157 176 167 100 82 77 67 95 118 39 194 114 27 112 160 14 90 59 170 18 165 104 83 114 80 67 182 118 160 183 166 106 193 42 53 140 104 69 65 36 35 92 3 31 160 55 
188 51 155 5 141 82 149 181 55 61 78 168 108 70 161 62 145 195 134 37 91 24 59 7 134 172 166 145 7 115 197 20 130 79 150 110 78 191 154 178 94 183 10 166 200 194 64 26 96 168 90 179 110 118 65 27 185 18 106 21 188 84 36 137 60 172 82 68 89 93 34 2 184 133 119 15 65 87 17 58 100 127 57 45 28 67 36 194 7 162 109 18 160 103 26 104 117 40 198 102 6 125 194 197 52 39 79 5 123 89 24 180 159 162 120 185 96 122 81 7 149 102 181 108 53 
121 133 142 149 103 69 98 17 4 86 162 39 103 180 155 104 43 141 196 8 79 85 133 195 8 159 190 106 147 66 85 31 105 162 166 178 154 60 21 113 132 41 189 137 32 76 182 133 88 115 138 128 185 130 76 90 199 21 151 78 135 127 74 15 29 136 21 192 81 8 116 88 4 147 137 190 128 159 168 142 91 1 165 106 89 149 30 14 165 174 115 64 109 30 86 170 18 133 174 3 140 36 172 109 8 83 59 51 98 144 71 128 8 189 29 180 145 172 134 179 124 168 83 197 92 
184 200 45 91 3 126 94 29 167 144 175 93 116 183 174 197 115 185 137 160 178 10 30 174 41 77 114 108 91 98 131 56 67 95 27 181 24 139 23 55 62 36 108 184 29 64 20 199 129 182 135 72 125 187 13 36 176 14 183 23 133 141 97 37 179 69 10 65 20 1 105 95 133 130 193 177 62 175 113 168 56 112 37 34 192 132 141 115 108 165 128 163 21 51 141 45 47 167 116 96 37 8 195 141 25 158 153 8 142 128 199 91 195 49 55 159 120 103 194 132 65 188 180 102 155 
20 185 121 27 129 146 123 143 63 67 97 88 188 147 110 182 123 39 27 103 80 101 111 44 60 20 39 62 137 97 29 20 160 21 14 74 99 103 14 31 51 139 102 21 97 78 95 30 136 190 115 80 72 173 19 83 28 182 93 137 10 4 89 114 53 158 199 82 187 21 53 173 175 107 128 69 188 57 82 8 181 103 169 24 64 59 61 1 78 112 146 168 152 147 162 33 3 96 22 31 167 176 133 30 121 50 94 152 38 139 100 49 66 5 11 20 163 70 33 29 21 23 10 70 58 
133 156 45 110 180 73 160 132 14 194 95 171 111 53 9 82 55 188 104 142 15 113 101 163 13 112 48 140 193 67 176 165 78 107 123 67 39 184 130 109 109 108 76 3 38 15 50 115 118 41 127 3 61 36 110 75 168 135 73 171 60 177 97 145 189 9 94 175 72 24 123 89 104 52 28 48 151 131 180 102 116 39 71 79 30 186 154 188 170 161 162 148 56 176 145 155 145 195 74 76 56 130 5 114 197 52 82 122 63 62 43 165 111 173 166 117 97 36 13 141 45 137 59 160 145 
165 147 115 39 155 58 180 66 148 93 101 138 1 102 12 37 103 147 56 85 134 53 33 121 44 115 153 124 82 189 74 4 157 102 179 156 36 7 191 197 188 35 24 61 156 144 180 72 96 5 115 78 140 5 41 50 124 71 101 176 64 119 56 105 167 178 195 19 86 54 147 37 101 174 146 88 14 80 71 150 133 174 6 112 159 64 180 13 183 76 178 125 84 132 133 39 131 78 165 69 143 198 65 46 163 31 83 40 107 192 117 23 36 102 88 7 32 109 11 3 109 168 54 86 51 
36 93 129 145 129 77 73 28 164 158 78 156 168 178 13 176 180 50 44 169 79 13 152 56 125 167 29 62 175 31 40 173 34 68 184 76 58 73 120 30 101 46 151 148 130 54 103 36 134 80 167 147 56 81 93 198 128 90 145 102 190 29 93 51 19 118 193 134 96 131 115 58 62 153 61 181 99 32 146 38 114 106 83 129 21 37 96 185 152 174 56 57 170 27 166 18 122 84 20 196 53 28 176 25 126 85 185 160 145 94 5 195 73 49 1 49 58 100 31 131 40 170 137 137 122 
92 45 108 145 199 173 40 66 122 174 8 63 164 172 42 25 91 133 18 193 104 87 196 63 117 136 41 199 134 197 121 176 13 42 59 71 114 128 34 33 78 13 160 43 1 128 117 71 171 190 155 86 103 192 175 115 129 147 16 29 164 154 104 53 121 192 169 114 166 24 116 172 115 194 90 134 67 123 151 187 172 51 109 141 27 185 13 173 148 96 57 10 28 52 102 4 19 38 188 98 53 85 155 120 146 69 59 191 11 175 45 114 60 42 64 74 19 184 13 194 133 85 23 48 169 
86 64 162 200 46 70 81 121 98 140 76 115 143 196 192 62 131 135 57 107 71 85 112 95 54 172 33 72 197 187 13 21 25 162 154 198 174 39 81 151 78 80 78 90 90 39 154 172 43 74 57 186 83 121 16 118 99 139 92 37 1 34 36 96 8 171 198 93 146 62 66 178 175 139 200 102 169 31 81 81 63 90 140 150 184 103 190 162 179 41 56 194 60 30 175 123 85 138 119 1 73 126 2 75 19 68 58 26 136 49 12 78 48 43 185 47 102 174 72 61 36 66 32 176 15 
113 112 147 9 189 161 158 105 160 24 152 126 136 89 5 24 125 198 55 183 9 82 107 72 180 42 23 146 26 181 118 68 45 101 87 128 170 167 40 6 90 76 95 173 109 192 64 200 179 26 88 175 83 113 53 88 115 131 63 150 163 57 96 60 133 142 200 28 167 2 165 34 109 63 121 187 171 2 85 79 86 116 10 184 105 71 6 164 45 147 30 39 33 139 8 55 50 41 22 151 104 5 77 94 70 112 156 13 154 16 7 81 61 1 200 1 185 82 5 174 115 102 39 192 81 
149 3 143 169 179 179 123 190 35 62 149 16 191 59 5 52 192 178 151 145 16 182 89 65 74 172 149 48 180 113 107 52 167 19 127 149 158 11 103 87 129 19 88 138 172 142 78 40 46 196 69 193 82 180 63 130 174 149 173 7 78 94 183 190 7 36 93 1 136 2 87 189 195 47 1 60 127 126 73 175 186 69 70 65 59 137 47 79 47 39 62 47 113 184 27 116 78 53 191 122 121 50 150 124 8 75 68 198 170 108 111 91 154 27 116 115 171 4 132 114 157 175 58 18 59 
128 29 148 21 120 58 16 164 149 102 69 150 9 154 36 33 128 4 4 32 187 12 194 80 38 1 93 109 56 130 133 3 24 150 43 43 13 10 119 160 66 140 10 42 147 112 150 189 47 88 6 66 179 157 180 82 62 78 151 51 96 134 195 58 135 7 54 74 94 172 37 2 66 189 155 104 102 47 104 199 144 31 102 112 157 168 19 161 99 21 51 29 52 197 118 180 70 128 40 183 185 190 101 200 23 24 35 14 62 97 169 39 57 6 66 9 171 152 157 173 72 154 38 78 194 
127 98 148 150 121 195 157 166 91 146 86 27 113 107 147 194 27 47 63 66 95 99 194 8 193 163 107 163 16 146 88 93 186 60 199 168 36 75 153 24 196 174 36 148 197 155 111 45 23 86 192 119 165 171 171 182 93 159 13 21 40 22 188 126 5 19 94 177 25 152 45 178 186 91 76 87 96 102 133 131 20 149 114 95 121 144 83 76 110 183 105 113 30 196 88 38 40 66 109 88 95 168 102 35 37 63 171 123 137 128 12 141 97 180 110 169 11 55 89 68 121 184 21 173 50 
78 175 185 154 9 78 50 137 16 157 124 123 119 70 74 11 90 114 156 7 85 181 37 152 71 18 151 64 50 63 18 51 22 75 129 75 20 194 103 27 115 166 98 125 23 157 86 68 104 38 146 45 153 16 192 181 51 45 115 196 82 129 57 102 54 114 35 54 173 91 143 51 95 141 128 159 45 127 43 119 147 27 146 187 131 174 61 106 50 53 93 32 52 190 13 16 189 179 123 191 172 151 172 41 161 176 24 66 138 70 63 122 2 76 191 112 186 175 16 66 120 75 10 173 95 
