150 6
0
2
1 21 93 21
2 109 162 1405
3 157 198 949
4 161 75 161
5 168 86 512
6 182 128 438
7 318 191 1846
8 588 145 588
9 641 74 789
10 663 121 1389
11 698 64 826
12 787 14 787
13 801 3 807
14 866 73 1304
15 946 155 1876
16 1168 23 1214
17 1252 135 2332
18 1264 186 1636
19 1309 61 1797
20 1376 167 2044
21 1432 48 1624
22 1465 127 1211
23 1698 136 1426
24 1730 30 1970
25 1736 75 1886
26 1824 38 2052
27 2034 40 2274
28 2072 72 1928
29 2094 62 2094
30 2157 34 2157
31 2216 198 3800
32 2235 35 2375
33 2284 40 2604
34 2577 29 2693
35 2708 73 3292
36 2738 49 2640
37 2754 187 2754
38 2771 40 2691
39 2826 78 3450
40 2897 135 3707
41 3115 32 3179
42 3116 87 2942
43 3187 172 4219
44 3249 122 4225
45 3269 181 2907
46 3285 75 3585
47 3414 114 3642
48 3656 13 3708
49 3671 123 4163
50 3748 74 3896
51 3848 56 3960
52 3879 71 4305
53 3884 58 3768
54 3955 31 4079
55 3962 118 4670
56 3963 89 4319
57 4011 33 4209
58 4127 130 4387
59 4240 130 4760
60 4279 54 4387
61 4359 119 5311
62 4392 193 5936
63 4548 30 4728
64 4591 163 5243
65 4595 56 4819
66 4657 153 5269
67 4663 118 5371
68 4801 126 5557
69 4802 77 5110
70 4823 68 4959
71 4913 61 5279
72 4922 43 5180
73 4959 38 4959
74 4982 43 5154
75 4992 106 5416
76 5095 172 5095
77 5100 47 5288
78 5107 7 5135
79 5123 151 6331
80 5146 130 4886
81 5234 131 5496
82 5278 154 6202
83 5284 120 5044
84 5313 185 5313
85 5348 115 6268
86 5430 105 6270
87 5431 84 5935
88 5533 67 5667
89 5547 99 6141
90 5641 162 6937
91 5691 26 5795
92 5743 190 6123
93 5921 70 5781
94 5942 8 5942
95 6024 89 6024
96 6080 134 6884
97 6108 2 6116
98 6120 198 6516
99 6196 41 6442
100 6222 190 7742
101 6380 139 7492
102 6466 7 6508
103 6522 46 6430
104 6559 160 6239
105 6566 71 6992
106 6575 44 6839
107 6636 108 7068
108 6697 52 6905
109 6751 3 6757
110 6764 184 8236
111 6882 37 6808
112 6928 40 7248
113 6949 80 6789
114 7011 136 7011
115 7012 57 7012
116 7090 43 7176
117 7141 90 7681
118 7172 57 7400
119 7184 99 7976
120 7193 177 8255
121 7250 156 8498
122 7346 40 7666
123 7390 92 8126
124 7426 28 7482
125 7576 153 7882
126 7642 44 7642
127 7676 156 7676
128 7737 123 7737
129 7783 178 8851
130 7912 125 8662
131 8218 64 8730
132 8243 25 8193
133 8260 141 8260
134 8286 170 8966
135 8364 15 8394
136 8465 143 9609
137 8501 41 8747
138 8569 94 8757
139 8570 180 10010
140 8648 39 8648
141 8649 92 8649
142 8672 140 8672
143 8698 24 8890
144 8828 155 9448
145 8856 115 9316
146 8892 151 9496
147 8933 128 8677
148 8982 36 9126
149 8993 53 9311
150 8995 150 8695
136 62 82 122 10 169 69 169 166 69 93 18 65 134 95 115 164 53 74 146 123 88 162 2 190 54 155 24 163 156 38 187 166 175 37 149 150 21 103 71 188 141 109 172 19 152 110 69 43 27 165 32 36 35 29 155 145 92 73 149 175 152 165 185 19 142 57 123 97 108 142 18 140 10 51 183 97 177 44 46 155 41 68 10 79 65 53 137 97 176 125 35 156 16 97 126 113 198 41 18 16 134 179 197 6 56 82 40 115 133 134 88 84 196 37 113 98 82 133 170 9 9 181 44 106 70 17 181 107 112 18 147 178 27 85 118 82 147 93 37 29 189 107 194 136 180 69 112 72 123 
17 67 200 6 67 93 87 155 181 76 157 81 5 163 101 154 87 121 129 120 20 98 83 37 78 167 152 47 132 40 32 22 27 81 188 160 114 42 84 138 92 109 175 82 53 57 110 138 87 29 52 192 132 31 191 87 200 76 13 151 130 91 21 183 23 81 1 160 184 192 38 164 160 190 37 132 33 29 167 95 82 55 37 28 138 50 89 113 179 20 156 26 108 46 99 197 61 35 139 171 100 70 150 62 70 2 108 117 12 37 174 170 179 198 50 12 182 67 43 129 33 71 71 146 108 185 11 190 143 76 115 125 49 186 68 28 85 57 83 109 132 57 25 154 184 112 136 64 87 172 
158 180 50 183 104 101 115 117 114 178 63 22 97 145 122 91 15 135 176 86 18 125 178 151 200 49 54 157 110 110 61 167 23 55 12 60 81 178 164 87 85 152 142 117 37 84 68 1 95 195 21 137 149 75 29 174 45 103 146 105 191 92 24 43 67 72 84 84 69 119 108 132 88 50 36 162 192 162 93 109 154 11 62 172 24 52 59 200 178 106 16 147 136 186 5 172 132 80 85 38 13 62 46 157 102 172 86 1 115 188 85 192 155 61 137 42 34 137 125 166 140 199 107 27 187 133 102 43 134 150 57 126 175 5 9 145 195 11 138 163 116 143 154 70 82 101 160 200 78 35 
132 188 192 124 192 32 59 38 192 4 144 158 19 39 75 144 40 157 192 123 134 141 130 141 147 80 108 157 98 64 41 71 116 106 81 13 64 130 87 97 143 159 95 130 145 143 198 195 179 151 69 24 89 142 130 21 76 199 183 101 107 80 70 144 164 113 78 45 105 147 130 194 164 134 174 143 62 123 88 152 138 146 158 75 145 77 20 40 130 89 106 28 58 30 95 137 125 18 33 181 82 172 7 150 168 156 100 53 136 184 83 44 122 9 120 118 54 44 109 49 136 29 41 38 188 118 124 130 87 159 185 147 15 106 121 197 41 150 164 106 87 182 14 182 22 108 50 163 73 176 
102 17 185 174 83 19 142 2 51 128 97 44 83 147 157 138 139 20 11 5 67 37 191 19 76 146 91 46 87 198 158 59 112 127 8 144 166 54 145 110 82 111 174 173 118 35 13 132 36 183 123 129 194 171 9 94 126 23 30 70 169 31 23 186 145 108 58 115 165 153 65 91 38 104 12 48 148 79 5 43 23 90 58 184 4 67 194 141 112 183 172 150 119 150 182 26 187 154 105 7 83 130 195 101 106 22 43 21 64 148 38 127 107 139 85 53 159 2 120 94 91 110 101 98 108 43 129 90 43 7 68 143 136 195 140 134 191 80 68 96 6 140 188 103 74 147 56 72 142 162 
11 2 126 144 58 117 148 93 25 126 97 179 192 26 82 12 151 180 76 193 168 179 159 155 138 131 43 156 175 160 51 184 186 71 39 200 116 20 74 195 25 10 52 102 168 180 16 18 198 177 121 37 188 8 175 121 141 103 90 46 64 56 53 75 188 55 170 110 64 92 134 125 76 153 191 126 52 99 139 192 95 166 178 189 49 127 49 192 4 53 15 89 54 132 146 168 185 13 11 112 141 8 158 7 171 118 133 192 24 30 186 107 97 134 185 146 82 86 50 28 89 170 71 23 136 13 175 108 199 26 108 144 195 73 157 25 184 12 175 58 93 193 182 34 5 188 108 80 34 89 
141 68 105 10 55 189 89 59 1 37 121 163 98 61 88 32 41 23 13 66 114 106 108 199 120 92 85 84 33 17 131 45 99 22 165 18 108 125 52 150 114 147 93 86 110 59 110 27 187 125 12 150 184 90 33 95 172 114 101 108 37 54 61 101 40 5 179 34 163 178 52 157 24 122 186 176 6 150 100 106 42 66 36 168 20 114 153 66 47 39 20 70 156 126 139 196 170 191 188 129 43 36 115 142 64 34 173 124 149 136 153 162 15 30 164 30 179 117 138 43 63 190 186 49 5 142 177 27 64 186 196 74 10 147 12 58 159 3 12 181 69 170 117 117 70 62 86 93 25 148 
180 99 174 64 9 59 40 150 49 98 187 113 75 115 146 6 13 47 3 139 106 139 100 84 148 37 136 86 32 62 161 136 164 121 119 125 156 41 88 135 154 140 20 148 180 127 22 29 56 126 115 128 41 191 33 61 50 67 15 124 126 162 185 109 87 41 112 56 107 116 166 30 84 45 44 47 61 39 130 64 166 56 18 88 198 181 42 37 82 133 152 51 124 40 14 32 85 169 22 125 47 104 91 83 119 77 144 120 130 133 188 44 160 41 184 62 124 153 129 69 115 28 160 112 82 62 186 53 38 190 164 110 149 167 54 60 96 81 21 22 66 116 179 27 14 96 17 89 80 98 
142 158 18 94 142 32 41 133 84 156 91 82 17 94 70 165 84 180 9 56 156 20 164 193 47 65 146 125 74 173 26 16 43 165 25 167 45 105 78 23 36 100 56 172 160 78 101 154 119 107 167 25 97 179 135 163 55 112 38 49 199 33 179 58 138 130 163 95 86 160 55 65 27 60 118 179 80 164 125 115 73 10 80 14 160 6 138 179 117 95 77 35 78 175 11 38 37 107 103 22 21 120 150 7 134 82 104 80 67 118 105 85 160 83 6 17 158 7 32 110 13 112 76 109 166 159 157 58 157 142 104 108 68 197 50 123 116 130 72 22 78 148 136 196 20 40 48 146 154 122 
47 147 7 128 40 108 170 56 131 96 178 23 59 129 37 46 51 102 115 74 99 87 164 167 132 180 17 62 29 68 35 195 190 118 8 31 57 150 17 134 41 167 66 115 128 6 34 27 139 170 68 168 166 47 140 42 27 148 140 170 9 74 112 165 167 125 17 59 135 101 67 85 134 81 35 175 45 13 177 112 52 141 11 187 88 150 54 146 138 200 79 85 51 21 65 116 157 99 131 74 12 123 10 185 5 154 180 8 174 39 68 109 15 98 4 64 64 133 32 46 143 180 52 192 53 43 132 167 80 16 93 6 23 33 27 110 44 47 110 120 196 96 44 114 61 72 90 31 147 107 
143 138 13 75 20 99 74 30 67 62 82 26 58 143 186 94 84 120 186 103 189 94 50 194 9 165 19 158 61 112 163 191 137 71 114 14 188 185 89 79 50 165 100 69 15 127 179 45 49 116 124 87 5 88 132 168 186 142 120 176 165 122 152 2 136 141 191 8 175 63 126 45 73 188 115 142 16 198 81 22 8 163 165 31 190 172 177 145 95 33 139 2 148 149 22 137 66 41 1 21 17 40 82 95 156 186 103 122 163 32 102 127 184 188 152 4 117 116 11 63 17 111 86 32 102 85 114 55 196 155 20 127 120 197 96 58 173 141 110 137 37 114 42 103 34 129 165 49 138 181 
54 63 62 21 3 71 7 186 69 170 101 128 172 165 31 141 84 100 115 102 97 162 39 5 100 92 179 51 114 109 102 168 30 76 23 114 88 182 177 48 66 129 113 126 27 188 141 13 138 56 69 56 30 58 106 177 54 20 90 89 117 159 182 190 96 108 187 125 187 22 126 86 118 200 102 105 84 69 184 138 13 132 168 174 93 134 127 9 41 173 194 24 188 97 48 170 151 144 61 165 126 143 164 178 47 19 170 80 154 185 71 33 120 113 120 64 153 179 15 141 180 18 144 138 147 116 35 190 118 29 167 77 93 87 35 77 36 44 175 117 43 23 169 52 35 200 41 144 106 120 
169 17 123 103 43 3 112 43 24 145 178 169 145 12 130 72 117 193 114 105 197 144 170 197 108 96 139 168 191 18 198 29 71 149 154 181 80 95 110 154 178 112 100 129 59 192 132 134 34 156 48 177 157 153 91 15 145 41 51 66 199 122 168 153 178 59 43 189 108 172 132 148 47 150 34 181 77 149 77 66 15 5 8 25 107 159 61 176 60 103 88 51 193 99 186 153 118 113 11 36 94 88 182 36 94 77 145 103 104 126 193 81 88 103 29 8 122 181 145 45 19 31 171 18 116 194 95 21 127 76 61 19 19 89 96 192 14 123 101 31 166 46 45 169 13 169 50 68 198 81 
109 26 76 139 195 119 6 155 74 192 179 138 164 91 148 79 15 121 77 81 142 149 117 20 45 127 84 189 96 60 128 124 29 30 151 181 84 99 91 145 85 52 84 67 82 62 156 14 99 163 160 87 13 16 186 121 90 181 143 163 6 21 121 10 27 84 177 198 93 81 153 152 129 141 128 151 108 141 18 120 75 164 92 49 12 178 136 157 196 44 25 129 4 151 49 57 14 24 152 3 164 139 14 22 148 63 178 164 4 161 15 14 153 40 177 118 180 171 70 42 33 134 69 108 56 172 68 27 73 140 43 200 139 197 106 136 123 91 159 200 13 71 27 16 18 28 166 139 38 167 
183 162 14 82 120 133 189 31 83 164 57 148 118 159 168 18 167 8 76 97 194 1 158 47 137 107 19 12 47 20 139 199 88 93 87 18 153 118 20 70 18 132 65 171 158 158 125 176 196 200 115 1 192 179 100 141 53 44 10 165 129 91 190 89 34 100 43 177 185 111 79 170 5 9 85 152 177 80 35 82 2 90 188 16 57 89 68 88 175 131 191 70 198 113 187 144 95 126 35 4 92 160 15 21 146 98 36 151 73 84 97 185 198 117 99 92 102 153 160 100 3 10 141 121 12 14 36 35 181 162 166 156 83 96 180 123 122 114 6 163 194 89 92 53 121 3 67 18 134 122 
146 1 20 162 69 178 162 98 44 147 193 66 167 10 182 158 42 130 64 134 131 145 138 78 8 132 82 29 181 63 200 99 75 83 149 121 175 157 79 92 127 121 24 45 103 175 185 50 88 48 30 196 122 130 159 42 55 184 145 55 164 3 139 4 73 179 62 190 81 35 117 168 165 113 79 14 96 130 146 57 11 54 10 94 128 108 4 49 44 64 38 158 109 174 67 129 126 62 131 28 69 123 154 90 68 67 121 126 2 62 2 162 50 140 180 163 181 16 148 3 198 77 135 196 108 38 21 126 81 116 55 25 67 6 197 145 181 123 164 193 168 174 194 152 105 164 34 18 131 173 
8 148 5 194 136 135 34 51 159 159 72 132 42 147 6 92 64 199 76 136 182 121 3 120 171 144 135 193 139 151 154 23 170 148 97 78 113 119 48 14 142 73 17 104 176 58 29 116 80 153 94 192 60 54 145 137 36 118 77 63 191 197 158 14 165 106 70 61 147 161 116 46 166 133 7 196 172 34 199 116 78 27 76 20 197 73 133 131 133 148 31 171 37 2 56 53 134 170 60 189 19 158 74 137 152 21 24 95 73 121 188 87 74 113 154 115 15 184 177 61 149 172 88 86 78 160 116 99 9 152 101 155 53 87 137 113 178 135 24 26 72 127 27 41 196 174 99 100 75 186 
32 176 185 140 55 114 120 194 42 16 175 180 18 150 156 111 16 151 32 154 68 80 102 48 113 36 43 58 65 200 106 30 148 43 58 173 80 189 102 143 116 48 165 159 171 75 35 113 48 90 26 34 93 110 38 122 161 173 125 40 146 137 8 195 6 177 12 106 97 43 147 53 162 91 197 50 24 117 85 46 132 141 68 185 79 153 123 174 155 96 151 193 10 96 1 10 109 142 133 184 1 128 81 146 61 174 72 84 37 78 180 15 66 12 29 41 109 59 46 32 197 89 53 194 62 177 57 192 167 69 65 74 100 110 58 168 74 100 79 61 97 32 80 56 139 96 60 16 198 103 
11 152 64 152 133 181 29 50 106 169 102 48 53 80 124 53 68 52 198 72 54 60 80 85 74 11 176 145 68 154 61 10 67 10 143 158 32 155 80 108 69 68 176 53 58 145 173 198 144 169 64 140 4 1 108 146 75 1 143 173 92 42 13 83 189 23 158 59 42 132 160 120 174 147 117 94 112 25 185 47 161 5 95 11 64 180 13 33 178 99 98 20 184 191 92 150 170 29 16 196 155 135 12 28 105 172 127 47 50 19 26 70 35 43 33 108 177 128 161 189 85 125 151 63 149 118 156 45 4 178 43 129 119 76 119 58 161 68 156 49 5 90 175 110 175 104 176 162 80 190 
133 46 98 42 141 161 159 56 58 182 2 200 64 171 109 12 167 78 199 6 38 57 73 145 17 95 93 56 71 4 135 172 67 168 29 118 53 186 125 197 146 54 38 71 127 114 12 38 127 35 178 99 80 63 119 171 124 65 73 97 151 82 139 180 131 17 20 57 109 69 72 121 18 160 120 5 134 130 107 172 125 48 98 96 19 71 125 184 57 165 195 107 100 15 137 188 163 170 179 3 147 164 18 23 174 123 142 10 53 116 47 137 134 89 172 82 197 9 39 52 116 140 113 112 176 36 53 89 25 130 181 107 63 13 28 114 192 50 48 106 99 181 119 148 107 42 158 85 140 91 
159 154 44 25 153 87 118 22 120 83 56 107 122 3 95 125 87 185 112 79 126 135 131 8 165 123 181 81 35 86 48 185 40 196 105 86 173 63 43 70 85 184 121 118 91 176 123 122 103 162 170 54 102 151 19 14 96 130 31 106 129 45 139 164 126 67 20 109 21 92 166 51 78 93 44 176 78 142 193 82 61 193 158 57 73 116 59 195 112 131 134 142 191 119 2 97 200 188 108 75 151 109 39 200 176 66 135 196 49 150 129 58 191 115 1 166 30 75 61 71 92 146 70 107 5 20 152 179 108 60 24 176 139 83 78 109 91 21 17 70 85 135 120 84 177 104 72 16 142 182 
8 72 186 78 146 98 140 19 83 101 99 29 154 30 185 99 135 99 149 54 89 71 127 146 129 75 19 135 143 185 20 74 28 56 2 165 53 146 200 78 167 67 133 147 75 200 196 184 37 185 47 70 125 174 161 43 9 61 185 9 93 99 15 22 165 47 109 77 22 4 99 74 58 48 39 129 25 189 95 13 129 52 91 131 145 76 27 94 2 55 16 140 192 139 193 70 192 171 146 15 128 112 5 162 152 153 77 4 176 4 145 121 182 27 53 149 103 172 115 165 55 197 185 130 143 179 179 11 169 68 150 127 105 189 191 165 38 195 58 27 58 154 94 71 68 13 173 69 145 169 
169 44 149 110 71 138 199 166 150 34 156 79 11 101 132 86 156 134 171 16 14 167 163 68 124 63 53 55 138 82 40 135 114 71 79 96 192 111 139 6 155 58 105 179 65 114 80 181 41 147 109 67 57 126 35 171 152 34 188 132 168 183 109 159 80 73 65 128 87 19 54 97 87 109 139 182 156 34 60 6 83 148 49 11 96 117 108 117 61 134 94 111 140 111 197 4 62 45 2 181 102 77 41 66 2 96 76 10 92 67 108 20 149 130 28 63 77 85 86 92 141 21 162 109 93 35 164 138 70 111 152 155 188 151 53 55 79 88 4 11 176 86 126 56 19 132 26 70 106 118 
125 173 98 6 133 58 20 5 72 41 144 150 93 105 159 196 177 25 36 86 51 145 16 25 198 54 35 104 82 193 96 168 139 197 192 71 115 91 95 179 70 103 43 22 164 120 68 76 94 129 54 62 169 123 143 89 14 65 60 128 67 145 198 14 163 199 9 144 143 73 130 84 100 86 98 98 129 28 125 150 119 182 184 54 159 63 69 38 59 122 172 2 65 126 25 177 168 22 11 63 122 131 142 22 65 158 54 53 61 185 83 62 188 12 192 65 82 40 25 54 150 29 127 103 59 144 4 67 29 141 53 24 179 108 145 166 188 190 83 104 46 114 183 108 65 186 150 92 163 118 
65 187 3 18 44 136 120 166 111 76 77 164 23 162 134 102 8 16 56 83 32 21 102 175 199 107 142 176 96 146 50 11 58 172 157 118 100 96 17 94 38 136 136 49 23 198 114 111 102 37 118 83 25 41 164 80 60 134 83 41 59 125 183 66 54 55 111 196 90 32 103 118 60 83 153 27 29 89 58 54 113 40 8 126 109 152 115 120 60 170 44 9 172 184 183 78 60 134 121 68 170 186 26 191 59 123 78 118 104 173 103 94 101 29 44 36 188 30 135 45 168 69 1 97 78 163 3 174 10 6 96 123 38 152 113 80 62 38 193 28 177 200 28 35 146 50 113 42 45 80 
13 1 116 49 182 19 194 189 102 119 142 32 69 178 4 191 35 175 58 4 94 54 42 171 49 182 194 108 162 166 70 107 138 164 175 160 90 47 183 169 86 114 27 158 83 68 104 197 27 173 117 76 72 142 123 23 126 135 177 28 184 27 90 61 131 130 39 133 57 142 180 139 184 48 172 106 31 59 55 74 148 131 18 18 134 130 133 112 84 64 138 33 126 183 64 186 20 46 15 64 42 22 158 3 147 26 30 199 63 147 129 118 125 3 89 159 18 48 100 198 47 172 183 101 46 183 89 151 28 167 176 166 195 87 7 179 99 78 183 91 117 34 89 149 24 128 71 158 156 80 
129 111 36 166 10 7 123 16 147 192 174 143 154 188 24 198 172 12 72 181 103 83 35 196 123 12 58 96 52 27 171 132 123 38 127 197 29 102 49 59 37 168 137 179 45 178 162 172 172 128 13 6 15 3 147 119 2 63 2 85 77 79 120 159 18 134 63 135 100 1 38 158 85 110 5 35 31 33 131 171 20 40 38 120 77 129 175 15 109 179 162 78 161 124 171 37 139 112 78 89 37 41 145 171 87 154 47 195 33 181 15 62 60 135 40 101 9 193 65 177 175 65 39 146 21 198 118 104 50 91 82 82 139 104 192 30 111 179 40 104 174 47 37 26 44 148 97 136 31 94 
80 120 173 68 15 109 3 113 35 186 88 97 182 186 56 175 22 29 181 12 28 133 104 139 182 149 160 115 131 105 60 78 119 162 110 170 161 151 37 5 112 135 87 154 176 48 117 156 72 46 57 36 149 35 143 196 93 113 129 28 139 162 81 78 198 179 48 91 70 168 64 53 144 112 95 87 199 140 165 116 113 57 66 13 46 117 136 65 48 81 119 52 153 119 74 65 194 161 42 114 101 12 57 83 127 133 82 57 65 8 177 199 97 73 52 85 68 115 186 91 174 154 58 96 163 189 177 181 195 109 105 31 141 37 112 3 151 125 192 154 101 187 28 4 66 103 151 24 107 163 
196 124 162 105 32 53 124 153 88 123 20 46 52 181 172 155 184 158 180 38 17 198 66 36 188 194 39 146 163 165 180 67 127 30 27 184 184 85 97 11 30 25 132 191 148 79 45 14 159 72 199 92 113 28 193 199 107 104 137 153 148 65 145 184 29 195 76 113 120 110 175 1 1 43 135 158 44 78 120 95 173 25 34 64 138 55 1 94 58 167 92 166 38 45 170 126 137 169 116 169 3 37 44 99 14 3 97 3 194 6 17 33 150 80 107 151 35 114 186 116 28 166 19 191 97 169 30 47 147 104 63 42 177 47 107 164 66 141 49 150 8 42 1 139 49 81 28 175 84 105 
193 69 32 26 148 154 129 161 25 183 56 69 17 68 185 156 65 112 170 75 122 57 40 114 55 57 181 167 162 116 77 95 63 181 147 99 20 59 146 144 128 6 12 136 198 160 21 21 130 90 10 116 179 74 84 99 155 160 37 143 182 58 40 9 59 98 179 140 71 153 79 107 5 67 86 119 30 7 101 111 152 128 18 95 44 152 193 22 47 135 67 104 126 63 151 147 137 114 110 49 162 132 165 33 171 77 1 158 115 157 34 160 157 72 84 54 49 17 14 118 41 116 144 144 23 161 188 145 76 63 135 76 165 70 132 50 195 27 36 11 200 134 137 100 87 51 126 93 107 99 
130 90 58 85 65 160 180 112 177 109 100 17 176 88 182 177 50 118 164 26 12 152 154 122 12 189 20 116 80 105 138 131 75 118 180 86 127 5 89 117 62 182 158 170 47 121 84 178 155 126 124 86 60 105 100 176 51 28 129 9 19 86 168 58 189 159 164 100 126 27 171 78 110 53 142 39 65 191 66 66 116 104 91 3 188 13 24 165 75 197 66 198 34 115 91 93 146 98 14 163 54 189 72 160 126 45 162 92 83 195 139 189 31 120 172 80 92 136 146 193 79 2 99 66 70 186 164 97 79 101 62 54 32 98 13 102 193 112 79 172 72 102 45 163 99 153 144 167 157 37 
140 137 7 53 37 27 36 39 72 138 154 42 76 69 43 2 72 20 26 1 147 16 173 128 48 64 187 128 123 174 151 111 103 175 106 142 113 95 177 6 113 33 145 85 185 48 138 81 96 138 22 200 106 135 196 178 59 180 57 3 150 146 161 12 185 191 174 24 160 40 137 156 150 48 54 11 51 194 47 116 72 195 132 73 193 103 150 160 146 95 116 7 187 58 113 132 38 145 86 105 104 61 51 168 145 65 170 102 186 176 30 60 89 83 80 160 115 49 149 105 97 170 58 8 74 27 84 85 175 83 100 99 77 46 80 2 199 23 132 96 108 85 61 59 197 99 87 17 36 41 
106 174 32 38 3 1 51 45 131 181 89 4 170 200 145 167 33 151 140 61 64 51 191 67 73 48 64 87 8 71 55 56 55 83 52 161 93 72 62 109 136 191 135 67 167 19 80 86 50 10 96 188 150 79 88 119 140 13 142 173 92 170 141 115 39 31 179 190 200 29 61 73 185 27 121 133 16 121 193 92 81 28 66 13 197 24 61 156 131 12 97 30 58 193 174 45 197 74 36 42 18 65 124 42 152 157 36 48 9 174 117 200 186 128 42 168 150 119 170 22 126 82 45 84 76 62 63 122 191 2 79 136 84 119 109 62 19 199 56 24 58 182 125 17 122 21 43 196 136 6 
53 162 22 161 113 94 77 189 116 50 180 38 200 132 116 87 116 70 25 99 137 187 129 82 122 152 22 180 50 34 137 108 118 68 131 59 72 111 28 58 1 16 96 18 142 185 41 111 171 114 94 188 52 100 170 63 184 20 159 49 70 89 34 39 81 34 114 82 33 189 164 65 123 125 160 46 128 102 64 188 57 120 98 72 167 29 123 70 125 133 95 8 100 3 144 21 160 150 92 177 63 125 141 21 191 25 77 185 112 55 143 76 123 61 21 68 152 6 116 172 22 151 111 178 115 102 104 139 132 89 117 82 102 103 82 173 179 129 122 49 189 11 180 37 144 83 134 9 25 175 
187 60 1 62 108 68 137 52 76 12 40 83 184 38 173 12 157 181 158 87 119 139 124 171 114 93 4 80 84 122 87 1 116 57 160 81 182 120 70 52 123 163 54 152 146 161 189 36 49 99 167 29 80 49 161 60 101 93 75 36 189 113 94 100 29 123 10 100 168 64 155 67 53 9 26 142 14 33 83 72 83 189 120 44 135 115 29 162 129 23 27 72 54 194 22 78 173 57 115 165 48 65 47 88 114 136 122 133 23 15 75 193 191 106 6 91 138 5 174 62 193 19 79 60 189 50 84 104 123 71 150 5 76 89 13 151 81 131 69 153 165 103 148 91 150 154 76 155 152 71 
40 163 21 109 109 199 198 131 101 81 70 174 14 122 126 198 161 91 163 89 17 177 41 172 36 3 139 109 37 84 34 154 67 168 45 57 176 134 79 189 183 70 142 32 37 197 20 172 150 106 78 61 197 49 39 122 184 3 8 86 138 17 106 55 21 31 196 97 23 173 22 23 107 117 74 180 41 24 12 177 89 187 43 65 1 19 110 27 114 148 151 179 57 13 191 39 113 167 128 21 3 117 123 87 28 13 151 162 90 110 114 190 42 111 40 1 39 13 157 105 140 64 197 114 97 174 80 158 95 110 43 182 151 34 161 85 179 149 110 77 62 106 122 114 61 91 99 61 174 65 
102 21 181 77 141 56 43 183 17 51 26 156 11 117 7 160 181 141 99 145 197 114 162 30 10 132 120 104 109 160 18 118 123 187 60 30 65 132 194 165 113 16 60 78 81 154 76 157 27 144 73 41 77 63 73 142 139 96 152 197 28 44 63 56 138 136 110 151 184 198 139 130 7 199 185 2 114 87 191 4 97 102 189 112 2 181 84 39 161 92 172 105 94 147 53 8 66 83 67 122 188 100 71 46 33 62 66 159 71 114 81 35 122 167 85 79 136 37 130 116 13 164 169 156 121 177 127 128 52 146 92 124 199 34 199 171 157 7 84 34 10 200 165 94 175 51 87 193 156 147 
71 165 48 101 70 119 122 44 144 87 63 53 10 146 98 9 116 179 165 63 116 177 107 24 121 23 80 102 96 105 195 58 187 129 108 18 178 150 7 78 61 30 170 64 9 147 82 94 34 156 30 6 71 170 4 23 80 189 133 42 65 192 127 134 179 170 64 105 177 197 114 131 101 191 119 24 10 30 133 144 35 16 52 150 10 148 95 148 199 152 61 3 67 133 2 167 7 139 72 149 181 158 33 139 56 121 197 168 92 3 19 185 39 74 119 122 52 166 108 63 127 117 47 11 107 173 17 62 180 191 191 103 139 123 101 143 109 22 59 10 134 183 171 184 82 101 134 168 56 72 
4 179 93 36 123 171 170 124 53 122 163 94 88 154 50 164 71 10 24 145 82 84 62 136 164 27 108 148 38 3 44 132 197 1 71 167 14 164 20 37 108 131 48 148 37 183 92 49 125 14 197 179 162 153 31 103 170 179 64 73 44 144 63 12 187 187 153 195 188 105 142 62 156 35 1 61 198 112 108 55 156 72 59 141 188 83 1 149 149 153 138 85 179 134 153 69 123 133 26 34 24 162 164 27 104 152 152 76 43 43 138 52 197 50 160 50 85 19 45 65 95 86 135 69 192 102 120 29 36 130 190 85 145 19 176 170 84 110 81 19 149 122 95 56 161 75 142 68 35 148 
161 34 162 44 126 130 100 92 149 146 1 13 16 134 65 31 129 8 23 35 33 83 188 53 183 138 156 185 86 153 120 31 181 54 97 90 121 91 9 29 87 172 96 137 57 110 155 165 9 106 93 148 16 75 58 12 168 31 60 80 154 161 131 108 33 92 135 188 182 30 38 181 22 185 21 78 88 168 46 109 14 9 67 159 83 63 76 50 175 149 95 149 107 116 38 113 40 119 99 198 123 164 94 85 29 33 124 28 138 98 11 101 44 145 77 59 67 16 57 132 173 74 24 20 129 29 71 86 40 128 45 116 111 68 80 9 99 99 115 175 182 95 146 49 106 101 17 81 62 163 
89 46 200 177 158 133 136 165 200 54 51 165 56 197 143 54 61 34 150 158 74 118 156 17 132 10 111 192 20 198 10 181 190 11 86 117 32 51 158 165 127 155 23 23 157 48 24 15 148 184 160 142 5 177 163 177 50 59 100 192 15 79 194 6 107 147 181 133 145 56 145 119 133 145 100 123 200 103 161 68 46 96 62 73 132 5 56 14 96 26 94 99 38 108 120 45 147 111 152 6 76 103 159 100 158 31 192 77 15 146 146 110 94 8 166 66 60 100 84 41 102 61 140 77 18 125 108 130 64 179 36 53 109 11 108 32 8 111 110 67 61 56 171 88 176 43 107 23 7 178 
127 145 98 186 25 169 80 33 69 175 122 168 153 40 75 182 179 177 93 51 153 101 167 159 116 138 154 177 177 166 33 131 178 138 144 125 41 104 68 199 117 188 181 74 135 181 166 175 62 93 57 131 32 178 163 163 119 191 131 120 20 153 110 39 56 89 30 24 78 139 2 143 121 46 21 69 46 183 23 3 163 2 193 23 160 107 7 91 123 48 52 193 58 176 117 180 175 169 135 142 146 53 122 100 137 67 54 180 58 70 167 59 184 164 64 167 169 176 169 105 140 179 133 161 118 24 144 144 44 200 124 200 99 44 134 34 139 108 156 72 44 25 120 67 22 55 48 169 132 41 
86 73 170 165 53 31 76 32 187 74 188 42 130 68 157 35 105 161 199 13 47 20 37 163 41 110 18 173 25 40 148 125 9 32 109 102 50 114 17 73 93 129 30 166 117 178 25 191 188 68 165 169 87 35 177 10 43 29 19 10 3 107 24 77 120 17 145 42 174 170 123 40 199 62 3 144 54 20 18 77 130 2 17 132 11 99 153 62 22 151 63 140 171 164 51 79 18 191 111 25 64 53 151 65 104 7 182 110 161 140 45 98 80 147 152 190 25 146 169 13 148 23 158 77 132 191 165 42 99 78 67 197 43 48 84 185 55 81 189 98 87 135 198 176 3 46 52 7 13 196 
61 152 2 23 58 163 59 142 111 65 15 37 116 174 74 14 79 15 180 41 69 151 129 23 87 106 199 127 104 166 67 100 124 102 106 195 2 199 78 195 1 87 154 31 194 104 179 132 19 149 50 75 60 38 107 57 149 83 112 92 39 70 17 23 45 12 41 8 43 46 74 14 21 66 123 18 22 43 133 193 127 181 66 102 174 161 157 63 14 94 154 134 187 154 67 85 147 20 86 185 189 5 50 25 130 88 121 134 23 97 125 125 130 11 125 148 97 53 65 55 76 100 165 199 23 166 13 182 137 93 25 13 17 138 37 55 45 151 129 152 107 67 38 24 33 67 31 134 81 76 
155 91 158 66 136 44 176 18 172 189 105 9 17 56 58 3 13 57 108 151 186 136 75 114 23 129 176 142 84 177 156 99 23 15 132 148 78 123 26 30 17 143 173 196 98 109 65 164 66 28 99 164 28 198 52 90 186 165 33 61 135 53 162 95 52 146 100 190 176 75 62 25 124 94 4 102 50 124 60 60 169 70 194 60 116 80 130 146 108 192 64 93 4 72 51 48 29 122 79 198 56 92 137 61 178 52 20 130 178 80 55 138 50 28 48 80 88 142 109 29 33 26 91 71 95 192 93 47 68 84 165 170 131 154 93 44 67 165 48 116 89 79 191 73 187 60 99 64 189 90 
34 69 19 146 151 115 182 128 196 25 177 183 34 160 134 33 95 182 78 25 139 173 135 132 168 145 76 59 175 90 100 176 193 146 88 37 19 108 180 76 141 112 117 167 178 56 156 135 22 178 56 24 178 184 130 115 159 90 16 184 93 55 176 137 86 145 100 125 177 76 79 29 14 186 129 174 89 125 115 196 186 193 171 143 197 27 96 152 152 132 4 95 107 196 195 88 48 115 132 59 175 106 67 33 108 132 138 28 192 178 77 169 13 149 103 2 95 166 69 140 7 60 15 64 195 162 194 5 87 52 55 143 3 48 103 45 101 8 39 29 10 133 158 181 4 55 22 21 77 137 
37 151 153 9 169 196 186 31 91 113 141 63 178 61 160 59 54 63 111 1 167 109 125 111 37 186 95 121 97 77 2 52 90 75 39 125 42 56 82 41 65 175 25 57 137 134 67 143 94 149 130 90 8 196 142 117 107 7 124 155 22 170 87 83 46 49 141 33 178 184 108 200 102 3 85 117 92 20 125 57 173 40 186 14 194 158 161 169 66 157 135 40 185 96 193 47 29 131 78 140 50 51 108 70 88 72 198 137 34 119 29 97 47 183 118 54 161 91 33 3 10 99 139 182 43 4 3 85 74 89 137 71 128 169 156 81 138 197 155 169 40 67 152 79 141 98 44 151 15 15 
94 172 194 69 196 185 78 183 116 112 171 47 119 78 128 165 163 194 125 65 163 104 86 33 48 12 22 153 62 13 92 135 181 30 80 156 179 182 115 160 123 195 198 7 27 68 106 100 79 183 31 44 63 77 120 143 7 60 130 138 32 16 8 192 54 41 86 32 67 199 149 189 16 49 114 187 197 147 50 18 152 21 112 64 29 100 8 98 1 115 35 33 19 189 104 185 175 9 55 160 106 18 51 11 83 146 1 45 139 186 93 89 114 31 63 193 116 124 80 102 64 46 147 194 96 178 104 143 83 111 128 52 199 75 184 160 69 90 131 100 126 193 39 125 89 35 190 29 102 160 
27 113 43 177 163 81 155 131 63 182 68 152 103 94 135 135 85 151 77 54 82 89 25 169 47 66 62 106 77 36 64 26 95 89 136 58 67 80 64 86 165 84 7 84 38 131 23 97 169 107 32 120 167 180 157 45 169 89 87 5 49 155 16 35 130 141 33 66 125 34 120 199 22 17 181 68 99 116 149 25 137 9 29 119 68 42 31 140 160 15 43 139 158 191 65 149 180 181 160 189 132 162 13 101 118 117 53 144 41 43 58 200 85 13 153 44 66 197 42 189 51 175 80 148 129 80 85 153 164 81 47 92 110 147 7 62 46 105 34 69 104 135 124 197 89 167 150 160 155 199 
195 133 191 92 90 135 63 161 51 78 153 52 124 99 66 38 117 54 32 73 36 98 72 154 147 190 26 107 65 131 27 120 29 110 182 139 175 130 83 183 53 134 168 141 184 176 31 81 144 197 91 183 2 103 198 168 21 197 182 112 178 159 161 35 116 101 3 166 81 18 67 103 45 178 178 184 107 175 23 10 7 88 66 150 36 97 172 142 171 146 88 123 16 110 148 48 198 188 110 42 176 157 45 2 188 67 138 188 139 51 149 53 183 35 171 33 4 178 100 138 153 28 146 108 1 21 182 177 189 124 95 80 184 108 75 24 95 75 102 179 5 20 3 176 156 163 87 114 140 89 
179 10 191 134 159 171 139 155 15 197 105 45 91 17 146 117 173 130 21 58 68 68 104 187 63 75 178 156 171 61 130 159 186 165 123 47 177 98 128 121 13 138 15 199 173 58 43 170 166 113 36 29 55 179 161 23 31 165 131 130 191 37 160 61 123 157 128 93 83 172 51 91 127 112 33 33 119 85 14 102 55 113 22 92 39 97 185 122 141 189 61 13 4 150 124 54 85 78 66 137 112 111 41 40 155 47 124 26 119 50 183 165 188 79 123 13 178 81 185 160 91 58 102 177 100 22 63 88 31 91 48 71 74 125 198 119 188 109 61 37 125 154 20 193 78 188 8 82 18 41 
121 179 11 98 23 74 87 185 185 35 113 122 176 67 164 151 7 151 71 49 129 42 182 125 45 13 65 23 42 152 125 116 23 123 11 38 113 38 109 29 69 134 171 197 194 143 116 86 64 34 177 54 61 193 73 40 43 84 12 182 175 184 8 155 109 76 67 140 24 65 62 4 37 164 171 175 193 123 5 96 138 62 91 34 60 34 9 121 154 136 35 81 195 198 174 114 3 1 106 67 154 75 144 102 51 16 80 70 131 160 194 93 198 157 28 131 130 164 156 137 26 31 172 128 22 77 7 12 81 44 4 88 120 13 4 21 168 97 11 147 171 54 113 141 128 28 13 81 132 118 
114 70 158 146 143 91 19 34 145 3 68 48 194 191 171 119 54 27 113 115 149 40 30 175 86 6 188 66 57 124 171 92 110 17 11 146 179 196 75 68 152 46 192 21 179 3 155 46 45 1 165 39 112 147 15 50 78 117 95 42 100 135 96 103 72 30 61 164 154 93 105 21 122 46 158 88 15 164 57 167 103 116 67 143 177 120 161 100 102 142 36 137 125 71 177 128 63 108 3 67 149 93 189 51 129 197 150 152 20 52 28 29 67 185 23 186 30 145 123 47 90 93 107 58 164 175 168 82 193 143 154 82 42 49 65 189 66 45 121 148 106 176 200 147 88 133 55 76 52 49 
36 22 20 42 120 57 76 1 4 160 18 170 17 164 64 20 93 47 102 131 17 57 11 164 157 22 8 194 88 33 34 196 1 189 185 109 161 23 65 105 70 56 109 86 114 129 165 17 93 167 190 145 114 115 189 45 150 38 94 191 21 8 157 196 169 25 134 53 42 139 11 142 198 36 15 74 21 74 78 118 127 96 167 8 193 182 76 92 144 46 12 112 94 88 39 47 142 147 165 99 32 200 118 129 127 166 147 158 43 46 184 157 140 198 171 149 20 70 112 98 164 158 173 48 127 21 87 16 156 5 23 111 33 137 189 61 197 177 134 77 144 45 193 97 188 23 115 137 87 163 
77 122 191 97 31 175 190 96 152 59 97 155 81 149 151 4 6 73 124 112 105 72 193 25 196 20 191 179 119 81 21 81 170 37 32 69 39 166 172 23 123 46 22 181 81 84 193 2 63 144 51 121 153 49 161 174 157 62 134 88 25 187 191 93 155 11 153 113 184 101 173 171 141 111 183 50 129 2 44 103 38 44 84 175 197 75 152 56 181 148 127 200 37 25 57 109 55 77 21 52 62 168 68 89 163 106 112 95 39 31 30 186 3 118 46 41 109 41 13 18 177 165 95 24 85 19 119 57 22 34 61 21 79 70 167 85 87 40 106 30 16 174 86 101 164 140 174 15 124 137 
22 14 30 54 178 103 11 49 180 79 61 171 177 135 75 110 137 146 68 193 173 25 1 32 151 112 5 109 140 63 90 159 144 148 102 146 120 141 28 188 78 13 91 59 88 82 154 68 73 82 46 2 110 75 146 30 146 30 109 7 96 195 44 125 41 15 191 91 186 161 156 9 8 110 80 32 84 131 12 198 51 26 6 57 105 130 107 128 15 196 97 101 49 99 165 131 83 74 53 70 20 163 8 173 130 122 168 111 110 159 32 104 160 120 129 17 144 31 129 167 97 192 39 182 45 93 143 77 68 149 179 26 187 167 17 40 59 53 155 28 52 35 99 4 147 109 84 163 11 193 
139 97 94 185 20 122 75 51 147 145 118 69 72 75 73 95 188 7 19 9 65 21 63 12 71 146 192 199 27 104 197 143 165 151 76 53 95 43 21 33 146 171 38 78 34 16 32 85 146 23 199 138 85 182 174 149 22 34 199 75 165 184 91 62 122 95 60 179 200 51 138 25 156 90 121 56 147 134 84 198 140 119 4 172 60 27 155 19 12 61 180 173 48 43 44 5 109 172 36 64 13 27 189 47 147 15 34 137 150 165 123 189 120 126 113 198 93 133 38 90 192 119 172 197 145 116 54 195 61 167 121 10 124 198 159 6 164 18 125 163 37 126 30 7 20 9 131 59 174 143 
191 41 53 172 195 54 34 45 133 50 111 10 71 188 88 43 26 73 85 74 149 73 166 101 4 197 25 180 90 35 97 176 8 11 58 150 52 98 121 63 85 64 37 26 38 170 81 162 179 96 152 149 27 61 165 132 100 106 136 103 149 85 4 66 8 17 2 10 115 27 152 52 82 41 162 79 170 157 110 137 68 121 61 151 198 182 42 88 87 88 176 17 161 39 169 120 109 21 29 198 17 162 143 185 194 76 77 180 39 165 165 131 95 119 66 132 70 93 131 196 131 127 3 97 78 28 94 9 16 92 32 45 16 49 159 54 186 167 128 30 108 28 65 111 166 111 116 160 47 5 
106 34 154 98 124 174 176 200 156 22 136 32 45 54 70 33 24 95 33 11 44 183 21 145 75 36 30 136 20 181 177 186 8 50 32 175 156 188 119 86 118 115 138 23 187 28 83 161 82 34 175 171 193 132 36 164 144 12 124 20 1 107 16 9 25 193 193 37 52 76 2 188 72 25 100 35 195 96 178 21 183 85 38 176 47 175 130 162 16 189 153 197 105 6 196 138 187 148 29 198 16 11 42 56 44 93 14 188 32 21 54 39 153 193 94 57 156 59 196 150 140 152 115 54 113 125 200 88 17 36 120 172 40 7 51 113 156 150 62 174 74 114 182 23 165 76 104 168 198 122 
69 189 30 132 34 77 18 150 116 94 156 23 189 123 83 16 118 58 19 106 24 185 160 168 148 189 14 129 73 92 178 113 16 93 39 73 87 164 69 180 58 105 160 165 167 150 13 169 168 140 91 198 116 196 56 179 62 126 62 10 70 96 99 142 50 35 145 150 46 123 37 90 146 95 99 8 44 125 87 167 190 80 22 110 47 130 187 7 149 81 167 6 48 185 182 188 57 35 118 141 164 175 10 189 182 42 122 145 149 139 137 182 81 185 65 14 56 97 110 33 113 25 191 169 100 56 145 62 188 70 100 183 14 5 182 170 163 116 48 20 87 102 172 48 155 187 117 114 78 36 
81 182 145 192 119 51 23 59 178 93 21 98 112 34 141 80 98 191 117 57 101 81 192 4 83 68 63 68 158 37 120 27 175 11 122 64 149 151 150 187 40 56 33 172 88 23 148 83 68 122 178 151 64 101 1 107 28 182 29 95 28 97 22 151 84 99 113 187 74 142 19 134 6 186 111 52 174 150 56 108 172 153 35 140 65 10 183 190 60 122 167 141 41 183 34 119 121 149 94 87 141 100 179 197 68 28 138 128 6 106 151 23 142 16 160 157 55 184 4 150 76 123 93 50 8 30 45 7 66 118 118 180 83 177 93 93 52 59 179 62 162 122 186 153 190 40 127 122 93 178 
32 67 109 34 187 26 183 181 168 24 188 13 117 11 158 149 166 185 93 71 61 4 139 87 25 20 93 14 162 6 190 168 33 49 31 29 15 184 57 176 122 99 155 194 171 66 140 104 18 129 189 142 179 19 126 106 80 171 35 128 168 182 29 103 7 42 141 80 162 147 131 136 137 71 144 73 2 27 89 170 127 181 51 172 90 153 14 55 46 147 41 40 43 36 141 197 32 169 3 61 111 12 111 96 162 29 179 186 14 69 81 113 197 33 174 45 97 107 46 153 119 126 178 45 181 27 10 158 186 107 151 38 10 126 85 69 77 73 197 36 171 176 147 54 37 135 145 103 81 32 
190 30 186 184 153 162 127 66 50 144 162 7 133 91 70 148 110 152 182 177 83 110 68 83 194 65 19 134 69 54 12 110 193 103 73 109 152 116 126 63 114 13 119 158 151 140 188 61 103 174 113 200 33 125 44 12 71 150 78 157 42 37 128 106 45 178 17 46 134 136 43 98 8 60 63 14 87 99 65 161 85 97 153 159 19 129 47 161 58 176 11 119 130 103 56 156 149 90 101 6 39 161 121 94 42 3 29 119 89 49 128 22 136 100 159 35 124 16 14 162 130 75 40 195 187 2 3 70 104 168 195 185 81 102 83 38 178 99 74 188 175 127 60 27 200 43 66 161 132 26 
137 159 74 6 45 5 78 174 79 16 164 88 72 116 181 20 101 99 64 19 126 7 39 165 166 181 41 36 109 169 181 129 108 137 110 84 187 44 63 172 106 78 93 152 147 44 96 107 108 106 49 181 126 139 180 109 54 68 88 47 53 85 16 170 140 80 106 82 97 14 191 22 18 138 168 106 176 28 27 122 36 62 81 192 24 53 193 39 200 1 129 188 36 197 11 181 102 145 111 92 15 91 118 11 15 110 93 30 88 11 66 116 127 125 196 12 174 134 92 199 1 58 136 175 84 106 130 101 27 34 91 41 29 181 111 178 22 70 77 96 115 157 161 134 120 120 141 167 5 91 
153 166 156 35 141 119 139 186 149 155 54 80 101 147 124 106 3 22 100 149 135 146 187 140 36 95 178 45 144 16 161 103 186 65 89 123 86 52 86 22 189 74 116 50 151 42 20 117 55 3 148 51 124 32 194 43 199 145 13 61 183 92 165 47 26 32 8 159 122 89 100 192 194 187 20 82 10 102 108 127 129 199 95 40 4 135 194 21 55 166 151 104 115 85 12 168 18 84 92 197 105 99 141 70 98 95 63 7 175 98 11 179 26 118 122 11 106 35 199 65 42 113 145 177 75 109 77 153 3 112 190 158 63 42 38 31 119 80 135 63 70 98 89 106 36 153 70 107 173 69 
67 70 100 150 132 74 154 45 191 184 145 90 26 160 120 1 100 125 197 2 99 147 192 43 133 18 158 196 133 3 140 130 139 8 197 110 193 95 127 100 162 135 14 60 166 132 96 145 67 171 66 173 108 149 121 45 154 113 110 182 143 52 69 80 165 188 115 93 71 126 52 64 65 3 178 26 9 174 39 120 111 106 94 70 104 187 188 148 6 189 178 181 84 7 119 93 14 29 156 46 191 106 7 63 93 122 149 110 149 110 133 71 91 89 107 150 153 103 5 41 29 33 143 2 64 92 107 19 186 192 135 133 167 61 44 48 79 97 125 3 24 105 77 101 51 169 80 39 174 7 
44 190 18 154 78 54 165 61 78 39 45 143 46 162 86 144 96 83 78 71 108 64 165 101 56 98 188 89 179 160 156 189 185 183 14 103 175 198 21 135 114 65 100 21 179 79 12 24 3 86 171 119 74 44 200 152 103 148 37 192 161 40 84 69 197 34 169 171 19 199 123 73 10 179 124 191 181 79 3 17 76 19 26 101 19 67 19 192 112 93 166 67 109 155 124 129 162 152 132 16 2 47 95 82 184 74 62 175 179 11 107 29 87 24 169 56 8 47 17 190 143 127 158 135 15 72 71 144 39 151 178 123 167 184 71 14 78 183 143 36 126 170 23 171 8 56 46 14 186 140 
79 8 197 99 70 67 5 79 112 167 8 143 187 41 107 73 54 98 27 166 124 176 185 117 195 56 3 182 174 101 122 137 132 167 158 177 195 174 21 147 108 107 191 128 10 41 161 52 20 112 108 93 128 170 50 35 43 164 146 58 10 82 130 54 4 3 15 182 114 44 66 181 126 76 21 118 17 170 154 137 42 108 47 23 135 102 86 60 93 20 95 41 122 148 170 4 86 194 75 114 185 13 14 113 173 197 135 16 198 138 27 41 96 28 6 181 147 154 19 179 81 108 52 9 71 48 67 48 27 18 105 8 173 51 58 73 122 194 174 122 156 44 184 131 46 74 199 59 104 25 
59 1 111 78 194 66 72 67 10 22 135 195 128 121 104 93 19 164 182 174 159 49 130 81 128 183 35 74 143 105 133 63 22 109 45 73 146 162 192 55 9 153 1 168 24 160 120 105 126 197 156 36 42 121 128 106 23 167 110 17 120 98 141 40 90 176 120 102 109 55 44 74 117 70 77 62 139 95 112 7 191 120 196 50 1 196 137 113 78 62 66 189 108 22 193 189 48 66 186 60 144 40 24 122 132 172 76 143 24 139 42 15 180 158 8 200 77 78 186 28 136 124 42 86 198 13 22 134 31 179 169 114 110 22 166 151 26 98 197 98 153 66 165 85 83 179 155 161 25 180 
72 106 107 161 200 112 56 187 133 62 73 173 76 99 38 78 170 169 157 90 3 27 44 92 156 9 64 180 42 21 149 148 157 76 118 68 191 106 18 86 168 64 176 64 64 198 70 132 181 146 25 55 178 63 97 131 58 6 91 138 77 188 192 162 81 133 167 54 6 139 56 89 65 160 53 132 160 8 166 142 46 69 176 3 24 28 103 113 80 2 88 65 98 35 142 167 140 9 196 112 84 46 158 127 124 147 77 139 13 32 191 11 105 73 176 119 131 185 92 68 158 189 164 193 115 6 188 100 153 128 178 83 1 192 21 61 97 8 80 173 119 151 85 46 31 76 153 60 82 24 
100 147 44 152 192 130 175 152 45 76 183 182 141 153 29 9 54 191 16 23 193 18 130 114 7 60 95 67 120 26 198 91 153 71 101 24 143 140 160 16 184 138 137 193 141 117 181 74 27 28 35 26 133 9 78 146 152 22 200 110 80 187 4 165 43 80 101 177 70 187 146 34 167 181 146 54 199 193 72 168 40 126 109 168 83 123 19 168 140 121 38 26 159 89 29 107 43 143 158 105 179 60 53 144 76 193 55 156 162 184 165 61 144 107 91 184 12 8 135 34 176 166 167 189 66 132 97 131 14 141 142 161 122 153 10 189 118 23 127 162 48 47 57 185 90 25 56 130 40 71 
80 176 128 81 129 186 183 44 159 187 191 143 101 44 65 152 185 23 115 93 42 114 185 27 71 165 68 150 34 46 42 188 72 12 28 178 176 95 185 65 81 128 125 173 107 81 173 131 111 24 97 73 96 17 10 83 84 126 73 139 143 41 109 89 175 64 35 86 107 121 60 93 89 185 150 80 12 159 84 59 23 29 87 164 130 31 97 157 136 35 41 197 151 85 44 169 29 25 92 3 76 121 50 42 30 142 92 200 174 147 31 78 70 92 109 163 184 116 120 157 27 95 27 15 37 197 185 31 197 61 168 66 156 61 99 142 163 101 101 133 162 132 104 72 199 143 1 138 44 84 
105 188 92 154 77 101 27 39 194 92 164 6 23 122 105 25 197 107 53 34 99 12 130 150 156 160 158 22 43 147 136 192 110 4 40 135 195 133 130 180 69 89 61 171 193 200 146 100 166 152 70 161 127 186 159 164 158 179 1 107 77 97 12 60 196 168 160 76 56 178 186 120 4 45 97 95 43 105 41 175 181 193 48 140 138 48 83 58 36 99 91 116 105 87 29 56 62 61 62 171 193 147 61 141 181 112 37 28 174 116 55 40 14 1 88 124 73 123 5 172 165 152 184 129 195 92 109 184 37 113 55 18 55 99 151 124 65 136 119 88 46 22 18 135 31 83 123 173 45 15 
194 41 83 158 111 100 76 100 165 150 99 2 146 184 11 11 192 27 18 143 33 65 22 152 60 137 184 95 62 54 28 12 94 3 180 122 154 138 128 40 47 59 54 174 42 125 154 59 166 67 5 61 76 51 168 72 181 169 15 51 56 92 143 190 64 60 136 87 110 191 21 191 73 198 115 139 198 135 184 120 53 32 160 169 21 74 35 137 70 200 4 146 10 181 108 56 91 188 50 157 119 186 60 121 144 55 75 99 134 66 145 97 172 84 84 124 125 129 166 122 155 189 195 120 170 22 115 74 200 158 115 182 63 168 1 139 132 175 56 117 195 42 163 152 60 33 4 123 188 19 
155 116 171 107 148 89 55 70 177 191 57 165 156 108 84 21 153 177 180 160 41 130 51 159 89 33 93 92 161 62 59 67 175 186 80 96 145 112 198 58 82 89 155 121 53 106 62 87 88 5 67 146 27 19 46 163 18 134 8 82 144 30 114 19 105 40 102 33 49 172 61 56 20 84 169 96 91 21 90 127 25 101 160 38 29 50 78 3 178 78 23 154 179 196 172 126 149 108 45 120 113 3 97 186 103 198 197 145 186 126 107 130 165 110 62 71 166 79 72 68 171 131 81 40 13 142 105 60 15 33 182 65 200 147 91 13 196 123 113 109 176 190 4 32 178 54 155 46 79 150 
3 198 71 115 63 103 8 3 79 112 39 108 172 59 128 51 28 66 95 158 197 42 90 156 47 167 11 72 162 24 33 75 199 158 161 109 147 112 67 19 155 56 164 147 130 62 194 60 107 67 80 120 191 61 170 106 17 129 41 108 93 137 193 111 78 41 47 22 4 98 76 65 69 72 47 74 164 140 15 22 170 17 154 3 190 115 160 168 133 2 157 75 142 116 13 97 186 22 7 137 132 175 81 148 35 200 81 98 19 89 190 37 114 145 185 81 165 102 11 8 24 128 82 18 174 65 56 122 79 136 197 197 73 89 61 168 2 5 65 21 91 95 82 8 60 149 125 22 60 98 
64 41 148 107 53 25 127 115 94 142 48 185 127 157 171 108 34 79 24 13 43 88 7 180 38 149 113 139 100 31 127 58 24 196 53 159 98 87 173 50 154 188 52 186 97 47 51 68 160 169 197 153 14 23 89 164 55 190 85 70 190 117 172 75 199 12 189 123 117 21 55 146 35 147 197 22 69 124 82 197 133 123 149 170 95 65 75 107 197 94 18 176 59 44 190 3 107 36 143 180 64 132 116 46 64 69 104 63 162 16 87 26 59 112 144 120 18 61 28 192 2 32 122 85 123 112 95 162 12 158 112 58 179 169 96 142 158 155 5 148 68 78 174 137 11 184 173 140 89 92 
87 10 5 17 94 96 148 180 148 89 1 140 27 80 23 95 17 172 159 113 163 72 182 185 53 133 186 108 73 80 195 139 163 191 56 129 167 172 56 27 106 133 127 58 181 166 46 174 138 196 177 54 62 150 159 41 179 114 120 41 143 110 103 46 83 154 132 102 142 169 58 60 118 171 101 193 114 169 14 173 188 25 166 168 126 94 4 60 26 134 76 85 198 7 173 15 25 5 6 187 18 198 83 65 67 144 176 93 113 3 109 137 199 138 73 189 79 48 171 60 3 138 1 16 63 140 182 113 109 41 197 158 25 189 38 19 155 180 102 127 111 89 136 156 133 132 105 21 61 130 
195 27 172 28 79 121 127 176 173 21 177 103 139 22 137 106 86 167 84 34 5 29 121 168 6 139 26 98 80 193 1 130 139 10 168 66 142 183 25 154 91 38 111 93 8 160 14 114 151 14 172 39 77 176 125 190 89 53 2 179 132 129 147 156 186 39 58 40 132 145 118 125 130 30 50 148 95 169 135 172 3 74 168 169 71 145 67 127 109 138 123 70 97 71 129 99 56 148 97 137 192 167 5 137 166 156 48 3 178 167 9 149 178 169 178 111 112 37 170 27 47 58 170 71 103 105 21 138 135 122 94 24 159 133 177 188 188 112 22 100 182 30 80 88 36 176 6 122 184 133 
1 113 155 117 149 108 137 6 119 95 171 128 57 11 92 53 8 81 86 172 82 134 88 141 74 56 113 158 147 87 19 64 48 149 28 124 166 123 98 180 1 117 175 163 11 4 107 196 59 86 196 113 95 7 106 32 113 134 87 103 110 179 81 54 29 192 148 148 162 68 169 30 64 171 92 168 57 111 196 184 173 85 196 77 3 92 155 149 65 101 25 81 61 73 67 15 62 26 147 152 118 7 165 196 153 58 90 165 190 163 119 38 6 138 94 182 88 20 82 88 171 171 132 196 144 160 13 85 157 190 38 190 10 170 65 12 194 122 191 25 49 147 3 17 115 62 15 130 48 178 
117 96 101 99 4 77 42 189 63 84 75 115 42 113 135 104 37 86 65 59 125 97 137 32 177 54 68 93 109 100 88 111 159 78 189 15 102 56 130 95 90 70 90 78 9 175 99 30 153 12 181 114 109 71 83 83 174 118 56 160 91 106 98 7 39 11 153 110 188 65 32 3 15 30 183 59 72 167 104 61 52 169 165 186 32 91 73 92 125 128 137 42 56 44 138 142 105 89 137 33 100 83 188 55 194 182 161 43 48 162 99 26 82 52 171 42 54 115 124 111 40 38 68 56 162 130 40 151 16 2 29 151 76 44 145 25 83 13 81 183 127 44 152 9 48 88 75 194 124 200 
64 143 190 176 45 27 131 129 133 25 91 70 41 172 113 103 64 55 164 69 33 77 90 76 124 189 54 72 13 107 4 187 111 124 162 81 81 98 131 102 11 76 11 152 41 180 182 20 189 41 186 76 195 126 174 154 42 87 169 123 151 122 127 40 58 106 163 95 68 139 19 26 57 90 139 169 87 23 81 102 81 85 64 53 130 60 25 15 154 163 34 123 124 55 48 91 173 108 29 180 80 87 84 92 117 149 142 4 134 54 85 100 32 139 85 171 94 54 188 26 58 187 179 144 168 194 198 20 182 125 40 93 165 182 3 27 78 20 76 23 141 48 175 185 37 37 35 163 19 24 
76 149 163 21 17 106 76 59 174 54 189 46 172 176 193 92 135 27 5 143 19 101 15 144 30 93 132 13 126 126 30 135 61 16 154 94 48 193 88 79 60 1 10 198 63 148 110 24 81 37 18 168 185 128 39 50 142 137 2 86 131 6 19 67 54 167 174 141 93 196 109 101 41 133 57 4 58 55 197 189 20 108 110 36 45 19 73 79 40 161 125 107 63 105 84 72 169 167 110 174 134 175 92 172 195 180 33 55 153 96 193 65 157 108 34 117 64 126 178 102 101 163 148 123 163 155 60 20 98 130 104 79 55 146 80 30 150 185 50 188 131 141 11 186 59 49 90 127 195 139 
94 51 198 126 51 141 4 39 71 138 40 116 87 77 152 60 145 20 172 171 11 190 18 16 90 166 13 35 93 22 159 57 193 147 144 104 193 103 182 179 86 182 176 105 149 167 22 98 105 179 47 161 12 40 197 194 58 194 145 89 189 78 55 183 17 170 183 143 59 30 6 41 75 153 128 109 69 127 104 153 198 7 38 60 97 149 71 59 25 27 114 99 146 123 2 115 77 196 57 43 25 8 145 30 17 7 71 41 69 199 29 121 186 127 56 32 39 104 55 180 79 179 188 57 182 171 143 148 127 127 147 34 125 34 95 192 79 47 199 103 117 58 39 84 160 157 8 89 173 36 
174 149 149 193 146 131 59 183 181 174 191 167 79 72 75 44 106 19 190 74 3 30 182 14 143 154 92 45 3 145 27 133 44 114 17 118 107 81 181 170 65 60 184 103 16 179 119 199 135 58 21 173 131 5 51 128 68 104 66 18 10 162 117 175 86 138 190 67 199 1 151 193 65 80 132 77 41 183 158 192 97 165 153 195 19 160 181 178 8 32 19 173 141 92 194 181 189 78 104 165 14 153 65 16 163 133 136 52 134 73 176 32 66 141 87 160 83 22 132 12 199 108 44 66 124 42 5 167 181 191 43 161 53 150 189 112 9 96 174 8 89 174 24 9 97 106 200 92 124 121 
93 172 190 147 129 71 38 133 156 125 110 111 82 109 118 4 135 161 77 147 117 154 4 101 109 158 133 56 42 158 124 200 99 3 188 140 189 114 76 60 175 74 112 140 74 113 8 25 53 162 96 121 108 196 47 151 3 2 109 80 98 193 21 21 59 27 91 142 1 50 126 194 192 23 49 156 185 27 73 8 64 122 109 187 139 99 80 195 26 59 116 123 159 70 162 154 45 175 163 146 11 188 191 70 170 149 95 87 115 99 128 197 82 165 167 62 8 98 121 57 166 173 49 134 82 70 198 109 167 50 82 142 68 185 139 174 65 34 67 17 66 194 11 105 57 121 74 57 66 110 
42 108 56 109 8 112 120 20 188 127 43 27 11 161 2 77 179 96 185 172 150 170 132 152 160 64 106 112 168 130 41 83 124 151 91 104 142 41 156 123 24 184 10 140 117 100 199 38 49 27 117 36 134 85 49 138 3 85 113 197 62 86 33 199 45 81 79 64 195 92 41 40 148 73 20 169 79 24 159 159 78 6 192 194 139 173 137 49 156 5 182 6 84 49 32 124 168 82 2 134 94 21 195 127 144 36 128 149 27 171 104 73 74 92 123 142 34 7 99 182 83 116 72 72 115 78 152 105 88 18 137 114 118 49 114 86 199 64 32 82 163 114 146 56 165 117 5 112 166 184 
44 20 182 66 64 149 127 24 149 156 3 126 189 196 101 177 79 111 49 94 102 126 169 86 111 122 13 121 179 158 10 39 179 65 98 14 28 153 34 43 49 90 2 82 191 41 62 149 95 35 10 64 94 47 132 192 110 59 54 174 47 117 30 114 56 112 68 17 6 27 98 80 37 173 135 70 59 86 132 102 119 43 155 135 15 92 192 143 18 102 173 191 115 109 21 84 139 11 77 34 17 142 189 196 189 26 144 117 39 106 31 12 135 151 18 148 54 150 83 191 41 183 178 123 138 24 157 116 160 100 193 171 174 185 97 114 78 131 22 180 158 183 84 1 26 180 113 156 41 138 
97 154 56 42 79 115 134 143 179 174 7 56 194 125 164 128 103 117 42 172 160 136 17 116 162 39 101 112 139 3 185 108 178 124 84 108 126 123 145 7 185 165 162 14 66 16 112 134 97 91 180 119 178 143 131 181 91 127 1 153 53 16 63 160 160 86 166 94 10 123 81 81 51 108 36 44 9 137 34 188 154 97 13 7 89 141 162 109 199 103 163 163 84 45 157 135 83 96 132 156 172 187 61 177 47 182 56 83 90 146 126 19 46 155 189 126 102 109 140 184 96 110 180 87 2 79 149 127 126 149 78 31 72 104 180 62 124 194 60 167 27 33 164 43 143 52 100 103 101 122 
168 179 194 81 101 108 121 68 38 98 176 132 192 15 107 165 82 37 112 55 87 18 26 122 150 91 114 53 131 181 14 142 177 105 102 141 16 89 96 102 7 12 11 25 64 46 146 117 102 164 68 101 134 75 98 30 122 38 108 166 84 17 171 154 123 22 177 42 167 66 19 83 36 106 47 140 105 146 26 197 168 47 141 161 160 116 67 100 160 152 135 115 70 64 90 85 8 43 185 43 96 31 78 140 60 70 174 65 77 73 127 63 19 122 125 54 137 140 2 135 140 194 175 48 63 52 158 165 101 150 108 195 70 189 178 49 178 112 124 167 86 55 149 178 136 117 45 158 198 81 
146 44 91 146 44 82 111 124 10 153 118 75 58 194 31 40 56 108 136 6 65 126 82 145 107 65 122 82 59 22 181 58 60 40 117 113 18 192 67 141 124 190 199 72 94 4 154 114 6 103 100 97 125 94 140 200 33 165 64 145 155 167 184 154 189 96 187 100 98 20 198 49 140 75 167 136 144 82 59 117 121 31 84 110 70 105 134 17 155 160 174 27 125 141 69 34 128 144 129 113 78 16 103 93 141 194 130 104 93 118 73 182 34 49 175 193 12 183 43 55 113 128 147 36 80 142 139 66 165 197 116 13 33 32 29 50 163 131 111 129 123 144 23 137 103 159 181 139 77 157 
46 172 72 185 91 35 182 112 59 50 175 59 34 92 113 16 75 51 163 91 80 46 200 68 35 86 81 72 194 195 169 172 140 99 167 139 107 185 98 48 63 122 51 88 178 8 42 162 163 117 52 78 185 28 123 63 131 134 100 110 18 150 155 134 55 100 187 6 119 118 1 72 18 15 107 157 124 49 141 120 187 26 111 74 128 186 98 41 128 57 159 106 41 181 1 32 43 71 198 100 125 144 105 84 165 106 139 40 152 101 128 58 139 112 29 103 194 25 20 54 58 81 132 133 115 29 96 20 99 73 47 129 193 199 198 11 127 20 24 29 21 148 146 152 22 157 150 68 44 65 
43 39 151 195 127 106 165 107 61 74 68 110 22 22 159 65 21 179 141 95 178 138 74 129 142 45 163 5 164 7 30 187 95 90 161 121 69 92 60 29 57 123 152 53 120 188 53 15 196 184 128 115 115 37 188 181 25 128 156 7 162 172 40 72 45 7 69 123 198 33 17 80 144 121 182 46 41 96 59 187 139 73 23 107 170 149 164 127 103 32 166 130 39 176 60 5 113 7 200 45 160 87 159 14 88 28 64 113 181 162 36 142 112 102 23 34 168 176 80 49 65 9 141 120 155 197 177 167 44 88 105 103 107 50 116 172 20 24 59 85 181 189 137 34 168 142 66 93 158 43 
151 19 64 131 60 125 93 153 60 87 79 181 119 34 189 83 52 59 15 86 189 159 140 183 42 122 18 195 184 157 143 172 141 16 102 114 54 147 166 175 61 117 154 119 168 160 139 162 195 163 80 195 107 180 155 2 131 11 67 147 149 101 79 115 146 179 105 143 124 90 167 166 142 91 83 165 39 33 66 125 79 24 23 63 152 170 54 189 180 200 75 16 196 81 143 108 140 82 150 131 116 193 7 154 45 61 143 18 175 61 175 26 151 63 121 106 172 139 7 50 47 90 161 27 76 108 91 16 71 144 100 78 29 185 36 49 44 27 34 133 44 79 13 150 124 180 117 8 157 114 
80 90 33 19 144 31 11 82 145 195 157 33 105 22 91 73 7 188 107 162 97 120 152 178 137 143 70 166 25 184 7 166 145 200 3 144 8 140 66 132 114 13 17 167 183 89 142 170 176 8 89 189 165 187 20 13 21 57 28 103 133 157 46 26 28 146 37 117 70 79 77 30 164 127 63 24 107 25 89 188 106 166 38 5 76 146 176 18 199 182 63 177 11 116 2 118 112 199 100 153 37 62 77 146 81 111 102 16 45 11 41 70 18 36 32 92 5 102 196 105 111 30 15 140 30 9 105 135 129 183 38 155 121 37 199 13 90 59 107 148 117 117 174 76 99 190 186 120 152 57 
39 169 25 25 7 27 15 72 120 125 36 134 60 196 71 87 1 25 138 102 191 159 123 185 6 179 93 71 140 166 88 100 16 153 149 39 94 172 180 138 125 77 164 46 187 107 107 20 130 2 53 139 14 122 109 60 159 95 3 162 112 178 67 158 134 129 120 195 60 11 160 183 154 173 95 200 60 33 47 162 1 198 85 152 155 113 126 182 51 132 91 135 189 157 185 66 193 53 85 9 134 63 171 149 120 92 92 104 36 128 57 14 11 57 19 94 30 66 199 13 43 102 40 173 62 84 172 31 190 87 79 76 17 106 39 190 194 9 161 120 152 157 130 95 173 24 101 46 61 83 
84 174 171 75 149 145 107 61 113 18 152 67 105 10 144 199 2 168 172 13 170 42 198 26 193 200 158 7 166 121 52 37 178 134 29 117 169 78 192 161 118 100 159 143 163 172 188 64 162 135 149 193 29 114 145 190 121 193 45 99 83 100 79 136 197 145 158 68 104 155 80 39 124 158 15 156 21 81 181 111 110 135 175 37 25 71 165 109 4 87 2 191 50 168 20 65 41 67 137 92 121 129 118 66 188 7 49 143 118 198 87 129 135 40 51 153 168 33 133 94 21 110 53 134 28 18 90 154 171 159 104 10 118 79 55 191 106 73 76 113 68 65 126 25 106 114 143 9 10 132 
121 84 17 171 165 130 67 103 3 47 66 173 73 99 53 8 167 107 60 46 53 16 42 132 15 19 53 64 144 156 169 197 72 182 42 74 20 196 140 54 77 139 55 79 196 85 132 165 200 140 84 56 94 87 39 134 162 2 184 55 11 166 89 153 15 127 58 139 169 160 94 22 110 178 157 196 3 94 89 131 127 174 51 115 12 185 197 197 29 121 44 31 15 2 200 69 163 181 95 101 131 160 4 22 172 142 24 102 67 41 95 48 135 104 129 196 81 70 96 167 150 87 34 80 154 14 40 165 38 182 199 196 172 27 200 185 44 55 33 46 108 6 46 149 193 193 159 146 90 74 
16 122 70 13 72 80 192 132 33 135 124 190 89 16 195 126 124 138 188 41 92 17 175 79 144 35 7 20 45 57 183 34 101 24 126 137 41 157 10 79 29 24 69 199 134 44 160 62 86 34 39 29 166 75 109 103 119 200 189 22 129 165 88 79 20 88 5 6 150 125 160 167 20 101 186 4 36 24 88 167 194 118 97 112 163 131 104 120 178 62 57 91 49 73 164 114 39 138 200 53 87 152 162 51 128 145 71 158 62 62 166 44 35 189 150 67 118 171 12 131 111 131 104 164 5 54 166 71 56 74 172 66 187 114 106 115 102 29 108 104 186 193 195 21 144 92 46 9 146 30 
165 5 149 152 70 151 101 111 199 172 129 16 135 120 163 107 169 192 171 196 118 110 35 116 115 9 74 91 41 180 120 90 99 168 107 85 145 118 79 153 176 129 136 47 143 180 95 190 182 105 12 172 58 66 45 66 114 29 192 26 69 151 87 181 98 1 43 105 115 83 112 89 9 100 179 22 3 184 10 198 32 28 97 6 33 178 72 124 167 96 164 73 39 154 1 29 44 95 158 184 128 63 182 193 50 85 121 145 116 42 123 15 15 35 38 108 199 2 75 185 116 76 196 33 147 144 200 55 159 101 178 189 90 118 73 91 169 100 104 57 186 21 166 56 158 28 142 142 30 22 
124 91 5 33 116 147 192 24 108 114 133 7 79 112 6 9 192 126 189 66 192 152 172 117 196 137 182 186 190 66 96 136 115 145 23 189 128 1 121 130 52 136 55 77 79 122 100 67 98 99 173 45 152 14 84 144 187 162 187 128 141 125 167 16 35 40 32 49 45 131 172 135 163 61 40 167 144 189 124 50 174 132 124 44 128 172 94 99 59 14 64 116 16 51 116 146 12 124 176 178 149 146 84 153 168 22 78 92 4 82 101 121 84 108 77 173 194 200 20 30 140 170 140 166 120 156 125 176 98 187 177 149 100 46 79 137 65 169 44 172 53 172 151 167 45 86 110 113 179 161 
82 170 168 54 145 197 38 20 66 143 192 107 181 69 28 27 62 145 122 148 145 130 175 125 167 130 75 19 24 67 198 26 20 113 58 133 25 142 171 16 74 190 138 73 200 132 105 144 76 109 31 53 155 198 3 62 136 57 182 103 59 100 151 14 198 66 81 138 200 63 165 6 154 135 93 58 24 9 49 34 171 168 145 197 124 115 123 136 39 110 3 140 119 54 156 33 11 110 97 166 39 126 24 167 55 43 65 56 26 74 73 46 48 126 66 105 13 106 139 164 20 124 184 182 98 182 73 31 125 185 31 175 90 174 18 42 118 39 46 28 38 164 142 61 91 71 142 39 81 96 
185 27 162 4 132 7 58 126 130 20 137 5 34 167 130 54 142 130 144 1 17 40 189 72 134 137 134 27 141 67 176 194 75 141 185 2 100 86 99 162 145 60 7 4 78 51 47 79 144 168 102 153 8 136 121 4 99 74 189 21 103 22 78 135 196 157 77 11 77 13 144 44 114 9 62 193 41 34 31 57 81 46 147 120 105 50 124 104 80 126 122 155 57 93 72 39 53 81 124 2 125 199 183 136 140 98 1 117 158 59 1 142 161 114 26 82 18 1 21 66 75 46 135 106 159 55 157 15 105 89 149 141 61 104 137 140 108 46 99 31 132 122 36 164 20 182 44 6 148 17 
115 135 79 172 40 135 108 199 149 171 121 19 154 72 169 58 154 54 160 70 42 94 164 43 86 147 159 4 124 20 16 173 159 61 137 89 169 138 25 135 90 63 3 146 50 94 76 163 198 120 61 6 148 129 28 152 51 188 3 13 184 108 6 19 60 127 46 100 184 120 174 168 152 48 145 141 43 147 69 117 90 82 77 152 50 109 80 179 151 17 168 6 197 178 100 116 137 105 149 23 92 85 186 61 45 94 165 148 168 89 194 54 16 145 199 20 171 9 131 160 162 52 173 75 21 162 142 190 163 62 165 168 21 100 98 29 102 193 116 26 70 25 101 13 69 45 70 66 116 53 
97 43 195 81 69 120 153 176 167 182 150 122 134 28 120 117 186 106 34 146 58 200 1 62 144 127 93 14 109 165 137 39 147 2 186 101 84 30 116 84 27 44 163 66 24 27 17 108 70 7 154 123 191 21 162 33 76 159 118 38 139 133 48 42 43 31 112 55 150 100 174 35 105 131 88 48 4 185 133 128 134 33 148 156 50 61 129 118 48 55 14 125 94 34 88 80 100 63 63 84 13 67 199 108 169 117 110 60 30 135 87 126 177 92 177 147 94 18 134 127 159 103 100 63 153 53 31 99 168 102 14 171 73 20 77 153 154 72 19 3 188 166 199 71 165 35 86 143 90 149 
136 167 81 137 57 56 85 10 117 1 104 42 84 61 136 190 30 192 62 74 163 53 48 81 141 104 138 61 147 182 48 152 159 78 85 100 18 77 59 89 36 3 101 198 96 194 149 38 181 180 164 102 19 173 22 97 134 196 100 160 155 142 8 41 191 139 24 157 71 93 160 158 127 124 6 40 43 92 15 186 164 129 126 142 81 19 22 22 88 43 42 128 157 72 199 86 35 82 100 57 144 84 66 169 87 27 2 126 13 160 195 34 164 34 48 24 80 56 67 72 43 153 3 154 67 76 93 76 182 65 77 107 38 100 182 20 32 148 1 99 93 20 167 156 5 97 26 153 46 177 
42 182 171 38 159 179 123 36 21 95 14 158 131 190 75 2 53 92 27 180 96 116 15 120 66 62 56 32 67 30 28 86 4 118 151 144 62 84 122 57 17 93 102 191 196 116 152 41 114 24 192 192 11 51 37 6 107 94 73 111 117 44 80 146 67 135 42 185 188 114 32 31 118 105 117 87 100 168 34 127 139 43 85 156 188 22 65 195 191 60 43 120 157 135 104 132 41 68 100 61 123 43 81 150 139 29 39 37 129 68 25 26 94 53 119 5 111 124 172 130 17 162 53 22 12 134 42 45 116 165 95 100 183 78 129 42 50 69 76 14 119 143 93 65 140 133 165 158 116 6 
63 158 138 130 187 173 32 193 91 72 122 121 93 95 88 129 66 148 151 137 14 29 57 38 84 79 3 12 53 64 50 130 87 186 117 121 157 160 10 59 87 129 183 85 169 170 18 30 142 125 196 86 120 137 94 23 30 68 1 38 7 57 31 163 100 29 129 156 77 170 69 58 42 181 195 1 83 100 180 132 111 58 180 79 1 192 124 182 10 180 124 11 57 127 112 135 116 123 159 150 20 196 182 14 187 81 13 73 74 116 190 22 184 136 15 72 181 160 51 173 38 34 30 196 187 91 64 166 14 186 99 84 4 13 181 186 37 43 175 149 144 174 38 19 46 145 123 79 156 150 
181 128 66 180 87 167 24 41 29 50 91 4 83 144 77 156 10 74 137 5 71 117 163 170 152 103 86 196 136 61 172 194 87 76 9 113 49 50 75 8 105 43 197 190 191 42 134 180 162 11 40 33 120 119 45 167 138 187 50 174 42 122 155 10 106 106 133 93 157 160 190 183 13 127 48 65 76 163 127 99 103 76 26 94 137 17 105 9 10 184 140 71 130 75 73 151 192 198 78 34 14 139 167 149 122 2 119 13 37 181 82 71 56 141 111 89 74 44 123 79 91 141 153 184 124 74 85 140 53 8 183 113 181 156 105 199 98 118 187 76 132 83 165 113 4 123 27 164 101 69 
142 67 127 109 48 115 190 103 151 51 88 27 134 63 35 29 122 161 36 98 89 31 159 139 12 146 39 85 36 10 24 146 13 109 142 177 28 51 197 22 132 113 7 112 100 97 157 34 41 134 105 163 191 196 107 30 84 99 100 92 90 72 110 186 183 52 91 176 50 119 157 177 130 31 185 49 25 105 28 27 57 80 27 81 94 47 14 8 24 172 127 67 43 7 43 174 111 175 13 57 152 143 87 37 96 138 15 108 138 78 134 109 71 188 21 32 193 27 141 187 34 135 135 162 131 35 149 127 132 59 153 32 129 115 196 29 130 93 120 34 131 100 95 193 26 103 86 67 145 11 
43 196 177 140 191 151 83 123 69 125 89 100 18 79 65 142 164 6 174 162 12 33 120 59 125 126 41 121 13 36 171 168 117 3 150 197 21 80 109 37 156 191 140 21 100 54 158 166 111 63 93 144 147 127 35 114 150 76 150 85 9 7 138 155 49 19 66 147 104 88 33 91 33 136 105 32 102 62 180 174 1 135 137 172 199 137 195 25 123 13 147 9 98 137 24 49 180 53 165 62 119 110 137 169 8 66 44 98 175 32 136 129 36 118 120 198 109 91 3 143 124 195 163 129 83 159 117 132 158 119 100 169 65 170 172 147 126 43 24 171 103 71 144 41 119 171 139 97 98 17 
197 152 3 185 72 44 106 128 149 17 149 75 144 127 107 85 46 32 144 167 172 87 12 65 78 160 21 21 13 151 103 131 143 45 36 200 180 74 73 118 46 33 23 171 34 98 67 168 26 127 185 61 109 29 21 80 11 100 91 20 35 63 1 14 14 159 145 181 195 176 157 172 163 13 51 161 54 143 4 40 55 163 179 39 166 41 126 141 69 159 179 144 172 40 5 171 9 69 22 3 175 110 126 12 51 69 129 160 123 130 96 140 84 39 28 108 27 91 65 97 104 41 41 144 88 30 189 156 199 196 5 123 18 16 138 106 57 27 64 73 144 3 200 86 32 186 18 126 84 103 
174 176 10 71 156 162 52 156 73 97 131 13 139 153 135 146 188 112 143 60 32 182 21 195 182 139 199 132 23 9 65 188 164 32 138 7 8 164 112 181 156 142 61 43 106 195 193 127 85 186 67 162 152 6 77 177 52 190 170 11 57 62 151 119 94 117 59 12 185 120 111 188 116 59 23 112 82 103 196 176 46 167 59 129 58 23 37 59 198 157 103 83 106 47 177 103 130 30 4 170 2 131 4 183 140 74 8 76 184 146 62 186 60 117 156 179 115 100 74 42 139 25 167 123 56 167 175 153 61 155 11 6 108 77 199 152 3 170 128 97 79 107 152 41 116 130 86 139 152 185 
51 104 120 145 134 2 118 22 178 155 108 124 145 159 192 185 26 24 13 21 83 92 27 78 200 57 144 138 77 161 76 53 8 36 192 148 64 91 141 186 9 101 51 78 97 136 170 184 8 183 167 195 111 28 185 89 139 137 82 61 175 196 171 113 123 111 162 85 122 98 178 91 114 188 42 111 141 14 25 92 96 60 31 151 25 80 21 132 192 173 181 159 173 140 61 34 54 191 131 150 176 8 152 13 135 65 154 150 62 121 178 100 200 137 60 183 39 112 130 47 153 121 7 68 76 94 75 62 113 83 42 106 82 51 72 23 138 11 79 48 22 141 165 200 105 55 58 102 141 108 
168 59 64 76 160 29 116 153 69 197 62 178 191 192 36 66 160 78 120 114 199 77 42 106 179 69 148 84 58 97 123 112 135 60 125 157 136 135 87 11 136 157 73 2 74 62 90 178 5 88 179 106 1 160 82 71 115 139 170 185 152 143 111 52 58 128 146 69 103 90 141 50 166 46 149 24 172 160 160 33 96 41 118 200 65 29 55 109 120 193 23 89 172 100 110 105 193 129 93 122 100 114 131 164 132 91 19 65 125 29 175 8 196 111 118 44 200 88 26 198 3 160 53 112 146 148 71 84 44 198 51 68 60 73 176 74 77 85 15 200 166 128 157 163 50 155 105 118 90 126 
85 155 127 162 157 139 31 33 9 170 41 158 91 122 102 46 50 179 76 150 175 68 97 59 54 86 168 52 62 87 75 177 115 183 180 11 178 85 200 172 187 194 134 131 75 190 168 154 143 58 126 40 119 195 95 6 82 116 48 118 83 158 172 161 127 169 22 173 155 8 184 152 12 115 62 113 168 45 100 127 78 19 144 193 43 6 126 41 15 187 94 107 38 23 163 149 157 2 62 23 148 53 84 98 192 68 129 136 196 29 4 151 55 29 15 62 46 181 86 29 61 35 9 144 76 17 188 44 160 72 91 15 62 163 139 9 193 112 2 73 147 157 119 177 100 30 121 59 77 106 
163 86 123 96 59 171 33 173 9 131 60 153 148 85 111 112 125 4 187 159 130 166 118 32 199 98 172 4 32 72 33 31 182 133 177 10 156 118 77 152 10 90 168 16 196 99 58 175 32 187 155 23 70 8 169 110 108 145 188 188 65 175 175 143 147 166 31 29 156 28 163 63 142 132 37 111 119 13 72 103 159 67 57 17 113 174 82 175 144 51 35 72 53 80 79 51 143 67 182 74 140 18 17 116 75 164 84 8 70 116 74 163 178 36 58 24 7 79 48 159 107 74 52 162 24 34 131 182 165 137 5 181 2 137 88 69 190 78 149 136 93 162 165 76 196 116 195 60 65 179 
160 8 119 49 184 59 88 5 40 147 57 54 135 24 140 40 58 142 127 138 79 153 77 195 69 62 89 47 146 92 38 65 15 74 104 146 63 140 128 189 12 184 40 50 61 199 144 164 116 26 100 95 144 54 171 136 14 37 166 101 92 148 104 78 86 78 85 36 107 193 129 24 13 128 132 59 17 61 186 99 11 36 170 197 94 105 84 35 137 110 186 155 88 1 152 184 142 147 8 170 122 69 93 93 177 53 185 138 39 94 56 73 154 75 200 191 94 25 9 198 17 100 140 47 45 64 75 141 38 70 191 76 177 44 185 123 40 147 25 187 194 65 49 151 105 89 12 109 153 58 
90 140 90 27 15 72 62 131 37 170 54 12 47 25 69 157 158 92 134 124 197 102 170 24 131 124 178 35 11 176 49 94 200 96 114 180 96 166 130 106 63 143 177 69 29 51 193 91 139 53 126 161 76 109 111 100 164 197 99 145 2 184 73 66 133 86 116 159 50 179 52 87 58 19 13 77 175 122 91 47 65 15 20 175 8 145 95 168 200 10 51 195 14 2 97 24 5 13 77 180 65 25 67 105 199 17 149 108 7 9 10 31 131 11 56 55 199 69 25 101 98 81 78 56 104 47 43 100 35 122 129 110 145 74 173 90 162 193 11 33 191 139 29 165 185 185 150 195 153 189 
89 103 14 135 19 148 64 83 186 138 79 108 155 7 79 64 79 4 158 131 197 199 96 185 154 94 66 145 125 138 167 106 122 59 138 139 86 115 111 21 76 194 87 124 178 107 158 161 180 133 165 165 79 47 91 100 61 146 44 1 55 90 95 148 12 188 31 154 149 86 153 161 71 14 79 41 95 148 16 43 68 191 41 47 57 129 178 123 144 71 21 148 181 34 191 177 121 92 3 183 19 169 120 10 157 147 62 196 42 108 181 78 147 64 33 184 171 81 117 83 107 170 34 46 97 91 110 91 59 31 41 81 143 199 136 123 186 76 134 87 186 127 157 97 153 30 53 109 141 2 
102 154 163 100 125 132 185 82 154 67 145 110 1 73 132 177 23 136 52 171 110 74 16 173 39 84 112 109 65 161 141 184 27 63 34 80 122 172 41 7 161 43 99 133 70 168 181 11 45 16 42 124 172 106 54 174 123 29 194 18 158 157 185 190 70 56 44 164 148 77 123 90 171 173 173 85 188 143 49 99 20 109 22 65 130 21 200 109 148 80 26 40 119 41 14 134 184 54 4 89 92 43 125 152 161 81 54 153 104 102 153 57 193 116 172 171 182 144 118 8 117 76 20 92 105 31 79 46 30 52 185 195 113 65 192 176 124 5 40 10 194 3 158 140 121 102 156 120 99 117 
120 29 79 47 65 77 45 178 31 43 180 146 151 96 65 197 2 93 65 26 10 164 191 1 29 5 20 154 41 155 188 191 54 86 22 179 11 179 144 172 4 139 55 66 68 3 49 27 28 110 125 50 58 45 103 112 200 170 98 197 8 8 145 122 52 70 110 100 74 37 81 137 126 33 59 37 78 115 39 171 20 37 155 176 179 190 190 140 149 52 141 140 150 31 129 84 138 164 103 59 67 178 165 67 132 98 26 175 45 81 166 130 8 34 177 142 25 73 14 93 5 153 76 39 199 125 98 101 63 178 144 78 143 129 150 146 134 171 99 195 85 66 93 167 106 56 96 44 189 151 
151 80 69 53 17 113 75 170 175 65 196 35 160 143 176 166 131 118 134 21 25 41 25 56 62 84 149 135 45 132 63 18 195 183 154 154 146 165 51 3 68 197 157 21 34 8 53 37 133 10 158 92 97 144 56 200 109 191 80 150 132 44 54 90 26 189 52 33 156 86 126 179 76 112 78 136 103 178 24 28 198 24 36 24 51 36 42 21 152 50 163 198 64 10 57 198 37 7 21 156 130 1 124 41 162 114 76 18 146 88 81 155 21 103 166 77 170 48 113 184 131 27 166 76 198 61 91 88 58 111 162 120 159 162 141 107 152 59 136 193 49 40 154 52 69 91 127 84 3 135 
78 109 6 177 101 23 125 176 108 91 117 155 96 157 66 135 50 117 110 193 117 172 123 91 126 15 159 128 81 122 124 40 43 152 67 198 92 174 165 128 15 66 122 56 27 30 81 170 39 122 23 102 108 185 133 24 175 155 12 179 155 103 42 26 78 144 71 150 168 118 12 186 175 131 18 45 97 14 92 132 83 133 199 189 2 67 113 49 63 106 163 118 168 130 5 86 158 36 32 40 176 129 157 83 118 134 73 36 169 129 20 36 178 38 192 187 14 24 27 63 105 198 145 162 39 159 41 123 10 36 148 32 87 162 69 189 21 118 61 160 66 13 87 167 141 157 40 48 191 52 
103 196 164 53 131 196 59 13 152 62 72 178 172 76 166 51 82 152 141 71 115 107 70 192 194 102 167 168 172 164 156 181 149 80 44 25 118 28 14 77 35 143 35 138 91 185 34 14 59 40 82 82 170 197 123 174 88 33 115 24 156 93 148 112 173 1 168 172 123 74 92 164 53 198 32 14 139 49 111 152 189 120 117 99 175 191 147 138 83 117 23 46 28 95 132 58 43 99 159 189 93 129 88 104 117 171 112 176 127 148 89 44 136 137 53 156 162 6 144 66 191 138 112 177 88 195 197 196 55 50 147 49 9 66 147 70 116 19 106 63 101 129 94 19 196 74 157 151 88 46 
171 94 54 72 81 179 46 151 13 162 148 162 72 89 128 72 96 166 116 115 9 10 123 161 18 177 10 142 138 56 187 12 173 125 54 58 157 160 16 6 55 188 78 3 140 182 112 81 159 155 1 71 16 151 31 55 147 15 158 52 97 167 150 72 67 73 24 62 151 152 13 193 162 123 76 83 46 139 75 110 16 159 159 59 179 94 172 19 162 46 111 31 6 93 129 16 152 199 2 199 50 137 82 42 67 70 171 28 46 87 122 145 29 98 70 120 92 33 126 52 48 174 183 165 149 135 70 106 108 178 148 124 128 187 71 146 109 150 165 195 62 64 184 87 196 173 100 101 60 130 
107 3 72 171 28 44 160 73 191 136 128 106 136 25 61 5 188 71 74 38 87 174 191 74 101 178 143 132 126 175 86 79 65 82 71 73 44 184 160 155 48 183 3 193 63 133 148 148 19 21 63 49 152 152 172 101 52 193 94 5 134 93 183 88 32 87 194 56 189 9 76 1 174 146 107 152 57 7 175 191 32 7 77 156 61 33 67 157 80 167 21 56 50 104 138 36 112 158 34 13 41 123 141 2 177 68 120 99 147 116 127 35 43 68 141 197 91 47 33 129 86 97 5 48 16 49 171 9 77 154 13 156 148 170 32 32 42 197 34 192 118 167 76 49 46 170 63 115 30 120 
152 196 83 95 135 97 65 164 176 184 68 123 167 9 108 70 6 171 160 29 120 154 196 184 152 118 73 152 149 174 10 97 155 20 55 11 178 68 193 7 95 177 31 98 135 133 198 48 81 120 42 127 79 91 151 164 31 100 113 91 88 24 97 186 91 132 138 99 199 52 35 36 18 46 198 171 153 135 100 29 77 64 91 24 169 46 124 157 136 173 119 92 151 192 100 165 88 91 73 121 117 119 126 128 175 114 111 185 182 86 140 110 172 74 91 135 80 20 83 102 17 192 122 119 152 19 20 190 167 118 137 38 108 26 168 108 22 79 48 28 57 29 45 102 106 22 93 54 51 30 
92 30 96 131 159 29 24 117 33 82 134 4 40 52 111 142 95 166 66 62 123 19 21 83 94 144 93 185 93 122 134 148 183 41 69 34 101 77 157 103 77 111 161 175 175 132 181 85 88 167 7 97 99 187 13 109 159 3 71 23 37 94 104 194 47 18 138 92 62 14 168 15 45 184 113 33 85 10 96 53 19 49 20 120 193 197 171 80 98 197 194 28 87 41 136 13 28 92 54 16 188 42 53 58 130 71 127 199 93 96 17 66 6 44 67 93 80 124 121 135 71 190 34 180 11 28 83 57 128 198 100 82 150 197 162 111 164 98 86 145 163 185 8 98 200 174 173 45 81 191 
100 89 141 134 72 89 33 21 98 77 77 134 159 18 192 70 99 21 59 49 122 143 167 121 21 124 33 119 165 16 183 137 152 188 180 105 57 154 35 190 129 104 18 18 98 127 1 13 188 91 115 133 13 142 91 92 21 3 58 47 25 65 152 42 79 68 19 17 95 200 125 135 164 89 65 37 55 154 129 139 92 115 180 43 80 2 184 195 84 135 148 147 139 41 162 78 88 108 10 111 14 100 42 42 36 23 52 10 78 142 88 171 115 24 116 3 40 108 197 159 193 114 138 110 9 75 191 120 126 94 67 152 44 101 93 8 79 123 125 18 113 162 118 101 23 22 5 189 165 50 
50 12 37 161 77 14 17 89 3 148 11 68 35 26 197 142 27 150 103 129 14 29 9 106 84 198 198 137 39 147 180 121 26 198 147 177 134 37 3 17 196 9 140 24 133 65 199 142 97 74 21 60 163 76 3 135 54 95 84 16 161 115 161 57 17 134 111 120 6 162 90 60 19 76 122 184 44 103 22 178 180 39 5 121 13 1 91 169 34 60 153 147 70 71 59 58 160 30 160 32 73 83 100 68 77 174 188 104 52 155 115 26 104 195 35 131 69 70 129 43 80 13 188 52 16 33 114 147 85 23 121 12 111 88 19 46 100 186 158 104 187 122 157 29 164 172 10 160 7 183 
156 6 133 141 105 40 88 20 66 156 185 143 43 140 73 98 37 132 142 133 172 47 30 90 192 93 135 134 121 168 9 163 121 129 29 35 69 62 174 13 55 132 173 72 128 97 142 9 7 116 31 187 137 88 45 170 70 128 161 88 72 184 85 3 164 103 60 153 36 12 132 139 105 7 37 66 35 56 37 166 121 144 101 57 174 195 104 56 59 23 105 19 164 133 10 68 178 130 99 154 16 25 106 56 130 165 111 67 137 119 184 104 81 58 11 1 146 5 188 109 47 156 199 130 35 42 163 182 73 110 77 119 196 171 19 150 47 24 147 173 137 183 134 185 13 198 25 141 11 34 
17 125 188 53 108 141 200 169 60 58 160 184 86 71 5 121 1 114 175 101 109 70 90 116 28 55 73 9 62 94 191 184 50 143 178 129 197 48 149 109 198 106 149 185 178 18 80 136 86 137 51 134 33 92 115 138 19 135 31 87 193 97 105 39 54 22 164 125 189 112 94 119 6 184 106 97 147 123 179 3 83 104 112 123 2 35 17 127 178 109 95 137 51 4 64 20 174 67 73 69 121 104 82 158 146 196 75 136 1 48 173 55 115 40 162 88 126 162 152 56 31 54 76 195 148 104 28 121 182 149 190 148 80 55 10 11 10 50 22 179 190 120 108 8 168 110 126 167 170 71 
193 13 23 143 59 64 183 52 107 133 45 33 28 112 161 96 73 35 173 126 40 121 130 154 126 178 115 46 44 151 41 186 112 82 137 54 12 117 70 100 183 199 127 13 184 178 122 3 40 115 71 104 69 92 26 81 101 9 198 59 83 4 164 41 43 107 117 51 107 137 52 64 22 17 139 107 139 189 158 69 82 28 88 1 64 71 6 92 84 195 66 4 164 123 83 117 19 59 182 109 142 153 54 22 76 139 5 180 36 133 161 125 177 153 64 27 170 119 24 31 85 148 168 45 181 45 153 165 158 150 39 27 13 106 95 103 122 150 28 183 143 137 41 34 5 53 115 34 26 99 
174 191 102 92 129 89 93 68 71 26 132 5 182 156 199 148 128 78 125 165 143 199 168 80 136 116 21 96 16 191 101 140 113 27 25 20 39 156 15 158 11 139 7 117 171 97 56 193 179 5 118 22 67 167 191 169 143 161 151 31 139 197 146 173 82 127 14 79 129 76 135 101 91 171 89 79 74 9 175 15 153 140 154 193 130 89 54 38 174 79 154 58 82 162 71 11 98 122 39 85 17 194 159 62 35 40 121 114 98 172 81 181 173 159 171 177 135 170 198 195 148 181 132 42 175 85 58 94 24 181 109 129 200 106 47 89 9 187 93 191 4 72 133 190 184 92 85 34 176 21 
62 152 70 101 173 101 100 131 159 8 131 150 112 54 132 131 29 33 2 85 147 13 159 66 54 89 19 6 110 35 104 76 33 102 175 170 180 151 181 22 68 97 46 133 77 61 53 40 118 178 96 200 139 154 161 43 98 170 168 198 173 111 101 19 76 137 191 197 127 124 60 73 75 62 110 95 25 183 64 121 174 178 42 154 163 116 87 118 175 8 179 144 74 154 116 198 83 196 174 13 46 89 11 89 4 115 37 85 145 142 185 155 160 105 116 126 16 102 181 121 148 68 189 48 80 24 72 169 160 4 147 197 75 175 178 37 9 72 184 122 68 118 38 107 23 17 176 104 152 57 
40 30 157 94 45 189 184 197 118 53 91 122 13 154 148 9 61 50 30 132 64 80 34 23 197 186 149 57 132 33 28 134 172 178 9 32 31 39 24 199 84 187 151 9 42 72 56 138 20 4 191 194 25 97 69 81 92 120 177 168 166 29 165 168 50 199 34 106 149 148 184 17 99 36 6 81 111 152 52 21 118 107 64 110 174 84 145 16 163 199 167 89 90 117 181 23 4 78 61 35 38 186 18 94 71 192 43 39 58 95 99 51 172 59 140 140 121 92 82 92 19 15 190 181 155 119 117 83 22 132 135 168 9 3 133 36 198 142 151 39 21 123 196 45 108 132 189 161 74 33 
113 80 194 30 132 169 139 65 170 82 27 58 100 53 7 71 12 106 84 112 38 28 129 13 31 200 79 11 101 34 9 72 156 93 178 99 160 89 97 41 99 13 137 162 187 23 200 103 158 86 70 35 133 194 56 173 199 147 176 198 60 164 41 183 178 34 75 188 174 41 3 181 136 35 59 180 70 5 73 102 163 152 5 148 184 86 199 4 26 19 73 188 11 136 8 95 168 86 124 198 43 127 87 103 22 125 47 125 161 128 159 153 184 28 66 35 195 42 146 160 149 18 156 26 160 50 159 97 41 52 73 156 179 152 93 42 78 74 156 87 176 102 130 112 143 15 100 44 24 53 
88 178 134 134 141 121 85 32 39 160 18 91 85 104 115 20 32 12 138 32 152 192 46 167 11 137 74 116 92 14 101 170 114 151 32 139 143 38 155 194 156 91 109 184 161 52 93 5 148 120 74 74 57 23 134 51 133 48 122 69 195 157 128 138 115 68 31 96 107 162 174 147 67 164 49 59 117 140 129 197 94 74 28 176 99 195 1 50 60 163 103 50 57 139 118 102 5 88 38 189 47 196 129 27 44 28 21 65 30 184 128 109 188 165 99 58 13 84 165 140 30 3 98 4 166 10 137 188 157 119 95 31 99 166 84 122 84 94 89 195 188 75 179 132 107 9 122 125 175 11 
46 7 179 136 185 51 24 28 74 162 54 29 15 128 196 190 63 109 200 92 43 66 157 180 112 105 122 31 169 8 200 161 83 187 95 196 188 12 117 74 142 192 71 30 24 120 29 180 53 193 38 61 193 8 76 174 26 94 196 112 182 151 85 32 40 197 127 188 193 24 111 127 66 7 181 163 70 132 9 138 171 30 184 13 91 112 165 85 129 95 32 60 165 99 24 186 107 95 56 87 81 187 146 100 39 146 200 191 45 114 91 186 155 61 14 8 153 105 108 200 155 171 101 55 105 74 26 43 48 194 93 69 181 176 88 28 163 146 119 28 200 111 98 119 179 200 143 26 22 106 
1 134 84 80 132 199 138 44 94 73 166 79 110 73 192 25 21 101 90 186 40 11 174 17 19 37 53 45 195 165 84 20 105 156 36 51 96 13 168 7 40 184 94 43 160 125 83 56 125 29 85 113 45 45 31 199 133 106 108 195 61 59 200 183 190 166 142 35 199 119 77 113 20 186 160 181 61 54 104 102 132 56 175 12 4 79 127 106 73 53 160 104 19 128 181 112 93 154 110 184 22 75 55 186 122 29 77 192 153 100 38 121 73 48 78 88 36 103 71 176 11 70 53 82 24 9 85 74 50 49 154 181 82 129 103 164 120 67 162 94 63 11 30 60 172 20 44 54 67 195 
136 97 187 93 168 134 191 132 183 143 55 170 91 58 89 50 62 121 91 35 178 85 128 147 58 33 93 85 35 138 153 196 152 65 102 97 65 192 80 92 100 163 24 34 45 161 79 5 199 104 199 116 178 50 26 163 97 70 127 64 30 193 191 33 194 115 66 101 134 23 33 129 190 50 41 123 105 92 106 84 131 134 128 194 23 8 155 40 153 22 54 13 110 138 162 140 171 83 156 106 31 69 128 107 200 189 119 195 191 37 197 135 144 63 44 71 126 2 153 78 85 20 37 18 70 171 33 76 32 142 55 1 127 197 97 90 10 9 62 54 65 192 41 76 197 147 107 70 121 93 
32 131 63 159 133 120 93 109 13 159 113 174 37 42 6 54 93 30 56 54 141 168 58 96 154 23 71 21 42 90 175 63 32 95 49 31 45 96 5 78 74 3 69 101 147 2 185 83 15 3 40 83 36 115 76 18 116 16 180 108 52 133 195 182 193 138 82 157 135 178 158 124 65 35 168 142 198 91 114 153 138 101 140 175 99 184 102 89 63 107 62 168 18 111 118 189 75 186 104 195 117 55 155 13 59 78 9 13 127 116 121 38 125 129 102 196 74 188 28 171 116 6 164 15 59 107 162 120 199 73 118 156 169 177 151 159 171 106 45 139 118 87 197 160 107 104 146 92 168 11 
76 165 183 37 156 43 48 31 59 151 2 199 72 74 170 58 120 71 174 125 151 189 47 112 82 85 55 173 156 116 147 185 110 192 53 188 144 39 134 161 119 135 155 185 112 68 134 105 165 98 149 91 151 148 135 64 132 143 143 86 26 176 98 87 150 3 110 137 200 196 111 170 8 173 133 37 151 182 96 39 190 126 95 153 142 38 137 176 86 18 12 48 190 52 167 11 71 164 194 169 103 26 68 128 122 156 140 52 102 8 90 110 137 17 184 21 166 92 196 112 27 20 56 181 135 146 144 95 150 142 31 168 153 175 89 93 61 53 192 126 194 189 55 94 57 175 54 166 96 60 
36 95 6 22 60 174 102 178 65 113 48 4 181 112 150 191 50 71 23 60 57 101 177 187 3 1 188 45 32 168 160 18 17 23 181 126 73 155 61 142 165 123 3 140 55 86 141 112 118 3 65 93 161 125 128 48 99 175 43 30 106 10 67 40 182 98 58 159 104 44 20 136 115 59 157 23 31 58 39 27 82 127 15 41 198 132 92 103 197 118 169 134 52 113 30 125 165 108 3 35 154 54 61 82 5 113 199 67 87 196 196 127 70 94 187 143 190 89 72 70 134 146 46 49 111 140 69 69 121 26 20 82 46 29 28 16 133 177 19 174 100 141 142 101 105 57 183 120 42 33 
176 135 89 27 125 114 40 152 6 26 138 25 47 192 131 40 157 119 65 32 92 9 127 132 179 184 49 58 104 54 149 89 118 111 40 187 84 83 177 174 162 197 38 56 178 33 65 44 85 78 29 176 71 150 106 107 133 51 51 15 73 180 69 199 111 79 195 175 32 72 165 4 20 134 13 176 68 187 184 180 86 85 21 68 88 140 136 66 198 63 25 196 66 86 22 26 71 105 25 113 37 77 65 44 88 32 187 4 180 198 35 173 125 28 44 179 132 15 32 49 115 125 20 160 156 168 68 182 114 75 113 176 131 162 42 165 100 176 5 195 74 86 174 189 158 84 54 65 12 127 
197 173 148 93 105 14 189 63 102 181 1 31 187 85 52 83 87 107 94 117 121 62 80 160 190 62 168 51 39 37 171 38 3 139 121 155 58 102 98 155 162 105 145 101 74 118 64 53 122 19 141 191 73 98 141 77 134 97 95 113 194 136 108 143 21 79 141 126 53 170 188 52 190 107 154 141 188 155 196 67 80 42 195 179 60 81 168 126 183 158 173 164 186 54 48 95 99 145 190 85 141 100 134 167 26 115 159 85 179 170 68 161 46 149 56 190 42 9 112 64 78 65 131 84 52 194 46 49 115 89 194 165 15 100 62 119 103 21 118 188 170 153 183 154 161 142 109 91 112 196 
31 147 90 28 91 81 135 14 3 116 197 170 156 6 89 142 156 56 145 26 1 189 139 15 104 185 132 99 189 134 9 88 31 79 189 23 25 54 1 180 73 14 196 198 114 123 16 47 52 68 129 126 53 150 126 38 68 9 181 53 147 199 55 142 141 81 55 73 134 138 109 18 54 85 98 34 71 29 153 69 136 139 148 69 150 35 29 43 67 91 161 102 115 65 175 145 187 112 45 120 139 67 21 131 147 8 115 55 117 50 66 113 94 70 24 56 103 106 189 147 155 143 143 12 144 41 70 167 77 39 131 60 130 112 99 90 19 58 77 59 152 86 21 108 39 88 171 50 89 147 
122 189 26 185 64 173 99 149 69 121 53 159 93 78 16 176 199 32 48 167 88 159 59 3 171 111 30 165 136 158 116 136 9 45 65 167 10 23 12 96 86 13 195 27 154 175 141 99 173 188 85 29 53 141 114 176 52 118 108 62 20 111 154 71 156 167 130 52 182 6 132 55 61 54 135 164 157 78 127 107 166 95 80 154 73 181 29 134 95 91 199 122 132 55 110 149 24 191 67 92 36 49 160 142 36 2 70 48 148 66 118 89 39 45 127 84 128 143 98 159 127 37 194 19 51 42 194 146 171 98 194 52 142 158 8 50 161 159 168 13 190 153 185 126 55 106 122 170 71 96 
164 86 175 68 162 196 50 154 77 52 99 14 39 35 184 51 11 60 19 154 109 140 112 163 183 96 172 34 117 113 145 34 198 56 194 71 184 45 100 143 95 171 160 74 118 33 149 157 106 107 145 30 66 115 24 119 173 53 45 188 61 26 188 119 15 54 22 88 174 195 158 90 89 161 86 78 126 150 99 161 139 87 115 14 152 46 163 177 34 76 194 172 14 17 99 20 44 69 29 9 46 155 115 21 19 76 136 118 79 145 95 99 18 15 85 7 37 131 72 143 107 45 145 106 63 127 26 90 84 51 129 94 11 163 200 99 72 51 188 26 84 100 54 177 10 34 129 124 36 51 
112 102 38 4 178 156 110 62 26 50 28 97 59 82 75 112 177 190 112 122 142 123 122 187 178 178 165 87 175 69 45 127 48 65 191 89 117 92 193 17 153 95 191 47 41 35 165 97 98 169 105 169 103 102 184 52 188 62 176 176 88 141 117 29 146 64 5 161 118 152 173 123 102 47 49 83 17 173 90 125 154 170 36 187 46 9 158 37 150 133 172 37 6 8 29 33 63 170 58 185 146 180 147 86 101 152 195 82 19 18 4 199 20 177 28 89 57 9 51 8 118 138 38 105 84 188 125 76 156 31 155 151 174 153 176 114 61 125 21 152 194 168 10 168 119 94 115 79 75 133 
