75 2
0
2
1 22 15 112
2 163 77 163
3 220 166 884
4 557 196 1341
5 662 32 854
6 831 83 1163
7 857 139 579
8 874 117 1108
9 1069 155 1999
10 1612 90 1972
11 1875 59 1757
12 1986 135 2796
13 2133 5 2163
14 2171 143 3029
15 2288 59 2288
16 2343 141 2625
17 2468 44 2732
18 2566 128 2566
19 2721 74 3017
20 2739 99 3531
21 2862 133 2862
22 3117 4 3125
23 3174 54 3282
24 3198 180 3558
25 3381 79 3855
26 3958 134 4226
27 4092 31 4092
28 4223 15 4313
29 4407 114 4635
30 4456 88 4808
31 4555 68 4555
32 4761 140 4761
33 4767 151 5975
34 4874 193 5646
35 4876 135 5686
36 4886 101 5290
37 5020 13 5072
38 5126 191 5126
39 5397 186 5397
40 5414 172 6102
41 5594 33 5528
42 5829 113 6733
43 5893 143 6751
44 6031 171 7399
45 6079 116 6311
46 6120 115 6350
47 6196 16 6324
48 6262 115 6262
49 6284 172 5940
50 6316 30 6256
51 6411 33 6477
52 6954 137 7502
53 6958 115 6728
54 7822 156 9070
55 8583 190 10103
56 8598 122 9086
57 9260 117 9026
58 9291 98 9683
59 9402 152 9402
60 9498 131 9498
61 9520 142 10656
62 10062 200 11262
63 10085 65 10345
64 10408 92 10408
65 10621 40 10701
66 10919 66 10787
67 11119 188 12247
68 11122 118 11830
69 11299 124 12043
70 11576 89 11754
71 11733 187 13229
72 12578 102 12986
73 12990 60 13110
74 13040 14 13096
75 13393 166 13061
185 149 183 39 145 108 32 171 186 94 44 32 121 153 171 148 199 44 127 198 97 95 83 190 53 188 196 96 48 23 6 161 133 22 48 34 119 143 122 43 190 45 93 28 39 173 130 78 105 196 86 89 78 125 144 172 52 10 153 83 95 4 37 66 5 144 174 180 147 19 76 93 87 11 140 
112 120 169 74 149 172 141 27 192 105 192 17 113 49 45 151 165 41 116 77 134 26 134 105 170 103 87 65 86 83 43 51 129 88 165 149 194 37 190 15 69 191 3 95 10 179 77 73 175 142 169 17 151 118 175 172 117 120 187 156 166 49 172 193 133 187 87 162 45 193 35 27 157 129 169 
86 45 18 195 65 183 25 95 188 111 105 157 63 156 14 10 150 100 130 170 167 185 185 105 27 145 68 13 2 106 22 130 82 78 44 87 129 99 129 144 38 38 194 57 49 107 88 88 112 158 116 118 190 144 102 88 26 101 3 73 101 172 126 61 95 149 34 72 31 141 117 193 177 83 198 
29 29 136 87 200 84 200 160 149 135 186 141 185 5 156 76 182 30 64 28 60 119 115 199 21 20 180 36 135 44 175 180 122 174 93 46 45 128 55 8 179 136 68 97 82 93 70 55 116 29 3 111 21 94 152 122 182 77 95 44 109 3 17 176 16 41 55 70 166 70 177 111 200 150 183 
165 50 51 15 73 23 71 90 134 110 36 91 99 183 88 40 87 157 145 90 47 122 146 172 151 23 161 93 58 4 142 144 29 130 176 24 81 70 75 60 182 115 147 87 18 67 1 48 99 160 136 115 65 28 165 64 13 22 22 179 139 73 115 168 86 192 29 84 42 112 119 72 163 196 103 
147 104 150 15 9 43 142 132 98 50 57 45 185 100 110 55 154 180 146 81 14 111 74 150 79 146 98 12 196 130 172 14 185 107 147 64 53 199 67 90 72 195 96 112 33 25 167 192 3 176 128 122 24 44 45 83 67 41 35 141 191 189 55 183 39 83 190 14 189 37 61 125 171 148 12 
144 32 8 87 19 13 13 51 140 45 29 83 174 139 162 120 19 34 123 187 156 30 75 60 102 15 72 39 79 86 154 1 123 148 87 108 163 175 28 2 143 1 112 40 118 65 198 172 92 190 134 139 76 122 136 20 99 192 127 40 87 43 193 152 86 125 87 80 111 200 114 171 46 181 193 
65 61 86 200 78 161 70 163 118 38 62 44 141 118 118 149 77 61 86 60 92 197 197 97 130 6 33 101 60 101 4 2 22 54 132 69 101 134 164 137 176 175 82 153 46 57 12 18 86 2 79 82 65 163 160 152 138 125 94 170 165 93 17 36 154 131 42 61 164 41 62 134 134 151 169 
172 86 119 26 113 55 171 109 170 192 167 130 66 98 153 20 4 21 75 48 163 143 172 177 186 138 165 47 19 81 68 159 184 80 37 94 41 93 22 11 87 144 90 144 97 25 143 9 21 21 118 73 44 10 104 17 185 63 87 98 7 147 1 45 49 31 14 131 189 147 30 8 48 161 110 
118 66 135 147 114 163 27 12 159 152 122 198 41 108 9 147 103 45 110 65 43 107 56 135 51 178 129 168 164 144 18 71 85 49 116 120 141 89 13 149 132 112 82 160 127 195 159 7 125 119 24 130 27 124 99 51 166 83 103 150 93 59 16 85 52 69 72 48 21 177 32 177 197 111 39 
176 142 154 160 114 127 36 20 120 171 153 50 177 80 115 105 173 179 167 159 142 118 153 145 29 65 112 111 75 109 147 128 95 196 129 173 53 173 165 73 20 176 15 62 18 58 126 126 160 51 180 53 12 40 189 29 22 69 157 108 157 195 120 76 9 188 149 164 25 125 70 71 99 170 36 
5 152 45 97 16 2 175 125 38 22 186 156 57 197 66 42 107 125 123 77 133 133 95 6 197 175 106 91 34 200 136 55 5 35 85 81 183 64 50 22 152 94 49 173 175 7 60 161 189 72 87 106 61 133 28 30 185 1 51 76 33 147 79 41 146 111 10 10 118 189 57 149 70 131 44 
132 5 182 50 187 113 12 88 171 163 198 85 60 112 79 25 169 109 193 197 8 109 107 17 87 112 125 183 16 141 3 127 28 20 76 118 166 76 68 156 104 60 194 124 63 94 84 13 165 2 71 113 59 199 151 184 73 136 85 50 45 179 157 109 47 103 159 191 25 164 43 121 70 134 124 
112 153 153 95 16 18 172 130 157 189 62 147 78 187 24 61 71 187 17 32 192 62 134 168 38 120 99 77 198 15 110 73 96 66 103 73 115 85 168 152 131 199 114 3 159 66 109 43 175 148 169 119 26 129 94 175 134 89 6 195 137 121 72 10 151 56 199 140 130 199 147 179 110 168 92 
109 39 119 192 9 167 131 143 22 39 1 112 56 126 115 65 199 25 161 94 104 167 88 187 182 135 154 190 41 3 84 143 10 24 98 21 12 189 21 176 54 156 12 164 64 150 137 2 143 15 98 97 175 190 123 108 80 74 28 31 115 21 34 25 95 116 73 142 63 80 147 20 121 101 125 
162 94 33 157 182 108 43 174 42 86 19 117 181 41 119 189 45 182 18 54 85 153 130 35 114 167 189 196 105 2 87 115 179 6 123 116 101 180 139 165 73 123 133 124 176 108 26 164 135 32 41 49 159 75 89 129 19 43 74 22 83 125 145 55 112 161 133 182 147 28 110 59 49 65 96 
183 99 146 128 175 166 183 154 6 182 73 81 147 1 160 198 78 101 18 200 26 130 90 90 78 175 165 53 97 16 42 152 86 68 35 85 77 73 85 123 149 58 178 161 53 97 65 74 130 28 17 149 49 47 178 13 166 100 183 70 83 176 25 24 30 165 172 143 53 114 141 113 66 19 8 
102 15 86 95 162 87 28 121 66 74 91 159 109 138 150 183 196 150 26 157 154 93 127 120 93 158 28 8 97 111 188 94 84 108 83 93 89 34 6 52 111 29 52 116 63 42 59 101 36 62 24 118 102 178 174 7 125 55 83 3 162 3 16 124 9 64 109 46 135 15 131 95 18 18 94 
84 105 179 132 122 17 51 138 183 59 5 139 30 66 144 20 71 154 38 110 136 38 21 125 153 171 46 148 8 142 34 197 20 104 177 92 148 11 123 171 127 11 86 116 17 159 118 5 181 78 192 137 75 95 134 145 45 171 185 32 43 46 15 128 63 85 73 146 91 171 145 144 168 157 181 
191 108 53 178 53 140 146 93 6 117 18 133 155 125 64 116 96 130 197 9 12 7 135 136 94 16 67 114 19 134 81 149 200 192 36 41 166 161 109 91 40 190 15 51 134 171 99 79 172 182 87 139 114 133 115 130 146 151 152 31 176 117 176 54 105 162 111 63 13 159 200 73 175 100 63 
185 145 115 185 174 55 16 74 110 37 43 173 95 5 157 96 188 80 16 162 120 107 16 69 161 192 119 82 57 194 141 134 31 124 67 86 180 102 94 77 89 166 155 11 90 143 66 108 68 52 50 136 102 101 15 107 119 182 85 115 72 18 51 189 19 139 67 113 111 193 39 75 130 18 182 
43 119 78 134 127 87 27 61 160 165 51 66 22 65 54 59 110 183 92 15 58 186 132 93 48 144 145 37 97 24 45 38 133 69 101 109 139 177 21 21 136 146 175 189 53 41 18 175 157 136 32 145 108 9 139 95 59 117 40 49 125 109 94 161 9 130 137 90 135 96 162 18 42 181 105 
2 55 52 148 160 31 3 121 49 58 47 111 120 164 97 176 137 198 58 31 70 116 55 177 101 109 104 169 98 156 189 103 141 46 103 143 139 13 30 16 138 119 141 176 39 77 64 149 80 198 49 188 138 200 154 19 24 93 172 187 40 33 113 126 101 94 63 199 24 196 186 2 26 50 90 
15 136 200 129 94 142 174 164 200 92 23 45 30 104 5 59 80 151 185 184 38 107 101 48 104 57 91 118 53 106 2 81 132 82 186 59 139 103 53 34 14 51 76 67 105 198 177 111 39 124 129 104 147 79 13 70 62 125 12 57 175 128 157 115 101 176 25 75 154 94 70 153 66 127 20 
157 185 82 155 145 190 97 58 167 197 89 184 102 126 32 135 94 44 9 108 13 162 183 54 92 24 22 61 9 171 13 169 34 4 35 86 176 192 35 141 60 149 194 184 173 121 186 22 128 128 48 188 115 114 3 21 155 26 23 147 156 163 176 184 192 195 182 149 65 106 179 181 81 105 178 
116 67 143 43 142 103 140 177 91 174 40 44 83 137 54 108 62 12 181 64 52 152 120 57 41 155 68 176 165 107 31 163 8 109 197 113 139 37 79 113 28 192 75 54 157 3 185 4 40 2 192 34 186 141 170 21 152 177 173 162 61 84 51 30 10 190 142 200 19 96 48 74 136 2 101 
178 106 177 167 110 156 174 12 141 55 116 65 157 9 159 59 193 7 92 98 97 115 18 106 75 152 136 145 68 18 105 96 33 191 16 7 199 28 189 103 46 48 33 127 130 37 177 107 129 2 63 72 38 141 25 106 191 73 183 114 92 82 108 131 110 72 19 101 55 33 41 88 153 55 56 
14 76 27 36 133 73 21 15 42 187 52 146 107 103 112 99 121 55 14 86 198 67 23 172 145 88 96 112 175 6 187 33 43 61 13 167 152 115 69 20 135 141 122 144 35 79 192 116 146 6 161 98 186 70 55 172 146 134 17 178 85 123 189 74 53 85 13 183 155 54 53 76 21 138 97 
53 66 89 193 64 126 144 33 91 115 46 115 13 135 20 173 128 174 148 183 160 163 137 14 110 194 112 7 91 136 194 43 107 45 20 161 102 53 152 46 104 1 113 120 138 55 122 15 44 15 161 21 3 112 57 141 87 134 154 106 28 128 114 43 110 197 137 21 127 83 65 159 41 77 193 
153 53 176 171 31 117 5 57 34 199 18 194 102 177 111 90 80 107 113 84 78 86 70 50 84 6 124 44 156 18 169 56 153 101 192 143 122 196 100 73 103 173 189 138 19 167 58 125 178 100 157 5 131 188 136 49 4 20 92 68 130 24 186 56 93 157 91 189 68 195 144 4 196 99 160 
15 144 159 162 111 110 5 92 159 36 31 38 113 36 129 108 155 135 107 17 194 156 107 20 130 8 138 60 87 154 78 182 37 190 93 15 46 105 7 24 90 191 198 15 40 38 25 43 119 50 171 152 199 21 86 177 28 120 73 92 197 169 113 94 197 162 187 99 148 103 83 29 50 72 39 
59 130 119 81 120 79 157 192 67 101 134 33 125 72 138 100 88 28 86 32 1 35 29 95 43 23 111 176 71 64 181 126 61 60 152 64 161 186 72 39 175 107 147 151 122 172 192 57 79 40 125 124 46 70 137 112 152 159 20 138 33 42 52 64 95 158 190 109 72 189 181 126 119 153 146 
112 94 175 170 138 169 83 112 47 188 24 162 18 168 80 55 181 31 102 81 58 199 135 4 114 101 52 62 109 198 121 81 192 46 74 155 48 179 71 162 159 104 93 29 37 71 165 30 73 133 194 18 119 190 189 170 64 125 20 125 119 125 26 96 133 129 126 194 155 121 82 155 37 46 68 
100 41 52 144 52 1 182 120 193 20 86 186 58 188 71 87 145 175 27 175 17 154 166 86 66 130 184 75 23 43 33 178 127 140 174 103 75 28 168 87 29 101 178 104 69 187 137 182 175 93 61 69 26 138 152 1 84 99 31 48 145 170 135 129 87 167 152 143 143 29 114 40 124 69 62 
103 79 71 108 166 87 155 136 35 53 109 126 58 140 153 200 45 121 143 105 69 136 144 21 174 176 78 105 160 86 45 125 58 5 115 39 196 7 91 169 96 190 198 93 115 163 60 189 154 61 48 16 141 174 154 173 145 57 197 146 49 78 101 67 167 137 8 23 49 60 150 164 168 165 149 
171 7 147 84 99 175 56 149 137 170 135 160 105 70 77 12 139 143 23 179 175 83 147 33 173 76 144 58 45 69 179 182 14 157 74 173 105 144 160 101 131 150 69 198 92 76 96 193 85 153 55 156 55 14 139 192 106 66 191 153 196 147 36 139 61 179 99 175 54 13 119 32 90 115 1 
111 110 151 100 84 154 59 142 149 34 122 16 138 4 168 57 184 101 131 179 195 76 193 156 101 103 162 169 164 69 148 115 41 48 194 128 149 161 43 2 166 99 156 80 93 198 84 34 28 131 19 116 172 17 146 132 107 53 58 31 77 118 48 175 190 88 109 50 47 109 130 161 110 3 85 
127 39 84 187 62 138 137 108 4 62 152 42 151 173 185 170 55 42 140 9 28 162 3 134 138 51 22 16 164 101 149 57 142 193 113 12 121 129 31 169 148 61 67 144 145 191 28 11 29 125 19 142 181 188 168 87 70 6 177 29 46 173 66 198 47 171 96 174 166 151 92 194 70 78 189 
192 151 111 75 152 129 9 151 54 14 152 100 131 60 83 27 44 29 124 132 130 45 16 87 28 150 9 112 91 130 163 60 47 194 118 57 180 49 99 200 189 13 109 188 131 71 132 76 36 62 126 91 113 156 116 110 54 107 164 82 147 68 114 188 95 154 54 200 157 19 142 173 102 150 129 
129 51 122 110 23 88 31 153 154 80 191 62 53 147 21 119 53 27 190 58 22 25 30 25 178 83 161 148 31 11 2 19 69 76 17 78 3 141 54 120 137 48 21 35 184 126 131 8 87 66 65 37 88 167 198 30 80 104 166 114 7 57 96 112 161 154 39 113 23 141 101 186 68 6 17 
118 158 174 128 80 196 33 80 142 101 185 190 110 57 139 94 122 173 65 109 117 118 47 108 182 88 127 94 171 187 171 164 93 25 140 62 180 124 68 108 9 55 170 26 25 19 105 40 83 197 170 28 61 92 30 60 77 81 173 94 21 83 162 200 90 20 157 140 175 198 1 126 9 41 152 
114 120 40 43 32 176 5 135 27 199 118 1 32 102 71 189 107 39 131 123 115 169 104 32 58 72 191 198 183 163 200 94 10 178 80 54 46 120 160 20 88 17 113 127 33 71 170 93 172 19 33 80 120 4 127 125 117 86 5 49 111 157 109 31 19 172 111 52 163 186 59 138 86 183 132 
39 34 178 108 134 58 42 171 53 167 113 62 41 85 124 95 171 84 137 7 83 15 145 102 120 59 183 156 55 153 96 118 97 21 2 64 88 26 50 124 174 146 193 170 47 193 134 173 163 194 63 140 193 26 143 27 30 148 27 3 2 125 48 54 133 8 103 31 59 92 115 35 1 86 19 
93 179 167 42 10 150 42 13 123 101 131 178 109 80 114 35 26 150 22 54 76 116 155 79 191 145 177 196 145 28 173 147 160 153 8 65 173 128 78 95 59 172 108 169 22 167 98 94 146 156 45 63 49 124 123 117 179 169 136 16 140 65 183 190 164 113 141 78 141 152 64 56 7 154 186 
141 68 73 83 74 188 66 162 122 49 132 35 56 132 199 71 6 190 198 16 21 148 1 63 31 21 82 133 34 81 18 147 188 40 137 193 140 130 139 12 142 191 97 83 127 28 63 48 62 75 14 136 37 43 94 14 170 132 187 198 144 90 28 59 158 100 79 191 170 137 198 39 97 20 183 
197 185 19 56 167 167 161 98 34 55 162 66 164 132 93 69 146 51 69 186 191 106 29 20 188 37 192 9 184 44 95 97 185 115 160 149 146 163 4 173 64 23 175 144 99 110 71 170 2 199 179 51 37 92 121 174 37 26 22 160 40 79 83 192 154 70 183 129 44 40 155 126 74 31 189 
180 9 184 163 63 50 85 116 189 39 9 98 157 48 65 128 57 120 62 145 140 135 6 72 132 40 120 52 103 122 40 54 171 94 141 9 90 191 69 55 86 47 161 124 183 30 74 134 3 12 191 167 108 172 74 1 29 10 39 154 114 139 136 129 134 187 172 75 188 148 71 121 90 25 113 
175 187 116 20 18 139 107 158 58 39 182 74 32 100 124 35 31 148 200 122 61 89 97 43 80 194 186 199 167 97 80 86 24 2 128 53 162 188 191 168 97 40 131 152 70 144 129 165 32 117 139 116 52 91 72 128 26 32 114 43 182 31 165 34 56 92 29 103 169 111 115 72 71 152 81 
186 104 125 78 118 50 62 136 99 182 76 38 125 155 134 112 67 174 79 108 17 162 79 156 28 52 130 141 193 17 38 172 150 159 163 148 60 189 156 135 189 108 10 98 30 9 23 133 63 54 151 188 175 151 25 115 107 142 126 12 135 43 70 170 110 1 99 62 133 175 15 55 80 131 113 
16 109 191 78 143 187 163 17 35 128 6 105 119 142 45 138 124 79 150 72 76 19 185 39 50 38 75 17 112 188 82 147 47 4 179 175 102 2 38 89 93 193 6 116 37 125 106 6 162 170 166 179 66 129 151 171 199 107 170 197 16 14 104 82 45 127 169 170 174 195 178 70 36 100 92 
177 61 187 70 178 57 139 163 42 124 8 116 199 190 38 54 144 89 58 8 88 160 73 144 185 8 106 66 189 31 190 199 133 182 34 43 113 17 142 141 54 94 26 93 188 161 163 165 120 24 41 134 4 173 117 118 147 80 25 27 98 29 167 59 23 53 150 157 173 4 22 51 163 89 190 
39 163 90 57 111 98 144 3 75 179 131 59 149 138 154 16 87 86 195 89 194 186 167 178 75 150 129 142 190 15 43 56 177 93 46 37 25 77 151 82 122 184 154 27 110 35 140 132 125 191 36 112 65 163 112 46 3 159 24 15 128 29 198 57 199 90 124 147 131 36 174 27 152 118 149 
162 12 172 29 17 21 83 61 163 46 14 159 154 191 130 107 155 141 12 128 34 53 43 136 89 10 44 36 144 57 101 22 195 24 80 120 75 157 51 108 44 124 48 59 111 31 83 64 180 40 18 186 151 31 76 41 102 58 169 110 48 134 67 33 80 190 192 107 89 196 20 74 111 89 195 
152 181 109 36 113 17 15 159 63 170 33 126 88 135 119 55 102 98 101 180 23 121 200 136 15 20 68 33 36 107 61 196 36 171 168 167 183 34 129 69 51 78 121 87 43 38 172 118 11 96 119 113 93 165 4 66 82 150 56 15 194 89 34 90 35 181 75 159 7 74 100 104 167 145 91 
137 19 136 157 186 121 140 79 6 182 61 43 72 183 44 135 154 132 101 18 52 11 178 142 167 85 35 123 76 133 113 177 138 154 97 87 2 58 31 21 8 109 63 169 112 115 49 46 70 169 133 99 168 75 188 188 100 155 124 53 134 15 56 113 81 32 82 124 131 125 155 174 49 190 178 
135 85 54 162 24 144 45 46 152 36 187 159 70 145 29 15 60 35 76 92 129 131 28 62 128 153 110 181 163 132 143 154 144 29 139 79 5 16 90 147 134 57 83 49 11 6 187 55 121 192 141 97 105 103 113 7 148 174 4 187 16 120 112 55 17 14 121 190 125 61 138 106 169 194 20 
155 85 127 112 66 170 178 36 80 171 186 200 199 75 125 162 163 9 151 156 35 111 172 17 165 9 127 102 125 87 193 198 70 10 152 150 91 38 150 196 171 154 82 113 13 1 125 68 1 164 149 102 84 140 168 196 131 96 153 82 175 65 52 76 150 54 22 193 125 64 28 183 180 86 127 
38 16 186 193 180 194 171 76 197 131 56 20 138 59 187 49 50 138 189 68 192 112 44 85 152 181 121 96 113 171 113 85 168 151 47 64 151 156 116 189 63 89 90 198 141 188 28 11 6 117 147 197 70 164 79 144 159 32 124 117 129 125 47 52 101 88 20 140 35 50 132 140 126 92 8 
176 58 143 53 70 114 139 152 175 80 41 126 178 32 167 152 97 71 50 59 36 195 174 150 35 124 94 111 29 170 179 20 57 150 148 71 63 35 62 163 15 173 8 60 112 55 96 58 55 150 184 24 11 40 76 53 62 7 119 177 135 93 146 131 123 132 140 110 191 31 189 195 197 124 102 
153 28 55 106 64 131 68 94 181 72 144 52 128 104 198 121 105 35 182 56 141 96 31 37 199 146 87 14 126 40 86 130 88 178 48 49 145 55 78 89 117 50 113 174 170 151 108 143 188 169 87 27 193 41 181 147 30 108 126 43 143 138 111 94 165 63 58 192 162 129 200 119 18 47 161 
149 70 144 147 128 189 121 69 145 19 7 57 117 21 105 79 93 76 120 182 153 13 141 155 88 118 67 163 172 144 90 145 197 149 85 142 25 24 87 19 72 99 196 126 80 108 129 174 171 44 145 41 83 55 165 176 102 140 16 86 175 195 34 95 170 60 62 50 67 105 8 173 163 84 110 
179 129 20 126 114 143 100 196 75 39 16 165 54 40 116 106 184 173 13 134 190 63 40 51 154 139 177 9 113 48 136 164 189 3 163 3 151 63 104 6 130 7 190 196 118 137 135 88 154 55 125 3 123 142 28 54 143 111 47 69 92 36 18 36 110 73 59 164 14 23 10 180 181 127 33 
55 3 104 107 127 1 138 156 6 153 47 79 123 198 125 59 18 131 30 93 179 175 121 51 44 52 18 50 33 73 26 134 186 121 18 176 190 158 1 38 68 74 141 104 32 182 157 68 130 16 31 13 191 3 130 110 7 14 16 110 17 84 16 18 182 169 142 13 20 127 178 143 46 72 132 
33 196 69 166 62 105 12 135 174 67 168 5 7 173 199 129 34 23 100 22 144 188 43 168 193 149 142 87 192 182 119 108 43 141 162 4 27 20 22 168 23 173 68 109 190 185 164 181 68 152 151 17 101 194 174 162 170 82 50 9 160 9 84 94 139 195 131 193 118 25 199 4 33 38 68 
195 108 191 176 51 146 113 143 22 72 191 139 142 48 157 90 188 131 58 52 54 191 68 78 38 58 64 50 29 18 61 38 87 107 16 6 147 102 149 124 61 76 184 99 58 147 63 129 70 77 88 78 112 57 165 173 38 65 197 24 106 33 174 164 120 105 99 161 54 191 74 28 115 47 196 
30 92 120 199 103 63 31 109 86 199 167 12 174 183 151 79 120 66 53 90 83 35 86 199 60 52 43 109 23 54 175 146 189 184 34 97 89 92 28 157 132 173 110 101 168 27 160 158 87 166 146 198 67 29 5 49 117 178 122 45 74 31 4 46 69 155 198 23 152 35 149 196 12 176 157 
122 1 193 171 10 8 192 83 147 189 96 170 188 169 67 60 157 117 105 190 95 64 85 126 111 119 8 56 72 140 1 47 153 10 16 189 94 41 187 80 197 180 96 4 55 151 100 25 87 21 87 112 60 199 9 46 192 163 166 175 145 170 118 122 114 147 140 96 81 38 83 167 174 175 84 
177 152 13 113 91 84 162 118 184 165 167 83 176 18 30 119 156 86 125 13 96 41 31 101 68 195 125 138 84 117 18 76 104 160 189 26 83 20 147 67 198 137 10 163 25 107 86 86 113 84 63 119 33 8 124 162 77 169 30 142 75 43 152 97 24 50 103 125 60 87 98 72 94 91 146 
74 37 97 1 90 78 120 193 94 185 35 146 9 42 62 92 31 76 10 99 151 183 85 189 89 130 172 170 132 107 195 24 68 9 10 158 97 35 144 25 109 176 188 146 55 90 21 70 70 55 119 169 165 77 182 181 38 162 188 169 74 114 16 160 52 115 95 62 160 22 113 42 9 54 51 
117 151 44 36 137 66 125 94 162 5 71 47 96 16 179 17 171 106 61 51 151 59 68 180 22 188 191 182 90 180 178 80 155 45 180 97 195 185 86 171 173 183 200 60 127 115 178 160 56 160 120 106 139 160 130 188 86 111 127 49 94 152 81 124 163 70 15 37 5 22 9 33 90 109 58 
14 74 56 130 9 161 169 176 118 25 74 72 15 82 29 62 140 75 97 96 148 44 106 14 9 191 166 27 152 51 41 26 184 87 148 139 92 55 153 124 24 77 65 13 165 165 6 38 160 110 47 25 161 84 127 101 18 94 196 83 75 146 114 33 111 111 102 165 11 40 191 127 75 124 34 
83 185 29 130 28 69 42 118 60 87 146 100 61 7 190 36 102 150 196 68 198 3 156 160 48 24 105 109 177 82 178 174 117 121 171 146 199 109 74 19 189 101 158 16 55 55 177 84 122 45 37 42 191 193 154 136 42 190 115 87 17 28 75 56 158 178 64 57 121 21 119 51 21 23 145 
92 186 51 39 99 178 134 92 127 167 69 75 132 84 94 139 185 54 84 30 137 152 46 87 95 51 193 152 76 184 35 160 35 15 90 5 46 5 107 2 107 28 141 49 141 47 73 114 183 68 172 163 152 176 115 195 36 166 16 6 79 149 152 148 51 65 41 120 82 96 164 169 9 140 135 
55 5 41 13 140 160 23 90 114 120 85 114 23 182 62 121 2 139 164 29 151 106 88 108 81 118 151 64 67 20 67 163 69 31 24 124 192 96 127 137 7 40 48 53 25 148 135 130 32 89 2 25 175 7 104 67 106 34 85 165 5 162 152 84 108 62 137 54 51 47 1 139 118 8 195 
83 98 52 195 97 63 127 81 131 102 110 12 153 55 10 81 55 6 160 29 64 41 67 151 177 154 58 98 104 106 101 177 45 110 22 121 52 80 152 159 68 31 119 102 186 140 174 23 75 3 99 102 84 103 48 114 146 138 128 155 151 80 9 158 66 112 130 121 137 120 108 79 174 65 38 
44 154 195 43 103 78 27 80 22 52 106 122 130 51 29 22 60 149 88 128 10 53 167 83 54 139 102 171 4 20 108 194 153 128 105 186 68 101 155 54 65 167 99 84 115 90 128 103 20 72 126 11 39 103 21 178 46 118 138 110 98 119 54 120 114 154 188 47 112 100 17 105 154 125 152 
