150 2
0
2
1 95 115 785
2 677 123 431
3 1114 164 786
4 1223 91 1223
5 1346 153 2264
6 1498 177 1144
7 1568 35 1848
8 1690 195 2470
9 1793 199 2987
10 2052 44 1964
11 2293 129 2035
12 2433 79 2433
13 2452 46 2360
14 2477 34 2545
15 2550 18 2514
16 3016 22 3192
17 3056 74 2908
18 3335 84 3503
19 3451 29 3625
20 3532 16 3500
21 3645 188 3645
22 3684 20 3844
23 3722 82 4214
24 4745 71 4745
25 4982 26 4930
26 4999 75 5299
27 5175 26 5123
28 5185 156 5185
29 5343 156 5655
30 5667 198 5667
31 5818 167 5818
32 6442 46 6718
33 6586 198 7378
34 6724 169 6386
35 6984 68 7528
36 7029 130 7289
37 7908 182 9364
38 8355 35 8425
39 8438 124 8190
40 8726 135 8996
41 8759 117 8525
42 8831 179 9905
43 8855 4 8887
44 8960 130 10000
45 9373 109 10245
46 9416 31 9416
47 9539 113 10217
48 9612 112 10508
49 9722 78 10034
50 9835 2 9843
51 9883 155 10503
52 10105 61 10349
53 10468 84 10300
54 10501 152 10197
55 10529 98 11117
56 10571 197 11753
57 10686 11 10752
58 10711 113 10485
59 11147 170 11487
60 11147 20 11227
61 11342 153 12566
62 11507 157 12763
63 11814 18 11958
64 11929 180 11569
65 12334 34 12334
66 12338 169 13690
67 12615 3 12609
68 12664 175 12314
69 12666 143 12952
70 12721 51 12823
71 12817 56 12817
72 12901 54 12793
73 12992 34 13264
74 13075 157 13703
75 13094 166 13758
76 13156 82 13320
77 13325 164 13325
78 13392 50 13392
79 14080 104 14080
80 14218 185 14218
81 14386 128 14898
82 14473 190 14093
83 14674 167 16010
84 14694 199 15092
85 14777 44 14689
86 15246 51 15654
87 15363 119 16315
88 15699 21 15657
89 15782 57 15896
90 16313 156 16313
91 16410 25 16610
92 16519 131 17305
93 16581 182 16581
94 16641 191 17023
95 16671 32 16607
96 16886 145 17756
97 16952 108 17816
98 17066 29 17066
99 17071 109 17943
100 17096 1 17102
101 17518 144 17806
102 17543 30 17663
103 17604 179 18678
104 17606 65 17736
105 17802 115 17572
106 17846 16 17910
107 17924 67 18460
108 18122 152 17818
109 18473 176 19177
110 18512 91 19240
111 18650 122 19626
112 18758 105 19178
113 19077 63 19329
114 19570 96 20146
115 19947 130 19947
116 20188 93 20002
117 20343 19 20457
118 20620 27 20674
119 20753 159 21707
120 21010 116 21706
121 21021 28 21245
122 21505 1 21505
123 21692 6 21740
124 21895 141 21613
125 21959 81 22607
126 21995 184 23467
127 22100 135 22910
128 22197 90 22557
129 22542 139 23098
130 23317 173 24701
131 23478 52 23582
132 23509 138 23785
133 23594 15 23654
134 24461 81 24461
135 24590 59 24590
136 24603 40 24683
137 24608 137 25156
138 24637 165 24307
139 24873 114 25785
140 25175 90 25715
141 25378 164 25050
142 25384 193 26928
143 25456 21 25540
144 25751 185 26491
145 25829 39 25985
146 26479 56 26591
147 26560 63 26938
148 26776 102 26572
149 26887 86 26887
150 26888 78 26888
57 75 41 200 115 123 95 173 74 95 82 78 67 22 83 89 66 195 44 71 71 194 189 32 154 119 63 130 21 171 118 175 181 89 59 37 147 16 39 104 8 97 29 186 180 12 180 49 197 140 107 25 132 68 58 36 127 83 86 140 197 110 140 80 160 185 188 34 43 176 169 140 49 68 112 7 37 194 195 35 82 37 129 61 33 21 95 87 194 152 126 40 119 88 181 14 6 104 39 170 134 102 166 115 84 153 136 29 30 22 125 173 14 53 105 51 98 84 150 138 185 32 43 3 45 5 91 61 20 175 106 59 124 22 64 166 197 35 108 71 89 128 44 153 146 137 89 107 40 62 
109 41 88 25 145 197 1 72 27 24 114 91 39 78 113 58 86 92 193 107 159 11 52 8 135 137 23 94 71 36 14 107 199 80 139 143 51 118 168 47 189 63 22 149 47 141 174 58 90 163 185 72 73 115 193 136 133 62 38 4 3 95 51 189 117 48 147 130 153 102 121 37 26 135 170 88 196 23 181 5 84 53 131 17 77 94 186 147 137 185 193 155 52 153 154 116 147 158 162 1 118 170 141 111 126 76 51 99 26 7 130 77 21 155 177 41 178 44 149 20 76 84 138 119 171 92 6 63 150 179 73 172 151 118 58 136 167 96 157 49 38 164 151 128 86 1 152 31 37 61 
71 183 41 106 74 26 4 159 107 10 154 127 88 146 138 67 112 188 142 6 28 71 2 66 172 155 172 185 181 107 137 131 197 119 51 144 59 112 160 89 127 10 127 129 118 172 173 182 67 147 179 171 123 155 48 70 49 113 174 138 86 101 119 84 44 56 119 97 105 156 18 137 4 30 46 21 160 156 38 150 93 175 52 94 161 66 189 64 69 31 160 143 118 24 117 6 54 90 199 41 3 61 157 154 73 9 14 95 197 112 102 70 46 1 7 4 182 115 186 172 86 188 143 21 68 162 186 30 70 192 116 160 96 35 4 199 38 97 200 50 186 187 193 95 95 101 97 96 63 80 
33 48 101 16 17 65 169 56 81 48 138 65 1 95 37 183 118 197 129 173 117 142 138 131 157 121 92 157 143 180 4 4 117 200 143 16 7 37 139 12 138 161 69 36 172 111 61 76 148 153 71 151 123 64 174 11 115 170 79 75 143 69 149 148 134 141 61 165 188 3 53 39 149 94 53 101 83 150 137 66 187 177 30 19 70 8 2 10 88 78 127 172 100 89 98 184 148 70 139 199 13 129 78 199 189 10 46 197 190 169 112 82 54 43 70 159 190 108 145 55 176 14 57 86 8 134 75 27 146 166 164 52 15 23 92 8 133 61 45 71 103 27 149 50 19 73 94 122 132 162 
82 109 116 58 91 150 31 26 24 183 126 182 11 22 197 16 170 150 84 137 90 65 148 104 55 110 80 61 39 4 50 29 82 152 59 170 100 59 59 157 53 27 63 146 106 146 85 109 182 196 184 123 179 49 20 133 155 188 57 35 4 186 111 10 146 157 22 55 76 143 197 196 34 103 70 77 179 43 53 52 102 109 35 104 58 127 190 93 79 49 14 61 181 96 153 166 162 36 18 197 121 75 44 137 93 46 1 184 16 115 68 41 36 134 5 174 47 161 32 77 158 48 7 170 93 173 147 75 20 113 115 31 118 159 27 149 169 104 75 75 38 43 80 190 118 162 162 79 105 162 
11 101 111 175 165 199 145 182 26 19 192 108 118 150 186 148 142 106 89 24 136 85 100 53 148 196 171 63 85 192 42 122 133 184 184 117 69 190 87 177 15 136 145 170 85 117 52 135 13 100 6 80 158 177 111 186 116 138 183 167 4 21 159 67 139 139 171 142 2 54 38 122 184 179 86 6 185 55 141 181 104 129 137 135 190 31 182 186 49 147 178 39 2 117 43 107 162 21 164 117 163 44 62 1 55 158 23 14 38 27 49 14 87 127 69 198 36 27 174 147 37 8 194 17 144 62 154 74 168 89 46 200 142 116 110 10 145 170 175 144 13 149 198 89 159 171 51 122 76 6 
62 191 96 19 7 149 96 162 133 138 13 165 12 14 93 134 43 84 136 65 190 140 80 47 56 7 59 190 131 36 26 96 79 169 31 172 79 178 130 126 190 111 145 140 125 151 175 186 37 15 192 42 109 179 73 94 135 29 112 7 165 79 112 86 26 88 169 78 97 48 142 189 48 34 30 106 133 199 22 190 110 82 171 122 99 196 99 145 46 114 21 37 99 163 15 139 130 71 192 118 32 5 164 87 192 146 144 82 65 20 160 174 121 112 63 55 97 74 12 52 154 110 174 56 183 120 135 64 148 80 125 161 124 115 116 170 29 148 163 52 44 27 65 149 127 160 6 169 58 164 
135 199 28 194 139 89 7 110 84 72 75 113 168 72 197 199 19 125 142 97 126 4 70 139 77 132 116 48 132 133 1 102 111 198 164 124 21 87 85 30 124 113 142 139 38 111 74 119 135 155 155 173 19 110 72 165 87 34 129 6 168 147 149 94 112 84 63 77 29 180 180 105 16 34 32 25 2 162 183 152 27 142 29 8 157 173 105 184 194 134 52 126 108 38 70 100 7 63 39 90 113 168 99 9 171 58 6 48 152 62 162 139 158 188 156 178 106 111 158 164 89 77 178 113 186 107 48 14 3 102 191 83 67 45 164 13 28 29 23 151 183 194 127 169 50 52 54 152 41 129 
81 57 98 91 21 157 182 193 66 30 83 122 44 36 85 6 108 100 13 94 103 153 151 72 12 68 111 19 19 88 66 34 44 37 80 144 38 37 15 175 75 6 51 7 75 67 65 106 111 114 161 153 100 173 5 121 132 194 182 50 9 2 91 40 112 62 36 153 21 26 130 97 44 180 140 174 128 43 65 116 115 186 63 197 37 68 42 37 12 91 172 28 81 42 162 100 36 63 109 70 105 108 101 78 76 55 62 47 19 115 169 96 87 90 183 74 173 66 131 180 177 46 76 68 84 69 88 101 113 39 86 182 85 154 13 187 31 65 99 25 12 199 159 82 69 175 2 104 196 11 
90 193 145 28 113 157 71 87 176 67 146 20 7 23 154 122 20 39 156 105 75 115 149 19 97 94 185 78 90 150 85 122 42 29 40 187 101 163 153 57 108 19 122 182 4 183 95 134 22 196 120 135 192 172 38 43 181 185 61 139 156 64 92 32 189 120 172 92 105 49 57 172 42 113 178 185 140 171 120 176 157 142 75 63 99 178 72 68 96 71 165 72 99 183 3 39 193 4 86 77 14 45 152 165 86 100 130 180 152 18 63 52 62 29 66 136 66 196 101 132 79 5 154 25 42 1 6 68 125 39 122 199 54 44 13 18 46 102 161 74 16 80 11 19 171 137 68 16 127 170 
185 57 62 102 104 35 100 27 114 107 118 182 121 3 45 134 42 26 18 51 111 96 59 35 47 2 9 193 44 176 157 161 71 54 166 160 73 148 93 119 80 119 15 185 5 138 191 111 77 184 116 169 167 78 197 135 10 27 75 12 125 47 178 33 60 10 119 118 92 141 106 128 185 187 7 23 115 6 13 197 166 157 177 40 189 143 34 140 81 183 53 134 76 100 190 132 13 165 83 82 146 147 95 68 14 71 132 59 1 70 37 167 44 197 104 183 93 98 104 17 184 129 77 57 129 29 129 31 114 97 71 51 110 10 128 6 148 111 163 148 146 127 125 119 30 53 106 88 172 57 
141 125 200 91 181 195 171 173 131 167 142 15 122 114 56 69 114 21 31 159 1 182 6 98 131 2 129 118 151 95 93 115 105 163 93 157 116 110 44 168 140 130 104 52 184 185 44 53 80 145 86 165 78 47 51 128 43 65 19 33 131 130 127 98 195 88 101 180 79 37 156 192 85 41 19 83 98 70 8 99 81 131 196 117 158 192 85 134 165 35 130 79 29 196 156 113 33 88 99 191 78 180 132 5 59 145 182 158 83 145 180 49 77 181 101 88 70 130 188 63 70 72 4 111 13 155 133 51 117 152 106 9 109 1 77 184 200 143 35 67 187 158 82 4 183 40 11 132 161 196 
92 57 64 27 44 121 165 27 5 104 135 9 179 39 60 153 11 26 22 129 159 27 155 108 29 23 3 179 44 63 147 39 152 97 30 11 180 170 78 44 115 77 97 175 91 62 111 25 4 85 4 94 119 110 107 35 19 98 156 103 137 58 200 185 200 12 179 6 11 27 93 158 7 115 37 138 66 16 71 172 155 35 172 27 63 61 187 193 104 126 197 198 114 156 180 7 58 156 166 191 58 96 81 92 151 159 160 39 62 2 95 6 191 127 133 117 143 57 199 87 136 91 125 66 151 155 44 160 199 105 153 36 29 169 37 74 94 180 197 27 82 106 155 35 98 68 36 64 131 7 
19 62 59 59 170 41 17 94 173 106 92 89 110 150 123 178 169 115 50 197 85 51 172 175 162 200 176 127 184 8 159 31 93 196 146 113 47 100 183 112 180 166 93 123 162 91 179 160 191 5 180 101 189 66 6 185 166 141 131 196 73 76 46 18 113 129 26 131 55 86 49 189 191 128 22 13 165 154 55 172 79 167 11 81 91 197 17 71 170 96 38 47 58 21 140 176 24 115 156 35 84 131 37 89 99 102 81 155 135 131 54 93 65 130 14 195 136 53 21 131 43 17 135 137 156 139 199 44 70 78 132 79 34 118 112 128 25 41 75 173 103 55 184 85 10 181 162 159 181 9 
110 24 187 172 44 130 106 11 98 128 93 134 122 1 141 106 107 147 10 3 166 144 71 171 91 162 5 16 138 76 158 106 45 42 200 83 18 148 56 98 1 190 175 29 181 15 141 97 86 178 123 118 103 6 182 1 125 100 52 35 120 117 102 176 69 181 108 112 119 71 126 162 57 179 5 189 106 198 149 29 139 16 12 73 122 91 87 106 197 28 171 1 95 33 70 93 163 142 49 30 146 165 39 17 43 132 3 54 96 13 117 15 173 72 24 176 159 132 67 128 27 146 133 70 91 190 196 120 11 76 32 39 85 141 38 110 23 40 198 4 33 190 61 2 3 153 81 15 174 150 
29 98 115 71 73 164 127 114 48 55 167 166 33 31 188 40 200 175 100 42 168 152 35 189 177 118 52 143 114 45 89 140 76 27 118 60 155 96 153 104 183 20 149 137 81 1 116 159 20 49 45 142 77 146 75 153 101 20 8 151 1 184 129 65 42 28 92 173 104 104 172 94 191 179 113 196 63 190 111 196 79 19 4 107 109 190 81 90 160 87 29 140 84 23 133 92 167 5 108 46 150 126 116 148 59 110 184 65 56 112 82 85 91 60 193 121 136 91 180 35 3 53 190 15 29 69 69 101 70 150 16 197 41 39 156 113 83 71 98 100 164 88 173 95 96 13 142 60 34 194 
92 172 138 36 41 185 11 21 9 122 77 103 8 85 180 125 55 5 156 103 166 104 163 1 110 24 198 69 122 28 78 192 165 168 153 142 13 151 78 69 60 142 116 166 37 197 132 130 183 168 44 179 119 100 40 110 187 174 85 200 73 113 111 174 18 112 124 140 129 26 75 149 149 120 166 82 62 79 139 33 89 50 142 153 47 157 105 163 189 104 9 154 45 90 168 136 39 147 92 194 181 78 150 193 95 56 58 197 168 187 72 61 9 138 74 171 167 30 176 26 143 168 93 86 125 104 157 109 127 114 60 31 130 31 72 82 166 128 153 85 115 130 77 175 11 159 154 173 150 2 
58 134 57 196 88 74 5 30 120 84 166 75 183 137 158 7 138 2 104 153 71 33 46 180 181 113 123 189 112 1 198 146 169 77 64 125 89 128 76 199 109 29 125 30 50 95 57 130 124 79 102 116 159 137 37 59 3 32 35 59 55 64 109 54 15 170 187 85 62 167 128 4 77 180 178 120 141 15 77 70 128 185 80 150 10 182 142 200 86 32 72 67 44 74 32 7 124 84 189 159 98 157 82 1 15 198 11 169 85 73 37 108 60 172 27 21 147 150 12 15 93 19 120 158 171 76 45 88 179 166 88 77 43 178 96 182 104 63 13 190 72 87 150 17 105 14 105 190 132 16 
60 92 176 173 103 116 184 121 140 48 116 95 67 41 16 95 50 124 167 28 83 190 196 199 36 170 172 16 123 91 67 129 85 148 139 60 59 60 51 3 47 81 175 10 154 84 19 26 5 120 175 48 22 181 56 103 138 77 108 175 41 146 27 155 10 141 82 195 141 84 89 190 129 131 131 143 117 2 3 122 42 28 102 153 56 119 61 199 78 143 115 178 154 25 124 149 175 143 174 45 80 190 178 44 49 47 38 112 117 11 154 108 152 142 34 67 24 194 135 175 10 169 132 93 51 41 15 159 21 107 192 36 167 33 198 40 159 163 73 48 172 8 186 52 166 162 147 137 118 35 
37 51 1 130 179 97 74 20 41 100 52 195 177 62 163 193 116 46 34 100 161 110 93 167 114 141 60 32 8 20 140 55 33 156 20 43 118 76 96 168 119 88 41 179 14 34 82 64 88 80 133 26 48 182 119 86 53 188 155 2 74 31 126 30 68 114 162 181 99 14 108 41 71 34 180 26 164 20 119 147 167 41 173 93 144 56 179 86 128 22 158 144 138 183 150 98 135 170 192 189 192 125 142 160 19 46 98 59 131 103 69 190 179 199 42 156 69 58 10 40 124 129 183 76 144 113 147 187 51 150 8 144 187 64 7 125 17 180 200 40 100 120 197 198 92 26 126 49 25 165 
70 87 65 197 151 102 8 199 1 116 36 58 158 52 78 193 24 78 170 155 83 14 94 77 113 147 175 7 169 60 145 156 180 33 10 144 148 18 144 171 110 80 11 33 148 195 130 169 109 2 46 198 47 1 70 146 147 106 173 24 183 24 120 54 133 199 44 178 152 37 100 77 62 105 27 189 43 157 184 193 126 74 179 158 195 142 154 152 65 89 31 186 24 31 29 141 152 182 103 132 102 90 177 4 172 150 65 148 171 140 191 2 138 137 108 181 60 195 15 181 88 157 19 123 15 53 40 96 119 58 4 190 74 134 107 150 152 33 159 15 174 147 101 24 162 58 149 48 97 179 
8 45 32 37 123 137 135 102 40 157 194 103 109 109 168 34 183 163 107 53 49 113 177 152 168 117 187 173 130 30 54 49 67 145 117 166 134 79 50 73 190 29 144 53 178 142 157 68 54 22 199 16 22 164 93 108 24 48 159 153 31 157 53 198 7 171 73 156 120 107 161 185 131 13 69 160 107 43 57 193 2 161 157 164 80 28 1 193 104 104 6 190 194 154 191 36 141 162 176 27 160 22 105 2 75 32 118 72 119 59 146 23 145 145 143 99 162 154 15 67 3 186 168 59 1 17 41 105 41 105 95 143 146 21 154 143 52 55 84 69 194 172 134 36 40 31 125 67 101 139 
58 86 170 59 120 68 7 53 151 63 134 21 169 49 90 194 83 8 191 143 94 45 159 11 31 161 130 78 16 157 113 174 62 9 37 77 89 150 94 187 118 176 161 28 103 122 117 122 178 187 179 18 17 140 38 127 121 184 107 44 83 11 179 100 195 120 30 198 155 141 186 193 139 35 25 200 138 3 22 176 76 71 28 175 129 142 40 12 124 188 101 140 183 99 112 197 20 163 77 30 138 129 163 133 178 187 179 122 84 68 157 44 106 124 21 161 99 22 146 125 178 164 156 149 170 115 114 87 187 37 149 25 12 56 143 44 125 83 52 157 24 2 69 110 159 169 113 116 85 81 
128 111 97 31 46 130 1 12 200 85 124 39 39 105 176 117 67 120 70 181 186 60 45 90 84 139 47 46 35 158 46 189 75 177 18 6 36 20 105 33 188 149 101 78 96 53 92 125 11 42 125 89 74 55 195 105 122 165 137 112 6 136 148 71 195 82 66 94 67 87 128 125 85 106 192 148 156 109 97 81 73 164 61 156 144 149 172 39 128 180 197 84 58 180 86 97 2 74 45 181 89 166 135 104 11 139 60 101 5 133 161 53 51 36 146 115 30 192 129 51 105 90 32 186 48 13 179 188 94 171 176 77 38 124 37 66 113 114 67 34 45 147 96 156 60 97 127 38 87 122 
175 135 64 164 158 81 122 7 149 113 179 159 30 145 183 6 61 133 16 93 197 99 42 65 22 196 8 83 44 128 139 181 34 154 20 51 86 60 152 155 120 109 61 39 48 180 2 146 135 117 58 155 181 82 7 170 148 166 91 189 146 157 20 36 163 134 156 76 64 21 96 116 44 187 99 123 6 120 127 1 75 189 197 150 95 116 143 43 102 64 55 171 51 167 21 195 118 71 53 60 126 87 172 196 48 70 89 38 36 160 158 47 128 91 142 42 34 184 108 120 160 80 136 2 116 26 54 176 197 31 170 191 156 111 186 79 53 154 16 162 83 36 36 83 162 149 87 37 41 86 
40 30 182 60 106 75 151 90 47 19 56 122 87 102 14 55 73 5 175 142 147 7 112 82 56 50 118 116 38 188 8 12 68 124 16 101 183 179 123 40 182 51 15 81 97 4 150 4 79 24 32 121 144 138 131 195 101 21 34 102 53 7 6 122 41 14 53 129 15 118 128 193 55 139 165 18 65 23 35 7 139 186 145 141 100 127 23 58 74 29 42 56 138 23 163 128 106 199 124 93 77 49 164 193 16 137 64 103 43 157 120 68 46 73 11 9 141 126 3 92 123 38 77 123 160 136 146 158 190 184 197 174 77 154 59 192 29 5 58 184 89 25 59 69 81 14 115 144 20 84 
75 58 171 126 8 9 160 184 36 160 17 4 42 125 184 198 40 183 55 41 76 41 171 148 70 44 75 5 81 25 148 187 70 196 11 77 189 166 28 200 63 21 60 62 47 188 71 163 117 177 34 35 36 25 6 18 89 52 183 28 32 61 103 130 47 58 59 39 51 30 94 182 115 110 81 55 139 18 174 18 17 182 113 38 130 185 134 30 65 192 81 45 189 117 150 182 7 199 144 139 56 136 194 107 68 111 98 198 79 181 170 147 197 121 72 36 93 106 152 114 24 16 169 21 144 149 130 192 98 14 153 11 45 84 93 96 90 167 18 120 97 84 84 7 130 55 156 130 76 192 
91 116 24 144 67 64 23 108 93 67 122 33 155 8 7 106 144 66 174 134 173 196 52 148 1 111 88 64 51 60 167 17 176 185 67 55 155 129 16 133 99 82 194 13 96 191 185 182 28 3 79 83 101 82 8 130 59 130 149 96 194 157 95 69 96 181 10 139 40 69 37 188 180 17 46 53 194 134 173 195 43 118 114 46 71 141 194 164 187 75 130 31 115 144 101 187 114 174 10 182 142 165 195 23 112 85 37 46 42 195 198 110 42 32 19 27 89 23 30 138 157 192 173 12 31 36 71 111 63 187 40 25 180 11 99 99 18 180 196 1 128 27 190 62 135 132 158 163 105 154 
6 126 199 3 73 28 39 127 7 171 186 98 127 16 89 130 134 6 22 122 31 123 54 148 105 21 101 181 71 178 29 66 58 6 22 20 111 80 188 200 17 148 191 131 110 161 117 129 84 80 91 19 129 194 124 30 158 107 127 122 28 15 186 18 72 103 186 188 188 30 36 11 124 12 136 88 87 73 38 87 102 88 43 179 13 74 31 97 80 16 16 158 13 109 57 139 168 90 28 75 192 104 28 103 6 192 83 1 63 76 113 67 4 147 171 120 135 162 97 37 72 189 153 8 192 86 104 131 175 81 82 199 121 63 165 162 74 41 61 150 75 125 16 191 27 71 141 124 43 124 
28 57 137 25 133 93 165 84 156 52 85 195 98 17 112 101 174 75 36 67 84 59 100 55 2 150 42 147 144 132 41 48 128 104 34 61 140 20 21 135 86 34 65 159 90 14 165 155 154 117 37 128 189 86 34 132 133 178 184 123 123 38 22 47 169 153 107 110 162 198 92 123 120 39 90 138 1 128 193 64 169 63 150 197 166 33 6 119 108 14 134 97 27 104 127 56 37 90 114 150 177 134 146 64 24 20 95 96 174 20 11 131 115 60 108 199 110 41 92 14 44 18 104 62 141 68 178 141 178 190 12 52 118 19 154 28 86 91 166 171 135 173 127 175 152 46 160 50 171 115 
50 61 76 189 180 43 64 115 171 97 132 164 133 138 29 80 66 5 170 68 96 96 101 161 191 162 114 32 60 118 106 71 174 47 73 148 171 129 133 174 11 128 100 130 62 194 18 190 37 102 99 1 83 88 146 179 18 10 114 19 47 124 145 160 72 31 75 172 142 95 86 102 50 7 1 181 162 198 31 146 120 121 138 94 114 158 164 199 160 138 113 111 48 152 46 104 15 125 26 57 184 160 34 99 193 21 54 20 48 55 88 35 194 35 163 17 151 166 146 132 83 148 18 199 56 129 117 1 48 200 2 83 114 77 160 163 133 46 80 88 99 112 132 85 196 184 131 94 127 165 
98 72 57 31 17 160 146 113 163 132 104 168 131 183 168 170 161 106 138 2 11 26 160 103 182 128 188 54 139 185 8 181 84 165 7 59 84 18 49 15 130 49 162 190 120 107 162 195 180 189 82 115 19 180 199 156 61 163 81 128 74 124 110 10 188 31 51 165 193 110 167 180 47 13 192 91 11 191 196 168 125 56 39 88 70 44 138 125 158 81 146 25 138 45 5 26 130 48 129 17 97 68 45 192 57 39 105 161 89 43 19 13 174 154 79 1 113 63 114 163 159 45 37 1 151 46 79 22 154 34 160 164 167 148 159 102 142 3 67 194 85 110 74 12 9 31 48 77 57 127 
82 99 22 63 74 98 166 73 131 200 172 189 25 76 138 18 109 3 190 15 164 104 5 14 107 156 54 154 130 31 140 6 185 90 34 8 153 59 83 152 58 88 90 77 152 44 69 53 36 63 142 92 54 143 199 129 23 126 123 72 79 50 157 101 136 149 42 86 173 123 199 150 174 62 128 188 4 187 26 104 56 121 104 17 80 114 64 159 168 58 112 83 137 143 136 23 148 154 164 118 11 183 74 80 177 111 170 110 159 35 134 91 41 11 118 134 17 57 98 119 34 200 127 170 123 151 85 57 42 123 129 98 87 171 31 40 147 97 16 29 127 28 21 94 111 39 153 178 182 192 
39 109 117 99 160 13 82 179 171 106 151 72 4 8 176 39 45 86 122 159 163 159 36 124 44 159 14 23 151 39 3 98 112 142 181 67 186 144 48 155 59 165 165 119 29 60 20 145 195 21 36 50 68 63 103 84 134 56 55 115 149 102 16 1 120 68 56 174 126 104 156 182 153 37 18 3 133 71 128 101 176 126 15 133 155 72 48 176 191 8 127 175 10 99 160 111 101 133 191 70 155 128 146 193 111 91 55 115 13 196 78 150 102 110 115 44 163 19 71 182 182 79 101 142 4 158 10 63 64 22 128 166 113 181 73 70 164 123 57 6 164 147 2 57 98 165 93 164 125 30 
134 104 173 3 174 71 64 125 19 154 62 135 152 107 198 114 184 118 11 69 111 197 126 182 122 28 113 92 152 198 52 154 87 11 55 29 24 157 99 93 150 45 100 51 170 51 88 100 81 37 174 80 178 80 68 174 21 10 44 83 138 174 22 191 172 121 9 132 18 148 93 188 26 189 27 49 52 66 100 66 145 92 67 19 31 106 67 98 162 68 114 122 29 44 51 32 45 104 135 59 80 32 157 87 200 185 96 85 5 85 131 200 143 92 97 53 38 31 189 25 56 91 83 157 92 2 122 168 128 36 121 37 174 177 9 40 101 150 135 48 148 173 176 158 178 176 19 21 186 155 
72 119 84 112 58 138 95 55 39 53 78 85 31 63 105 98 77 83 180 2 129 151 15 9 110 111 88 179 54 132 75 95 62 76 99 103 148 158 190 106 81 176 134 197 80 100 19 148 40 135 18 139 90 146 108 6 193 157 91 152 70 128 58 140 104 94 15 42 140 153 136 180 159 168 108 177 109 192 80 60 100 103 156 39 58 141 32 175 144 100 21 89 176 189 15 91 141 141 114 82 5 191 143 83 64 175 7 165 46 15 95 119 125 149 141 28 182 92 132 84 178 125 166 19 41 88 190 97 125 193 130 28 72 20 55 141 190 37 137 86 59 183 153 125 109 30 90 45 22 1 
193 49 79 135 50 52 146 149 152 71 117 17 199 199 19 160 133 199 27 199 44 96 23 147 12 178 116 190 60 94 69 51 10 129 99 26 159 106 167 71 123 184 144 172 132 151 187 50 14 165 127 171 15 173 88 15 63 81 163 184 168 122 23 130 144 86 149 18 72 15 167 107 45 144 25 158 40 97 32 85 87 141 123 38 67 53 154 27 183 163 149 18 30 179 195 171 160 193 71 12 82 146 3 101 113 140 122 17 200 108 38 174 5 138 63 10 73 111 39 164 185 3 58 48 108 136 112 172 63 179 75 118 101 138 200 155 17 91 174 77 79 114 176 127 153 158 136 83 112 69 
80 30 65 143 192 147 38 61 25 118 127 161 27 160 138 147 183 192 56 107 104 153 144 98 196 112 23 95 10 77 120 100 128 128 182 110 142 94 130 66 31 148 146 110 144 45 123 102 142 30 36 80 157 185 133 169 200 93 149 31 72 38 137 109 101 9 3 193 178 83 192 41 171 10 27 45 54 13 199 138 75 57 162 66 72 197 73 131 194 47 86 40 67 103 185 48 100 179 144 4 114 106 112 69 24 31 48 10 191 126 18 144 171 81 25 93 7 25 110 156 72 25 11 49 180 176 143 27 110 5 14 183 91 82 100 5 108 97 91 189 73 194 159 74 179 125 96 187 113 30 
25 146 105 97 71 185 124 114 113 121 19 147 58 183 115 100 156 82 173 186 79 129 119 93 56 28 43 178 185 117 154 177 57 9 44 51 151 88 165 194 179 189 172 123 99 174 119 34 72 192 95 162 176 87 154 54 90 99 118 182 37 148 122 43 157 106 125 59 97 157 20 29 10 127 68 7 145 124 110 34 89 105 168 22 5 170 97 68 13 73 50 42 90 21 192 174 45 182 191 95 101 40 169 121 116 118 64 40 98 114 41 101 159 53 71 94 110 65 42 179 88 1 180 4 169 165 171 74 89 138 187 72 48 97 109 69 3 200 5 187 159 148 47 138 96 110 39 34 82 144 
112 46 138 109 185 99 104 162 62 38 10 19 88 15 76 133 174 19 32 170 30 162 155 140 123 45 122 97 89 78 172 105 63 179 58 6 135 171 118 12 8 188 52 165 52 81 3 71 149 88 131 140 166 26 200 60 158 140 89 143 18 54 37 143 170 147 52 46 15 107 129 184 193 95 54 70 166 21 67 181 114 193 1 67 169 186 194 26 67 4 139 182 1 118 71 7 45 141 22 118 151 128 62 91 79 123 1 57 59 53 59 108 41 34 55 36 92 189 137 169 136 71 164 85 5 116 80 93 172 182 59 74 132 188 35 2 117 159 54 10 66 107 24 180 19 61 71 45 136 68 
198 130 139 69 4 45 21 30 62 184 22 183 66 85 146 191 136 68 50 151 110 110 15 145 152 116 191 193 61 167 192 139 17 42 19 41 151 17 114 66 85 161 93 144 4 190 198 6 127 86 200 125 75 118 53 156 30 96 66 49 157 87 40 120 158 98 56 24 73 194 99 180 51 167 72 127 137 117 132 183 119 53 95 106 95 7 179 129 141 156 96 121 117 175 179 45 30 120 108 127 6 106 63 96 97 97 164 173 16 4 58 130 48 101 25 88 84 103 120 36 137 74 73 145 63 69 183 44 123 68 51 155 128 121 85 127 103 136 88 84 53 143 74 118 121 23 26 27 125 43 
78 66 51 64 187 48 43 42 49 169 15 112 80 25 60 192 199 172 21 196 195 125 75 13 125 187 80 170 31 200 49 122 40 183 178 192 97 180 174 149 85 120 181 152 48 48 50 124 181 170 13 159 183 109 121 162 121 178 126 92 1 87 165 133 127 88 142 125 158 172 190 22 33 142 46 34 62 93 105 155 121 7 133 167 128 81 148 49 5 20 4 128 25 196 152 73 14 11 76 59 17 185 61 108 173 60 27 11 42 43 83 109 149 67 42 81 113 102 95 170 125 141 131 66 167 57 160 57 177 21 81 36 77 158 150 128 117 10 180 133 149 83 76 22 50 172 41 129 78 181 
21 177 163 52 26 144 39 64 183 100 95 115 102 100 148 62 131 187 65 78 92 6 115 11 32 141 3 124 138 29 27 95 176 113 62 96 108 195 187 116 199 31 45 62 79 187 34 135 157 2 113 104 51 77 7 8 63 68 111 184 167 27 32 116 80 187 139 50 150 3 198 1 9 55 55 96 40 118 178 135 114 119 54 57 85 60 153 188 4 96 187 104 8 33 146 156 168 173 80 59 2 98 111 83 166 147 159 149 176 15 103 165 48 180 44 118 162 126 157 1 42 25 78 26 59 179 100 193 10 5 57 59 3 137 147 24 113 54 101 76 102 78 5 121 35 133 172 70 163 158 
180 56 103 126 187 165 165 20 50 28 33 28 55 155 69 142 41 40 135 62 141 3 63 9 184 168 95 154 140 45 137 106 88 76 5 123 41 70 168 62 9 114 194 55 198 166 142 21 115 181 168 49 174 81 72 197 55 189 157 12 71 179 186 67 18 45 95 118 149 24 1 80 142 63 166 90 37 24 189 13 58 87 2 103 175 126 23 178 173 166 117 52 103 192 146 1 27 115 128 83 179 29 17 120 7 168 1 119 181 63 120 159 148 163 78 153 79 127 51 54 56 177 30 176 84 18 68 173 66 174 25 25 83 104 4 37 64 78 31 42 116 135 136 15 195 159 67 5 88 186 
108 81 190 26 27 53 51 153 103 70 89 128 120 104 179 8 12 78 123 6 48 62 62 12 62 35 4 111 109 24 137 158 97 11 121 9 5 131 199 128 194 76 111 160 99 93 16 193 141 124 136 13 134 6 40 195 40 22 162 61 132 158 11 131 34 25 106 44 140 119 106 86 108 45 93 25 137 150 127 142 27 97 2 92 60 3 192 179 85 147 121 183 27 189 3 176 186 10 71 52 111 89 13 172 15 181 75 195 39 29 49 56 2 113 128 62 42 149 129 141 85 102 87 117 84 32 66 185 191 171 24 128 51 160 147 123 28 160 162 178 196 26 42 22 175 98 40 194 81 148 
187 63 37 156 89 3 20 106 77 167 87 77 160 144 3 112 12 185 18 177 66 81 125 150 45 127 73 63 128 65 51 21 42 91 8 186 136 141 55 28 144 122 96 107 66 72 16 85 184 192 146 60 72 47 185 29 39 116 144 189 67 40 120 59 35 5 1 103 173 102 27 21 169 62 185 154 62 100 158 177 154 24 104 25 174 114 145 126 65 24 155 155 148 196 55 187 33 187 121 139 180 37 5 22 18 9 37 182 48 184 142 91 79 195 44 92 131 175 197 79 29 169 54 200 30 93 51 64 182 143 198 110 92 100 71 24 121 53 42 185 99 138 54 19 181 44 15 40 17 157 
165 130 49 197 91 166 174 42 137 179 12 36 23 27 90 4 10 159 124 89 81 59 146 171 192 179 142 14 170 55 80 34 115 70 168 138 171 25 16 200 79 194 152 62 85 105 9 144 25 54 36 120 11 108 200 196 170 153 8 21 87 138 31 27 177 123 200 102 71 190 60 6 192 130 55 200 113 113 60 194 132 42 97 120 172 71 5 95 31 45 142 96 63 156 162 199 170 187 25 114 67 141 156 126 54 174 123 157 155 195 172 114 142 9 164 170 79 124 35 168 118 169 133 54 120 52 159 82 157 178 80 155 147 178 8 28 170 114 155 153 163 75 112 86 176 190 66 133 193 87 
176 187 48 190 36 112 141 105 28 31 199 160 180 94 141 20 184 77 200 103 2 46 68 153 170 2 140 169 30 61 45 97 81 190 78 56 4 137 200 58 180 78 88 25 3 102 126 7 61 23 30 101 122 147 24 17 20 163 85 65 20 9 75 87 85 66 12 169 36 77 82 171 196 114 182 118 88 39 139 143 79 47 166 63 95 58 24 89 18 38 164 40 75 165 82 184 199 177 142 102 99 178 64 151 30 101 163 186 198 4 183 39 187 28 76 100 135 61 13 59 99 124 163 24 146 147 34 87 171 60 177 113 191 51 119 25 107 165 161 137 44 97 173 32 64 191 26 118 156 95 
7 64 128 152 5 139 76 170 68 61 21 171 170 195 140 80 88 28 164 163 192 26 31 104 191 5 12 110 113 166 30 137 44 133 193 49 154 106 103 183 76 33 97 173 82 109 180 182 178 154 67 17 78 194 73 190 146 4 127 182 145 77 182 54 186 43 76 85 21 90 92 35 167 163 158 32 104 63 151 4 45 21 175 99 98 108 75 120 111 170 191 71 94 112 33 127 172 2 24 22 50 196 194 105 192 93 148 58 182 110 120 72 16 193 91 149 164 52 71 171 117 42 3 159 13 80 168 102 9 76 129 5 155 140 8 138 125 22 110 145 171 172 123 120 168 127 172 38 56 115 
132 54 179 84 62 66 189 197 94 83 120 90 170 117 13 168 179 149 79 136 174 72 79 187 173 181 197 66 29 162 113 183 126 52 89 125 143 69 49 48 94 62 140 106 182 64 117 31 3 167 154 95 78 147 39 58 169 75 100 150 199 107 32 44 160 166 111 60 152 71 91 74 16 180 125 60 93 116 44 103 70 63 68 43 22 92 91 118 176 27 20 78 115 10 44 3 150 65 118 37 150 23 115 143 99 134 45 116 159 109 40 97 59 154 14 31 136 160 170 129 41 61 144 114 131 23 22 11 30 51 31 20 126 184 197 188 68 33 84 63 118 5 7 8 168 137 143 154 145 110 
200 194 114 5 121 85 9 10 141 180 35 127 32 175 128 187 135 171 100 181 75 170 89 81 78 39 43 115 95 14 33 40 57 131 113 42 7 43 127 126 53 88 62 147 157 29 181 23 109 171 150 45 119 59 200 77 46 160 78 84 62 116 90 148 103 144 174 110 41 45 118 169 90 22 119 71 67 33 161 178 184 65 46 165 66 198 150 120 152 27 1 149 4 40 160 173 46 74 152 92 174 18 25 181 95 88 49 40 184 106 64 26 14 163 43 93 104 128 87 111 182 19 9 162 101 125 148 10 128 65 149 158 85 2 10 13 144 143 7 191 131 119 52 31 200 6 92 9 138 114 
42 186 136 199 46 52 182 181 186 71 23 196 160 75 94 46 177 33 147 192 57 17 106 82 26 17 129 79 32 85 53 170 107 22 183 168 80 51 51 11 112 199 176 59 165 76 46 131 76 30 73 117 56 118 23 118 185 169 188 142 155 16 145 130 16 48 159 121 178 125 157 179 127 1 136 59 141 115 152 78 148 26 159 22 103 145 69 165 39 45 194 132 84 110 52 126 87 53 100 102 53 183 88 64 60 192 2 89 31 10 77 111 169 127 1 90 34 68 125 52 86 180 198 88 135 4 46 191 97 67 45 179 195 127 153 64 185 39 34 137 128 40 65 78 96 16 81 139 133 65 
79 23 101 191 118 10 105 137 16 127 154 58 181 162 138 190 164 97 105 190 78 16 57 98 6 53 54 146 126 102 117 56 80 130 85 40 79 14 86 141 105 117 77 2 76 110 52 198 127 74 55 31 45 66 156 101 139 101 111 194 164 192 63 42 152 46 5 54 173 27 91 105 136 91 20 192 129 140 126 37 110 13 16 30 170 134 65 180 182 106 37 14 132 194 19 4 40 198 23 145 100 116 107 52 174 9 66 195 34 19 83 95 155 25 28 95 51 37 95 22 158 72 113 172 90 173 28 114 141 6 43 111 169 171 105 151 159 8 6 178 184 77 43 2 147 33 69 40 106 63 
174 61 47 135 156 66 83 112 169 102 72 40 140 150 165 86 156 6 196 27 73 92 69 123 176 47 3 69 111 71 155 29 52 122 4 21 77 25 76 3 50 181 105 198 168 91 129 77 6 116 119 95 51 3 143 82 190 97 146 137 18 173 126 78 51 113 146 157 63 104 50 121 139 65 68 54 185 70 78 44 12 177 195 11 107 170 88 195 137 150 82 150 77 11 147 106 89 74 147 182 15 40 113 62 40 26 178 200 5 110 127 56 9 74 51 66 173 14 89 167 146 101 59 105 156 38 170 138 141 100 91 172 147 56 77 116 28 48 48 15 75 114 133 26 153 133 173 32 126 94 
113 136 163 162 112 141 20 23 42 125 88 26 75 43 135 119 61 109 1 12 124 47 198 69 160 87 46 22 112 141 191 1 176 96 115 196 31 180 101 89 25 150 130 185 53 7 126 57 190 113 12 77 45 174 40 198 114 33 115 61 129 161 75 35 56 190 80 94 192 32 68 15 131 101 39 118 18 82 178 6 75 163 6 96 117 5 160 29 12 196 186 58 16 41 33 109 148 148 56 4 168 84 173 169 132 46 115 44 86 145 64 146 54 64 165 134 152 91 127 165 49 195 62 104 122 171 180 164 152 77 187 80 118 179 139 75 111 32 57 49 107 152 176 134 94 2 126 138 185 154 
2 101 196 16 15 185 58 180 15 176 191 58 71 65 110 41 166 11 187 134 100 86 62 173 23 57 115 117 83 169 186 168 66 12 19 128 139 167 186 105 87 33 172 65 54 110 39 39 85 91 43 42 92 6 57 154 60 125 80 4 134 51 118 114 37 42 88 75 111 13 153 121 187 191 32 155 112 14 111 108 138 167 15 17 21 180 121 145 100 148 80 30 199 47 100 42 193 61 37 66 45 83 171 165 93 102 190 86 138 57 138 195 150 174 63 175 170 187 70 79 106 121 82 185 161 183 192 62 21 200 93 27 172 149 174 173 116 18 89 149 171 29 53 93 78 200 19 179 25 160 
145 98 65 167 66 138 132 65 180 119 9 200 139 3 58 101 30 195 159 118 45 68 70 72 106 12 39 10 153 150 75 120 1 67 170 79 75 63 36 200 29 76 106 200 4 33 31 94 165 193 199 78 183 157 155 191 65 125 198 155 99 5 137 43 72 162 17 137 35 186 123 17 109 73 200 28 163 113 14 32 98 100 43 49 127 80 42 138 100 43 113 22 112 127 148 168 11 149 72 35 71 133 80 106 66 156 97 46 136 69 101 147 198 162 111 74 89 5 150 42 107 196 69 186 140 71 82 36 146 9 196 91 115 66 195 92 77 76 64 53 184 19 26 105 173 13 55 112 49 71 
54 103 95 29 171 19 96 33 9 186 7 17 38 22 2 136 62 99 60 174 49 110 155 34 22 184 152 171 72 66 187 179 106 63 69 77 6 136 74 190 10 69 112 59 125 158 169 195 182 120 19 127 52 105 155 186 59 53 193 115 121 28 65 119 45 172 130 77 129 166 48 33 83 181 32 122 189 50 87 49 156 90 7 16 18 127 99 6 23 21 109 137 8 17 72 24 174 58 4 105 25 2 91 119 123 186 30 159 165 85 25 195 142 120 83 168 50 127 80 109 20 192 139 14 154 118 13 122 91 129 131 136 27 112 10 180 104 32 124 18 91 114 88 151 199 103 57 53 171 22 
56 58 149 29 177 25 54 107 89 16 100 46 76 102 77 130 58 9 93 165 94 10 9 88 143 81 154 65 76 189 98 167 104 167 22 111 27 84 77 146 55 74 64 84 114 146 198 5 22 74 167 125 16 33 197 71 8 127 183 49 169 66 199 20 139 117 161 192 25 96 172 102 99 33 34 171 33 160 195 28 92 83 170 177 149 85 179 142 87 22 116 68 66 76 61 56 23 89 69 71 87 113 28 72 49 156 70 31 101 199 54 17 166 130 106 43 92 21 177 92 200 164 199 20 162 84 145 169 28 196 35 6 91 155 47 55 54 187 84 110 102 77 162 26 27 155 199 136 49 155 
113 186 157 97 166 61 8 122 66 135 13 130 183 18 70 93 26 50 119 42 18 43 27 66 83 91 81 189 36 2 149 149 138 147 186 32 1 76 181 58 14 79 74 181 102 15 108 153 157 77 171 126 151 178 99 74 42 168 76 146 108 37 49 29 153 169 16 82 58 19 102 114 148 152 157 188 200 64 13 171 97 41 5 127 122 142 39 3 109 107 160 173 154 167 74 123 146 151 133 22 15 192 88 85 13 72 44 194 168 150 190 110 122 15 67 40 151 76 5 156 33 174 25 44 122 179 7 112 62 158 136 134 113 115 145 126 172 27 48 184 63 20 198 100 29 9 78 123 71 74 
61 52 127 50 154 22 156 33 15 5 118 14 199 22 45 193 113 183 134 148 149 59 40 1 136 38 101 169 44 107 200 81 189 153 178 97 126 185 145 165 172 33 28 120 80 199 128 42 151 167 27 174 123 24 35 31 62 148 196 188 125 17 140 128 125 14 55 163 149 101 156 134 12 83 95 89 99 78 188 188 139 176 141 30 84 103 187 68 195 152 179 138 142 123 14 86 46 182 191 126 33 86 124 111 116 133 183 54 50 162 53 111 87 51 115 183 126 33 138 63 191 144 163 147 159 145 19 21 3 88 17 178 103 83 110 98 3 162 70 187 23 139 107 95 144 110 33 54 92 135 
61 10 69 165 188 193 170 119 4 104 56 175 43 19 30 188 189 6 116 23 155 195 49 75 19 84 145 103 171 46 141 119 108 2 152 93 102 176 24 54 137 99 14 139 185 124 35 96 187 60 139 87 90 79 1 145 48 144 14 88 158 143 114 33 103 140 103 90 133 110 35 2 61 54 133 32 150 193 143 195 93 136 193 70 110 194 121 190 138 133 62 158 81 183 118 176 161 50 193 88 20 186 106 12 11 188 73 97 199 130 109 33 94 101 153 55 65 46 190 89 131 188 134 200 188 109 74 178 33 170 31 64 178 25 12 90 41 81 45 125 41 171 84 3 118 125 170 147 19 73 
65 37 21 29 75 184 30 94 20 17 14 62 42 120 132 129 157 190 105 111 16 46 67 40 42 170 148 168 172 51 145 12 145 95 124 93 185 192 96 150 166 28 110 101 64 11 44 93 54 145 133 16 174 80 44 63 200 56 146 155 99 17 86 145 15 107 103 30 152 46 200 47 68 188 49 35 57 39 193 103 188 39 184 2 18 106 163 63 62 65 15 73 49 134 192 192 59 64 89 126 180 164 111 168 193 192 30 49 82 48 43 124 81 195 43 135 108 151 83 121 49 192 160 197 110 23 66 73 135 23 159 33 199 113 38 195 37 104 40 86 194 139 10 186 3 138 158 151 164 147 
3 120 3 116 114 18 178 184 1 183 12 103 69 168 171 61 118 56 8 168 81 84 162 84 52 176 81 187 154 21 41 82 113 74 185 96 110 64 166 184 41 51 87 157 95 86 62 65 49 56 121 148 123 149 93 152 8 42 168 103 15 75 75 95 142 193 129 35 83 145 109 136 33 42 56 66 187 143 192 141 82 90 4 90 23 155 70 61 123 29 198 185 106 34 162 45 128 193 3 119 56 12 71 194 197 9 67 124 141 110 31 140 180 107 107 8 127 95 136 7 87 144 14 196 139 142 5 90 70 54 34 108 122 150 133 160 64 7 77 148 165 194 54 122 135 167 146 144 11 49 
58 133 116 35 3 130 166 170 74 36 187 188 37 36 139 18 142 37 58 56 44 150 139 117 78 155 172 31 163 182 198 169 108 81 101 165 195 152 169 171 29 67 101 40 77 69 29 66 8 4 144 124 74 111 104 86 151 55 100 174 30 130 129 31 190 152 15 63 31 67 72 80 109 78 131 165 101 58 84 140 76 56 133 91 126 50 174 124 31 12 137 170 67 147 159 147 26 153 91 134 7 155 97 193 97 11 1 106 159 15 24 197 73 3 130 177 20 33 160 12 38 129 131 161 155 195 107 112 180 92 8 77 61 77 90 146 83 170 162 122 119 116 66 9 115 97 2 37 100 131 
82 140 11 146 145 20 38 111 42 98 181 150 102 130 170 81 65 78 165 171 169 169 148 107 63 18 93 72 69 37 53 94 137 48 87 2 82 17 177 198 86 67 165 178 160 193 152 16 2 39 52 194 78 1 22 37 78 72 123 114 117 86 135 111 185 140 136 187 28 106 79 116 155 94 92 142 79 153 171 48 13 195 140 73 117 176 141 35 53 127 191 175 118 125 157 119 28 193 200 28 89 77 182 28 19 163 68 56 139 73 9 176 99 41 50 190 174 27 103 103 51 99 184 179 163 135 184 40 156 78 76 144 152 194 109 118 53 79 64 1 190 83 103 61 143 167 60 89 3 46 
149 188 156 40 196 30 45 75 106 58 99 98 105 54 192 152 22 75 116 53 190 66 5 86 44 43 74 149 160 170 102 146 184 199 140 91 120 143 16 138 159 37 99 200 133 70 64 97 148 150 45 193 163 89 81 5 19 196 8 93 166 135 140 139 95 34 109 74 196 103 182 51 48 159 7 91 48 113 75 31 18 60 138 45 53 46 194 166 118 166 69 104 172 138 32 31 102 14 117 195 85 82 18 110 22 178 175 145 22 189 172 46 107 189 58 200 80 190 195 129 55 123 157 166 84 45 18 67 155 97 27 84 81 94 160 49 95 170 68 67 161 129 64 87 30 17 158 120 102 87 
98 47 139 3 47 168 47 63 125 195 122 28 179 103 3 39 53 193 152 78 73 179 45 96 47 104 47 148 174 59 169 161 83 132 4 160 182 152 32 188 198 42 65 177 49 49 123 182 180 174 34 43 161 17 104 98 1 169 184 184 176 8 61 187 160 151 140 91 71 89 35 88 80 75 32 23 125 96 121 41 51 182 4 184 134 122 79 147 157 144 178 78 49 179 165 101 12 110 133 19 2 180 88 179 8 99 22 4 131 30 187 167 63 151 168 136 144 188 41 90 88 158 20 136 88 32 107 15 163 166 189 46 144 87 165 62 195 7 72 89 158 86 144 176 140 149 70 119 61 191 
90 116 78 163 38 154 80 169 148 155 125 22 133 56 19 187 142 144 173 170 79 177 45 114 93 116 170 88 108 105 29 181 88 7 41 14 151 63 5 194 17 134 138 176 137 181 1 56 144 107 198 39 196 167 189 91 52 170 62 143 189 167 103 179 11 80 105 135 39 106 105 131 77 31 146 11 178 44 53 83 8 155 46 22 164 185 21 88 123 87 118 67 20 144 163 83 128 80 13 173 78 199 138 159 30 37 58 131 63 144 104 97 24 166 56 26 169 180 146 153 185 175 78 179 187 197 173 53 185 196 56 183 186 182 2 26 86 154 132 61 176 17 55 13 72 69 57 97 67 188 
82 119 144 97 140 87 165 130 186 195 165 10 150 150 48 111 107 125 122 155 110 178 31 24 93 113 57 155 195 103 107 80 118 12 185 122 133 66 90 173 177 90 173 143 103 78 157 33 7 88 12 95 164 144 8 131 161 17 1 34 87 168 59 145 124 14 42 91 5 12 115 89 139 23 24 123 12 30 158 28 96 155 114 100 198 6 182 159 2 81 137 1 183 96 78 157 78 23 72 77 150 10 64 16 129 120 130 160 135 75 43 92 179 126 15 171 163 32 183 59 55 5 68 86 92 183 110 108 106 115 129 166 12 146 72 101 174 47 6 119 27 200 152 4 64 96 3 87 155 159 
57 72 72 181 23 140 144 142 94 59 53 96 8 129 65 135 22 21 186 128 136 71 38 138 149 35 110 165 77 108 162 70 130 25 92 79 132 66 63 163 87 86 166 160 141 115 48 33 1 51 129 10 188 144 123 111 20 166 16 194 53 173 83 39 69 193 138 48 32 56 132 78 123 116 133 61 72 146 129 15 31 152 72 124 196 94 133 114 76 3 68 94 2 153 46 69 111 64 8 70 47 174 54 197 79 26 113 10 141 105 15 99 121 30 33 40 163 40 76 50 119 109 2 196 61 167 67 131 169 82 161 174 27 60 2 52 45 157 155 4 69 19 90 185 66 134 61 66 142 30 
37 65 142 181 16 166 196 124 41 90 89 122 165 88 61 52 28 165 15 65 197 199 189 65 107 133 64 125 105 6 32 160 193 63 121 39 181 177 39 60 86 113 170 182 125 174 130 132 9 90 132 154 27 51 146 127 145 148 143 24 133 94 48 153 177 140 127 103 33 21 142 109 124 129 129 36 64 60 130 109 118 109 186 174 5 82 161 82 92 126 83 83 4 81 184 177 3 135 135 192 90 117 134 196 117 171 168 98 183 38 49 86 116 65 166 191 174 35 144 64 108 19 131 147 100 89 101 184 5 152 133 189 30 24 14 178 172 95 13 186 34 63 129 163 111 83 39 85 64 84 
78 182 75 13 152 165 121 52 121 133 161 147 76 73 144 191 121 200 52 125 45 186 111 157 102 82 121 28 116 63 135 72 71 83 29 53 48 142 99 89 78 199 52 54 113 76 9 63 179 4 81 44 117 30 147 44 194 154 59 6 58 177 143 93 85 180 54 181 111 83 162 130 2 145 20 1 106 71 188 74 51 3 35 117 190 127 69 20 31 105 19 9 51 93 156 37 116 193 173 166 180 138 44 121 197 73 50 94 55 192 5 71 147 63 89 32 93 88 114 198 102 173 151 178 46 158 155 76 122 66 179 189 157 86 8 102 192 118 179 145 123 11 150 83 74 45 165 155 34 63 
143 69 86 92 65 20 185 154 41 78 68 196 31 6 111 41 143 170 49 153 72 70 126 28 142 162 190 112 130 45 19 146 18 170 188 10 186 12 108 23 74 121 157 199 20 84 157 152 5 47 17 112 167 121 97 20 85 108 117 127 169 178 99 27 160 113 112 184 71 134 169 138 84 87 186 96 60 180 123 118 176 139 96 60 138 108 166 100 61 59 168 150 5 56 60 100 179 53 125 193 57 91 98 72 183 78 4 192 121 56 118 126 40 132 86 195 129 29 79 108 37 36 102 42 23 107 137 137 27 109 86 134 1 17 79 2 124 146 56 61 124 80 149 194 26 107 137 182 105 104 
150 1 135 147 70 90 60 69 167 39 24 48 166 74 136 62 138 101 195 174 25 89 22 6 168 124 119 99 167 45 86 195 163 129 66 137 136 48 177 102 200 67 101 152 10 36 198 182 168 138 66 85 168 67 18 199 59 50 139 100 9 81 85 79 39 14 38 86 21 7 91 155 10 198 80 154 68 94 65 22 3 133 197 96 52 195 154 199 57 12 147 84 96 39 84 85 120 133 104 128 179 121 2 25 122 139 43 85 116 101 166 96 131 36 11 151 116 192 102 179 117 187 37 61 15 125 40 189 49 65 79 193 122 30 121 98 43 200 187 158 33 74 164 88 22 195 6 179 79 138 
79 186 177 74 124 98 131 129 175 121 22 140 49 113 161 44 99 198 96 87 123 84 49 135 50 122 114 134 23 55 8 61 7 26 187 33 128 158 10 9 37 29 80 118 114 141 111 74 200 96 77 119 160 32 69 156 14 154 52 2 96 142 144 72 60 36 135 190 70 52 31 29 116 61 22 128 11 107 76 171 22 146 116 41 172 152 4 4 196 83 52 77 10 70 160 181 113 23 93 116 14 79 189 85 188 17 193 70 108 82 153 37 145 198 192 57 44 70 160 183 168 86 148 98 45 181 61 25 109 122 117 195 91 43 185 179 60 164 129 123 24 196 128 90 93 26 106 43 34 74 
100 148 65 193 21 168 143 10 105 83 70 185 144 78 178 146 115 200 138 160 40 149 43 80 139 82 161 162 196 130 81 144 93 131 135 129 98 77 100 167 92 4 172 50 101 183 86 94 15 190 113 9 72 166 121 106 95 63 5 185 74 67 128 178 170 102 70 47 26 149 6 196 66 39 162 98 158 51 142 77 189 49 160 83 147 51 163 177 18 87 97 75 159 65 158 172 24 62 100 155 140 198 81 4 85 2 178 125 47 132 45 110 143 29 6 170 191 111 184 15 66 148 21 75 124 60 153 18 155 196 38 28 87 103 15 158 16 42 59 52 197 9 199 76 133 125 129 161 143 105 
118 39 11 108 111 77 198 8 151 187 109 19 10 128 148 11 104 166 192 118 189 49 199 7 10 72 35 122 27 94 195 61 75 151 161 136 166 6 32 128 10 2 175 24 44 83 55 141 151 149 70 124 7 118 153 100 114 3 103 74 111 92 54 23 166 105 73 103 147 104 146 179 165 2 162 40 31 44 110 176 23 13 184 110 137 31 116 66 150 75 102 154 119 192 66 127 121 69 182 111 96 188 117 200 119 194 61 175 22 4 128 83 102 113 93 53 101 132 76 133 47 36 1 150 102 142 138 200 19 151 40 178 28 185 127 95 57 72 38 169 38 169 6 132 49 35 60 148 184 98 
67 3 71 44 101 123 177 198 16 91 137 196 10 125 137 180 37 141 151 104 64 138 133 43 101 113 93 64 47 199 180 22 199 153 81 16 191 69 110 141 3 22 180 8 172 111 71 172 70 139 117 67 129 108 63 160 63 184 35 113 30 66 167 23 182 26 24 179 175 25 2 78 25 136 83 7 161 44 112 155 33 87 87 179 165 69 152 42 148 67 63 88 98 189 101 171 37 167 92 21 190 72 22 160 110 186 104 83 132 198 57 158 66 10 196 152 101 193 155 10 8 49 98 38 57 10 28 167 181 190 124 139 47 80 93 68 162 29 8 99 146 184 116 143 145 32 165 150 79 61 
101 80 1 194 188 61 52 197 101 196 46 114 146 27 44 150 32 57 128 12 80 66 30 189 187 16 118 3 34 178 189 167 169 41 177 143 63 188 27 139 64 144 174 109 155 149 155 185 142 178 92 126 166 84 135 23 184 16 59 121 185 138 92 133 115 5 108 164 45 116 21 127 143 21 88 59 43 7 7 36 131 118 9 14 167 139 58 4 135 11 145 198 83 73 184 15 117 50 192 6 46 103 60 5 177 169 87 98 135 26 172 144 133 109 89 126 123 134 12 142 81 58 52 146 66 80 113 20 146 138 41 155 4 81 56 10 151 115 126 34 111 123 45 153 26 171 100 3 121 169 
73 163 17 106 15 102 23 60 15 89 37 198 5 60 85 141 178 92 43 83 132 17 129 122 27 166 51 93 18 176 25 85 1 153 11 100 36 121 180 38 191 133 146 61 99 175 23 194 179 102 82 13 169 103 36 180 73 121 199 87 172 83 48 89 8 117 88 21 109 70 132 179 61 113 53 125 102 11 42 167 63 56 145 106 167 145 67 130 140 128 82 134 128 186 76 3 135 14 33 121 64 78 149 186 6 143 80 166 142 108 103 133 4 21 137 137 60 89 121 170 34 98 135 132 153 98 11 87 87 163 63 16 3 23 132 94 54 81 44 58 95 122 176 55 63 180 31 142 26 83 
154 185 199 7 157 7 115 69 177 39 64 166 54 17 43 185 102 72 161 91 197 154 93 77 118 14 15 119 32 189 27 166 94 70 77 193 65 15 139 95 26 57 119 119 159 34 51 82 92 50 169 99 179 117 151 173 114 177 38 198 47 30 145 185 4 104 96 17 137 126 73 79 124 149 53 176 92 176 161 16 12 185 111 170 125 188 53 32 79 6 43 104 181 46 84 192 27 17 79 15 200 27 47 3 31 71 185 144 146 190 26 6 137 44 50 6 165 67 43 151 84 86 77 191 200 129 35 95 99 32 19 4 192 84 79 191 142 171 46 122 142 181 158 177 50 14 112 67 40 6 
48 140 131 16 27 88 106 200 22 91 162 24 87 121 32 171 113 136 88 170 163 40 119 32 169 3 96 16 45 172 38 18 29 10 148 26 91 129 167 44 110 70 23 181 25 109 170 55 35 1 23 61 118 151 22 43 48 114 62 88 166 32 29 178 131 154 68 166 108 32 184 38 154 78 166 89 23 53 108 170 144 185 68 129 69 52 189 149 150 167 31 89 153 141 14 130 195 199 117 106 28 87 60 146 39 84 96 122 112 77 184 27 108 70 136 64 181 12 66 114 27 45 186 29 60 159 190 85 69 187 70 108 118 105 189 181 88 179 32 19 70 43 43 97 23 34 79 78 128 165 
200 46 155 140 76 117 106 70 105 176 155 75 104 97 81 31 46 60 42 95 133 84 190 155 135 57 68 181 54 162 82 45 68 154 138 36 148 50 91 125 143 42 49 103 21 168 182 18 163 156 107 123 199 79 4 62 107 97 116 157 61 129 81 60 78 54 44 53 159 98 191 67 102 3 137 124 38 102 181 109 169 78 181 114 123 109 93 76 181 48 183 188 144 119 2 17 103 169 183 200 110 104 155 8 64 108 169 52 198 156 178 8 76 164 91 58 29 165 172 103 79 160 71 43 191 156 152 149 159 100 26 187 51 44 57 15 165 140 158 83 19 8 101 179 30 185 118 154 103 74 
91 185 118 23 83 78 82 59 174 161 193 110 137 118 43 144 15 35 34 129 187 74 105 90 150 14 156 25 63 170 72 69 85 89 11 132 6 41 179 88 83 165 94 59 97 166 173 75 90 41 39 132 147 98 62 182 149 2 146 132 86 152 127 116 162 6 59 61 165 179 35 132 129 90 79 138 175 26 2 88 64 77 95 191 30 114 104 23 199 53 171 26 73 89 170 81 188 60 44 111 190 69 93 12 14 74 15 84 147 108 48 96 25 144 35 83 64 181 24 179 131 165 99 133 114 145 26 4 182 185 131 95 146 114 52 123 1 98 87 20 1 145 155 55 18 139 193 186 163 136 
200 106 118 127 37 145 91 26 86 137 166 17 86 133 166 71 69 40 109 90 44 53 54 74 114 137 113 67 61 31 29 150 170 28 176 59 115 132 186 95 106 198 63 63 43 1 179 26 57 40 90 193 138 101 169 129 138 75 168 172 53 72 39 145 13 56 71 15 114 112 90 68 25 54 83 197 44 133 136 170 137 138 156 169 20 23 92 21 46 127 167 158 11 89 183 199 93 191 184 159 190 190 115 95 128 19 189 182 144 44 62 2 175 150 166 111 161 180 62 94 62 64 197 70 195 127 73 11 160 72 66 184 27 175 177 55 136 13 162 21 83 158 182 154 132 42 115 9 198 162 
115 187 171 12 160 95 59 60 21 159 66 194 82 135 194 122 113 96 3 116 196 101 168 19 15 186 39 41 20 140 87 113 74 129 174 144 120 78 200 60 175 65 27 88 185 141 36 17 62 109 178 80 55 139 58 82 195 48 35 155 4 116 57 146 21 166 91 158 169 183 148 188 48 140 175 132 118 12 148 80 14 142 157 12 44 42 3 178 126 3 47 110 18 146 28 98 125 109 177 91 106 92 179 38 2 139 134 181 192 176 197 24 41 104 117 81 178 49 104 139 77 6 111 163 106 34 118 87 125 104 10 120 72 57 94 18 66 181 75 66 133 56 177 173 35 82 174 103 63 180 
5 11 145 75 105 190 91 4 100 52 108 158 181 20 106 105 193 150 185 57 107 92 35 199 93 24 197 120 68 110 143 151 77 170 6 96 88 43 52 133 162 156 36 189 60 3 100 183 194 127 143 3 155 61 147 4 130 25 166 142 74 176 72 28 125 198 129 59 178 179 135 42 21 106 83 83 176 14 175 175 156 178 166 58 34 58 119 48 115 42 142 160 198 8 155 1 39 80 71 36 9 13 25 2 44 156 15 151 86 75 139 27 77 101 40 172 47 129 94 80 12 27 173 123 168 14 107 167 111 125 52 172 69 30 59 163 169 86 112 96 147 28 129 200 22 110 139 172 52 157 
186 3 57 103 87 186 170 182 62 45 188 43 183 87 6 159 1 104 129 192 14 168 7 82 149 77 141 91 194 173 170 59 154 169 32 199 169 16 46 126 28 89 50 145 114 178 66 11 148 13 104 171 50 67 7 162 68 66 189 185 181 81 39 52 34 180 137 192 1 69 15 98 147 140 81 131 109 174 71 63 34 166 60 188 45 198 104 33 101 192 169 126 24 48 129 120 82 7 103 65 117 83 162 146 91 138 90 182 74 38 30 147 114 20 129 158 199 163 104 15 36 124 60 100 179 120 156 100 119 31 52 129 186 192 107 135 9 89 122 20 152 136 167 126 161 60 139 89 52 19 
48 51 175 130 161 44 84 20 56 19 28 54 167 36 66 165 68 2 171 158 165 104 58 105 193 71 22 90 4 153 163 154 189 47 49 13 142 48 103 134 20 30 168 120 6 89 26 84 163 104 109 10 44 5 106 7 108 75 184 110 119 189 34 41 42 159 173 74 182 194 193 1 85 69 57 15 29 146 117 47 185 184 66 46 78 198 191 11 53 93 150 198 151 28 107 162 32 69 64 65 200 1 28 199 196 90 42 170 165 7 41 157 60 182 186 55 163 171 3 90 133 169 179 64 37 92 158 81 159 51 76 90 59 88 111 6 47 58 62 128 56 110 183 7 102 198 142 134 121 93 
72 127 151 76 83 102 76 94 99 160 97 47 68 90 180 170 98 110 151 170 135 62 13 36 61 174 9 172 95 110 134 63 66 80 113 14 132 1 84 135 67 181 108 36 196 100 177 134 52 181 32 171 87 189 117 157 7 26 78 141 179 2 108 45 42 75 70 198 33 6 130 119 87 2 153 13 40 172 186 170 179 152 79 86 128 173 164 121 21 27 178 125 153 41 10 150 169 145 179 78 50 76 120 1 83 73 141 79 29 20 119 50 178 47 156 130 12 186 3 160 110 95 88 83 117 146 10 110 146 86 157 161 179 49 12 107 66 3 164 45 192 148 83 146 70 65 53 103 136 154 
30 31 193 163 177 80 60 98 7 61 84 96 200 54 161 141 97 33 36 191 55 160 156 153 140 87 132 109 70 107 31 107 139 167 123 104 182 198 10 161 53 159 30 196 32 178 39 101 135 164 182 162 75 84 171 12 162 180 4 8 38 69 89 170 108 96 164 122 160 129 42 51 5 79 146 112 137 113 46 130 8 166 3 2 38 166 34 133 113 10 88 123 200 151 164 108 150 88 180 130 30 181 152 40 123 108 147 127 83 152 81 189 101 184 74 134 103 63 1 20 96 128 11 63 71 31 162 149 32 130 143 150 146 88 111 135 197 25 92 118 111 45 156 70 171 165 156 98 129 137 
143 130 195 68 99 101 194 75 37 17 63 164 193 90 44 151 186 125 149 84 50 30 1 27 62 160 37 177 44 190 128 189 105 55 40 110 158 155 67 36 57 177 91 118 18 21 78 16 135 190 107 9 76 143 41 112 97 102 181 126 84 182 157 24 18 140 55 123 137 69 179 115 161 112 60 28 82 130 30 183 52 181 110 114 133 30 68 141 136 35 187 41 127 153 87 62 166 178 25 196 146 47 8 31 108 90 109 154 60 40 121 143 176 37 80 73 2 88 17 20 158 136 65 47 64 58 78 24 86 30 149 2 200 158 23 194 107 36 175 44 128 164 79 67 103 81 197 162 128 59 
40 129 77 93 107 93 103 164 79 34 4 76 171 6 163 35 113 189 71 98 93 174 136 10 41 58 84 124 157 181 2 188 129 61 66 15 14 62 169 11 79 173 74 73 28 36 119 82 86 8 151 150 18 174 91 14 139 53 137 113 155 10 116 130 15 56 17 32 154 45 196 190 31 39 120 91 10 174 83 31 22 146 70 170 200 110 18 70 141 27 38 188 121 49 174 159 60 179 65 144 25 66 155 113 168 200 26 180 109 86 116 78 82 184 113 162 95 199 68 102 186 104 109 185 64 173 42 154 70 157 47 175 69 16 85 108 20 22 191 132 162 76 24 48 9 163 69 34 59 34 
63 48 147 104 124 108 101 72 138 62 134 28 163 186 108 70 94 133 97 157 76 120 43 193 87 150 28 148 164 63 13 155 72 169 170 114 78 79 126 176 12 98 150 150 27 74 139 174 13 151 123 150 19 108 166 72 86 137 6 141 87 177 16 145 150 164 133 153 185 118 68 151 38 39 165 13 28 166 76 193 83 39 135 129 114 70 5 179 71 59 1 23 24 163 77 45 145 24 148 55 131 155 52 2 125 105 85 114 74 25 21 146 161 108 98 163 146 94 126 169 82 114 41 58 74 83 1 19 111 123 73 112 49 42 61 148 118 51 7 43 108 113 15 147 180 184 72 57 191 14 
162 93 21 115 10 89 11 176 181 118 66 112 76 43 136 70 184 66 140 75 179 39 147 171 117 61 125 120 200 185 111 143 141 111 81 10 87 172 165 175 163 145 109 38 150 117 16 99 98 4 173 28 121 10 135 149 18 186 108 60 88 107 60 145 134 109 168 48 6 120 23 91 174 33 34 66 139 99 16 5 141 93 182 140 86 90 148 51 142 58 22 158 24 6 38 134 132 162 185 190 25 13 28 41 170 39 8 145 68 175 47 14 11 128 172 45 145 143 74 139 197 85 35 174 36 186 92 97 114 144 100 108 6 148 40 182 140 80 110 77 9 64 123 141 164 198 133 40 71 32 
146 66 150 44 56 3 95 71 165 58 191 150 44 80 108 127 118 113 11 161 55 153 159 10 108 199 37 53 38 22 93 140 30 177 169 80 27 154 84 153 40 71 188 171 178 20 31 9 193 115 172 23 75 12 99 183 54 88 16 199 1 8 161 17 147 145 56 27 45 38 178 178 96 118 182 145 114 68 57 44 69 33 20 176 104 139 147 135 182 54 190 30 119 132 169 52 78 193 153 37 116 54 190 73 75 122 141 51 132 90 188 116 171 130 190 66 152 17 134 164 48 129 130 29 24 22 120 107 22 93 131 120 46 87 30 26 121 24 12 162 29 37 100 122 45 187 109 60 72 168 
24 134 64 46 138 105 59 34 111 199 79 32 164 6 75 9 46 139 53 76 46 87 173 188 37 124 114 181 4 67 123 172 132 84 143 51 177 101 101 120 175 87 118 56 44 117 89 108 154 75 5 96 159 78 27 56 48 104 194 87 111 30 151 60 28 140 161 141 76 80 135 29 121 149 178 22 84 116 81 15 147 110 72 73 132 24 161 128 9 31 74 134 196 199 179 121 30 87 65 188 184 9 73 148 143 35 39 191 166 75 155 189 122 60 41 30 100 155 50 166 52 4 81 131 114 110 24 180 43 95 113 54 132 140 96 4 71 193 8 79 88 40 60 68 15 130 44 58 143 156 
67 137 59 166 188 132 127 146 124 198 94 163 62 10 88 119 139 64 12 181 170 14 187 90 44 95 97 83 140 155 123 144 61 81 108 113 131 131 34 81 23 155 167 103 28 97 163 137 197 18 82 64 70 73 155 35 2 9 46 5 146 151 94 98 86 85 48 11 96 51 46 146 27 21 49 22 149 6 123 46 56 64 33 33 180 162 82 163 76 50 144 60 184 113 43 75 1 52 153 109 5 54 114 43 54 172 177 99 1 139 16 63 51 128 92 5 75 94 18 1 52 147 2 9 13 100 150 50 84 43 16 33 127 110 8 129 184 5 171 126 132 34 49 121 34 161 108 190 43 114 
98 171 13 133 165 175 69 198 98 168 160 166 194 62 140 19 157 192 98 90 103 68 8 24 44 168 109 119 198 23 144 96 106 160 14 21 23 104 42 175 25 183 66 6 84 149 182 65 151 167 128 175 78 199 145 94 182 197 79 121 7 143 150 71 154 127 170 88 67 113 187 193 175 23 163 167 174 192 69 150 74 107 123 105 80 54 109 56 2 81 117 170 38 11 1 52 164 77 112 140 72 97 121 127 193 98 164 93 25 19 122 170 145 110 154 46 45 69 130 199 197 23 140 66 62 45 162 36 28 49 109 174 78 143 19 70 13 77 142 64 27 144 104 51 174 39 166 64 130 175 
87 100 191 181 50 125 152 77 126 197 172 173 25 196 26 45 41 49 189 162 173 13 185 71 44 156 39 89 182 187 152 56 119 143 198 193 135 8 21 24 52 26 89 191 129 151 2 20 71 128 141 67 28 16 41 154 47 110 165 7 98 86 61 185 94 47 168 64 68 62 144 44 25 77 151 120 139 18 179 190 55 105 12 106 190 84 13 36 190 6 22 69 197 168 192 18 189 26 108 16 168 146 134 90 146 54 23 110 136 152 131 20 148 148 187 122 94 184 128 189 77 90 128 133 116 140 71 112 152 114 195 200 105 136 140 29 73 94 20 95 117 20 27 102 52 103 117 7 1 94 
185 116 147 138 177 18 95 114 101 112 129 183 126 116 58 165 155 179 137 69 42 180 71 112 188 166 102 47 103 69 66 160 102 181 12 159 13 86 196 65 101 171 164 174 181 113 135 132 178 54 9 173 140 141 32 74 184 110 62 191 95 36 94 172 29 115 74 196 88 25 68 2 2 93 200 86 25 70 107 36 94 33 198 106 27 146 104 78 95 30 156 9 39 145 43 100 27 10 190 7 61 156 91 54 175 114 76 163 194 60 196 7 197 187 140 113 154 156 97 120 7 80 14 140 20 160 127 15 47 180 196 131 112 89 199 167 164 177 118 162 49 109 55 127 191 28 176 22 20 64 
50 74 30 161 188 9 194 192 9 21 15 15 168 176 91 119 96 10 121 97 184 37 185 92 37 159 150 18 60 116 73 58 165 166 173 160 32 83 154 104 145 126 119 131 33 169 63 66 6 197 122 54 72 57 38 101 142 130 189 185 74 29 44 120 156 88 159 33 163 106 37 4 194 156 2 179 104 2 1 175 191 130 181 65 142 48 180 106 192 52 28 117 194 6 50 165 33 195 29 152 180 11 41 179 11 104 21 24 116 14 180 159 132 177 75 197 81 179 37 115 145 107 138 168 14 181 136 174 30 6 92 115 86 166 65 5 129 18 25 163 60 22 193 4 139 11 121 86 76 176 
118 8 82 160 119 115 142 34 176 16 87 16 124 102 70 191 188 1 97 162 163 188 72 198 199 31 16 117 21 197 199 107 111 145 149 46 178 3 115 102 145 48 102 117 101 82 67 94 158 37 177 99 45 23 2 172 196 140 76 37 88 174 62 87 125 20 114 81 150 193 153 136 95 86 177 190 15 188 108 158 159 112 156 138 165 183 182 171 117 152 55 11 27 152 50 97 63 50 71 165 134 60 181 61 170 44 163 72 99 184 85 74 68 128 180 49 62 113 165 39 27 77 13 158 93 161 109 167 57 138 94 26 51 19 20 90 53 103 108 76 112 129 99 56 102 173 192 90 44 128 
157 58 192 32 142 131 22 178 169 145 115 48 17 184 122 175 32 43 8 137 186 173 24 49 12 69 136 44 64 31 87 148 154 110 13 151 57 108 149 15 179 126 25 125 74 47 39 187 144 114 72 105 47 49 105 171 56 56 3 13 197 38 56 6 112 76 87 188 153 78 114 85 52 191 71 120 104 168 34 63 131 77 100 157 94 8 22 102 176 94 68 46 115 101 153 105 35 46 196 159 64 152 141 175 190 129 85 110 117 191 59 105 178 22 191 153 43 192 118 185 132 178 126 13 66 1 105 151 10 16 125 136 109 98 151 129 52 116 157 101 86 182 55 198 95 136 122 65 97 181 
94 24 151 58 161 7 114 74 185 142 71 95 74 198 58 163 104 82 59 28 160 106 148 142 14 8 58 73 186 160 25 109 91 167 106 33 107 16 59 124 153 144 7 91 100 189 8 100 149 68 50 98 174 32 37 193 114 158 113 35 32 107 181 128 145 7 195 25 194 24 66 199 8 187 46 113 134 163 192 125 79 100 105 93 179 4 58 7 99 95 3 78 28 176 165 30 111 162 78 43 107 70 69 182 92 180 192 82 18 35 111 79 6 183 135 36 106 13 145 50 180 187 60 43 34 109 185 18 117 148 81 70 8 186 164 35 99 27 155 13 63 99 124 147 173 71 28 107 6 147 
132 19 185 105 33 142 147 127 108 46 94 199 135 66 13 106 67 89 86 8 120 169 21 131 103 185 110 139 199 159 66 113 150 25 61 87 89 84 90 135 71 17 29 128 37 113 158 198 127 3 118 152 96 106 25 170 35 102 140 32 127 94 102 26 31 187 119 126 195 95 82 70 67 69 96 141 185 36 1 59 29 32 86 96 126 131 171 60 21 11 11 115 171 54 9 50 19 191 161 5 102 168 119 132 39 46 99 93 15 113 56 158 69 143 23 158 147 93 116 85 190 1 109 184 141 39 8 18 73 138 14 74 81 129 69 37 147 129 10 122 148 177 163 135 143 32 85 106 11 135 
11 90 109 195 160 30 47 96 121 59 162 135 146 164 116 82 11 28 120 86 162 149 178 14 89 4 156 156 117 174 41 100 81 58 164 92 69 36 50 47 97 151 96 109 165 19 30 52 29 75 115 119 116 16 112 149 142 162 155 77 148 180 87 168 162 75 75 94 183 62 113 21 84 160 59 33 108 190 118 170 109 60 64 86 146 196 68 199 196 20 125 128 147 38 86 28 13 34 186 97 119 187 22 186 180 72 51 142 145 50 56 154 128 194 70 132 123 3 179 29 48 34 34 81 149 80 183 3 129 123 109 137 145 112 48 44 145 25 142 27 170 95 72 18 54 116 162 73 11 174 
188 92 22 169 14 68 95 159 17 191 184 3 58 76 101 78 116 23 21 72 98 78 119 115 29 139 57 92 130 193 68 34 61 51 31 4 164 173 115 45 62 167 81 178 72 170 169 42 102 66 75 54 196 37 168 74 167 57 21 24 165 123 152 127 183 169 80 142 2 60 86 159 93 69 189 116 77 110 32 45 83 118 187 99 94 59 27 191 1 99 7 53 51 20 109 62 74 185 155 195 104 200 161 155 181 181 12 27 171 172 106 2 76 125 85 178 127 107 153 74 164 80 159 32 83 110 171 58 113 10 50 13 92 7 43 141 1 188 35 193 7 27 172 160 65 73 163 38 141 19 
37 174 170 108 184 119 43 120 13 137 64 77 16 118 180 115 174 163 134 72 82 100 63 134 187 45 190 164 177 70 146 6 131 93 41 156 88 193 198 193 17 21 191 125 27 124 63 26 19 19 70 189 85 104 187 163 196 4 151 135 85 62 170 40 197 123 190 93 179 117 93 120 138 9 124 161 189 74 139 196 103 91 101 83 116 45 85 152 125 53 78 193 86 92 77 32 102 36 176 33 81 32 97 137 158 126 193 79 61 147 109 200 26 41 34 134 128 68 21 10 109 18 105 68 121 35 174 119 184 34 14 137 18 58 47 199 104 97 57 68 25 184 84 129 80 114 165 6 26 24 
5 86 120 88 31 38 17 55 53 137 85 44 92 119 88 131 196 138 140 169 118 71 138 84 190 177 39 18 9 33 56 67 121 177 18 188 186 49 156 79 127 173 1 67 170 194 25 113 132 20 61 40 98 98 13 53 198 93 133 172 92 30 21 180 178 175 49 158 26 126 155 100 198 70 143 140 65 155 35 10 39 131 38 49 23 54 157 17 141 162 162 44 90 161 36 141 109 25 96 105 100 62 39 27 135 48 90 127 15 127 22 159 98 165 128 140 124 70 88 134 114 142 135 143 192 152 13 102 198 96 120 169 142 139 84 103 186 88 71 200 88 56 182 27 147 136 47 111 153 149 
143 89 42 16 99 126 42 42 149 30 83 5 34 109 198 45 25 98 49 109 200 72 45 199 161 69 43 111 84 161 124 1 33 165 140 18 142 82 50 181 37 187 144 99 132 158 38 191 183 44 2 161 198 124 29 87 77 129 19 181 147 127 174 86 170 95 191 55 74 114 195 131 127 129 167 103 10 23 4 23 123 66 33 76 42 183 11 163 18 62 154 39 27 182 15 168 117 151 112 6 163 107 120 159 60 191 80 24 8 47 44 137 138 33 131 131 44 37 102 74 137 8 127 136 130 78 49 66 155 108 115 108 32 99 194 103 41 142 52 37 181 172 30 74 149 187 40 88 74 178 
87 158 72 195 149 136 120 80 82 171 125 8 149 177 158 95 189 135 134 123 3 170 77 177 61 102 129 35 3 168 121 71 175 65 43 41 157 84 167 39 59 42 72 58 123 11 140 101 158 96 117 65 38 129 186 67 21 18 33 71 181 170 105 80 57 149 52 155 192 183 18 169 171 130 150 59 68 21 167 195 105 15 14 96 191 35 190 122 68 187 123 20 134 72 83 37 104 183 99 180 48 190 49 25 143 186 65 168 136 36 156 72 21 85 22 104 132 101 59 110 75 80 173 196 136 22 25 143 100 82 173 31 154 135 126 8 13 69 166 177 145 40 169 189 10 200 10 11 39 50 
20 21 141 60 87 106 51 104 162 183 133 81 98 79 69 193 5 145 114 20 67 94 108 52 123 16 5 85 33 196 82 97 135 46 124 143 75 98 52 200 139 127 123 121 36 41 193 41 72 96 61 200 127 179 79 18 105 198 76 184 27 16 161 68 37 62 130 177 72 39 73 148 131 32 190 113 15 77 102 56 34 188 131 127 50 40 111 47 42 25 100 84 97 175 49 72 37 141 5 77 137 176 105 161 67 172 153 51 36 126 83 148 116 187 68 18 65 196 58 76 123 30 59 116 43 77 107 145 163 59 75 87 142 26 82 8 163 138 61 158 56 91 39 18 150 104 23 76 36 175 
79 4 147 86 57 183 184 147 100 57 139 43 89 11 34 113 104 124 41 41 45 116 46 84 161 28 2 25 99 182 83 192 109 174 25 54 39 145 146 182 72 15 13 118 33 161 71 122 13 84 127 52 162 42 46 139 166 185 141 161 170 148 183 121 39 33 122 194 95 169 77 34 176 156 150 152 45 152 52 36 18 146 95 137 44 169 33 124 96 74 144 139 170 117 150 124 113 102 174 93 5 188 101 73 57 112 45 1 120 115 18 61 40 185 51 119 94 89 43 58 123 131 83 34 130 40 113 141 161 2 173 110 113 199 28 28 7 14 4 58 71 173 36 90 72 183 118 140 199 178 
170 12 195 167 188 32 52 106 52 159 65 36 37 14 111 192 25 192 88 86 158 182 96 90 60 168 119 161 137 150 29 176 22 45 160 50 63 114 83 124 43 83 30 29 60 152 85 181 24 122 160 49 98 161 151 49 193 107 137 69 147 24 11 66 185 60 168 73 3 122 192 122 155 96 186 182 94 108 48 46 77 8 103 98 15 156 167 193 170 91 158 16 117 117 174 167 191 1 178 150 144 105 49 62 67 74 29 53 101 101 100 179 96 50 73 43 38 92 60 39 29 90 94 156 179 29 149 57 196 91 164 97 117 40 25 148 93 38 147 15 85 19 25 126 74 126 100 93 107 54 
192 187 184 146 135 140 82 138 128 4 106 120 34 165 7 132 137 160 135 131 152 55 49 43 30 173 197 46 185 65 137 136 101 87 153 2 88 122 160 4 37 12 192 59 32 174 142 155 90 84 105 57 12 8 146 172 200 158 89 165 13 183 26 90 113 19 28 65 115 93 196 30 185 18 97 82 45 177 171 99 42 61 149 78 151 127 172 83 109 195 14 26 133 191 31 49 191 157 64 45 100 102 32 137 102 95 2 193 32 107 123 94 32 63 90 146 128 1 152 111 23 55 112 76 20 123 148 5 145 106 187 163 172 57 42 174 78 29 48 2 89 164 46 136 115 42 140 174 186 150 
77 138 93 19 157 115 165 5 137 178 76 191 176 36 31 14 139 28 17 15 131 64 88 116 198 159 29 53 151 82 63 16 14 174 41 58 32 85 186 151 200 1 100 131 103 52 95 150 40 127 128 180 162 45 48 172 59 13 10 87 192 195 145 140 40 195 141 171 118 83 87 98 94 178 159 17 159 49 118 92 76 175 186 2 69 18 58 171 121 95 10 50 127 143 160 134 122 166 27 196 188 74 28 97 20 109 112 187 141 177 68 69 2 195 186 190 113 69 56 166 169 60 197 144 49 66 157 77 103 153 7 20 38 102 180 117 187 97 131 109 104 64 189 76 99 55 91 151 29 46 
104 48 45 105 125 60 123 31 42 153 47 51 180 150 44 64 80 77 125 39 23 141 200 69 52 80 196 169 34 68 43 195 6 52 114 13 171 185 69 112 185 118 176 113 186 174 130 43 90 68 2 62 32 95 78 24 186 100 56 35 166 26 29 118 124 30 169 123 16 159 156 72 157 200 200 96 161 43 70 111 28 32 24 162 190 27 49 24 46 34 131 63 47 62 105 54 47 200 118 190 95 187 196 194 82 88 82 22 172 17 28 131 58 5 139 69 43 124 33 88 159 162 100 46 132 119 150 22 96 43 2 189 111 6 159 88 146 98 69 89 192 89 153 45 65 68 46 83 19 67 
98 64 18 153 43 68 44 150 77 137 88 10 43 22 176 167 111 113 153 15 11 15 159 84 50 155 88 113 142 92 155 38 21 8 159 63 196 37 168 111 86 8 76 111 109 43 82 9 50 20 128 177 161 197 122 188 83 70 71 186 186 3 72 156 164 155 174 187 32 184 30 164 163 119 153 126 163 135 149 170 189 132 77 88 171 118 96 189 47 117 10 165 198 43 135 107 151 146 130 185 114 186 117 33 32 172 97 129 182 117 127 67 10 55 89 181 35 48 130 14 111 92 165 98 103 115 93 55 168 23 4 30 119 10 73 185 170 157 92 22 1 30 156 147 106 28 27 126 130 24 
111 139 15 163 67 71 8 144 185 56 130 193 160 144 103 154 18 55 165 103 12 2 59 176 158 159 16 115 191 9 143 96 141 129 3 95 12 83 181 59 18 65 162 148 38 161 131 152 22 179 118 15 61 136 97 45 38 180 125 194 196 54 2 30 43 166 49 148 136 8 111 191 80 200 168 170 177 122 58 103 42 3 149 77 13 88 106 100 190 74 48 54 183 66 33 145 95 169 47 17 127 96 48 193 37 26 15 67 68 4 179 81 171 122 163 164 179 107 190 194 179 68 150 60 148 84 85 170 110 90 8 36 101 12 99 58 123 47 95 80 137 81 11 176 105 68 138 68 27 56 
192 100 52 93 150 53 88 21 4 89 189 169 198 135 156 89 20 1 185 154 72 43 36 55 67 11 123 59 183 12 126 157 152 144 109 108 20 138 134 66 59 93 108 133 162 28 138 8 158 66 9 36 53 181 64 180 13 28 182 52 89 138 37 170 189 159 132 170 37 109 180 34 166 160 91 28 90 123 88 130 186 27 126 157 70 159 190 187 30 21 43 84 168 134 101 36 199 163 118 27 187 27 86 115 118 15 166 167 170 116 128 184 187 58 166 168 21 149 112 127 35 145 156 141 118 37 47 121 18 182 184 85 22 82 88 121 111 84 192 159 165 134 22 70 95 188 142 67 197 37 
9 88 15 192 191 182 88 94 133 180 55 88 117 176 103 82 9 32 30 199 91 129 36 153 120 169 14 69 134 59 172 189 119 196 49 18 172 198 190 198 97 92 108 184 84 187 16 87 16 198 105 26 137 15 153 50 84 109 189 166 17 57 159 51 131 94 39 79 21 134 25 58 200 199 88 198 152 28 151 156 190 177 152 169 20 105 118 197 159 115 175 113 9 84 154 199 7 161 116 68 147 190 88 139 80 152 41 84 140 40 119 151 1 8 157 91 82 152 93 44 40 192 165 164 90 87 188 24 171 82 175 188 94 115 4 167 40 21 117 170 76 14 169 111 192 52 64 18 26 49 
21 102 139 58 104 113 31 139 126 113 189 18 131 81 119 114 131 185 127 158 196 12 118 174 34 28 188 18 98 91 23 110 97 39 9 158 34 35 151 101 51 126 50 7 97 29 157 37 192 1 23 96 171 45 2 125 160 100 89 118 72 200 54 28 8 96 104 136 128 120 192 59 68 9 150 112 39 43 149 27 166 54 59 8 141 76 74 199 94 199 197 2 120 147 17 151 170 153 12 30 174 106 90 33 116 76 32 61 195 121 180 148 147 78 13 183 129 42 129 173 55 120 163 51 154 142 51 98 197 36 144 92 127 139 22 18 99 173 123 190 186 100 16 25 68 111 68 4 94 196 
188 156 72 42 51 175 92 158 192 95 194 171 153 114 82 137 175 64 5 76 44 167 58 30 24 164 124 179 177 19 4 27 183 122 8 144 188 98 128 197 149 135 98 102 77 124 95 187 157 101 172 33 27 55 50 142 144 27 143 127 122 200 52 71 101 189 145 188 144 186 191 10 167 45 167 166 172 186 184 46 43 114 50 12 73 78 163 134 164 75 159 170 62 68 79 69 134 17 124 127 39 102 77 167 27 118 57 84 185 192 108 140 14 65 5 180 37 140 173 123 93 31 197 6 21 118 49 121 67 88 195 58 156 33 187 16 111 80 135 75 172 108 182 34 22 158 154 20 196 104 
199 85 113 49 4 168 111 108 134 132 190 19 102 15 31 160 2 79 110 107 40 111 54 145 49 186 105 88 21 191 144 59 181 47 151 22 117 21 185 82 166 189 166 10 188 6 52 7 96 114 50 43 56 64 32 98 158 2 119 166 7 103 116 88 104 89 79 12 190 13 52 144 107 200 54 83 64 49 155 184 199 145 120 114 148 161 71 166 114 158 58 130 128 168 135 27 107 85 16 142 1 17 57 147 137 154 105 19 124 72 132 90 11 30 22 196 87 15 104 77 140 42 68 117 119 116 150 25 149 100 4 42 139 36 67 113 28 32 173 70 29 173 166 192 117 84 112 165 193 142 
162 43 2 137 114 138 135 163 19 10 147 167 40 122 103 45 49 24 196 138 158 105 139 138 81 75 35 76 9 160 128 77 97 75 36 9 186 141 191 183 88 65 53 169 12 185 43 126 165 68 108 147 66 11 39 12 17 163 168 161 113 23 118 46 125 118 16 67 184 192 191 110 12 161 49 29 92 110 104 55 143 199 167 5 86 114 82 50 90 10 193 109 23 84 79 90 154 102 76 181 157 153 187 120 124 87 188 17 136 187 71 174 180 159 153 92 44 183 59 143 22 155 32 47 36 163 188 16 167 124 98 120 164 31 169 24 69 91 129 161 105 172 97 193 80 176 155 172 184 159 
80 178 193 32 96 189 57 34 3 29 199 84 80 97 26 83 17 200 61 15 108 37 71 189 91 20 85 153 157 3 51 13 134 22 9 41 181 185 176 151 152 86 99 169 46 115 157 198 43 187 21 139 157 179 159 144 40 44 91 37 26 146 198 29 91 156 168 132 58 70 112 13 126 59 95 159 39 43 32 154 67 116 181 189 157 197 111 183 54 31 8 165 50 181 110 177 194 119 128 43 11 119 8 170 92 19 120 129 29 88 180 113 176 34 77 139 168 73 143 108 33 104 115 173 18 10 3 194 44 131 139 173 124 7 145 194 11 2 109 43 129 58 164 85 188 56 117 49 200 156 
194 77 124 8 11 35 170 28 163 142 104 103 110 5 182 159 135 26 169 36 112 51 185 162 120 142 45 46 73 152 149 109 147 94 7 56 112 84 138 76 187 46 84 124 123 98 26 147 126 120 58 121 147 3 69 112 110 118 194 186 179 24 132 142 105 102 100 20 15 83 102 142 152 18 159 98 6 33 114 104 44 5 153 84 116 8 103 103 96 99 140 59 66 156 88 152 55 125 178 9 167 151 12 62 38 109 145 173 66 186 161 80 170 112 3 173 186 44 68 44 12 143 61 113 41 141 91 64 81 147 12 181 108 5 62 35 132 196 114 177 34 112 152 24 149 176 67 144 193 85 
11 79 64 140 23 99 172 145 44 163 7 106 50 23 69 141 134 154 150 134 89 9 16 177 48 79 20 52 164 93 91 38 177 174 80 135 54 58 69 183 51 94 146 198 15 98 107 37 147 193 59 34 27 126 50 29 197 195 51 80 112 159 42 125 129 42 191 159 81 154 25 119 63 11 31 82 87 78 164 99 183 94 97 71 133 197 3 13 98 76 85 118 198 58 75 167 29 94 105 15 187 167 42 3 117 89 44 196 34 184 165 64 190 67 196 18 137 14 16 60 19 199 102 36 42 29 15 187 193 50 191 101 149 178 55 82 30 105 199 89 10 26 131 109 109 41 19 75 53 13 
30 61 19 24 93 12 5 80 28 82 37 136 145 41 128 102 140 24 189 93 46 133 97 121 75 197 198 44 82 75 141 129 11 115 40 86 124 9 119 174 57 154 69 189 25 131 146 7 48 152 71 179 126 194 134 40 95 153 24 144 168 192 168 123 189 61 91 134 119 46 96 8 159 47 164 180 59 113 194 100 96 124 30 51 73 155 171 33 105 24 159 136 103 27 56 145 174 18 115 153 78 53 176 18 139 131 44 46 97 34 15 188 68 152 73 84 75 120 124 31 16 153 152 163 120 154 133 194 54 127 37 9 28 22 155 45 166 54 13 97 23 140 138 71 158 131 113 161 22 199 
163 181 45 103 100 128 124 147 111 35 193 147 165 121 91 8 50 107 33 103 51 119 68 9 7 197 129 186 34 192 83 126 188 82 176 168 59 50 105 118 135 35 41 71 106 89 70 84 101 66 182 176 188 42 181 140 108 81 129 47 13 17 106 163 127 180 161 142 55 150 142 141 182 136 22 141 48 90 136 119 47 106 93 20 65 10 30 4 87 150 23 31 91 165 69 136 161 165 162 84 148 165 89 30 20 113 160 29 80 42 198 13 73 12 171 70 133 39 71 51 131 138 162 43 119 114 55 112 114 119 198 154 183 171 186 13 112 190 106 160 46 15 91 95 183 73 200 167 139 131 
111 78 157 31 188 200 96 71 26 164 1 198 131 192 33 26 75 66 144 19 69 90 121 65 7 121 81 119 155 140 66 185 84 22 152 111 194 190 132 49 182 123 13 200 79 3 45 95 76 107 36 96 124 121 74 83 135 25 108 187 85 85 88 188 35 178 156 164 121 148 5 191 145 95 140 93 115 26 94 43 176 151 125 28 166 100 57 194 84 150 69 193 38 86 36 75 1 80 122 20 169 147 154 189 118 76 8 162 103 196 148 9 68 75 49 11 62 119 180 195 48 122 156 16 32 68 156 82 121 118 14 64 172 43 103 78 101 52 79 71 159 179 86 152 11 33 120 158 197 39 
30 119 128 34 98 160 184 24 185 50 168 48 81 104 151 141 12 178 26 196 185 24 197 67 125 159 191 61 89 152 66 14 138 183 131 150 63 76 157 119 88 73 132 116 11 11 179 95 136 42 131 18 143 14 6 48 41 173 90 173 50 46 163 69 190 80 159 181 130 133 178 184 12 161 182 189 141 137 198 124 116 167 115 172 115 131 195 168 117 96 145 126 34 104 141 136 101 138 109 143 14 155 45 163 77 53 4 165 131 97 176 99 123 80 150 142 36 84 56 136 6 85 63 89 187 148 95 119 9 188 15 13 53 199 121 64 199 83 146 172 16 48 136 102 20 89 17 136 16 169 
189 2 15 25 88 27 188 5 38 198 160 161 131 24 103 127 170 38 94 148 47 163 58 149 185 175 112 137 5 111 41 162 183 88 127 69 83 110 37 182 57 96 80 194 163 113 126 128 118 55 132 148 26 48 86 158 18 92 60 147 181 175 29 6 94 132 144 1 153 95 170 13 121 149 13 187 134 148 128 191 165 97 89 25 103 200 155 108 30 79 152 40 56 10 45 42 86 148 9 137 16 161 93 36 25 198 128 182 77 21 44 152 87 171 73 124 51 200 36 21 8 53 8 179 132 149 106 73 116 45 140 52 200 199 150 62 42 107 18 105 122 177 130 187 185 125 134 180 16 151 
73 131 92 169 99 135 2 56 78 117 104 144 188 105 180 127 135 62 65 112 169 151 122 199 18 89 13 118 199 20 163 90 181 59 162 55 157 60 183 84 182 31 183 43 105 197 59 114 54 95 149 30 188 82 110 191 142 105 137 194 17 1 41 75 69 188 88 76 17 94 13 58 152 23 142 139 191 35 36 123 44 189 87 30 125 100 77 152 54 7 89 21 174 27 189 39 63 21 183 147 108 83 94 114 150 129 154 165 31 49 143 176 151 192 16 139 42 71 190 163 96 56 154 27 107 67 72 137 61 88 20 55 172 24 181 117 81 200 172 82 91 57 198 130 145 193 86 109 168 77 
188 17 32 174 26 181 133 164 147 74 30 151 21 97 138 80 162 53 101 52 107 151 8 139 109 168 98 17 16 138 78 139 100 102 29 32 108 180 193 135 166 6 96 69 165 33 87 16 89 23 89 197 194 143 36 89 199 120 10 158 8 64 111 131 17 53 26 111 168 163 61 5 15 154 36 115 121 162 111 42 82 72 108 108 170 115 161 32 164 68 195 37 118 103 130 166 145 200 62 109 144 132 98 26 105 87 157 64 147 182 51 39 47 82 13 66 155 41 166 73 130 88 24 158 93 130 155 33 167 159 80 181 146 24 183 117 87 135 49 30 71 40 97 132 187 100 96 114 66 186 
114 85 29 162 120 156 30 109 130 151 167 75 159 121 26 81 178 15 30 175 52 84 123 137 170 68 110 111 102 67 15 13 80 55 1 98 76 117 93 53 10 42 68 190 95 169 100 119 109 94 85 57 85 117 37 21 141 113 73 194 155 35 159 79 168 140 76 24 61 183 182 121 176 114 190 181 108 177 129 78 153 85 127 167 80 71 57 60 41 55 149 96 149 10 97 192 116 92 7 146 167 197 37 105 144 116 101 62 173 153 162 140 6 113 147 94 109 157 138 139 157 175 145 14 179 183 183 176 24 26 162 176 53 130 66 45 191 141 158 172 148 47 17 106 171 24 103 104 176 109 
190 162 141 36 47 84 2 131 185 116 70 34 7 40 126 85 177 19 121 23 188 152 108 108 57 13 105 187 141 109 173 14 181 155 77 141 69 19 171 174 107 58 123 174 111 46 85 156 197 39 115 40 72 65 186 87 194 130 14 58 127 172 132 30 174 26 3 87 77 176 123 62 69 56 153 90 154 95 21 87 38 68 37 200 61 44 100 170 21 94 81 166 95 19 87 156 159 67 79 27 200 81 34 25 158 193 59 87 148 34 81 10 141 61 195 117 177 52 55 74 97 90 39 167 99 25 54 7 76 100 127 3 71 76 56 79 20 153 68 121 197 136 1 78 65 128 52 150 137 136 
69 49 140 55 131 58 21 130 193 83 74 92 165 99 122 177 116 63 126 15 137 121 20 125 153 46 66 64 134 166 8 95 59 5 159 27 164 193 81 113 175 151 51 53 200 157 193 151 86 200 49 178 32 118 40 171 173 138 165 100 172 24 188 117 71 72 125 55 190 108 42 165 171 29 65 108 179 137 175 107 35 84 28 128 149 27 20 55 161 72 122 137 137 158 9 139 68 38 94 28 197 154 11 48 119 129 87 197 42 58 38 186 15 8 177 185 47 31 122 135 196 119 84 43 41 77 13 124 61 163 99 56 51 79 87 24 63 100 83 177 84 59 153 108 83 45 115 143 157 177 
119 80 25 148 8 116 181 148 22 139 37 173 58 92 134 105 137 157 122 109 57 3 165 6 112 188 42 196 104 63 176 169 48 101 75 113 1 149 112 57 73 26 38 62 59 5 126 174 171 15 181 174 43 60 36 154 3 84 133 11 62 110 196 22 93 7 187 193 173 121 52 43 140 180 57 198 73 44 48 35 141 149 56 127 11 28 37 14 63 90 88 82 57 102 176 52 18 52 16 98 96 183 168 36 135 12 104 18 131 60 194 102 34 40 187 3 127 189 48 49 145 200 73 108 147 179 6 179 33 50 59 83 198 51 29 34 21 153 12 82 5 109 10 192 158 111 187 1 100 71 
167 17 181 112 178 61 197 81 98 170 48 94 159 90 12 112 145 134 47 92 151 82 127 113 78 173 101 25 37 171 122 6 147 191 83 165 72 124 27 39 68 12 76 23 179 12 138 87 180 7 48 190 49 163 191 57 11 20 43 37 74 28 110 183 82 2 84 95 15 55 64 50 164 96 159 2 179 71 16 151 3 200 29 189 36 166 123 70 66 81 70 55 153 4 108 116 71 101 172 190 175 159 131 193 39 2 161 53 1 182 153 197 36 9 121 170 98 135 65 91 107 55 112 53 186 156 16 60 16 167 138 1 110 29 188 152 180 187 167 55 117 94 78 65 151 183 185 99 112 161 
147 67 119 42 103 107 36 50 101 106 122 164 73 183 43 93 146 29 84 133 95 192 70 189 17 188 187 20 65 76 95 159 176 84 40 117 169 182 71 178 180 28 164 178 76 12 186 161 56 85 130 80 4 121 26 154 177 167 200 119 43 152 41 77 174 30 157 111 113 132 129 200 199 68 142 153 43 12 3 39 35 144 2 50 182 106 157 112 131 46 37 40 137 64 170 190 189 140 87 41 173 104 73 12 168 25 146 10 106 95 38 145 46 183 44 89 57 148 83 75 171 56 102 79 181 87 33 73 9 190 193 168 115 32 42 23 113 196 65 110 123 60 39 130 45 37 84 33 66 177 
130 111 54 136 190 62 118 103 129 197 2 169 166 157 177 124 94 49 127 74 129 126 90 158 149 183 87 196 5 114 182 90 44 115 133 44 194 104 98 92 144 38 105 78 61 28 95 16 39 122 85 66 90 98 85 47 131 29 146 78 79 38 27 102 104 68 83 49 143 3 114 38 60 40 100 103 6 37 93 144 67 43 107 164 199 106 139 37 189 162 197 119 37 39 54 97 97 110 186 134 103 196 176 152 63 162 57 132 42 106 163 71 46 193 156 109 49 80 60 2 164 145 23 142 137 13 43 29 15 137 110 142 85 186 64 62 200 152 157 171 9 101 182 176 187 136 49 76 48 6 
132 82 128 168 127 105 194 82 170 12 175 69 52 95 73 145 24 122 80 40 182 20 93 74 81 25 134 58 31 1 147 39 98 11 51 105 77 149 57 175 150 104 126 72 137 64 105 127 74 94 76 200 61 59 46 146 23 124 34 176 57 153 101 17 193 73 156 71 33 80 26 39 3 72 43 176 175 135 123 2 126 186 145 9 77 89 182 105 168 24 67 192 133 19 111 32 115 101 63 199 27 183 64 42 37 59 37 8 97 108 183 193 109 200 133 174 82 137 188 6 122 146 3 6 104 81 124 59 171 138 62 116 118 34 104 31 19 25 38 8 39 114 20 114 108 107 48 120 182 63 
98 103 38 92 67 145 56 26 193 73 172 187 121 17 67 122 192 172 144 89 110 165 34 198 121 136 50 75 60 22 78 72 196 59 96 196 141 159 5 130 159 180 69 120 194 74 155 57 25 142 9 93 83 122 31 15 142 8 64 121 179 158 88 103 24 70 179 38 160 151 68 119 27 86 179 82 72 156 170 136 38 26 41 76 111 162 193 44 159 57 86 79 96 95 145 7 199 50 109 177 77 30 163 36 176 185 69 187 198 98 5 136 112 49 114 90 123 110 136 97 8 130 113 24 197 6 79 135 75 42 40 14 119 24 195 62 117 160 136 160 92 113 127 23 198 131 125 103 18 68 
58 29 125 196 126 36 131 112 111 18 117 104 157 133 34 136 165 69 98 198 61 99 122 107 78 24 176 28 192 88 22 101 63 190 180 87 42 44 94 33 12 167 141 130 116 32 198 53 82 141 85 161 170 188 13 96 3 103 155 64 33 117 179 124 120 48 138 95 200 148 8 18 77 178 30 149 53 184 5 84 1 127 157 176 114 170 13 152 106 111 11 72 146 82 68 177 194 97 44 177 7 124 62 94 34 65 2 13 67 8 7 43 169 1 139 5 46 193 154 137 122 194 144 78 200 49 108 37 76 187 133 59 12 108 77 148 96 190 131 72 126 185 110 50 17 101 76 169 97 62 
118 134 135 160 93 18 61 118 171 57 172 188 13 139 199 200 103 94 140 56 179 189 48 136 129 188 176 121 125 126 24 55 38 195 83 63 114 81 83 89 61 7 157 43 157 113 24 121 82 133 78 64 18 32 115 143 135 97 118 191 145 140 99 142 18 97 63 105 122 64 100 117 40 14 115 20 105 141 68 36 144 28 162 145 41 151 55 77 145 56 106 152 42 195 3 59 17 112 146 62 109 9 169 191 67 139 104 20 184 163 95 8 147 13 183 55 153 125 141 151 90 39 168 99 12 30 105 116 51 156 161 122 190 8 177 93 185 121 18 197 36 142 70 25 105 4 133 32 45 91 
43 21 61 181 52 132 10 142 189 71 118 167 15 24 95 163 113 42 129 156 17 47 85 181 192 199 133 113 57 156 118 84 75 154 6 64 45 59 97 149 159 99 1 108 58 165 28 189 94 51 198 82 121 193 33 73 194 39 59 36 194 137 122 86 158 70 162 153 187 137 182 16 86 26 14 122 125 54 72 160 129 185 87 164 85 26 150 1 179 124 92 22 95 108 165 173 7 13 185 139 72 87 175 81 42 184 51 161 99 96 188 23 135 150 126 137 50 182 41 26 141 84 156 75 185 160 192 60 32 59 193 105 195 63 73 93 20 110 137 151 32 158 121 186 120 31 188 67 90 35 
33 138 133 173 164 22 152 117 5 118 142 31 165 37 199 21 175 24 94 166 186 108 170 165 77 15 129 36 66 175 43 75 9 39 79 130 164 187 106 170 17 155 27 94 200 56 178 148 147 87 165 54 102 174 81 86 131 135 45 109 102 186 146 2 152 200 22 198 93 40 176 130 72 33 200 143 144 166 171 171 4 177 2 10 64 95 45 105 49 15 153 118 82 107 47 89 37 155 5 187 10 163 177 92 138 9 80 139 39 25 47 41 126 95 188 125 136 43 123 24 41 174 7 36 150 193 62 95 40 171 63 95 131 73 136 88 76 180 144 43 151 79 173 26 64 195 24 159 24 85 
48 176 179 172 151 22 59 103 9 120 41 110 191 47 65 35 51 56 84 87 78 56 26 47 178 168 104 151 27 2 133 112 47 72 27 3 58 131 171 57 101 145 191 166 105 133 172 47 54 124 171 93 194 84 200 121 171 6 173 22 97 123 138 70 200 33 84 59 5 141 56 102 103 12 102 99 173 175 159 175 114 98 48 81 184 53 142 160 161 189 100 119 77 152 177 101 180 2 62 194 145 49 79 132 119 16 198 193 67 108 125 142 124 65 17 135 40 76 14 53 168 167 178 62 24 44 8 22 85 74 17 26 9 118 139 70 57 51 5 104 164 87 45 38 152 182 140 71 64 152 
