100 6
0
2
1 136 2 140
2 165 20 205
3 189 173 535
4 303 6 339
5 337 116 569
6 370 153 370
7 376 134 108
8 428 149 726
9 446 149 446
10 496 166 164
11 541 67 407
12 543 79 1175
13 838 144 1702
14 902 66 1034
15 926 59 926
16 974 119 1926
17 983 52 1399
18 995 50 1195
19 1047 25 1147
20 1062 82 1554
21 1126 122 1370
22 1172 137 1446
23 1182 90 1902
24 1182 130 1182
25 1225 140 2065
26 1238 81 1562
27 1293 173 1293
28 1343 124 1343
29 1365 91 1911
30 1403 156 1715
31 1435 144 2299
32 1450 194 3002
33 1498 115 1728
34 1530 78 1842
35 1599 79 1915
36 1604 51 1706
37 1606 23 1698
38 1815 180 1815
39 1970 112 2866
40 1997 109 2215
41 2120 163 3098
42 2195 192 3347
43 2202 50 2402
44 2248 38 2552
45 2420 197 3208
46 2425 109 2643
47 2493 95 3253
48 2597 76 2597
49 2688 199 3484
50 2704 106 3340
51 2795 156 3731
52 2870 84 3038
53 2984 67 2850
54 3003 86 3691
55 3030 87 3378
56 3038 94 3602
57 3081 157 3395
58 3538 111 3982
59 3659 96 4427
60 3661 116 3429
61 3704 161 3704
62 3785 4 3793
63 3935 102 3731
64 3961 48 3961
65 4028 35 4308
66 4140 21 4266
67 4242 97 4436
68 4255 55 4585
69 4260 19 4336
70 4310 179 5384
71 4340 48 4532
72 4388 155 5318
73 4448 41 4448
74 4586 108 5450
75 4671 110 5111
76 4723 30 4963
77 4773 131 4511
78 4856 97 5438
79 4890 145 4600
80 4934 163 5260
81 4945 77 5099
82 4951 62 4951
83 4972 62 5220
84 5158 105 5368
85 5163 88 4987
86 5167 111 5167
87 5237 166 4905
88 5261 89 5439
89 5267 126 5015
90 5414 19 5566
91 5421 175 5071
92 5437 174 6829
93 5479 34 5547
94 5508 46 5600
95 5515 180 6595
96 5580 80 5740
97 5708 105 6338
98 5790 146 5498
99 5868 72 6300
100 5882 68 6018
76 128 6 70 161 180 82 17 139 18 162 109 197 6 129 176 26 126 164 100 83 38 63 111 76 148 141 67 170 139 194 152 31 8 54 151 135 157 130 147 65 146 116 7 42 80 66 134 88 60 84 186 56 52 23 108 197 66 71 77 50 120 160 24 184 105 164 93 142 67 61 92 150 100 92 33 171 198 98 36 156 160 93 94 151 5 136 4 84 192 137 197 138 14 158 144 165 190 13 186 
128 21 48 165 172 74 72 82 110 66 19 77 127 156 122 92 145 13 103 163 171 18 183 43 90 126 123 47 3 27 169 115 30 112 23 87 99 154 156 53 118 181 128 194 91 157 103 92 164 28 112 182 107 80 50 91 41 14 22 152 28 84 189 157 31 171 30 126 180 183 170 88 2 127 126 17 63 153 112 99 50 105 33 3 96 3 37 65 97 156 46 29 186 86 96 182 109 193 175 40 
44 68 11 114 170 126 168 37 140 81 185 180 133 140 179 50 101 178 146 20 48 95 191 128 119 118 80 64 183 137 106 156 48 171 11 190 160 87 86 82 83 162 72 68 54 91 134 89 137 123 150 129 54 199 31 8 152 20 170 82 18 170 26 80 76 37 27 176 13 163 174 119 177 191 194 101 155 128 26 99 6 64 131 68 91 96 84 47 28 133 144 89 146 16 191 60 84 89 176 121 
21 126 142 155 139 18 156 101 183 41 136 71 156 87 139 118 100 125 83 139 51 45 41 52 101 158 8 126 178 170 148 9 75 99 139 114 109 46 20 75 61 177 166 88 113 89 164 54 62 116 35 61 188 124 193 19 118 195 3 145 85 199 44 85 27 148 154 176 47 139 116 43 13 142 101 82 89 59 134 149 187 78 117 105 109 139 49 34 128 119 34 96 82 145 138 123 186 168 98 38 
59 71 44 99 64 114 69 2 155 17 26 35 22 19 150 78 140 14 166 191 72 16 181 185 64 133 147 174 61 81 22 89 135 160 199 152 118 16 113 192 67 171 193 181 163 167 98 183 103 17 110 2 107 163 171 139 66 53 51 136 171 14 117 97 174 129 15 124 199 74 15 179 113 198 130 35 162 195 187 55 106 159 149 163 39 164 48 70 93 127 9 24 93 136 78 124 96 23 113 37 
134 134 23 180 153 40 1 195 40 26 181 166 175 136 36 196 40 5 71 117 163 131 24 97 99 124 191 143 197 35 133 71 141 33 44 102 194 109 66 53 114 22 161 110 94 184 119 131 158 5 116 147 100 152 47 49 46 196 124 142 40 69 113 72 137 38 64 66 61 114 13 60 134 56 42 84 165 96 159 2 8 105 51 49 113 43 79 97 104 125 120 41 155 174 109 76 171 126 172 78 
181 141 173 48 161 103 106 21 9 71 46 168 101 42 35 199 86 10 131 183 139 14 42 89 179 33 122 140 21 42 86 15 143 132 152 173 153 90 103 89 103 43 38 65 27 186 34 24 41 188 2 176 179 75 59 33 182 130 85 32 124 8 178 150 191 148 72 9 128 162 99 132 2 126 190 192 164 125 51 172 27 129 36 48 140 124 94 151 130 159 54 128 154 143 132 119 180 146 137 112 
6 186 100 1 83 69 133 182 173 106 85 137 92 95 129 94 90 89 105 57 92 94 176 106 168 183 113 120 83 45 83 49 11 1 121 16 119 177 172 91 46 132 139 118 142 163 188 189 151 189 168 145 140 79 155 147 151 94 96 147 103 156 7 196 190 132 125 120 153 15 43 72 103 63 168 7 173 150 134 111 66 96 112 37 190 7 83 30 14 11 141 13 182 124 46 51 162 102 97 18 
186 104 132 32 146 12 67 119 23 174 84 81 147 87 42 153 30 9 55 163 18 75 140 182 78 111 166 20 41 129 181 186 28 50 138 182 40 129 165 34 144 1 113 48 66 63 189 113 23 176 53 23 110 142 109 162 23 136 47 98 112 43 58 120 181 124 2 103 111 192 32 14 143 138 150 31 178 45 74 5 130 165 156 74 149 83 86 177 31 61 197 91 170 90 83 62 108 140 10 74 
52 51 7 112 180 177 113 32 191 197 199 86 46 176 132 71 122 13 44 141 32 185 80 176 86 135 185 113 121 156 152 8 69 127 148 112 14 82 159 75 65 70 95 141 189 99 121 161 113 55 47 22 66 91 167 199 29 191 11 63 115 41 22 157 33 190 22 149 112 32 138 173 28 94 161 78 23 105 193 93 121 85 17 35 93 169 42 187 37 46 70 75 133 137 144 25 170 169 106 138 
143 199 132 7 187 185 41 81 178 65 102 31 86 76 171 190 176 77 8 166 18 147 98 175 56 8 69 2 176 55 18 64 1 178 51 95 142 181 162 186 187 105 138 174 150 22 76 40 175 169 198 182 109 177 53 32 188 146 134 140 162 199 111 136 115 27 126 68 119 31 130 192 190 167 178 11 178 85 80 91 160 70 117 87 38 115 38 180 5 193 4 77 100 121 46 141 28 102 99 167 
130 184 110 9 46 61 36 105 58 122 109 100 161 89 75 24 6 122 47 8 130 43 76 162 119 98 35 11 20 88 40 36 161 129 41 191 60 64 157 152 70 130 165 172 177 141 103 120 53 97 134 146 69 92 113 173 184 59 174 4 151 29 185 110 73 13 13 112 50 199 103 1 43 148 178 97 54 4 160 192 99 83 8 134 200 182 104 171 139 63 72 4 184 16 196 97 32 82 110 166 
104 30 94 107 107 170 140 111 184 125 166 200 95 34 33 14 16 88 147 27 96 69 5 60 82 159 142 168 143 197 131 95 135 135 146 104 25 158 145 76 31 196 39 167 5 126 93 184 185 104 87 2 123 96 123 167 194 183 27 140 99 57 91 134 53 170 105 78 117 123 64 173 155 59 175 10 156 28 81 149 83 182 77 136 42 18 76 158 180 66 191 133 63 171 172 186 96 72 71 126 
198 56 179 165 108 175 88 40 177 28 72 77 35 2 5 64 39 32 92 82 105 39 162 9 180 35 25 160 129 20 4 73 77 33 42 32 170 1 119 61 128 115 33 10 91 148 128 27 191 68 134 162 185 40 110 89 130 200 22 48 139 32 4 24 158 4 63 60 33 157 48 41 169 52 140 17 108 140 192 125 129 58 121 59 200 93 24 15 65 14 49 186 87 135 32 96 95 40 76 16 
173 35 20 130 82 129 160 176 111 145 127 187 169 147 110 35 75 69 78 181 83 54 105 157 45 197 76 84 39 146 22 32 35 182 27 80 34 48 52 125 68 166 90 54 141 194 133 9 84 82 17 19 193 98 62 126 46 77 156 96 110 40 148 58 150 155 1 113 77 137 41 164 128 107 12 156 197 192 67 153 108 110 69 101 166 145 104 199 105 40 40 147 99 44 27 58 149 59 106 48 
65 13 59 120 90 66 59 44 123 93 51 68 49 147 7 52 118 25 10 79 58 77 21 36 95 113 107 173 151 76 6 179 41 21 142 37 126 24 127 93 106 8 194 94 91 193 76 121 79 67 99 119 159 38 16 188 194 57 136 66 130 80 133 94 129 25 91 20 56 125 10 183 69 147 76 123 68 170 85 101 172 45 128 36 96 82 126 95 1 82 8 77 173 101 113 64 51 119 82 136 
192 133 63 155 99 160 150 52 84 166 126 91 141 165 12 118 102 85 158 139 75 122 81 129 159 105 170 34 179 67 151 83 172 32 157 179 144 102 39 31 182 136 176 110 87 129 152 123 169 63 123 111 57 132 88 167 33 166 157 23 129 172 160 17 142 164 156 33 183 186 63 43 93 82 143 185 31 91 160 125 7 77 4 69 79 73 185 121 75 18 20 159 200 79 200 6 126 69 12 183 
66 165 157 54 136 141 52 117 119 143 76 4 58 71 26 50 43 167 197 148 66 93 124 174 93 117 46 8 11 118 167 50 47 62 81 20 105 98 187 117 158 135 77 119 10 12 167 2 21 37 139 53 183 139 195 29 121 153 179 189 158 95 17 178 167 27 6 192 18 9 131 36 124 6 141 26 105 3 32 4 6 137 29 61 116 20 100 150 194 138 67 83 36 130 25 57 134 184 52 22 
120 60 146 168 178 159 94 145 169 13 194 14 109 175 125 162 98 119 27 150 199 55 27 141 59 21 187 182 174 78 98 148 73 103 187 7 20 45 30 145 64 108 69 117 174 133 135 42 180 137 63 154 98 144 74 56 139 38 58 134 184 123 140 53 2 35 99 75 125 30 71 26 2 51 45 104 45 160 12 43 55 134 138 109 164 116 178 184 118 143 38 8 37 170 73 118 51 36 113 112 
44 141 75 86 78 133 73 112 26 145 95 110 125 99 104 26 22 6 170 143 193 139 160 23 96 85 194 62 95 71 33 135 199 29 24 73 10 91 172 113 136 156 93 82 8 170 165 127 28 133 25 18 115 96 23 116 173 171 60 100 164 183 139 131 121 188 52 13 171 61 189 58 66 146 85 84 148 174 161 178 9 78 93 94 57 34 85 128 73 178 131 5 56 69 149 41 88 181 48 159 
2 113 89 121 132 66 131 172 121 7 69 49 34 126 144 187 159 157 80 169 146 119 121 186 75 63 13 167 98 180 131 149 198 95 16 133 177 127 104 101 90 40 156 86 53 5 180 15 134 158 119 6 95 98 178 101 21 88 89 181 171 60 143 154 80 89 162 74 27 92 84 39 149 129 14 162 66 191 143 95 18 151 177 144 17 131 138 176 62 27 130 158 19 101 13 19 173 135 3 133 
138 18 142 187 26 40 13 34 42 46 120 197 71 68 42 154 59 98 75 164 87 60 160 133 18 38 79 69 148 115 82 59 140 39 115 104 162 28 79 58 60 83 9 109 29 38 48 55 95 105 21 56 112 155 67 105 194 196 167 154 196 124 147 131 62 125 192 17 181 43 16 10 146 165 17 76 181 73 59 95 160 140 119 175 13 9 132 85 6 159 151 168 38 179 191 14 135 4 110 79 
172 64 110 40 21 161 152 62 196 126 128 195 20 31 152 107 130 165 97 61 32 200 89 194 175 6 107 60 10 2 171 189 74 170 112 99 32 68 98 150 58 26 119 28 4 118 165 198 64 175 115 84 9 162 142 108 32 184 169 11 195 83 147 192 171 42 141 29 187 101 29 82 140 87 125 83 158 181 38 75 193 1 95 189 157 56 149 125 49 90 66 5 67 99 153 44 59 35 95 58 
44 111 86 119 1 64 136 82 174 6 190 174 182 53 16 103 124 55 41 124 136 138 5 86 185 2 153 62 199 79 22 156 78 170 102 182 183 27 88 122 116 62 109 179 23 131 179 135 67 26 123 62 56 170 62 198 120 69 101 8 96 30 185 47 56 44 11 188 25 187 63 132 21 55 26 84 27 109 148 177 104 144 81 196 86 104 81 144 17 177 200 44 51 120 67 58 2 120 188 182 
30 103 178 33 124 186 66 66 105 7 47 28 191 23 10 54 113 141 147 128 52 76 140 61 97 149 126 19 187 157 157 105 62 32 72 32 82 21 117 130 89 89 29 98 156 20 139 17 92 73 27 156 121 116 195 96 148 34 90 101 17 22 179 182 26 152 140 121 137 169 17 116 166 105 166 64 102 26 41 190 135 35 156 130 123 92 164 185 179 167 22 197 84 172 157 96 31 7 132 9 
161 3 131 32 185 120 196 166 27 191 75 100 50 151 145 107 33 192 83 193 34 42 98 9 61 185 77 151 162 129 112 73 164 137 157 189 36 156 157 160 200 188 23 67 75 28 197 2 125 53 65 198 41 178 189 188 76 86 30 79 100 141 8 11 129 42 53 153 54 100 135 20 62 82 95 169 33 73 139 63 60 160 109 30 91 55 71 102 121 139 41 173 45 47 16 95 68 19 35 32 
61 75 187 195 105 129 39 189 56 130 135 136 168 111 132 184 23 97 152 31 91 153 1 10 20 111 35 29 132 179 57 196 8 79 28 171 8 7 22 28 200 125 27 103 77 37 148 172 32 65 117 39 198 185 68 87 135 34 128 94 100 12 85 142 76 67 29 13 122 122 160 111 163 192 16 188 10 105 176 51 161 161 138 64 45 44 198 26 145 156 2 86 97 34 181 160 184 75 137 143 
140 42 51 54 179 108 77 112 15 108 198 53 180 148 110 136 90 55 28 192 40 193 65 106 30 17 98 131 66 120 169 176 84 102 82 118 135 60 4 160 117 164 174 195 35 79 51 80 191 172 30 121 195 185 71 125 63 178 81 51 198 53 115 78 14 105 18 15 187 198 180 16 98 188 75 40 20 178 200 174 9 22 134 33 55 33 118 154 62 57 150 37 84 167 27 168 45 110 156 188 
49 6 53 99 180 88 87 90 47 145 74 195 111 66 104 159 110 126 97 137 57 148 187 178 61 159 175 111 179 98 118 88 198 142 62 24 90 81 143 144 57 38 86 162 143 155 60 177 45 67 8 30 151 42 32 32 146 170 46 70 163 37 151 41 190 148 144 139 90 70 64 140 80 104 17 155 141 125 121 93 175 128 145 199 164 122 40 89 117 17 84 159 144 127 8 61 142 101 77 185 
28 181 158 186 146 52 62 183 109 16 11 173 193 27 57 112 153 76 93 166 103 129 48 147 88 50 128 20 115 92 45 107 183 137 81 190 40 112 135 90 176 190 87 175 114 6 36 100 121 89 103 66 141 93 171 166 88 171 81 83 108 183 136 153 93 108 124 135 146 49 182 184 90 65 96 149 41 17 125 138 177 109 157 33 5 75 9 150 53 200 146 134 47 111 100 111 193 177 46 63 
43 59 184 57 33 77 91 15 44 33 101 111 126 28 38 9 44 9 2 32 199 76 158 73 107 14 153 91 135 136 181 178 58 22 85 110 105 79 79 137 164 49 94 40 44 173 1 77 31 39 53 66 56 78 103 40 133 100 96 27 102 139 122 154 7 141 102 123 50 35 53 179 58 161 148 29 135 75 65 180 199 19 124 173 60 53 34 13 90 19 113 192 69 194 176 157 115 188 187 120 
106 160 198 182 68 148 26 131 3 85 105 112 144 46 199 17 182 176 2 135 58 77 33 135 46 10 125 9 85 56 23 47 75 43 51 23 110 23 88 106 2 169 157 54 111 146 153 28 128 57 5 133 90 150 176 68 174 197 178 57 196 96 109 58 1 25 90 177 1 200 45 34 147 30 66 87 170 131 41 57 127 4 58 174 79 41 143 196 95 192 76 163 36 58 37 96 63 34 106 132 
84 200 14 156 99 131 118 187 9 85 163 161 37 22 48 126 143 183 18 151 182 145 192 21 128 30 133 20 38 18 10 171 117 129 6 102 159 20 172 115 110 193 93 193 3 42 114 152 102 108 158 144 28 166 198 13 93 51 74 39 14 196 50 160 128 74 75 40 142 101 18 69 71 95 72 159 84 106 147 1 182 142 43 52 54 158 87 58 17 49 122 192 189 190 39 24 115 168 14 189 
38 144 2 3 93 140 169 75 86 94 45 33 179 199 148 127 163 106 53 79 167 188 168 129 165 192 93 10 169 115 46 165 11 65 79 181 160 68 28 46 172 35 56 76 141 143 58 33 43 14 186 31 83 74 188 113 47 93 84 14 186 80 143 145 114 29 181 137 37 164 119 104 155 138 90 95 112 95 67 31 52 59 118 71 187 122 66 106 6 119 149 9 180 4 80 34 104 161 139 22 
78 150 138 37 119 57 146 69 21 109 127 13 65 84 51 121 66 144 158 106 118 97 155 19 147 74 35 35 198 191 18 160 179 166 80 142 99 90 187 66 29 77 97 156 138 36 185 136 184 155 37 55 70 183 19 40 41 97 181 67 62 115 158 199 76 61 166 27 177 121 64 24 135 155 134 86 60 105 70 84 125 154 60 98 129 138 130 22 91 192 163 173 93 162 84 56 149 146 52 162 
90 110 154 45 90 170 91 23 97 69 34 86 30 147 115 45 41 152 109 178 129 35 186 129 91 73 128 117 171 107 199 3 155 160 163 83 64 99 89 19 89 25 183 130 36 74 125 81 97 22 200 190 123 45 158 131 136 108 161 10 27 73 163 75 165 24 119 14 57 14 6 35 46 125 168 2 132 33 54 148 140 106 141 108 12 172 83 72 91 78 76 52 147 4 17 7 149 10 18 62 
60 82 149 93 99 63 120 19 94 196 89 46 36 148 197 104 63 145 49 87 124 183 23 19 189 1 46 53 198 122 186 184 25 44 57 160 32 31 122 64 4 34 54 130 60 147 54 63 21 63 55 108 91 117 57 152 108 74 105 26 101 47 34 196 131 145 51 88 33 19 5 161 70 52 178 9 163 13 125 92 14 109 119 10 8 162 195 83 148 103 190 163 147 125 78 107 131 98 101 144 
92 99 124 177 37 193 99 4 74 104 120 174 136 21 166 5 172 181 106 42 191 171 78 139 63 99 200 140 82 127 166 85 133 187 17 148 54 61 134 115 112 28 2 145 89 181 176 77 191 70 16 163 20 28 3 98 47 160 198 73 41 20 43 146 32 4 31 74 60 51 68 28 154 152 144 159 120 99 97 153 4 39 155 99 103 170 167 183 182 49 27 148 71 164 43 34 16 31 70 141 
54 101 30 82 185 105 117 16 163 96 94 24 112 87 177 176 200 30 80 126 86 174 125 142 139 123 75 59 89 50 50 162 69 167 193 43 66 147 92 184 142 130 132 154 43 113 174 18 198 5 139 156 37 141 24 61 15 179 58 171 32 176 96 188 8 15 113 122 34 113 63 186 36 53 116 104 72 57 84 142 154 74 200 131 106 179 102 190 190 170 42 145 9 195 179 72 69 61 134 114 
83 149 79 183 82 113 41 77 50 101 185 111 178 90 4 138 175 111 7 196 77 190 151 58 54 16 43 187 167 28 70 95 88 85 89 136 3 127 77 90 45 81 191 147 54 3 170 66 194 54 24 106 64 10 167 171 35 104 158 183 50 24 11 88 89 7 168 167 170 40 27 156 129 158 91 7 28 137 113 127 62 47 180 106 103 62 157 38 10 57 145 137 168 6 149 19 194 122 177 94 
196 38 64 115 165 118 75 160 37 23 69 92 52 182 144 139 144 137 15 49 186 177 142 159 117 119 88 171 13 110 72 68 188 133 5 171 26 149 133 60 16 156 76 131 70 177 41 84 120 3 44 180 177 120 108 118 121 68 5 198 91 131 17 47 77 84 42 143 82 49 154 128 51 90 124 71 95 63 130 65 191 19 50 161 148 80 140 38 48 116 111 151 140 34 113 163 193 147 39 49 
71 58 137 121 101 40 120 65 50 48 117 115 111 170 121 32 191 157 142 147 78 117 56 37 73 13 116 171 184 34 66 104 58 7 111 117 95 83 125 72 57 76 19 145 21 198 96 33 146 49 45 66 98 182 196 85 117 102 132 134 20 158 7 65 13 157 7 127 77 38 170 51 45 111 66 34 104 27 192 172 159 91 199 8 16 40 106 119 117 194 138 148 189 70 103 150 107 38 15 47 
144 74 200 65 45 105 27 152 118 94 71 189 175 163 5 66 47 92 129 40 96 188 65 155 15 49 183 74 83 146 154 89 166 50 27 127 99 165 44 46 22 138 150 166 6 26 77 24 195 111 41 190 142 130 196 139 111 130 51 18 141 10 174 176 134 179 155 188 55 169 73 146 33 181 2 88 63 114 57 182 14 169 28 91 164 92 162 78 140 76 19 111 16 16 71 200 171 102 65 118 
198 97 78 38 59 30 147 112 129 78 96 168 77 65 179 20 4 174 80 154 120 28 145 135 179 5 153 77 94 160 181 97 117 111 17 184 115 32 168 197 163 71 188 177 112 4 176 52 18 197 117 138 76 100 194 143 122 194 98 123 39 63 184 58 161 66 81 183 147 101 48 62 167 153 185 66 49 172 93 163 16 123 64 102 1 152 29 80 106 61 173 148 150 62 86 110 7 29 136 75 
67 23 13 101 51 133 51 198 35 123 7 38 185 194 68 154 166 46 157 129 160 118 105 181 110 183 26 167 183 94 200 165 103 49 114 79 165 105 40 108 149 88 38 81 166 119 110 160 159 81 101 66 73 97 75 69 123 146 97 199 125 193 5 82 12 49 79 159 105 17 6 89 167 69 117 10 3 171 131 158 1 27 6 111 113 176 159 111 74 101 110 31 49 75 198 191 109 28 102 155 
159 25 52 48 142 180 44 36 83 190 28 5 148 177 165 19 46 69 184 82 77 187 18 153 150 36 70 74 18 30 127 146 21 44 185 53 111 3 83 51 106 90 84 55 186 47 46 84 18 112 174 47 13 19 179 109 183 131 149 29 194 89 92 166 173 158 112 112 139 75 177 86 168 124 164 181 129 195 93 153 46 77 24 1 118 51 169 99 150 200 16 100 172 83 190 147 63 144 129 159 
53 142 147 142 175 200 187 122 60 30 148 70 84 39 130 19 88 32 7 3 47 67 163 49 44 33 107 150 83 77 27 1 173 70 137 59 163 143 154 136 4 116 10 150 37 86 135 14 193 8 96 10 71 193 171 195 105 11 200 151 74 40 177 54 119 46 187 37 150 72 104 113 135 57 74 91 56 87 145 135 142 200 57 196 25 54 172 97 100 5 129 56 133 187 113 79 21 56 37 36 
48 188 80 181 87 25 123 103 80 197 146 152 28 48 41 2 78 5 126 167 115 70 111 137 167 157 50 186 2 198 31 183 111 159 81 45 66 52 16 6 131 116 69 20 30 177 154 58 176 170 8 23 34 105 159 161 32 70 167 88 22 14 66 9 6 38 130 11 55 193 38 86 115 79 34 48 3 102 115 180 182 49 79 173 135 37 187 62 60 74 47 11 75 19 177 47 14 168 46 198 
26 134 27 96 157 155 147 170 162 175 69 197 87 32 194 184 121 200 110 192 76 158 2 170 80 142 174 59 65 27 187 182 11 68 75 118 9 42 153 98 55 22 10 42 191 8 58 17 63 102 163 42 122 136 112 39 18 188 22 189 107 144 114 185 137 127 22 93 60 141 47 11 44 79 83 71 54 85 187 163 198 131 135 68 177 198 6 54 98 155 93 27 19 17 21 123 38 49 61 107 
134 28 75 50 149 178 173 133 90 46 47 98 65 35 126 19 122 6 9 197 198 94 127 31 11 130 161 48 156 120 66 69 76 107 113 30 23 119 71 144 180 62 185 166 23 17 162 136 78 191 96 116 168 23 3 43 132 152 175 132 84 32 162 114 10 58 128 118 35 32 177 11 165 177 113 111 159 185 31 44 196 86 102 39 58 181 15 156 163 90 122 142 183 136 105 42 78 160 29 72 
144 41 107 24 109 23 168 69 70 152 44 36 199 189 100 80 163 139 38 86 61 65 184 121 19 125 79 31 98 184 27 185 115 56 34 13 85 183 183 7 143 99 171 162 28 30 33 56 43 19 4 195 170 109 53 98 157 80 23 180 157 163 127 112 84 168 145 41 138 95 55 165 115 124 166 116 157 79 102 67 141 187 140 178 194 19 6 152 65 89 100 74 67 50 160 165 1 64 53 133 
60 192 42 28 107 76 80 74 196 72 149 103 118 26 21 156 10 57 153 100 78 147 36 41 199 1 4 182 13 63 78 73 188 8 26 115 159 23 102 182 51 140 36 4 22 142 161 61 140 193 84 132 76 94 24 124 135 187 159 145 16 16 61 23 165 160 50 51 131 132 34 174 141 38 190 188 170 147 65 93 113 176 15 116 115 36 168 150 25 88 112 89 172 149 47 14 127 59 77 114 
141 169 188 161 132 157 37 160 71 176 197 74 172 90 64 66 158 135 155 61 180 162 59 9 24 47 99 27 17 68 30 120 13 131 86 50 77 99 165 71 186 118 33 101 191 147 87 20 21 61 69 88 31 25 136 54 1 58 137 2 192 51 120 126 180 137 35 182 52 26 32 83 142 60 89 149 72 50 47 127 68 73 70 52 45 10 77 194 79 190 85 132 51 34 154 98 121 80 90 144 
130 152 200 52 41 91 19 162 115 116 83 129 161 67 63 161 52 170 19 199 36 77 191 61 137 82 181 150 54 136 156 199 108 198 106 95 165 200 6 101 148 124 96 151 1 68 189 167 138 134 39 119 146 144 107 1 58 33 149 91 152 65 14 166 28 103 142 139 28 115 72 197 45 8 149 54 171 39 123 188 37 123 85 141 141 169 34 126 123 112 38 192 184 79 40 78 121 178 107 15 
111 66 79 21 171 3 169 81 152 58 137 63 126 173 103 72 47 71 64 171 97 110 119 8 2 184 74 20 139 61 68 158 199 32 155 163 14 86 182 95 169 15 186 29 111 21 129 123 74 178 100 54 169 41 197 52 30 17 29 163 119 134 14 86 67 32 27 8 66 58 184 32 124 11 88 69 116 72 180 46 142 80 163 76 52 133 100 29 140 174 109 82 125 143 15 81 119 179 94 178 
8 36 162 91 12 153 142 5 28 72 165 185 123 79 195 76 3 19 112 47 75 199 155 88 123 12 130 7 58 57 21 32 68 65 102 122 27 143 56 18 17 143 174 31 177 25 24 67 29 30 95 68 168 194 60 169 118 92 199 124 31 19 97 157 44 88 23 98 34 133 110 27 172 72 104 163 117 192 196 88 200 74 76 91 198 181 36 50 20 166 29 89 84 157 158 164 174 153 73 42 
58 73 41 156 100 38 198 143 145 128 105 98 100 65 115 96 38 187 27 164 112 30 198 29 109 1 43 158 18 68 163 146 95 129 187 102 78 176 65 16 50 37 178 4 34 89 31 77 91 192 103 180 171 155 104 60 101 180 52 160 20 36 13 86 59 170 19 108 119 96 64 103 189 25 105 99 200 19 177 35 120 50 86 88 96 17 53 6 80 80 166 180 162 43 60 145 72 118 187 121 
34 147 174 79 169 132 41 174 191 184 108 30 170 130 124 147 114 182 124 190 185 151 159 37 22 59 167 33 22 47 136 193 11 158 65 97 128 99 1 150 110 67 92 90 32 151 62 29 68 137 156 42 13 47 4 173 51 24 9 134 102 165 51 99 86 87 125 145 169 140 198 58 171 20 151 76 23 66 75 159 81 57 13 153 117 161 32 73 97 97 41 38 90 135 157 26 130 91 95 169 
60 190 114 64 166 78 144 78 170 115 137 8 58 195 111 66 118 194 78 100 19 176 61 122 182 95 46 41 139 12 167 87 71 35 197 61 135 163 155 21 44 107 86 146 49 152 113 54 26 126 49 77 136 200 87 57 16 82 159 46 54 15 43 46 190 131 132 35 60 128 112 22 31 50 106 25 172 195 114 150 177 154 53 163 80 79 145 107 69 141 27 151 90 144 35 183 128 163 182 124 
156 180 130 5 43 81 154 63 122 9 115 16 19 40 71 11 196 127 1 131 101 101 173 50 85 73 104 65 62 5 3 82 8 56 33 40 141 59 3 58 189 140 138 198 11 91 72 109 29 42 5 16 178 198 155 79 11 150 149 161 124 88 151 67 182 154 148 117 187 30 127 125 174 183 130 194 170 33 156 42 106 12 158 183 173 48 148 163 24 92 52 52 186 3 91 34 157 66 183 65 
86 181 166 157 78 115 110 35 67 37 147 146 143 170 167 115 145 50 27 63 81 62 148 128 39 147 44 15 32 60 15 6 99 11 196 45 11 178 49 158 131 99 151 154 187 150 117 180 73 87 163 130 73 90 57 90 31 63 160 112 110 39 24 94 177 149 173 45 155 120 8 21 197 88 130 179 140 106 33 138 124 139 59 48 156 9 166 159 59 151 157 65 116 87 1 30 10 151 30 38 
20 41 125 175 59 160 75 53 46 41 190 119 155 97 47 196 114 1 166 32 15 43 170 1 110 53 96 32 73 20 186 86 88 66 149 56 25 82 78 150 57 132 141 195 117 60 114 121 3 125 18 77 112 137 58 178 38 22 26 87 105 85 194 178 176 41 86 164 184 49 10 161 148 68 82 164 80 165 151 21 29 11 131 39 60 69 191 125 63 140 98 13 10 192 6 154 38 55 147 79 
93 74 153 116 93 19 178 177 74 163 56 31 129 177 110 158 134 129 122 108 145 136 194 140 92 167 160 9 172 152 12 76 71 102 197 163 48 180 188 144 144 128 144 101 183 32 89 82 75 146 122 83 149 39 11 114 183 37 59 132 63 100 12 163 158 84 195 165 154 144 35 143 178 36 108 168 163 37 187 195 13 23 145 37 123 158 119 19 96 8 195 155 65 186 58 51 6 118 139 61 
190 177 158 48 35 105 134 178 66 129 195 133 59 174 109 192 40 123 106 124 120 1 27 199 179 10 137 59 185 3 180 68 196 51 132 186 66 93 53 94 178 135 146 178 33 123 45 151 146 89 171 152 148 92 145 4 24 16 26 136 193 60 65 47 185 45 177 107 159 174 37 139 76 149 155 97 155 46 30 33 155 142 197 14 80 79 129 8 167 33 46 72 143 76 122 185 162 133 138 162 
116 157 113 172 53 192 120 82 156 163 39 189 4 166 98 151 121 109 127 145 104 55 40 83 71 170 158 134 59 193 149 190 30 161 192 48 19 199 145 193 137 165 52 79 133 10 135 110 193 11 150 59 23 18 161 181 82 19 120 12 179 192 17 185 72 156 87 143 99 183 151 174 170 153 106 190 80 54 23 188 151 46 183 88 198 130 27 117 150 114 28 150 57 82 35 72 125 74 162 80 
109 88 119 127 148 98 143 155 105 182 100 67 158 129 33 199 104 73 193 148 71 41 155 189 54 63 65 53 107 173 136 123 40 44 66 158 57 185 149 34 82 175 158 115 95 48 181 71 147 146 113 169 173 79 56 117 171 54 153 103 10 3 52 138 5 5 83 105 178 177 94 149 145 109 187 133 40 124 156 70 102 197 88 9 114 136 200 114 102 4 39 177 108 43 100 181 109 104 84 49 
137 65 67 54 178 96 123 80 142 151 183 10 168 96 134 127 161 193 158 168 84 77 90 80 149 139 139 14 47 200 78 121 86 21 142 10 190 121 109 78 173 121 126 58 124 200 134 58 35 104 168 158 193 117 35 53 148 125 21 7 62 200 173 154 74 34 28 100 116 191 74 51 7 24 8 149 77 48 144 36 160 185 179 40 164 131 111 120 186 19 74 21 180 158 69 84 192 141 12 67 
177 51 149 5 127 197 47 165 153 57 195 35 70 76 174 141 83 184 25 69 77 138 37 42 75 50 9 49 3 9 148 79 67 187 118 47 184 37 185 90 8 28 141 156 171 70 31 194 25 34 153 164 45 49 47 93 191 77 74 30 114 76 140 64 77 101 28 115 168 161 148 60 35 13 42 160 54 149 70 70 166 18 130 104 176 108 153 169 88 9 110 30 145 158 154 115 144 50 52 196 
16 51 99 139 131 16 176 7 149 190 100 188 73 153 3 176 55 68 85 184 165 52 18 8 114 63 58 68 172 80 54 123 181 40 60 51 128 90 74 63 159 14 53 47 77 53 191 183 172 70 60 147 19 100 31 142 116 83 92 48 170 98 40 54 52 185 170 199 92 161 67 7 186 63 135 124 114 39 47 57 30 69 163 88 117 184 140 172 87 114 20 1 104 34 183 182 2 87 88 189 
148 36 20 177 39 189 111 176 137 54 42 143 104 47 20 47 150 149 110 33 72 188 95 186 120 39 179 7 112 141 61 32 120 193 140 131 138 194 157 173 4 140 126 156 80 171 48 32 157 35 136 171 54 106 80 67 124 38 101 21 77 90 172 46 134 120 13 42 153 144 166 159 132 159 41 6 68 43 156 18 25 100 157 185 186 27 20 134 41 10 92 85 180 90 78 108 173 105 200 92 
185 72 105 56 34 95 21 131 105 86 127 177 124 125 62 100 58 26 74 142 134 115 159 14 158 8 89 139 76 143 27 98 194 109 10 186 126 70 119 117 7 189 197 31 187 188 34 198 70 156 137 51 124 194 91 116 143 132 27 143 128 189 129 40 45 151 29 163 87 1 95 166 119 192 91 83 164 156 184 117 153 163 32 126 149 93 157 33 133 110 162 6 17 167 86 23 38 100 199 28 
105 16 30 188 162 164 199 82 158 184 141 53 47 41 165 173 134 71 139 59 47 36 91 75 19 186 196 101 136 69 100 131 115 182 193 121 164 31 33 107 98 72 47 122 31 67 66 98 56 89 168 128 194 132 193 59 180 116 118 160 34 63 59 160 62 184 35 59 169 62 199 143 52 78 161 117 119 122 40 69 37 9 159 68 32 32 98 105 155 91 57 122 138 152 3 85 4 46 99 141 
17 145 130 51 8 7 120 19 200 42 77 123 35 141 97 77 191 137 109 110 104 57 12 131 109 19 132 59 63 94 10 129 94 35 149 10 52 2 17 167 77 18 45 77 11 137 66 57 7 189 16 182 62 107 1 97 138 143 28 125 145 41 155 101 172 121 57 5 126 105 18 184 110 77 70 67 9 179 123 2 31 97 20 43 59 156 182 169 142 82 108 18 60 172 51 158 13 99 38 155 
55 162 194 13 9 92 134 170 151 18 71 37 30 158 97 12 143 178 90 110 48 140 38 51 68 94 8 22 18 131 154 57 17 48 125 182 10 116 15 186 189 69 178 195 169 153 129 56 25 43 122 117 186 27 66 73 13 83 27 174 186 34 113 152 188 151 63 1 198 93 74 22 87 189 167 81 121 172 75 194 83 36 30 160 189 38 4 3 176 178 130 100 70 158 111 177 34 94 39 165 
187 173 58 139 182 17 10 87 142 46 139 37 152 113 142 68 167 169 40 130 136 158 21 3 148 126 112 113 109 83 60 111 185 64 195 114 104 33 23 193 169 44 51 66 31 100 143 83 93 75 34 51 121 11 172 112 78 137 72 91 72 170 148 153 10 7 126 140 162 186 21 8 175 43 56 99 163 118 6 92 113 7 147 136 127 117 54 178 157 47 103 153 164 73 81 146 58 148 185 37 
143 124 49 41 129 187 141 153 27 118 193 44 5 145 167 57 87 195 37 11 153 126 163 29 50 151 188 62 153 39 20 170 142 37 87 125 108 12 145 171 90 16 61 40 44 42 122 197 112 142 35 15 53 108 142 111 68 38 80 60 158 163 181 79 163 69 172 58 184 10 74 24 149 89 133 81 116 165 130 22 49 143 69 168 27 188 13 74 154 18 94 177 12 101 161 49 186 4 92 177 
56 84 83 133 72 158 146 125 67 52 68 53 81 130 48 163 98 145 197 189 178 3 139 141 141 74 30 29 85 142 30 104 77 117 93 188 195 164 14 137 123 165 30 27 86 61 23 199 105 156 38 30 169 168 190 155 107 121 181 93 144 159 119 91 2 167 106 148 158 10 113 80 92 112 31 74 134 52 140 127 190 43 88 141 107 57 2 140 173 162 34 175 117 144 185 1 24 60 83 76 
51 97 31 72 101 185 27 8 166 12 140 125 38 35 109 28 117 133 120 190 31 38 92 185 69 3 105 156 109 40 60 71 1 38 86 192 193 193 70 70 182 93 65 184 172 143 164 125 135 76 42 146 192 169 198 181 45 176 13 167 107 182 107 104 33 91 72 62 122 148 126 107 111 14 64 184 8 40 92 141 79 186 131 187 48 89 25 179 21 177 45 132 99 124 11 190 35 12 164 200 
97 180 152 2 156 17 164 64 15 17 73 119 176 114 4 193 51 40 55 170 135 50 123 183 128 23 70 5 124 173 99 88 102 92 33 97 38 126 56 6 149 199 162 50 92 32 31 186 43 105 134 14 147 76 138 164 110 36 24 196 89 63 20 72 165 44 189 42 148 99 41 167 178 158 66 192 105 143 84 117 161 167 43 187 9 3 22 173 169 161 157 89 111 8 65 59 154 182 193 46 
176 132 154 169 50 145 91 129 106 108 39 187 6 179 121 91 9 119 6 31 75 32 74 86 113 72 35 172 27 3 149 93 106 156 43 68 195 92 184 97 139 112 122 66 135 131 65 100 159 10 163 94 135 132 96 100 110 131 64 188 16 189 200 172 12 91 98 103 46 45 46 174 137 82 121 132 137 38 129 62 1 54 191 93 67 134 81 36 16 121 85 163 94 78 35 66 60 154 38 172 
26 111 20 27 141 171 166 139 70 91 52 36 16 64 21 46 121 86 177 77 83 105 96 47 113 186 195 43 64 39 192 97 171 25 78 111 14 135 94 124 169 144 73 43 181 113 102 124 64 80 126 77 149 170 163 11 81 61 127 30 18 148 178 131 23 165 184 84 191 75 53 184 167 84 142 188 45 116 158 21 133 49 9 45 122 175 139 47 89 118 163 161 132 125 109 142 163 140 98 42 
80 82 73 139 122 99 40 163 197 177 20 43 129 145 152 143 191 45 193 90 67 169 130 61 8 165 136 121 51 60 132 48 194 42 117 106 33 190 109 151 82 153 118 106 46 154 171 191 141 26 148 196 88 142 96 38 90 37 29 14 170 187 146 141 128 144 45 151 133 14 185 115 115 192 66 140 186 182 125 13 126 10 44 28 37 174 62 188 51 148 74 117 131 67 87 4 191 198 13 131 
190 198 197 159 49 80 39 193 60 121 9 24 168 48 108 109 183 86 139 50 192 8 49 132 153 184 186 19 50 14 154 35 82 124 133 154 171 45 115 12 30 32 198 8 191 92 118 192 127 52 129 133 135 185 75 143 162 96 164 152 29 14 111 3 119 120 46 41 195 73 123 102 5 38 82 106 54 84 198 157 77 188 104 163 29 138 33 119 75 93 18 64 197 34 86 9 59 79 42 57 
158 19 110 160 10 3 90 58 95 176 161 140 190 170 138 19 173 196 48 156 195 18 74 10 120 198 157 174 187 8 196 37 85 93 190 99 136 152 185 135 122 13 110 184 49 69 156 39 75 170 40 123 20 47 123 98 113 131 165 138 151 133 74 157 27 98 187 97 25 38 165 16 3 51 93 1 186 157 91 92 176 133 135 113 167 133 198 21 171 157 125 44 194 109 100 123 101 73 94 52 
160 63 76 4 187 164 127 189 145 130 134 128 85 168 12 139 63 4 96 125 151 93 156 62 190 154 149 189 34 68 114 198 182 139 72 176 28 29 139 108 110 101 156 193 176 119 87 159 95 171 60 92 91 14 20 60 81 9 134 65 44 106 17 112 11 115 109 54 103 88 144 35 84 95 22 119 17 108 149 142 109 36 148 69 76 163 46 11 5 151 29 40 73 9 75 150 158 27 4 6 
123 71 44 177 59 125 168 61 134 100 116 48 59 73 106 47 29 188 23 91 157 3 2 9 175 62 39 51 148 85 158 9 110 6 187 178 174 132 95 43 110 69 43 156 80 163 92 30 166 156 115 68 152 3 59 62 171 178 172 37 90 139 118 64 42 120 16 76 107 88 84 13 89 72 8 136 188 156 90 72 22 107 54 198 14 184 170 48 156 98 28 150 107 169 189 98 98 160 189 128 
18 46 157 73 77 42 162 84 189 4 182 42 161 5 55 64 86 67 46 135 121 135 164 29 119 124 181 150 124 29 145 78 133 104 31 85 50 42 109 83 119 132 106 147 58 135 78 138 174 136 18 51 151 50 17 53 29 23 105 49 103 40 137 20 151 165 96 145 186 11 97 143 76 123 26 6 140 128 1 194 174 21 115 126 46 108 30 93 106 68 103 125 163 10 75 116 83 162 36 128 
7 30 88 15 26 21 71 60 153 197 138 126 11 131 25 36 24 66 164 13 59 79 55 53 91 197 86 166 160 152 6 55 193 80 169 21 59 131 11 86 125 49 71 86 71 119 85 3 109 33 124 141 79 182 71 70 14 160 191 73 129 17 93 153 10 189 29 142 35 122 14 181 60 151 151 101 81 32 186 49 130 56 95 162 147 28 21 71 68 71 77 4 162 17 186 34 150 144 192 185 
4 190 106 102 83 20 158 112 117 19 4 4 1 74 73 166 45 88 139 20 144 148 136 29 22 123 69 89 37 190 35 31 154 189 55 16 130 197 138 85 65 101 106 183 198 128 64 83 95 126 199 45 23 48 45 79 192 188 165 5 174 155 79 118 75 1 78 23 88 60 133 56 36 144 183 21 129 160 94 121 145 6 198 112 90 90 13 68 4 146 147 184 126 100 190 167 138 95 175 74 
112 114 9 89 82 113 85 171 23 132 139 14 173 102 186 52 114 42 139 126 178 162 186 111 17 130 127 143 43 183 181 63 159 141 143 105 188 184 148 91 199 106 88 80 104 52 33 34 156 62 128 173 77 2 151 136 156 121 133 150 162 176 136 174 143 1 132 185 177 73 46 108 4 28 167 151 54 115 140 188 71 112 99 35 147 200 146 86 146 80 190 178 146 136 42 30 69 104 137 16 
138 20 40 5 50 194 164 190 55 67 2 100 17 139 143 199 98 159 83 19 134 137 131 102 141 45 77 44 186 109 190 159 9 53 170 184 26 115 65 40 21 123 102 89 58 170 1 143 186 115 156 138 72 68 20 5 16 132 162 13 106 160 5 6 25 14 169 6 164 15 5 184 127 114 73 170 60 112 123 106 125 141 133 150 70 100 127 26 111 167 95 50 55 151 109 189 34 80 180 36 
168 120 188 158 177 23 5 47 115 68 130 112 196 195 124 119 177 105 14 41 150 61 78 200 192 4 145 165 122 189 159 11 49 145 186 14 185 59 187 135 86 38 170 39 95 168 121 72 20 55 46 164 58 23 57 92 46 36 130 143 187 49 184 4 131 38 121 144 83 137 121 83 124 164 168 83 177 100 134 143 185 159 54 187 122 140 42 42 103 184 5 78 163 175 54 198 186 145 200 175 
155 83 166 200 47 23 129 160 191 114 28 97 7 69 171 102 81 12 55 49 157 21 134 28 69 81 1 28 129 2 69 57 139 49 79 27 82 84 170 136 169 149 82 192 199 144 63 43 200 95 187 161 197 19 16 111 77 180 32 13 23 152 111 58 92 62 55 5 52 4 41 84 171 44 51 155 72 117 41 52 173 28 97 165 9 148 94 19 57 114 154 1 95 40 13 183 36 152 12 66 
122 129 114 170 173 134 31 47 142 193 23 171 62 186 112 11 76 169 129 149 6 34 133 198 53 185 34 168 151 171 189 195 18 43 178 5 84 31 89 71 21 60 86 44 133 125 175 151 124 37 105 18 91 23 104 45 102 181 191 80 60 101 120 148 160 197 118 196 83 83 160 91 59 145 73 36 32 64 177 38 83 53 151 124 83 20 123 131 56 136 170 126 134 57 79 199 151 102 65 122 
62 90 53 109 101 14 4 104 108 185 134 163 195 80 34 129 27 122 54 50 54 12 96 103 183 180 196 139 132 1 25 190 88 154 82 172 139 142 186 1 49 20 197 38 109 30 139 34 114 142 65 178 27 103 77 26 141 67 121 40 2 101 71 59 161 105 197 123 27 3 61 20 77 83 37 174 96 112 6 175 143 5 31 146 35 132 52 17 164 11 92 37 123 147 123 121 90 94 106 132 
28 1 2 90 110 191 123 177 129 181 140 83 58 12 57 170 155 84 161 169 71 185 187 4 133 121 60 21 42 197 123 113 149 79 17 45 13 184 9 156 97 140 141 167 121 80 139 43 46 176 112 129 154 107 61 45 121 4 183 12 23 141 112 167 9 13 73 127 71 97 29 136 199 86 64 46 49 67 129 175 168 157 129 18 197 26 89 8 133 113 10 146 194 19 33 63 34 81 199 99 
69 188 46 114 128 160 152 143 183 49 148 75 57 177 23 90 81 171 24 188 95 131 63 42 151 131 57 78 151 154 124 133 102 93 164 116 95 143 91 84 28 159 109 125 193 173 63 67 85 136 187 152 98 169 127 197 89 77 128 173 40 41 32 106 57 23 22 176 29 110 146 185 59 11 50 54 180 55 76 134 11 25 54 8 104 67 178 38 89 30 81 84 174 187 14 188 132 138 154 129 
107 12 51 4 21 118 127 175 107 168 174 137 176 62 194 149 15 51 116 7 41 170 139 167 115 126 154 16 171 109 147 17 126 12 65 101 56 72 8 15 42 136 181 98 101 164 144 162 169 185 20 172 66 97 38 186 86 129 151 137 123 72 174 73 159 192 92 168 110 46 41 126 118 79 159 29 19 6 170 180 114 72 46 88 170 71 139 131 52 136 85 151 117 192 70 93 103 21 10 164 
51 122 127 155 137 103 61 102 91 122 47 99 22 65 17 185 48 113 156 162 22 103 144 68 141 19 106 1 155 20 188 50 144 29 69 138 48 187 19 99 71 66 173 140 111 156 172 79 53 157 126 27 101 124 184 199 49 121 159 30 19 139 98 161 200 55 182 43 62 185 185 124 80 195 198 101 105 69 2 50 34 27 116 170 98 181 118 83 102 2 7 116 20 18 133 115 70 82 50 127 
154 65 81 179 116 172 79 166 25 200 79 2 63 155 7 123 197 123 91 105 116 116 90 96 27 42 149 155 150 50 8 10 130 55 17 30 187 95 86 129 82 89 134 123 146 187 190 133 102 97 164 64 137 106 26 16 120 167 143 157 186 153 24 90 132 89 42 197 149 60 104 86 129 149 70 138 84 33 134 45 51 33 58 29 170 178 175 47 137 152 15 176 38 62 51 141 165 94 190 69 
12 171 68 180 56 180 139 177 84 82 164 198 15 184 112 121 192 104 134 6 60 200 117 106 83 23 53 61 156 96 6 12 88 31 179 190 142 145 47 18 154 134 31 171 68 20 144 137 5 132 57 73 61 30 75 26 181 65 37 89 59 105 182 4 130 51 152 55 49 142 68 168 93 94 18 116 176 152 12 25 138 191 155 180 181 171 162 41 160 2 51 157 152 96 22 18 109 159 141 60 
