100 2
0
2
1 55 62 303
2 119 191 501
3 276 185 1756
4 374 15 404
5 1005 114 1233
6 1183 76 1335
7 1217 118 1453
8 1253 50 1353
9 1751 128 1495
10 1757 51 1859
11 1797 179 2155
12 1856 116 2320
13 2216 127 2470
14 2726 143 3584
15 2738 50 3038
16 2816 23 2908
17 3088 84 3256
18 3343 20 3303
19 3446 15 3416
20 3860 165 3530
21 3903 28 3903
22 4336 100 4936
23 4446 65 4576
24 4451 11 4429
25 4811 30 5051
26 4915 157 5229
27 5169 89 4991
28 5197 74 5049
29 5247 40 5487
30 5336 156 5024
31 5342 81 5180
32 5472 179 5472
33 5588 182 7044
34 5691 129 5691
35 5722 87 5896
36 5991 12 6063
37 6034 25 6134
38 6290 170 6970
39 6566 43 6824
40 6633 101 7037
41 6651 105 7281
42 6671 193 6285
43 6686 63 6938
44 6771 33 6969
45 6832 85 7172
46 7099 32 7355
47 7121 134 7389
48 7163 193 7163
49 7591 120 8551
50 7640 173 7640
51 7952 16 8016
52 8342 136 8342
53 8569 52 8985
54 8686 55 9016
55 8896 106 9108
56 9139 179 9497
57 9290 22 9290
58 9322 139 9044
59 9608 162 9932
60 9688 103 9894
61 9806 56 9694
62 9865 169 10541
63 10031 17 10167
64 10367 185 11107
65 10466 145 11336
66 10475 140 10755
67 10642 103 11260
68 10896 139 10618
69 10900 74 10752
70 11396 171 11054
71 11410 81 11734
72 11478 163 11152
73 11673 88 12025
74 11801 52 12113
75 11957 3 11969
76 12194 8 12210
77 12239 83 12737
78 12290 5 12280
79 12332 99 12530
80 12716 117 12716
81 12938 135 13208
82 12959 103 13165
83 13897 44 13809
84 13949 198 15533
85 14430 29 14662
86 15010 25 15060
87 15371 120 15131
88 15740 138 16292
89 15804 68 15804
90 15945 66 16209
91 16095 12 16071
92 16511 28 16623
93 16564 198 16564
94 17144 17 17110
95 17180 21 17180
96 17372 133 17904
97 17660 140 17660
98 17957 13 17983
99 17958 75 18258
100 18000 35 18070
4 103 40 48 120 49 187 143 100 128 27 82 133 145 31 16 143 175 180 84 181 197 32 137 72 119 82 118 66 71 161 124 28 166 121 31 186 196 193 131 73 40 17 64 18 9 136 62 128 173 106 25 106 46 194 105 176 112 32 29 57 59 199 27 79 25 63 18 159 192 148 136 138 190 32 78 96 86 186 121 85 164 117 106 96 5 28 99 124 78 159 98 174 145 164 15 170 165 56 98 
56 53 104 71 152 74 107 3 11 141 84 139 142 111 194 145 185 54 156 162 99 150 96 80 73 48 187 136 48 133 41 120 111 96 170 19 23 193 114 51 139 134 169 162 37 183 140 174 106 160 199 114 181 148 167 27 50 188 113 5 193 35 132 139 147 170 31 105 48 78 160 102 70 198 200 88 119 11 6 63 47 101 183 173 40 92 56 136 57 31 37 138 77 30 6 173 147 145 135 38 
168 128 48 189 56 192 61 12 3 5 30 107 45 88 94 90 108 89 70 38 43 21 6 182 52 95 141 183 35 134 36 149 118 188 111 77 22 24 27 132 70 5 89 115 192 2 120 9 138 158 187 155 90 133 200 125 130 191 130 79 80 149 48 41 149 175 160 155 80 125 21 80 21 142 120 42 81 122 97 65 62 185 30 51 88 191 1 196 160 105 17 87 9 119 65 165 17 139 188 190 
49 162 106 53 71 38 113 193 92 135 46 37 16 4 126 106 97 139 48 1 122 145 18 137 23 155 88 184 13 69 98 22 101 21 63 93 29 59 189 49 31 165 92 113 23 102 86 10 168 174 13 124 47 75 172 120 10 132 37 47 105 114 192 69 189 190 194 3 152 52 41 125 4 77 37 68 146 34 188 39 1 108 107 1 125 200 161 199 51 129 5 33 9 156 126 25 142 115 200 84 
167 191 200 111 175 93 35 34 30 154 45 74 46 147 43 32 44 134 77 16 28 124 47 177 114 37 79 58 199 2 66 10 119 110 48 106 163 117 24 12 120 45 5 115 127 68 81 163 187 89 20 174 111 20 139 129 103 75 26 159 8 142 200 72 121 88 164 123 172 74 192 91 151 52 17 108 152 140 6 24 30 105 37 7 114 15 136 17 26 112 109 145 111 135 190 196 39 102 14 149 
92 132 122 114 181 135 143 80 145 85 8 20 44 101 117 7 125 18 75 176 132 176 183 36 175 122 155 135 180 197 43 80 130 104 56 4 183 22 138 119 166 85 50 29 126 108 194 155 115 182 50 131 194 186 12 178 102 83 139 112 186 103 105 131 64 195 192 69 90 42 147 60 45 29 123 142 127 83 117 72 82 85 110 7 128 53 80 29 42 26 152 195 126 153 144 57 125 14 140 99 
35 199 5 115 162 195 20 137 132 35 70 168 83 131 174 185 43 113 191 64 155 15 11 100 119 3 21 42 30 154 129 36 122 22 188 5 24 103 80 64 176 57 43 35 139 106 84 121 13 176 69 45 87 191 9 30 104 150 103 150 156 17 161 36 163 149 86 196 133 158 181 63 94 159 122 188 132 108 47 199 25 115 178 149 102 139 56 147 119 192 145 191 67 23 196 9 132 123 132 188 
196 32 145 168 24 109 96 112 34 129 161 78 164 105 139 114 139 176 85 84 119 1 38 46 67 95 197 89 166 162 81 187 3 111 157 144 12 43 94 4 191 116 111 65 176 58 146 91 198 10 138 113 199 82 51 105 169 81 21 88 129 87 122 82 130 195 132 125 10 55 169 45 106 155 174 197 51 110 81 168 58 33 113 144 200 97 84 148 134 199 66 21 29 21 76 39 69 97 70 125 
130 32 6 195 140 121 142 84 28 123 144 119 4 80 143 167 41 47 143 120 137 93 52 159 151 70 88 9 133 184 178 145 187 18 153 148 185 16 193 118 59 78 5 191 144 58 69 22 16 173 134 35 77 1 199 105 155 101 39 52 83 98 13 90 124 188 133 24 98 56 139 1 72 104 6 135 146 86 157 195 168 32 64 178 58 83 51 27 194 103 40 182 58 175 112 105 27 51 56 126 
96 138 80 185 181 73 90 84 194 141 143 98 59 167 37 9 185 88 10 36 109 58 142 95 72 71 18 40 135 98 129 142 83 70 167 64 156 67 20 102 161 111 30 122 4 110 133 1 146 20 8 128 79 125 40 93 11 157 193 178 111 30 16 133 200 26 195 47 30 149 128 172 200 145 95 199 55 122 41 7 118 195 6 136 121 106 165 134 191 103 2 3 108 43 96 77 130 162 35 170 
16 30 100 90 54 55 162 113 158 140 22 100 172 91 14 49 18 192 163 121 129 148 89 27 149 188 195 137 192 163 175 168 18 67 76 177 11 100 117 115 49 21 122 54 99 163 140 161 133 30 99 85 49 103 134 120 163 75 45 180 69 21 27 102 50 6 110 127 38 88 174 175 145 152 48 11 57 103 10 155 137 96 6 126 126 83 75 181 44 132 12 130 159 45 171 172 189 11 126 193 
10 160 60 119 76 34 200 92 188 111 109 103 72 93 71 78 96 39 134 68 43 31 31 14 7 80 57 176 31 123 9 36 165 164 151 177 76 92 100 138 61 147 161 84 191 145 197 166 95 53 95 152 1 192 34 157 35 26 1 76 95 48 124 186 54 135 63 152 93 60 130 104 118 169 28 51 121 45 42 88 134 161 13 45 149 145 50 159 49 96 159 93 197 178 50 110 58 131 136 94 
71 167 60 131 161 161 4 116 18 179 102 14 77 81 43 192 4 180 106 73 141 60 76 91 160 39 160 46 175 169 101 164 117 138 156 179 51 62 158 130 59 24 132 76 47 78 20 122 26 67 191 114 163 190 98 47 32 96 42 11 107 66 194 140 181 118 170 179 120 9 116 44 188 180 137 67 20 143 166 170 119 63 154 155 111 160 63 85 6 164 119 162 185 1 60 78 149 108 174 33 
23 6 99 23 178 40 174 114 67 40 186 117 193 84 53 94 195 10 92 53 139 159 80 198 39 37 149 131 115 122 83 77 9 97 24 78 80 13 60 99 113 76 151 120 144 27 135 73 139 193 129 36 140 53 61 177 101 94 1 12 49 118 53 104 45 179 146 103 11 110 33 119 169 89 76 27 164 190 176 69 103 105 139 140 126 69 198 185 125 197 138 193 67 8 37 103 119 21 181 24 
199 13 19 52 15 23 96 115 140 192 104 165 183 52 23 94 192 133 47 175 50 124 119 37 17 19 65 133 116 199 27 63 44 83 58 133 127 183 119 84 177 34 16 58 178 187 61 185 45 43 141 162 144 128 61 193 116 73 42 52 35 118 112 58 198 165 45 75 85 32 135 191 199 89 181 55 66 7 76 104 71 63 160 160 62 176 173 163 60 106 26 100 6 174 8 197 20 109 29 134 
193 143 174 185 108 193 174 71 52 30 93 54 159 130 167 110 191 8 61 28 111 3 69 163 129 200 64 73 43 131 58 142 36 169 180 128 99 166 145 39 33 50 103 162 53 145 148 138 86 97 145 167 50 65 189 20 31 165 191 72 54 160 86 55 154 112 123 83 183 128 133 145 1 41 181 185 66 3 137 35 46 115 14 114 148 181 199 107 85 182 196 17 55 36 100 146 174 175 192 76 
154 144 12 190 100 163 89 118 98 191 141 191 191 103 34 91 62 106 183 110 192 153 99 111 199 9 17 156 172 69 166 159 111 33 58 118 22 155 109 81 28 114 129 112 161 158 169 177 85 39 3 176 156 135 195 108 117 107 94 4 47 136 83 106 76 145 188 104 141 119 155 126 119 105 14 11 101 165 187 11 107 99 49 51 36 106 185 89 132 73 56 23 24 90 138 55 197 70 59 99 
93 74 104 26 81 96 74 165 182 111 115 22 92 150 31 188 153 132 114 132 4 46 59 159 59 78 53 132 85 98 137 82 82 178 109 41 69 81 157 34 169 116 39 194 94 147 103 79 80 18 180 35 9 193 117 121 146 87 130 86 44 166 163 35 170 184 35 74 51 179 177 2 155 106 184 173 180 133 36 1 132 69 70 129 28 199 115 76 174 80 43 40 153 112 183 97 130 139 44 191 
48 172 68 144 192 33 67 2 159 200 101 146 91 193 133 25 153 39 71 4 78 105 111 41 102 162 19 169 166 173 196 15 174 64 44 198 5 164 86 8 19 14 190 154 88 76 110 114 45 94 186 133 55 161 163 103 196 135 39 140 4 3 41 61 130 175 120 69 94 105 75 11 150 174 98 143 82 194 74 13 65 51 57 195 184 67 129 59 159 68 154 183 9 14 193 19 132 160 127 147 
85 45 115 194 126 117 79 88 158 71 71 8 76 103 58 156 164 122 16 104 104 103 118 49 114 15 20 90 72 69 15 91 197 27 103 74 100 91 36 156 164 98 86 125 185 63 162 17 49 30 2 75 162 6 73 197 157 35 71 164 105 92 192 102 195 26 48 45 18 68 153 158 83 83 62 10 109 181 97 141 105 104 190 187 108 4 54 166 143 25 159 132 59 143 3 98 140 136 70 91 
43 70 45 122 117 6 85 144 45 32 182 86 192 178 135 132 116 17 35 196 163 30 93 32 107 119 150 103 196 158 93 136 169 87 93 61 13 91 44 158 108 197 148 112 113 135 40 103 94 122 144 93 27 159 61 40 47 85 186 42 54 184 70 194 158 72 126 53 43 147 196 175 54 190 156 44 198 97 48 177 146 40 138 1 86 153 9 77 41 46 199 173 138 145 166 45 104 148 139 3 
157 37 178 53 136 120 141 10 138 34 106 13 155 113 113 127 98 113 80 198 42 182 146 137 75 61 154 67 185 172 40 53 59 84 123 15 101 141 83 11 3 110 89 152 80 79 11 75 67 85 18 106 176 123 81 59 166 172 22 91 183 93 182 198 108 19 15 14 53 9 167 104 19 11 120 151 71 112 27 52 37 25 74 34 122 99 158 102 118 66 46 198 75 157 148 169 70 24 38 12 
130 185 77 56 190 178 143 135 128 174 34 173 75 198 126 137 118 39 151 36 174 53 47 166 11 118 146 178 154 160 47 27 124 124 35 179 199 90 150 33 39 69 174 195 195 36 4 160 1 165 115 115 129 118 200 104 23 56 75 145 173 65 104 54 199 185 162 111 189 177 151 1 61 172 162 137 185 4 35 144 193 189 74 103 138 100 72 47 190 13 190 156 71 52 18 65 6 130 125 131 
16 160 120 67 182 27 144 73 126 186 101 11 49 37 82 185 88 31 170 30 48 72 114 91 50 30 5 73 7 59 83 34 76 157 27 10 3 152 180 167 138 10 143 35 109 174 51 114 135 80 9 10 158 3 130 9 122 169 180 53 50 48 103 199 31 54 76 61 136 177 139 110 170 87 109 98 180 64 159 173 177 95 19 158 185 69 197 91 190 167 62 123 135 156 181 118 120 103 162 92 
198 41 166 171 143 167 156 133 49 170 6 22 48 99 187 172 156 92 139 198 140 144 108 3 182 139 173 142 167 36 146 154 198 15 190 19 133 120 74 193 137 158 149 45 30 57 51 117 79 118 106 95 50 170 165 166 82 187 50 118 146 126 166 109 165 149 63 78 198 90 137 195 101 8 136 66 184 50 194 173 34 192 6 53 9 69 119 171 72 54 163 178 14 109 132 166 129 132 170 117 
54 197 177 32 110 18 28 88 44 192 24 153 137 193 6 91 120 72 114 24 132 26 196 42 133 158 69 21 75 32 23 113 30 52 126 191 199 35 116 178 2 2 106 197 98 122 157 184 36 161 116 10 116 168 195 23 149 97 58 124 43 103 178 177 78 53 24 196 23 137 113 36 186 53 197 183 179 130 110 51 64 65 104 42 53 176 14 188 49 180 159 141 125 197 193 178 84 153 1 148 
112 191 52 151 46 10 106 140 29 125 147 118 96 27 151 194 126 158 88 80 74 52 57 147 12 122 44 13 120 160 110 29 17 63 107 71 102 150 128 94 12 28 198 178 100 188 101 192 66 2 115 18 148 165 171 155 2 61 104 16 178 119 26 116 53 177 175 84 174 172 71 109 172 187 67 84 33 69 156 173 41 63 122 91 135 146 30 116 13 103 147 13 174 131 123 31 146 157 82 113 
37 180 131 145 197 122 96 142 31 137 107 82 127 150 101 136 158 36 187 188 70 79 113 150 26 140 2 184 31 11 152 17 137 90 72 56 15 158 189 155 56 130 149 129 41 7 43 152 51 155 183 145 69 127 85 21 135 170 179 49 39 78 192 16 162 104 159 191 200 92 86 118 64 5 191 93 154 86 84 84 106 94 179 200 43 58 161 133 24 28 27 17 68 117 122 67 107 15 20 89 
22 171 159 102 91 18 42 174 103 200 58 109 131 172 160 119 3 168 83 37 13 90 17 131 101 1 53 118 162 98 71 81 35 191 185 133 163 65 122 36 11 193 31 125 46 146 193 64 190 48 100 8 185 83 171 6 200 29 115 197 120 94 104 98 22 178 200 131 90 138 68 182 48 169 111 146 113 99 10 7 34 47 103 2 61 157 198 130 159 191 144 74 130 145 119 14 50 54 12 167 
149 144 141 96 152 38 93 193 93 50 150 107 103 4 104 28 138 58 99 117 119 68 85 19 135 60 111 146 20 160 189 23 28 131 78 149 57 26 107 110 196 31 184 152 42 60 198 194 41 58 198 190 123 184 151 64 58 177 89 191 173 110 174 121 47 192 62 191 99 145 165 50 154 190 193 17 195 91 10 126 132 32 118 160 193 3 16 115 41 2 178 117 199 177 128 24 180 71 50 94 
174 164 82 177 2 42 152 26 196 189 113 168 160 162 69 155 159 44 59 157 24 40 29 74 176 146 195 43 94 74 196 139 91 40 64 164 194 160 78 71 181 168 79 52 68 189 87 172 86 61 15 81 37 85 111 25 137 50 122 116 26 163 52 133 29 172 99 67 161 135 122 24 143 38 166 155 64 181 30 97 164 13 95 191 117 144 75 183 122 4 132 179 87 161 97 59 26 185 116 97 
14 200 96 149 155 54 69 101 191 163 94 111 17 185 38 120 42 104 184 71 71 193 165 19 5 83 171 189 189 45 38 20 44 61 92 95 97 104 122 194 87 175 68 71 189 30 116 143 49 184 8 134 2 31 61 114 170 188 92 148 160 102 87 173 29 70 161 46 106 74 70 129 93 58 27 194 154 98 16 79 179 123 132 158 186 40 9 67 96 37 107 155 70 55 96 103 167 27 103 64 
75 172 90 66 151 102 93 200 65 86 169 194 200 70 20 80 193 47 132 123 96 155 150 99 197 85 35 127 191 58 33 35 48 153 175 74 118 42 94 36 89 180 140 195 188 7 78 27 50 29 51 151 122 99 68 102 50 157 184 29 96 53 71 52 21 37 86 37 141 22 85 168 42 134 105 63 200 28 142 96 53 36 40 103 86 192 172 179 122 82 87 188 199 105 160 194 94 113 194 78 
180 77 31 21 13 104 139 177 29 197 29 159 188 136 68 73 159 173 13 92 111 151 179 128 77 117 28 192 94 195 199 194 126 121 169 55 122 165 31 11 155 154 182 31 39 156 9 20 15 76 16 192 147 96 45 92 184 47 93 53 174 104 120 79 133 32 62 12 11 143 87 180 139 162 123 137 187 175 25 109 188 65 146 161 36 64 107 200 77 106 129 24 158 136 145 45 30 17 173 116 
21 56 21 24 63 6 173 129 94 165 17 154 158 29 137 192 37 16 69 176 124 30 20 174 177 72 181 140 12 12 60 14 55 192 133 124 195 147 181 49 109 109 199 93 76 131 102 125 138 92 146 16 140 70 93 153 45 175 145 151 196 194 131 131 150 58 66 93 42 35 145 107 158 15 121 43 87 47 10 99 181 92 24 36 162 29 94 17 177 196 169 2 179 96 56 31 28 200 19 157 
132 20 136 132 153 73 170 11 163 131 196 146 28 44 7 130 93 98 41 156 158 196 93 26 125 157 187 198 34 22 65 124 70 126 82 130 141 29 32 1 123 57 10 192 46 163 111 42 43 16 70 158 141 45 19 79 128 165 107 88 27 134 40 192 175 111 133 179 13 120 143 166 97 34 31 13 174 164 124 162 29 100 149 77 81 10 154 120 83 18 64 113 122 176 7 4 66 187 110 48 
167 38 152 69 88 5 67 150 151 159 126 118 128 97 88 85 115 92 123 11 128 13 188 19 11 102 43 10 200 158 73 17 133 95 139 36 192 106 43 8 58 142 22 56 116 81 9 90 192 34 31 3 160 73 130 40 161 79 194 105 40 197 195 149 180 57 30 87 91 5 138 25 30 11 41 22 11 88 15 97 58 111 169 25 74 121 25 24 47 58 85 119 161 181 153 184 22 67 111 65 
23 181 196 79 27 175 26 18 183 37 162 32 111 51 145 164 66 107 107 146 180 35 65 75 71 166 156 52 154 155 133 117 24 132 185 151 106 117 150 42 172 29 79 20 137 142 185 149 94 55 7 71 195 175 7 12 1 13 63 70 184 166 83 28 150 159 130 90 174 114 27 31 136 120 117 149 34 119 16 160 54 54 73 137 189 151 164 115 89 141 40 180 138 95 139 106 163 26 181 130 
193 190 60 23 170 196 153 188 30 108 99 68 129 170 186 175 99 9 153 178 19 43 57 177 154 150 192 125 108 140 132 176 111 42 71 37 81 60 65 169 130 158 40 114 42 78 182 191 195 34 71 90 125 53 108 70 71 90 162 168 131 118 114 131 102 138 32 168 78 149 155 38 93 61 14 12 58 188 115 116 131 165 95 197 64 80 102 150 162 40 49 139 92 66 132 73 110 117 169 90 
90 69 64 148 187 85 25 48 162 105 157 63 95 62 16 193 151 25 56 81 7 179 100 200 49 1 101 134 63 26 63 142 76 98 108 150 101 25 144 20 90 31 196 34 129 60 161 22 3 91 57 116 23 172 29 176 20 148 21 160 135 193 91 13 40 44 130 28 20 122 26 115 145 103 136 140 188 56 129 179 20 66 49 179 121 13 164 119 44 62 133 176 179 118 183 137 101 171 73 63 
24 123 84 174 137 50 119 26 13 113 172 26 169 146 135 159 150 80 179 120 155 200 163 80 121 117 98 189 164 48 116 111 122 94 89 184 122 161 122 184 18 120 135 189 155 86 128 127 185 185 54 8 108 96 94 125 67 162 199 176 73 124 18 74 122 41 102 162 133 98 36 192 117 143 32 15 200 93 159 186 141 162 103 60 66 82 101 51 108 182 115 79 184 26 146 55 74 22 147 25 
42 176 56 65 144 77 88 85 9 7 191 131 58 195 182 48 83 80 46 192 40 199 164 166 92 194 117 186 35 119 141 43 145 151 41 77 66 24 124 106 7 30 38 185 153 90 47 53 166 109 169 7 49 100 123 65 133 94 149 136 175 123 138 82 143 182 17 131 140 6 153 153 90 180 10 15 131 99 186 82 199 185 102 161 92 172 177 126 86 192 120 194 110 59 182 25 101 25 165 81 
124 88 13 128 81 139 196 136 192 8 176 98 16 87 32 107 106 71 74 115 117 9 42 187 118 168 154 84 186 4 189 35 140 10 116 98 144 195 53 89 65 196 104 102 187 8 94 156 36 53 123 160 37 26 13 112 48 161 86 57 116 6 50 156 87 195 50 9 46 75 63 178 46 145 56 107 47 95 103 134 17 135 171 103 22 65 186 108 47 44 83 114 76 7 136 85 19 136 177 190 
167 3 45 125 53 40 66 19 47 118 159 166 129 72 109 117 144 26 123 17 92 87 41 173 135 7 86 65 187 164 67 16 125 13 162 49 149 28 128 153 191 109 1 151 40 129 7 29 151 188 166 35 152 78 27 89 11 149 172 138 132 1 52 139 94 15 76 176 168 143 2 108 187 52 90 192 32 90 88 40 56 95 146 81 180 116 99 9 100 80 137 45 65 20 194 16 153 166 6 171 
135 17 31 167 125 167 128 29 191 7 191 130 37 51 64 68 160 139 66 93 178 62 31 59 119 42 52 54 66 195 187 38 181 70 192 185 46 50 160 9 172 49 101 106 72 7 7 134 70 30 46 35 180 2 185 115 60 104 6 99 27 192 129 103 192 194 76 4 51 74 64 75 147 34 97 195 80 21 185 23 160 167 195 123 181 73 107 159 152 11 158 136 117 105 177 37 8 129 97 84 
123 14 124 198 118 122 68 69 48 114 8 122 123 91 152 126 171 105 76 79 175 195 51 163 34 164 49 93 145 2 44 22 96 62 182 92 45 185 94 196 180 154 189 196 62 2 144 66 29 99 93 180 29 163 39 92 193 149 115 65 110 95 153 11 10 99 104 124 151 148 54 43 192 65 119 95 177 122 122 82 142 90 104 109 1 107 153 118 150 170 81 81 50 131 104 73 135 128 107 42 
107 89 47 184 178 93 109 172 139 159 102 146 151 78 67 32 199 152 45 149 29 26 82 87 124 54 136 61 1 174 21 39 129 176 113 39 189 159 174 182 180 76 85 57 195 153 194 75 182 36 165 7 132 195 76 8 171 79 36 197 62 137 29 61 20 62 195 145 139 25 166 55 41 45 30 73 112 84 97 146 61 89 136 160 85 108 103 146 28 57 192 109 3 110 117 188 127 37 117 130 
68 94 56 159 12 178 72 172 85 9 105 143 64 161 97 28 156 136 112 18 154 8 56 199 200 131 78 194 7 140 66 167 101 76 130 38 4 136 21 138 140 183 26 12 110 182 66 82 149 30 171 147 27 153 99 125 109 161 145 34 115 105 123 24 122 143 37 54 191 135 173 65 65 64 30 56 75 198 116 43 83 102 14 117 99 180 164 105 91 165 7 100 60 94 40 32 138 105 132 173 
184 17 118 184 146 120 83 120 175 116 41 148 34 185 105 115 59 148 190 114 58 103 68 28 95 31 9 44 125 29 160 15 129 161 1 90 131 60 81 82 122 29 146 104 62 185 124 42 126 101 179 172 82 29 24 181 191 120 4 43 142 183 166 200 179 39 109 131 150 72 72 4 76 119 142 56 16 109 128 38 61 167 200 179 1 153 20 178 53 153 37 147 177 127 136 46 104 73 23 162 
114 173 182 166 52 4 58 98 89 31 59 166 69 160 75 173 171 142 60 140 166 158 82 144 26 121 44 169 65 38 42 106 171 2 135 154 175 96 88 95 188 83 146 85 138 93 90 19 57 68 55 58 82 125 187 76 72 6 164 12 167 199 15 56 160 182 57 4 154 19 108 193 105 160 128 59 191 95 101 179 18 117 182 192 141 138 86 31 200 141 175 132 87 146 97 107 88 62 67 108 
34 105 71 2 131 68 180 115 50 92 39 43 105 85 61 146 108 79 72 77 48 94 138 189 59 187 127 199 55 104 13 28 115 186 154 161 173 199 22 60 15 135 113 135 191 64 187 39 176 118 51 156 142 97 105 47 15 98 161 57 179 176 54 188 180 186 66 63 182 185 79 125 12 44 61 156 108 52 7 91 31 79 36 24 199 17 56 59 151 102 80 87 146 128 183 78 49 21 146 65 
62 97 64 199 163 130 93 199 30 89 136 65 161 26 68 32 106 192 96 100 160 105 32 64 74 6 20 122 135 172 26 165 27 199 151 42 123 189 41 12 174 117 112 77 181 57 92 138 173 178 174 26 109 82 34 159 67 83 189 177 158 183 69 50 198 100 172 175 100 45 87 122 195 53 42 145 198 181 15 49 83 68 80 94 199 177 109 81 164 64 45 74 75 190 172 92 130 69 1 97 
110 15 107 76 169 187 128 33 40 185 149 52 174 21 108 193 70 9 90 132 66 54 18 5 186 20 141 126 153 96 153 113 110 190 170 45 191 31 29 180 61 126 175 80 4 23 5 32 181 194 59 36 156 79 4 100 19 98 101 17 140 126 186 105 167 186 41 148 108 52 24 154 182 45 141 36 143 18 69 161 66 160 29 22 77 117 13 121 75 75 83 76 173 71 57 194 104 118 154 108 
108 142 54 2 70 53 186 1 3 155 89 191 43 196 91 94 1 17 47 196 4 27 52 22 143 156 56 64 195 130 79 62 5 35 3 143 62 89 58 9 28 70 195 173 196 10 169 153 157 168 6 118 139 152 194 132 147 94 109 90 2 177 195 138 163 130 40 129 124 146 32 20 144 22 131 114 70 37 116 87 18 88 198 144 41 18 19 155 154 112 78 101 178 11 141 108 30 155 20 4 
179 136 100 116 26 200 83 48 192 107 149 183 119 160 189 46 113 200 52 25 46 181 81 129 21 74 46 112 60 175 18 113 140 175 5 60 18 63 28 54 5 14 183 141 67 197 45 143 91 141 53 59 106 15 198 97 74 192 81 113 132 162 47 116 175 166 146 191 163 99 156 56 136 7 194 134 40 144 140 96 131 64 143 144 142 170 31 148 1 43 5 16 185 150 21 72 51 26 77 110 
154 71 20 89 23 116 118 72 79 98 54 12 33 188 67 181 168 52 19 29 57 84 187 132 75 44 79 49 73 104 197 61 178 53 101 188 135 113 158 92 184 197 42 182 14 4 150 152 22 93 112 32 20 59 29 36 142 29 168 178 69 183 107 178 190 52 129 83 188 178 1 55 140 102 134 78 44 38 48 175 77 63 107 199 191 197 156 106 158 101 11 50 79 107 188 94 152 42 16 6 
105 15 22 126 125 119 199 124 44 115 189 70 121 190 81 150 25 122 144 143 102 128 174 120 111 44 78 42 190 172 72 126 20 184 136 129 76 99 175 64 172 133 162 26 71 130 179 41 146 95 147 147 46 22 22 145 155 148 135 85 109 13 111 140 147 189 57 69 70 142 125 187 166 21 122 165 92 85 157 183 7 120 185 68 39 133 2 69 148 15 44 63 150 6 17 17 123 114 141 123 
62 21 36 164 148 35 194 187 130 8 56 75 40 180 94 154 27 66 182 60 185 160 8 109 196 105 148 173 106 92 1 178 25 11 44 95 9 111 173 18 58 90 3 199 69 96 83 154 42 186 34 174 177 25 194 6 139 30 105 160 172 50 66 38 173 197 59 113 151 5 152 159 103 151 193 67 76 110 164 61 10 51 98 183 155 72 62 48 152 37 75 161 82 199 42 73 136 28 113 75 
151 130 35 16 24 17 39 168 17 26 73 26 57 136 15 120 158 161 100 70 71 139 117 77 33 154 54 15 177 169 185 150 53 194 117 157 128 178 45 183 126 39 43 165 103 189 39 45 16 3 112 9 177 81 117 104 70 152 9 149 46 158 189 158 37 174 132 84 152 146 111 155 173 105 108 82 127 92 171 75 137 66 188 103 182 36 137 131 44 183 39 90 87 1 96 7 36 60 120 157 
33 148 162 51 78 188 49 98 138 125 59 172 15 93 151 178 63 125 97 59 88 121 80 107 80 150 187 40 199 89 87 110 57 3 150 36 19 13 179 136 78 40 117 30 96 159 110 157 195 55 197 174 39 125 36 167 194 12 119 11 154 7 175 126 52 50 62 91 93 14 138 61 140 89 34 1 160 6 61 156 52 144 124 61 178 15 173 111 113 114 78 134 189 64 177 161 27 3 169 57 
91 90 177 189 58 92 125 141 75 106 104 87 166 118 157 126 112 49 200 76 99 105 133 198 198 112 106 34 34 148 60 85 112 37 164 74 73 94 52 184 54 146 69 34 109 117 101 32 79 75 112 188 4 88 69 93 60 91 154 179 100 162 200 148 92 63 185 48 8 173 56 56 83 185 59 17 180 68 122 138 182 71 93 180 153 102 181 52 47 164 26 34 200 101 4 110 37 3 188 165 
14 98 99 89 33 23 168 130 11 26 92 175 106 199 57 18 163 79 39 190 26 48 200 38 55 26 92 131 154 46 39 189 160 86 136 10 113 117 112 31 85 7 161 76 51 71 12 3 139 84 99 120 100 186 186 23 3 85 125 74 18 27 26 114 72 145 52 56 55 65 169 88 6 90 50 73 50 119 23 94 123 53 23 172 158 13 145 156 152 183 1 105 58 105 67 136 29 152 24 196 
131 48 117 158 162 129 144 88 173 104 60 17 14 122 46 158 78 195 107 79 152 18 106 165 30 198 173 192 139 172 58 26 15 180 181 136 53 83 146 180 172 145 7 94 152 38 74 177 155 42 128 25 74 50 190 116 62 182 58 33 131 162 92 124 69 24 69 188 193 14 123 48 38 51 82 175 126 200 76 34 182 80 73 109 137 178 142 11 75 97 49 65 146 11 140 172 119 41 142 58 
194 39 77 199 192 158 138 80 90 176 56 123 29 137 178 58 189 136 149 79 63 57 164 138 57 54 57 183 91 196 142 144 69 4 196 199 75 12 168 196 22 19 165 52 200 29 77 54 112 165 64 51 197 184 39 56 114 58 94 38 194 199 158 171 133 80 182 28 2 15 96 117 76 65 12 94 112 170 135 122 157 140 62 137 10 65 115 67 177 30 120 169 162 13 121 117 130 129 58 24 
102 131 154 24 190 75 81 147 188 187 141 78 185 152 17 197 43 26 69 105 125 83 142 163 141 175 158 6 149 41 150 82 23 72 175 149 148 100 195 56 82 175 112 139 125 164 122 102 33 48 73 140 159 74 90 11 128 34 186 94 172 51 129 89 119 101 77 114 95 90 103 133 38 14 95 171 163 141 89 36 113 64 70 25 96 147 55 34 13 131 118 135 26 89 7 10 170 25 143 132 
55 102 11 18 138 32 121 67 129 125 185 45 198 40 56 85 140 146 37 23 156 132 35 94 191 40 161 3 113 168 100 61 97 195 105 124 181 46 62 183 190 103 97 170 123 14 194 168 118 132 103 166 118 29 91 159 193 36 109 158 16 142 9 99 195 76 49 128 11 111 19 150 5 141 54 155 191 4 52 21 177 3 23 151 72 30 81 198 47 129 188 124 67 182 185 145 22 95 125 131 
83 75 151 182 3 41 176 161 112 194 2 77 178 103 119 107 33 64 8 66 29 153 109 168 35 177 59 173 169 151 73 141 149 96 121 24 40 79 83 106 159 38 128 141 182 66 196 116 138 59 163 133 67 161 180 140 170 191 57 135 155 64 187 132 42 170 148 159 50 191 150 183 42 28 25 72 104 49 189 110 182 57 71 193 34 88 23 181 152 75 48 189 175 129 200 107 12 78 156 140 
57 41 64 115 51 12 100 108 60 105 177 161 120 133 45 186 163 69 43 66 178 174 17 60 101 163 91 166 5 168 101 26 52 122 187 115 19 191 126 106 15 54 10 104 14 82 123 194 118 128 65 90 127 183 117 113 173 141 100 177 23 129 124 30 140 87 102 69 160 155 98 48 141 38 91 54 38 42 45 142 160 18 166 142 185 193 55 129 1 192 111 30 4 120 199 48 82 142 25 59 
149 122 105 151 121 102 116 79 86 181 35 42 184 4 145 50 18 29 88 179 17 143 107 166 156 157 37 48 155 15 144 190 199 185 179 59 103 139 60 45 27 27 123 189 123 139 150 7 17 49 26 68 186 56 39 145 95 96 170 74 73 120 34 56 114 58 95 62 72 27 169 29 38 90 111 87 64 185 30 62 22 139 21 127 68 135 27 191 93 185 110 49 102 38 47 100 55 118 150 47 
46 27 146 168 59 41 136 99 91 16 117 151 144 140 129 156 76 29 122 109 195 173 127 184 78 53 64 190 73 152 144 54 35 97 141 78 36 131 54 164 136 146 44 75 78 81 35 108 82 67 20 49 46 47 72 7 179 112 151 193 146 63 18 36 172 71 44 143 40 24 119 105 1 121 149 35 185 139 91 161 42 167 45 104 185 21 70 7 119 87 36 144 139 140 178 15 196 129 154 184 
13 160 130 89 76 148 184 131 21 10 119 5 97 169 58 147 39 175 161 45 113 58 129 60 11 120 186 13 159 30 11 140 83 163 23 114 29 45 47 186 45 30 9 141 96 132 28 130 41 83 12 45 64 31 6 176 191 116 114 158 56 142 52 183 119 137 127 72 107 68 72 35 92 187 101 142 28 189 113 109 102 124 45 83 9 88 22 54 120 63 31 139 161 40 198 186 30 64 118 57 
6 110 82 127 107 136 72 55 179 86 160 77 151 182 142 7 38 178 36 170 24 19 178 26 30 3 83 63 120 158 55 183 142 84 192 5 160 195 88 59 36 63 55 32 116 118 151 78 1 35 125 117 71 158 117 82 161 182 200 120 4 32 111 169 108 86 169 46 111 98 176 37 61 124 152 167 83 37 175 19 58 160 178 112 85 153 122 153 129 124 76 45 170 98 60 17 103 176 178 94 
104 88 168 126 119 99 200 57 154 97 52 99 153 89 161 25 9 195 24 57 138 115 126 60 34 113 128 26 178 5 83 56 31 139 187 193 94 176 18 199 17 126 127 137 80 184 135 54 10 143 180 14 164 32 171 113 19 93 44 157 147 130 173 15 70 169 8 64 139 1 70 52 33 125 160 65 35 75 191 157 9 162 38 61 93 58 7 132 70 70 93 18 193 83 194 43 36 192 174 107 
52 174 72 97 48 137 122 36 44 65 181 21 51 176 20 163 183 93 116 107 80 65 72 53 95 126 55 145 161 22 178 20 135 102 112 93 190 88 6 151 158 153 160 181 144 75 11 139 147 31 78 118 129 79 59 27 123 160 20 179 32 24 148 6 145 91 108 95 176 119 46 196 14 16 80 49 14 134 114 111 46 27 21 198 87 188 77 185 199 107 148 132 175 158 188 3 185 85 105 105 
118 152 138 168 11 111 72 158 68 16 117 88 81 152 47 91 37 90 104 174 86 27 157 55 109 26 188 68 142 170 145 190 58 12 40 12 50 199 87 187 81 45 182 47 83 8 102 183 65 3 91 63 35 19 14 92 56 19 1 3 53 75 25 18 152 171 82 11 200 191 122 23 95 84 69 136 146 51 181 35 98 110 126 16 121 97 8 88 194 26 157 95 113 175 174 33 137 83 40 161 
152 37 152 61 123 198 187 196 83 126 51 37 26 35 79 107 178 198 21 167 11 41 29 25 158 106 16 156 31 140 146 196 124 144 93 123 82 180 118 98 127 13 130 9 133 79 18 125 92 60 77 137 28 72 91 33 52 39 177 149 54 134 126 62 97 52 138 49 103 169 142 153 21 19 133 182 28 127 113 89 88 22 169 150 104 166 4 98 86 31 41 172 87 176 30 52 130 41 114 150 
57 150 110 134 120 86 113 161 113 82 186 153 147 170 197 11 162 74 48 65 60 48 118 120 61 100 149 8 33 47 164 110 108 177 183 105 107 21 165 94 98 147 34 106 194 41 108 66 123 114 121 139 155 39 139 104 99 153 20 48 166 128 62 130 35 156 135 136 127 182 167 65 6 197 60 196 71 152 75 156 192 75 50 46 111 148 66 87 27 164 85 21 127 125 90 60 25 83 114 197 
117 105 157 100 176 20 154 132 4 111 62 131 136 164 76 68 113 138 69 61 188 153 138 139 20 195 185 184 17 59 172 181 88 49 24 144 100 76 100 192 33 160 154 187 176 26 96 42 106 182 51 120 178 102 172 96 50 144 18 190 54 55 50 95 7 45 26 81 151 154 176 19 8 19 114 78 81 77 63 156 45 111 11 49 155 156 33 76 153 10 42 141 190 125 84 144 78 68 157 162 
85 1 166 174 186 112 125 13 123 138 58 24 66 82 97 158 168 65 55 62 55 125 118 29 72 172 43 92 121 169 140 175 191 152 82 3 103 7 71 32 120 119 121 159 133 9 17 166 134 27 57 82 46 13 98 20 127 62 74 199 53 187 196 73 74 154 94 86 26 153 103 85 29 144 87 107 148 16 42 61 193 34 194 47 86 144 48 42 157 143 198 196 124 166 33 60 68 86 176 58 
21 180 171 48 123 120 78 59 57 55 64 87 10 154 44 63 54 101 178 8 62 93 59 76 45 117 156 117 111 192 174 128 152 123 182 1 152 17 132 144 95 88 14 46 34 13 94 13 110 56 48 98 42 43 92 36 130 137 26 184 24 149 90 191 130 179 44 180 121 70 147 12 188 89 11 199 52 55 37 31 62 98 31 10 56 101 5 151 152 66 145 194 41 171 7 143 51 165 5 167 
159 152 7 87 166 93 79 171 161 31 130 35 61 89 156 7 111 90 25 74 117 189 144 100 178 111 100 50 86 182 80 160 178 85 164 4 1 197 167 150 190 131 173 150 135 168 59 160 87 38 80 62 98 36 185 109 160 188 100 132 174 180 139 166 169 92 114 171 172 145 168 93 188 1 186 40 191 61 180 82 165 75 110 65 35 198 159 17 174 184 128 173 180 46 129 105 60 145 155 31 
91 149 58 34 72 13 127 44 90 1 191 77 146 126 21 197 36 186 131 70 17 91 118 91 115 94 42 185 75 170 182 42 48 86 144 49 54 40 61 8 31 138 130 83 73 68 135 91 110 187 122 141 78 8 194 29 48 35 56 1 32 7 42 14 119 134 173 146 92 39 100 176 177 89 150 8 190 160 169 106 166 25 191 200 55 118 73 17 140 172 44 153 103 90 197 80 154 33 69 1 
171 28 7 41 198 150 80 47 116 101 63 200 195 65 126 104 41 29 109 51 161 197 48 141 188 153 125 113 69 105 47 194 165 148 2 25 5 85 97 69 117 10 124 63 62 80 163 54 84 58 103 172 89 33 51 8 31 8 49 131 175 121 181 141 89 144 3 166 45 48 30 53 54 8 199 76 11 74 99 182 145 144 85 100 197 87 102 100 184 90 171 126 98 165 6 111 132 185 26 13 
33 86 198 160 83 60 53 6 49 185 171 155 58 125 53 109 47 14 166 154 80 127 91 35 192 50 8 2 49 69 13 175 99 163 104 155 193 32 44 140 66 152 93 126 39 183 109 39 6 150 184 133 187 28 49 9 143 188 37 112 168 55 153 74 145 60 182 30 20 52 127 21 172 80 146 5 142 53 86 124 42 153 145 140 153 46 2 99 123 199 82 75 129 45 40 135 65 128 52 139 
67 103 194 194 133 24 107 43 86 29 8 187 99 195 38 154 56 122 99 127 45 172 105 146 61 148 123 70 81 149 144 119 15 187 142 180 111 161 169 101 39 161 12 66 3 61 32 144 183 116 18 198 137 76 182 70 177 130 27 113 90 8 189 130 24 200 35 159 53 141 136 64 34 15 164 58 100 87 66 83 81 176 52 35 9 197 154 121 22 54 152 178 134 8 109 67 64 6 96 21 
10 97 124 51 172 86 60 185 78 119 134 101 157 141 102 10 40 9 64 158 169 89 161 159 2 130 66 118 9 179 96 96 25 78 15 50 174 162 143 63 194 113 153 155 98 113 15 59 125 56 20 35 102 103 21 31 195 133 14 130 142 93 156 103 118 168 18 42 47 135 110 92 200 146 191 37 152 53 123 194 184 128 143 197 144 69 107 141 48 156 142 189 59 175 27 117 34 90 127 197 
81 82 60 182 46 14 52 75 76 72 194 114 151 129 172 129 149 178 104 36 69 118 124 10 149 19 157 166 58 80 120 17 133 51 45 50 79 34 130 178 32 195 58 104 185 100 164 137 81 10 125 44 62 112 32 37 60 33 185 63 167 199 196 75 84 115 139 3 98 32 156 104 108 111 118 196 63 139 188 200 41 163 95 94 98 158 162 103 36 188 185 31 128 187 19 117 23 73 17 102 
5 14 178 95 39 41 185 71 23 96 139 70 126 139 19 192 28 140 166 25 11 177 129 82 146 32 199 71 129 29 81 76 56 142 134 80 130 153 18 155 47 76 163 147 86 76 166 84 29 167 28 116 162 185 25 54 178 39 98 60 104 185 138 24 102 143 132 190 120 180 72 133 117 96 173 36 71 118 148 7 122 56 197 96 109 165 48 193 129 16 166 183 171 148 180 113 186 81 82 58 
35 46 169 13 155 67 9 165 31 9 73 123 142 198 168 168 51 22 59 63 155 198 117 73 175 107 163 61 142 150 30 67 1 52 93 196 4 187 56 192 134 108 156 194 172 42 4 144 188 156 7 5 46 42 183 154 82 111 88 86 60 192 167 81 26 144 198 133 20 183 182 51 113 80 34 100 46 116 132 119 181 142 93 68 101 148 47 37 108 28 75 100 179 83 25 35 134 185 196 45 
123 58 44 81 10 133 93 43 182 100 138 138 54 61 195 98 147 59 157 165 96 188 196 129 66 69 195 148 71 141 200 126 26 172 193 182 60 71 180 102 126 143 90 76 103 135 76 179 71 9 178 132 119 15 111 197 12 98 92 160 43 199 131 195 94 168 61 112 187 37 2 192 56 200 44 12 142 140 108 163 44 111 181 7 131 173 115 71 187 97 107 16 123 160 144 70 154 88 24 29 
53 110 87 6 84 157 106 85 32 88 25 121 125 171 11 31 186 64 132 185 45 20 53 146 177 103 126 39 98 60 172 72 138 82 6 97 29 181 28 131 82 199 195 131 180 8 100 128 147 80 155 32 9 21 30 130 92 10 113 44 108 51 21 18 112 144 156 26 20 178 61 184 115 158 36 4 22 44 175 93 72 41 46 165 200 29 129 125 7 114 59 94 191 97 130 93 105 150 153 33 
183 34 192 160 189 198 160 121 182 51 111 103 68 34 35 2 89 164 166 120 54 73 92 30 69 159 121 57 130 113 61 1 165 199 88 23 93 166 103 141 55 51 198 75 43 158 41 18 152 90 121 49 182 81 79 104 144 150 15 83 19 76 30 153 54 6 53 135 84 121 99 182 183 5 157 96 96 200 29 106 44 85 133 133 50 34 167 106 113 199 124 69 103 174 137 54 156 37 85 189 
5 59 24 100 4 108 177 123 93 23 59 45 149 193 153 122 84 24 56 31 69 4 90 41 163 50 187 168 62 150 122 45 197 193 49 44 23 120 173 110 88 148 115 174 160 71 18 154 44 90 48 73 96 63 73 196 195 129 113 107 64 188 103 195 13 137 200 8 131 81 188 49 170 101 131 175 36 41 124 108 6 27 70 99 12 18 57 66 196 75 125 51 178 198 185 120 69 119 194 170 
180 17 180 15 173 8 25 38 47 183 9 1 19 35 130 149 74 6 3 3 78 151 155 163 116 61 92 102 174 163 171 59 57 25 52 63 190 128 74 35 3 35 163 104 93 198 4 191 198 56 200 37 68 183 127 75 179 137 142 63 121 137 126 82 6 143 154 153 118 21 54 36 8 131 68 41 148 69 146 30 17 9 164 113 48 70 150 90 43 90 149 195 1 138 15 86 106 179 104 28 
142 58 107 109 121 143 35 169 190 97 33 113 80 17 136 1 48 183 107 149 86 104 6 9 120 159 11 124 143 187 133 171 14 32 99 1 39 30 58 165 142 192 98 182 113 13 5 38 21 145 113 132 177 138 25 77 191 188 43 72 199 122 179 110 183 63 146 85 84 21 130 52 71 16 185 10 115 81 150 178 156 89 170 111 87 185 82 192 32 83 148 89 101 142 142 118 56 189 63 86 
61 56 90 150 59 150 197 26 132 24 191 64 12 95 60 179 152 28 75 20 108 107 9 178 79 186 171 176 19 187 111 200 175 107 1 127 46 195 28 162 119 85 38 2 126 138 127 32 149 150 162 121 113 23 76 84 70 4 181 75 54 130 189 128 77 186 186 5 36 79 99 67 151 92 39 195 188 169 112 18 108 76 155 121 143 131 22 157 68 26 35 67 150 106 66 92 55 20 71 82 
147 145 33 115 141 52 159 40 74 42 77 190 176 146 119 21 113 44 107 130 76 151 118 184 87 27 162 30 32 48 185 175 37 130 104 49 177 53 4 28 188 80 131 173 54 15 64 50 63 139 111 166 109 139 191 101 166 175 160 165 103 99 5 192 179 136 73 157 133 163 64 68 123 146 153 125 1 178 90 15 136 101 181 184 183 25 45 198 110 138 175 161 28 157 73 172 72 77 4 24 
125 141 66 66 101 58 146 144 68 177 115 172 167 108 29 82 152 12 39 150 145 120 80 171 146 61 183 27 172 168 45 29 82 28 93 72 141 141 56 50 119 16 156 92 27 156 17 69 68 165 96 156 189 179 10 127 46 86 199 184 83 18 166 150 5 159 13 137 91 178 45 111 144 130 67 92 52 166 59 13 140 174 42 13 144 87 170 115 22 28 102 174 13 129 61 41 114 97 147 67 
164 112 46 164 14 32 5 140 192 21 136 128 112 196 65 108 153 154 114 33 150 69 119 111 187 121 43 141 110 147 109 133 177 129 61 24 130 197 170 146 159 54 156 67 124 6 137 16 154 41 193 130 26 69 131 42 128 185 156 196 125 151 150 188 87 4 10 75 50 72 42 39 72 164 5 177 173 186 42 134 192 190 58 55 5 162 8 5 23 7 57 63 79 79 11 153 9 140 24 148 
89 199 127 159 85 93 127 74 130 29 119 35 41 62 2 42 77 95 120 24 113 29 20 165 173 198 87 37 169 129 134 15 20 133 19 11 21 181 45 146 26 184 160 40 84 30 123 126 178 183 120 73 147 24 143 180 53 60 23 189 12 160 72 56 139 30 152 49 28 89 157 89 40 1 25 10 25 198 186 24 92 101 104 197 129 37 80 75 3 83 148 16 187 189 41 109 59 22 110 51 
165 139 161 55 168 3 2 167 198 83 98 107 175 92 140 54 158 8 15 126 21 130 98 185 181 171 189 62 4 25 52 119 15 36 113 175 35 52 130 195 167 107 190 66 90 172 47 151 116 139 74 129 86 102 64 150 159 139 38 153 148 73 85 75 199 115 27 105 127 127 134 128 93 32 5 187 86 24 167 168 109 61 113 69 95 165 143 143 103 104 18 87 36 1 166 21 169 122 83 73 
