125 6
0
2
1 93 145 -197
2 270 88 446
3 330 126 834
4 331 65 591
5 385 195 -5
6 404 11 382
7 412 146 1580
8 460 85 1140
9 473 122 961
10 522 11 500
11 577 168 577
12 631 89 631
13 753 68 889
14 790 77 1098
15 816 142 816
16 860 64 988
17 913 169 2265
18 931 74 783
19 932 137 658
20 942 64 814
21 1021 158 705
22 1281 54 1173
23 1284 76 1892
24 1330 123 1822
25 1371 18 1515
26 1397 135 2477
27 1430 85 1600
28 1444 177 1798
29 1500 44 1412
30 1502 102 1706
31 1506 107 1292
32 1591 33 1789
33 1958 72 2102
34 1990 170 1990
35 2015 160 1695
36 2081 103 2081
37 2160 31 2284
38 2292 64 2676
39 2323 93 3067
40 2356 81 2680
41 2359 68 2359
42 2406 3 2430
43 2413 173 3105
44 2453 189 2075
45 2464 75 2614
46 2558 160 3838
47 2570 164 2242
48 2591 192 2207
49 2604 103 2604
50 2670 77 3286
51 2675 185 3415
52 2722 83 3220
53 2727 53 3045
54 2921 89 3633
55 3031 29 3263
56 3070 154 3686
57 3200 148 4384
58 3211 160 3531
59 3306 138 4134
60 3429 122 4161
61 3508 169 3508
62 3559 158 3875
63 3571 122 3815
64 3736 72 3592
65 3740 90 4460
66 3769 56 4105
67 3772 13 3798
68 4014 175 4364
69 4057 172 3713
70 4059 95 4249
71 4075 120 4315
72 4120 14 4092
73 4162 118 4398
74 4189 63 4063
75 4234 195 5014
76 4290 191 4290
77 4292 84 4796
78 4316 185 4316
79 4317 27 4479
80 4427 78 4271
81 4560 155 5800
82 4572 118 4336
83 4650 12 4626
84 4660 190 5420
85 4696 105 4696
86 4697 165 5357
87 4778 156 4778
88 4806 70 5226
89 4881 59 4999
90 4923 170 5263
91 4988 193 6532
92 5103 86 5103
93 5163 179 4805
94 5282 157 5596
95 5500 182 5136
96 5581 57 5695
97 5668 111 5890
98 5674 12 5770
99 5697 80 6017
100 6024 139 6024
101 6091 145 6381
102 6116 91 5934
103 6136 141 6700
104 6138 177 7200
105 6195 18 6231
106 6314 108 6746
107 6324 192 7092
108 6355 67 6489
109 6366 112 7038
110 6368 137 6094
111 6458 146 6458
112 6476 43 6562
113 6609 179 8041
114 6650 82 6486
115 6657 158 7605
116 6697 20 6697
117 6908 6 6908
118 6947 9 6947
119 6987 111 7653
120 7134 41 7216
121 7155 12 7131
122 7231 76 7839
123 7240 132 8032
124 7311 110 7531
125 7396 122 8128
42 23 93 91 111 9 9 177 196 16 99 171 33 73 58 20 133 154 64 171 40 70 176 155 32 39 185 20 189 169 28 10 195 94 37 189 180 40 72 33 91 17 23 178 194 156 170 172 11 75 30 84 117 12 4 72 156 19 145 47 200 84 12 195 5 168 117 131 85 40 152 77 108 127 68 48 15 33 159 189 151 144 59 188 158 108 152 140 153 106 6 58 63 192 121 191 120 88 16 195 97 13 64 60 168 135 180 51 14 81 88 2 109 4 167 174 88 55 64 150 186 148 19 146 182 
126 57 178 117 66 49 192 185 108 145 135 160 186 36 136 60 182 5 37 18 109 125 16 169 199 4 120 89 194 60 81 71 92 48 177 143 163 52 79 91 32 110 130 74 138 170 24 65 137 114 15 163 181 136 95 142 190 151 32 117 192 104 80 6 131 30 93 150 176 137 107 114 147 1 39 177 194 23 182 147 182 14 37 127 127 110 65 114 110 121 113 170 38 148 56 177 28 8 43 188 116 5 172 58 188 120 162 34 182 151 61 102 175 90 195 113 142 167 153 56 95 184 177 147 157 
46 170 98 153 40 108 30 144 85 189 55 16 125 102 49 159 139 35 94 143 150 86 26 105 144 118 145 3 166 67 44 25 37 73 197 127 126 2 93 29 110 88 200 124 43 111 158 189 101 119 131 176 30 6 157 117 7 126 41 186 189 43 137 90 29 29 135 197 140 183 14 14 151 14 84 178 137 176 143 34 67 79 129 152 46 69 150 64 167 78 38 124 70 24 28 78 196 171 62 126 45 101 132 145 6 38 17 86 139 91 165 30 32 129 33 43 26 102 195 149 139 171 67 156 95 
162 169 175 20 99 178 116 122 198 76 36 47 124 173 172 29 81 1 176 105 34 103 161 47 109 107 189 175 182 135 71 8 123 116 180 36 27 154 116 34 181 198 131 95 54 155 48 184 12 109 157 18 4 12 71 173 131 60 122 69 37 89 157 131 193 112 173 81 77 68 147 6 88 15 126 124 179 159 128 22 181 84 11 54 147 157 183 34 137 26 76 167 62 40 184 181 162 166 174 110 164 86 105 87 30 30 118 182 79 138 43 142 171 70 128 138 30 27 67 92 103 25 7 33 39 
200 10 65 14 184 68 196 67 133 126 97 76 104 197 52 39 197 110 163 120 163 157 129 156 19 115 32 92 54 57 11 12 127 108 94 24 166 87 101 197 125 128 29 91 131 89 171 96 185 159 179 199 5 2 86 186 82 22 163 86 31 163 93 46 85 102 84 136 12 50 102 29 95 12 85 162 178 27 108 185 1 83 105 8 44 87 127 32 105 170 142 124 137 102 145 182 154 7 191 12 198 52 126 150 44 120 41 119 107 114 197 58 26 79 68 47 36 184 46 178 169 169 167 39 60 
101 85 26 11 79 111 66 143 8 137 111 63 157 74 163 89 97 51 117 116 199 25 3 32 3 144 95 93 180 112 43 44 86 139 50 199 101 188 39 45 54 195 87 60 154 149 192 55 159 128 8 146 141 82 162 91 124 90 42 100 22 117 162 31 47 111 107 81 34 143 100 154 81 75 18 85 24 160 44 32 63 194 72 111 154 34 145 3 170 26 28 78 196 30 160 179 143 11 70 183 4 163 190 160 16 76 20 134 167 100 177 129 27 88 33 178 95 42 116 186 100 104 139 22 169 
200 13 193 49 42 119 190 128 16 177 35 16 76 120 192 87 27 109 126 95 129 25 64 189 27 60 59 70 26 61 168 74 42 144 120 130 179 3 122 127 74 91 199 189 187 29 163 96 42 167 101 67 147 149 13 100 176 132 38 85 166 176 33 141 126 166 145 196 110 94 192 85 37 76 68 161 103 19 91 181 156 165 96 57 33 9 45 12 35 78 42 96 38 116 87 39 115 165 169 166 109 48 41 15 122 39 91 53 25 129 131 138 130 158 169 124 38 22 195 45 84 33 58 22 180 
173 34 67 165 48 74 3 127 8 156 39 139 161 81 182 76 38 71 113 27 9 123 7 45 65 42 17 93 164 86 140 68 135 174 5 72 59 3 51 122 5 76 13 18 85 180 134 35 8 67 156 10 99 96 8 52 161 75 56 147 122 32 53 99 137 19 30 105 72 71 50 162 84 113 158 159 92 114 143 157 127 127 137 55 197 190 9 93 145 7 17 179 154 172 83 25 177 173 98 51 160 197 146 102 61 41 161 194 3 141 144 62 10 157 191 39 101 19 164 78 107 172 179 191 192 
1 116 67 61 77 106 125 120 195 193 17 82 132 163 148 150 77 187 108 167 98 140 121 172 189 61 134 151 59 45 91 119 178 161 97 143 163 112 190 108 11 15 69 57 85 2 85 163 21 176 122 62 57 135 151 25 183 89 126 114 147 176 42 197 130 98 76 120 125 193 24 198 183 45 200 191 124 12 62 118 55 45 9 57 155 26 174 85 78 92 33 60 7 171 57 9 69 6 23 129 129 196 11 4 95 55 186 90 86 27 129 157 83 112 123 124 138 123 57 14 58 177 182 41 52 
180 96 57 30 72 21 38 83 26 88 137 40 90 75 126 41 7 83 162 193 143 161 169 188 39 194 195 165 185 114 82 124 12 119 72 69 102 79 86 63 179 77 199 133 39 128 197 108 141 154 92 70 30 188 20 156 162 99 21 121 133 49 65 48 158 172 110 170 44 165 192 64 172 8 36 42 29 15 123 89 41 125 21 168 49 34 73 199 65 2 102 145 159 16 173 39 158 12 27 3 98 44 145 73 160 79 190 193 7 177 36 57 45 179 155 104 117 158 44 132 75 121 132 1 53 
189 25 141 84 123 141 157 13 145 145 78 136 177 1 66 72 106 125 41 133 3 69 199 141 62 33 61 8 191 38 103 56 175 45 171 197 141 185 18 126 85 158 188 93 174 197 19 46 85 128 99 145 119 142 50 60 97 25 34 34 198 127 36 93 103 52 154 129 139 121 171 13 82 116 126 172 118 36 16 57 61 148 127 87 164 123 73 199 55 49 147 36 83 184 80 148 26 100 16 85 199 31 22 176 3 164 49 127 180 5 110 176 200 14 173 159 94 95 134 198 101 99 51 36 1 
187 68 23 168 3 106 46 80 66 89 117 18 156 93 1 117 60 173 176 184 161 150 127 119 176 96 32 3 2 17 27 129 145 92 38 113 148 164 166 77 56 39 34 53 45 196 148 180 39 183 44 190 11 22 5 198 180 180 37 198 154 154 16 145 63 172 60 40 69 145 135 152 89 32 87 162 98 124 40 107 78 111 73 151 129 70 164 59 166 188 14 6 152 113 17 68 1 19 28 143 68 34 169 110 147 133 112 22 21 38 97 58 37 13 41 173 117 180 84 110 129 119 174 82 144 
44 128 190 136 126 27 19 94 161 52 185 27 25 31 70 116 8 37 63 186 138 81 178 133 30 161 181 32 127 153 139 77 25 41 184 85 124 142 161 5 109 30 189 8 10 198 98 42 146 173 152 71 102 72 95 146 73 104 197 104 177 199 26 157 152 47 122 132 67 41 121 190 159 162 188 126 54 182 193 45 34 140 68 130 164 73 101 131 35 107 119 4 92 111 94 177 92 22 26 49 56 179 150 175 154 76 43 195 78 12 91 112 77 146 181 178 5 121 42 139 137 162 50 104 84 
184 151 46 132 71 84 200 93 36 33 95 162 121 89 153 158 85 75 166 142 106 130 183 176 185 16 18 65 34 59 135 159 94 55 22 105 182 41 191 35 73 32 172 62 94 14 142 15 138 18 2 27 184 68 144 118 145 23 11 123 101 165 14 121 43 133 91 63 88 194 149 104 54 63 94 118 75 153 135 61 175 175 145 172 85 45 105 34 106 93 165 152 118 97 97 112 34 168 109 33 44 24 176 7 112 58 113 15 167 56 142 44 86 42 129 170 168 176 113 68 179 165 11 124 155 
96 171 29 117 196 29 150 46 105 93 125 63 140 169 166 48 153 183 175 18 184 196 9 90 188 24 101 57 126 38 76 3 190 135 154 109 120 74 43 10 49 187 32 183 68 104 162 98 92 79 101 22 60 134 110 51 164 10 164 38 22 149 166 150 110 188 146 102 111 114 64 2 96 188 178 55 131 138 156 129 89 152 20 80 78 22 73 67 105 39 172 45 173 193 181 71 132 37 58 32 150 176 174 110 129 18 200 52 31 134 84 58 167 129 27 70 109 48 176 22 114 66 162 79 176 
51 191 61 58 12 144 194 26 57 152 130 71 86 158 56 106 11 63 9 142 9 57 129 175 4 72 8 30 27 56 75 121 143 105 189 147 2 184 57 173 92 185 155 68 117 159 93 150 75 133 134 22 92 61 187 195 77 109 35 8 164 104 82 83 67 184 27 66 136 177 77 187 61 184 42 106 11 116 161 106 122 154 9 40 26 71 3 98 117 4 143 117 119 122 117 150 52 93 70 57 12 175 134 166 74 165 140 19 85 121 98 31 14 70 140 19 83 129 129 83 87 125 63 154 110 
126 53 124 159 106 140 108 50 172 181 80 90 14 174 101 59 181 118 158 104 89 134 118 173 20 121 28 159 194 61 41 152 187 150 32 173 195 92 164 146 5 2 69 80 28 124 196 98 124 126 36 145 26 46 184 142 14 134 130 196 82 178 23 136 76 161 100 156 27 180 61 108 167 29 149 169 103 26 188 68 59 49 181 43 77 42 156 111 172 22 69 113 95 86 85 63 43 76 117 98 123 4 13 62 147 52 138 176 109 71 98 52 147 174 189 43 148 143 103 108 41 73 152 187 170 
19 30 174 196 159 63 27 111 82 138 161 185 173 31 118 170 46 167 31 138 69 27 102 114 69 139 23 98 170 118 160 61 19 102 6 124 97 112 191 72 59 57 136 65 147 38 46 123 29 154 85 19 134 155 37 70 90 58 29 47 65 170 143 101 149 7 164 110 115 64 7 73 172 193 77 9 35 192 126 181 170 172 78 78 193 77 175 25 189 3 181 148 167 145 63 74 88 15 40 78 27 186 106 40 108 1 142 190 192 190 14 13 26 112 98 80 70 199 183 11 90 169 45 104 193 
34 153 161 167 61 146 16 161 186 104 47 137 50 188 142 25 129 6 33 14 140 171 129 107 160 81 84 2 96 133 118 39 16 179 92 80 178 123 96 193 29 159 137 127 159 154 122 68 155 106 198 73 25 199 198 169 187 10 200 120 122 12 23 35 122 146 164 125 86 180 186 159 106 84 101 92 113 142 53 75 64 171 98 90 128 174 170 188 16 81 110 112 123 149 148 71 153 152 185 3 110 147 77 157 11 110 73 179 51 91 47 151 62 159 24 166 68 155 44 170 147 60 160 9 108 
194 100 72 84 99 108 17 44 130 132 139 195 44 38 197 33 22 105 188 176 133 174 169 168 15 111 74 185 187 68 126 105 180 160 167 183 128 146 84 115 178 157 153 160 26 185 85 167 105 136 22 169 81 33 81 159 162 186 181 15 142 152 137 104 96 45 72 144 143 11 12 31 142 45 143 6 134 74 31 90 32 43 16 52 53 78 166 60 34 45 114 18 52 89 119 69 182 134 179 187 139 179 155 103 74 132 126 88 40 17 161 40 159 18 108 126 68 188 52 49 102 122 194 107 50 
111 91 157 18 87 34 193 50 184 125 78 72 30 15 84 178 34 121 103 53 185 136 53 14 120 136 36 177 134 93 105 131 152 48 84 197 88 7 124 145 157 137 36 149 187 165 37 117 134 150 92 80 4 114 107 167 147 65 87 101 18 20 47 172 146 11 38 78 174 99 60 82 108 62 10 105 104 80 58 165 86 191 6 106 98 98 130 81 62 80 40 14 156 176 40 128 142 8 50 25 2 177 164 176 63 93 145 37 14 8 76 66 190 87 111 61 171 79 8 71 187 190 60 147 151 
49 67 73 124 157 103 111 132 162 87 17 146 19 76 32 195 49 95 153 41 162 56 35 151 139 150 191 188 54 200 71 177 26 79 114 181 158 84 167 108 53 69 82 153 175 122 138 67 151 52 54 63 192 50 185 111 98 89 143 170 158 72 36 102 169 109 10 92 65 194 16 67 116 13 65 122 129 14 46 71 55 165 96 106 120 143 159 181 13 147 104 128 189 60 97 120 2 36 131 107 116 138 167 163 60 146 152 195 174 92 192 188 199 105 154 55 142 199 199 5 49 56 165 150 84 
129 135 70 192 81 193 42 25 58 47 91 59 39 52 27 183 44 187 142 41 156 55 66 77 133 70 142 98 8 121 4 193 28 63 4 26 146 96 110 80 102 38 135 81 170 92 156 77 84 53 150 73 190 81 91 160 21 83 196 192 64 188 83 30 79 155 179 199 164 33 181 46 179 159 104 11 17 91 96 191 93 186 26 177 130 149 98 39 92 40 148 182 125 79 77 121 136 52 134 46 161 189 9 85 191 129 159 177 107 5 194 39 147 157 8 174 42 82 96 110 4 5 131 196 89 
159 200 178 135 174 154 87 106 47 83 144 126 33 120 174 146 132 143 29 162 66 51 106 70 180 39 164 162 174 50 108 29 84 85 170 13 194 86 47 134 148 129 177 40 29 114 11 30 91 38 152 30 24 45 103 166 96 160 142 102 18 197 143 143 73 106 29 84 95 101 190 40 172 174 71 96 41 171 198 44 9 64 148 181 134 25 16 193 30 126 77 105 121 4 146 109 51 39 117 38 96 122 139 73 162 183 136 184 97 77 182 161 181 3 106 102 64 113 103 132 159 151 108 147 186 
31 158 196 184 157 80 186 140 15 6 98 6 113 159 25 17 194 99 124 198 34 182 63 153 77 57 72 138 185 92 143 124 136 26 14 198 83 193 130 23 56 89 22 38 156 90 128 156 183 123 50 98 26 74 166 89 125 66 121 72 72 152 181 111 38 170 14 87 52 90 129 105 29 115 18 17 138 93 141 13 167 152 80 147 41 110 77 189 163 80 81 132 38 140 183 82 25 105 138 27 29 98 22 13 139 55 108 194 108 116 33 114 73 160 189 36 163 186 95 7 38 174 43 192 60 
137 99 49 100 46 32 90 134 16 106 34 67 123 195 163 143 116 75 177 5 175 32 179 149 82 111 150 99 149 185 4 80 143 141 18 171 110 171 163 26 30 18 149 103 110 49 163 120 186 194 200 21 59 47 22 99 6 143 158 31 120 194 35 20 68 31 195 71 191 51 53 129 26 137 1 79 105 61 42 39 193 118 26 119 16 112 45 121 105 11 101 76 123 96 131 9 136 130 131 98 41 127 141 194 80 106 186 8 157 51 141 22 79 51 172 113 118 105 53 85 22 117 90 135 127 
21 189 118 151 129 1 181 52 168 138 168 52 78 174 40 4 189 57 136 8 164 98 194 50 105 86 18 123 50 9 122 195 152 183 168 146 8 73 187 20 51 160 118 102 72 138 161 2 189 45 186 56 146 139 20 118 182 32 65 11 122 136 133 176 80 114 64 33 155 49 131 76 15 91 168 137 63 108 59 66 44 179 41 123 12 184 132 128 121 132 119 189 113 153 146 79 84 112 191 65 2 59 107 123 61 110 82 187 190 46 168 103 196 72 24 76 85 68 94 25 123 75 80 48 23 
124 97 121 68 122 31 60 15 59 148 67 163 100 172 21 94 35 42 6 109 37 5 91 82 35 158 165 68 93 51 79 169 180 168 76 42 16 181 12 174 120 27 188 106 117 124 48 61 71 119 37 106 17 121 187 62 163 127 162 142 92 52 27 24 168 48 6 111 91 46 11 52 57 67 67 48 43 131 72 117 26 18 129 69 13 192 76 102 153 44 169 98 139 61 43 56 60 102 143 61 35 112 43 25 152 173 83 110 52 176 184 98 153 78 87 164 77 159 143 144 72 66 176 87 54 
28 61 45 158 89 186 135 33 194 56 8 70 81 85 66 131 101 137 153 126 125 94 200 90 106 12 85 3 187 156 53 27 61 39 62 199 44 79 68 111 196 180 19 45 45 160 65 140 93 51 44 34 145 146 20 143 65 145 80 111 155 87 200 133 115 36 157 168 189 152 52 119 162 26 9 89 21 106 97 183 57 107 65 189 88 173 165 26 88 19 132 120 123 56 47 66 48 125 12 8 102 125 34 151 73 128 78 181 113 140 134 164 145 58 19 147 197 2 124 139 136 56 83 62 52 
49 47 150 20 148 8 132 76 139 24 121 58 111 126 178 198 138 119 75 128 48 167 198 188 66 57 125 147 85 124 116 27 6 69 154 137 107 128 187 72 116 102 52 143 16 13 166 52 199 141 30 149 110 55 31 31 169 112 11 36 52 29 64 198 132 114 51 104 98 20 163 30 187 160 15 87 198 176 101 106 121 76 190 187 18 76 28 119 76 27 118 26 164 32 110 61 131 50 189 181 9 81 36 192 89 71 13 142 42 127 107 116 26 138 63 128 75 194 131 104 113 84 84 9 165 
164 48 76 91 138 17 178 157 192 70 5 168 196 8 82 74 15 25 80 48 178 26 171 13 16 138 99 68 77 55 102 8 16 79 181 144 196 62 21 25 114 75 58 79 163 4 177 136 44 4 98 172 136 16 167 168 191 170 114 176 18 138 175 10 132 172 57 1 187 71 16 162 148 78 158 137 94 82 153 104 37 49 129 140 122 167 128 134 155 172 57 119 34 193 151 122 167 181 65 51 41 1 161 52 22 166 108 55 110 162 54 111 4 42 156 125 63 89 41 92 135 196 27 91 129 
123 83 156 148 162 153 134 66 190 168 156 163 87 131 188 110 193 192 66 3 13 61 128 116 19 71 198 148 59 47 87 3 153 154 118 7 187 99 99 22 150 128 148 66 11 48 63 4 122 66 194 152 66 109 70 24 27 132 161 191 122 181 8 10 8 52 42 145 128 93 55 143 29 33 71 15 7 118 121 76 70 129 173 2 48 97 17 112 185 192 192 53 150 114 54 137 139 191 28 9 156 119 78 95 22 111 70 19 164 156 31 120 53 30 86 33 135 132 22 127 154 186 4 24 138 
3 99 184 46 41 193 57 161 2 67 190 21 15 18 118 162 160 153 11 162 83 11 171 33 171 118 110 183 92 133 11 82 177 66 58 167 101 163 17 45 124 121 27 156 4 180 100 87 160 79 119 102 149 149 17 128 80 162 134 62 100 64 192 117 42 123 137 146 10 44 174 45 199 35 199 62 72 51 99 96 32 16 150 158 8 13 147 87 72 15 33 30 32 142 109 148 90 186 50 197 30 154 170 162 92 162 142 77 57 65 186 145 89 108 13 41 72 164 67 49 179 142 12 106 105 
38 172 4 159 181 177 75 181 84 109 191 29 65 55 26 75 57 151 179 72 174 123 141 68 162 171 165 176 190 100 5 68 36 194 177 189 50 125 145 126 102 99 160 158 91 5 23 44 181 66 54 191 124 118 144 71 75 144 113 13 57 188 169 123 185 145 44 34 8 37 129 191 51 37 49 11 115 183 131 70 193 27 22 52 16 99 37 122 100 185 147 161 5 200 75 20 144 102 8 59 55 18 30 129 117 137 21 97 65 6 140 144 116 103 5 66 54 73 199 98 77 43 178 135 77 
66 78 28 42 72 149 116 103 109 144 161 179 122 118 55 114 84 39 50 194 37 45 48 182 74 121 189 147 12 29 186 181 86 34 54 54 1 135 100 38 189 11 143 131 87 65 172 144 116 178 194 123 163 97 121 200 163 132 18 182 36 95 122 130 155 26 75 34 152 185 194 164 34 51 61 200 128 113 57 3 24 161 147 178 7 137 196 99 185 20 159 6 96 120 16 192 113 59 183 108 82 181 9 156 51 44 72 169 12 33 3 72 65 56 64 110 177 173 97 18 150 173 92 14 130 
96 103 140 64 188 165 2 52 112 58 139 29 131 74 155 82 27 94 118 93 126 171 9 89 192 64 65 185 200 118 108 68 35 74 64 112 200 23 21 89 44 130 29 142 165 26 99 93 123 77 165 191 96 21 149 48 41 101 182 108 173 99 145 92 122 178 54 44 194 78 152 126 152 10 69 97 80 6 151 33 38 195 113 199 49 126 74 51 144 110 90 15 105 153 61 124 28 46 116 174 75 92 8 105 83 195 90 130 165 108 31 193 107 54 55 185 92 182 45 83 154 136 114 49 148 
184 174 150 90 58 148 19 57 58 127 133 70 151 132 101 192 126 48 26 80 129 3 52 151 105 135 129 96 12 23 45 25 39 157 181 116 146 162 166 132 122 186 72 54 121 59 61 73 72 180 9 176 92 20 45 163 108 11 118 17 70 75 195 182 127 48 101 17 185 153 6 18 172 46 117 171 169 149 27 81 164 120 150 137 143 161 13 33 135 188 117 42 187 63 22 20 107 134 51 36 106 131 6 131 92 72 15 112 158 42 57 11 77 198 65 123 12 101 152 4 59 29 178 193 183 
169 136 10 77 37 76 51 73 51 59 196 124 110 174 8 200 91 64 161 18 30 51 17 55 189 6 94 176 182 15 171 111 137 187 140 182 16 180 165 32 113 43 14 109 149 150 50 158 85 139 114 61 200 150 66 76 170 71 51 7 70 32 40 137 152 196 6 71 4 158 132 185 182 40 6 157 88 157 146 196 7 161 48 137 176 82 67 78 21 155 9 195 116 120 104 151 18 32 116 81 59 195 58 66 166 193 112 24 125 35 39 155 112 32 43 68 78 8 194 189 73 174 168 82 90 
109 174 154 105 115 44 24 40 5 137 70 30 61 76 51 110 129 27 184 87 162 45 147 56 130 119 80 79 44 36 33 117 3 185 35 190 163 91 175 119 98 144 75 174 10 87 178 42 83 80 5 14 38 124 164 2 127 134 109 5 36 105 104 104 164 126 51 122 133 45 164 181 114 189 162 65 26 96 105 16 29 200 133 57 146 188 155 131 81 98 195 119 41 5 108 159 106 187 119 56 77 89 52 25 148 54 51 176 192 25 88 73 8 164 172 191 25 68 131 4 2 109 185 18 90 
76 159 75 70 184 95 69 155 176 66 126 85 132 112 33 162 188 34 59 149 41 15 69 87 170 171 110 110 174 64 170 65 60 31 131 26 107 17 90 35 200 178 188 51 13 32 18 161 113 69 55 56 122 156 48 50 148 128 37 189 76 20 173 2 109 89 2 45 37 128 142 32 149 34 61 85 90 184 97 16 116 29 135 104 146 167 134 169 132 116 90 58 77 191 29 91 140 78 22 66 84 95 36 147 82 192 68 25 148 72 154 174 164 38 195 153 7 46 179 90 192 156 81 196 100 
44 39 43 115 21 14 26 197 53 162 133 36 154 78 165 149 69 102 188 101 175 185 161 9 200 13 78 91 17 195 200 35 19 17 105 144 28 21 147 3 77 30 183 89 142 191 165 171 159 162 48 66 154 42 33 180 13 113 56 96 115 12 53 6 26 192 19 81 71 90 173 45 188 197 136 45 155 143 84 159 86 25 195 64 28 3 82 79 101 55 131 99 46 13 151 198 188 115 85 3 40 138 51 156 1 80 197 84 71 152 100 109 78 145 68 144 190 79 18 67 31 194 61 158 91 
54 182 172 153 156 27 190 196 13 161 147 77 193 193 12 129 60 78 153 105 7 141 6 69 76 167 139 55 107 70 30 39 91 64 118 100 95 164 86 21 112 55 46 136 151 18 5 3 125 17 74 182 51 179 129 127 7 105 109 68 20 22 42 76 48 90 57 88 132 130 192 158 170 59 83 18 15 168 19 139 46 169 117 100 126 72 150 193 105 158 125 77 161 121 107 111 193 69 122 148 18 62 136 13 50 50 38 146 61 14 73 77 3 31 102 33 29 21 179 122 78 151 171 182 196 
98 101 35 151 177 107 55 20 78 68 130 39 198 21 16 87 136 176 10 158 129 164 109 78 198 9 119 27 77 114 94 179 7 146 106 50 47 41 8 30 53 139 39 62 90 119 98 159 73 156 147 198 173 91 120 116 81 88 163 9 171 142 178 22 200 198 66 77 22 185 161 122 121 26 34 17 85 30 166 139 32 116 179 110 73 130 123 41 175 76 58 84 119 118 178 111 183 81 195 37 154 186 81 91 183 167 70 140 72 199 152 93 79 152 135 79 184 1 78 169 138 11 161 65 14 
70 136 152 44 27 75 47 177 152 172 40 142 101 175 108 25 31 108 101 3 98 3 122 177 71 30 171 155 185 54 127 75 31 171 44 148 199 113 171 61 49 81 20 116 17 88 119 127 69 154 29 32 146 33 189 22 151 93 132 129 55 12 186 23 61 130 56 25 138 159 181 108 180 19 65 48 60 21 199 45 103 106 136 170 137 127 35 150 173 84 75 76 3 134 148 176 87 171 167 68 101 128 6 82 117 192 109 30 69 153 159 177 10 194 77 98 167 171 88 95 158 91 5 32 79 
103 49 170 169 133 109 59 121 142 88 40 89 56 161 86 197 121 15 166 68 121 20 200 81 54 179 124 111 114 19 37 115 199 110 2 190 23 123 32 8 97 56 111 44 98 184 98 88 63 75 110 64 117 2 146 186 170 19 133 89 199 190 23 3 163 195 79 66 15 195 167 4 113 28 2 148 54 110 200 183 185 196 105 119 13 66 94 191 34 111 181 23 115 37 88 144 199 37 28 85 77 123 183 141 149 193 182 167 79 105 127 94 173 37 37 73 41 110 176 150 199 32 49 56 166 
14 176 79 166 188 67 128 37 5 79 115 161 169 170 197 137 106 27 134 170 117 165 191 53 167 60 119 118 78 50 131 147 129 75 108 51 114 94 1 141 116 70 136 87 24 44 71 126 173 42 139 92 133 85 144 68 9 190 84 185 98 116 64 53 24 77 188 189 23 50 88 23 82 157 81 145 187 118 39 178 48 134 144 69 115 45 106 64 84 98 49 81 144 38 93 131 120 152 97 174 77 173 108 168 41 94 200 95 66 83 140 110 153 173 142 104 159 168 154 187 59 48 188 100 101 
43 53 134 59 55 47 176 59 156 46 140 168 4 71 88 105 8 107 159 186 78 129 11 33 168 113 167 167 69 98 15 157 84 148 181 194 6 140 144 11 5 164 14 125 158 181 87 27 183 199 20 119 22 112 56 126 166 175 112 1 54 41 169 194 84 163 168 36 129 69 181 139 3 82 20 7 23 19 80 92 136 146 96 177 157 100 35 196 189 111 19 138 49 55 171 24 22 4 76 143 180 49 180 170 98 3 111 172 98 67 49 142 59 163 147 194 112 120 72 187 53 67 94 164 144 
33 158 39 120 88 71 79 131 134 188 27 164 130 118 93 124 68 21 186 91 163 4 176 29 15 42 114 25 50 158 19 68 133 103 127 115 184 134 75 37 52 192 74 75 123 142 113 178 167 93 179 72 160 79 50 92 147 77 93 4 137 14 140 167 144 173 122 128 158 139 120 86 16 84 9 180 26 35 65 183 34 73 151 148 188 166 142 150 42 38 150 66 69 199 32 169 2 191 168 194 18 142 100 117 67 119 135 75 147 85 40 199 65 45 132 126 133 121 173 70 6 133 165 154 17 
71 41 147 79 167 160 67 73 152 4 62 58 21 153 131 78 74 64 10 148 92 116 53 157 187 128 52 185 167 2 147 73 150 193 53 161 142 21 31 123 145 112 31 153 13 18 22 33 39 99 179 183 99 116 129 129 148 193 68 14 12 122 71 176 126 124 157 141 41 140 135 183 161 97 15 117 198 191 151 153 179 10 98 63 92 132 126 36 159 73 68 166 91 73 185 196 23 80 131 165 38 94 182 151 54 116 108 191 120 167 161 57 74 177 7 137 56 90 191 85 99 51 93 156 154 
173 143 128 192 157 46 75 47 50 58 39 126 35 88 185 78 14 47 152 180 73 165 66 43 198 44 87 131 112 55 135 190 13 5 170 68 9 165 174 6 123 103 163 81 27 160 3 42 145 163 166 196 59 96 47 94 174 193 122 155 138 158 25 110 145 72 101 14 20 30 36 110 108 20 160 115 18 125 115 20 26 31 15 18 160 108 44 140 45 11 94 195 140 163 2 45 93 30 50 84 119 152 151 175 44 187 64 105 88 185 197 182 159 157 20 24 16 80 150 29 79 84 80 177 22 
200 57 34 46 106 40 128 121 57 8 125 62 62 147 75 186 190 73 125 42 71 73 135 58 9 111 47 71 120 67 125 118 115 26 157 28 1 168 12 123 166 139 110 17 150 149 25 19 159 151 6 7 12 128 180 103 11 24 122 127 168 169 67 53 27 38 199 60 127 69 182 99 10 70 182 184 186 42 77 158 154 186 3 46 70 152 37 16 175 131 194 26 39 194 147 97 32 7 98 168 156 44 70 3 43 131 98 113 140 34 181 57 76 188 82 194 3 189 131 136 54 149 22 100 188 
117 79 166 142 12 123 1 40 136 186 47 60 19 150 49 124 160 1 15 137 56 129 145 91 4 121 79 189 178 67 1 199 77 131 160 196 28 155 152 30 2 163 35 60 6 120 75 123 190 12 53 10 181 66 196 194 173 121 188 26 44 118 98 54 97 127 100 151 9 21 188 39 163 67 124 65 38 122 124 36 178 47 137 170 118 23 102 111 124 49 124 30 47 50 107 131 188 98 90 163 34 17 154 50 158 87 55 23 160 132 52 135 199 64 135 36 181 41 130 10 16 1 4 130 176 
25 129 200 51 94 116 102 185 107 134 174 12 170 64 56 64 116 39 188 166 148 109 161 41 37 105 69 191 33 57 99 145 160 42 200 80 142 74 6 44 117 117 128 192 176 97 15 163 143 127 84 163 92 174 165 50 183 49 120 5 164 68 176 1 121 39 153 177 193 154 65 100 165 127 84 61 25 80 177 109 101 117 107 82 40 75 44 126 177 84 157 54 156 187 94 195 96 26 195 198 11 146 52 185 2 15 130 150 64 52 20 91 56 41 77 187 144 53 187 157 114 99 163 34 66 
162 2 181 171 175 138 111 195 98 52 90 14 71 144 143 33 82 132 191 132 173 200 104 7 166 79 45 144 129 79 80 160 197 190 19 22 144 184 191 16 137 178 133 178 168 38 117 167 38 58 67 36 84 147 182 155 113 169 134 84 68 67 137 189 73 31 134 62 117 114 19 184 190 120 167 48 169 73 133 141 20 71 182 29 127 65 159 113 2 91 173 9 46 136 127 185 172 109 160 67 191 17 125 189 186 60 16 76 25 40 156 141 174 58 167 124 199 88 23 162 106 9 109 118 6 
18 166 16 14 46 177 16 61 138 152 10 95 141 36 39 135 186 77 167 57 76 45 164 78 43 188 72 87 99 158 117 46 113 28 123 11 143 39 59 41 39 141 110 122 95 161 13 101 61 72 72 5 50 140 48 122 35 139 102 196 23 132 19 169 170 27 169 127 105 6 14 198 8 157 143 5 145 131 173 131 116 75 196 5 8 30 176 55 118 139 95 134 131 51 188 195 12 52 108 196 46 36 135 42 165 148 169 61 163 181 85 116 162 72 93 165 16 39 110 8 14 111 50 65 45 
199 200 90 120 179 54 55 143 99 79 59 8 197 5 66 118 52 115 9 180 141 99 136 24 87 12 153 162 16 136 3 52 83 171 82 198 122 3 60 83 122 104 60 138 144 176 140 195 51 77 101 171 125 31 149 135 62 157 54 9 193 159 165 183 190 66 124 108 187 164 135 96 156 173 60 98 191 79 84 185 138 26 114 171 11 91 16 175 79 99 71 1 38 158 190 149 156 178 45 89 166 172 74 167 19 165 102 7 179 150 92 55 157 162 104 179 58 92 15 4 168 146 122 195 23 
91 31 78 112 80 106 72 146 128 11 160 131 49 179 16 67 184 67 40 77 113 46 22 99 40 93 113 137 9 41 2 25 161 116 167 181 79 193 58 180 116 164 30 66 72 19 86 14 49 112 125 121 44 168 150 85 8 30 163 119 99 126 136 33 118 79 156 133 132 82 30 162 48 39 127 198 161 111 172 154 31 72 31 106 75 13 18 151 141 3 1 48 163 182 157 47 45 163 148 140 62 140 93 101 183 119 153 93 17 120 141 151 168 56 49 96 174 137 171 177 47 49 69 156 119 
51 13 65 181 147 124 35 31 58 197 161 103 2 178 110 132 8 87 82 157 27 147 91 125 161 161 62 145 47 36 95 87 23 176 63 147 59 109 15 191 77 177 116 193 94 200 139 36 147 189 131 98 111 49 187 178 169 186 156 192 33 82 141 122 37 112 115 158 118 120 181 183 52 106 90 56 129 36 144 113 169 17 64 126 110 72 112 131 156 24 1 190 86 169 35 192 189 59 184 70 30 31 115 161 49 127 71 59 152 91 174 18 193 50 39 84 131 99 175 27 99 174 163 132 163 
3 177 50 105 37 85 57 139 146 46 61 62 48 141 129 44 106 42 101 47 125 89 141 89 140 63 63 3 164 191 31 196 41 71 96 105 112 195 138 105 173 170 187 166 178 168 24 170 67 200 148 63 30 192 132 97 60 84 169 170 11 18 26 41 199 35 106 35 110 192 158 198 13 116 15 167 15 39 8 147 141 24 109 14 108 37 3 66 86 77 193 134 113 127 86 157 98 176 173 128 185 40 175 100 192 176 113 165 174 29 177 45 75 167 172 66 69 79 160 161 132 109 98 155 47 
154 33 52 20 33 113 37 114 107 155 39 20 17 127 85 149 92 57 44 191 98 185 175 91 174 130 88 154 153 190 28 24 158 188 19 65 20 58 106 42 187 93 121 151 42 181 104 96 157 93 33 184 4 124 46 187 189 180 180 21 113 78 3 132 14 77 170 134 60 40 114 126 169 4 18 99 197 87 13 16 84 49 177 189 124 103 32 119 21 46 98 80 186 31 115 45 53 30 24 54 89 39 82 39 141 172 116 123 95 136 84 184 193 143 49 183 153 27 42 127 7 48 75 21 163 
101 163 95 175 86 174 152 159 138 10 86 172 151 166 87 58 12 125 99 198 63 148 171 77 24 76 56 100 35 187 112 172 69 178 151 80 73 146 54 199 82 69 155 43 68 90 49 84 26 192 40 161 27 148 123 129 148 193 181 14 122 10 66 121 66 20 128 159 175 164 193 87 198 49 197 117 26 12 22 56 14 4 147 119 25 193 193 88 42 192 176 112 13 145 80 38 79 12 129 10 41 124 108 135 127 146 16 155 67 193 151 12 71 58 190 151 135 3 67 99 5 110 76 31 47 
31 147 35 88 87 167 173 190 38 38 134 164 22 76 182 177 36 158 121 83 63 30 145 166 135 144 8 177 93 152 139 165 36 166 32 162 173 102 35 192 89 197 198 69 128 141 197 178 9 54 146 156 188 98 154 99 121 35 3 103 48 55 51 23 56 172 107 143 116 88 96 20 161 111 86 184 1 22 66 74 47 70 56 14 109 71 50 76 60 31 86 186 197 70 54 58 195 108 160 99 78 193 122 142 141 45 107 162 160 130 52 36 98 20 189 132 196 158 19 41 85 37 18 84 176 
169 96 111 20 126 195 156 47 119 84 31 173 150 149 188 126 27 79 138 159 152 77 91 120 21 70 132 19 155 129 20 137 159 56 97 126 106 46 189 142 6 138 136 179 116 8 1 23 74 7 60 59 115 33 156 27 41 58 174 71 27 114 198 67 123 128 6 24 30 156 192 113 26 97 136 60 38 65 97 22 146 99 156 30 52 153 121 163 61 103 116 19 92 87 29 145 23 37 37 164 170 76 14 186 68 6 33 21 125 67 134 81 131 116 46 18 108 145 139 16 25 70 157 117 22 
123 109 115 17 68 109 105 199 173 49 111 157 144 144 129 190 107 177 186 15 132 124 130 3 175 23 27 25 51 138 41 77 19 64 145 172 105 174 143 53 162 140 91 66 189 52 180 109 121 174 53 109 88 70 59 13 38 181 181 180 24 68 194 93 114 16 72 73 151 180 199 189 25 143 72 116 193 72 83 152 167 52 33 79 58 52 164 27 198 160 103 46 66 101 39 151 28 52 145 81 83 143 95 163 24 198 50 107 80 193 158 34 105 83 27 97 160 166 104 189 55 57 60 198 49 
134 172 158 175 31 193 57 196 112 86 94 119 74 140 77 138 7 82 173 56 188 44 188 101 132 169 98 144 119 150 137 151 68 117 180 175 37 55 15 36 153 128 43 8 161 33 162 101 14 170 158 65 193 41 91 71 109 182 59 17 94 135 145 32 101 120 187 102 180 55 77 96 73 157 27 189 167 147 65 196 80 143 17 58 157 95 83 48 180 17 106 107 30 151 179 111 49 74 28 138 169 61 147 140 97 44 187 32 57 187 115 173 108 181 113 23 167 166 46 61 188 94 120 177 73 
199 90 15 11 175 26 113 73 21 153 140 191 112 45 87 52 5 18 22 67 31 118 118 189 89 181 12 125 19 20 54 192 111 55 26 82 85 158 194 43 145 153 185 48 47 41 39 185 156 153 155 119 17 175 58 86 44 43 143 130 137 11 94 3 137 137 173 68 5 165 178 184 190 125 194 74 57 35 166 37 120 6 103 175 23 35 152 139 68 74 157 97 87 13 109 172 172 51 92 187 105 23 116 157 104 184 23 156 153 165 105 28 87 74 177 76 141 41 123 127 136 183 14 200 113 
30 100 95 117 71 43 56 39 110 32 181 75 143 28 37 36 58 12 134 51 62 195 68 183 189 17 159 117 83 101 79 110 105 161 104 88 69 170 26 22 7 33 115 109 183 116 183 186 158 64 1 109 39 174 76 195 23 94 38 131 163 19 60 29 107 166 57 31 162 149 71 29 31 124 57 85 57 77 180 13 1 11 144 8 81 27 181 1 168 176 103 145 152 25 148 199 149 91 97 46 170 25 11 96 35 106 112 176 19 76 157 186 123 172 82 180 40 29 13 38 46 154 53 163 184 
171 108 124 199 86 100 38 56 96 197 108 105 129 54 45 157 46 10 172 141 39 136 37 75 60 52 157 71 179 85 46 50 175 43 1 121 116 60 30 91 61 45 133 67 8 137 134 46 147 125 94 184 8 5 158 14 146 71 197 125 184 35 75 67 121 19 58 1 38 165 144 96 9 156 122 120 123 111 50 6 97 83 65 189 121 94 36 80 147 169 129 152 112 171 98 46 21 154 78 175 82 88 178 51 174 110 130 197 64 18 17 176 126 111 71 73 34 157 107 68 148 2 31 150 159 
134 19 200 140 13 36 149 53 117 4 14 138 181 87 103 68 141 103 107 17 152 75 3 22 74 32 165 69 28 145 156 148 9 66 148 148 190 103 17 163 92 20 47 96 70 173 113 133 108 7 171 42 75 109 7 25 172 60 69 106 138 163 133 96 82 165 190 100 21 1 194 18 165 135 192 191 60 31 157 107 136 91 1 121 38 144 186 146 161 180 89 144 193 111 74 18 165 61 23 52 114 34 48 8 93 57 24 89 180 159 11 38 86 34 73 99 35 121 51 163 3 20 100 89 156 
144 145 104 8 156 129 130 176 23 131 68 58 38 38 80 132 71 170 173 163 28 168 9 70 52 25 49 62 44 54 138 149 100 47 149 40 35 22 59 190 42 42 97 116 79 125 137 60 75 172 54 49 71 55 198 28 74 183 137 11 116 15 121 177 84 88 141 101 163 197 51 128 9 14 79 109 102 71 146 4 41 50 192 29 110 40 140 123 128 152 151 73 113 115 139 122 14 45 16 199 148 148 149 182 198 129 199 32 55 147 20 110 175 197 161 154 137 159 127 37 4 20 109 174 36 
114 41 122 108 96 14 132 124 181 1 46 87 19 142 20 89 105 180 89 170 123 72 143 18 35 56 63 37 44 155 140 127 46 56 144 157 161 78 86 126 175 63 157 83 150 165 58 139 127 112 158 139 116 101 127 136 134 164 54 8 42 107 194 92 155 190 39 55 117 77 198 144 112 119 67 147 128 195 192 134 93 128 162 98 52 98 191 109 81 152 186 59 114 196 146 153 130 200 41 185 160 93 61 147 9 10 55 122 51 91 65 182 129 1 169 132 1 99 69 18 26 158 53 78 183 
87 37 88 190 122 107 7 151 15 158 63 96 132 118 174 62 1 45 3 123 200 37 16 195 6 86 187 29 195 183 13 18 150 111 31 31 163 11 122 40 193 190 68 3 18 60 130 22 99 4 6 161 75 59 106 17 107 55 37 119 172 197 63 20 173 138 22 84 144 102 147 2 90 62 134 54 150 136 126 31 154 167 83 184 110 163 87 153 85 98 183 116 54 86 162 50 134 14 125 63 6 186 113 169 2 154 187 64 144 169 109 121 164 77 25 92 88 95 172 161 5 79 19 193 143 
18 144 77 119 46 194 123 9 186 27 126 146 45 178 53 135 151 62 51 131 198 43 72 56 160 131 78 124 101 18 14 76 21 67 153 168 69 166 40 139 138 158 151 64 61 131 58 102 41 9 48 198 161 103 17 141 107 34 56 68 139 153 112 192 175 115 162 49 107 46 133 184 61 44 27 85 3 107 72 60 198 96 181 70 96 149 62 83 126 46 7 196 113 156 136 27 183 186 82 12 119 3 199 50 102 45 102 80 194 132 102 78 25 55 167 15 86 193 89 93 190 21 130 8 199 
138 166 63 123 17 98 148 24 82 12 103 39 25 167 150 37 10 148 200 147 38 99 124 13 153 25 154 127 96 36 91 71 192 93 6 28 51 154 8 40 121 2 68 144 14 142 177 42 3 187 113 91 46 10 68 37 136 156 41 178 92 107 196 49 114 42 7 141 190 64 187 13 83 169 18 150 58 175 15 186 148 86 69 110 156 151 178 136 177 194 184 74 55 1 51 4 5 27 176 99 67 33 117 186 140 95 129 73 96 43 16 127 61 179 43 134 33 6 42 2 196 113 178 152 180 
185 23 177 198 20 157 53 155 169 109 41 7 93 80 3 44 36 23 134 170 59 39 36 118 43 27 164 98 46 175 48 79 44 63 163 58 29 104 57 56 153 89 48 196 103 114 147 83 103 60 118 60 184 199 177 47 128 69 52 162 46 91 128 25 191 33 168 55 120 110 154 45 7 118 48 21 171 35 39 85 84 136 167 107 142 105 95 25 182 84 152 13 104 106 108 88 31 114 46 132 200 62 93 39 171 6 116 3 59 104 99 32 13 112 71 73 166 91 164 168 153 96 64 104 127 
122 92 120 40 137 137 118 78 138 136 166 159 8 65 172 106 145 193 108 171 46 47 144 120 137 154 65 78 31 200 33 44 84 61 29 104 92 121 16 94 70 145 139 42 134 31 60 143 177 100 159 129 116 82 82 161 200 88 141 133 163 31 57 22 56 55 48 129 6 104 149 197 100 100 108 93 25 81 108 111 179 70 134 61 88 46 33 54 36 51 10 195 148 57 110 185 88 66 158 125 59 164 19 116 49 52 12 188 178 95 168 109 39 132 147 116 62 140 182 98 32 172 76 103 52 
133 171 134 44 146 89 129 163 35 194 18 10 58 124 43 188 76 29 187 118 33 129 199 122 18 122 199 107 179 137 104 200 46 76 170 89 127 73 13 129 77 38 22 197 118 147 54 152 80 72 52 8 79 86 132 88 45 17 172 179 199 15 101 114 193 170 107 87 175 28 61 190 166 182 16 153 125 132 6 13 143 97 15 181 66 123 135 147 166 23 56 2 70 11 162 110 189 133 146 134 196 104 91 90 32 2 130 65 30 135 165 68 82 123 9 173 37 6 75 95 193 32 60 21 155 
164 162 167 138 188 43 57 163 174 55 60 58 168 9 169 110 99 116 20 30 57 83 169 98 160 34 155 57 49 104 189 157 82 148 51 126 138 12 199 68 12 136 15 43 38 14 58 76 85 160 195 43 147 11 82 97 29 42 24 108 113 181 119 156 5 29 150 144 174 20 200 80 66 28 186 66 143 175 104 176 166 45 58 93 164 86 40 190 79 14 60 117 33 15 164 180 118 178 67 166 86 38 129 173 101 154 57 190 81 45 61 62 36 157 87 57 97 23 41 149 141 100 159 114 170 
32 196 4 17 192 184 87 55 78 145 197 139 136 87 15 54 22 44 81 169 200 151 8 196 150 191 118 122 164 40 95 61 98 109 170 154 97 61 34 76 40 189 150 86 160 9 55 176 150 46 157 142 192 22 187 67 124 107 179 189 72 82 155 199 136 52 111 81 127 17 178 110 76 125 116 34 96 168 188 95 15 78 54 161 1 14 51 113 167 192 82 86 53 65 95 54 98 74 190 118 149 7 71 9 26 134 100 198 97 192 184 24 77 185 192 84 40 59 177 154 64 197 101 11 80 
161 78 29 78 164 121 75 137 166 171 65 157 61 94 194 38 43 161 109 78 39 111 66 158 115 100 148 181 173 35 9 187 144 104 198 122 128 125 18 50 32 157 134 12 148 38 120 13 4 61 44 84 180 8 2 198 50 141 56 98 49 118 121 149 157 21 137 116 68 181 186 117 188 55 173 187 187 39 135 37 110 47 175 27 148 90 133 150 182 153 139 61 23 82 151 161 55 23 81 170 96 154 199 109 98 197 55 34 163 1 47 198 197 51 3 10 192 156 59 125 154 93 165 105 83 
191 41 126 112 69 178 167 55 129 142 164 173 84 127 84 153 135 89 48 39 187 177 135 98 141 169 18 91 110 150 67 15 175 110 109 146 7 21 72 177 156 76 143 45 199 168 111 187 196 144 198 63 193 188 180 115 20 156 87 57 19 153 41 81 74 164 183 121 193 79 168 61 92 164 181 91 110 130 154 1 28 19 17 37 149 172 162 142 129 167 89 184 145 143 123 100 138 61 49 130 109 136 50 113 151 85 77 136 66 150 170 120 165 163 100 125 54 46 87 113 106 152 88 13 3 
66 181 37 14 191 73 125 143 147 40 89 141 46 129 83 57 75 193 47 82 97 83 170 13 128 113 57 1 183 131 170 33 9 141 71 38 125 32 157 24 121 134 40 66 162 138 4 127 20 180 168 63 69 53 160 56 10 69 48 2 18 195 179 36 46 122 76 45 55 45 82 65 30 174 162 182 21 181 184 75 82 177 35 19 151 116 191 10 151 154 7 158 177 66 14 115 97 65 148 129 72 35 114 12 19 59 97 19 130 44 74 38 154 189 174 176 41 23 96 44 97 96 171 123 164 
182 110 180 193 40 151 176 155 12 59 107 17 199 30 22 39 137 12 13 9 97 23 144 37 102 127 138 125 196 47 93 196 195 4 39 11 164 122 68 8 102 114 109 188 178 22 161 186 142 163 176 190 70 65 177 54 164 189 32 8 124 153 59 113 35 156 35 15 69 90 77 22 112 172 159 49 60 95 189 51 89 141 175 162 59 104 123 151 155 30 183 147 6 10 193 35 61 16 49 78 46 68 160 137 23 168 44 130 48 131 56 125 82 188 131 187 100 42 60 143 23 81 38 183 121 
64 137 6 73 137 102 44 63 141 175 70 132 2 134 187 4 19 58 197 168 71 46 8 23 37 82 94 53 34 165 33 71 118 175 177 168 125 106 70 49 174 149 185 174 178 16 178 71 134 134 20 63 104 143 192 159 104 14 57 79 43 160 146 183 156 113 129 78 112 18 86 49 139 132 150 48 136 122 18 191 175 97 50 198 130 85 81 91 150 91 84 19 18 28 4 77 179 126 165 114 180 48 155 120 125 44 136 198 191 56 181 67 1 71 128 116 32 180 178 86 69 108 29 6 142 
87 100 100 6 73 106 89 133 174 85 27 185 137 94 132 72 94 154 157 167 149 193 165 160 57 173 42 141 130 76 143 35 11 115 170 195 159 113 104 40 139 139 66 23 26 116 125 116 102 62 33 33 129 175 90 74 5 191 176 76 71 28 60 132 61 187 74 33 50 179 25 162 190 89 37 178 77 142 195 35 19 121 194 39 122 36 87 101 16 170 95 195 76 37 165 173 90 159 81 74 94 123 168 115 179 171 18 186 34 9 22 87 71 170 123 129 86 90 193 112 81 116 79 48 72 
62 109 181 99 54 61 72 45 178 164 154 110 182 112 25 42 48 79 41 135 129 45 68 189 106 64 51 177 134 138 6 178 6 149 107 12 131 169 100 37 147 198 147 141 180 11 191 98 129 128 103 189 38 143 13 51 84 113 40 117 104 162 127 113 130 176 186 181 43 135 184 180 5 140 120 131 137 174 31 131 126 109 149 39 115 142 40 29 80 126 9 120 114 135 189 93 24 139 184 51 175 59 138 97 149 130 149 67 58 195 38 162 195 16 4 100 137 162 37 169 110 188 168 38 128 
56 133 45 171 142 55 61 32 42 151 173 40 69 21 169 30 168 192 17 158 195 124 108 46 4 179 31 123 72 132 102 131 116 124 86 115 19 12 27 194 24 170 183 80 7 146 179 126 166 114 7 65 47 84 60 90 121 30 128 69 61 37 55 120 156 106 195 91 109 171 126 16 157 166 188 19 7 183 127 106 23 107 45 107 146 122 50 30 5 23 119 14 120 175 161 55 70 149 185 77 1 63 1 172 26 80 96 197 178 148 33 16 186 51 20 114 156 143 89 61 99 169 179 118 97 
182 178 51 132 44 99 140 23 85 31 27 38 22 51 20 77 155 122 70 154 59 105 79 6 156 134 103 63 87 137 28 83 154 175 116 139 184 42 79 115 75 55 110 168 144 30 85 196 20 157 95 7 82 58 59 3 190 122 119 74 125 17 105 79 51 194 43 163 97 116 134 44 73 46 22 3 97 110 74 124 179 152 76 60 33 10 44 114 19 94 139 144 11 136 12 69 76 154 22 83 121 62 170 176 114 27 126 52 62 107 160 111 7 110 182 172 23 63 63 199 97 74 143 118 182 
32 166 182 29 34 1 57 192 168 41 17 109 94 143 35 26 37 8 137 24 105 73 98 21 80 25 88 153 124 62 150 76 17 183 144 189 90 42 41 162 93 104 171 80 191 7 21 114 195 60 171 2 53 139 104 186 127 75 194 184 8 58 82 31 134 75 72 183 35 103 142 11 194 63 61 61 154 153 37 166 190 113 189 186 143 151 44 189 67 188 50 74 123 191 171 168 131 179 161 60 113 169 35 190 53 169 191 150 159 140 150 199 39 168 84 56 23 149 198 162 38 58 71 139 190 
53 22 96 72 118 150 22 97 96 174 69 1 91 17 124 125 184 106 85 31 76 71 74 151 79 17 146 132 191 117 3 143 162 100 67 191 122 100 23 96 124 54 191 25 58 137 26 88 92 157 27 116 16 101 123 35 183 3 124 195 177 196 149 62 3 162 66 68 4 158 76 5 15 109 136 97 163 72 61 87 187 199 73 28 150 93 73 77 28 35 31 115 170 65 18 4 108 76 28 145 174 126 39 183 62 186 135 144 156 48 85 172 146 80 81 29 114 126 126 64 169 23 138 57 16 
181 3 94 194 19 42 130 200 89 196 192 45 166 183 106 43 173 40 37 40 27 140 103 96 18 133 193 114 20 5 34 135 163 100 186 187 178 55 145 42 55 178 40 22 139 39 165 142 184 183 29 141 162 42 125 169 3 142 135 161 160 163 7 56 107 185 29 176 196 151 27 176 37 121 135 92 149 194 120 28 152 28 195 196 58 19 64 76 153 156 144 104 155 98 120 188 24 160 179 198 113 46 144 148 164 136 63 85 164 122 59 42 9 165 121 109 148 167 118 56 168 138 166 20 195 
182 113 89 23 46 194 91 136 24 150 66 122 149 108 75 36 153 26 64 115 149 6 32 33 115 188 122 143 78 81 181 152 54 191 55 191 170 139 154 63 56 88 106 10 136 21 18 13 54 17 141 181 22 68 88 85 166 123 129 40 130 95 181 168 155 134 124 89 189 86 162 41 180 18 72 12 176 103 80 149 89 172 33 100 42 10 6 72 140 126 114 16 83 142 169 100 129 13 96 8 74 66 74 137 151 158 165 25 123 14 47 39 198 165 15 143 29 117 194 85 157 95 142 94 86 
188 198 50 27 199 131 137 3 11 69 19 177 54 68 159 49 79 199 118 114 128 166 199 147 26 26 88 83 141 27 49 131 59 85 170 28 22 152 64 181 139 175 39 33 10 42 191 5 67 69 13 20 137 134 118 78 189 141 158 137 122 8 9 182 195 117 80 131 118 17 99 200 144 98 144 99 124 60 130 19 60 171 170 113 112 172 27 57 83 11 198 137 71 93 70 156 159 92 178 110 60 4 141 52 95 32 64 89 197 156 187 134 200 51 49 33 194 25 121 33 9 69 4 109 12 
197 89 142 11 97 77 141 195 52 160 16 113 76 81 89 196 164 162 130 136 188 155 38 33 156 12 86 75 138 112 104 33 87 7 111 51 34 38 103 28 51 185 33 137 110 143 74 30 70 133 85 102 122 191 23 17 156 24 139 59 107 139 24 132 113 120 71 121 2 21 171 105 66 182 161 96 103 10 41 69 186 115 197 153 139 150 123 30 158 133 47 164 100 195 69 197 89 50 21 100 7 178 150 187 97 131 54 130 145 48 6 108 129 65 18 194 62 196 169 130 198 9 155 23 76 
78 86 47 150 168 182 15 1 110 193 42 35 100 48 66 129 133 99 181 81 70 183 102 59 113 109 106 80 70 28 39 8 61 138 93 168 31 107 179 104 112 43 151 28 189 35 189 52 164 172 53 74 19 108 14 168 108 155 126 182 119 113 110 132 197 151 43 183 75 37 4 43 138 4 17 1 71 83 185 195 199 112 11 74 152 64 178 1 61 88 123 140 108 133 158 190 28 49 138 163 57 110 133 106 110 143 55 117 193 23 124 40 58 127 195 46 130 150 66 72 179 167 152 152 43 
94 148 6 35 173 118 33 97 79 28 144 167 76 145 82 57 129 128 56 4 96 191 47 139 167 12 78 33 80 143 56 176 85 124 116 127 195 34 160 11 90 109 163 168 120 90 81 167 19 187 163 96 50 155 127 191 48 22 109 149 15 154 150 185 177 199 18 54 39 93 73 93 27 154 122 69 156 104 110 66 162 81 191 17 85 23 39 144 140 141 81 105 102 11 1 57 65 176 161 168 174 154 168 20 164 18 108 17 68 130 109 31 21 134 182 154 193 131 69 47 178 165 118 117 22 
160 139 97 86 34 41 164 69 29 156 127 151 117 188 121 166 22 177 61 73 21 165 113 154 132 1 50 103 184 4 111 189 175 130 133 138 133 172 64 96 59 141 85 181 75 35 147 193 153 110 136 33 158 140 145 23 101 42 140 88 16 62 25 96 134 132 77 46 114 43 139 108 15 75 176 97 84 86 141 162 192 171 80 55 118 92 14 86 74 33 94 93 122 165 49 88 16 141 137 146 111 33 122 66 89 19 34 188 166 121 198 65 71 174 22 181 50 81 190 187 2 185 134 130 4 
122 165 126 143 12 69 127 37 118 27 15 57 132 197 120 82 66 110 141 137 174 104 110 54 45 42 185 43 6 23 55 143 164 146 173 120 5 46 123 172 151 99 110 4 91 192 155 148 168 118 71 195 67 28 24 194 12 17 147 119 1 126 85 120 152 36 198 36 81 80 181 151 176 47 63 149 82 168 128 23 162 71 56 89 25 149 165 145 122 168 108 5 91 106 3 10 147 181 42 200 14 46 122 19 91 151 97 58 165 150 177 48 77 27 135 20 16 131 182 192 174 139 199 9 63 
162 105 140 76 95 182 165 16 24 32 81 81 43 58 93 69 32 146 131 128 146 88 142 70 65 81 12 59 92 183 71 198 107 119 133 162 71 4 194 163 148 67 139 87 137 6 101 51 127 133 53 126 125 98 106 79 147 9 14 142 23 121 163 155 181 29 85 8 58 147 4 96 105 142 70 98 11 139 93 109 89 8 4 156 131 29 71 149 26 61 173 188 138 89 64 99 168 177 61 85 93 116 11 113 22 25 156 27 109 40 91 91 121 141 171 42 13 54 42 184 184 32 138 13 132 
87 194 185 85 97 134 118 100 17 19 117 82 7 95 42 100 144 22 55 7 163 153 29 159 152 34 122 190 39 84 116 152 96 120 77 79 4 97 87 26 18 150 134 51 143 2 48 23 133 43 8 174 70 38 126 48 54 88 59 110 91 171 32 99 192 88 21 103 140 115 115 105 136 176 88 80 35 37 76 125 192 66 45 15 23 71 158 142 68 80 128 13 23 150 184 66 152 158 97 164 103 111 66 114 65 138 80 89 4 182 119 199 60 178 65 122 42 71 169 181 94 113 94 149 176 
76 159 168 143 142 196 61 160 71 139 138 175 67 1 72 56 12 119 4 1 74 60 36 102 123 86 18 169 160 2 135 11 150 118 83 17 132 37 158 194 169 144 157 36 112 77 3 188 185 98 143 89 145 45 127 102 131 151 199 162 99 122 155 121 200 84 50 159 20 106 164 200 75 134 84 32 126 13 135 55 39 89 193 51 196 142 151 102 183 179 131 39 183 82 83 51 28 109 164 142 125 125 29 127 95 23 57 15 66 149 158 49 195 22 60 188 100 90 176 130 26 84 37 187 103 
80 167 41 129 132 31 48 116 58 70 63 95 48 70 98 54 51 99 47 188 40 194 167 104 122 69 144 183 98 139 185 137 48 51 74 72 119 83 56 15 66 156 110 42 21 171 199 74 98 164 180 62 52 93 158 171 144 110 97 115 42 98 100 36 7 144 153 18 165 37 11 154 54 83 56 83 75 27 90 139 26 170 160 183 78 55 108 35 194 103 55 57 75 152 142 158 69 32 109 89 82 147 32 95 180 21 3 182 125 147 193 81 63 189 132 49 172 121 148 49 110 101 132 146 43 
108 52 85 168 26 179 102 157 152 145 42 10 148 34 120 149 137 116 55 30 115 128 170 88 198 60 110 42 181 131 35 197 100 181 9 181 29 178 81 37 179 83 11 47 73 20 147 179 77 56 66 73 62 174 69 200 12 75 103 178 197 109 6 139 46 121 99 55 112 193 168 73 101 57 72 93 32 32 121 182 184 66 160 36 10 97 171 46 106 167 158 75 148 69 198 36 71 62 113 38 21 96 91 43 17 95 160 90 83 62 52 31 51 81 26 35 12 10 182 103 126 82 174 153 24 
168 39 21 175 13 33 117 200 5 11 116 59 168 53 33 124 55 65 109 35 48 79 127 8 76 92 163 49 169 21 175 160 181 185 82 96 66 142 166 184 57 127 19 177 92 23 181 51 126 121 179 181 174 47 43 65 1 137 155 148 41 195 125 134 102 192 89 186 106 121 122 106 41 159 158 8 5 124 9 5 77 63 86 129 36 171 111 19 186 155 190 53 171 29 160 38 197 112 44 26 43 41 18 86 52 55 132 198 32 158 146 186 82 153 177 151 1 188 93 39 178 178 157 60 73 
38 192 55 8 185 16 179 103 16 62 186 127 12 6 191 185 109 118 123 101 129 160 199 137 125 153 56 78 16 183 166 115 115 135 15 174 164 122 140 65 41 180 124 2 157 179 151 128 89 11 112 163 26 28 162 45 20 17 75 159 182 141 40 105 34 157 193 199 103 124 67 100 179 198 185 7 89 188 66 198 59 154 165 162 49 56 77 99 24 118 152 46 4 119 183 153 22 131 75 67 90 62 158 46 24 71 108 194 149 194 6 70 128 105 5 103 61 59 134 4 106 57 99 21 5 
142 184 33 192 131 179 102 33 146 200 116 31 81 130 134 171 79 60 94 11 98 149 195 111 131 78 131 23 87 134 28 128 111 44 2 5 194 60 144 40 39 43 175 66 120 89 31 134 184 71 88 155 6 195 8 162 192 45 11 99 5 72 134 130 13 38 34 52 69 20 76 59 63 156 197 24 115 65 45 120 124 91 166 186 21 60 136 160 184 185 2 39 190 131 84 109 175 182 192 98 195 53 27 148 81 176 2 191 79 35 152 39 149 169 59 12 125 119 85 33 74 10 18 160 158 
22 131 168 10 155 136 27 192 23 106 91 176 23 177 160 2 134 96 175 199 184 95 126 108 101 146 38 96 59 167 87 26 14 129 147 71 152 180 137 193 19 25 129 196 83 101 60 71 44 12 64 74 33 51 168 36 86 92 105 199 103 91 33 75 104 129 149 156 65 128 5 42 171 161 185 86 46 39 120 31 80 169 101 50 117 73 161 35 26 54 18 182 30 89 72 19 181 150 127 22 200 122 12 18 131 126 100 161 121 154 182 184 60 180 139 172 124 126 115 25 198 89 58 17 47 
91 114 186 192 129 86 134 40 188 30 153 193 13 17 3 46 191 117 180 97 8 9 71 40 31 21 173 145 62 167 38 120 110 125 46 88 18 196 94 128 4 101 161 28 36 86 51 64 101 159 57 121 33 176 32 158 136 54 152 55 71 97 47 142 105 35 188 25 67 41 169 121 46 118 137 164 27 75 29 172 194 2 20 45 104 68 78 5 92 152 22 92 193 39 179 148 33 178 65 145 5 62 140 140 22 56 157 120 195 145 154 195 99 148 86 145 144 34 30 138 67 172 91 184 142 
42 40 155 166 154 80 182 55 84 145 183 39 101 135 167 170 178 183 52 90 119 83 163 174 163 82 48 86 138 45 164 104 64 170 16 90 158 168 8 159 34 48 173 123 50 89 137 192 117 116 15 62 104 185 121 129 42 126 131 92 72 56 180 138 62 111 9 163 37 77 122 76 130 128 191 158 67 189 63 173 159 141 161 155 126 56 189 154 70 81 52 48 3 90 6 94 126 6 103 100 123 179 19 28 99 36 185 148 135 37 168 23 191 190 91 176 6 29 102 55 107 10 89 75 99 
178 182 30 129 195 101 176 107 171 60 3 37 94 47 106 199 198 132 159 103 41 176 123 59 144 66 110 176 126 45 51 198 81 184 182 4 69 56 108 38 1 30 137 70 194 164 196 186 124 118 41 189 21 134 80 93 72 180 39 75 24 42 94 164 177 116 118 104 11 139 185 107 143 58 124 157 136 65 17 105 16 128 118 171 196 164 188 124 168 148 164 128 143 123 94 115 117 133 120 21 29 87 191 92 168 6 34 144 136 96 6 16 37 25 77 83 148 10 29 178 98 141 82 130 158 
106 127 69 150 11 175 86 174 184 82 160 116 165 49 165 96 152 184 95 42 68 193 115 97 98 189 168 127 190 58 31 75 106 131 93 84 114 120 91 139 80 71 109 41 127 144 110 38 40 101 131 17 131 197 136 122 38 86 139 42 181 39 161 88 147 170 77 68 59 90 181 70 153 48 150 37 7 128 146 147 80 57 76 176 76 23 128 74 180 128 170 122 42 168 98 69 183 92 186 192 86 140 117 73 121 200 79 16 8 72 118 193 135 41 77 118 40 188 10 53 55 142 168 188 119 
48 37 52 30 109 84 35 15 131 126 62 56 116 179 77 154 35 78 192 152 140 15 56 80 180 112 13 165 135 40 94 67 81 179 160 40 20 69 103 22 62 163 168 21 87 177 34 30 9 36 101 6 74 87 103 175 170 43 160 75 128 86 93 184 174 66 103 6 199 189 86 97 28 10 194 37 116 34 100 119 113 191 7 70 151 178 168 165 106 23 43 200 60 159 154 86 75 84 104 107 172 173 124 94 139 52 83 124 114 60 197 116 142 145 74 63 122 19 197 97 185 13 30 84 59 
5 200 66 112 12 51 74 99 174 146 159 148 185 149 101 7 89 52 33 56 47 89 170 112 135 106 133 89 9 94 161 173 100 82 145 46 84 106 8 66 35 169 16 136 39 124 118 125 8 195 18 13 195 101 39 55 156 175 190 139 131 39 125 17 87 42 59 179 75 6 3 93 23 10 38 58 33 139 187 98 12 146 181 125 66 122 14 152 168 195 91 53 75 78 3 47 167 129 56 13 41 59 184 157 69 104 89 131 102 96 116 177 61 181 200 182 176 129 199 48 28 113 38 63 130 
181 185 184 151 36 188 172 155 81 18 83 116 23 147 154 101 158 137 163 21 69 134 172 141 16 182 83 128 179 181 33 186 119 166 51 71 91 28 144 95 194 98 174 23 145 39 117 71 62 37 182 163 93 38 44 174 102 40 139 38 197 177 186 156 115 166 192 62 99 9 59 105 179 134 28 122 190 109 149 90 15 87 100 80 178 158 31 72 140 94 146 168 144 111 10 147 120 97 79 170 115 4 79 126 139 169 190 134 182 89 101 198 92 177 186 179 179 124 197 139 191 87 45 113 135 
126 40 122 26 46 190 19 58 20 129 21 188 190 5 181 148 140 11 59 149 8 109 51 8 170 87 75 32 30 84 193 21 83 18 142 108 58 117 46 70 3 4 165 104 20 178 127 29 165 46 132 7 6 122 151 127 71 162 132 73 164 2 141 100 37 115 18 50 140 194 23 82 22 152 144 129 175 73 7 40 31 112 156 191 26 106 82 54 140 50 91 119 175 148 169 3 31 9 111 5 56 58 89 46 3 183 140 45 9 70 59 167 54 16 9 119 140 187 29 40 170 173 42 103 169 
122 6 24 156 52 143 100 118 55 81 194 88 43 31 155 199 169 134 62 118 179 177 77 147 150 136 13 126 60 6 183 2 174 158 192 60 7 33 141 58 78 132 195 66 102 196 45 36 65 27 59 35 110 56 106 11 144 195 81 140 53 43 56 173 65 5 155 101 187 146 27 108 141 135 161 99 115 191 145 133 147 101 54 162 135 177 80 67 150 192 140 49 186 45 62 11 51 119 187 37 159 73 161 182 131 165 200 192 60 119 196 132 45 173 134 72 73 48 107 46 48 27 89 117 30 
91 79 58 13 151 150 61 200 80 163 165 134 194 182 186 179 13 5 41 14 101 30 16 1 158 16 119 185 143 38 75 160 171 122 38 12 46 24 158 99 2 34 44 42 28 159 36 122 55 170 40 10 159 137 196 45 12 96 83 11 157 80 9 64 132 49 128 53 48 174 105 157 38 10 97 133 165 143 127 104 48 87 90 193 64 59 142 28 130 25 38 97 113 98 181 8 151 108 47 92 15 64 37 160 141 46 127 57 35 184 28 6 157 178 43 21 184 35 124 189 198 54 22 94 136 
29 181 141 20 166 164 148 168 70 177 47 173 173 138 157 118 197 23 56 126 168 131 72 9 21 51 81 100 178 46 174 61 6 7 96 164 3 103 103 29 21 188 130 21 37 99 69 95 20 101 19 53 188 91 115 24 177 35 56 120 105 54 176 193 40 199 142 6 19 90 170 66 103 121 74 184 69 84 78 120 130 125 71 158 11 61 140 47 119 62 152 79 165 61 12 2 30 61 128 195 171 85 80 135 3 55 8 119 177 103 182 65 107 35 149 45 103 29 191 45 86 101 184 36 86 
106 20 37 115 26 194 167 17 172 85 150 75 6 88 90 21 118 183 4 115 110 20 121 199 144 160 25 64 103 138 109 185 95 173 19 159 29 114 193 1 61 79 80 98 190 89 66 154 133 63 111 197 60 27 88 16 63 48 8 149 50 64 39 196 47 136 81 118 178 110 94 193 15 175 193 69 130 90 5 144 114 133 97 184 127 145 105 135 157 21 71 190 9 156 108 155 129 68 104 189 132 40 80 108 92 141 36 118 21 84 181 67 71 78 89 158 178 158 123 38 137 142 127 109 9 
152 161 24 30 60 26 175 54 182 111 61 27 18 11 96 171 150 197 87 97 82 35 19 83 100 110 139 175 102 159 173 33 14 193 83 23 39 31 192 42 185 142 74 88 56 97 182 169 194 111 35 35 166 141 182 152 183 90 96 6 113 196 150 69 113 63 41 9 38 12 150 191 1 49 74 135 157 75 149 28 23 180 112 138 196 57 168 159 65 19 135 152 22 191 98 106 199 150 64 139 176 90 200 129 178 179 16 105 153 10 125 158 183 123 57 106 142 144 2 12 88 112 31 126 63 
143 174 38 183 175 57 112 117 61 125 162 177 199 35 165 161 154 17 37 103 139 180 59 33 38 6 161 82 135 43 140 164 63 16 183 103 57 18 87 92 181 53 134 160 85 64 177 169 194 78 152 102 85 168 121 174 142 165 81 65 157 42 101 23 55 116 185 32 38 43 99 60 172 151 179 10 49 95 17 81 102 26 58 24 54 188 174 12 95 193 37 35 56 94 138 62 180 136 137 169 198 3 134 54 80 169 191 169 156 196 163 176 8 17 62 50 19 141 37 157 66 195 49 179 102 
96 165 95 184 141 17 67 70 139 186 37 6 158 76 2 126 15 71 31 148 66 122 40 137 72 152 64 68 185 169 126 125 91 79 162 110 195 61 92 78 190 128 114 158 27 134 145 112 125 200 66 193 193 81 99 143 133 69 38 53 93 85 60 77 170 200 53 120 193 27 16 79 23 189 2 106 92 181 162 178 1 62 162 93 124 143 9 177 180 21 107 140 109 141 98 15 109 187 3 60 38 136 186 149 54 185 68 24 29 37 113 181 67 84 28 26 80 161 197 26 117 140 63 138 138 
119 22 4 61 131 122 118 115 137 123 147 138 100 130 197 67 74 10 150 174 157 47 55 91 101 141 155 119 178 104 171 186 140 181 94 35 184 31 91 186 55 141 91 148 86 161 112 184 9 104 149 134 66 177 64 60 172 34 110 52 152 91 195 111 116 53 196 127 172 160 153 106 55 114 73 114 90 188 138 190 171 18 49 64 3 34 195 169 164 89 2 163 58 5 166 132 155 47 184 69 28 54 1 76 188 112 73 156 176 94 131 192 165 52 6 10 152 122 187 53 68 117 166 136 182 
24 86 163 2 182 57 155 68 29 192 79 1 2 147 88 37 21 55 66 200 24 130 125 135 172 199 158 162 89 17 168 153 109 41 39 98 89 134 56 56 159 200 41 37 7 29 100 62 90 197 74 10 5 190 40 81 28 103 120 133 171 164 14 74 62 12 124 189 160 37 41 166 133 155 165 64 150 63 78 25 1 182 103 22 106 29 134 115 59 140 66 173 118 65 132 11 66 155 20 55 117 193 103 1 128 41 42 63 172 96 56 159 123 86 57 61 137 46 174 122 65 10 107 28 14 
48 54 77 65 105 73 60 92 163 119 156 91 71 171 110 62 37 94 69 160 182 52 192 102 199 49 100 139 29 147 44 38 71 131 56 168 115 8 46 62 184 154 97 37 120 104 184 179 176 98 70 90 199 138 146 160 85 154 2 38 79 65 40 170 106 160 90 21 62 117 81 183 7 64 31 4 179 47 137 62 155 195 83 36 167 143 102 53 46 106 109 147 69 87 47 23 127 82 50 117 16 63 54 121 117 101 179 81 10 16 84 96 187 42 7 96 177 63 111 102 175 99 184 117 135 
45 128 30 46 147 124 199 35 101 77 14 146 62 159 56 16 100 146 199 61 95 143 93 118 156 184 8 159 159 88 66 115 128 182 169 138 148 166 168 34 57 108 172 167 141 64 5 138 10 96 132 165 115 23 9 137 143 191 171 173 33 177 9 67 31 11 185 106 194 194 146 117 15 59 139 73 121 137 83 75 139 1 116 47 24 34 116 74 200 123 32 36 150 77 185 199 71 178 94 128 71 97 155 43 84 152 151 59 126 81 187 28 84 113 86 19 127 197 133 164 180 154 57 98 114 
