50 6
0
2
1 115 195 505
2 146 138 698
3 250 186 -122
4 279 143 279
5 286 132 814
6 341 69 893
7 368 181 1816
8 484 132 220
9 559 120 1279
10 767 59 1003
11 877 173 1223
12 945 165 1275
13 992 20 1112
14 1019 71 1303
15 1213 94 1213
16 1384 44 1560
17 1394 103 1600
18 1424 22 1600
19 1427 154 1119
20 1530 160 1850
21 1595 1 1593
22 1597 13 1675
23 1642 65 1772
24 1709 165 2039
25 1765 12 1789
26 1859 23 1905
27 1902 105 2532
28 1918 13 1892
29 1958 193 2730
30 2007 5 2037
31 2181 177 2889
32 2210 70 2070
33 2243 142 2527
34 2251 181 2975
35 2349 33 2481
36 2366 161 3332
37 2391 199 1993
38 2459 153 2153
39 2489 25 2689
40 2508 32 2636
41 2561 152 2865
42 2571 81 2733
43 2573 10 2593
44 2598 62 2722
45 2624 93 2624
46 2639 9 2675
47 2652 83 3316
48 2719 148 3311
49 2745 117 2511
50 2907 186 4023
57 102 36 128 89 59 176 4 166 85 37 138 108 165 169 97 55 184 46 12 171 92 184 105 127 3 58 114 131 56 109 131 80 33 41 38 97 175 161 14 136 174 115 48 11 151 65 29 127 131 
122 64 59 103 62 158 172 9 156 35 199 6 33 19 137 2 102 152 187 106 73 146 36 142 123 38 101 31 143 120 33 161 67 55 121 32 139 23 190 192 80 15 180 5 156 36 160 61 47 39 
89 143 86 49 192 38 114 41 45 200 46 47 60 25 121 196 142 152 87 38 173 198 90 140 99 1 3 141 91 117 159 164 4 1 188 189 178 55 31 116 50 182 169 52 110 181 113 198 154 163 
102 174 178 50 22 50 152 42 114 21 180 122 49 142 155 126 102 50 131 70 1 39 21 120 57 8 164 54 107 184 20 49 106 123 5 133 16 192 120 40 182 196 196 92 3 175 95 68 64 32 
118 182 130 177 8 115 193 26 58 92 110 98 32 41 192 95 76 115 132 73 70 196 190 6 145 144 189 57 67 150 177 91 120 27 8 195 8 131 83 60 13 139 10 71 5 53 128 71 55 62 
111 81 100 168 27 126 182 63 113 91 151 55 96 102 48 189 120 78 156 129 178 166 43 82 65 18 3 149 103 180 180 91 43 163 11 153 138 148 125 12 27 137 126 150 173 99 167 190 28 121 
48 12 36 36 91 116 180 10 16 62 1 115 153 64 130 123 160 43 161 94 118 156 11 42 19 180 101 22 171 33 122 118 150 128 166 85 130 116 153 193 66 173 122 117 45 56 37 102 199 12 
26 16 18 16 164 180 191 125 109 164 19 21 185 84 46 131 6 170 196 104 145 108 158 2 150 55 6 40 85 39 161 99 47 38 182 185 148 192 146 17 194 127 149 41 160 111 82 50 166 74 
33 198 187 19 149 100 170 20 128 64 23 166 20 54 135 40 125 67 175 188 70 132 39 86 188 50 172 7 28 123 63 61 91 38 69 136 163 8 130 119 89 83 15 154 35 75 174 176 194 26 
24 13 105 168 171 127 26 140 66 196 66 84 68 8 184 175 62 96 105 179 67 57 157 15 28 54 134 10 64 159 10 151 2 120 183 194 42 145 8 71 30 110 19 129 44 110 179 178 59 115 
176 38 10 200 115 115 48 144 187 128 172 36 64 175 109 136 88 173 191 98 111 57 169 49 135 191 10 36 71 187 44 184 162 72 173 32 154 101 168 4 189 76 49 176 98 51 28 173 73 158 
182 104 153 158 73 179 146 164 72 76 199 164 51 44 194 135 115 135 25 115 98 1 88 152 60 85 110 84 141 96 47 30 153 141 106 197 177 76 35 18 157 93 68 66 19 83 69 159 27 91 
5 21 124 107 81 115 200 144 102 22 158 27 70 12 87 137 143 89 87 116 175 81 92 125 98 118 54 52 197 8 91 142 42 51 41 193 65 48 162 34 143 117 54 165 142 62 3 181 86 53 
106 35 193 165 77 134 113 85 42 199 75 14 131 177 135 94 137 146 25 183 25 88 50 56 156 71 121 191 114 35 26 167 114 177 123 131 98 92 110 161 160 116 62 7 174 184 73 22 81 200 
117 112 107 20 162 153 98 186 142 151 48 36 182 51 79 189 183 182 97 40 27 187 8 75 126 160 152 185 98 14 83 152 48 151 133 165 15 117 13 19 44 73 40 48 171 162 175 108 44 131 
139 85 141 70 175 165 149 4 106 56 105 33 45 134 191 113 191 44 4 9 32 77 8 18 46 48 88 186 159 191 69 144 30 22 10 13 160 147 41 166 96 71 147 109 10 41 60 52 151 88 
21 117 162 89 20 137 122 65 44 199 18 79 187 173 29 90 93 10 60 89 155 166 25 158 110 5 24 132 82 78 99 68 186 7 122 154 44 10 123 174 76 37 164 14 30 161 89 41 41 88 
122 191 96 163 38 124 83 110 147 150 92 155 14 196 83 98 131 160 172 84 120 35 192 21 168 76 77 174 38 86 6 95 61 87 161 62 130 197 20 84 11 42 13 21 159 96 195 190 165 91 
192 50 41 143 160 153 76 57 111 10 36 61 107 93 57 35 30 141 141 181 84 182 192 20 44 65 155 42 159 24 32 136 80 198 175 59 32 172 61 70 13 59 15 184 181 147 55 129 65 174 
191 150 78 95 165 2 138 27 80 149 90 57 158 80 179 89 106 130 28 110 152 189 85 83 11 130 139 155 131 156 41 187 148 142 110 35 164 47 1 28 95 136 103 10 138 94 11 197 197 176 
14 159 145 198 11 109 106 88 136 140 16 92 6 91 198 172 113 155 84 147 103 154 80 21 163 30 38 171 142 15 124 163 159 126 89 125 86 61 140 181 147 160 144 117 3 179 125 139 155 3 
17 134 185 149 114 98 8 92 162 112 42 198 181 148 99 131 65 162 132 130 108 106 173 104 62 113 28 137 143 7 182 59 38 122 164 98 117 54 154 142 88 85 200 129 131 8 26 35 34 143 
155 14 198 188 60 95 81 180 131 166 47 20 129 8 162 183 88 137 1 81 139 79 106 160 197 32 13 187 193 160 151 148 35 36 26 178 187 80 167 111 162 84 70 19 34 153 116 41 38 84 
23 68 166 193 64 34 191 134 4 31 146 2 125 194 108 55 18 112 149 100 26 128 89 158 6 45 197 43 139 35 91 195 20 65 154 9 84 26 154 30 136 104 107 14 83 112 110 117 15 99 
81 193 102 7 167 157 181 48 190 42 70 101 36 109 169 145 194 197 155 90 80 57 126 136 97 178 95 185 183 90 28 19 53 139 42 131 194 81 172 137 106 93 56 107 140 67 53 68 40 12 
119 195 98 62 57 69 34 28 173 34 61 12 163 83 6 196 88 54 84 190 131 112 138 106 17 75 55 57 141 90 42 177 109 1 144 50 54 113 169 38 40 28 92 86 131 16 77 177 194 81 
110 52 4 32 54 164 176 167 194 116 34 144 20 119 151 154 78 123 143 37 13 148 1 90 164 152 145 143 45 94 124 75 60 7 172 179 131 3 114 164 137 182 13 158 124 159 67 65 76 22 
82 137 79 8 100 121 14 147 43 81 78 121 178 109 45 83 83 107 191 159 33 83 179 117 129 8 60 89 47 141 58 4 10 164 140 150 89 85 139 135 28 100 17 172 199 115 31 8 91 133 
28 85 182 194 36 162 54 55 36 95 21 29 54 38 90 180 132 29 93 94 137 6 119 88 183 164 57 136 128 128 96 55 21 2 149 20 103 154 17 138 118 90 2 182 148 200 75 156 126 39 
174 32 172 172 82 171 164 86 171 36 96 125 34 25 36 7 80 199 72 154 24 63 128 192 131 118 56 143 66 82 73 51 27 130 64 40 1 93 100 122 66 129 39 162 184 169 87 183 99 127 
192 95 194 25 92 179 99 46 26 130 184 172 174 138 53 21 48 16 80 69 141 137 141 99 165 192 159 100 138 134 170 157 138 169 70 59 44 163 147 172 86 187 185 27 173 86 99 129 165 145 
126 174 66 52 121 124 105 165 66 65 114 38 133 57 122 140 21 110 62 193 42 89 67 44 5 84 16 157 167 175 128 128 136 132 196 121 170 149 109 1 103 106 107 148 125 172 127 109 54 98 
57 10 69 168 89 41 29 64 46 43 24 53 149 111 177 169 198 198 53 4 17 27 151 154 70 156 148 102 39 23 173 99 13 91 21 69 92 73 179 33 34 120 56 106 182 160 32 23 119 21 
47 173 19 24 169 27 2 75 158 135 6 125 186 199 192 198 62 44 76 190 187 45 157 197 138 14 54 125 84 83 189 89 185 48 35 149 12 90 38 22 8 157 146 21 62 131 34 137 108 111 
134 37 195 171 150 25 46 94 87 45 35 164 26 196 188 164 31 171 97 196 110 165 110 43 125 103 62 83 111 23 30 109 194 29 1 100 104 167 96 89 135 32 185 72 68 114 145 38 147 194 
10 1 150 170 164 121 192 167 68 59 178 28 17 179 19 190 170 134 135 137 111 51 165 84 38 41 88 139 137 4 116 31 37 56 178 176 152 87 65 68 144 118 166 186 71 14 20 71 190 129 
42 136 42 43 95 70 14 74 140 96 87 198 79 170 99 151 82 107 42 83 88 27 44 57 77 132 165 30 189 106 105 1 116 58 180 97 108 136 196 97 93 18 113 4 114 200 193 3 38 8 
123 128 142 49 65 128 127 9 19 26 149 159 84 191 172 30 174 136 59 186 65 63 34 181 73 15 64 39 156 24 97 130 5 174 30 186 143 134 25 174 31 145 104 82 192 114 145 80 56 117 
55 144 95 12 193 79 195 14 149 173 191 47 72 188 33 63 162 25 125 124 132 34 46 80 170 132 159 22 57 140 134 141 184 98 180 4 146 156 86 126 136 124 161 111 25 60 83 143 199 68 
4 74 70 134 191 141 56 174 43 14 98 44 109 108 88 75 133 72 162 126 101 71 149 187 82 18 53 64 47 84 89 109 20 19 183 190 54 182 7 51 192 171 120 172 26 193 77 109 64 158 
166 48 90 85 93 2 168 19 150 155 69 92 119 71 116 17 43 28 159 47 74 123 84 17 69 28 90 83 85 82 101 59 33 122 180 67 110 46 116 136 35 174 93 169 58 119 61 123 133 151 
63 147 39 67 13 44 122 126 11 171 137 106 10 67 184 104 83 197 41 22 128 13 192 34 120 171 164 137 140 2 95 37 114 151 132 1 167 80 89 168 16 163 127 160 162 38 94 54 90 177 
57 75 152 20 145 45 128 20 5 163 37 37 144 110 131 66 35 152 153 195 96 67 24 159 123 159 47 179 107 18 79 31 67 118 62 54 176 28 196 82 56 16 82 33 177 57 87 144 87 123 
29 154 57 107 122 54 86 43 173 87 140 137 182 24 34 45 141 56 169 49 90 48 129 119 47 160 109 160 27 19 19 111 115 65 176 89 44 2 198 158 133 82 26 140 166 120 91 75 189 91 
56 76 103 134 90 111 184 57 158 49 161 115 127 118 173 200 70 149 173 166 170 113 89 152 44 153 91 133 176 6 72 70 197 56 100 181 152 112 136 80 138 138 68 156 109 184 196 156 39 143 
189 48 152 137 154 186 24 111 198 118 191 174 8 84 132 183 73 20 87 16 136 186 8 16 194 90 12 110 23 39 169 164 196 20 125 91 74 65 158 65 146 4 135 106 51 189 80 169 175 173 
83 73 45 165 162 146 126 52 11 82 52 10 140 8 7 157 24 118 45 11 1 84 45 49 7 69 55 29 174 113 132 67 194 161 27 69 186 55 93 36 69 44 95 92 37 143 97 186 113 124 
35 192 121 183 86 5 136 31 100 62 134 40 171 22 65 101 96 2 18 143 153 142 97 171 36 66 5 147 158 74 108 48 151 37 63 61 25 184 73 18 122 123 151 44 29 181 125 199 181 17 
31 79 78 179 149 59 108 26 37 101 63 133 25 156 12 104 194 118 146 78 150 47 66 91 165 197 72 90 77 129 75 134 74 191 172 194 26 24 149 115 18 4 16 46 172 19 102 194 69 199 
68 37 180 83 158 86 127 72 165 97 85 4 103 125 183 16 69 190 18 103 174 92 139 110 91 116 25 195 36 115 89 121 185 40 9 84 12 84 87 49 112 30 53 179 139 151 133 66 110 78 
76 93 164 158 150 148 193 66 99 125 73 54 41 100 57 63 134 78 95 119 17 46 153 16 122 144 63 128 58 9 135 134 173 64 6 2 90 139 110 45 139 117 9 127 38 190 162 62 74 153 
