100 6
0
2
1 43 178 1467
2 85 82 85
3 86 95 466
4 344 156 1280
5 405 22 493
6 542 177 188
7 545 85 1225
8 715 96 715
9 829 112 1501
10 956 77 1110
11 958 33 958
12 969 110 969
13 989 31 927
14 1098 24 1242
15 1100 9 1118
16 1137 10 1117
17 1137 174 2181
18 1219 59 1691
19 1234 30 1174
20 1238 48 1526
21 1331 71 1615
22 1336 128 1848
23 1357 122 2333
24 1373 127 1373
25 1399 152 2615
26 1436 16 1404
27 1513 18 1549
28 1535 22 1579
29 1547 41 1465
30 1782 58 1782
31 1898 169 1898
32 1909 113 1683
33 1930 187 3426
34 1991 191 1609
35 2124 30 2364
36 2176 157 3432
37 2183 117 2885
38 2302 30 2542
39 2328 87 3024
40 2357 168 2357
41 2362 13 2336
42 2396 98 2788
43 2405 16 2373
44 2583 92 2767
45 2587 173 3279
46 2670 32 2734
47 2700 45 2610
48 2811 5 2801
49 2846 28 2846
50 2883 80 3523
51 3050 187 3424
52 3084 113 3084
53 3095 125 4095
54 3135 65 3655
55 3187 77 3495
56 3230 130 4010
57 3238 49 3336
58 3291 99 3687
59 3335 90 3335
60 3432 25 3432
61 3668 170 3328
62 3976 143 3690
63 4116 39 4350
64 4135 91 4317
65 4183 181 4545
66 4252 173 5290
67 4331 31 4455
68 4406 87 5102
69 4443 76 4899
70 4449 58 4913
71 4494 69 4632
72 4508 79 4508
73 4566 129 5082
74 4616 200 4216
75 4642 67 4776
76 4666 155 5906
77 4774 25 4874
78 4820 169 4820
79 4882 95 5452
80 4940 111 5384
81 4971 21 4929
82 5046 55 5156
83 5136 61 5258
84 5174 28 5174
85 5179 178 5535
86 5200 90 5020
87 5290 49 5584
88 5342 109 6214
89 5349 10 5349
90 5516 159 6470
91 5545 47 5639
92 5553 79 5553
93 5572 89 5394
94 5673 148 6857
95 5683 88 6211
96 5722 136 5722
97 5866 126 6370
98 5875 176 5523
99 5879 27 6095
100 6000 11 6066
77 191 101 22 59 52 88 144 108 74 88 188 180 159 105 128 117 195 93 27 97 66 157 83 46 135 91 156 55 46 56 97 138 143 143 162 149 37 123 79 117 172 107 181 50 139 90 91 39 155 148 46 107 150 36 102 89 38 192 139 175 23 101 121 130 34 72 88 82 76 88 76 173 129 163 41 28 58 95 153 91 94 189 159 69 79 112 105 139 185 56 20 1 102 80 184 56 167 8 169 
29 141 122 21 21 196 169 191 140 10 3 37 129 56 114 28 9 81 162 107 193 94 70 3 73 67 1 62 159 184 195 195 135 35 181 135 186 171 79 57 189 24 92 156 5 171 9 83 143 36 139 45 185 173 163 125 71 161 107 197 20 88 114 161 105 153 15 127 52 102 35 81 32 63 190 154 30 74 1 136 158 135 44 16 91 57 111 197 23 173 106 61 145 20 69 1 105 144 84 185 
44 10 64 194 100 97 27 138 51 134 79 119 36 179 35 198 1 1 94 108 148 176 14 180 69 162 101 31 138 172 95 16 146 65 132 129 163 25 68 172 15 61 26 84 69 11 132 169 183 12 18 141 126 82 109 157 178 43 117 157 193 4 176 158 138 72 9 25 126 5 153 87 192 142 110 183 182 185 134 61 21 89 157 11 128 11 2 50 25 17 190 119 69 52 67 22 96 122 29 12 
94 183 191 181 81 119 7 67 108 139 28 147 46 31 64 186 155 131 198 110 92 186 169 60 43 192 54 184 27 28 105 165 178 154 39 45 114 124 92 33 173 39 143 44 146 199 145 101 166 83 55 191 81 52 82 49 41 12 145 148 136 138 188 20 194 177 76 151 108 121 115 104 107 46 89 176 159 134 25 163 114 97 4 38 69 35 123 85 82 42 36 133 44 101 181 85 124 77 95 134 
18 142 96 94 128 180 35 127 123 44 117 7 197 171 16 108 190 30 20 17 117 95 12 112 166 87 112 40 65 175 185 7 143 95 162 8 97 192 51 195 178 33 89 107 120 11 84 164 196 34 105 143 38 77 95 192 62 98 114 5 10 169 177 147 155 89 87 84 94 93 45 64 143 42 43 139 31 158 195 107 31 75 121 22 149 91 71 146 78 150 125 182 96 174 53 119 199 72 1 200 
92 26 131 158 128 198 147 131 103 60 111 82 182 82 55 47 85 48 132 121 13 131 9 149 51 65 129 57 144 108 30 116 14 127 95 4 199 147 142 95 199 129 138 124 83 109 4 142 140 190 100 96 182 2 153 193 52 141 60 187 152 114 145 145 184 22 110 4 93 16 188 96 129 125 107 26 132 104 4 51 199 27 188 88 131 131 172 96 57 123 21 195 46 124 159 182 117 37 1 136 
15 136 177 137 23 119 195 88 46 24 170 124 87 49 153 26 175 1 160 72 112 197 63 53 62 95 33 62 24 45 164 188 137 151 115 1 12 168 29 128 48 142 94 61 90 151 105 168 53 89 118 139 111 26 89 19 20 33 124 26 194 180 170 142 47 149 178 101 181 79 39 184 95 126 124 179 101 38 123 75 161 70 193 192 73 8 154 173 191 49 198 112 148 160 117 92 118 48 82 163 
123 93 106 142 109 6 119 126 145 5 110 140 45 104 84 27 73 59 75 199 93 113 2 3 32 106 165 185 4 29 46 41 60 74 132 134 18 173 169 4 122 153 13 65 165 87 148 110 124 55 182 74 153 129 69 138 89 19 63 67 9 23 104 143 130 99 48 139 9 42 155 49 27 84 182 25 186 108 76 7 26 116 161 53 31 96 114 183 115 14 125 98 48 130 170 159 55 116 103 69 
107 153 163 154 81 161 126 97 92 101 105 41 156 127 96 5 87 192 24 43 134 129 103 149 30 142 26 190 24 134 151 13 158 62 70 30 51 177 21 174 146 82 40 93 20 50 174 91 167 142 39 161 54 160 115 58 31 123 170 154 162 46 181 143 31 197 187 160 7 69 21 60 172 92 168 139 110 14 100 67 125 78 81 132 175 6 105 72 48 27 159 51 140 168 17 32 130 153 71 139 
121 102 6 132 87 192 97 144 4 23 93 103 172 9 93 32 107 102 88 72 160 139 129 66 147 21 166 73 187 74 143 74 170 83 63 174 115 82 94 73 130 68 34 139 143 79 61 156 6 41 99 74 104 51 144 39 48 28 133 160 131 156 33 114 58 168 106 178 57 71 77 159 137 142 151 49 153 125 168 40 135 94 30 104 123 96 118 110 170 118 166 44 140 165 97 100 11 174 107 79 
71 38 34 44 50 78 83 150 74 10 187 171 48 200 31 68 82 17 55 46 83 115 177 93 100 30 134 93 60 125 124 187 192 100 107 45 23 18 42 99 32 200 132 42 130 44 127 158 90 158 4 184 127 19 58 185 159 109 131 165 137 81 66 111 57 151 61 137 119 76 65 58 135 87 79 94 58 102 26 174 35 84 50 130 85 154 199 123 137 122 15 167 36 82 148 114 19 92 62 80 
1 152 157 57 167 26 80 35 28 101 165 37 18 56 118 76 53 64 35 111 165 96 154 116 139 95 61 113 122 126 30 32 117 84 199 150 89 77 31 155 58 197 43 55 144 30 93 47 172 198 87 143 85 69 28 63 125 62 25 6 127 37 84 49 100 153 169 61 179 64 175 78 66 55 121 81 78 138 199 84 148 98 45 44 146 28 123 43 151 14 19 55 22 181 85 168 63 80 164 82 
92 1 65 144 22 154 106 196 174 140 117 162 136 189 164 163 25 18 186 76 66 185 46 4 196 22 3 83 154 59 130 1 143 136 123 161 17 105 37 106 59 11 26 43 150 59 44 80 74 154 58 76 100 192 135 105 110 114 75 86 199 159 96 59 147 43 157 142 179 71 44 139 114 102 60 76 200 185 69 3 164 101 23 178 148 186 96 178 75 80 26 179 158 150 189 155 151 124 159 191 
169 71 64 198 102 23 36 168 196 180 14 82 85 32 68 174 171 141 118 140 190 192 10 57 164 133 1 139 126 99 43 87 138 50 130 44 170 14 93 112 77 159 100 177 177 180 137 42 19 57 25 58 188 46 81 98 195 118 181 77 77 4 176 193 154 183 37 54 83 21 46 198 103 70 61 168 83 110 143 186 19 91 68 57 97 28 77 148 181 156 24 144 16 171 50 102 140 26 14 134 
101 17 180 70 70 47 107 44 165 169 191 14 91 102 134 129 34 105 110 197 24 198 197 172 74 89 9 26 198 51 159 154 188 112 114 65 186 36 140 142 53 16 131 63 120 16 198 124 128 5 51 173 78 8 74 164 47 82 196 140 42 42 39 76 119 46 43 171 62 179 131 122 127 19 15 36 14 117 6 31 153 197 119 111 158 162 13 58 37 34 131 171 20 117 157 112 170 23 63 7 
113 116 14 86 139 156 180 74 90 20 69 26 169 18 182 44 6 198 1 180 184 86 110 25 90 193 72 11 123 100 38 90 159 31 153 18 46 68 87 189 190 177 196 50 61 8 154 148 175 110 140 82 101 133 192 90 88 191 196 24 19 165 46 72 146 60 167 56 126 52 89 154 63 58 123 99 72 15 34 188 107 155 20 126 182 93 179 28 79 166 81 21 171 173 49 91 123 115 87 7 
35 63 41 127 42 107 18 132 61 191 49 6 72 110 109 54 168 125 82 114 6 153 103 117 166 49 171 167 23 87 46 134 121 59 72 28 195 181 110 2 72 9 105 148 79 115 44 96 91 48 66 29 42 34 83 110 160 163 72 151 138 103 55 143 111 105 149 103 180 179 59 80 83 159 115 166 35 154 15 195 16 79 38 68 173 36 34 121 134 116 42 41 162 95 35 68 189 74 179 128 
67 46 197 90 200 46 1 26 168 120 71 187 32 163 32 76 199 47 24 173 13 168 175 37 83 137 158 131 124 150 158 153 103 110 74 36 25 42 82 125 80 20 148 117 96 122 41 183 114 128 70 7 108 69 113 134 94 200 103 60 96 16 18 1 57 114 171 7 197 31 47 154 91 54 138 194 173 172 11 146 61 36 138 184 185 70 146 97 40 42 72 30 65 35 171 28 170 83 95 188 
60 171 58 148 115 162 172 10 133 183 30 135 170 113 34 68 139 45 194 5 94 159 11 45 45 39 120 35 163 182 63 37 90 30 47 137 17 147 34 51 26 74 198 29 95 145 88 151 129 67 44 40 176 61 29 121 51 7 118 10 62 167 142 94 175 153 124 144 157 53 156 46 5 63 35 164 108 182 179 133 193 67 164 165 24 168 3 79 183 6 10 34 49 197 5 123 121 31 125 166 
44 120 78 146 101 163 178 65 53 123 173 63 58 62 173 198 150 140 198 66 129 118 81 23 90 197 174 116 116 99 73 105 45 4 57 173 198 92 46 146 51 190 200 127 180 99 87 200 155 183 151 146 160 174 68 195 91 185 60 184 185 11 115 66 103 127 64 157 96 93 148 140 151 8 101 3 196 162 124 136 198 135 61 174 199 74 197 184 72 22 103 129 19 74 60 21 32 36 107 142 
76 18 154 194 100 162 85 106 79 10 137 91 118 76 14 29 89 131 108 175 184 157 187 156 115 119 162 114 36 146 28 108 33 93 188 186 111 74 79 196 116 130 70 168 4 110 153 46 168 17 94 171 101 96 156 143 35 18 2 121 16 25 103 10 44 36 22 144 97 82 69 38 177 111 54 44 133 74 62 107 187 135 150 51 18 95 96 166 74 168 193 57 160 156 118 111 115 76 198 144 
178 158 76 65 165 42 163 76 144 199 49 177 1 120 18 1 197 16 15 116 96 7 69 18 130 187 63 163 118 31 46 6 27 135 162 145 189 26 64 137 51 189 192 43 140 40 175 195 35 130 191 192 64 21 27 166 75 61 71 39 61 155 8 75 73 174 23 10 57 62 85 146 37 138 146 175 31 16 103 138 73 146 66 20 158 45 191 158 54 11 156 138 162 109 60 93 3 15 162 58 
158 36 108 171 128 57 182 50 26 161 137 164 85 184 195 173 105 176 124 158 140 155 47 30 188 178 90 27 6 182 54 45 167 69 94 148 17 170 90 177 188 181 165 51 80 120 153 160 178 137 174 103 182 172 22 57 160 141 191 152 67 58 78 142 180 8 88 105 47 44 99 141 129 158 200 5 109 174 169 59 111 95 162 159 154 147 21 174 20 154 113 80 127 86 71 15 171 140 28 85 
65 18 150 57 11 183 89 115 52 116 7 8 80 150 31 91 80 10 29 49 159 95 55 44 51 51 185 192 171 56 71 179 56 47 126 45 198 4 198 44 160 169 196 150 150 198 112 55 8 85 19 166 21 76 11 97 40 157 174 185 64 23 109 152 165 177 14 171 6 27 21 113 75 192 15 135 13 57 104 182 178 155 180 124 9 154 151 158 31 40 86 163 134 71 142 161 186 119 167 56 
81 83 107 96 145 94 26 180 178 14 150 29 150 105 180 85 3 181 171 134 166 96 68 41 50 126 123 93 158 141 144 2 89 8 59 197 33 168 157 10 8 5 189 127 90 83 89 200 32 190 192 132 106 131 86 111 168 141 34 114 91 182 33 59 10 170 143 138 25 71 105 162 149 68 102 106 14 86 6 113 71 118 89 163 187 76 104 16 95 62 125 30 97 107 61 79 25 81 111 90 
171 159 44 188 199 182 97 59 80 34 85 45 145 82 111 13 34 150 160 200 195 187 47 107 156 146 96 99 35 142 101 174 32 178 73 58 127 116 131 112 99 118 102 110 191 129 170 79 144 97 63 83 185 172 190 111 195 162 110 130 30 22 82 29 170 177 145 113 95 5 154 11 172 120 83 93 53 143 43 165 60 153 115 190 134 142 4 96 81 141 30 98 31 112 128 146 126 143 151 117 
10 77 53 8 77 66 120 161 46 21 123 154 90 12 95 57 75 174 86 27 141 112 7 76 19 178 51 95 55 190 102 119 59 159 18 178 131 189 197 130 195 76 30 111 27 17 11 122 121 39 27 58 180 148 103 27 117 170 200 79 6 164 187 156 23 130 120 147 43 30 80 190 96 61 25 85 82 172 39 102 69 81 130 73 36 21 48 116 77 29 13 71 107 171 17 134 138 190 13 165 
163 124 56 60 1 104 3 124 100 132 155 15 98 155 34 21 109 111 113 20 56 165 190 199 116 4 172 134 109 140 185 41 188 107 76 7 188 33 6 173 106 184 55 171 195 22 120 22 71 91 148 40 197 30 113 121 28 133 198 115 113 150 61 17 166 60 175 103 135 92 88 84 171 11 198 164 146 15 75 17 140 111 132 113 5 170 129 77 132 105 19 159 199 105 102 144 142 49 111 125 
112 93 84 149 7 75 95 43 135 29 64 164 35 18 128 126 76 67 93 123 48 13 53 12 103 167 165 161 137 126 153 195 167 152 83 88 158 171 71 133 12 113 174 118 18 197 178 48 65 144 32 112 153 169 85 142 180 153 101 59 37 17 157 107 52 148 119 142 86 60 195 161 147 166 128 52 102 37 166 175 22 35 158 135 81 135 128 4 107 25 182 121 121 3 173 164 193 120 8 152 
194 53 105 37 31 8 9 128 53 111 71 34 89 192 162 141 5 101 175 1 77 45 97 115 8 122 126 73 34 152 62 136 178 140 125 23 5 27 14 190 117 105 86 191 99 150 74 98 187 73 174 167 115 54 85 192 150 69 178 147 51 107 57 132 174 143 135 166 26 91 55 190 170 182 76 41 169 111 139 44 111 68 13 144 137 103 188 20 75 49 20 47 87 138 162 69 198 11 100 21 
63 167 3 110 114 26 134 106 125 14 15 165 143 127 179 161 37 22 11 101 157 7 50 130 85 10 105 179 103 112 182 105 82 120 182 82 142 110 48 183 72 67 189 200 21 79 44 126 199 62 52 74 149 111 168 4 27 173 145 17 162 15 178 131 99 179 104 116 110 196 141 57 64 15 110 38 169 36 95 66 148 154 99 27 41 60 113 141 50 121 55 146 44 31 51 112 31 55 147 102 
84 84 39 89 88 81 86 18 97 125 79 162 1 164 99 62 28 140 17 45 32 119 57 117 163 34 128 81 47 97 137 26 174 95 79 188 5 19 45 148 65 138 114 33 56 44 177 159 155 4 160 64 65 185 63 65 73 40 58 52 117 46 182 49 113 12 19 134 75 71 87 12 147 94 31 191 150 183 141 14 193 141 56 87 156 186 47 153 70 121 107 189 75 7 72 6 179 49 185 26 
65 191 118 175 102 129 134 153 167 120 122 179 169 5 104 159 34 155 69 14 150 189 193 25 41 134 114 154 181 53 189 200 64 142 175 68 38 65 44 56 6 131 144 190 125 35 147 77 57 110 59 116 135 193 200 108 170 170 24 68 61 110 165 141 66 136 148 162 39 22 118 153 192 72 74 31 103 143 88 96 5 31 13 178 200 123 151 187 113 30 44 6 187 19 78 175 182 53 104 71 
147 139 2 113 117 45 65 134 163 192 45 7 6 27 156 88 182 188 167 192 183 31 58 147 152 41 139 158 146 152 73 72 31 181 114 166 152 8 170 31 30 86 70 107 15 46 22 72 130 197 4 109 76 146 31 167 91 10 139 124 81 135 43 150 174 169 134 25 121 90 32 76 147 40 94 191 145 194 64 155 170 19 172 153 49 196 149 189 156 189 25 159 67 164 160 14 156 8 86 186 
75 29 117 40 200 189 83 67 74 97 83 71 59 161 169 198 163 91 85 26 47 112 12 145 13 170 105 85 174 103 13 48 12 44 114 179 102 34 111 192 187 27 59 104 13 198 111 44 125 124 93 145 169 137 10 59 153 71 93 179 29 25 102 54 27 187 35 64 27 131 37 199 103 104 123 141 107 68 153 104 43 93 154 75 32 83 14 14 7 90 112 101 37 125 115 86 36 105 191 63 
125 55 85 159 178 106 138 18 181 129 47 133 163 190 172 128 16 48 192 25 91 131 71 49 42 117 192 43 147 113 28 170 55 6 163 93 102 113 6 47 63 199 109 112 50 195 111 20 46 123 169 132 143 28 101 13 23 177 88 118 141 35 125 158 36 43 57 98 89 126 41 62 93 18 34 57 93 97 36 61 190 15 169 113 71 190 111 102 22 169 17 139 56 183 197 19 70 126 60 200 
174 108 65 192 171 156 123 44 103 130 91 4 97 159 36 188 35 8 88 140 13 27 98 16 47 12 62 200 193 115 5 95 150 146 86 199 84 37 185 55 174 30 3 63 184 32 163 51 119 121 152 183 194 77 8 157 70 156 68 20 200 46 99 157 19 139 147 33 8 10 4 52 118 145 56 37 185 84 181 43 11 150 200 185 34 46 82 42 81 145 39 171 15 22 59 71 70 50 120 46 
18 84 45 39 117 171 156 19 139 73 114 72 44 110 96 71 152 169 158 94 169 34 195 26 49 158 172 98 190 190 139 119 194 22 195 74 113 47 110 176 133 196 198 153 75 115 133 186 24 188 123 197 160 130 22 111 117 70 48 39 39 32 167 24 46 189 168 121 114 10 6 106 91 51 60 140 35 83 6 97 174 197 71 50 49 187 32 120 13 2 180 92 180 5 78 48 20 32 3 4 
161 120 145 196 118 112 122 126 15 32 135 38 82 181 159 43 76 174 60 75 133 35 177 94 5 12 86 143 66 32 189 60 145 123 123 42 170 45 72 189 140 144 89 69 122 182 197 47 157 32 173 57 155 170 143 81 72 54 139 126 116 83 116 161 157 46 108 8 72 49 130 1 19 195 154 138 100 193 1 70 121 135 165 141 178 103 159 143 163 192 141 45 149 26 84 89 154 9 9 142 
193 23 21 142 91 22 131 85 104 174 97 107 114 107 86 185 50 185 26 147 112 192 160 31 25 137 167 86 13 169 84 145 157 47 194 39 126 102 142 197 157 176 5 158 36 82 114 179 177 90 169 16 103 58 97 45 99 20 122 167 83 28 111 72 95 123 105 98 191 108 139 132 102 128 176 123 142 61 200 114 44 173 199 198 143 8 134 56 200 3 64 189 106 133 3 166 71 68 128 99 
2 108 163 142 46 52 78 196 200 59 54 197 4 142 195 153 178 77 24 100 51 159 196 92 89 95 69 138 16 155 171 91 150 23 78 87 93 53 58 9 182 164 136 167 24 157 67 57 119 175 200 186 8 59 131 65 25 124 115 93 117 53 152 182 126 109 35 178 122 46 186 144 7 140 1 95 85 115 172 150 89 163 14 186 46 32 140 200 185 178 84 178 101 21 136 13 26 90 14 39 
187 100 148 112 170 82 114 117 55 18 7 167 99 14 158 9 67 79 182 136 30 13 170 142 174 34 181 86 185 43 97 79 36 14 38 59 165 135 16 122 41 185 41 20 17 159 23 147 80 105 56 134 11 195 65 20 172 89 69 97 18 28 47 54 31 138 116 50 13 28 191 100 157 100 27 118 175 97 42 145 13 91 135 57 84 173 165 190 85 181 29 156 65 156 110 192 41 28 46 127 
35 170 200 28 38 125 98 64 34 127 194 162 188 99 69 20 113 70 40 72 136 109 196 168 23 133 107 140 61 162 108 133 39 12 174 18 198 65 4 199 61 78 13 134 103 143 75 37 150 100 22 46 187 59 141 164 167 200 152 119 126 25 66 105 27 45 22 82 58 145 7 10 31 125 152 47 2 139 5 194 174 136 69 148 41 89 59 37 83 113 110 87 137 51 137 19 26 26 136 36 
146 195 82 13 68 27 150 80 25 61 154 48 153 57 40 4 63 134 21 160 193 175 134 87 45 90 30 192 7 52 33 155 188 32 156 52 130 74 151 103 143 165 18 47 43 70 149 152 6 96 120 6 29 66 61 75 88 11 176 120 60 50 37 11 164 191 24 49 122 154 64 175 66 16 136 4 159 44 151 177 47 62 181 167 120 121 18 102 125 57 175 106 139 105 195 75 184 123 194 109 
88 67 42 28 68 149 15 48 106 194 14 200 32 41 45 31 130 94 153 163 146 128 54 105 86 10 143 2 104 53 59 35 83 142 3 101 112 105 73 131 186 146 29 67 121 63 161 46 65 114 6 42 66 110 51 89 49 139 146 38 90 91 82 130 111 119 97 27 127 145 43 200 26 170 3 141 197 28 123 157 69 173 184 124 162 141 172 133 78 195 175 161 180 6 33 162 71 40 74 168 
80 156 112 45 186 40 156 65 77 94 62 15 7 148 150 93 82 83 190 129 89 163 47 139 132 60 87 164 109 65 177 103 130 193 54 70 21 112 82 97 46 69 166 33 15 100 183 102 44 82 103 135 101 184 134 88 93 4 129 72 181 157 134 97 144 147 155 28 138 30 5 106 10 64 115 26 187 101 51 60 171 22 20 68 53 50 16 33 102 158 130 53 87 82 13 21 95 14 129 32 
64 69 185 183 38 13 18 138 55 195 13 54 40 186 79 17 22 121 44 128 10 27 45 183 170 135 20 68 101 186 113 141 153 26 170 18 13 27 31 158 85 56 37 60 34 193 187 97 151 84 66 113 123 27 19 50 152 102 103 142 15 41 116 174 29 118 22 44 4 126 79 141 180 121 13 78 39 88 171 160 162 142 111 155 86 7 27 125 188 117 144 1 3 48 134 172 51 82 2 80 
174 158 52 111 26 32 40 162 107 195 38 43 131 5 195 14 147 123 130 153 110 144 173 99 104 100 27 178 192 82 15 177 99 101 9 178 31 98 136 63 97 172 173 166 140 137 73 175 127 189 60 150 142 199 22 170 15 55 9 163 20 62 192 115 179 24 2 84 148 1 106 48 73 32 152 147 105 102 27 173 132 115 15 175 174 36 192 195 17 186 56 74 122 96 195 65 18 64 10 3 
53 55 166 60 174 79 187 101 63 68 152 147 144 192 90 4 64 28 176 164 19 94 17 19 20 34 130 70 125 197 162 168 88 198 37 75 124 47 126 91 80 140 91 19 9 110 133 145 100 7 94 144 46 129 86 49 181 115 12 38 12 66 31 173 170 103 14 112 51 151 193 9 41 112 197 37 28 63 38 33 129 70 104 112 108 143 181 185 35 127 32 104 41 112 95 14 194 12 114 131 
175 120 49 93 6 19 198 75 51 110 41 105 187 124 28 64 18 89 66 194 53 77 50 162 118 102 35 41 20 174 134 106 197 108 69 63 158 42 180 86 197 72 160 88 186 137 6 18 73 127 132 197 154 195 32 81 102 43 150 96 181 40 118 119 138 144 119 25 148 193 25 66 57 110 176 159 140 4 198 39 166 111 99 17 123 122 51 40 93 47 138 153 64 63 121 30 159 10 40 73 
114 60 126 32 34 83 38 32 167 161 119 192 4 142 167 13 5 168 174 65 10 72 130 8 131 70 45 156 95 50 99 25 27 198 25 80 169 108 181 181 179 70 11 60 195 79 125 20 137 31 74 55 163 6 28 38 133 110 172 80 173 4 33 28 48 128 59 34 51 186 41 27 89 20 113 190 13 196 71 108 106 22 198 183 47 65 98 190 18 114 124 100 123 115 93 27 58 20 70 104 
147 200 164 81 187 55 17 84 89 58 170 65 143 27 179 38 103 99 104 149 113 55 5 155 92 105 120 12 23 91 23 151 133 49 85 105 84 76 18 186 150 152 20 141 44 118 189 39 19 62 187 193 135 193 108 70 96 112 145 158 177 157 167 97 153 28 63 197 184 81 134 84 153 142 48 91 146 26 128 178 191 137 174 159 14 55 117 9 34 81 68 85 56 114 103 37 12 170 180 33 
112 118 45 121 171 55 144 77 60 91 150 80 127 109 32 141 160 12 155 43 77 42 104 55 57 159 194 55 45 167 47 58 149 177 117 15 119 41 170 58 162 164 60 165 164 131 42 82 42 129 85 72 77 106 34 75 190 144 160 29 155 30 150 167 98 159 7 8 138 21 135 115 193 112 164 29 97 33 172 193 173 10 147 190 129 173 145 109 160 35 186 171 144 117 95 131 198 58 22 80 
92 56 151 16 52 99 40 133 164 190 45 76 9 59 74 165 155 25 187 103 77 70 11 38 138 81 56 91 99 35 104 73 26 98 152 196 58 60 100 67 4 68 17 67 150 164 22 183 153 165 16 98 36 191 129 89 103 171 101 198 122 74 200 175 21 115 175 92 51 35 4 158 113 17 83 26 31 135 109 15 122 92 25 60 191 22 157 180 173 179 144 193 163 48 30 36 199 36 75 19 
7 15 116 116 139 24 10 128 142 104 76 78 130 107 96 17 70 135 139 20 112 122 121 158 9 70 177 186 22 67 49 42 132 65 78 135 183 42 24 80 119 14 76 88 13 144 107 84 13 23 64 47 127 190 190 138 169 123 52 150 114 76 78 26 3 120 111 147 15 150 200 19 54 136 135 89 13 100 115 137 9 110 12 37 38 178 91 149 102 182 67 42 97 100 61 168 130 64 95 116 
184 58 5 186 169 34 33 193 178 30 11 43 95 147 54 140 67 37 58 59 122 44 174 139 181 18 99 33 4 136 129 139 47 114 146 132 2 100 8 108 109 103 25 121 172 173 87 5 119 188 76 160 62 178 139 122 21 6 115 29 23 62 104 128 32 180 35 11 107 37 150 115 182 164 188 28 43 125 147 126 96 20 158 152 64 64 104 2 113 102 26 179 29 38 199 122 149 46 134 75 
161 89 86 173 97 44 128 85 50 144 55 136 185 98 12 77 172 179 170 72 5 8 57 117 164 191 59 163 54 137 90 88 190 149 63 20 119 180 24 7 153 144 184 150 164 76 188 133 66 119 93 3 29 4 121 72 28 164 54 34 14 141 162 195 64 26 73 17 125 88 87 116 72 89 21 100 4 22 2 140 21 40 39 193 110 131 163 116 39 144 13 122 64 72 22 9 156 140 134 186 
182 115 14 104 43 139 158 59 141 193 186 8 69 8 165 69 184 181 36 29 71 62 197 45 99 31 57 12 42 27 65 129 101 81 3 1 143 84 23 90 198 186 103 184 51 71 103 136 117 24 103 77 44 196 184 135 1 47 57 157 122 39 40 48 3 190 132 95 174 179 90 163 83 11 87 79 151 78 147 96 138 47 159 128 158 140 111 139 46 181 69 69 39 172 118 104 80 176 94 37 
118 45 33 123 55 149 46 111 121 20 157 46 92 30 149 98 20 28 173 184 165 193 54 16 76 184 29 108 187 68 110 198 67 102 130 37 93 2 14 89 3 1 56 81 49 184 183 167 18 162 4 17 34 73 187 2 81 71 91 41 83 82 99 132 185 187 66 67 12 10 99 80 191 13 41 155 140 138 64 93 152 180 114 63 34 108 95 161 4 27 146 101 79 171 69 7 103 140 64 102 
82 24 74 27 76 90 40 1 73 114 48 98 45 155 176 175 127 41 193 126 2 173 98 54 177 35 200 135 119 63 145 196 137 17 16 8 176 38 40 39 52 73 130 10 68 184 61 128 144 148 91 58 92 186 192 27 83 172 7 121 162 186 82 79 139 13 110 90 162 73 140 55 44 135 15 89 130 180 126 176 14 106 165 84 181 137 115 22 10 114 193 149 64 34 14 86 101 193 164 106 
50 2 38 120 163 28 165 11 6 155 152 76 6 20 163 34 194 60 186 40 33 164 152 78 134 141 23 119 28 95 141 168 15 33 151 78 39 175 1 34 108 146 33 84 11 33 35 168 197 25 67 148 155 50 65 26 177 70 108 146 66 188 23 142 123 134 156 125 117 14 78 135 108 133 199 167 76 44 127 159 117 145 54 181 42 186 79 132 82 20 8 41 197 139 116 58 192 115 123 14 
110 12 28 191 189 10 8 85 147 116 156 25 75 192 160 148 144 57 58 36 98 95 76 82 55 7 197 148 146 62 189 19 151 77 55 4 102 141 27 89 39 132 25 161 85 199 163 56 190 125 95 31 198 181 37 162 55 67 179 71 65 16 143 1 133 14 156 113 170 106 14 119 105 134 71 71 70 149 90 106 37 167 179 75 50 197 92 108 87 1 164 30 36 78 160 29 119 19 114 103 
196 37 59 83 180 28 72 134 176 34 57 8 51 150 122 194 197 62 2 16 103 190 106 51 14 167 37 88 80 54 45 96 11 39 61 124 136 197 6 33 118 16 23 155 186 71 64 45 185 57 133 60 58 68 159 93 83 22 42 79 186 11 97 5 64 81 172 77 70 141 73 73 69 61 139 3 73 168 1 47 127 150 34 166 164 149 10 174 11 95 197 11 169 32 53 42 175 154 89 184 
123 132 177 63 75 180 191 153 6 195 135 154 137 141 97 52 56 14 54 135 143 53 98 81 184 48 87 11 58 68 72 139 182 35 85 59 65 178 94 11 101 105 116 4 22 59 18 78 129 146 134 121 38 50 8 12 7 115 185 86 101 26 95 120 63 106 98 72 155 18 165 178 196 23 165 38 144 94 67 106 179 200 85 32 182 86 110 54 198 100 182 143 138 142 164 62 82 130 50 119 
141 45 105 93 44 157 43 123 151 157 138 164 105 151 144 190 190 126 6 64 69 99 157 138 107 190 81 63 16 82 116 92 88 170 129 131 38 111 147 104 45 57 65 190 189 168 32 179 50 72 85 51 87 71 199 142 24 28 31 8 26 123 129 73 26 144 102 187 30 16 15 11 177 77 66 35 40 84 61 148 79 1 6 71 170 111 52 155 20 52 179 40 86 175 106 2 120 91 32 7 
56 64 157 83 30 39 170 42 91 50 129 9 168 125 38 147 41 158 119 195 181 124 109 19 65 139 197 37 188 154 198 82 148 98 182 9 16 87 96 46 67 112 186 56 65 119 200 110 144 173 134 102 111 149 58 100 36 20 163 99 60 113 174 104 89 190 29 7 20 101 135 35 15 25 40 126 93 111 9 146 89 114 103 138 148 167 103 44 133 194 74 164 42 87 76 177 178 181 17 15 
143 113 180 128 51 192 169 121 125 7 189 56 163 186 88 35 41 200 71 99 120 167 28 29 67 96 58 41 87 55 94 116 146 37 86 148 48 169 24 68 75 168 124 133 190 22 134 30 195 31 28 75 192 160 75 188 166 165 30 190 179 55 58 140 113 169 132 153 82 106 90 139 34 64 10 134 99 85 8 152 153 24 125 18 42 73 108 72 186 69 193 131 59 189 10 49 79 154 15 200 
159 139 38 34 83 5 26 10 96 104 127 185 140 200 157 3 187 7 177 148 168 187 116 75 2 38 148 144 53 124 101 107 142 2 124 46 29 16 121 180 96 143 159 87 115 92 31 80 190 20 172 193 160 48 182 88 138 146 142 15 172 62 98 33 87 105 74 152 64 60 184 90 95 12 72 36 133 188 133 167 106 42 34 22 14 171 101 79 100 75 59 102 79 151 13 155 11 124 194 119 
42 81 181 196 198 163 68 52 182 42 59 108 180 66 120 122 65 135 185 56 67 114 159 132 186 156 39 196 142 91 197 178 123 8 181 121 186 111 129 56 178 141 151 40 8 104 34 44 20 165 164 28 2 40 70 65 5 26 150 130 47 71 116 103 164 36 116 36 36 58 153 116 28 189 57 94 127 145 116 175 88 29 23 115 128 6 70 33 171 159 38 150 195 152 71 62 57 9 163 97 
76 163 32 90 46 119 41 73 123 114 83 13 140 66 130 125 136 97 75 94 91 131 165 56 21 129 120 188 158 128 110 156 37 163 195 152 80 190 5 13 65 51 179 87 115 189 91 86 37 15 144 179 139 136 170 126 53 137 127 3 103 94 129 105 126 66 137 64 135 177 72 17 8 151 163 170 31 192 48 93 78 59 142 61 86 94 47 97 171 198 163 183 34 177 121 129 143 185 176 178 
11 132 173 81 184 71 109 133 14 160 187 183 174 48 108 195 30 2 23 99 6 110 100 6 38 47 63 158 175 170 194 176 70 134 27 90 126 127 173 156 7 76 154 118 53 33 116 128 125 174 25 13 77 72 103 107 67 24 135 120 28 133 119 127 86 149 64 106 100 37 172 60 160 16 4 79 12 199 57 150 167 40 22 121 149 143 155 15 129 76 65 78 24 166 198 64 60 148 43 26 
37 40 180 164 92 23 143 30 169 2 115 195 190 139 106 186 6 197 13 176 129 161 70 129 19 69 175 83 146 42 21 49 83 140 148 152 5 145 83 22 112 109 94 180 144 79 99 22 168 166 192 117 102 124 48 110 152 22 33 129 112 132 154 173 36 151 119 151 80 162 162 38 119 179 96 107 86 47 153 69 73 38 55 52 93 173 179 171 130 32 80 118 165 16 30 170 145 183 74 73 
132 162 147 150 36 159 140 145 75 184 122 30 180 6 7 100 198 158 52 144 193 21 111 87 143 60 60 117 196 179 57 162 114 78 80 8 7 189 55 36 197 90 24 88 105 31 191 112 164 149 131 196 190 199 110 126 17 146 176 123 108 61 142 91 142 141 4 80 96 179 188 46 75 116 10 31 163 117 137 15 6 52 150 175 157 140 166 190 88 173 152 176 144 157 159 48 183 86 198 92 
45 32 25 135 89 152 200 13 68 195 118 21 22 31 110 130 9 192 57 45 130 144 10 76 126 14 12 133 132 72 133 91 173 130 146 47 17 28 122 42 142 113 79 121 137 37 38 53 136 154 137 2 127 110 153 147 173 136 91 176 177 160 142 117 132 48 184 47 188 68 51 71 146 23 23 132 21 185 168 185 24 29 75 109 181 163 129 11 93 25 52 53 167 141 95 15 43 17 120 142 
30 194 98 11 76 71 56 123 173 10 125 63 123 6 72 10 54 193 177 55 58 182 101 129 2 154 192 100 103 91 10 128 98 111 9 146 132 6 12 150 111 61 23 120 40 101 167 89 117 95 32 58 82 186 43 82 176 200 77 16 143 124 111 42 56 83 196 196 4 58 172 128 116 149 70 127 102 62 49 136 44 9 107 22 57 107 171 73 192 67 142 84 70 67 199 198 75 16 8 46 
139 190 33 75 1 117 118 183 139 164 151 188 159 112 89 115 129 14 140 73 48 25 127 101 117 77 70 176 12 128 82 93 157 19 92 167 132 72 135 40 1 185 5 168 79 45 182 128 119 32 176 164 54 198 50 31 111 169 190 153 25 182 96 93 34 132 196 110 120 41 12 71 8 192 131 168 167 34 8 164 67 165 189 167 12 35 147 56 72 19 11 60 71 181 37 198 131 90 120 171 
99 146 191 56 5 73 199 88 182 57 33 5 8 168 50 129 12 24 139 195 114 168 39 119 184 176 2 128 33 55 148 2 163 174 59 33 5 27 149 115 200 20 25 171 90 19 177 191 105 74 22 36 76 62 79 88 184 162 121 160 23 17 148 172 193 161 19 40 92 151 68 95 116 181 186 85 16 200 111 159 85 13 114 110 134 116 194 173 44 52 66 57 52 119 144 195 160 59 141 34 
178 88 8 85 19 74 22 159 64 189 149 191 187 115 161 125 120 37 5 177 87 86 78 3 93 78 109 71 152 106 64 44 74 87 21 155 30 166 42 44 34 113 44 172 68 28 62 171 90 131 58 35 106 158 74 171 152 35 143 124 25 72 140 133 48 171 24 42 51 157 175 173 197 7 86 57 99 145 127 54 45 79 31 74 81 43 157 122 42 62 125 14 165 12 15 20 160 104 173 126 
132 69 176 89 25 104 55 149 138 56 93 181 147 194 182 89 185 15 199 25 187 151 26 13 83 172 128 184 116 38 120 15 87 65 51 200 175 55 142 16 11 92 6 36 162 28 166 28 92 177 7 97 16 71 79 60 12 173 51 93 121 62 58 102 95 23 198 73 59 105 126 35 8 138 93 164 125 135 76 158 90 43 133 6 199 156 11 189 59 64 98 100 6 74 96 55 133 91 125 163 
61 89 42 140 68 159 2 172 97 42 48 31 4 153 49 150 183 199 2 187 193 46 164 121 155 65 68 165 137 1 124 196 18 154 95 132 152 187 59 106 34 127 102 103 41 182 74 5 39 5 140 15 126 179 52 36 136 101 200 131 80 118 194 122 40 142 10 151 89 3 156 89 98 104 56 66 11 44 129 139 162 67 176 137 57 45 108 15 164 50 80 17 159 134 29 6 192 91 115 57 
74 126 137 24 159 50 6 89 114 9 30 166 118 153 51 183 37 115 123 1 191 92 11 193 163 129 123 73 175 150 92 21 188 117 11 147 76 192 112 89 31 103 164 72 90 113 20 31 162 167 179 174 30 110 34 133 131 118 108 200 191 58 82 15 114 71 146 124 163 76 137 144 73 13 162 149 100 22 64 10 160 26 28 22 79 186 38 168 188 112 146 174 126 132 194 136 31 139 118 154 
135 125 108 185 124 116 72 105 97 154 14 105 86 26 156 33 82 52 58 110 9 7 157 162 97 171 90 156 90 36 196 24 139 162 147 60 39 107 99 37 2 106 193 154 53 122 160 172 57 61 149 94 12 93 42 56 50 194 198 126 101 54 131 50 24 139 108 19 90 68 14 95 16 89 30 156 152 158 46 127 93 158 195 114 51 173 4 24 89 175 75 21 73 133 88 78 120 138 145 74 
83 134 30 121 46 30 3 102 88 118 167 47 152 97 53 156 167 174 155 121 64 36 45 127 99 123 30 57 75 162 95 42 142 19 60 181 1 35 73 21 147 133 147 94 38 19 55 42 33 35 152 116 151 5 76 90 197 194 194 4 94 78 168 66 136 66 184 81 79 177 134 131 185 35 159 50 118 81 60 17 70 43 56 21 128 133 158 108 112 23 119 105 61 183 23 60 14 47 168 161 
39 64 38 146 174 38 193 160 37 125 78 188 186 191 161 197 115 124 155 159 85 147 173 154 150 18 194 52 129 25 80 12 148 29 150 184 65 59 114 75 134 91 199 82 26 56 60 75 131 59 119 74 162 137 83 153 34 137 64 99 18 125 140 76 110 178 20 75 29 186 79 64 8 159 66 52 127 65 55 189 191 153 71 55 121 20 166 2 50 106 43 80 149 179 51 117 134 181 159 49 
47 55 107 38 137 155 166 25 146 55 120 73 43 95 45 131 131 43 154 6 164 146 190 99 131 132 120 151 32 43 150 55 72 73 29 178 1 191 107 176 178 86 133 20 107 178 18 57 186 88 52 132 199 152 131 80 23 50 185 96 56 177 68 130 64 18 83 9 171 189 16 155 3 26 108 1 198 25 177 136 53 61 38 144 170 85 174 3 67 152 118 100 178 86 159 83 100 190 127 130 
78 176 33 79 41 4 177 166 179 159 94 195 135 85 85 174 35 198 186 95 89 173 19 179 177 67 199 195 129 88 78 91 162 99 28 146 8 23 183 157 10 167 39 197 53 98 107 95 72 189 6 124 39 7 128 122 199 121 59 66 37 19 58 135 112 118 58 9 71 132 65 49 104 180 15 134 18 183 49 120 35 167 175 109 52 105 47 89 184 69 12 59 133 190 116 159 180 172 173 39 
63 199 112 69 53 106 182 184 32 50 72 132 67 186 18 196 186 183 115 175 82 185 22 135 122 22 115 131 188 71 100 140 31 2 67 174 186 184 22 39 173 120 29 151 14 18 48 35 130 163 124 117 79 75 86 44 21 33 124 45 129 160 55 4 191 33 160 21 54 50 117 164 67 33 42 31 125 148 53 191 110 118 181 3 162 158 123 152 195 56 49 3 184 85 124 99 15 166 174 77 
26 117 135 131 96 140 67 130 45 16 145 78 46 83 195 148 197 5 60 192 50 13 111 97 102 97 156 48 83 67 31 59 51 82 200 53 10 196 167 56 116 50 197 54 177 98 60 152 17 160 35 90 129 64 121 126 186 52 84 32 165 161 33 92 129 108 92 146 123 101 132 17 83 126 15 56 77 144 35 18 188 63 58 33 179 125 58 168 67 135 187 160 68 150 175 154 191 22 191 179 
23 56 133 184 96 34 58 179 139 108 13 22 38 45 123 95 15 200 35 193 8 68 192 183 5 168 5 134 71 71 118 18 23 129 151 65 6 83 168 151 38 7 116 119 138 54 42 135 114 11 63 118 137 187 184 98 128 146 181 108 126 37 4 20 5 50 15 168 51 68 137 132 126 137 171 142 89 160 93 5 57 32 145 18 67 152 176 120 154 80 118 145 72 138 149 41 152 22 153 157 
1 110 106 24 164 1 177 69 145 9 197 80 54 180 115 144 125 28 111 189 80 36 26 39 41 43 29 95 189 101 97 161 56 60 189 88 44 158 129 79 129 189 171 104 62 37 26 11 83 88 159 121 86 23 162 126 132 47 144 105 10 90 88 154 191 93 152 168 136 193 74 103 20 32 11 111 189 17 124 64 43 36 18 71 97 25 180 28 96 71 119 15 200 5 182 35 102 47 113 148 
5 157 138 80 131 148 35 48 143 157 120 187 120 116 9 73 102 18 69 102 3 171 28 166 95 96 170 187 186 9 108 90 151 64 162 196 170 177 97 147 44 17 198 55 50 42 1 21 9 191 117 13 185 118 88 15 92 61 129 157 170 113 104 25 25 16 142 30 200 50 68 62 125 31 128 138 154 84 123 62 50 168 11 94 30 5 131 188 67 83 103 110 175 195 139 123 55 96 122 115 
179 151 193 188 96 196 98 106 186 153 13 141 119 69 75 163 74 184 90 40 35 102 7 21 20 116 158 28 31 106 86 187 55 163 147 10 121 34 83 35 173 30 90 30 131 182 3 194 102 48 176 54 120 100 66 12 113 33 195 124 124 131 111 62 135 112 191 175 33 151 190 198 115 76 87 197 31 141 63 5 27 84 36 21 199 164 41 76 26 174 4 110 147 36 102 198 20 166 60 8 
142 87 124 100 43 107 42 37 166 37 137 79 129 99 44 16 34 87 66 186 78 126 27 79 117 138 39 103 134 183 196 164 158 35 61 76 176 152 2 8 92 194 10 50 5 42 185 14 116 87 58 66 105 57 121 66 179 108 24 116 135 147 27 142 159 156 149 32 48 25 46 45 140 74 59 131 102 36 160 179 37 53 104 66 184 139 40 77 90 156 109 195 143 138 185 150 166 154 26 111 
132 193 165 68 106 6 147 145 188 36 153 152 134 137 131 150 77 85 105 199 106 70 116 125 90 89 64 146 140 57 159 111 65 57 41 167 3 115 48 141 88 100 172 56 177 128 166 177 42 142 121 20 68 35 175 101 190 65 151 35 144 54 173 58 9 34 164 147 173 175 37 134 68 149 43 22 167 92 1 60 118 72 98 37 38 171 139 26 28 47 42 35 109 186 140 73 108 132 107 119 
12 84 116 28 121 68 196 181 160 78 123 80 108 172 176 151 14 25 119 154 196 153 64 124 148 82 183 99 65 195 90 89 194 73 30 77 125 119 5 112 180 180 191 62 127 184 83 77 117 107 75 64 120 58 72 16 193 118 73 186 33 5 100 66 165 39 97 68 165 40 107 16 78 168 147 28 196 113 28 58 140 31 145 101 19 103 33 105 31 58 136 22 63 102 194 187 167 89 56 152 
153 63 87 10 46 125 35 175 27 44 134 94 93 47 147 2 57 129 98 132 60 122 163 85 2 130 7 13 125 100 29 43 29 119 115 157 102 79 78 151 114 89 146 94 65 36 116 182 8 105 183 154 181 12 173 30 122 149 38 124 196 115 46 152 196 120 94 154 194 131 55 2 142 60 75 88 178 60 83 96 107 52 166 79 43 115 120 36 124 93 40 147 120 115 104 179 37 166 197 170 
118 155 139 146 164 38 126 139 67 185 82 158 64 182 190 128 42 96 98 64 94 20 10 71 13 94 5 41 89 31 72 189 61 62 154 17 1 117 189 171 66 23 13 112 69 32 71 24 172 151 180 43 139 38 126 84 161 144 81 77 6 149 31 24 186 73 53 120 142 75 161 114 28 143 88 108 125 9 83 126 195 190 93 192 9 25 108 65 30 162 41 27 157 91 147 69 139 169 20 103 
31 71 148 16 173 6 55 188 173 29 122 153 197 112 54 62 68 88 38 45 77 52 190 37 196 157 92 134 139 54 30 56 7 28 108 191 198 179 50 45 49 65 162 119 68 190 193 62 184 84 178 40 12 150 6 10 169 122 6 114 195 93 46 83 107 166 94 188 161 171 73 106 77 159 31 42 130 178 29 178 71 21 4 149 115 158 144 70 57 187 96 170 96 120 137 174 128 15 54 70 
47 146 184 120 4 92 190 46 100 197 79 158 2 36 188 21 164 129 42 125 50 69 156 8 189 166 139 185 40 65 173 117 114 20 177 175 43 69 33 45 32 132 158 121 83 133 172 67 71 143 131 61 139 142 169 23 89 26 151 145 100 27 5 182 64 25 96 125 31 149 11 166 115 43 104 105 121 110 7 116 84 189 110 84 78 12 74 89 52 158 82 11 47 70 9 127 38 200 158 37 
159 122 38 11 161 133 39 27 197 179 68 76 18 88 98 147 5 12 2 169 63 124 47 13 176 37 46 94 187 97 7 185 168 132 128 56 11 94 71 54 83 73 28 5 53 131 129 188 79 151 146 108 125 148 84 154 102 158 112 171 43 52 10 186 182 81 158 97 96 153 143 136 38 162 135 82 74 192 174 191 102 67 137 5 115 33 198 136 184 130 75 126 128 52 116 153 58 86 175 7 
39 39 23 55 66 13 84 197 137 170 109 75 126 166 84 118 126 1 147 13 83 30 42 90 152 140 140 176 71 68 87 7 2 69 8 4 184 91 53 51 195 66 188 31 121 49 37 34 151 181 76 23 199 112 36 101 152 79 33 117 23 54 32 198 130 141 130 183 129 153 108 137 87 139 116 102 172 183 161 176 86 154 114 129 145 115 55 193 33 51 186 182 117 161 10 30 145 191 195 123 
