150 6
0
2
1 8 9 26
2 48 22 224
3 60 51 -42
4 92 101 92
5 274 18 382
6 390 187 1138
7 537 156 537
8 538 140 1658
9 571 46 663
10 674 144 1250
11 705 190 1845
12 715 140 1835
13 724 192 724
14 753 184 385
15 759 138 1311
16 776 47 682
17 780 50 780
18 784 167 1786
19 849 191 2377
20 903 59 1375
21 909 73 1493
22 1047 88 871
23 1285 157 2541
24 1369 80 1209
25 1544 65 1414
26 1611 135 1341
27 1612 28 1612
28 1848 145 2718
29 1873 185 1873
30 1906 102 1702
31 2152 197 2546
32 2285 72 2285
33 2323 26 2479
34 2608 130 2868
35 2645 43 2645
36 2929 143 3787
37 2979 188 3731
38 2994 153 3300
39 3028 39 3262
40 3147 33 3279
41 3166 97 3942
42 3170 1 3168
43 3324 192 2940
44 3331 113 4009
45 3364 115 3134
46 3378 153 4602
47 3411 199 4605
48 3419 100 3619
49 3567 127 3567
50 3634 45 3814
51 3660 68 3796
52 3718 191 3336
53 3768 140 3488
54 3769 101 3769
55 3769 25 3819
56 3770 59 4006
57 3835 113 3609
58 3893 22 4025
59 3971 90 4151
60 4001 60 3881
61 4050 49 4246
62 4087 36 4087
63 4141 28 4365
64 4156 185 3786
65 4181 136 5269
66 4267 3 4291
67 4385 60 4625
68 4491 90 5211
69 4702 125 4952
70 4718 80 4878
71 4755 187 6251
72 4774 87 4600
73 4789 124 5037
74 4866 25 4916
75 4884 148 5476
76 4943 129 5459
77 5011 72 5587
78 5041 83 5373
79 5047 125 5297
80 5150 96 5918
81 5195 141 5195
82 5237 24 5429
83 5259 129 6291
84 5272 29 5446
85 5326 143 5898
86 5383 89 6095
87 5426 58 5310
88 5520 165 5850
89 5544 78 5544
90 5554 54 5878
91 5579 157 6521
92 5610 72 5898
93 5657 116 5425
94 5666 15 5756
95 5686 98 5882
96 5701 4 5709
97 5703 73 5703
98 5721 89 6255
99 5761 135 6301
100 5766 116 5998
101 5775 12 5847
102 5791 86 6307
103 5793 100 5793
104 5896 141 5896
105 5959 145 6829
106 5991 194 6379
107 6049 31 6111
108 6056 194 7608
109 6059 124 5811
110 6146 88 6850
111 6193 105 6403
112 6218 79 6534
113 6374 135 6374
114 6405 173 6059
115 6419 23 6511
116 6449 88 6273
117 6461 85 7141
118 6598 156 6286
119 6645 145 7515
120 6678 130 7458
121 6717 129 7233
122 6737 34 6873
123 6742 153 7354
124 6759 33 6693
125 6831 139 6553
126 7013 87 7535
127 7023 107 7451
128 7058 189 8192
129 7131 125 6881
130 7137 113 7363
131 7257 93 7257
132 7312 50 7312
133 7325 183 8789
134 7378 102 7990
135 7450 192 7450
136 7514 3 7532
137 7515 123 7515
138 7657 1 7657
139 7932 41 8096
140 7943 170 8623
141 7960 173 8306
142 7970 25 8170
143 8049 27 8157
144 8182 77 8182
145 8191 66 8587
146 8193 84 8361
147 8411 76 9019
148 8445 175 8095
149 8660 135 8930
150 8909 46 9185
174 198 126 100 164 82 75 53 33 99 73 112 143 183 81 142 54 112 183 18 109 168 54 53 195 48 100 18 182 172 4 109 159 132 42 34 20 107 54 180 53 176 179 156 187 17 179 29 46 54 34 20 94 5 158 45 89 96 48 2 63 115 200 160 57 16 17 109 35 198 55 133 130 47 178 62 200 30 80 179 118 61 189 102 139 195 179 19 5 70 17 11 2 26 122 54 19 60 143 153 86 172 13 150 61 61 35 180 4 84 180 58 48 127 102 8 78 95 81 94 107 63 33 158 155 51 54 169 46 39 194 112 114 59 121 99 23 179 120 129 86 95 157 59 136 5 90 168 66 139 
120 136 170 182 64 69 144 144 26 108 97 91 62 141 191 155 73 56 36 191 29 151 149 79 132 15 84 182 179 185 179 52 26 125 127 90 120 59 125 67 53 125 118 73 187 140 51 19 75 148 187 126 185 144 88 90 118 39 175 115 168 134 80 58 19 9 104 186 183 26 140 183 66 23 29 103 105 46 177 182 107 173 56 149 11 68 38 77 200 141 64 177 31 60 127 149 171 149 35 134 26 175 67 97 114 19 111 124 102 12 182 147 153 110 83 84 89 193 151 52 86 22 190 157 47 48 61 156 57 135 133 157 130 21 168 12 182 66 80 2 171 47 190 13 37 178 95 99 147 2 
98 160 104 150 94 8 115 12 42 89 73 78 106 106 92 192 141 142 20 57 2 170 145 190 90 177 118 130 17 147 5 148 187 99 147 61 143 79 84 120 119 183 8 110 66 147 150 193 103 145 47 95 168 112 102 111 188 99 109 188 179 179 35 21 103 77 34 185 20 131 164 63 199 121 81 84 75 197 189 110 167 199 125 30 6 124 27 106 58 180 48 82 183 188 126 127 79 135 140 51 14 128 192 196 147 88 113 181 196 47 45 184 155 172 64 193 200 36 50 117 188 76 5 80 150 85 161 29 189 36 125 40 186 52 9 16 164 7 62 5 12 117 118 89 140 163 177 152 145 73 
111 60 9 71 82 114 76 54 194 185 181 114 1 43 135 154 198 46 77 51 48 55 49 12 80 22 130 174 94 119 82 2 107 66 197 111 190 83 73 59 103 2 162 16 21 137 6 35 74 121 155 183 135 18 11 139 172 56 183 21 173 142 44 199 69 126 51 73 193 181 133 177 172 12 75 5 83 77 95 198 4 18 161 63 25 77 176 136 146 21 189 119 96 108 154 46 43 189 64 28 187 106 179 148 156 154 185 76 129 147 26 127 138 115 112 77 114 80 18 137 9 30 166 187 16 178 71 136 160 81 10 196 71 149 188 84 118 128 8 3 79 100 8 3 143 168 157 13 82 33 
100 69 122 180 194 99 190 196 189 162 137 120 158 22 114 10 22 21 124 79 61 152 21 52 184 159 189 109 36 132 130 191 77 130 47 90 131 197 179 193 53 170 105 22 169 68 51 180 12 69 63 132 20 18 115 15 80 152 8 111 200 132 200 59 192 94 198 15 106 198 83 144 133 171 185 118 184 184 179 183 64 168 92 93 120 190 159 37 126 162 179 113 165 155 179 166 119 189 51 2 96 5 117 124 177 172 116 105 47 165 190 90 32 48 93 27 10 146 126 63 73 122 6 89 128 120 73 95 114 177 199 3 102 161 22 198 135 138 184 126 9 42 162 125 2 40 65 39 88 123 
84 35 15 45 24 62 150 7 144 90 99 21 194 37 127 90 68 86 134 3 92 177 157 183 104 62 154 65 85 128 109 60 198 72 130 21 107 176 21 182 90 118 91 45 32 69 193 17 136 135 132 30 143 193 68 161 29 3 81 145 198 195 10 170 185 19 132 59 102 54 143 35 140 48 120 20 184 51 127 91 132 156 112 188 41 198 88 24 106 156 6 39 129 70 115 182 96 36 75 118 132 150 81 91 40 199 123 95 104 108 129 101 42 114 168 154 106 80 39 5 83 100 68 36 66 11 73 199 112 149 39 32 182 44 30 170 193 5 49 49 175 122 119 40 45 136 190 73 138 14 
109 122 120 43 103 184 132 190 191 11 135 166 108 95 22 89 65 25 189 121 7 82 49 131 198 188 33 179 174 133 129 97 35 22 190 24 189 99 90 182 180 35 13 9 45 42 182 193 179 65 196 161 158 157 167 166 6 74 178 87 32 176 191 80 186 84 81 53 91 174 177 102 101 3 32 40 91 77 12 149 94 158 138 186 14 200 102 132 149 38 143 61 193 126 69 41 15 52 157 60 1 153 145 98 48 112 7 164 184 12 160 109 154 89 105 147 183 93 7 91 69 4 190 117 134 176 86 89 92 156 200 150 23 49 189 92 77 42 45 56 15 165 139 126 170 169 109 63 129 144 
31 127 39 144 188 181 36 67 176 28 130 155 85 165 27 105 107 72 113 106 39 39 102 99 30 87 85 147 77 47 62 49 166 28 52 92 193 99 85 41 84 13 66 177 56 119 133 188 171 51 186 197 66 156 178 16 122 66 116 125 15 191 193 140 184 131 69 180 6 13 36 197 90 9 23 27 183 35 101 11 77 143 64 127 50 163 38 8 110 10 61 160 19 86 104 86 122 3 159 106 169 188 112 76 164 170 139 148 168 85 120 104 45 139 29 138 92 137 180 30 70 120 178 12 73 94 173 101 106 171 186 151 19 25 188 5 186 110 200 125 13 67 23 157 1 194 139 15 114 58 
61 140 89 125 105 156 50 152 142 66 28 194 174 47 48 177 128 20 58 159 183 112 74 88 35 37 75 183 17 193 11 124 86 76 38 36 19 105 122 22 122 113 179 163 139 162 70 155 32 34 50 113 30 45 20 197 27 143 12 161 144 143 38 158 43 191 185 32 34 79 54 43 3 12 181 148 30 191 167 159 184 59 145 197 163 184 134 170 44 45 50 178 77 100 190 34 136 81 105 4 108 32 87 194 43 188 167 19 83 94 142 149 110 187 191 190 67 141 126 72 34 147 18 98 126 162 74 116 174 39 102 176 118 141 177 12 179 139 65 195 73 139 12 15 144 74 195 174 49 118 
91 190 103 81 90 138 14 169 181 15 38 138 35 166 77 55 32 31 181 48 55 47 28 97 138 167 178 170 111 180 133 94 120 37 153 135 45 42 182 63 200 199 34 66 11 59 28 70 55 158 120 184 153 57 61 86 114 79 165 191 32 42 108 185 166 30 96 5 158 6 86 78 5 140 127 185 173 123 46 89 22 26 54 31 90 91 180 106 5 131 101 73 153 19 143 167 137 81 188 107 23 68 131 27 189 141 84 14 89 47 148 5 2 47 53 16 73 89 154 191 24 53 34 116 113 60 8 140 169 196 92 23 77 128 62 3 84 75 37 170 108 150 54 147 98 74 106 197 45 29 
180 23 143 179 28 6 190 153 192 48 180 133 70 61 146 15 33 118 1 72 76 179 11 36 107 44 94 145 41 191 72 162 166 116 118 127 181 20 124 63 34 78 136 161 15 149 58 183 199 92 131 14 158 151 179 81 196 50 46 61 111 183 50 78 37 37 112 63 143 169 152 75 180 38 101 23 80 141 21 54 22 160 49 133 45 110 94 139 95 194 33 26 72 164 187 82 157 109 33 122 70 59 48 2 93 34 195 89 157 137 174 75 9 48 13 153 63 18 96 78 118 27 16 24 98 43 29 197 173 35 157 115 73 133 189 133 126 47 130 151 22 9 100 183 41 152 153 183 119 131 
29 24 128 136 177 1 48 92 154 89 200 163 143 34 153 57 170 10 191 109 68 152 126 52 90 57 137 85 117 138 27 117 27 9 121 12 180 186 134 198 11 11 170 59 71 126 162 166 88 26 110 125 104 138 32 133 160 131 145 106 6 50 3 119 69 194 73 88 11 62 171 186 83 123 111 129 185 147 136 194 99 180 31 66 132 1 38 88 154 10 139 142 79 197 157 137 116 100 86 133 117 88 79 60 96 59 140 146 121 12 48 149 41 48 175 49 61 77 19 193 105 130 155 16 106 50 193 198 73 33 149 129 100 81 168 124 80 29 160 182 35 52 18 49 54 153 163 175 23 163 
170 105 27 134 97 8 77 53 95 19 10 114 49 42 179 36 72 98 167 118 195 200 166 91 72 134 98 113 166 194 60 71 160 32 108 141 9 184 117 106 111 32 29 34 38 65 103 171 36 109 52 72 156 33 84 172 33 179 87 163 24 134 163 22 140 10 39 126 38 154 150 14 115 172 30 135 186 196 76 197 69 137 163 159 47 117 58 68 109 29 36 60 45 164 117 7 118 166 189 23 67 160 21 174 127 100 91 159 24 195 135 5 119 154 185 153 160 19 143 129 194 71 62 2 39 9 48 150 30 138 97 141 145 27 170 186 137 167 125 52 188 35 87 173 150 19 78 86 166 44 
162 71 100 164 172 141 153 119 200 137 97 70 100 176 22 84 114 1 149 177 100 154 112 14 118 70 151 49 131 172 51 149 59 150 14 37 188 68 64 57 191 158 9 79 77 178 96 38 106 61 75 83 64 5 50 151 105 63 163 180 46 2 133 92 114 41 111 109 122 193 148 137 32 102 95 30 28 138 94 73 184 193 177 164 97 30 113 55 105 148 197 75 58 62 189 126 166 46 111 160 187 130 28 139 125 6 108 108 10 82 125 27 198 23 46 13 6 13 65 113 74 159 171 144 55 1 72 116 110 60 163 78 87 47 56 149 46 103 50 5 104 92 10 105 132 168 102 113 83 99 
47 116 56 89 58 183 147 24 42 56 194 120 37 56 13 194 31 128 169 69 84 147 21 171 22 114 7 69 144 195 55 74 39 154 28 199 189 5 15 173 10 16 22 41 48 194 55 89 52 99 128 156 160 144 113 187 129 74 176 141 199 85 88 133 152 177 8 124 45 86 78 83 181 45 139 147 192 110 55 192 138 112 137 62 116 50 4 28 83 129 168 19 54 11 142 80 30 147 43 6 195 49 96 167 194 30 183 93 178 9 19 150 76 116 8 43 132 137 42 76 67 1 199 97 76 42 104 41 11 42 137 35 148 56 44 85 78 191 57 120 96 18 163 13 122 169 148 23 133 35 
14 150 92 89 192 54 100 127 25 83 3 6 155 46 142 43 134 149 127 72 32 193 172 32 74 148 52 81 137 46 103 8 141 25 21 151 20 16 60 115 132 112 140 102 172 147 191 2 111 6 114 136 109 192 114 199 64 122 91 69 1 83 115 165 20 60 75 178 34 87 59 73 117 164 57 133 104 195 147 199 7 182 61 188 7 95 45 172 102 194 92 12 163 102 196 189 128 37 94 11 4 161 98 116 162 85 119 110 122 51 177 116 106 20 163 77 113 24 114 194 78 138 14 121 78 108 191 78 24 75 180 165 185 158 126 142 25 44 169 12 87 128 124 35 135 183 89 138 8 186 
199 8 82 101 51 64 144 176 96 167 7 126 138 100 115 183 151 52 109 200 161 58 113 120 118 144 107 180 160 29 137 191 36 115 58 131 80 183 198 96 155 116 86 60 49 187 74 139 168 111 86 88 96 36 126 141 68 99 170 26 15 88 134 27 48 17 98 196 166 72 179 25 28 183 68 115 155 116 193 79 142 138 169 13 36 87 192 29 93 98 185 62 186 107 140 22 147 181 174 193 95 164 110 173 105 8 11 89 39 188 26 2 85 111 1 165 167 43 1 36 199 13 83 186 132 9 167 55 112 152 177 191 76 147 125 12 147 116 65 53 175 164 169 70 92 153 74 57 39 177 
178 177 55 95 196 193 71 25 36 94 178 88 44 157 10 62 130 197 30 161 174 109 5 145 16 113 108 76 141 103 35 117 139 162 109 75 48 24 78 15 114 82 133 131 85 197 144 5 122 39 160 166 182 16 106 37 46 74 89 150 7 194 124 79 100 15 23 121 187 66 1 6 192 66 71 106 23 33 167 167 14 185 123 193 185 137 73 112 169 111 9 53 64 157 120 93 103 136 175 102 112 133 184 90 188 153 196 177 147 82 170 157 132 150 189 68 68 135 187 161 59 93 85 28 153 41 94 185 78 198 91 1 129 85 125 100 27 173 10 90 52 111 39 192 76 108 15 117 196 183 
149 151 124 177 61 14 83 23 33 91 195 67 55 80 178 185 95 90 161 10 107 35 27 123 25 167 168 59 125 106 134 7 6 140 5 94 10 54 121 151 159 6 142 111 134 47 176 167 91 38 98 103 24 132 56 156 4 6 166 19 144 113 55 159 199 109 65 18 81 191 42 183 136 67 177 141 117 150 181 45 68 110 160 182 102 165 154 89 159 173 153 81 152 160 18 129 194 38 182 72 30 49 151 68 106 56 90 98 80 130 35 70 98 129 77 197 28 27 196 70 105 59 96 197 129 139 168 16 88 150 136 174 141 56 161 200 142 111 1 158 98 89 2 113 1 88 53 8 55 47 
90 18 73 174 19 24 69 174 181 48 125 88 33 13 198 146 19 176 1 16 156 37 9 149 138 14 70 113 123 154 78 162 146 111 187 44 24 133 164 112 21 135 171 139 184 152 52 132 147 133 28 57 75 66 103 139 148 10 9 196 25 146 155 77 86 39 190 50 157 123 145 86 134 72 184 115 90 56 49 176 56 83 195 174 167 82 195 75 174 191 128 121 186 119 195 78 170 182 115 47 125 52 128 96 6 6 52 63 134 36 66 60 178 125 47 157 187 112 158 179 59 160 3 81 92 136 75 175 84 5 136 16 88 22 36 179 121 126 124 165 80 67 1 80 128 57 57 48 99 61 
158 49 136 114 82 151 184 200 158 195 63 120 194 92 84 28 178 50 180 168 157 158 96 113 161 18 89 46 178 67 5 116 29 73 50 152 162 85 45 19 123 190 28 78 84 96 55 9 153 159 4 41 61 188 36 36 83 22 111 159 2 173 182 38 120 117 95 140 43 57 185 112 92 99 121 37 186 72 143 126 176 135 180 33 87 189 80 15 184 75 72 196 72 149 191 136 153 40 94 128 46 81 8 54 107 15 181 89 163 58 152 190 54 165 71 108 162 69 92 170 150 160 166 148 63 157 15 124 139 107 65 112 5 64 69 78 23 72 49 43 75 90 81 167 158 102 129 192 100 128 
86 173 137 25 159 125 12 140 34 27 82 197 138 49 200 139 156 88 31 182 169 158 138 158 151 38 164 42 87 92 17 40 72 101 157 115 78 129 120 73 6 104 65 90 32 126 112 143 98 170 34 16 10 25 88 106 187 71 170 129 131 62 39 36 65 53 188 173 84 102 149 184 140 76 6 169 131 181 68 93 183 36 75 126 146 161 115 163 119 66 94 192 49 53 140 40 49 39 2 83 190 38 75 155 33 120 10 56 86 143 118 54 62 66 75 39 77 185 97 74 101 158 150 106 192 152 69 109 39 51 16 62 182 88 106 179 163 53 166 74 7 93 96 23 95 1 49 12 26 86 
59 40 28 35 54 55 173 37 33 138 1 125 38 134 173 13 26 60 95 178 135 166 158 68 175 161 180 122 122 195 199 163 80 156 191 31 151 193 112 38 155 164 22 82 20 34 177 127 2 175 136 36 9 157 181 102 176 186 163 92 179 101 129 27 157 181 59 79 187 20 102 138 86 160 64 171 112 110 125 135 188 54 81 141 57 128 80 151 171 2 27 148 29 120 118 36 80 182 46 18 104 33 178 190 146 63 111 131 176 84 72 58 43 192 12 144 19 167 24 25 135 66 145 169 25 131 173 128 16 81 113 157 6 77 9 156 142 90 56 193 154 50 153 83 178 137 158 198 97 92 
83 48 48 189 14 179 13 159 107 114 109 159 192 80 188 100 28 95 60 59 138 175 8 17 200 39 133 185 46 173 39 37 18 52 27 28 136 102 105 164 36 197 73 195 47 138 49 55 134 92 168 175 133 176 130 138 99 155 32 78 184 58 49 21 180 44 29 127 96 139 33 96 112 84 154 54 77 98 13 116 183 146 91 165 191 26 3 51 179 107 182 130 21 116 35 144 170 76 10 84 187 122 84 82 191 33 159 104 88 151 30 131 37 80 42 104 110 10 86 9 38 138 31 81 157 156 19 42 56 13 111 185 31 193 93 188 75 128 108 2 155 118 14 190 193 142 89 27 48 35 
161 2 25 18 150 82 56 103 127 88 105 152 26 36 131 18 16 110 1 155 199 94 60 119 61 105 161 192 78 120 151 32 154 86 186 14 130 4 166 180 178 106 172 50 110 118 84 101 30 199 32 36 103 24 141 117 136 198 59 138 40 10 130 132 161 65 25 143 36 200 52 42 130 126 40 124 30 81 88 81 140 100 57 98 146 146 149 38 63 105 49 14 35 158 53 60 22 173 73 162 162 53 87 162 157 44 27 15 71 100 63 12 127 102 5 138 196 101 110 57 41 95 51 81 41 199 114 190 14 87 166 151 32 65 65 66 60 33 68 37 101 124 151 4 135 32 107 129 131 72 
106 44 182 26 70 93 58 127 10 40 168 13 33 194 25 48 158 139 188 41 158 53 54 96 76 91 22 170 20 21 54 94 166 199 1 77 108 57 95 37 129 64 121 5 54 114 31 51 98 6 130 22 97 8 135 50 108 102 10 44 161 25 9 25 107 136 24 133 33 143 142 97 140 165 80 96 15 102 45 64 111 121 134 158 174 139 152 26 96 115 38 186 125 91 123 160 70 12 177 196 56 82 133 138 130 90 40 198 29 127 197 100 81 93 191 95 32 137 173 158 83 50 92 189 43 154 112 120 83 197 77 189 156 92 132 183 24 152 176 192 30 170 6 175 72 54 108 96 128 52 
124 169 100 167 69 149 85 88 82 17 129 188 35 165 57 182 171 116 125 122 151 122 186 200 23 143 3 87 101 67 97 61 93 11 16 67 178 70 140 160 116 13 141 133 170 99 84 60 200 124 139 47 180 189 41 88 45 35 93 198 40 4 183 80 85 167 167 141 193 158 129 140 44 149 98 39 176 163 7 100 170 87 117 108 156 137 196 43 152 94 129 60 95 186 100 28 136 56 74 113 195 144 151 31 128 152 181 65 153 109 172 168 160 44 189 86 11 63 77 70 194 63 75 198 120 59 146 128 143 156 180 39 140 43 180 36 61 151 192 87 14 143 166 164 116 47 49 180 138 117 
4 182 105 2 13 156 175 135 47 180 57 31 77 138 155 85 62 144 139 150 55 136 2 16 129 87 52 49 47 177 135 96 172 139 75 176 56 110 132 166 110 122 5 70 195 17 94 118 89 66 43 64 135 188 183 137 3 190 46 9 106 13 169 171 3 133 155 129 82 103 160 16 167 89 5 55 198 182 82 169 156 152 141 75 66 26 163 17 26 145 8 29 16 61 197 43 22 134 192 70 185 61 24 62 151 189 109 84 113 80 129 166 184 177 164 75 122 149 63 175 20 145 18 27 172 124 89 200 47 196 191 79 70 56 95 174 56 60 25 76 178 145 136 158 21 145 82 82 119 61 
32 27 139 166 194 105 64 80 22 77 104 191 42 124 25 78 121 115 135 119 122 132 165 25 12 6 99 25 106 51 82 94 57 13 86 72 4 112 172 59 24 135 85 50 44 22 18 12 125 128 90 92 38 152 5 79 175 30 112 121 83 62 78 15 82 184 148 27 191 20 7 133 52 136 96 133 102 14 77 155 103 74 22 116 72 40 74 52 69 98 119 30 163 121 43 188 50 135 171 140 184 177 144 149 128 122 102 98 5 176 190 86 64 4 82 178 73 5 173 45 31 131 88 152 191 119 19 45 1 175 47 195 190 95 72 116 116 167 185 44 32 171 148 149 70 2 59 107 161 136 
128 139 13 149 162 138 142 94 112 162 176 73 122 59 34 50 9 192 110 43 84 94 161 190 67 88 149 48 163 45 186 61 37 135 94 46 35 79 88 102 150 46 140 22 190 164 26 118 103 34 192 16 127 182 3 20 30 112 30 123 37 173 179 102 131 173 120 101 180 108 28 153 184 39 2 89 51 136 95 197 33 134 107 97 53 53 12 56 35 46 27 101 147 16 29 109 176 81 40 44 1 166 148 8 144 34 110 136 136 56 87 158 5 67 160 18 47 55 86 94 58 170 174 76 190 20 6 66 9 160 119 172 7 54 74 60 176 93 88 94 42 19 82 200 29 9 126 94 33 89 
24 17 68 136 18 16 73 117 121 45 182 79 195 35 54 36 177 91 179 35 169 122 32 23 56 125 157 180 92 97 104 197 199 58 153 47 186 14 137 173 49 98 192 69 60 161 76 70 68 175 144 104 110 173 9 161 189 126 147 101 36 114 162 142 71 108 19 154 138 131 70 6 104 67 106 119 23 172 7 30 198 117 193 135 6 146 199 142 105 23 53 22 84 101 40 16 129 127 177 48 59 113 158 79 58 113 52 186 119 119 137 151 160 186 80 122 105 167 183 69 125 123 87 88 173 118 31 44 152 45 156 170 33 7 125 121 182 187 3 187 193 145 67 70 8 81 173 55 181 66 
19 174 112 14 187 21 77 179 100 81 149 78 143 44 135 144 44 19 192 194 29 80 176 26 139 21 46 149 74 148 127 150 142 138 62 113 91 66 116 108 102 144 23 97 168 127 32 60 112 105 131 88 128 62 27 69 167 158 168 150 42 133 108 149 191 137 104 114 99 148 197 57 88 171 35 85 183 80 101 96 101 134 169 127 75 35 39 102 62 132 194 83 112 98 17 107 112 137 31 156 148 98 98 110 129 37 58 132 40 131 47 160 153 104 93 167 76 185 54 36 1 110 103 126 145 16 8 168 30 40 156 89 122 165 67 191 6 188 89 175 157 60 97 181 67 121 14 99 169 73 
76 93 175 60 195 68 64 44 91 180 30 1 189 12 61 11 14 29 112 172 5 20 155 94 140 116 44 18 75 54 96 2 123 17 103 47 31 133 200 36 45 9 129 25 55 65 119 77 104 137 116 200 25 26 106 14 54 85 198 152 134 122 72 160 57 16 35 127 46 127 44 48 72 2 80 19 34 169 175 68 193 68 163 69 160 43 10 13 16 125 39 117 51 98 53 33 121 14 194 67 4 22 89 51 23 102 51 10 33 168 182 20 119 58 147 129 42 30 125 176 76 77 175 147 160 192 150 85 94 29 13 19 140 76 129 64 14 127 173 167 40 13 45 2 158 97 25 98 42 175 
65 105 114 171 154 195 77 40 81 77 153 157 189 20 163 122 184 146 172 146 51 16 121 53 106 176 38 170 14 138 77 28 60 30 103 41 106 79 189 175 111 136 171 153 160 39 178 57 102 57 89 15 35 31 27 181 152 158 147 84 122 137 104 10 78 118 131 25 46 119 149 110 169 58 56 181 73 171 87 189 94 94 165 54 45 101 67 62 154 31 175 65 54 144 110 189 192 21 85 181 107 73 145 74 55 162 95 198 65 113 160 128 144 87 18 115 51 9 129 104 182 57 83 58 83 60 155 170 83 52 77 160 123 43 138 76 112 57 138 74 100 32 100 42 32 49 59 39 5 94 
39 33 128 30 140 89 57 187 154 57 143 89 64 35 186 57 87 136 195 196 16 10 99 92 36 9 167 91 195 141 118 23 88 194 160 128 74 172 5 72 91 10 35 187 23 13 198 94 4 59 71 76 17 44 74 34 6 187 168 52 191 114 47 13 128 190 14 154 62 40 199 69 123 51 192 19 170 163 171 3 36 165 112 110 163 189 159 36 19 32 148 167 140 105 169 71 20 98 38 142 59 121 65 93 79 133 23 21 10 160 8 144 6 183 145 141 183 10 5 39 141 65 122 181 195 108 55 60 131 178 94 103 40 106 122 65 57 56 165 25 49 110 33 88 30 81 136 61 33 32 
127 166 5 7 11 99 173 91 110 30 74 165 58 186 84 154 184 11 36 58 153 14 65 169 130 149 182 124 128 156 179 13 102 146 11 124 67 183 166 113 104 34 104 152 120 62 100 36 2 87 81 200 4 162 188 45 68 168 101 59 23 181 7 142 79 119 158 92 105 30 103 118 125 171 185 182 38 100 34 15 112 146 150 61 83 96 32 118 26 5 173 105 173 40 198 145 53 199 160 86 55 58 198 86 149 133 23 84 152 76 15 97 96 101 31 35 156 55 67 4 57 158 19 1 15 156 89 147 31 198 158 83 116 55 60 133 186 149 82 121 103 33 198 194 166 17 158 148 178 139 
77 98 59 13 43 34 103 95 20 165 1 188 94 146 112 114 176 162 85 111 158 101 63 79 126 170 93 31 55 75 51 163 131 163 130 14 140 89 177 27 14 97 99 124 155 22 149 179 121 86 33 64 79 159 2 105 66 68 41 158 141 175 100 135 199 154 185 189 128 85 126 83 166 75 7 168 198 166 55 149 62 10 57 146 172 107 89 168 63 158 145 116 97 44 84 130 97 40 137 97 157 60 83 193 177 121 119 175 67 170 168 112 13 6 162 40 120 118 2 157 143 42 62 79 59 109 72 12 108 68 183 23 144 28 152 33 66 88 40 157 134 42 78 162 173 200 14 74 164 154 
120 82 21 31 108 82 101 193 139 4 62 47 29 74 13 149 16 179 192 84 157 67 18 81 156 38 45 16 137 87 69 42 191 139 179 56 186 94 167 172 61 131 117 119 119 179 188 166 68 129 21 195 1 77 38 88 115 138 100 165 178 156 173 7 19 184 110 55 92 9 191 15 183 103 71 177 105 174 150 154 150 190 15 170 176 161 64 109 79 127 200 7 48 133 22 41 123 5 21 200 82 78 115 20 108 56 100 92 165 70 99 116 59 44 88 73 31 33 52 151 122 147 71 165 74 122 59 145 39 97 83 139 67 35 15 61 25 162 120 33 65 9 189 49 130 167 200 186 21 151 
121 132 195 80 139 161 96 189 18 131 69 91 148 144 36 159 42 147 154 7 68 97 116 163 11 122 51 136 52 64 109 37 193 126 94 168 123 41 105 116 50 111 45 198 121 2 149 165 45 191 12 106 107 94 52 21 198 187 9 38 18 132 57 13 121 1 156 115 26 136 185 119 68 188 195 107 139 42 9 132 87 154 146 25 31 6 37 28 126 56 20 137 58 77 47 2 35 95 111 165 72 41 122 158 67 96 10 69 17 29 196 114 171 90 172 36 24 137 140 147 190 12 8 96 5 96 200 9 88 50 134 167 87 102 19 65 5 187 113 117 162 151 80 40 139 27 160 59 10 102 
32 171 78 157 12 3 43 165 31 166 153 78 146 136 119 152 131 16 164 133 115 182 89 32 100 192 158 5 185 153 85 35 13 47 43 76 171 34 143 198 135 86 41 200 149 168 155 95 137 198 45 89 54 86 48 139 192 87 104 72 72 47 98 196 150 110 167 143 85 177 2 111 70 71 158 41 176 71 98 145 137 138 119 24 183 154 93 131 51 153 151 129 67 26 8 148 193 5 122 44 104 120 123 117 79 121 137 69 19 112 8 1 129 63 53 11 5 133 51 4 162 123 119 167 46 72 122 82 49 161 14 89 109 29 146 18 42 65 151 124 109 38 148 100 136 5 107 183 41 196 
41 15 77 116 72 4 199 69 155 27 193 15 149 110 53 96 71 128 163 149 151 7 138 104 100 113 198 134 27 153 10 93 64 34 180 32 53 200 182 146 122 29 157 121 11 199 160 58 160 194 78 13 69 79 114 131 9 70 70 77 96 18 51 14 184 69 192 194 172 139 149 90 157 129 172 178 10 4 136 172 165 85 62 129 122 160 123 136 186 152 60 88 81 133 60 5 63 42 90 84 12 167 196 169 34 77 60 182 42 198 197 129 18 99 56 116 88 9 121 188 60 158 16 148 133 62 19 139 12 15 93 71 72 65 133 180 107 62 152 21 29 149 148 75 199 188 15 127 143 102 
193 131 49 61 72 95 130 163 46 96 158 77 136 118 23 32 194 19 72 47 60 114 97 85 72 98 21 52 154 58 38 114 196 32 175 80 150 199 87 194 89 109 85 178 111 65 109 42 102 17 58 168 37 109 163 60 74 188 85 170 75 133 175 190 90 182 164 187 152 8 111 108 47 192 135 4 102 146 164 162 3 129 187 148 57 129 42 170 44 157 182 126 124 154 162 80 141 148 130 112 64 169 111 166 189 159 161 131 176 99 116 98 104 99 84 144 125 68 164 171 4 135 136 163 88 122 183 177 12 66 49 50 142 141 90 7 80 97 134 139 105 10 176 170 186 195 79 89 16 197 
50 35 196 131 41 150 132 24 142 130 187 49 42 34 79 152 45 75 181 166 191 46 33 24 96 43 10 36 162 14 78 62 95 132 175 47 12 110 192 156 195 152 142 47 97 4 100 77 88 15 138 89 125 13 5 126 165 140 143 173 173 131 149 148 65 97 56 31 164 150 163 53 10 4 131 172 45 119 6 107 89 174 56 30 28 50 150 5 83 113 12 109 16 182 128 9 121 170 107 90 75 104 181 11 146 26 176 168 199 174 20 94 171 196 67 12 24 148 196 158 174 117 89 4 45 144 187 161 101 32 177 142 18 172 8 96 132 99 19 176 172 86 175 16 159 107 86 2 87 28 
53 124 151 141 84 180 155 124 190 159 24 127 123 172 73 10 98 38 23 188 4 56 32 196 10 45 63 65 103 71 134 76 175 19 140 26 140 32 173 26 91 40 122 41 193 140 65 124 118 19 193 24 93 137 112 29 132 21 113 188 54 151 60 91 111 67 13 1 15 130 114 61 29 121 41 134 50 141 142 178 120 101 115 170 75 173 150 172 105 166 116 20 83 193 21 160 200 28 57 197 64 119 87 136 24 74 108 133 122 152 52 167 100 131 2 98 121 127 99 66 112 158 191 106 177 147 122 197 104 153 125 116 2 115 143 20 109 126 84 166 90 101 193 200 162 196 2 133 18 106 
182 45 78 197 126 158 135 6 5 99 74 132 89 112 194 193 178 93 18 155 48 121 197 46 167 82 193 124 55 173 30 200 134 48 142 152 142 134 2 109 69 137 46 148 145 122 115 165 95 140 92 86 74 145 190 72 113 173 63 137 199 36 156 109 147 59 67 97 64 104 101 35 3 110 156 110 91 15 168 61 8 103 140 165 79 186 87 192 176 106 15 52 86 181 113 64 109 30 98 111 174 150 160 29 106 46 140 166 90 102 105 148 194 128 148 116 2 48 110 167 3 175 83 189 194 16 13 138 176 28 63 200 33 94 145 64 127 188 102 149 148 8 136 177 139 90 121 38 53 55 
122 23 187 160 105 174 31 170 101 188 93 154 111 59 109 162 199 123 188 18 17 17 108 176 27 22 181 69 115 42 134 141 170 5 12 51 137 171 176 31 178 185 131 23 120 128 85 15 76 32 110 78 182 41 70 12 20 39 128 118 86 70 33 10 13 88 98 111 95 116 60 95 82 172 58 154 16 189 165 49 130 65 162 146 42 150 82 1 76 87 193 65 133 11 44 149 169 100 80 188 79 128 142 34 132 38 158 93 188 22 67 183 196 115 146 30 115 76 200 9 134 162 189 95 87 108 128 13 165 18 104 42 102 156 15 134 179 181 129 119 10 105 19 126 4 2 184 130 63 121 
86 32 26 146 114 122 15 126 7 58 5 66 76 133 15 178 148 115 56 199 33 168 177 50 99 24 196 198 170 10 90 152 67 19 4 136 36 182 76 163 37 40 194 65 179 120 198 152 145 44 106 84 146 109 3 128 159 54 128 168 120 119 64 91 56 87 81 184 143 50 161 21 53 174 146 175 60 197 200 70 129 75 92 103 161 77 95 24 198 121 173 69 131 142 184 6 166 132 89 107 158 149 58 112 65 178 147 128 61 28 84 148 172 54 65 74 170 29 94 182 174 12 8 111 50 84 45 169 147 173 53 136 80 97 111 36 92 52 176 155 5 169 15 193 31 172 125 17 200 186 
153 140 134 135 79 68 2 198 98 171 165 91 61 75 12 147 177 57 84 110 183 87 73 195 131 138 9 60 105 105 114 193 171 114 103 170 197 112 190 126 71 188 165 83 167 193 71 89 66 126 70 86 70 8 40 195 71 41 77 56 175 75 183 165 102 61 63 192 154 59 20 193 71 22 147 136 144 192 38 146 151 187 135 104 4 119 33 97 62 184 59 144 156 30 115 86 136 13 5 22 176 154 22 143 19 64 84 128 125 12 148 186 72 162 111 109 174 2 112 108 36 92 79 147 68 20 139 180 86 112 175 96 112 91 198 115 59 41 22 166 172 194 59 39 71 12 49 62 76 44 
155 81 41 25 184 164 73 166 197 40 167 129 67 46 68 193 10 188 119 120 16 113 142 145 35 4 97 80 51 53 49 101 56 127 97 174 62 152 142 11 14 189 67 28 95 179 28 132 68 47 178 161 133 99 4 74 194 13 7 143 154 122 2 139 86 84 72 36 36 111 94 112 37 103 20 197 35 133 106 87 17 52 41 14 169 96 133 9 111 175 111 22 101 189 62 199 67 102 196 101 68 50 7 8 191 164 86 64 71 1 130 82 180 64 69 75 57 145 93 128 8 119 60 102 71 41 154 19 81 125 173 54 29 112 158 99 17 172 144 11 72 6 43 28 43 79 97 176 146 139 
75 19 93 100 113 185 120 96 153 82 192 164 77 16 180 151 87 132 56 197 175 180 141 6 103 49 32 49 54 169 114 179 61 180 9 195 62 41 21 136 26 111 84 114 154 82 1 105 178 60 105 83 158 54 199 169 165 116 72 116 168 111 61 119 72 17 199 64 30 162 189 167 105 86 161 32 113 148 177 32 95 98 16 4 180 132 85 189 39 165 85 111 172 134 82 195 78 10 174 196 152 157 178 43 189 65 157 184 43 124 106 43 151 120 101 98 33 106 123 154 194 135 54 78 24 116 127 79 56 14 195 41 10 91 46 187 195 45 48 3 107 17 69 120 180 190 41 40 178 77 
196 181 170 197 149 16 167 26 135 140 22 170 183 64 35 73 57 129 115 177 179 168 197 114 140 102 13 180 154 191 157 4 83 120 114 85 149 83 9 175 151 10 154 41 144 90 104 102 167 73 165 159 24 49 57 134 72 197 116 106 21 151 76 71 167 196 114 74 180 172 51 61 122 68 186 143 70 58 51 170 189 95 25 132 139 87 1 84 167 6 63 153 160 55 37 150 40 133 165 20 111 70 8 48 2 59 85 44 146 158 135 38 49 67 137 123 4 23 186 59 159 9 174 32 68 6 13 185 84 82 170 3 50 104 15 137 55 193 109 137 28 125 9 92 173 155 169 49 165 76 
37 173 24 112 101 101 17 126 164 16 78 138 142 183 154 177 67 27 115 17 95 82 196 77 111 53 130 9 160 162 175 95 79 159 57 162 156 110 152 107 140 183 32 6 46 52 45 104 86 99 161 148 63 57 83 3 198 64 178 84 200 91 107 199 22 54 65 101 21 113 80 50 126 11 68 2 52 178 75 65 140 81 136 183 138 141 98 75 87 82 110 64 83 38 15 157 21 96 61 112 10 171 68 119 55 129 128 180 188 22 102 78 50 107 171 82 69 35 197 187 166 142 187 93 181 149 117 162 156 52 54 169 109 48 130 34 141 180 44 109 128 2 114 88 43 189 24 155 153 100 
153 4 153 22 123 84 2 86 98 141 135 113 29 158 48 13 106 29 95 98 51 122 50 13 162 162 154 125 191 69 130 9 3 49 177 79 4 57 37 181 110 79 114 31 67 173 198 158 146 147 95 173 164 130 49 87 100 46 169 163 14 191 41 50 56 129 53 49 55 61 192 157 98 104 184 125 55 89 35 148 138 142 46 59 176 155 39 167 91 99 96 173 187 125 175 84 82 172 134 37 67 137 61 41 36 102 152 143 152 142 152 107 21 150 28 177 85 65 163 87 110 175 110 133 129 131 64 33 6 72 80 157 89 176 63 140 11 74 21 107 2 191 77 16 140 118 149 35 27 181 
158 106 183 90 95 120 87 36 46 90 199 10 183 175 26 83 130 127 13 15 153 127 170 174 54 54 155 50 116 139 48 59 59 149 107 191 149 34 163 57 25 137 142 142 10 4 69 27 100 137 44 60 135 159 172 101 110 109 79 110 170 157 161 168 48 182 117 63 143 100 191 150 59 90 200 192 163 198 25 94 88 72 166 200 161 127 52 5 56 23 107 61 2 23 23 115 187 134 170 66 63 142 80 76 186 137 159 14 147 31 115 118 27 1 168 16 84 105 124 52 159 119 79 131 185 121 16 45 154 9 177 195 192 141 113 98 82 176 168 138 71 62 49 83 120 169 41 199 107 183 
84 52 2 103 170 177 70 51 21 169 82 19 108 94 16 16 77 62 137 100 97 187 86 182 2 167 104 7 151 133 11 160 14 163 75 42 48 174 125 85 79 100 98 154 29 163 113 85 110 38 6 27 129 153 68 8 99 76 3 65 189 54 51 116 180 121 155 117 43 138 191 173 67 58 14 188 129 10 74 149 133 106 153 108 123 7 33 106 148 89 147 68 83 161 142 141 13 194 88 200 196 193 90 122 129 156 120 23 198 123 155 35 157 70 93 39 133 38 62 134 150 142 76 22 115 29 180 156 50 142 96 115 19 94 27 44 77 58 164 29 85 129 136 65 43 76 7 10 42 7 
179 94 148 23 75 73 176 138 184 148 6 39 126 67 31 158 7 141 122 132 56 101 157 130 172 102 198 194 44 177 66 119 45 95 97 146 174 183 61 151 171 79 159 149 64 12 139 155 111 96 46 169 181 59 62 91 134 136 157 179 44 43 79 59 46 163 147 67 150 98 137 53 134 55 17 60 119 82 97 181 104 68 19 73 83 140 140 104 158 100 36 85 151 21 78 125 27 164 154 128 20 127 70 164 148 93 3 53 154 90 125 130 172 119 132 174 68 196 79 190 110 75 103 168 100 73 101 20 17 137 144 75 72 60 174 54 51 85 171 69 193 103 91 24 102 138 29 177 120 4 
66 167 40 184 199 39 142 188 13 78 179 65 65 16 137 190 153 33 40 173 136 149 84 45 113 128 128 118 142 126 173 37 159 198 75 69 109 48 126 168 34 120 4 116 16 151 179 67 141 191 147 40 168 153 10 32 44 74 50 137 70 144 80 149 184 156 76 136 2 129 74 78 16 198 164 177 15 160 62 146 168 55 43 159 198 40 65 140 64 25 104 72 12 58 82 179 124 138 52 161 6 34 105 118 141 62 42 80 120 65 76 157 156 73 172 164 68 184 172 128 162 39 41 139 171 92 174 148 166 154 198 145 89 183 78 113 64 185 109 164 3 48 169 69 178 184 114 167 145 78 
76 101 142 34 143 41 70 181 75 142 147 36 7 196 161 156 159 149 96 23 11 38 187 36 48 174 111 165 191 144 93 197 191 84 163 119 75 22 145 112 187 122 90 10 83 44 144 104 19 59 192 132 53 181 86 67 131 35 175 35 191 124 123 1 25 82 54 95 44 144 51 200 51 16 70 101 187 190 31 148 192 194 180 139 102 77 104 11 132 21 22 46 98 74 101 113 50 21 193 160 83 43 46 162 95 138 69 62 85 83 163 148 20 194 66 109 162 50 189 59 87 33 110 60 122 165 96 79 46 86 143 16 30 19 157 177 162 128 149 32 57 94 78 184 32 114 42 155 198 165 
142 110 55 146 161 194 7 114 147 197 129 28 60 131 82 68 197 168 48 130 90 106 54 184 193 39 75 135 146 99 109 103 126 200 156 33 178 7 96 93 73 79 52 157 187 80 115 5 193 100 46 170 104 74 147 65 198 152 13 20 39 68 184 46 163 24 106 93 50 37 118 149 146 171 131 116 96 117 68 25 126 187 23 163 29 162 72 170 38 79 39 196 116 151 126 119 129 103 152 5 58 60 23 9 24 178 39 192 46 62 90 17 6 112 26 37 180 90 105 104 75 59 95 44 37 21 108 109 142 2 100 23 25 188 112 103 104 126 16 146 162 189 112 146 72 171 185 191 88 46 
55 95 155 72 72 31 65 145 44 181 119 34 100 186 70 112 192 193 183 165 186 134 29 18 98 199 115 39 131 79 185 66 71 151 2 133 27 131 121 97 98 198 79 117 189 42 134 18 144 108 21 106 169 133 177 135 102 155 69 174 200 196 165 68 18 184 64 149 142 89 7 46 3 61 152 22 6 72 81 1 6 100 132 146 40 2 161 38 9 82 6 63 158 122 56 52 151 175 22 30 158 136 161 59 111 51 99 168 56 14 15 193 118 55 49 42 172 172 101 122 151 42 168 21 50 56 63 118 73 33 88 69 17 117 26 78 35 153 85 136 132 129 25 143 200 145 99 131 176 99 
135 72 179 31 178 178 70 104 179 24 96 113 62 96 75 119 129 63 13 9 175 21 74 47 91 193 83 174 95 39 193 112 56 70 92 90 9 97 54 14 16 88 106 20 110 142 145 113 95 3 7 28 42 66 70 183 34 59 99 32 126 192 2 173 52 37 189 81 115 110 7 168 99 120 30 171 2 71 74 168 144 46 159 193 200 174 52 50 164 124 27 155 193 15 169 142 191 178 80 190 77 99 115 196 23 86 68 98 23 123 179 85 186 169 163 133 73 4 21 162 114 95 74 50 75 107 177 117 104 156 186 161 150 110 192 171 97 193 24 152 92 36 5 84 161 121 104 93 196 99 
189 160 70 16 140 181 32 14 54 186 134 82 22 3 113 174 25 141 56 199 147 173 176 132 5 93 68 22 194 153 20 52 155 44 200 188 134 23 156 68 159 164 153 44 61 14 171 129 8 165 151 175 54 153 187 104 115 113 43 53 66 7 119 22 123 29 170 24 64 73 53 163 142 32 77 149 130 91 15 57 124 67 147 118 53 89 80 15 150 159 18 65 102 171 63 135 196 89 123 84 129 80 161 98 5 75 115 172 148 28 161 182 63 135 93 120 58 24 88 13 10 127 54 184 190 41 187 159 67 86 103 138 153 143 70 129 89 197 147 93 59 15 3 119 28 186 7 86 100 46 
182 34 194 98 181 108 83 6 140 11 127 27 31 6 198 200 16 195 178 12 54 9 81 80 21 154 112 189 31 94 31 149 108 155 133 78 162 200 3 143 2 79 84 182 74 102 88 34 124 44 78 94 4 193 129 50 80 36 132 124 200 176 184 141 64 79 165 8 86 13 75 103 103 55 175 65 138 165 140 40 4 108 72 107 81 113 126 104 140 39 18 2 184 116 107 171 175 106 142 17 11 90 159 193 195 34 82 163 84 124 140 152 109 13 90 154 67 5 43 43 12 55 131 42 11 163 51 187 47 111 8 143 13 41 65 171 50 16 163 156 74 136 179 170 184 133 5 100 127 24 
19 9 130 126 119 181 77 188 82 98 177 60 90 43 55 95 193 158 83 186 50 131 17 82 187 200 174 65 163 166 5 65 91 131 91 145 120 71 43 118 17 9 96 172 60 29 12 71 93 19 176 174 167 40 155 55 174 149 83 143 32 127 105 60 149 132 122 143 4 188 148 135 149 159 59 68 65 134 62 28 36 179 140 91 45 164 129 149 9 144 130 81 125 136 80 140 64 173 28 139 143 128 74 66 71 17 66 118 179 38 112 74 9 2 74 131 23 22 83 78 127 164 31 115 178 198 162 58 194 127 68 119 93 121 64 102 73 55 185 81 10 138 105 67 152 40 178 17 41 92 
126 179 160 135 73 153 188 100 18 163 38 11 185 110 47 132 27 190 35 77 13 114 76 145 131 62 113 180 37 142 161 103 56 117 126 176 88 172 196 103 74 30 112 27 147 98 1 183 82 178 194 155 162 195 57 123 74 8 1 16 115 70 82 39 109 149 158 144 67 37 8 149 60 123 101 177 10 43 35 73 95 194 119 96 60 200 157 27 195 176 185 84 55 85 163 14 27 109 5 9 140 198 80 198 83 58 8 14 61 166 89 200 142 60 154 125 161 64 86 162 113 200 150 115 71 191 19 184 149 180 104 46 29 199 14 161 86 103 200 86 60 86 103 186 183 46 128 130 22 38 
177 124 117 95 126 111 103 146 200 45 56 79 156 82 130 85 81 107 6 120 195 1 128 114 146 108 17 166 111 8 153 169 121 184 141 155 115 2 123 15 187 26 43 28 179 40 177 191 17 17 98 24 131 157 32 137 12 91 79 128 2 170 21 41 38 142 30 105 13 1 63 124 116 57 123 104 127 199 84 55 133 42 125 179 175 47 90 166 168 157 93 19 114 142 152 20 140 92 63 19 146 130 6 49 31 152 121 114 197 40 148 172 15 51 3 68 162 27 95 156 85 7 163 61 118 36 182 102 174 14 50 31 164 136 14 102 82 26 83 101 178 177 68 56 155 166 175 33 187 161 
20 28 174 92 146 24 112 32 163 157 79 102 198 185 171 189 27 141 113 195 31 175 108 118 48 74 65 58 126 68 9 18 154 191 110 147 144 33 36 167 12 81 39 59 135 11 26 82 35 115 152 166 117 173 53 180 97 27 20 101 183 93 76 125 42 1 71 29 155 87 30 59 41 50 130 38 158 22 85 190 145 18 127 14 116 135 45 13 93 141 172 146 83 78 16 181 155 21 65 53 144 115 145 90 197 176 192 44 44 171 185 175 88 68 72 94 86 109 69 186 52 4 200 20 28 8 152 63 194 99 132 32 97 152 70 145 145 101 60 25 85 172 132 139 68 194 48 137 179 161 
183 129 69 134 134 96 85 191 174 111 48 121 92 19 77 66 124 92 190 197 172 14 199 141 155 24 102 144 112 114 90 1 5 64 195 125 33 164 127 117 121 121 8 175 92 199 31 94 73 151 10 4 119 34 196 34 66 150 153 48 86 140 19 86 117 184 95 100 44 18 90 169 190 143 33 142 91 143 128 194 128 196 132 108 35 8 174 65 35 190 22 127 86 80 147 192 100 169 50 22 182 27 102 143 126 89 71 136 28 179 114 113 182 3 159 174 52 37 120 104 163 37 21 93 150 145 38 150 163 46 105 125 178 125 116 49 60 4 181 152 48 104 49 95 100 168 99 141 191 102 
62 18 16 123 170 143 26 148 34 93 148 48 183 116 2 38 140 2 111 150 150 95 115 73 152 62 130 200 53 83 130 189 78 101 61 39 127 5 97 86 112 154 8 184 199 144 114 111 4 192 161 180 147 1 148 129 159 115 90 197 60 186 163 189 53 146 97 95 67 20 71 13 107 138 151 33 107 29 24 66 148 156 138 141 17 147 178 166 40 115 120 104 83 85 36 143 120 54 84 171 99 157 151 59 130 196 107 32 159 174 194 48 117 187 166 135 144 52 120 68 96 198 84 99 155 143 189 37 168 45 136 197 66 118 120 87 9 37 84 125 1 111 127 99 192 7 74 158 102 111 
74 117 45 74 167 32 71 42 48 142 45 192 62 185 52 99 122 173 103 108 173 137 48 71 143 164 187 84 141 92 116 85 67 183 56 104 162 47 141 48 115 191 12 105 86 88 16 117 44 174 21 24 126 30 82 21 161 194 94 151 50 122 99 19 129 115 99 136 18 130 90 172 200 197 123 110 131 46 160 118 197 28 192 83 30 17 155 153 167 78 73 19 30 79 84 181 42 13 131 152 67 184 67 4 131 98 144 57 144 43 136 192 23 138 48 146 35 70 38 134 20 119 114 3 57 75 187 125 2 100 100 43 59 187 48 43 3 161 113 46 47 125 175 168 188 35 139 96 181 141 
23 169 165 105 179 195 200 29 21 162 7 177 104 16 2 155 71 26 190 141 18 16 127 149 157 187 32 180 157 48 138 77 132 179 170 199 15 175 105 77 93 16 63 108 110 39 111 76 148 85 72 95 27 160 25 187 107 56 52 162 110 33 105 87 165 20 190 141 89 143 17 143 139 96 73 163 47 11 154 123 40 125 68 47 22 120 111 97 180 93 190 94 143 189 175 63 48 81 99 64 143 153 122 118 59 72 8 119 177 167 115 1 149 41 153 72 199 159 16 147 47 67 181 10 127 34 31 132 60 17 66 67 108 132 79 130 93 64 61 8 78 90 112 81 95 145 20 136 110 61 
46 178 65 176 189 173 37 127 102 84 161 146 28 189 99 169 69 148 152 161 46 39 152 183 57 147 26 11 175 18 161 120 195 160 31 145 160 181 135 80 124 90 131 41 167 46 91 33 35 192 141 196 49 41 109 108 159 27 136 80 159 33 141 91 145 120 159 146 103 33 75 190 174 50 131 55 14 173 43 83 75 99 187 181 192 146 3 188 39 140 28 135 15 71 28 184 27 7 39 155 35 16 199 151 123 34 21 84 122 151 94 69 183 127 32 138 78 48 160 174 94 167 36 54 38 55 194 16 86 102 173 180 112 87 67 64 173 46 56 38 162 74 177 99 63 21 150 77 178 97 
47 149 179 70 155 9 47 44 43 107 181 196 97 132 93 80 52 24 158 34 15 177 150 165 12 152 77 175 131 153 27 59 68 191 195 74 162 171 170 66 126 129 14 133 63 96 170 195 186 24 69 30 164 167 200 31 164 87 73 51 193 94 4 77 87 116 9 5 163 67 194 76 117 57 146 128 85 54 189 173 93 54 83 165 7 150 146 165 69 72 32 64 22 90 136 175 178 135 39 23 163 151 14 8 129 102 174 177 11 160 104 160 148 191 43 91 56 114 139 143 137 170 113 180 13 39 157 199 3 70 92 162 119 163 34 199 94 13 151 158 23 8 25 105 41 101 147 13 79 172 
141 65 72 177 148 107 104 115 36 134 65 88 52 168 165 54 174 65 68 79 165 152 127 130 11 73 81 28 17 163 12 21 191 76 12 56 193 47 153 195 56 165 131 167 53 143 31 151 99 115 84 31 158 134 145 22 197 25 196 14 177 13 98 88 111 90 189 76 85 83 74 149 165 115 55 55 171 121 125 144 65 187 47 137 160 170 143 101 141 182 162 136 189 157 200 145 162 39 71 3 179 43 143 180 188 71 156 65 72 141 125 51 4 189 33 192 150 9 187 106 170 5 148 183 168 39 175 178 194 157 24 18 93 74 172 167 66 75 87 49 118 48 127 9 4 108 3 4 136 136 
1 40 178 61 136 111 151 105 172 11 45 66 12 100 86 160 7 149 55 163 65 128 82 142 153 17 23 116 195 101 109 172 180 109 146 132 30 97 155 194 130 72 94 34 113 169 66 40 54 122 27 69 178 81 196 72 63 183 76 154 108 116 194 103 170 160 70 96 95 155 8 20 110 38 158 4 101 102 120 75 18 69 60 59 178 8 146 114 29 55 113 94 10 136 164 34 17 188 93 95 107 12 76 71 152 93 72 192 76 177 18 156 115 195 79 177 66 187 164 67 27 184 54 95 21 172 96 68 55 14 48 51 133 6 90 94 138 196 110 29 27 63 157 36 184 172 132 60 199 131 
124 10 55 148 87 183 44 67 144 118 138 39 11 191 159 168 171 115 4 59 6 87 82 94 106 90 155 57 72 88 68 22 13 194 153 61 97 121 107 17 153 81 49 169 88 196 67 88 93 152 88 117 79 66 130 100 2 26 115 124 83 67 192 34 176 111 165 37 17 117 75 89 105 144 141 70 111 85 97 19 167 18 135 137 114 198 76 49 69 99 78 157 144 171 113 150 115 173 111 121 88 78 197 102 118 57 107 76 169 46 5 112 131 102 101 187 190 171 166 198 167 59 155 70 7 68 129 14 163 172 32 38 20 134 24 48 118 77 111 95 104 4 74 175 197 167 151 193 34 170 
148 3 76 26 30 151 94 41 121 161 123 93 23 1 76 6 111 81 195 158 70 161 176 2 27 34 138 46 26 122 102 52 149 194 15 133 13 128 76 179 16 132 110 97 198 88 112 87 143 90 87 32 168 153 9 49 81 112 149 128 33 53 73 148 19 169 93 62 171 183 199 186 16 59 42 71 172 62 26 35 151 148 194 159 69 155 113 113 149 102 122 35 46 174 58 65 112 134 106 96 23 120 134 187 194 148 174 132 47 132 178 93 93 14 191 12 41 36 156 16 106 168 192 51 168 90 7 21 22 93 97 106 90 180 64 190 166 32 7 6 176 22 72 164 86 181 131 54 13 24 
32 138 79 106 198 155 23 92 198 31 186 99 89 39 13 88 87 20 144 85 6 81 34 75 31 66 197 146 41 183 24 96 8 90 148 191 189 166 159 57 182 35 172 180 19 125 174 85 155 167 37 35 127 142 200 69 95 78 125 31 115 73 21 45 158 112 5 8 137 101 94 16 163 179 78 18 186 166 184 53 113 126 64 56 97 198 63 52 198 37 102 11 89 95 16 73 193 86 158 54 102 2 11 80 177 86 47 9 85 10 181 130 7 14 191 123 24 139 174 59 83 74 47 190 21 2 40 73 87 47 154 164 89 49 120 192 109 106 37 92 90 120 60 54 60 19 115 84 58 26 
92 101 182 188 181 168 141 192 100 176 197 40 26 155 181 93 87 65 182 174 32 77 132 198 143 104 87 9 34 131 24 179 69 159 197 50 142 159 78 31 70 151 40 123 164 85 120 180 79 39 88 35 54 29 21 95 65 190 84 126 1 82 111 97 85 26 26 29 88 107 135 95 142 87 74 38 100 189 92 11 57 106 153 57 103 35 17 176 197 24 30 73 12 52 87 78 66 194 43 165 79 61 34 177 182 72 91 112 22 57 25 68 33 20 13 166 83 134 144 99 50 192 51 74 91 199 31 191 68 137 104 22 141 150 35 117 15 54 152 117 162 181 79 93 109 62 119 40 111 78 
109 129 175 144 57 127 102 119 78 70 65 55 27 162 136 82 32 1 24 24 70 42 54 169 48 33 189 11 157 9 26 66 25 100 57 151 178 112 185 192 14 2 196 121 147 44 7 183 70 7 86 114 136 133 79 90 119 164 145 108 187 72 180 65 177 114 46 64 159 109 4 115 194 162 117 191 151 47 97 15 146 40 165 30 106 33 199 132 151 141 176 15 180 46 130 23 25 134 56 33 184 76 55 35 71 151 109 149 132 87 153 57 167 166 177 155 172 165 145 146 83 182 21 170 168 187 63 148 30 192 67 76 110 161 199 9 111 181 145 38 46 161 59 142 39 105 177 47 72 79 
122 77 37 106 181 77 164 176 84 125 169 89 23 78 173 125 3 78 178 84 29 69 45 111 138 168 130 103 125 149 156 72 170 136 91 143 102 44 135 11 36 180 161 184 190 57 168 71 90 155 8 33 135 2 96 75 143 72 152 34 190 144 7 17 12 129 188 94 114 167 22 165 35 198 139 43 194 70 2 51 53 42 124 163 43 81 183 139 100 174 148 137 29 176 55 129 82 136 77 101 12 110 81 21 50 25 165 143 5 140 81 174 10 198 17 107 38 114 1 194 125 78 4 121 100 73 96 187 25 52 76 9 20 125 162 117 84 166 84 72 199 194 17 63 196 57 158 47 68 200 
71 160 92 170 191 45 127 90 64 78 20 111 103 140 130 118 182 86 189 44 13 198 20 186 69 170 142 49 174 98 44 32 21 128 137 200 136 164 64 51 171 188 9 189 39 51 118 180 57 49 139 90 25 33 53 113 127 24 155 17 127 39 48 177 104 149 161 8 69 75 51 15 144 111 156 40 102 70 182 179 24 27 19 107 106 167 86 125 121 199 3 144 10 85 110 143 160 133 109 139 61 8 39 106 112 48 161 197 5 50 29 152 61 94 162 108 128 157 182 96 91 57 29 78 19 133 29 133 200 91 119 193 90 30 186 44 130 137 153 1 113 43 56 196 69 191 108 39 80 75 
128 199 66 134 54 154 103 96 150 113 24 5 186 5 26 33 117 39 65 31 190 45 7 178 126 98 158 92 132 126 179 31 187 160 190 24 182 106 194 6 28 1 63 136 20 197 4 27 148 177 53 49 199 178 139 192 110 15 46 11 16 180 33 169 94 116 2 21 173 150 168 119 92 5 99 148 116 31 187 134 99 19 194 106 29 115 31 82 38 144 150 99 185 74 195 34 165 67 87 197 127 151 150 135 51 166 79 164 167 180 97 126 149 146 197 7 96 39 7 151 102 147 104 111 74 132 140 20 184 32 13 149 164 200 165 130 63 60 135 137 181 32 12 85 18 10 170 89 47 30 
184 90 13 6 76 117 133 130 78 88 68 173 151 177 45 162 126 31 114 168 137 135 18 148 136 73 24 90 160 172 187 30 105 9 144 23 35 146 172 73 119 121 151 188 36 52 51 74 54 190 59 63 198 162 156 148 39 6 197 121 121 195 142 85 150 194 75 133 90 113 103 16 193 184 121 66 108 129 61 116 83 41 168 184 60 102 145 175 88 200 156 122 174 36 64 123 71 32 128 131 119 92 87 172 82 121 85 67 103 87 134 116 139 159 17 44 58 153 198 190 173 131 70 139 135 132 95 96 4 96 120 93 8 133 166 18 190 123 185 138 63 143 113 42 200 10 73 189 36 40 
42 95 136 145 30 62 69 17 167 145 109 64 78 50 98 65 135 42 6 169 151 192 112 37 135 42 160 93 133 118 83 59 154 16 160 152 186 64 26 117 137 124 121 16 66 72 19 131 171 21 111 16 166 41 101 89 114 141 142 153 97 84 146 157 117 98 6 28 53 19 124 192 23 109 161 17 3 149 44 147 29 44 93 161 137 194 108 146 162 118 101 200 157 130 104 82 111 2 131 143 138 87 126 132 104 53 4 134 138 99 90 54 176 171 32 46 40 125 142 185 176 39 12 157 117 171 169 26 5 67 11 25 192 136 142 146 53 8 169 176 119 171 137 172 123 51 167 120 167 77 
140 1 175 150 9 160 11 67 168 156 162 76 85 140 155 193 76 157 175 47 73 65 147 121 124 101 179 183 31 98 12 92 86 98 85 88 35 3 127 52 196 56 197 75 177 28 195 194 29 41 174 8 95 159 110 19 47 112 115 23 147 54 81 146 126 24 166 167 129 12 124 140 41 167 56 166 60 84 180 200 173 111 152 26 139 89 50 139 8 126 37 95 50 31 71 158 159 87 89 187 77 44 65 118 116 81 61 110 168 122 183 55 71 69 193 43 114 49 76 2 166 78 25 15 17 99 23 94 73 27 46 73 83 46 135 138 37 178 70 15 174 133 127 169 150 184 92 163 86 107 
72 144 168 22 147 56 129 21 12 97 163 3 70 22 54 120 57 32 20 136 196 140 87 93 59 96 4 16 149 94 187 16 28 152 190 200 170 158 89 122 49 175 36 141 63 140 39 91 60 99 189 130 145 38 177 107 75 138 98 47 41 190 168 155 136 60 29 152 111 101 57 5 151 47 200 186 4 97 138 54 57 8 154 76 83 142 161 181 163 110 75 86 31 131 22 105 41 48 25 106 80 105 194 31 150 65 52 155 83 19 30 191 82 123 112 124 152 14 121 21 12 151 96 81 29 9 17 29 155 141 195 97 21 2 40 181 1 39 30 176 97 197 69 48 115 153 80 108 175 64 
97 38 118 7 38 185 66 88 22 171 189 11 68 173 1 19 11 146 46 115 52 169 145 118 5 139 146 190 6 70 81 17 174 14 190 190 33 98 32 116 44 78 64 96 5 45 77 121 159 167 104 140 80 111 169 120 164 64 110 145 125 25 114 175 73 17 29 142 183 62 35 98 49 127 168 195 94 126 169 24 124 12 48 60 1 136 104 41 116 21 73 24 178 116 92 146 115 200 22 16 161 8 14 149 134 37 125 15 104 134 113 147 95 65 47 111 30 179 185 162 129 167 139 3 121 134 63 104 121 20 145 76 52 67 49 46 83 131 65 9 167 137 182 121 49 85 172 7 142 111 
194 84 159 26 35 166 10 89 147 23 156 65 6 87 23 20 74 101 104 105 23 195 166 81 191 31 73 135 79 31 190 18 23 62 38 157 25 20 9 115 81 134 76 159 71 162 99 105 43 25 77 50 168 160 24 84 136 137 125 94 106 58 130 105 188 112 92 128 125 34 188 170 173 178 111 82 161 162 35 22 108 68 150 188 143 168 163 103 60 63 139 30 184 116 11 1 44 112 186 44 133 46 124 75 183 45 81 38 154 26 96 171 91 80 120 193 190 12 56 41 57 4 96 164 160 121 44 79 38 81 68 165 108 138 89 177 84 122 27 24 77 21 89 96 57 105 158 107 118 102 
50 166 31 69 36 97 26 28 199 37 24 105 15 130 196 81 189 66 157 72 171 2 140 90 34 197 132 130 185 137 149 94 95 111 169 73 109 71 67 78 53 8 4 177 35 120 126 149 160 192 132 154 153 139 77 22 156 35 80 191 88 124 81 90 81 68 146 197 24 64 116 42 200 141 26 194 76 40 73 170 32 54 90 22 14 61 45 12 54 97 13 180 26 141 108 101 195 120 191 59 83 24 110 162 103 11 74 84 129 179 103 193 45 80 15 145 66 19 95 190 4 37 93 73 186 164 160 38 116 159 55 96 99 61 71 6 37 168 92 136 180 71 151 173 78 33 28 147 69 157 
43 133 125 184 100 80 14 92 132 94 165 136 132 144 136 188 44 183 79 198 26 112 126 192 88 62 142 45 199 176 81 192 182 196 125 165 58 194 145 60 100 13 65 112 195 108 151 41 134 26 112 159 26 70 34 183 38 15 121 136 138 16 165 22 113 103 41 7 176 6 83 92 82 143 159 102 39 45 35 72 187 184 192 116 53 59 95 180 4 1 23 49 1 151 62 82 179 131 127 160 110 182 103 156 145 108 117 75 105 98 88 102 82 157 49 153 74 113 136 24 119 63 135 194 180 177 103 76 59 125 130 162 170 37 128 84 139 26 18 104 116 34 119 58 181 149 72 144 142 12 
111 90 122 67 41 63 106 27 148 24 82 106 43 100 103 156 25 198 61 194 128 139 133 86 100 62 77 7 40 64 146 68 127 93 36 157 190 117 108 73 48 164 148 50 40 79 110 105 24 187 71 80 95 115 69 173 50 1 30 158 117 68 149 71 16 86 112 141 131 85 119 54 70 132 90 197 58 180 102 7 103 106 186 166 134 161 26 149 32 166 135 72 168 144 73 179 59 135 57 97 54 78 100 86 22 173 187 142 69 118 12 42 154 27 121 48 114 54 35 43 49 171 54 121 58 37 87 89 101 172 100 180 139 16 110 8 196 98 174 157 194 101 160 42 185 48 149 36 2 182 
191 147 193 178 189 25 148 187 64 180 42 6 119 131 91 2 3 134 43 108 75 190 77 161 65 124 27 155 37 150 88 68 150 156 137 117 19 53 183 198 29 44 199 135 104 167 186 47 55 153 173 123 123 180 103 60 14 40 118 185 65 83 57 168 124 131 8 137 119 182 47 25 6 98 13 44 129 45 136 135 163 50 52 184 42 36 1 41 153 33 162 12 48 6 188 92 80 102 23 185 127 54 109 8 151 147 131 48 170 168 32 79 127 124 92 120 95 160 13 96 61 141 111 101 141 98 167 197 123 12 51 135 39 145 54 177 93 69 189 192 114 13 141 21 171 158 45 63 29 160 
182 149 171 50 189 132 109 19 58 4 173 182 93 173 12 90 42 109 109 172 141 172 107 161 118 14 55 57 116 174 18 18 71 198 27 89 98 77 103 67 83 176 12 197 182 117 156 9 81 51 62 94 81 97 85 168 170 28 9 12 42 200 132 191 102 128 13 98 123 49 21 62 46 166 90 129 96 137 57 8 32 49 188 184 130 62 24 149 29 95 133 71 178 56 48 179 66 119 146 84 161 145 160 176 187 164 82 143 24 145 143 84 186 167 183 84 60 28 35 57 44 22 73 101 167 137 19 20 124 92 151 32 22 137 158 132 191 167 113 153 33 196 161 22 9 89 25 107 165 157 
112 86 150 28 181 173 173 88 77 64 199 191 135 181 73 108 131 50 93 108 118 69 1 104 98 166 114 100 179 118 131 176 113 73 54 27 125 167 148 175 65 152 53 96 150 53 75 110 171 112 66 9 72 189 143 33 36 118 24 108 36 139 183 8 69 87 131 96 153 17 137 79 117 70 156 161 100 1 171 194 120 22 60 68 15 54 7 156 33 181 148 3 95 91 46 123 69 140 155 18 178 174 179 128 191 138 103 140 200 18 125 14 109 25 60 82 94 146 147 186 171 82 93 122 173 107 66 165 5 12 53 46 67 173 50 37 43 150 185 165 186 155 186 133 178 127 72 104 182 35 
14 38 170 128 107 181 19 14 141 121 182 192 184 31 110 92 171 64 90 16 29 13 153 14 103 69 25 77 22 138 95 98 23 99 200 24 58 145 152 123 103 82 179 17 149 43 104 146 38 156 46 121 161 109 95 184 194 36 51 54 140 52 27 84 165 6 102 32 162 77 134 158 77 130 81 160 23 65 128 106 67 22 195 162 46 168 65 68 21 88 84 141 36 185 141 84 92 118 176 53 110 63 182 148 20 7 31 89 74 181 61 146 49 73 160 122 149 59 8 48 175 24 191 125 112 90 114 28 174 97 59 50 146 19 87 44 75 75 90 126 49 149 182 29 197 186 117 77 135 189 
57 110 99 127 150 99 11 147 181 180 123 192 165 15 41 187 54 168 5 17 3 190 116 24 198 191 186 172 82 182 21 187 169 140 157 49 55 93 27 82 82 42 173 164 55 67 172 168 2 170 58 5 43 36 124 22 145 168 152 195 198 180 144 18 127 113 189 48 68 98 29 97 33 158 193 34 9 189 101 17 133 7 59 171 133 13 45 64 179 52 184 39 33 129 10 52 48 159 159 164 20 18 176 109 60 127 179 183 52 32 60 65 15 122 113 152 151 169 155 102 98 75 136 142 131 143 137 1 7 108 17 175 69 70 2 155 163 143 80 126 127 37 1 66 138 135 118 11 60 140 
86 135 80 17 191 180 49 136 133 198 121 127 165 61 88 170 47 102 51 89 57 151 23 150 60 23 171 111 44 153 176 173 177 99 133 199 148 196 156 192 151 63 76 137 111 20 55 128 4 185 148 1 62 158 45 99 71 29 62 159 119 129 177 198 137 179 173 17 181 170 30 37 166 195 135 28 5 100 147 190 25 107 79 155 129 81 78 81 23 88 61 179 185 109 21 80 71 141 84 35 39 121 167 45 107 88 92 133 175 199 171 13 114 132 61 80 6 16 43 85 43 136 87 45 198 88 161 182 120 19 151 149 93 91 167 35 53 70 87 70 103 153 146 90 135 5 200 166 89 119 
134 51 123 97 108 102 131 85 41 186 28 48 85 40 81 123 116 53 156 48 27 7 138 93 85 24 161 6 170 182 27 166 71 58 125 150 172 7 160 46 172 175 18 160 59 191 13 29 185 190 195 121 90 62 11 92 35 192 41 95 11 193 101 100 52 125 50 158 144 109 46 158 80 169 49 7 199 157 41 75 65 123 63 114 62 161 117 6 186 194 62 121 79 91 93 111 55 132 200 53 30 67 91 197 191 119 143 165 178 170 47 109 20 150 22 189 147 52 16 45 168 115 156 86 125 89 168 62 15 93 69 68 31 93 125 173 87 115 28 40 45 161 100 134 53 62 32 108 157 131 
186 56 66 119 83 67 45 121 103 200 120 45 162 200 108 115 125 70 197 164 189 184 74 44 64 51 161 144 28 116 166 130 24 177 150 93 177 102 77 38 40 28 105 84 50 11 56 1 1 169 11 198 162 165 136 39 103 7 196 80 145 28 59 130 51 114 198 36 19 145 120 42 86 52 182 48 108 46 4 112 165 135 71 166 42 53 33 11 32 141 34 194 7 162 146 166 109 159 152 74 136 17 111 25 155 195 108 175 177 36 141 193 31 67 108 188 152 118 25 25 184 89 47 97 24 7 21 159 83 78 54 65 149 27 144 42 131 58 65 49 84 25 81 46 6 130 166 20 173 171 
148 70 183 171 18 61 128 116 54 170 181 15 191 14 89 64 153 178 128 47 49 148 46 192 157 21 21 172 95 79 38 167 157 30 25 131 3 154 91 57 125 141 35 103 195 44 172 150 155 169 166 170 138 81 35 39 86 126 158 173 132 141 27 148 123 55 108 37 43 12 140 84 67 79 44 30 106 29 173 151 63 190 189 96 24 86 192 81 195 30 199 66 88 177 82 161 41 35 109 193 175 159 76 5 124 80 8 40 179 85 146 31 79 148 82 152 44 34 163 198 40 188 111 135 120 199 11 78 163 78 45 183 2 169 4 198 122 172 158 41 148 33 190 108 109 123 10 93 10 64 
85 170 182 86 94 71 104 46 3 68 32 184 49 121 40 7 35 32 200 170 14 65 29 126 2 88 83 159 193 15 184 174 178 180 182 132 120 14 126 147 148 161 54 61 197 105 12 7 90 89 147 193 100 77 74 69 187 180 111 40 184 39 72 55 192 26 114 170 99 188 48 152 100 5 53 111 167 125 10 196 134 61 79 36 16 69 131 148 64 181 34 83 8 161 159 122 75 23 88 142 143 184 1 137 160 144 65 156 33 19 45 51 159 174 166 67 3 149 103 127 20 146 9 110 31 77 36 171 179 194 48 88 134 18 46 50 193 55 139 25 15 115 65 166 138 179 146 16 41 68 
89 195 100 134 99 25 89 159 67 53 135 131 84 97 138 41 76 17 54 50 140 189 32 30 13 184 132 178 46 130 132 48 86 138 200 173 109 143 175 131 162 45 129 34 135 189 104 45 102 35 25 12 190 2 189 125 103 137 156 186 3 92 28 16 17 83 145 188 95 177 173 54 23 198 114 176 81 109 68 136 54 131 186 193 112 113 124 50 187 139 71 171 71 26 148 189 63 84 183 29 34 189 147 113 185 35 121 65 172 140 152 118 122 178 54 152 87 98 151 67 21 147 150 165 91 148 116 197 81 68 91 113 189 170 111 18 1 126 183 13 91 31 50 37 126 176 181 200 36 152 
57 107 25 188 12 30 184 6 170 182 167 182 46 118 154 68 102 88 38 32 52 112 96 7 147 150 176 26 158 190 126 111 127 22 143 28 14 161 104 125 6 62 58 83 192 163 188 194 200 127 96 15 103 119 93 191 197 192 197 39 152 114 68 79 86 84 48 86 75 115 175 193 190 99 131 38 40 12 195 188 189 25 64 58 163 24 28 40 63 61 196 47 73 122 134 91 1 43 146 85 35 133 100 129 50 2 168 103 64 97 179 55 55 119 75 104 199 28 181 47 182 64 130 4 163 181 115 22 109 18 93 28 152 173 54 183 88 143 148 97 110 102 146 178 67 188 24 189 139 111 
196 9 131 75 84 64 7 104 18 131 200 186 184 77 89 115 58 166 136 125 41 135 162 126 122 124 93 145 134 65 36 156 23 56 150 170 139 31 149 139 14 194 166 155 111 56 188 138 67 49 56 36 183 42 84 167 101 129 148 120 196 143 178 78 76 37 148 155 36 193 183 16 58 34 91 7 22 35 169 16 14 150 27 92 71 199 32 85 31 48 97 175 116 153 71 199 126 81 18 99 102 136 141 59 195 116 92 90 143 114 84 16 171 2 14 40 80 92 157 61 116 51 101 94 174 119 136 106 36 27 153 97 68 15 28 95 76 29 184 116 170 32 89 58 61 73 84 185 129 88 
19 51 31 32 30 162 195 30 31 49 98 139 63 136 157 69 146 68 120 84 41 91 190 109 76 39 148 78 90 56 54 43 182 64 96 155 166 50 24 165 125 148 181 120 194 159 173 130 39 154 141 9 184 134 130 124 29 61 149 175 17 153 121 1 24 51 72 64 54 192 73 35 49 142 98 78 82 147 115 3 183 9 47 136 70 102 16 72 144 11 41 117 132 192 179 38 60 114 59 129 3 92 79 20 90 8 27 165 78 133 93 86 53 26 22 175 98 26 135 1 110 132 158 50 185 193 182 142 175 182 187 125 91 21 65 185 48 178 26 166 28 112 149 26 167 156 143 7 44 57 
115 168 83 141 164 167 77 181 33 118 128 23 5 16 155 39 14 2 66 17 142 77 39 192 49 183 89 57 64 63 19 196 113 183 5 142 22 176 50 89 153 129 112 186 143 121 103 27 101 147 132 148 96 100 129 182 175 5 72 186 13 194 86 112 61 19 96 47 8 134 36 72 84 182 55 138 200 148 125 60 108 80 88 100 63 168 172 96 194 69 128 161 13 32 143 134 85 72 142 105 13 171 185 70 110 153 4 126 14 148 124 44 112 88 63 130 123 180 108 7 111 161 3 103 73 191 125 4 142 24 140 134 64 103 77 105 53 121 96 137 158 156 38 56 177 85 192 58 30 2 
33 154 88 85 9 72 199 106 162 70 123 149 178 99 39 1 81 142 190 157 131 22 154 37 64 139 193 9 79 180 164 185 111 144 159 141 191 167 146 125 48 181 132 57 185 27 107 172 70 173 191 44 179 133 11 34 169 192 193 174 101 4 90 98 121 131 116 198 23 97 24 114 196 166 98 80 131 133 18 88 3 105 99 9 12 198 109 122 92 52 128 145 154 67 107 197 41 95 99 123 149 70 126 34 36 156 189 69 105 168 102 122 58 68 184 130 118 42 170 105 186 156 104 15 141 98 178 88 24 59 71 186 109 93 199 4 93 138 20 26 32 34 132 180 148 81 3 7 162 195 
81 103 123 123 90 56 41 147 3 165 142 200 45 74 150 151 63 45 52 21 123 17 150 103 19 5 112 115 160 161 182 1 91 39 141 68 2 59 33 32 193 162 154 83 166 104 39 51 13 175 31 75 42 91 200 169 136 80 7 185 179 104 141 171 176 121 23 14 140 170 59 174 67 146 183 173 139 88 9 68 130 125 178 152 141 48 33 159 187 77 63 60 90 94 115 124 1 86 125 115 184 30 101 184 58 71 187 154 185 30 57 118 178 74 124 33 131 135 163 79 105 133 132 130 60 106 83 105 145 180 81 194 193 101 171 54 28 53 33 49 48 194 65 77 10 108 64 97 180 90 
17 17 132 140 35 73 36 76 118 42 118 140 194 189 31 74 75 46 96 142 196 153 14 45 92 61 118 2 96 137 107 34 144 124 25 12 164 56 43 4 164 103 105 169 54 22 150 133 161 103 171 42 82 23 14 165 187 16 192 43 114 45 26 199 167 42 199 87 85 185 104 133 30 75 110 44 45 18 185 4 138 94 144 60 139 85 17 19 57 97 17 14 117 88 3 129 115 145 109 112 89 97 29 18 139 130 125 49 183 181 100 132 96 125 37 85 19 76 133 160 137 62 165 79 93 62 181 102 160 154 131 76 198 190 10 121 10 32 176 157 80 57 110 190 115 6 62 170 119 29 
5 198 63 28 133 150 116 99 80 107 84 184 180 60 101 117 47 61 27 5 46 187 145 153 123 109 156 186 70 149 3 3 121 46 87 158 98 60 93 2 26 79 87 197 151 1 157 119 63 139 174 12 27 135 160 112 103 65 38 103 171 31 155 36 130 140 145 40 174 55 137 181 111 192 38 17 27 131 12 43 76 47 179 9 85 21 148 67 156 144 19 81 12 142 165 194 53 200 150 27 117 64 57 31 12 167 36 113 109 138 106 124 65 188 104 156 28 91 27 143 149 47 33 70 78 29 32 130 106 83 160 39 14 166 178 11 33 173 156 111 77 69 103 114 106 90 131 152 54 65 
70 178 87 117 191 193 170 139 190 83 108 77 91 117 69 136 52 127 155 93 98 121 153 134 90 125 97 110 62 121 45 164 7 43 143 13 2 177 78 196 146 117 167 174 99 21 74 126 76 179 46 120 80 146 56 144 46 164 42 46 136 89 120 21 29 178 134 82 115 88 87 152 49 184 172 163 155 150 196 81 113 196 132 58 150 108 103 132 43 172 1 42 47 70 90 185 48 168 190 52 127 109 136 193 30 178 161 51 34 106 127 160 142 62 171 81 43 172 183 108 55 178 155 151 36 199 11 65 81 145 1 165 135 5 23 18 149 138 119 20 173 72 96 27 37 116 156 43 169 163 
197 34 95 166 71 88 79 14 156 90 24 25 12 193 126 65 92 90 156 63 186 159 116 89 106 158 140 170 188 20 32 100 108 187 99 98 8 195 175 169 106 188 94 137 153 57 98 131 36 53 177 77 113 106 176 90 175 94 160 119 33 82 131 77 191 98 18 172 132 182 199 91 2 156 44 183 149 65 117 41 98 118 4 114 167 43 116 134 109 195 130 24 184 160 83 72 147 93 169 116 181 129 81 116 26 60 157 61 69 179 84 37 110 15 4 58 86 140 106 29 160 193 158 84 111 25 97 23 127 39 64 115 81 52 104 155 185 199 183 99 135 98 29 39 85 70 74 101 78 4 
139 88 60 85 49 105 196 16 80 199 47 31 44 168 78 183 15 59 125 143 69 182 74 25 180 129 77 87 38 151 172 155 101 48 78 98 75 68 175 178 61 130 119 191 120 85 55 68 73 64 45 2 170 181 102 155 157 39 53 36 73 113 27 83 195 159 132 70 81 192 177 110 160 20 52 185 45 197 171 67 178 159 23 57 91 181 6 145 122 77 13 48 105 89 168 45 29 173 131 74 23 111 18 11 89 108 76 142 163 18 142 80 133 192 145 168 146 92 135 177 4 86 44 126 34 147 33 121 108 170 129 22 84 171 57 77 11 58 155 138 38 141 138 63 77 188 65 169 16 144 
84 125 136 63 3 120 15 49 142 163 91 77 1 14 38 70 130 187 78 78 135 95 147 142 135 136 95 80 86 17 156 58 196 171 171 80 37 189 115 187 54 110 29 98 58 48 42 142 198 138 29 55 129 58 40 108 55 178 72 70 23 123 58 7 12 149 107 2 140 55 75 20 73 22 159 180 23 1 65 140 103 51 156 95 74 54 161 85 114 112 23 7 182 82 160 152 191 39 3 81 179 195 102 11 121 9 69 111 72 78 47 106 1 182 13 145 195 34 150 52 149 100 39 22 11 32 33 195 14 141 43 132 117 125 120 180 52 106 151 178 6 31 99 57 119 163 169 178 55 48 
124 4 131 111 170 41 3 176 167 49 172 192 88 70 141 3 156 78 155 54 184 154 29 188 88 101 5 19 173 111 129 91 57 94 30 56 54 4 178 194 18 181 143 195 31 148 113 169 22 190 189 117 128 62 190 149 9 82 47 89 73 29 181 80 48 171 144 131 104 198 80 1 120 10 180 160 8 36 67 73 160 131 5 198 141 12 95 21 45 103 198 95 75 44 165 123 110 128 45 54 52 169 77 197 39 12 177 153 94 106 56 40 178 49 101 110 105 137 196 71 180 165 59 190 176 123 197 60 45 154 12 92 4 187 58 25 144 16 3 18 193 183 6 182 174 96 54 15 122 20 
143 113 160 30 170 121 185 104 143 155 48 76 75 141 107 83 93 195 104 30 67 88 198 128 35 80 133 161 80 115 182 45 134 79 96 193 126 184 29 177 95 164 137 109 69 177 41 143 199 79 63 12 10 133 42 34 133 149 176 184 169 125 96 59 87 103 38 108 153 146 161 190 55 139 48 105 18 159 94 143 177 58 63 87 120 30 81 8 25 67 69 133 51 22 73 26 77 113 67 54 105 81 151 82 24 67 6 75 122 156 89 194 99 142 58 174 144 175 25 7 5 97 26 6 18 5 35 179 88 1 29 155 57 163 1 87 83 62 189 112 133 52 87 25 128 39 138 84 173 189 
55 78 41 176 90 122 29 40 65 183 27 1 181 171 164 100 21 68 48 128 54 189 107 162 37 23 197 76 19 178 158 161 156 54 195 39 26 60 7 165 45 99 126 148 168 140 22 147 96 125 75 104 36 41 175 146 193 152 112 11 60 134 33 166 133 153 13 86 181 147 44 129 9 116 181 83 71 97 145 43 20 197 50 97 125 191 194 175 156 193 100 143 60 164 2 65 40 4 89 4 102 83 162 63 171 36 126 147 101 116 147 111 62 129 144 79 115 94 104 29 80 61 161 81 37 149 167 153 31 61 96 68 55 71 18 158 81 31 85 43 159 198 68 121 91 4 198 89 85 159 
94 154 182 99 128 84 14 65 173 49 4 9 85 83 126 83 24 3 59 155 140 120 38 190 9 42 88 196 111 152 192 145 9 191 83 90 11 150 22 144 180 185 93 24 3 72 55 77 150 82 87 40 194 183 122 15 178 50 88 92 13 67 136 86 167 112 177 50 101 163 51 165 75 91 35 98 39 94 56 144 170 37 83 103 45 169 123 40 4 55 111 112 194 164 118 83 146 110 149 144 139 41 125 69 96 59 77 148 179 110 45 29 149 68 182 66 44 17 121 200 72 1 55 178 110 56 168 169 89 150 49 89 110 104 97 109 151 169 51 131 15 126 147 137 191 94 140 127 164 20 
188 50 39 165 58 144 80 59 138 93 122 24 115 147 5 11 91 123 127 90 177 142 163 175 26 3 110 179 136 14 36 146 13 176 123 165 98 79 146 55 11 139 186 117 122 97 2 77 135 97 36 188 7 177 67 185 114 136 167 157 27 131 193 85 191 106 150 136 100 173 188 85 91 30 163 186 104 134 192 32 36 40 100 41 89 198 47 156 155 51 53 109 101 130 173 82 69 36 84 57 5 194 104 51 96 3 1 69 91 55 66 85 171 122 92 121 156 102 182 77 149 183 14 42 8 185 26 46 42 170 15 51 35 84 75 172 60 148 111 24 131 158 43 194 41 51 1 187 152 6 
51 88 30 179 50 65 194 78 55 30 14 149 106 184 137 176 176 83 112 134 92 117 151 139 188 59 74 199 104 44 199 196 54 56 199 70 172 177 23 177 97 186 126 11 93 200 176 130 107 34 141 184 150 124 197 187 10 141 98 160 5 2 145 83 120 100 197 188 2 4 16 11 188 177 27 200 194 84 166 181 58 4 186 5 30 167 187 27 76 50 128 74 75 42 164 87 159 49 191 92 21 141 61 151 137 141 2 27 90 11 35 158 82 25 132 119 1 127 59 139 142 139 121 160 135 28 70 35 137 37 99 190 67 107 48 137 54 32 129 114 44 134 5 12 180 170 135 89 99 75 
17 13 86 67 84 52 80 53 91 24 73 35 109 78 166 127 187 157 171 132 185 72 134 183 61 173 61 155 128 146 39 123 138 111 141 106 94 26 22 16 29 110 189 191 105 116 10 149 64 25 194 168 196 38 19 122 29 169 56 96 150 140 30 186 149 32 42 43 190 40 3 74 171 62 13 34 184 105 118 85 110 194 74 110 53 73 14 97 189 32 189 28 177 2 84 71 77 101 113 57 5 129 154 66 10 140 43 1 131 174 116 32 135 7 46 157 152 91 92 137 23 172 58 50 120 148 90 124 93 115 111 154 194 104 23 136 96 199 111 37 144 147 186 105 159 145 66 188 133 94 
77 187 188 28 126 183 44 75 55 36 120 61 141 186 78 60 182 2 114 81 1 96 147 127 120 60 175 14 29 6 136 114 149 80 169 146 76 27 157 38 115 69 198 200 175 93 192 57 55 57 160 156 105 71 97 19 140 72 111 75 97 121 61 133 97 66 8 6 39 98 77 79 180 132 148 128 155 154 74 126 42 41 127 115 24 86 189 192 99 173 124 132 4 200 80 90 122 29 56 139 181 58 194 74 58 198 10 190 7 56 160 43 45 93 166 55 61 3 21 138 29 109 12 39 67 87 143 153 83 83 118 125 101 178 50 41 52 98 193 55 200 144 47 158 184 35 129 37 5 167 
21 66 110 78 135 148 183 111 114 60 156 162 200 80 179 145 119 146 64 145 97 40 141 21 194 110 151 71 46 75 192 119 132 124 61 126 75 185 1 46 88 96 190 73 12 128 58 6 75 175 70 77 5 149 117 88 27 71 33 30 62 55 165 73 181 47 106 157 182 69 133 7 33 186 43 49 34 161 195 41 65 156 178 108 159 121 119 2 127 132 12 110 90 113 138 4 70 174 134 184 26 20 186 28 3 152 129 9 111 105 143 42 1 160 163 57 17 22 90 89 1 63 55 169 179 58 93 112 125 163 6 177 111 54 199 16 22 53 127 80 36 150 26 39 101 101 196 188 117 132 
45 6 106 19 199 51 108 181 113 26 6 109 59 89 104 144 164 95 36 138 189 22 33 76 9 156 45 160 48 140 172 31 169 96 68 16 174 175 65 152 103 43 67 96 112 21 8 90 6 188 29 173 89 17 181 129 93 185 95 54 182 89 127 36 183 159 167 15 46 151 199 58 113 83 37 137 96 164 85 42 3 79 181 42 148 91 71 200 173 85 42 165 23 40 155 95 24 170 32 150 10 146 114 153 110 51 179 80 67 39 37 168 199 28 107 73 77 98 88 33 93 113 169 130 77 71 87 11 143 74 178 89 195 90 29 2 107 167 181 18 58 179 124 75 140 93 115 38 95 85 
75 154 123 118 43 57 48 69 113 200 190 144 187 116 108 87 94 156 75 1 75 47 83 22 43 144 155 10 45 6 118 60 166 80 114 67 110 79 22 63 36 42 1 93 62 152 82 146 161 70 132 80 92 157 91 25 37 153 153 83 97 64 76 10 191 23 63 140 191 78 6 147 3 9 8 144 51 73 193 32 78 62 101 199 88 4 11 131 142 153 183 93 7 156 48 76 140 170 164 66 108 3 143 135 41 160 151 63 76 197 93 13 81 49 188 17 18 37 144 76 103 149 85 90 115 126 8 131 80 113 186 168 111 59 69 90 172 139 76 87 184 20 2 123 6 190 52 46 55 92 
200 72 63 1 180 97 85 93 149 29 161 39 120 144 193 48 69 168 73 154 184 130 58 200 182 60 137 91 39 142 194 30 92 64 14 69 29 126 186 38 8 40 66 134 160 52 35 199 33 89 127 38 50 50 188 185 26 21 188 47 93 100 67 198 190 150 125 159 158 131 176 141 58 189 4 15 39 8 177 120 33 67 164 122 185 21 34 140 177 172 198 168 6 71 82 159 56 124 190 176 114 136 143 60 38 163 98 59 93 192 128 101 94 83 157 168 189 103 53 78 67 38 134 1 102 41 66 132 39 19 50 177 133 160 81 169 139 16 142 161 98 74 103 72 1 157 69 147 156 9 
94 29 10 55 182 24 128 174 54 36 72 2 77 19 150 163 51 47 89 61 136 74 137 68 91 35 38 106 52 117 21 15 19 8 192 165 92 151 146 168 151 182 183 39 58 29 8 167 181 139 42 40 194 112 176 98 120 193 22 190 76 126 184 89 167 135 41 66 12 74 196 111 130 74 157 133 65 181 116 93 19 100 130 28 41 46 108 12 37 27 79 196 54 107 85 54 174 108 125 110 154 89 43 174 132 176 71 110 153 27 77 158 73 60 99 18 192 157 161 100 131 198 13 1 28 86 77 187 124 47 44 180 44 77 18 1 112 122 138 24 139 37 172 149 133 128 150 155 72 183 
82 133 111 104 73 178 95 86 13 104 99 58 177 20 168 117 109 199 178 36 165 55 128 195 130 182 144 166 7 161 133 2 127 15 108 152 150 17 21 89 161 166 9 191 70 54 15 75 8 160 141 78 139 132 154 90 190 99 33 53 105 51 177 60 93 190 164 40 180 36 139 65 159 116 121 23 20 124 87 133 95 46 152 147 183 64 144 104 39 97 146 183 134 114 34 154 92 84 147 34 112 81 146 185 178 66 83 177 22 43 19 89 168 117 98 95 49 23 157 54 90 130 137 97 32 191 39 15 190 173 161 15 45 171 160 143 116 90 45 62 56 131 152 144 93 28 58 155 17 114 
99 164 42 200 117 7 7 176 128 56 169 167 158 165 118 82 37 17 92 166 22 187 27 4 27 131 133 143 82 196 157 74 20 32 147 31 8 79 72 27 66 183 24 196 127 10 47 177 158 114 160 71 102 43 156 13 79 177 146 57 34 170 54 157 157 14 156 113 54 195 65 15 122 158 82 99 140 121 179 198 55 16 34 70 173 111 187 157 118 34 199 121 106 1 160 103 142 193 93 95 124 97 130 99 191 58 119 137 173 110 110 84 196 172 187 172 67 87 53 79 3 95 186 6 172 142 119 26 50 197 131 117 148 170 138 52 84 163 95 105 9 194 100 130 24 56 29 4 158 181 
34 21 143 25 93 100 87 45 184 141 17 76 175 89 129 58 196 154 9 19 170 12 148 143 101 143 123 44 45 190 144 82 183 73 184 64 88 13 6 31 127 40 51 90 181 124 169 34 42 87 147 136 166 174 66 164 122 122 162 113 184 189 74 125 76 40 28 113 107 67 40 175 115 200 124 164 194 139 134 82 82 145 22 84 18 3 136 140 187 27 60 83 96 52 106 173 162 188 129 82 8 108 130 71 20 108 9 76 56 60 175 198 88 39 6 194 38 65 199 156 3 91 29 112 52 168 12 150 50 192 150 23 36 153 71 110 11 80 28 34 169 116 168 100 158 16 151 26 179 16 
12 156 183 53 147 96 23 66 114 4 111 103 3 127 26 137 125 160 199 106 55 185 69 122 190 124 91 63 140 98 89 93 103 50 48 143 137 102 164 158 135 130 147 103 27 99 145 43 153 52 11 74 37 153 94 87 96 174 65 190 30 174 24 14 111 85 46 187 194 160 148 68 169 76 123 135 90 28 30 86 52 44 72 111 69 102 197 143 86 157 180 44 42 124 179 34 147 185 108 29 126 126 120 158 2 90 113 19 64 189 37 103 76 76 63 94 41 11 23 196 37 30 160 124 42 88 106 134 111 170 72 26 62 116 84 190 123 68 199 39 88 75 124 66 148 117 181 26 197 125 
173 89 148 125 116 115 35 80 84 196 195 47 50 106 161 109 82 172 32 140 37 129 51 25 26 154 160 76 130 122 132 116 160 195 80 36 179 167 79 183 24 11 196 116 1 134 188 101 195 11 135 35 82 46 76 111 65 126 184 64 175 22 87 150 121 7 72 149 187 40 1 4 138 197 51 172 69 72 137 77 28 166 64 29 146 108 170 176 5 61 51 41 36 76 23 39 134 148 88 160 20 197 191 166 123 95 194 197 112 151 178 200 80 110 59 198 182 62 71 17 76 120 171 35 69 82 46 40 25 23 150 40 165 3 21 190 24 14 103 6 9 66 94 59 175 15 114 18 169 99 
63 70 92 83 125 88 146 7 163 59 68 53 105 128 135 173 35 12 113 23 131 125 31 20 138 28 12 82 31 13 105 124 169 97 173 197 141 77 145 111 189 154 190 36 79 122 145 19 110 112 111 155 91 106 105 190 142 60 172 129 145 58 1 179 185 77 53 100 125 26 183 34 139 31 90 43 78 14 109 178 86 167 14 77 103 80 113 180 10 156 76 110 200 7 44 123 114 152 2 10 195 131 156 50 143 130 12 30 122 51 51 102 43 124 148 190 52 167 55 6 83 120 128 81 83 194 70 75 24 142 58 59 139 127 191 181 25 145 90 150 102 186 162 3 102 155 81 80 190 79 
49 93 61 172 185 179 158 45 56 194 104 135 165 147 56 74 118 115 179 151 21 80 74 119 39 157 142 136 106 182 20 34 64 15 84 130 198 163 28 27 62 42 179 111 61 20 125 124 80 136 197 144 13 23 93 109 159 147 153 80 96 59 85 145 141 39 102 95 112 27 87 31 129 175 199 92 2 54 179 106 108 73 79 118 82 140 19 92 154 11 19 23 44 46 62 174 116 13 139 3 154 73 190 163 124 48 159 40 94 146 191 80 145 115 102 107 150 22 139 167 64 86 110 62 158 66 52 2 54 169 144 187 92 21 161 159 89 13 161 106 58 46 92 6 143 1 9 11 95 97 
33 84 106 131 126 169 36 106 191 81 171 123 149 129 191 86 123 177 87 174 90 56 124 22 150 88 189 26 101 183 164 193 151 3 154 15 11 192 144 195 199 33 128 112 34 112 28 143 98 153 155 36 156 125 73 121 104 99 158 37 113 154 89 174 125 105 102 21 193 127 146 194 147 3 185 137 183 91 22 34 182 85 47 166 175 121 94 130 146 103 23 38 57 184 99 180 33 198 150 78 10 109 177 102 18 89 196 29 161 137 103 153 138 26 154 193 182 120 20 74 128 30 51 4 189 75 158 165 21 169 73 98 169 168 39 54 163 1 41 32 191 88 53 98 25 9 184 19 61 134 
173 68 100 126 57 37 99 180 15 119 149 103 47 106 105 102 151 9 55 52 77 102 17 120 35 156 163 39 166 41 117 53 144 113 33 97 152 166 77 185 68 92 142 107 8 128 191 55 22 152 16 83 47 134 188 172 28 197 31 145 65 105 128 104 102 31 120 44 124 123 38 113 138 148 32 88 3 172 195 97 178 2 167 107 23 38 30 71 24 146 191 158 19 173 155 183 177 34 134 151 78 120 185 176 89 60 113 145 31 93 111 31 182 38 58 111 148 44 192 102 160 148 44 66 72 19 82 43 194 16 117 43 83 168 131 52 140 128 19 196 181 102 2 165 76 36 151 124 15 184 
69 22 74 50 61 6 19 166 197 71 68 93 161 115 39 187 63 165 118 36 153 5 91 5 28 13 121 149 16 176 160 125 93 89 11 155 79 170 43 53 19 26 17 37 154 87 121 62 152 122 172 64 109 142 87 48 50 13 145 158 176 27 36 81 97 78 153 184 85 154 114 164 103 76 175 67 5 20 7 192 88 74 26 147 148 108 125 168 93 139 21 95 79 92 101 116 88 96 154 127 51 168 23 108 145 62 27 124 121 150 186 57 50 158 105 130 66 64 173 85 170 18 61 169 19 60 46 41 156 199 54 100 15 16 108 195 153 192 115 13 11 68 29 127 181 3 44 112 43 150 
24 171 166 148 62 86 174 70 39 14 125 93 49 92 172 35 106 90 105 70 49 100 114 108 32 88 75 96 59 148 65 6 71 198 173 131 105 40 31 184 9 199 182 68 155 61 36 18 65 105 77 31 158 188 166 1 110 115 175 118 40 61 89 160 77 28 93 131 77 171 176 21 25 94 38 29 180 127 92 106 125 125 3 58 3 114 22 93 158 93 99 175 56 45 33 40 40 148 181 97 76 150 145 28 99 195 68 133 107 139 17 199 25 183 13 197 133 3 79 35 15 21 129 43 118 140 144 102 152 13 167 59 22 141 3 18 152 83 73 62 88 31 59 57 187 137 5 73 141 92 
197 28 162 168 44 35 94 186 195 74 52 28 65 158 180 158 65 77 125 142 18 66 181 5 84 117 137 14 158 178 103 150 50 115 86 23 44 150 16 55 4 182 151 15 20 62 168 36 9 45 197 181 69 195 48 198 46 116 94 198 167 159 182 41 89 194 189 144 192 12 198 146 28 15 141 28 140 106 80 140 6 180 36 197 170 61 99 180 184 150 180 25 47 26 44 105 62 113 78 62 47 108 88 158 83 47 186 187 74 198 87 106 169 75 163 98 6 159 108 147 80 13 126 83 14 12 49 110 91 92 93 78 170 10 114 39 43 139 105 159 54 100 147 60 187 51 88 51 168 101 
28 140 171 80 83 1 74 141 127 100 112 52 166 24 146 27 3 90 163 132 107 80 149 120 195 67 10 156 57 175 188 194 47 100 16 66 128 156 101 7 45 138 24 63 120 12 198 21 1 86 161 106 163 40 60 150 80 78 175 126 176 79 158 198 93 105 112 94 26 91 102 142 21 44 97 37 67 136 111 199 146 132 99 5 122 111 156 41 24 31 30 191 124 192 162 150 3 1 196 75 61 194 196 11 150 157 184 120 74 13 191 126 33 151 65 67 147 45 175 99 190 197 109 154 80 18 81 176 128 89 196 158 52 152 21 53 120 116 107 23 61 76 119 46 154 173 46 55 163 111 
9 100 177 68 118 1 39 43 172 148 178 133 39 74 48 166 48 15 119 101 76 197 83 16 56 36 68 118 38 186 108 183 43 174 64 105 30 147 52 188 91 77 82 68 102 48 108 67 55 138 163 168 72 60 199 150 52 121 181 116 31 121 112 40 133 67 105 84 49 58 142 154 57 41 61 86 56 100 169 119 161 101 111 145 91 143 18 1 40 86 138 10 36 108 26 176 40 171 190 192 92 54 11 191 136 5 195 53 125 62 30 107 194 144 156 104 157 108 184 33 182 144 193 48 72 21 108 66 70 55 24 181 182 111 101 138 63 17 75 56 190 128 174 65 67 14 116 174 81 127 
50 57 124 88 61 46 196 143 67 25 157 56 21 66 179 194 130 120 160 46 68 77 119 78 67 75 36 54 66 80 36 170 6 26 77 148 154 40 93 122 46 76 80 86 124 170 121 153 92 15 66 105 56 47 12 49 114 51 50 126 114 186 121 26 91 155 3 112 104 174 61 115 123 92 124 92 18 108 40 26 7 64 37 153 112 68 20 65 49 116 66 59 83 20 80 179 165 181 161 18 156 120 25 20 26 22 166 91 36 58 120 170 50 61 146 15 96 104 77 90 173 8 98 54 168 89 4 162 154 30 118 64 5 66 69 186 197 134 20 35 107 38 57 57 140 46 1 6 111 37 
107 6 90 2 198 71 114 6 97 141 123 53 188 112 46 60 167 110 195 181 5 42 195 114 127 169 48 180 168 84 62 67 60 38 149 183 13 31 189 73 185 65 21 66 61 80 148 97 68 155 32 107 11 120 125 3 92 34 113 64 118 14 50 144 27 130 95 172 157 81 131 187 53 175 148 154 37 197 153 14 63 196 141 86 43 128 35 177 190 184 66 100 111 66 47 111 52 93 12 168 123 185 200 25 135 168 105 8 169 63 15 58 87 83 86 3 20 56 157 111 166 136 14 193 196 65 65 12 162 24 56 106 189 132 44 94 128 19 172 72 62 8 178 170 81 84 62 78 88 130 
196 71 114 47 118 48 115 53 113 120 119 78 96 193 160 77 70 51 127 70 3 148 167 34 18 95 198 97 45 192 59 32 126 185 63 24 12 92 67 92 58 112 155 68 76 22 7 159 116 196 96 50 127 27 93 82 141 138 87 74 67 3 121 16 68 94 120 165 188 106 179 144 197 192 181 85 121 134 156 128 164 190 176 161 162 148 70 47 40 137 8 95 8 60 49 6 160 199 93 110 79 173 187 187 179 195 106 54 105 188 156 142 18 55 64 26 45 18 56 118 139 144 116 148 83 69 185 200 187 15 198 160 172 87 154 8 131 37 115 82 198 48 35 80 115 61 9 95 178 166 
139 40 108 82 116 50 189 160 173 4 56 197 166 18 56 185 176 93 39 177 90 149 200 153 80 154 192 93 63 174 134 195 112 79 172 160 4 198 65 115 148 109 107 173 147 85 118 63 76 86 189 200 200 27 74 125 169 137 54 150 135 40 113 130 13 165 165 107 185 70 18 198 196 190 50 40 106 6 1 58 110 49 172 53 154 144 181 200 93 169 93 85 160 34 82 188 50 159 134 102 21 153 182 77 136 170 103 163 142 73 13 5 172 187 161 98 161 78 174 10 38 152 145 191 61 8 46 82 43 48 97 129 165 148 79 95 134 190 101 124 57 74 160 200 16 169 73 143 46 129 
34 158 177 99 107 181 173 88 32 85 99 131 171 75 161 133 127 155 112 192 188 104 94 170 42 9 165 51 139 44 131 49 60 117 14 11 19 191 33 154 57 35 187 124 17 179 179 96 178 29 179 191 161 167 34 111 165 139 120 162 19 57 142 90 188 10 152 62 132 188 58 138 32 99 37 42 156 116 20 98 186 119 75 19 55 47 25 133 180 116 177 80 150 88 32 129 157 43 58 96 137 193 46 27 94 97 104 133 131 147 59 27 63 155 71 43 191 114 33 179 139 137 33 87 72 109 90 178 167 186 52 65 110 47 77 79 185 122 69 102 32 183 174 124 50 45 46 189 104 36 
39 37 187 76 51 124 174 136 12 146 42 164 132 44 6 37 65 60 35 60 177 26 14 72 182 14 157 53 85 63 150 46 36 30 17 48 134 49 35 161 164 172 28 137 109 135 64 125 115 155 102 114 160 140 186 136 146 6 197 22 181 88 127 56 16 120 3 200 147 51 102 167 57 148 180 85 37 151 20 136 190 9 145 80 76 60 46 180 56 179 50 154 142 38 33 146 43 104 185 2 58 170 42 60 194 40 141 10 27 198 94 158 199 106 78 157 71 99 178 145 88 143 178 167 120 197 83 120 75 72 137 19 123 38 189 154 5 189 40 196 161 20 166 141 5 152 136 139 142 20 
15 200 200 78 84 13 31 177 52 69 191 108 118 115 56 23 64 183 43 150 65 194 178 144 153 26 129 113 7 165 99 186 103 22 156 110 144 180 11 12 115 5 185 166 42 192 135 73 126 80 21 32 131 81 27 101 158 113 171 17 84 184 134 4 184 183 145 182 75 156 20 26 109 116 175 106 9 156 60 68 106 190 148 97 35 138 73 149 167 159 23 196 188 139 30 59 136 65 5 5 187 122 90 104 1 166 118 191 49 161 129 8 50 139 114 190 97 78 121 163 156 42 78 101 43 121 9 110 193 45 193 72 62 108 123 119 188 114 99 73 10 151 80 72 146 135 110 176 167 194 
71 66 148 171 8 41 199 149 15 52 116 109 91 34 80 147 2 105 58 95 170 46 65 97 12 16 25 99 188 177 166 187 69 12 90 6 27 119 31 109 160 61 126 2 88 199 117 97 58 172 153 155 67 168 165 61 111 21 112 93 130 142 180 124 11 166 35 101 143 86 131 111 103 128 9 97 81 99 56 124 183 125 43 188 198 23 152 33 49 179 126 25 164 186 195 25 32 88 39 5 39 121 168 177 102 105 161 24 108 54 59 116 52 79 124 35 137 48 100 200 135 48 119 113 192 179 150 58 32 37 23 43 165 58 16 106 46 105 2 47 91 92 90 24 115 177 166 125 190 42 
106 161 161 83 126 37 142 199 79 26 64 195 107 181 200 181 32 103 145 103 160 114 133 95 57 97 40 179 170 77 11 194 5 166 20 193 1 134 20 107 96 139 18 74 126 105 144 156 66 8 112 153 29 101 142 6 162 44 102 119 156 103 3 106 170 177 57 139 188 193 159 59 181 148 3 160 94 179 176 53 60 83 32 135 4 43 111 44 121 137 22 83 179 88 122 94 128 36 162 13 140 28 50 89 82 189 182 33 185 153 145 194 171 63 50 150 155 187 176 32 78 90 193 74 182 100 126 87 5 48 136 153 11 122 183 42 134 34 133 5 118 161 121 73 26 155 109 84 122 79 
