125 4
0
2
1 34 13 112
2 141 79 141
3 272 190 1032
4 530 70 670
5 664 58 896
6 724 133 458
7 892 159 1210
8 966 191 2112
9 979 34 911
10 1030 56 1254
11 1138 187 1886
12 1239 178 2663
13 1265 102 1673
14 1496 137 2592
15 1544 85 1714
16 1546 37 1546
17 1626 153 1320
18 1682 100 1882
19 1760 159 2714
20 1779 110 1999
21 2261 99 2855
22 2438 81 3086
23 2540 19 2578
24 2546 176 2194
25 2576 182 2576
26 2600 57 2714
27 2672 137 2946
28 2824 36 2968
29 2989 167 3657
30 3015 105 2805
31 3189 39 3423
32 3189 192 3573
33 3245 146 4121
34 3279 68 3823
35 3434 181 3072
36 3488 68 3352
37 3504 175 4204
38 3636 30 3876
39 3678 23 3678
40 3692 31 3754
41 3695 157 4951
42 3800 154 5032
43 3840 51 4248
44 3943 90 4303
45 4101 153 4407
46 4118 43 4376
47 4293 81 4293
48 4319 121 4077
49 4589 41 4671
50 4621 128 4621
51 4640 170 4300
52 4695 48 4983
53 4716 169 4378
54 4827 41 4827
55 4968 135 6048
56 4975 157 4661
57 4993 54 5425
58 5075 106 5711
59 5150 83 5814
60 5200 52 5096
61 5362 93 5920
62 5388 83 5886
63 5562 59 5680
64 5580 107 6008
65 5611 91 5611
66 5660 87 5486
67 5691 173 7075
68 5766 65 6026
69 5801 163 6127
70 5801 185 5801
71 5905 59 6259
72 5967 62 5843
73 5972 114 5972
74 5976 23 5976
75 6024 151 6326
76 6051 198 6843
77 6053 118 5817
78 6198 170 6538
79 6267 101 6469
80 6329 18 6293
81 6585 115 7045
82 6619 153 6313
83 6829 191 7211
84 6970 121 7212
85 7221 12 7245
86 7329 54 7545
87 7343 68 7751
88 7629 53 8053
89 7636 89 8170
90 7705 79 7705
91 7846 120 8326
92 7941 151 8243
93 7981 66 7981
94 8239 195 8629
95 8260 102 8872
96 8322 50 8622
97 8414 49 8512
98 8472 50 8672
99 8692 59 9046
100 8725 42 8977
101 8747 67 8747
102 9115 24 9115
103 9385 184 10489
104 9501 171 10527
105 9604 63 9982
106 9652 109 10088
107 9704 56 10040
108 9757 64 10013
109 9785 115 10245
110 9814 112 9590
111 9832 12 9856
112 9866 8 9850
113 9883 41 10047
114 9997 178 11065
115 10140 149 10140
116 10245 6 10257
117 10360 22 10360
118 10521 148 10225
119 10673 134 10941
120 10733 20 10733
121 10828 182 11920
122 10868 39 11102
123 11007 103 11831
124 11104 45 11194
125 11197 32 11261
200 100 93 34 13 112 69 135 124 46 25 170 44 33 26 84 137 100 10 141 115 154 197 157 23 3 152 33 24 87 101 98 43 190 96 195 33 76 46 196 181 42 55 185 83 191 151 112 184 153 84 159 198 57 120 40 92 110 198 94 3 90 6 18 4 83 45 149 77 38 113 100 176 1 167 100 127 74 60 198 46 42 184 88 2 64 106 51 40 119 50 19 148 161 23 127 44 192 131 40 199 132 16 81 117 124 121 191 136 138 105 136 108 118 131 160 154 122 142 33 24 70 67 145 83 
12 48 120 189 101 172 35 11 6 111 101 8 156 122 124 35 163 106 71 156 180 90 103 54 198 35 89 164 110 123 31 54 162 187 62 42 169 106 34 119 104 151 91 10 110 37 120 159 123 137 112 4 121 136 190 59 100 197 108 113 105 2 3 9 180 5 55 97 2 88 116 164 79 81 33 90 119 151 7 32 65 50 131 195 147 57 77 172 88 3 59 67 146 185 103 162 115 128 29 2 121 117 64 45 126 134 9 39 137 53 176 97 112 136 186 27 137 17 13 61 196 23 123 17 177 
39 101 184 165 13 138 81 57 115 170 125 176 19 104 41 85 131 154 24 160 100 175 61 71 148 46 81 13 39 117 79 76 14 180 65 198 151 25 195 118 118 55 129 193 88 118 165 160 86 185 192 147 58 132 21 137 60 10 6 14 133 122 196 3 46 64 122 124 38 63 142 35 35 7 124 160 111 31 181 153 39 73 103 165 156 88 164 196 9 192 22 150 178 14 20 2 125 172 24 89 178 63 189 138 184 70 171 166 75 63 2 88 91 174 6 33 53 75 132 178 121 6 137 60 152 
111 183 59 151 41 1 15 110 106 189 40 2 15 87 198 121 25 127 122 13 130 149 196 13 159 98 192 35 89 58 194 161 157 197 71 75 54 38 83 57 181 80 128 51 29 189 13 56 166 55 129 111 45 13 190 6 142 54 32 45 88 21 122 177 90 145 90 95 123 62 189 135 184 3 129 12 75 83 75 19 98 187 41 39 33 9 143 178 199 178 42 21 54 165 167 55 190 193 22 113 35 111 10 71 95 166 158 124 159 129 54 36 17 103 45 177 31 108 5 24 38 63 82 51 91 
198 165 142 22 157 34 126 3 195 126 85 69 70 140 54 142 87 118 160 145 120 108 5 70 52 155 135 119 18 9 186 127 46 7 141 186 53 147 80 14 184 146 198 5 6 197 150 48 138 65 121 164 180 77 109 195 79 68 158 144 29 88 3 177 148 122 62 101 78 65 89 10 65 164 96 200 102 65 176 195 41 8 137 200 116 86 82 95 173 118 5 180 124 19 23 165 156 77 170 129 117 18 175 177 106 55 131 168 70 178 20 24 159 38 90 192 19 140 27 15 190 52 26 2 18 
26 30 97 49 122 97 182 125 138 198 148 122 143 166 113 40 146 138 135 56 5 101 74 126 23 143 4 7 188 26 179 167 21 135 50 115 86 26 194 44 21 150 100 195 126 168 63 45 91 13 3 35 150 21 143 124 139 142 14 47 67 15 154 191 147 67 102 138 160 147 135 114 70 151 116 74 80 49 27 25 170 171 38 182 42 24 131 102 122 75 110 101 71 137 145 85 83 26 162 75 191 82 2 85 134 83 60 150 42 195 40 98 185 68 135 51 126 154 174 179 99 73 170 117 135 
86 55 155 4 105 32 180 96 72 92 102 90 168 99 147 160 185 147 3 126 21 167 9 181 76 158 95 41 112 194 40 7 160 157 137 195 139 122 65 152 66 188 138 75 103 80 134 42 171 181 39 93 7 197 184 101 6 21 38 128 82 88 26 101 122 104 32 12 133 186 61 37 191 35 129 146 69 191 163 116 70 179 78 131 90 47 46 196 44 169 152 43 141 108 39 114 84 40 82 144 76 43 91 194 134 36 85 9 108 26 124 30 188 11 171 130 56 117 119 53 93 27 97 136 198 
6 39 139 158 149 19 144 149 54 100 147 84 200 192 109 134 91 183 111 91 155 185 50 192 48 198 117 28 103 86 16 181 194 100 5 135 110 196 33 151 122 159 25 7 38 125 116 32 166 137 34 35 63 19 15 159 52 154 31 16 156 171 165 28 68 3 68 165 158 141 105 194 35 174 77 7 183 151 187 138 161 116 21 194 4 3 5 64 20 16 87 168 84 136 87 73 12 80 157 30 34 102 134 183 80 114 54 171 22 15 57 34 137 52 163 16 151 148 152 5 173 40 168 107 128 
94 44 94 46 133 143 146 157 56 135 169 117 104 183 92 29 136 63 78 6 157 196 181 159 101 33 136 171 88 63 35 68 13 150 54 7 152 198 98 69 171 175 194 163 198 33 125 45 96 151 186 95 2 64 119 60 95 137 11 15 118 129 11 30 73 183 20 33 134 104 41 35 39 4 71 4 50 46 13 152 59 129 168 54 160 150 118 122 5 100 19 101 194 151 116 19 49 162 53 175 112 183 48 82 112 172 39 158 7 168 50 42 73 122 200 37 78 180 178 40 152 55 177 131 25 
175 126 15 47 172 164 187 163 121 154 183 196 181 147 64 73 106 187 186 49 184 185 45 36 159 104 126 12 148 117 133 120 192 37 72 20 178 71 86 78 191 99 54 99 44 7 162 134 60 139 156 105 30 121 77 33 39 22 173 97 35 127 113 32 170 149 153 113 129 160 84 34 45 4 41 79 144 129 11 51 159 46 96 128 110 104 121 17 196 172 92 70 21 113 11 127 134 18 17 62 192 132 59 142 155 51 130 69 85 3 35 193 188 187 75 71 50 1 15 164 131 127 83 38 82 
116 160 38 163 125 15 80 27 61 52 89 106 152 8 177 77 26 103 55 169 47 158 23 44 18 82 37 7 134 5 188 28 183 171 21 42 36 129 29 47 22 72 52 182 67 50 146 200 161 129 153 175 25 68 33 114 94 111 76 24 181 11 2 57 140 102 30 130 36 100 116 63 117 84 131 174 136 197 68 161 125 144 70 186 51 68 76 125 177 168 180 160 135 58 109 12 103 53 47 126 150 140 109 153 179 4 32 25 150 104 121 170 11 75 29 182 18 87 60 190 75 108 23 195 163 
119 136 105 93 168 102 22 12 108 114 15 154 180 79 94 71 86 45 166 20 137 144 184 77 10 183 146 57 49 24 58 36 120 105 166 113 76 156 168 74 148 190 41 52 127 173 68 179 72 69 56 23 37 138 135 24 179 70 106 152 36 195 155 180 64 113 135 90 82 64 113 41 65 117 145 71 179 154 63 110 115 131 143 123 44 65 123 80 44 195 96 23 176 143 122 181 147 19 158 186 26 138 50 161 129 99 165 161 130 144 23 118 105 132 40 74 170 153 61 41 147 70 188 100 61 
199 122 72 48 104 184 133 168 24 142 12 93 156 52 2 110 192 107 166 89 109 185 154 198 34 77 128 146 147 143 42 48 129 41 50 111 22 192 74 59 5 117 94 190 95 69 63 178 146 55 199 112 169 190 53 48 97 118 76 87 102 22 23 95 57 18 197 190 56 179 54 193 101 55 6 196 81 47 172 131 74 149 47 52 188 139 122 18 45 66 57 119 150 183 59 64 188 98 136 64 123 185 124 172 136 17 52 63 89 35 3 78 76 139 82 143 162 182 83 54 46 96 116 29 54 
52 56 53 194 120 164 67 154 58 184 185 64 52 43 189 176 122 27 94 171 188 60 78 78 168 53 90 177 146 91 136 62 102 4 181 150 185 174 18 39 182 10 131 32 103 40 30 138 78 47 80 166 175 118 50 13 75 138 122 19 3 47 112 81 117 177 129 187 26 157 86 178 73 153 23 72 192 88 186 102 145 25 93 167 89 114 9 68 122 143 191 173 2 94 9 144 192 37 118 199 15 95 114 161 185 123 31 96 55 34 124 45 90 129 114 1 71 96 72 199 73 131 168 60 13 
50 165 193 152 66 71 44 161 186 171 170 154 46 89 158 86 121 150 171 10 151 23 77 149 80 44 67 177 181 106 20 87 90 188 103 142 111 40 107 109 146 158 129 166 112 78 136 105 146 105 105 109 100 41 173 126 105 153 168 176 54 97 1 172 143 20 189 170 154 21 50 65 152 97 81 56 118 65 172 35 115 183 96 63 91 120 55 21 129 154 22 122 185 138 178 1 129 25 197 170 170 179 72 91 117 86 63 146 108 199 171 93 142 53 55 1 64 155 98 147 83 175 88 17 133 
103 136 74 53 8 57 79 76 196 167 199 124 184 88 149 73 115 187 100 131 186 107 34 14 17 161 71 130 125 149 122 119 94 160 129 174 198 154 95 164 7 177 172 23 121 48 119 104 62 105 148 45 6 31 44 136 120 136 63 28 87 121 191 195 12 2 13 113 114 50 19 161 76 107 106 189 134 187 65 136 137 104 139 192 179 89 167 60 67 107 196 41 57 110 197 165 124 73 29 41 29 8 176 162 90 147 175 132 193 9 56 98 156 14 100 12 115 181 84 21 1 84 140 70 45 
60 72 86 81 94 130 70 69 45 32 59 140 27 42 22 4 86 111 52 67 81 140 81 2 14 143 40 43 135 49 174 103 91 7 124 167 83 161 130 123 200 36 54 86 119 199 65 183 91 76 25 147 73 101 160 109 195 119 199 141 8 23 197 71 103 147 126 50 31 61 63 156 92 189 119 170 125 16 52 54 138 197 4 158 74 196 42 134 129 158 107 155 167 109 177 5 80 51 105 197 156 2 107 77 92 45 169 34 86 152 42 20 165 189 34 194 200 94 16 154 92 126 85 32 185 
172 163 170 91 119 111 51 157 113 110 36 29 82 150 136 34 68 154 59 200 80 153 181 8 114 19 2 26 5 19 75 108 39 9 1 69 190 58 26 132 84 192 144 20 166 33 160 12 171 78 117 115 117 57 113 134 78 95 27 186 137 125 58 154 101 197 126 134 178 22 145 80 175 67 157 11 17 65 180 42 56 71 25 154 104 121 102 21 98 53 122 25 47 49 51 91 151 20 21 19 24 147 8 148 89 25 59 81 3 31 82 173 161 132 154 76 59 91 7 83 31 35 110 168 68 
160 21 39 46 63 50 180 97 50 119 167 18 191 45 66 27 90 105 2 200 95 177 98 169 111 87 166 125 22 144 144 29 106 192 177 181 141 75 10 83 199 189 158 175 54 132 136 37 45 181 10 191 150 165 166 132 170 17 192 62 154 81 107 97 108 28 87 50 78 67 82 134 197 119 103 60 43 8 193 42 189 43 109 164 128 61 98 20 99 43 193 138 66 123 91 144 155 194 138 178 12 198 63 160 181 41 180 188 80 124 12 15 162 194 85 172 78 117 144 16 5 120 167 76 110 
33 148 158 146 62 128 65 21 89 25 110 14 50 181 151 40 23 111 97 9 111 81 76 109 39 144 129 179 181 37 110 5 187 94 23 117 77 69 163 132 54 77 119 18 9 105 33 173 40 27 172 77 179 39 33 72 55 65 195 46 191 112 189 55 183 16 153 163 25 90 20 122 25 58 21 141 119 134 163 38 149 163 119 189 102 78 69 119 94 168 87 73 41 47 126 91 88 186 164 155 102 142 48 175 106 132 86 136 96 102 148 12 145 109 83 71 10 21 139 39 46 110 138 130 26 
182 12 185 192 84 49 7 24 75 101 36 180 73 129 1 22 24 4 198 3 132 107 89 191 128 186 200 200 27 48 69 198 38 71 90 17 132 132 40 190 65 109 121 125 108 147 55 80 143 58 185 13 97 47 103 169 56 68 24 74 30 90 132 9 162 168 69 5 36 59 112 128 101 185 120 191 144 157 149 7 180 117 94 82 23 126 51 66 136 184 28 74 42 104 126 9 121 142 20 41 123 121 109 156 155 144 180 69 12 62 69 33 177 122 80 126 27 170 9 162 4 52 178 27 16 
44 55 137 72 64 187 139 155 56 138 104 103 110 170 156 119 15 162 64 125 145 120 127 20 19 70 168 116 127 147 172 178 53 10 1 167 177 65 94 182 86 67 34 195 87 85 88 84 100 171 54 10 90 145 85 49 92 60 145 161 101 196 36 86 135 162 175 151 69 111 96 26 105 6 199 63 4 158 74 2 104 62 195 141 57 89 78 71 64 133 162 151 96 198 84 193 173 181 14 67 95 16 141 178 191 183 98 159 41 74 129 141 154 112 84 73 43 92 120 43 80 134 128 142 101 
52 108 164 20 116 75 114 106 27 75 23 48 128 141 171 101 151 130 144 34 119 168 18 116 32 164 7 5 169 10 130 74 127 2 107 158 158 35 142 15 52 140 38 141 101 136 22 176 134 102 192 174 146 53 58 129 171 159 175 186 19 34 36 62 65 33 19 194 119 163 101 9 89 29 144 30 113 61 7 87 54 191 148 64 194 60 112 87 88 168 81 84 18 185 185 78 133 73 26 83 167 35 65 40 77 23 165 164 151 200 2 31 61 18 39 148 70 80 171 59 69 20 117 59 46 
129 111 11 132 34 23 186 183 33 1 78 185 82 96 187 89 36 192 141 103 185 97 53 13 106 24 81 147 26 67 46 199 5 31 128 152 60 112 133 106 145 53 8 1 124 62 109 193 71 190 178 133 97 85 43 117 107 78 91 18 193 3 94 121 181 197 98 128 186 2 40 78 156 103 106 81 54 89 35 153 184 145 29 11 55 72 138 66 64 72 80 143 119 107 155 103 178 107 26 18 70 74 13 46 140 183 140 115 30 149 9 138 170 51 69 159 34 15 190 93 70 74 83 130 1 
64 150 123 151 170 27 167 171 124 68 160 78 49 194 110 164 107 57 172 130 41 80 171 123 89 70 141 147 70 190 165 21 144 113 33 140 31 147 129 125 194 185 29 63 178 11 179 102 88 31 34 125 157 196 134 184 146 181 59 32 82 176 70 133 32 149 160 166 133 200 9 9 92 166 27 10 53 47 189 86 184 13 134 133 130 113 186 86 162 49 135 187 108 171 42 50 67 184 170 17 173 184 174 115 60 92 174 114 113 161 2 37 63 33 45 34 132 67 183 72 47 125 53 125 197 
81 23 44 118 168 193 37 116 25 44 139 155 35 67 96 91 82 124 35 2 31 42 157 1 52 148 8 14 105 80 114 165 92 144 22 132 182 16 173 70 115 154 96 86 91 44 136 168 185 32 152 77 46 106 20 194 21 110 86 95 187 15 164 158 16 65 104 18 106 194 101 99 110 99 62 102 77 173 155 86 117 104 66 12 77 17 56 161 99 88 101 185 198 99 176 124 167 78 166 160 37 177 63 99 193 151 160 98 94 111 81 140 161 99 193 71 90 160 129 12 152 27 21 1 12 
143 199 185 96 42 102 63 126 6 31 39 11 192 2 150 176 97 185 30 64 36 132 21 185 156 199 130 46 165 157 85 148 31 185 187 85 173 87 71 27 107 114 27 43 27 70 97 36 188 109 12 42 94 10 62 2 146 198 88 147 117 20 97 171 105 54 189 18 39 58 126 150 49 118 4 57 22 60 143 190 142 52 193 137 39 72 140 5 76 193 196 31 34 183 25 78 62 8 131 160 140 104 200 156 1 196 86 43 23 136 99 174 18 176 171 180 59 37 189 57 64 96 191 196 156 
96 150 42 56 120 192 29 69 143 165 113 93 30 41 52 156 1 161 137 16 11 76 179 181 18 74 30 157 110 65 170 103 161 63 185 127 73 99 9 172 45 37 146 11 129 1 124 99 109 78 23 61 89 126 150 124 109 37 176 56 109 105 66 194 169 153 9 178 99 157 160 55 3 169 91 15 98 36 72 88 22 21 142 13 103 116 22 149 169 181 150 89 193 117 70 165 138 152 165 60 69 59 78 140 87 49 165 2 145 157 69 115 128 132 162 57 164 189 107 190 29 156 60 34 6 
5 105 117 132 91 16 73 18 68 98 129 85 185 165 174 54 160 193 34 15 149 57 55 189 4 111 156 80 9 64 72 151 75 156 138 36 68 160 112 37 22 57 180 87 23 169 77 143 4 192 78 21 113 72 59 175 9 92 178 114 125 35 111 74 99 1 170 4 104 147 143 26 125 24 139 118 157 128 147 120 86 139 1 22 124 67 178 169 123 23 188 159 79 133 194 152 77 39 159 179 158 188 125 95 22 184 27 126 34 183 110 9 79 4 30 18 197 199 99 173 195 152 21 83 145 
35 115 105 105 113 7 141 123 169 163 121 160 130 173 85 21 92 45 180 178 92 128 194 66 11 146 68 196 61 117 90 85 13 55 139 26 91 186 84 198 41 141 169 36 168 66 71 122 71 57 79 159 108 112 122 73 140 33 150 141 95 80 181 190 91 136 39 14 26 112 10 141 167 148 138 184 176 55 116 36 61 142 151 40 37 37 17 124 128 17 33 105 134 147 118 69 175 115 59 32 30 85 135 193 165 197 4 22 69 182 113 81 92 187 114 149 93 178 92 136 73 23 33 93 112 
57 35 61 186 117 24 2 114 80 192 104 39 91 63 102 24 163 114 20 17 65 124 44 180 39 141 145 191 43 196 83 44 68 138 57 138 193 77 138 70 9 115 3 126 70 167 52 57 82 10 154 199 44 3 106 24 32 143 74 115 194 92 13 36 162 190 137 104 175 186 3 113 172 189 110 25 123 144 89 50 94 83 19 144 93 125 195 132 35 141 194 139 174 68 135 181 36 120 103 151 169 152 45 182 159 148 148 192 83 64 144 94 64 143 100 173 182 31 160 121 184 41 47 189 10 
167 128 84 55 26 197 68 136 161 129 170 141 23 108 176 121 29 135 156 77 128 167 183 144 89 124 51 123 69 5 153 76 15 144 195 180 181 78 81 59 4 7 3 66 188 170 84 84 133 150 126 51 29 120 46 101 143 64 150 118 126 120 148 16 66 90 156 187 34 17 12 16 183 2 4 25 22 191 38 64 180 6 86 114 43 96 99 15 24 163 164 101 134 140 106 148 190 117 86 159 163 150 200 176 18 31 66 62 38 200 75 56 11 53 102 31 161 117 50 14 14 135 195 187 138 
131 56 180 100 1 86 92 129 31 92 96 119 116 97 145 51 120 94 169 192 165 160 186 134 178 38 72 27 194 179 4 112 113 183 74 57 112 84 166 97 159 76 99 36 162 3 83 159 124 17 98 28 115 179 169 7 126 141 146 28 142 9 126 59 145 77 91 126 196 197 108 89 100 9 72 196 17 2 113 50 156 151 154 85 54 41 87 22 112 93 92 43 73 25 125 90 189 166 169 194 87 162 89 90 80 16 189 37 137 128 40 108 111 130 43 163 132 176 136 121 29 13 108 197 173 
174 78 14 158 125 23 182 116 60 168 25 151 130 122 17 121 64 129 34 163 104 124 17 12 18 151 16 20 50 172 159 18 156 54 90 156 33 141 33 128 19 106 68 75 97 9 153 143 24 194 129 133 128 190 56 66 101 32 77 26 196 123 2 176 127 37 179 11 8 142 186 133 149 87 17 16 62 69 172 94 162 50 157 75 14 134 11 21 49 60 62 158 157 21 6 105 90 129 18 173 84 107 46 200 37 192 199 139 70 7 194 183 63 89 62 42 43 116 133 25 84 48 77 191 147 
69 98 4 194 50 101 156 7 130 183 66 136 68 141 130 74 99 10 182 78 198 9 194 104 111 93 135 134 198 28 9 58 57 55 149 143 14 132 76 131 53 52 184 4 73 52 45 44 115 166 113 50 36 110 162 187 133 85 190 63 24 195 194 199 109 94 125 27 70 39 87 56 111 97 105 183 48 9 8 10 28 198 174 168 21 152 140 7 71 183 87 136 94 122 119 187 21 165 107 64 58 9 176 148 43 121 17 174 124 31 129 82 197 184 45 196 22 150 112 109 75 80 172 59 75 
52 190 7 4 188 161 126 114 94 107 60 164 63 50 33 26 196 26 98 195 109 183 157 104 134 57 80 18 49 141 162 145 149 195 182 157 64 69 33 196 183 117 51 56 141 192 169 46 95 63 118 93 88 185 59 30 128 90 108 90 135 46 8 118 28 194 70 58 199 29 32 39 158 98 17 120 119 135 15 41 39 123 196 27 113 14 4 83 94 5 107 3 163 144 124 153 109 180 124 14 148 53 161 105 63 168 92 121 45 171 91 41 76 120 127 61 6 136 133 23 22 102 5 125 105 
64 64 102 88 196 56 106 131 164 100 93 26 123 165 172 90 96 79 148 67 173 131 89 196 4 15 170 179 35 78 109 80 63 185 124 31 24 143 147 137 151 72 125 44 98 96 113 26 198 44 21 149 130 185 170 44 76 169 65 21 93 5 117 103 171 106 126 76 195 66 19 13 101 75 73 49 112 165 70 31 59 24 188 54 8 83 69 192 128 111 14 48 192 157 101 106 93 81 133 99 124 84 101 114 160 68 127 178 51 127 132 154 47 99 43 60 151 175 74 64 132 61 198 73 55 
58 96 105 154 18 12 175 131 132 169 77 125 58 85 183 13 154 4 33 167 188 25 109 132 109 21 107 21 33 95 58 57 57 42 190 105 23 114 172 197 51 164 141 34 89 80 18 158 32 197 74 91 156 95 72 120 92 65 85 46 109 9 6 165 141 186 53 50 133 79 155 18 14 19 155 161 6 49 111 23 95 176 159 158 9 101 162 6 83 177 193 62 139 126 122 86 139 95 79 78 29 93 129 48 97 117 163 199 101 179 157 177 72 110 34 32 22 87 74 39 38 158 62 185 159 
158 20 111 32 101 178 28 145 144 127 75 194 131 149 2 163 193 99 114 46 61 116 108 23 64 170 190 29 19 39 33 122 64 80 46 59 181 28 65 81 171 93 165 27 188 72 36 94 70 127 63 177 191 134 23 42 107 99 47 53 66 88 134 74 130 120 68 4 120 99 158 1 91 37 97 52 81 72 23 106 15 168 142 60 80 12 47 79 182 150 125 10 141 28 149 24 187 63 56 96 137 145 183 117 144 96 131 182 176 62 23 172 176 92 184 166 177 49 62 120 190 26 179 163 150 
122 191 106 19 187 155 56 76 195 145 146 27 161 81 113 57 198 175 110 46 45 197 103 50 20 156 53 99 27 109 75 125 96 36 17 197 21 126 123 8 174 99 126 198 176 40 95 182 153 46 193 190 154 183 146 120 29 155 65 117 154 55 11 110 165 163 186 33 143 14 177 88 198 62 128 163 3 60 11 92 96 137 37 52 166 58 48 144 63 19 191 62 40 36 21 127 56 184 143 92 21 46 171 168 138 180 84 110 56 192 104 116 167 145 29 46 191 88 4 44 63 103 120 126 185 
92 7 53 113 162 19 195 135 45 157 61 84 123 178 94 54 140 8 178 184 55 17 62 30 161 8 15 168 149 47 37 89 79 43 144 157 54 140 57 127 77 95 142 142 165 107 150 10 190 110 155 171 80 158 191 89 44 162 37 79 129 163 73 82 22 134 93 171 16 98 91 66 143 69 13 166 166 189 198 198 88 63 148 107 42 56 56 142 190 90 185 191 60 86 62 59 107 45 128 128 130 174 151 161 199 130 8 53 198 29 10 190 103 192 189 178 110 68 166 172 103 123 28 171 64 
21 194 71 185 95 67 21 80 125 98 188 31 186 20 86 187 49 80 112 109 79 145 48 117 176 104 125 18 33 135 112 38 117 143 62 101 39 73 145 132 109 89 45 184 41 115 123 152 56 179 78 58 57 171 76 25 42 26 28 186 142 99 155 51 68 20 134 26 25 27 189 17 166 178 57 27 35 71 103 168 39 63 178 152 155 64 150 38 29 5 152 125 105 115 193 22 193 45 131 80 191 67 13 11 37 157 35 180 188 126 33 53 176 158 65 3 189 73 31 77 50 183 72 164 135 
195 94 186 68 55 56 128 67 11 99 151 69 128 62 89 165 116 26 136 35 1 110 95 135 170 53 144 51 50 121 17 91 179 117 7 141 190 154 73 22 50 30 162 154 111 89 171 66 130 117 35 60 95 83 6 13 108 106 102 4 1 150 198 12 22 136 146 128 84 171 120 133 116 133 35 63 153 172 63 147 111 92 105 186 180 99 150 183 122 25 187 46 12 150 41 144 15 166 27 36 122 155 95 71 168 70 38 60 2 74 39 170 127 17 117 81 109 17 102 48 45 102 137 109 73 
65 95 55 62 24 107 182 17 52 170 42 74 64 166 11 151 90 137 92 126 35 98 31 92 53 94 108 160 151 161 67 135 148 26 161 70 30 57 38 61 191 66 73 13 11 79 183 151 166 125 181 22 14 86 169 75 156 76 103 2 11 46 121 57 173 118 52 22 144 126 197 151 59 77 144 36 86 173 44 180 191 195 185 130 147 182 102 138 48 117 190 93 120 83 161 55 76 115 9 8 26 131 124 40 10 55 7 144 79 22 31 16 141 166 165 165 167 188 151 89 198 67 169 15 133 
59 144 25 92 101 23 88 17 120 51 84 35 138 146 65 9 38 77 20 145 55 28 198 73 200 147 92 1 74 157 4 62 164 185 179 93 56 182 187 32 140 170 104 23 178 69 151 42 32 16 7 73 149 142 88 36 172 122 46 66 46 26 199 1 14 98 42 185 101 161 14 93 117 21 89 62 133 60 81 60 168 43 168 168 147 93 20 79 10 99 143 192 63 193 109 151 93 183 57 85 123 68 18 63 124 112 20 17 47 171 141 91 129 71 57 183 49 137 186 170 194 100 166 127 69 
139 30 143 133 30 102 140 192 51 87 4 97 174 200 111 99 60 165 94 26 69 186 119 179 66 191 12 65 132 142 157 186 2 16 177 123 86 8 155 2 164 26 115 109 48 53 96 19 95 165 118 170 106 164 10 39 120 183 77 40 107 189 10 124 57 154 131 14 186 103 155 81 164 73 97 174 137 173 15 101 17 5 27 54 89 83 137 63 137 130 67 126 119 35 130 196 54 25 35 29 3 24 170 37 150 34 68 124 83 100 157 161 58 86 112 137 60 60 119 32 12 119 122 34 27 
134 2 182 70 43 67 156 107 125 86 56 179 124 3 148 16 8 29 115 144 191 51 145 66 121 148 168 125 54 68 115 11 196 185 82 147 93 49 47 24 49 76 185 184 115 156 4 1 12 144 109 47 172 92 103 185 93 188 181 136 2 77 178 121 153 139 9 49 140 3 179 170 28 170 3 120 166 131 131 126 149 198 149 151 54 198 120 33 59 72 70 30 11 23 170 138 197 146 162 78 197 10 127 17 37 105 31 181 174 43 18 148 102 18 30 176 124 59 97 155 45 170 136 26 81 
111 6 28 124 106 139 14 135 6 87 128 190 149 160 39 56 160 99 140 92 134 148 169 65 24 192 156 49 129 90 61 93 21 2 127 21 20 68 124 198 143 138 56 175 176 47 154 17 198 102 47 55 181 121 148 111 39 84 22 58 67 147 142 86 106 84 158 140 80 195 57 111 157 16 66 47 80 166 130 182 194 18 13 181 142 17 162 119 121 194 132 8 71 154 141 162 166 134 91 25 134 76 134 189 140 2 114 134 17 150 16 163 48 187 138 90 40 17 29 52 2 119 9 196 10 
50 155 4 37 98 193 184 65 101 77 134 29 148 196 192 140 148 36 127 80 172 37 2 159 8 142 100 29 144 149 175 33 141 98 130 128 148 34 115 176 142 119 13 151 189 117 34 4 7 160 21 133 90 31 107 94 90 21 18 172 17 156 167 23 93 132 2 13 70 108 70 67 37 180 76 92 175 180 170 24 51 86 161 25 80 157 107 134 141 82 110 50 6 177 117 39 102 138 198 74 11 190 24 68 170 170 196 2 147 125 42 17 171 186 114 158 74 37 13 36 10 160 6 121 88 
52 178 98 116 115 27 139 8 78 111 83 116 71 167 132 11 178 147 181 126 96 200 31 71 91 147 49 68 118 67 184 47 78 138 3 172 5 144 169 30 53 160 179 161 91 45 2 148 56 23 67 52 140 152 175 47 182 70 19 176 3 28 175 116 188 119 61 129 200 25 16 151 16 42 168 137 97 25 2 58 73 76 159 69 164 12 39 56 24 183 79 162 110 92 53 29 183 80 194 194 196 28 103 18 4 182 181 78 45 84 116 102 103 49 68 90 162 42 71 46 118 163 70 166 192 
133 187 121 10 56 117 146 7 98 120 154 71 73 66 174 100 100 45 80 168 76 113 187 26 151 18 146 79 33 44 15 5 141 13 161 71 16 75 151 100 11 184 158 73 92 62 110 26 105 60 142 81 42 27 17 2 194 148 5 15 81 174 100 53 127 140 26 50 39 157 93 23 84 41 51 122 174 193 44 109 46 74 81 95 95 61 82 106 12 121 172 191 115 196 5 176 74 96 61 97 54 132 142 63 185 37 118 116 166 175 188 26 31 51 94 59 49 138 83 182 109 40 141 198 79 
135 18 1 114 86 121 143 137 52 117 32 52 196 58 140 29 81 79 147 31 193 113 64 169 84 33 4 35 183 116 126 38 161 132 122 100 200 60 97 78 29 2 158 80 99 27 59 164 37 137 171 107 137 80 164 114 31 73 112 124 154 120 194 128 111 29 159 66 70 65 177 186 164 66 99 33 155 193 176 65 104 125 50 130 118 142 169 155 86 23 123 81 38 108 127 193 38 91 199 94 190 147 125 189 177 52 73 189 97 154 57 49 79 173 39 124 108 23 49 181 195 164 91 118 68 
148 171 98 47 50 173 110 39 160 122 143 191 159 85 186 185 6 102 129 147 139 84 36 128 68 192 80 44 198 183 53 140 44 140 154 53 93 141 61 133 158 198 99 195 68 31 55 190 111 188 200 195 157 14 69 163 150 62 188 28 60 181 128 92 117 129 86 17 90 150 70 157 46 48 43 75 116 125 71 131 110 182 63 175 183 146 131 98 39 5 14 198 63 82 75 99 191 126 28 119 67 122 118 182 164 36 8 83 34 179 145 33 99 188 26 28 188 86 47 18 134 158 168 80 199 
186 83 15 115 56 178 26 40 94 105 51 12 23 77 109 128 37 78 15 42 108 103 181 38 67 161 89 12 94 178 156 114 71 135 172 100 164 70 135 110 184 84 192 69 88 77 56 101 183 37 189 88 150 44 85 54 199 12 46 97 137 183 136 52 28 88 197 155 97 159 18 42 79 62 6 163 55 58 115 168 89 116 104 60 143 140 34 4 175 42 13 91 188 16 26 88 122 72 32 44 13 78 200 153 166 185 172 43 87 200 2 92 181 27 153 53 156 192 146 177 4 93 169 12 50 
64 163 141 1 10 107 166 126 8 86 88 168 183 188 7 145 140 3 112 136 141 185 144 127 131 39 29 69 134 141 144 49 134 51 128 155 46 172 72 94 4 165 182 199 5 155 76 133 198 30 18 142 141 107 16 27 87 15 64 1 148 176 40 199 143 24 159 154 180 89 126 167 17 69 184 110 106 169 126 37 102 179 127 3 124 39 62 36 117 182 69 106 103 9 71 90 156 73 18 119 81 126 42 30 105 135 192 40 2 198 137 6 78 56 14 140 188 119 105 22 6 196 137 154 119 
96 176 171 69 94 26 103 73 25 68 45 64 142 142 104 192 113 46 194 188 12 31 24 135 176 114 165 44 182 9 95 26 135 31 9 50 198 155 105 21 34 81 103 121 168 58 25 97 62 63 108 191 131 146 159 189 4 159 72 5 168 110 63 144 111 196 179 151 45 123 26 89 172 132 168 196 102 115 161 135 191 117 36 12 85 7 52 32 111 128 174 99 117 138 176 184 50 6 28 48 111 43 197 139 75 1 172 80 7 46 163 10 89 43 108 176 92 119 104 35 86 163 42 102 8 
24 4 110 29 101 32 26 184 13 161 5 197 43 198 199 133 92 21 1 94 77 16 182 56 5 98 112 86 44 29 165 16 98 34 77 30 180 28 131 120 32 4 141 194 120 61 190 25 20 174 56 39 123 198 127 170 109 171 20 175 119 103 194 141 58 123 180 49 84 50 200 162 125 164 66 178 104 180 190 129 102 98 157 60 136 126 93 14 126 92 172 159 120 127 197 84 167 24 197 107 101 143 100 164 123 73 18 145 107 80 137 141 127 113 119 15 36 77 64 193 70 108 87 189 80 
188 168 159 144 54 82 49 146 132 1 192 56 174 66 143 153 144 50 182 54 76 192 189 126 149 48 72 118 67 119 32 111 173 69 39 155 95 107 159 9 32 16 138 146 20 99 45 64 4 147 119 113 128 149 35 176 119 83 90 118 70 22 25 143 193 98 3 25 153 33 34 63 120 74 59 135 200 65 46 194 61 152 179 156 161 172 115 89 122 6 3 110 104 138 109 21 53 190 191 10 86 109 159 1 115 200 85 48 31 190 39 107 196 24 150 119 144 156 144 177 138 158 150 19 82 
179 185 178 111 73 64 14 184 1 67 80 76 123 181 164 84 143 104 173 71 159 112 148 188 26 153 2 162 34 134 40 153 183 117 172 61 61 189 62 11 181 10 63 21 196 94 172 59 125 157 187 188 89 76 164 147 171 118 3 19 21 82 155 64 164 96 41 64 200 167 193 56 6 129 66 118 124 69 50 92 106 131 10 16 103 165 129 183 175 43 91 200 174 92 162 135 108 13 35 72 40 16 102 41 164 133 78 87 56 165 127 106 126 45 159 116 109 16 102 141 197 98 71 116 58 
131 58 112 124 167 94 42 180 120 101 90 135 168 180 183 193 43 77 178 85 154 143 35 134 48 191 25 181 13 79 185 149 164 34 64 165 52 117 90 116 58 87 76 178 108 21 32 47 146 105 49 105 163 81 22 136 42 141 150 76 112 183 135 103 43 163 87 27 7 107 21 27 128 37 185 133 137 160 190 138 104 116 88 150 16 62 51 72 27 197 171 15 174 109 27 115 10 121 181 108 131 49 103 165 183 102 18 105 177 102 136 47 179 128 118 97 90 114 88 14 178 85 44 142 61 
80 128 135 72 8 8 50 81 175 172 58 135 13 41 140 22 151 81 9 29 121 171 125 73 143 17 117 143 101 93 184 151 101 7 160 105 106 134 94 157 108 180 114 121 137 172 63 41 7 118 19 20 10 106 10 13 43 108 104 123 26 17 11 187 128 94 40 119 92 134 151 127 23 143 151 104 43 28 32 41 111 85 103 83 65 103 138 125 146 3 69 4 21 79 158 176 59 184 93 99 115 93 61 132 166 136 152 94 103 175 196 169 37 114 79 163 117 85 161 12 38 45 87 34 85 
137 118 160 25 149 176 102 142 65 152 182 26 85 146 49 99 63 24 40 48 161 145 187 22 185 41 75 114 177 134 52 46 93 143 4 149 131 114 168 48 10 121 133 38 182 1 20 172 19 181 116 4 172 191 148 23 59 102 38 83 52 39 167 123 137 83 141 20 124 86 130 123 136 122 142 157 51 40 4 95 126 32 105 95 109 179 36 171 80 140 97 130 96 29 187 19 108 192 165 72 48 140 148 31 111 23 28 86 43 53 125 55 130 171 130 146 91 86 79 84 115 48 100 177 179 
196 35 147 171 80 189 188 57 92 195 37 104 63 25 187 107 184 19 182 63 39 87 110 127 42 13 19 168 64 199 53 32 37 30 47 199 132 124 190 44 87 5 63 34 57 184 91 7 56 168 6 116 33 64 130 103 31 180 3 40 184 138 38 169 72 110 200 50 166 90 167 22 40 196 178 195 94 65 165 98 147 48 154 160 68 107 54 48 103 142 79 102 166 8 41 195 16 75 38 33 33 178 53 123 120 138 103 15 16 18 57 46 186 34 173 48 150 17 90 33 26 104 45 160 81 
90 124 62 23 184 14 189 169 194 70 52 167 29 136 71 113 51 80 138 163 174 15 34 124 108 80 53 57 82 52 174 145 82 36 113 154 110 105 14 165 80 142 46 138 62 134 66 170 136 131 13 24 83 176 134 98 198 184 128 142 175 126 21 52 177 186 82 130 178 17 109 34 50 68 163 91 172 23 79 19 183 19 35 14 7 146 110 118 7 43 155 188 75 78 139 119 91 2 86 6 200 114 23 28 103 168 135 8 92 112 100 111 10 4 132 184 56 136 44 79 117 152 151 38 121 
59 80 42 153 28 130 188 146 147 85 152 34 27 105 69 67 148 124 64 141 198 52 187 186 28 154 45 126 25 19 172 41 29 179 120 121 117 102 166 186 59 182 146 49 171 156 14 47 95 156 62 45 164 2 14 84 1 133 180 115 56 93 80 104 102 180 107 56 166 170 172 113 71 19 189 188 16 150 129 60 152 188 47 136 173 55 28 33 182 129 73 32 41 15 18 131 57 65 95 67 184 98 195 25 16 40 189 117 45 76 65 21 122 41 42 85 83 4 43 113 113 176 119 173 104 
22 119 122 6 177 183 138 121 200 125 48 190 155 13 122 18 63 140 126 121 149 184 52 88 89 174 67 151 118 59 130 59 43 153 105 171 14 156 121 6 151 103 198 25 47 59 191 123 6 169 3 122 200 172 35 84 159 199 161 152 61 178 20 176 106 51 155 119 121 192 70 198 170 115 75 118 145 153 149 129 193 88 72 80 141 78 58 135 76 132 183 50 170 153 41 123 116 83 109 136 93 38 126 55 188 190 55 32 28 24 140 192 162 163 37 26 139 57 41 196 141 150 71 170 95 
29 120 131 79 46 80 56 104 40 86 173 183 31 12 198 196 39 184 144 167 8 170 71 54 180 193 123 111 143 52 12 133 98 144 19 137 16 125 89 191 81 60 21 32 118 2 109 135 86 196 198 185 90 169 34 73 140 55 195 70 28 84 132 38 79 99 123 194 136 185 71 154 147 38 10 20 89 50 39 88 116 33 12 180 25 37 139 179 64 106 89 128 76 196 169 22 125 177 164 154 46 95 41 148 133 139 16 184 2 130 119 82 113 171 56 136 187 50 181 59 26 6 177 73 12 
31 178 8 100 113 6 24 34 116 174 77 178 192 181 105 103 173 87 14 65 192 74 124 96 97 48 146 59 64 158 147 98 37 175 74 38 4 188 18 23 142 175 129 149 176 168 105 16 62 69 168 73 177 158 173 114 21 111 49 104 157 43 50 3 163 186 126 49 31 56 27 74 24 69 131 135 51 21 34 64 112 122 19 131 165 154 151 40 11 21 146 143 173 161 164 104 93 38 43 162 87 35 155 153 143 64 167 116 46 182 197 103 78 127 166 104 106 55 109 72 127 77 174 145 167 
66 14 89 185 107 17 2 134 101 120 196 133 55 116 117 177 38 42 118 166 34 23 157 115 163 127 72 156 53 7 91 107 17 125 80 195 169 163 61 29 20 73 36 23 115 39 87 124 38 44 20 12 166 131 87 176 175 94 63 55 184 88 108 46 137 126 100 168 160 147 98 44 5 121 196 149 157 39 8 10 61 169 61 49 23 194 173 5 160 159 198 122 183 117 34 42 57 45 15 163 94 114 76 31 82 111 33 81 157 191 153 67 101 156 32 19 26 120 133 62 146 126 58 167 76 
30 98 75 81 183 46 129 103 153 102 99 43 179 173 139 100 111 146 127 158 116 81 129 120 191 169 110 129 171 152 151 153 13 69 76 183 57 100 169 138 149 192 56 145 189 169 34 93 145 197 181 106 126 135 190 66 164 149 19 88 2 188 61 95 194 105 64 15 131 163 54 128 88 165 79 180 57 130 85 153 143 116 7 190 70 29 148 132 108 67 98 27 2 134 14 42 98 67 138 3 132 42 191 105 45 92 7 83 56 95 30 3 69 200 195 188 136 50 155 160 40 38 70 90 42 
36 178 150 31 148 72 191 134 5 55 39 157 54 158 102 70 85 89 48 175 75 16 57 50 109 126 28 2 76 61 153 47 20 173 151 178 177 118 12 98 137 10 162 93 125 147 28 187 62 194 141 72 143 141 138 193 12 124 148 133 60 180 166 170 130 6 128 179 51 38 150 20 15 193 108 197 196 143 47 134 165 107 51 159 18 114 38 165 17 88 170 55 188 43 68 46 129 126 95 67 58 32 129 177 156 126 22 9 136 127 141 171 123 176 142 115 11 58 13 163 23 53 128 17 199 
158 94 188 153 106 155 92 4 42 189 25 200 197 94 147 91 89 72 51 175 169 183 136 37 21 2 103 200 174 162 52 169 179 41 164 193 165 151 78 177 81 106 49 185 23 71 54 111 186 8 158 75 184 158 130 54 135 36 60 153 25 75 196 155 114 55 177 105 121 158 101 92 116 163 147 18 196 11 136 69 93 177 166 78 195 78 67 67 165 185 66 74 70 45 34 173 160 120 112 6 66 57 103 128 90 79 129 109 30 164 171 113 5 173 9 139 127 167 55 6 1 198 72 149 200 
132 171 97 179 147 134 180 132 163 126 47 183 181 40 86 175 108 196 178 90 2 57 135 135 188 126 25 85 39 91 93 115 43 15 111 185 29 8 84 30 12 61 198 106 113 41 108 124 15 1 60 69 75 22 179 136 188 15 136 130 56 198 186 195 31 25 42 133 37 57 181 110 192 41 19 49 161 14 125 90 151 88 48 183 9 81 26 107 1 104 36 105 55 3 20 37 93 125 75 169 159 18 23 108 111 89 102 145 18 113 180 160 187 93 166 197 162 132 16 172 3 134 59 146 180 
42 32 64 138 71 13 136 54 37 20 146 182 87 8 110 192 91 183 129 156 31 52 48 46 111 194 132 31 59 5 120 158 43 196 179 177 194 110 109 64 134 175 6 41 181 157 27 101 27 65 145 39 163 75 159 68 48 195 6 88 3 13 61 69 198 123 92 40 81 171 62 104 185 191 129 52 62 54 69 87 176 88 159 44 34 187 55 164 69 6 42 154 95 107 15 133 75 103 121 23 68 135 94 124 165 148 93 48 19 48 131 81 7 114 37 51 83 65 69 47 200 47 142 22 41 
76 194 138 179 157 54 175 187 36 126 128 50 132 121 154 28 18 39 3 133 137 116 194 79 68 24 13 31 89 161 175 69 67 58 34 20 179 71 136 3 151 77 64 36 104 106 71 177 54 73 125 93 171 18 195 110 107 142 70 23 146 26 81 193 36 198 183 124 146 6 153 195 132 12 40 77 30 122 177 191 146 25 104 105 167 142 129 113 80 160 150 29 30 114 74 4 66 193 105 151 142 50 2 17 45 10 73 163 2 132 199 168 79 152 19 18 109 101 124 67 44 43 33 130 98 
68 100 127 183 171 104 77 38 147 140 63 4 103 117 129 32 32 22 88 59 59 168 69 68 50 199 173 167 122 92 69 31 124 174 112 151 140 67 92 73 119 14 83 124 35 119 65 147 112 167 176 69 141 120 51 52 25 4 42 29 198 141 132 63 181 129 144 122 58 101 62 63 32 140 28 109 31 155 183 152 12 32 92 62 78 140 116 52 14 138 37 148 117 94 92 105 39 121 29 98 102 109 162 185 34 73 183 175 197 3 28 28 143 30 37 31 150 194 185 45 113 159 18 154 90 
183 54 61 69 126 137 87 193 142 160 148 10 4 109 190 35 96 146 102 4 35 89 167 17 22 10 2 119 180 107 49 25 27 178 14 61 62 4 123 42 21 34 179 116 14 90 143 39 52 78 57 39 62 199 171 89 153 188 10 114 173 113 28 125 70 133 41 9 71 131 23 104 162 163 163 121 45 155 55 44 197 135 97 123 115 84 36 123 160 23 83 133 31 82 20 76 32 155 132 49 40 152 37 7 68 110 51 138 8 140 30 15 59 136 10 179 145 19 90 150 193 51 190 62 129 
99 184 156 186 44 180 47 181 120 151 25 42 104 105 96 174 14 95 168 152 69 24 30 66 191 199 186 7 180 183 95 3 186 7 118 52 71 84 97 37 151 164 134 110 155 1 3 200 57 162 130 50 78 135 150 11 164 150 137 98 137 113 147 89 178 110 38 169 183 123 3 118 99 72 180 187 150 144 94 25 33 74 12 185 18 175 27 14 59 146 187 134 76 77 26 43 118 90 86 7 124 16 184 79 172 83 134 132 31 53 114 21 8 178 41 194 3 15 28 176 189 51 75 135 21 
175 19 68 107 23 92 6 162 74 19 57 166 170 195 177 138 157 102 198 196 31 136 64 192 86 148 119 63 131 10 63 10 121 58 126 139 81 18 83 62 141 133 45 64 80 84 52 32 69 162 173 149 57 77 162 158 26 14 181 19 48 155 51 120 170 13 107 68 199 173 149 53 148 40 55 114 142 168 136 49 93 95 173 41 43 48 71 103 169 145 156 185 93 111 161 154 160 153 133 180 125 62 193 48 48 180 162 196 74 89 50 22 26 173 145 42 192 114 82 46 151 63 103 20 92 
20 163 125 38 169 157 182 11 59 131 120 185 185 143 40 15 89 135 117 92 9 53 12 63 63 141 38 29 40 173 53 54 142 79 100 140 31 39 109 85 40 69 17 108 63 186 138 159 30 177 20 129 197 13 170 133 61 200 114 193 18 59 154 54 68 167 11 155 139 25 20 124 91 8 77 161 72 195 116 72 63 195 161 129 49 142 120 37 72 176 11 27 136 146 82 112 85 2 128 34 70 43 46 169 77 15 74 116 43 120 185 53 76 48 58 184 35 189 105 87 163 195 80 31 3 
31 174 111 189 76 90 15 150 74 107 57 101 36 99 108 107 148 162 169 160 180 156 195 20 191 52 48 160 7 36 172 75 49 93 104 92 4 84 150 114 185 4 38 111 74 126 10 54 51 170 156 5 94 15 128 166 97 24 167 80 191 118 168 78 54 93 169 80 4 77 48 183 141 96 66 170 128 184 56 80 3 156 36 136 198 174 14 106 193 79 22 38 101 71 25 23 121 75 80 168 23 127 102 179 156 121 122 49 55 85 10 193 53 159 41 184 180 41 170 69 119 59 119 183 6 
11 16 150 177 65 123 12 85 189 120 154 34 189 82 149 155 89 24 109 140 142 184 175 124 32 67 94 50 22 69 42 179 13 139 86 73 83 23 121 63 152 143 116 64 50 69 158 123 198 11 129 124 17 200 122 93 133 138 38 20 71 137 62 166 120 177 22 99 179 41 10 108 179 148 185 158 177 13 143 71 103 133 44 41 125 41 127 195 178 58 190 40 87 53 132 67 196 167 151 68 108 147 13 57 159 78 182 123 88 180 168 70 135 154 148 42 24 146 141 175 80 48 13 36 67 
102 13 169 146 49 101 54 59 8 142 125 159 58 159 2 92 72 41 143 170 89 25 5 78 198 162 158 100 43 106 22 90 183 141 39 62 5 64 139 154 73 91 116 44 168 120 90 82 12 108 65 72 187 200 180 152 106 73 26 16 44 17 69 139 61 162 173 21 14 4 192 178 114 176 119 185 87 105 86 86 167 171 43 50 35 80 191 192 141 35 10 173 52 12 179 145 26 54 177 184 177 23 76 151 116 104 183 21 79 50 116 38 139 106 190 25 184 95 28 66 105 100 137 39 178 
86 99 142 62 53 130 82 137 31 21 106 45 155 15 160 189 68 69 159 85 128 12 119 171 112 15 119 37 102 176 112 171 109 173 4 148 73 129 29 198 141 111 175 124 1 158 173 67 182 132 172 107 117 139 46 154 116 76 160 183 10 146 73 196 188 144 47 33 118 195 157 5 105 4 67 109 37 70 52 12 74 60 169 130 39 27 187 126 162 135 15 122 138 77 134 88 156 69 157 22 94 48 14 166 155 184 158 15 199 31 85 10 99 191 190 16 91 158 183 172 43 139 43 162 34 
160 53 132 22 117 146 109 138 63 71 16 40 90 8 156 72 171 6 200 137 73 127 98 75 187 107 108 186 195 162 36 175 96 127 91 195 109 94 3 55 71 94 4 69 128 18 143 57 200 107 186 6 179 108 35 154 190 164 109 111 192 115 177 88 122 67 122 124 164 147 106 34 35 45 151 27 128 1 182 116 177 154 114 165 157 103 111 142 107 74 37 20 165 1 193 79 55 1 40 105 105 28 115 193 108 95 73 171 104 184 9 188 139 24 70 176 171 93 6 93 85 149 44 47 194 
57 159 36 140 110 37 104 137 29 70 174 176 44 110 59 189 31 94 7 22 75 138 112 110 6 124 118 22 28 124 138 75 175 80 197 12 79 85 124 103 85 81 39 51 145 53 73 19 22 35 178 90 101 133 14 116 28 53 15 137 17 94 200 24 89 112 141 40 189 152 163 43 15 41 18 2 80 122 178 194 147 95 8 71 125 59 171 8 96 113 180 76 19 131 162 101 40 38 115 119 158 98 130 78 160 43 189 132 182 133 128 33 48 173 34 11 145 57 52 191 122 175 135 139 43 
118 175 41 122 155 164 139 135 15 26 113 21 66 194 175 3 58 190 25 105 76 193 130 96 71 113 101 41 45 37 189 78 49 36 122 51 76 126 160 2 138 30 113 140 83 39 199 176 186 145 166 145 65 129 42 21 123 136 140 88 64 146 48 163 163 153 41 126 163 178 160 52 185 84 193 164 35 9 175 35 123 60 113 67 183 15 60 54 194 117 108 26 144 27 117 18 125 34 48 97 75 8 124 67 152 24 155 68 8 132 14 88 188 112 195 38 47 118 177 20 41 39 79 159 8 
105 21 108 53 129 186 21 23 13 86 46 126 113 63 123 10 137 52 40 90 144 68 111 116 139 72 94 117 145 49 120 150 24 158 188 75 143 175 66 180 29 86 105 145 96 177 178 170 136 45 76 140 13 107 182 191 161 37 123 118 103 171 62 79 111 155 75 33 77 111 25 85 158 94 103 152 198 172 100 3 27 181 157 24 153 105 82 58 85 71 147 176 85 131 164 24 155 140 181 109 131 160 79 117 81 97 120 154 187 6 72 4 123 142 87 102 152 169 48 196 63 92 187 33 185 
136 77 153 95 82 74 123 32 151 171 81 16 126 57 157 168 65 92 27 68 81 185 146 58 84 161 28 12 15 80 197 50 119 155 164 42 85 179 68 126 45 48 118 176 108 12 24 92 138 9 37 104 89 125 67 184 55 155 98 84 20 13 166 125 47 179 197 22 160 178 11 84 53 167 179 89 69 137 57 18 69 78 118 38 69 187 131 172 73 66 20 53 51 16 74 39 190 12 146 13 142 104 155 188 192 187 17 33 103 14 153 188 88 80 75 198 140 181 114 108 191 159 27 79 12 
5 186 34 173 82 8 106 31 41 175 165 48 101 149 74 32 49 156 157 149 148 64 125 190 59 111 47 7 182 1 151 154 24 174 192 133 100 15 69 54 128 42 78 197 11 65 17 169 175 129 126 149 45 174 101 114 126 94 20 199 160 48 148 18 172 20 105 135 182 61 143 193 145 116 176 190 75 161 114 174 105 125 124 24 129 131 197 140 121 112 162 4 16 181 180 118 7 65 85 186 90 56 16 133 91 181 46 181 127 117 140 40 93 55 117 147 200 22 95 111 154 95 89 13 105 
103 68 200 193 102 159 95 47 174 185 151 146 118 102 194 132 48 120 108 66 153 33 117 192 182 21 140 75 69 82 174 30 107 167 137 105 75 123 176 170 96 101 2 101 195 70 194 111 65 1 163 19 128 199 148 107 104 65 44 13 114 156 195 15 28 50 186 119 75 39 189 24 39 76 173 95 193 150 41 119 177 163 71 169 71 20 102 35 168 56 56 170 69 60 157 138 53 171 127 92 148 155 75 72 195 38 54 118 37 109 119 6 103 31 58 187 84 51 173 78 182 155 7 74 41 
199 124 167 199 7 135 63 111 73 41 49 199 64 19 126 152 75 99 72 131 121 40 154 93 77 94 2 87 81 6 178 17 29 68 31 75 4 200 20 158 131 46 151 159 98 61 101 170 84 126 159 87 44 76 193 156 64 150 112 106 152 129 18 52 52 37 65 112 103 7 127 165 49 122 31 165 44 38 117 197 47 104 169 124 86 190 89 52 187 143 79 67 144 187 138 2 100 89 132 9 113 43 196 29 174 130 107 66 52 32 78 196 68 109 186 194 78 181 103 93 75 35 18 192 149 
49 106 17 83 158 69 90 42 17 53 183 176 27 89 153 51 13 21 44 184 166 31 56 150 47 68 190 95 180 133 104 58 76 165 1 183 136 50 25 87 59 59 70 81 191 47 72 199 40 183 55 155 195 33 43 49 156 27 39 182 135 153 120 181 36 182 183 117 118 124 125 122 140 97 60 104 75 32 53 87 117 19 25 124 2 154 157 12 96 78 62 184 35 36 200 52 130 37 113 23 1 25 117 46 117 143 61 185 64 153 46 10 103 159 188 136 110 67 24 83 31 129 90 200 19 
189 25 49 111 85 9 196 51 168 186 89 197 22 112 14 157 18 121 140 39 33 78 120 58 49 196 87 88 188 29 197 86 199 145 42 2 166 179 144 152 111 80 89 139 163 176 137 114 172 145 30 181 63 123 186 119 185 89 131 153 66 11 122 59 119 100 55 134 111 133 11 108 103 76 76 152 159 49 112 69 86 110 192 117 79 124 2 54 196 193 129 94 136 2 176 33 64 99 166 177 81 45 86 125 84 24 14 121 121 200 8 159 3 186 137 160 18 78 123 192 148 66 146 110 43 
101 191 48 163 149 159 10 179 167 138 7 140 20 24 12 142 125 168 124 85 118 163 186 136 75 176 81 28 91 183 6 195 64 97 134 142 129 78 192 78 168 147 78 158 115 161 136 146 8 198 109 186 184 117 15 102 137 197 93 103 24 166 179 155 174 19 135 14 173 16 71 176 146 12 105 136 191 171 24 7 92 140 157 153 70 51 89 138 44 200 14 17 53 148 130 143 120 21 21 17 135 140 58 27 134 64 104 56 182 166 148 163 126 62 155 58 80 82 111 148 58 9 99 13 153 
119 131 121 149 120 141 109 56 47 135 188 131 20 99 14 192 175 161 85 8 176 66 142 192 186 10 200 150 95 71 116 50 100 70 169 81 168 86 83 143 187 98 32 91 161 97 139 54 82 120 134 136 77 36 166 114 14 177 171 16 191 123 19 195 199 121 83 152 173 158 94 26 25 55 129 58 173 127 82 5 140 2 197 16 38 167 169 86 150 82 165 2 29 91 84 139 128 175 135 53 1 102 135 60 101 164 3 65 34 101 146 111 196 87 82 105 31 117 57 110 191 191 107 6 4 
4 125 38 51 85 44 158 141 71 189 1 114 179 86 30 47 83 30 43 71 135 186 158 62 131 130 161 126 62 66 65 113 88 142 30 20 145 98 150 198 34 101 75 20 94 170 185 66 176 151 12 42 59 71 51 83 76 24 67 68 186 20 131 166 104 176 127 138 28 73 66 109 164 143 10 67 105 78 156 133 71 191 100 183 175 38 111 41 62 57 9 168 29 18 7 52 23 5 197 10 168 105 66 157 151 129 164 191 66 114 8 21 115 2 73 33 175 200 162 75 169 61 73 173 110 
41 33 62 37 128 86 115 10 75 15 37 164 24 32 43 169 20 70 195 71 131 151 23 51 10 171 128 145 70 148 187 173 108 108 153 96 199 51 131 20 23 133 74 165 72 137 46 157 165 150 196 119 39 180 190 56 73 153 194 24 99 162 63 131 38 170 128 105 101 72 39 172 19 111 185 57 119 66 3 22 153 141 85 125 197 172 5 84 49 110 30 10 164 21 160 139 58 14 103 140 185 46 99 166 186 6 89 98 174 156 185 34 112 96 21 56 89 78 164 175 186 122 159 92 148 
173 110 101 100 46 131 117 194 82 197 7 103 3 121 3 3 57 29 127 115 199 7 186 131 133 111 187 67 154 73 41 87 185 149 57 23 107 95 188 173 19 75 115 34 3 16 177 63 31 157 134 54 108 84 105 149 101 53 85 48 195 85 14 171 98 186 52 107 6 40 195 93 180 94 19 146 21 4 31 152 93 163 198 59 148 113 72 7 153 184 185 90 66 164 7 117 113 196 4 87 188 92 8 146 63 43 130 47 39 194 24 17 162 70 54 88 89 111 34 115 77 174 87 66 81 
133 109 90 18 31 80 111 144 126 70 160 24 3 90 153 11 160 44 46 95 53 171 155 18 96 100 197 22 44 134 51 120 24 187 92 130 50 157 107 52 150 79 80 94 9 172 68 188 79 59 120 36 96 45 183 95 191 100 93 22 190 134 80 134 117 141 82 70 18 9 102 120 194 90 132 186 5 149 135 157 19 94 140 56 54 49 176 26 103 190 105 20 165 70 58 49 173 88 109 7 196 45 24 35 34 32 50 145 2 130 138 22 96 64 135 5 68 144 52 157 4 60 89 36 40 
163 135 139 110 143 20 190 170 92 147 188 157 115 98 54 96 115 179 184 83 119 7 178 92 43 138 170 51 103 12 176 53 86 141 125 141 200 55 172 5 128 155 37 55 58 16 115 187 199 54 37 109 30 77 119 121 35 172 155 163 167 126 186 197 155 72 14 7 55 117 174 33 169 9 115 76 168 136 184 16 143 36 154 145 171 40 94 85 155 138 140 196 40 43 25 171 190 122 106 23 176 173 126 166 121 41 178 79 200 123 161 48 146 1 140 89 131 30 60 109 199 156 14 78 165 
10 143 199 92 115 54 152 85 26 17 46 41 161 109 94 186 127 100 117 102 22 183 30 140 96 103 75 93 20 101 21 191 30 136 54 22 85 98 94 139 95 179 174 89 167 156 144 110 11 9 147 183 101 34 105 74 62 2 123 170 162 41 192 63 28 36 63 115 115 181 158 179 177 1 36 59 68 30 163 120 62 76 53 97 185 124 55 166 181 12 96 175 102 137 80 66 9 161 79 101 83 66 148 60 171 166 78 6 196 10 148 74 19 75 199 171 104 158 32 161 94 97 120 53 110 
100 192 109 159 66 186 199 28 105 65 18 31 4 164 112 26 100 144 174 114 19 138 168 126 155 136 113 74 71 23 23 101 116 56 169 107 140 97 160 17 140 133 160 176 108 166 192 17 189 150 26 122 162 61 107 87 82 199 103 189 126 48 89 6 89 106 68 76 4 83 4 6 80 170 136 106 54 163 149 56 70 161 83 40 158 79 168 132 55 61 73 14 98 143 120 78 77 40 168 101 50 61 152 92 157 53 104 31 135 142 105 24 131 83 26 157 137 141 93 162 185 154 32 192 135 
190 6 103 6 101 79 88 154 183 167 18 124 107 130 123 164 151 51 100 179 180 171 100 72 46 132 162 72 62 96 163 150 89 177 132 71 157 18 115 143 137 168 26 82 149 115 106 73 166 184 14 62 188 149 157 189 20 155 91 168 91 53 193 102 10 191 199 152 40 176 162 48 53 150 1 79 197 80 76 13 6 187 79 51 82 150 143 126 56 81 82 174 45 25 10 141 76 145 93 141 66 44 13 113 66 17 58 9 69 87 70 24 10 138 17 24 87 168 65 15 198 72 172 172 44 
17 186 68 45 119 184 19 125 35 55 45 5 21 115 71 123 195 7 106 74 107 54 58 72 55 127 179 81 189 35 24 48 76 3 122 121 69 178 42 58 102 71 5 170 157 114 193 151 126 144 123 166 4 21 135 109 13 49 146 147 163 78 49 176 118 172 193 41 86 5 143 145 1 84 53 182 157 49 168 87 85 55 122 158 49 167 143 178 19 105 20 55 55 167 174 177 187 89 90 185 109 147 30 112 151 61 128 110 68 103 100 84 21 177 128 163 78 172 143 103 54 98 166 136 161 
178 70 80 166 138 72 93 139 173 36 100 138 89 64 122 144 41 52 189 49 59 32 31 75 127 161 188 114 46 151 133 75 38 14 192 27 127 126 86 122 86 107 180 69 64 28 62 164 143 68 63 11 186 34 68 11 69 91 116 21 74 176 105 144 179 150 174 198 3 38 176 76 154 23 79 83 92 94 194 7 184 101 156 57 155 158 55 150 142 145 109 196 7 78 41 132 36 159 39 39 179 186 79 132 51 41 45 166 14 102 103 58 131 20 137 14 150 33 4 69 26 23 115 65 162 
20 122 124 32 26 125 100 79 90 18 39 43 138 48 50 155 165 191 50 169 30 43 124 151 23 133 62 133 84 57 170 19 121 135 175 63 182 161 162 116 89 199 140 200 159 94 113 22 32 75 10 110 136 143 46 67 24 21 97 18 52 55 194 88 51 29 174 58 70 155 87 195 104 73 164 16 52 57 155 30 106 27 79 93 141 25 29 156 21 191 156 14 111 3 141 43 80 122 175 161 174 98 20 29 69 107 170 45 151 40 103 92 35 197 96 57 126 136 195 36 182 49 43 177 149 
1 63 28 34 54 187 29 53 129 14 9 131 83 163 99 41 93 170 169 74 167 52 12 158 188 124 114 179 150 128 194 39 187 144 25 104 166 156 60 186 190 8 150 35 66 121 191 96 97 52 80 153 117 179 181 81 157 36 48 52 28 191 73 83 135 170 147 67 8 106 69 168 68 114 189 164 158 73 187 196 54 70 144 132 38 83 149 192 166 55 141 60 3 66 60 154 93 191 174 125 132 99 110 167 40 155 110 99 36 17 5 182 65 107 72 89 106 196 181 128 44 103 103 82 21 
23 55 174 121 133 130 82 107 135 63 92 2 166 99 92 37 16 142 200 132 126 186 159 139 44 109 119 59 182 68 100 117 187 60 94 120 182 58 65 27 153 21 112 156 64 120 75 157 13 26 120 92 123 33 88 129 166 124 95 5 189 196 157 51 162 113 177 9 135 9 107 20 108 37 7 129 183 179 179 9 11 185 127 188 146 55 54 130 73 123 115 97 67 48 79 34 166 132 192 39 56 41 13 56 27 97 39 4 74 159 77 45 41 83 82 188 173 184 179 125 148 174 23 172 167 
106 146 15 108 121 122 181 71 128 49 129 143 105 76 121 95 134 182 87 43 9 177 30 103 95 151 167 17 160 141 116 195 159 131 100 163 61 89 117 127 18 25 6 42 178 160 14 96 20 84 73 144 118 73 145 29 89 37 74 175 123 158 86 167 115 132 39 25 67 145 154 122 45 184 59 46 156 141 116 162 138 72 82 98 37 110 103 162 6 170 39 40 124 91 73 119 12 89 159 146 93 84 161 1 93 108 19 56 121 182 190 177 104 42 132 191 133 68 131 55 56 11 26 134 107 
194 35 7 42 189 136 15 200 49 82 21 110 91 198 183 174 164 14 139 8 69 57 144 188 92 173 157 147 6 163 110 10 106 181 165 197 159 67 123 128 118 22 53 42 39 50 112 156 47 189 20 151 63 186 5 167 122 88 5 44 43 31 18 72 184 177 11 197 189 126 65 46 147 149 91 120 71 54 102 159 108 106 45 30 54 34 125 35 82 97 136 118 113 25 136 92 197 64 67 100 26 10 32 56 171 159 191 74 27 105 52 10 21 75 82 25 146 81 181 96 200 53 54 82 86 
107 69 138 199 124 145 99 136 2 92 77 28 9 99 69 70 12 41 129 178 178 72 138 19 140 90 54 133 110 56 138 51 138 161 157 175 181 149 79 182 24 133 21 40 145 129 3 16 198 150 92 144 21 167 191 157 134 5 81 113 175 37 190 141 59 26 52 72 192 119 185 155 24 111 200 72 114 88 149 178 147 97 77 196 35 90 126 92 120 4 158 187 200 20 185 101 60 16 199 138 16 130 107 135 56 64 88 18 92 2 105 77 162 67 78 64 160 190 147 40 17 135 165 33 186 
60 69 20 183 187 146 198 180 16 10 134 121 31 159 39 191 181 33 181 83 18 162 185 84 56 64 137 193 161 73 22 188 157 37 88 120 29 142 15 191 68 66 98 24 104 184 169 18 127 121 26 95 185 70 141 36 170 183 60 72 45 145 1 189 30 105 45 70 25 183 183 122 154 72 14 8 148 70 141 63 77 168 154 88 73 101 105 106 144 162 197 159 199 48 40 60 113 172 154 121 109 87 178 153 21 6 39 168 180 182 138 30 171 42 129 131 104 39 31 181 55 129 141 180 87 
75 58 97 144 7 15 53 146 91 121 120 196 134 71 167 4 30 42 85 66 59 68 110 131 136 196 133 180 157 97 172 63 144 5 149 124 162 62 25 9 190 101 78 168 86 41 84 104 200 110 47 4 173 75 153 32 58 127 30 15 48 107 61 41 40 164 126 124 145 154 6 71 128 92 85 106 31 58 126 89 182 96 180 1 43 145 114 197 121 7 72 37 193 125 179 143 39 78 68 23 124 101 196 30 114 187 28 21 192 160 110 173 129 105 45 28 137 19 180 74 125 45 125 177 103 
43 130 122 25 163 126 179 166 165 188 77 142 197 17 197 22 128 100 188 79 126 161 134 86 180 75 172 53 1 162 78 199 102 174 21 125 195 63 71 135 163 66 157 1 160 64 40 105 127 181 134 161 155 186 134 62 128 87 151 41 150 9 181 174 32 105 175 84 12 96 18 27 68 48 102 102 68 66 171 22 16 103 56 195 194 34 28 169 10 83 85 101 20 92 54 70 197 182 147 43 67 137 97 56 39 190 27 194 59 82 43 13 82 151 100 81 68 21 195 16 144 171 68 92 165 
145 38 145 53 130 50 182 86 93 122 89 64 71 166 199 60 69 74 120 80 11 44 132 56 20 134 145 148 92 29 16 126 44 135 144 15 117 9 99 42 112 31 52 59 168 33 60 61 2 56 180 171 55 157 82 169 37 111 158 146 30 114 66 129 85 68 172 182 82 90 84 192 64 69 88 106 15 59 152 12 27 69 98 31 41 118 98 194 78 19 200 198 68 107 131 195 182 19 135 90 24 53 88 137 161 96 106 32 180 101 197 65 125 80 129 178 33 145 141 37 98 122 57 19 63 
148 175 152 172 150 105 45 103 30 16 44 20 75 25 117 113 56 188 186 148 84 14 94 162 7 160 195 131 46 180 20 157 130 30 100 72 45 57 58 21 191 92 72 113 22 43 187 49 62 106 148 133 116 141 194 7 85 144 3 164 142 126 123 33 187 197 186 149 168 166 113 13 86 196 147 179 5 38 153 100 194 20 106 134 150 160 139 178 123 94 73 36 29 156 32 119 92 30 20 185 79 196 67 56 74 188 66 170 162 134 190 54 5 93 156 83 152 100 154 167 157 157 68 120 167 
45 118 8 133 186 182 20 90 166 156 45 117 100 99 162 99 112 122 184 127 86 33 79 109 193 21 69 146 74 14 50 45 105 21 45 197 163 59 30 47 72 138 3 198 135 148 40 106 84 36 113 134 186 192 168 132 24 177 11 152 93 7 159 178 126 22 189 33 41 196 116 107 68 160 25 51 140 32 156 189 34 71 68 71 98 125 130 33 133 71 58 50 61 65 179 24 29 134 19 48 2 194 106 22 98 195 188 116 32 92 6 79 38 38 171 143 64 60 4 11 170 169 65 44 6 
72 79 30 80 14 118 141 86 49 135 120 66 26 188 27 55 90 98 102 118 136 27 30 183 100 43 132 107 7 62 110 128 197 169 48 180 164 187 106 82 135 176 114 183 93 98 167 198 95 137 176 180 69 96 151 195 179 67 74 105 97 39 169 11 28 168 164 119 144 55 127 38 102 97 52 86 36 25 168 56 99 139 43 131 21 63 10 179 161 60 120 136 37 190 190 128 66 161 5 156 28 97 17 180 121 87 153 3 106 76 12 164 135 147 59 183 108 117 34 152 193 148 91 127 36 
178 164 150 127 134 193 128 171 74 48 144 120 148 52 75 13 133 138 2 29 42 165 148 11 67 98 44 130 103 103 137 83 93 118 54 191 151 62 22 48 99 152 198 160 14 178 22 74 91 192 35 197 63 115 120 48 122 127 28 70 159 5 105 111 109 192 189 141 39 51 84 32 51 183 121 75 39 42 121 34 55 99 167 180 21 65 199 172 58 176 67 105 140 60 74 196 147 22 161 92 56 39 18 195 53 97 94 147 24 153 22 178 103 122 112 128 34 51 160 97 29 130 58 97 27 
186 51 126 25 56 89 81 170 62 43 73 42 59 121 5 127 135 170 1 124 110 86 79 14 93 35 83 171 134 94 163 72 70 179 110 78 23 84 152 106 86 89 111 162 19 3 24 193 26 1 12 64 1 145 188 109 21 91 61 188 132 32 152 26 197 19 129 59 13 105 170 131 22 85 51 63 150 178 172 71 187 130 4 10 98 101 120 148 19 17 76 127 42 134 150 28 10 93 61 200 89 181 165 88 82 172 33 98 5 47 103 96 35 181 130 3 11 184 83 138 73 78 116 32 192 
45 66 85 59 61 125 83 62 18 51 129 152 155 147 86 96 171 189 3 15 103 29 68 97 13 95 102 69 150 1 50 79 190 200 55 74 196 164 66 77 196 156 34 107 6 140 113 108 100 21 162 60 146 94 78 165 116 183 130 165 158 31 127 131 112 26 200 95 110 168 45 98 40 58 24 147 64 18 32 142 54 21 53 18 70 47 166 25 119 31 41 34 170 194 5 200 167 166 50 5 54 151 53 50 138 172 50 109 178 10 48 182 86 166 190 61 177 151 111 162 180 66 113 181 199 
185 47 186 75 29 196 94 101 57 110 49 57 10 177 114 172 194 195 79 130 127 60 32 184 153 72 79 100 112 39 113 29 125 13 121 106 167 16 82 131 56 122 164 102 51 150 170 139 1 140 19 116 75 111 68 173 108 87 176 193 5 72 119 76 41 37 69 54 5 129 40 150 183 196 182 72 185 151 120 83 113 51 151 180 49 65 169 182 142 109 25 60 129 194 191 131 23 194 90 40 110 3 43 157 195 198 165 13 144 183 58 20 74 92 199 170 5 105 66 113 84 118 67 144 141 
125 45 119 199 200 58 56 8 137 185 56 5 176 178 22 96 24 56 125 149 148 89 15 189 111 32 80 131 84 199 54 194 164 56 28 36 100 78 198 27 179 130 23 109 84 99 20 152 133 81 13 45 156 30 78 6 25 43 167 93 194 71 98 13 85 125 114 19 142 115 186 65 161 159 129 1 179 46 15 61 50 150 174 195 132 127 7 2 23 149 135 18 28 39 98 111 22 95 112 159 3 77 52 98 126 48 73 57 123 109 96 25 183 157 30 131 176 100 28 172 22 20 33 65 100 
141 176 109 121 126 114 55 43 119 136 72 15 97 149 115 133 79 8 2 102 125 51 21 122 32 188 146 155 25 49 138 48 5 136 102 188 73 79 10 74 180 65 141 106 100 171 91 28 160 80 150 192 26 162 3 74 183 40 21 115 65 74 102 193 104 165 109 21 143 180 51 154 111 62 61 62 27 18 34 70 60 132 91 116 178 114 191 194 71 191 195 132 60 148 164 51 92 58 173 59 192 106 20 102 149 132 53 16 72 72 34 7 167 97 166 55 149 10 46 129 196 30 79 99 124 
159 53 108 120 90 164 122 186 30 160 96 128 147 62 95 157 66 168 180 88 181 64 175 133 43 189 10 86 124 65 75 173 161 82 28 178 38 35 131 25 24 63 29 155 144 196 38 7 130 113 25 29 46 98 73 8 41 127 16 173 36 146 174 65 28 14 146 140 167 53 127 30 118 3 22 122 74 117 67 29 49 4 135 67 88 184 66 155 154 176 189 76 111 76 16 74 124 40 2 89 111 106 84 80 83 153 146 135 3 180 181 36 4 38 100 173 185 68 18 148 21 77 74 78 9 
