100 6
0
2
1 1 31 125
2 21 187 395
3 49 162 1021
4 66 66 198
5 133 56 245
6 269 39 347
7 279 135 9
8 291 67 827
9 365 11 343
10 419 125 169
11 591 98 983
12 611 123 611
13 618 42 702
14 619 74 619
15 674 181 674
16 705 134 705
17 777 72 1209
18 788 18 896
19 970 171 628
20 982 135 1522
21 985 189 2497
22 994 151 1900
23 1055 129 797
24 1055 129 1829
25 1348 60 1348
26 1398 141 2244
27 1477 107 1477
28 1477 41 1395
29 1499 161 2465
30 1705 113 2383
31 1717 135 2797
32 1732 82 1896
33 1735 64 1863
34 1740 180 2460
35 1761 200 2961
36 1828 12 1924
37 1830 110 2270
38 1951 194 2339
39 1995 108 1995
40 2093 119 2093
41 2105 28 2329
42 2155 4 2155
43 2203 169 2203
44 2273 63 2651
45 2343 76 2799
46 2400 164 2072
47 2449 9 2521
48 2465 142 3601
49 2480 126 2480
50 2483 151 3691
51 2570 161 2570
52 2600 47 2694
53 2641 96 2641
54 2791 198 4375
55 2842 161 3486
56 2893 56 2781
57 3078 61 3444
58 3092 154 4016
59 3209 157 4151
60 3222 166 3886
61 3248 166 4244
62 3265 112 4161
63 3310 52 3622
64 3321 136 4409
65 3364 23 3548
66 3461 108 3893
67 3508 25 3508
68 3543 45 3723
69 3602 106 3814
70 3656 191 4802
71 3814 156 3502
72 3920 101 4526
73 3947 151 4853
74 3960 63 3834
75 4112 18 4256
76 4176 11 4198
77 4178 113 4630
78 4248 177 5664
79 4346 39 4346
80 4407 159 5043
81 4412 78 4412
82 4445 62 4941
83 4559 151 5465
84 4567 167 5235
85 4626 117 5562
86 4626 45 4806
87 4738 150 5938
88 4827 198 6411
89 4923 118 5631
90 5034 85 4864
91 5106 115 4876
92 5202 64 5074
93 5376 164 6360
94 5511 33 5511
95 5763 195 6153
96 5779 151 6987
97 5786 144 5498
98 5818 178 5818
99 5842 161 5842
100 5973 9 5955
4 142 105 32 122 186 182 132 28 104 35 139 175 7 33 83 5 135 37 155 11 108 7 118 143 188 143 155 32 17 30 132 103 93 127 106 1 102 1 141 61 189 75 112 35 19 152 143 154 92 168 46 66 163 16 176 65 190 21 3 119 46 143 13 128 61 199 124 168 77 159 91 114 172 137 5 21 126 124 21 10 186 176 56 70 107 157 28 86 137 143 34 180 118 148 186 156 197 180 184 
59 180 24 76 140 183 35 3 77 64 191 146 9 26 100 146 42 162 28 173 52 194 132 54 131 178 159 108 165 114 14 51 133 97 37 193 164 11 78 29 105 180 63 76 90 148 112 30 198 43 143 169 16 80 57 71 138 142 13 114 69 66 178 163 53 169 197 36 97 77 174 154 171 178 55 22 11 143 162 124 3 26 51 183 62 89 191 172 29 70 109 183 95 116 63 176 73 142 80 166 
193 137 164 159 99 53 22 55 136 75 38 39 133 28 14 7 84 89 121 180 163 38 79 123 111 158 190 165 26 56 86 190 103 154 63 86 132 115 66 138 135 8 140 187 124 198 52 29 143 176 37 107 22 42 157 117 57 29 137 175 81 31 113 188 191 113 58 117 195 150 101 113 9 83 117 99 163 166 129 6 107 165 193 108 136 9 34 179 36 138 70 148 115 188 174 184 83 104 172 75 
140 95 98 124 51 144 6 129 129 33 18 36 106 86 61 69 127 94 115 82 97 108 157 192 34 105 109 146 127 1 111 161 52 196 154 38 35 102 115 72 69 42 141 97 191 142 78 17 148 29 23 78 99 119 170 161 19 168 146 173 198 139 103 44 25 140 78 45 110 72 118 96 191 106 188 114 155 169 47 73 94 130 26 14 50 66 77 16 56 174 13 159 144 49 72 50 67 76 27 16 
141 100 78 151 78 130 188 21 24 193 109 140 5 61 76 78 47 142 96 27 3 27 19 110 126 158 94 51 107 58 52 115 25 94 42 28 130 77 197 48 176 31 106 114 35 181 87 4 124 166 69 57 160 79 170 117 127 159 126 107 56 188 151 160 33 124 8 13 151 172 70 60 198 78 55 181 32 176 184 1 130 129 108 40 169 68 128 56 180 129 136 5 39 44 15 28 8 193 157 68 
156 26 106 98 126 5 22 186 98 14 192 115 102 107 110 49 76 61 19 171 159 85 148 124 134 54 40 2 139 185 10 148 107 3 93 105 62 25 6 49 14 71 121 98 173 29 98 135 84 14 42 126 169 141 16 72 11 106 45 44 175 84 144 152 106 19 61 178 186 196 65 179 42 152 86 122 71 21 112 176 97 51 25 82 135 103 4 22 172 79 200 115 54 34 16 118 175 129 121 155 
109 131 62 156 39 119 82 106 18 72 173 88 43 53 77 141 75 6 147 139 83 77 49 62 83 58 78 31 76 161 73 108 146 104 38 161 94 152 57 139 85 93 169 111 6 46 156 174 162 93 106 196 114 99 195 80 197 97 170 38 15 148 18 93 31 100 142 52 63 182 29 153 140 72 93 99 161 54 159 41 66 66 93 150 165 49 166 147 124 13 79 20 129 73 29 128 177 3 48 131 
193 145 48 82 109 78 114 197 175 75 176 35 97 145 159 36 49 9 198 173 43 63 23 99 39 195 61 191 190 187 70 156 132 82 68 198 78 146 84 178 135 168 27 148 2 185 99 169 61 10 80 28 161 155 121 74 198 192 23 113 57 187 6 130 187 157 145 141 26 39 41 78 192 32 175 169 123 119 4 36 85 122 58 3 163 118 25 191 10 26 137 164 110 163 79 100 105 58 136 46 
12 187 161 74 26 10 125 29 180 182 59 69 155 182 71 160 26 143 138 23 171 162 22 58 147 27 168 45 139 179 143 167 42 38 132 158 12 127 111 26 94 6 199 126 104 48 162 4 79 188 7 162 133 20 48 30 134 135 131 24 112 165 122 58 70 135 20 47 145 72 136 9 180 144 102 158 61 64 67 37 143 26 88 32 173 109 81 193 137 61 108 62 172 156 152 198 101 182 6 67 
25 99 137 85 105 44 13 116 157 189 34 86 72 48 156 117 14 168 126 162 128 77 195 184 81 68 10 164 28 123 146 105 30 145 124 169 11 18 8 191 115 172 53 198 141 23 154 152 19 47 159 66 181 169 49 159 46 116 150 111 5 49 167 79 143 94 174 82 18 11 94 87 182 162 51 133 175 129 93 92 72 162 123 165 15 150 188 136 154 76 45 69 20 100 73 55 57 14 8 50 
63 161 91 20 84 91 24 165 4 129 71 152 35 175 69 94 16 103 50 20 195 93 5 178 11 55 3 187 106 177 96 94 16 35 83 39 7 70 178 139 6 52 158 194 124 98 173 80 75 107 33 116 154 25 3 19 7 120 152 190 15 161 126 51 101 136 184 160 19 83 185 179 9 144 59 175 41 139 98 21 70 165 128 15 46 131 96 29 117 126 184 32 154 21 181 76 138 183 99 105 
184 108 1 186 120 130 172 146 34 37 2 193 200 132 32 182 73 135 162 62 112 82 152 128 80 90 139 128 3 91 151 60 124 42 179 196 22 111 102 88 36 158 135 129 51 146 13 168 179 157 42 24 93 99 172 133 111 109 7 140 88 106 11 86 182 9 51 112 10 194 171 8 50 125 66 15 84 102 92 66 106 52 200 188 163 87 6 195 174 46 97 110 97 11 44 199 152 8 4 186 
195 37 113 16 158 153 96 176 179 8 199 32 168 133 47 125 44 95 30 97 64 66 115 154 14 163 178 134 163 58 139 74 18 143 14 194 23 194 76 105 37 36 60 176 66 188 14 181 194 188 87 185 131 114 194 27 144 48 49 112 109 116 139 132 188 140 106 80 187 5 29 24 77 122 75 115 27 53 69 43 76 79 160 19 191 60 115 92 198 21 144 167 144 34 75 83 170 183 67 137 
101 75 49 54 118 5 114 91 61 73 50 114 59 106 49 75 47 185 27 64 191 121 179 64 70 52 75 119 191 43 106 65 124 154 140 99 117 159 52 10 16 5 181 158 39 40 198 62 136 123 1 192 63 188 38 53 91 138 30 13 80 39 100 103 61 184 200 36 106 168 176 146 159 56 101 52 135 57 75 64 52 170 188 101 140 128 184 12 36 89 66 91 44 121 83 199 177 35 91 15 
43 97 163 136 117 135 3 153 76 24 136 30 35 138 87 135 105 190 141 96 41 104 9 44 42 25 135 151 77 77 48 161 93 40 44 13 172 169 148 145 61 85 68 41 115 163 197 42 99 199 160 187 80 111 1 154 19 195 69 116 28 151 36 110 54 22 82 74 40 9 194 109 73 5 157 25 182 183 176 151 180 27 180 60 180 169 143 185 48 29 164 121 72 143 82 183 167 14 52 181 
8 179 34 152 1 68 127 89 84 164 123 121 16 62 19 88 4 175 103 81 110 55 86 84 23 39 67 6 186 196 34 160 146 26 188 72 104 185 67 200 177 73 147 185 102 106 85 37 73 200 29 70 107 113 94 59 169 141 57 26 20 66 146 197 102 57 153 171 157 55 62 106 36 31 41 179 76 113 95 54 122 46 108 153 97 165 44 48 96 182 50 68 24 56 111 15 186 163 64 115 
152 40 32 100 42 68 187 99 85 187 70 57 2 17 86 13 122 65 149 71 182 103 52 42 104 54 2 150 78 157 102 27 105 66 125 180 57 185 101 115 105 178 39 13 98 192 36 56 38 40 177 72 132 68 123 186 123 53 73 11 10 185 17 91 130 143 49 80 118 115 163 167 20 118 129 104 92 109 171 149 44 108 171 19 38 29 123 53 32 179 2 90 15 147 81 136 88 146 145 179 
20 81 127 140 115 198 156 11 198 38 105 146 28 196 146 176 111 32 71 119 22 157 195 178 5 122 127 124 4 106 40 40 8 140 96 33 192 92 151 100 51 168 39 41 23 56 180 13 87 29 124 93 16 38 92 155 95 172 40 37 78 93 167 79 34 153 176 110 110 67 165 195 153 187 143 91 193 174 82 84 165 80 53 18 198 145 90 140 170 104 40 69 1 180 98 128 178 189 35 191 
113 53 29 186 198 31 143 72 144 10 154 42 128 37 24 75 5 192 98 80 26 94 58 101 2 107 3 182 193 48 165 71 21 107 30 108 87 114 169 157 70 196 25 88 144 87 188 160 118 173 44 85 150 190 61 17 196 89 15 85 152 66 175 118 155 2 80 135 58 117 128 187 97 63 189 198 71 77 173 164 16 139 72 100 131 54 46 163 5 41 116 48 191 9 132 80 64 94 190 189 
61 54 139 55 153 197 129 183 179 89 129 128 84 31 160 180 125 106 20 166 63 106 193 16 188 13 110 49 95 55 39 22 18 154 163 76 130 162 169 84 67 148 98 178 64 63 196 122 146 170 74 35 69 84 109 175 134 89 11 49 191 92 96 181 50 43 84 164 169 123 136 152 138 52 122 101 145 127 32 197 85 82 20 182 94 163 31 90 110 90 136 83 9 84 170 31 72 32 88 31 
6 116 182 73 99 107 26 5 149 5 133 159 112 125 8 98 41 26 36 115 131 141 96 162 177 50 71 104 137 124 162 198 138 41 92 100 78 65 9 86 150 101 196 55 165 103 35 7 143 105 181 193 173 167 25 17 135 128 7 175 86 184 162 70 17 141 145 191 93 152 193 46 141 163 199 76 104 118 177 41 90 92 86 104 56 44 104 127 57 165 178 50 69 198 77 96 164 191 31 155 
62 147 154 185 97 97 92 143 170 11 156 139 197 144 26 143 195 74 185 91 36 44 194 71 37 47 120 138 95 58 105 56 4 200 62 179 137 182 1 138 157 31 145 57 141 96 95 120 100 198 197 8 200 54 143 189 55 29 131 107 155 138 109 199 75 52 33 186 60 190 94 108 186 194 6 63 66 113 159 8 168 141 196 192 93 78 178 175 148 90 199 174 114 14 32 123 41 131 151 164 
73 109 62 108 50 19 185 144 172 120 85 194 12 64 78 173 24 143 167 157 157 115 2 109 79 129 18 69 150 173 199 153 125 192 11 32 82 100 133 177 60 161 92 83 61 149 112 94 148 67 169 87 130 21 144 116 52 57 42 62 128 58 148 187 43 111 69 61 25 66 35 103 142 193 103 18 46 96 158 10 81 179 119 61 115 6 123 109 185 11 121 24 108 103 179 64 67 157 88 101 
90 94 8 64 106 80 178 162 164 146 66 48 192 27 43 65 91 85 103 149 100 115 30 72 104 125 100 12 196 9 59 52 112 25 79 93 59 153 123 171 121 94 73 23 140 142 163 72 180 4 133 38 9 49 143 7 82 17 167 68 151 82 45 20 168 150 188 161 16 30 14 41 172 173 180 36 78 23 98 150 32 195 134 118 82 140 64 56 122 100 128 14 139 37 117 121 9 63 31 57 
74 36 14 173 143 172 123 88 25 28 186 150 27 25 70 39 80 181 114 129 33 183 18 144 3 150 13 139 152 63 141 69 29 188 2 121 186 67 77 112 7 8 111 143 177 11 116 66 192 56 2 55 68 85 96 55 63 65 31 93 164 115 74 11 169 12 107 41 20 73 10 81 192 80 130 78 129 104 85 82 145 80 75 139 68 192 25 9 143 38 126 185 124 114 88 175 171 41 58 162 
158 85 84 62 185 143 138 53 137 2 51 20 48 161 98 111 170 121 12 135 49 171 36 60 55 126 142 73 10 106 156 164 75 32 94 146 42 97 135 171 57 69 82 24 26 48 57 40 115 166 133 167 110 80 11 108 163 191 146 187 49 62 200 73 61 176 174 64 97 128 176 151 15 189 25 92 15 35 141 97 7 51 113 169 199 97 115 192 96 158 66 128 77 177 3 193 5 183 161 149 
28 10 62 152 173 185 138 27 92 170 13 1 75 2 131 21 160 11 30 51 101 6 134 186 78 69 131 168 6 68 195 84 86 84 177 158 28 52 80 193 120 20 5 91 17 197 107 146 82 171 42 161 122 97 69 98 65 177 132 61 9 113 91 131 10 79 176 35 19 136 103 174 107 107 52 188 9 150 6 96 67 123 93 140 18 195 99 165 100 147 57 51 150 152 176 136 78 128 47 151 
57 5 54 89 196 142 74 190 142 38 180 52 86 18 103 49 119 135 80 36 124 155 58 93 132 20 126 145 95 142 58 172 139 188 115 86 147 132 110 4 94 86 33 68 10 198 97 94 16 93 86 33 40 107 173 73 106 105 28 70 138 115 19 20 53 126 10 105 142 81 57 18 141 120 132 39 107 124 25 161 13 108 10 82 78 143 188 64 129 87 76 24 93 55 138 171 101 99 35 80 
162 79 50 37 194 4 173 19 162 7 47 75 34 74 133 112 59 185 60 162 38 41 192 53 54 164 194 36 160 92 176 54 13 198 126 12 102 36 24 126 46 11 68 84 24 51 83 1 42 44 32 19 29 19 143 135 7 57 59 10 29 116 14 53 138 25 96 132 23 56 60 136 55 93 126 196 54 30 152 162 128 41 2 17 2 195 86 25 142 68 36 152 132 187 41 125 10 161 166 24 
53 62 146 84 191 64 41 82 194 88 49 130 164 47 80 15 38 179 191 181 57 10 83 56 40 94 14 144 192 108 50 80 102 4 123 30 133 164 171 30 58 130 124 41 11 181 58 49 155 34 161 162 97 83 6 119 113 119 77 11 21 57 99 156 149 78 67 36 112 55 117 150 195 13 10 28 171 172 23 57 69 2 140 136 193 112 113 152 115 38 174 119 179 104 183 5 128 172 163 131 
96 30 102 200 78 7 16 108 32 137 152 1 144 109 147 102 200 109 76 89 102 129 148 68 151 97 98 104 197 189 53 181 105 77 124 154 185 100 1 175 35 160 52 136 165 194 57 58 107 109 94 113 70 186 36 155 60 141 70 70 94 171 93 117 103 100 198 27 106 150 114 47 79 154 65 117 134 47 181 57 112 108 176 34 176 161 29 197 140 74 29 60 66 197 190 80 73 173 179 14 
99 181 195 103 200 58 137 188 112 198 161 58 85 185 148 2 198 61 42 9 169 145 69 19 125 20 77 170 131 155 129 149 48 108 59 49 94 12 117 196 89 37 27 101 135 199 187 150 135 163 142 144 7 16 172 146 198 40 134 191 24 76 199 138 128 71 22 116 87 80 194 139 199 48 53 198 94 162 133 64 147 35 101 196 24 23 74 149 16 125 81 115 18 160 95 36 200 175 31 11 
105 53 44 159 55 181 147 136 166 72 179 114 85 75 174 169 40 65 146 194 137 36 158 116 145 117 71 179 74 5 165 25 67 145 166 51 47 77 119 173 114 105 93 82 169 71 145 46 67 95 122 140 85 143 191 36 16 100 73 123 40 160 177 50 68 42 184 185 120 40 14 127 118 200 157 133 64 107 134 4 14 154 166 59 122 145 115 191 31 155 52 111 29 156 50 134 100 173 194 101 
14 5 14 123 74 92 160 104 95 109 62 178 18 99 65 93 20 117 22 130 74 6 190 198 21 141 153 173 19 47 28 22 179 131 188 173 28 89 37 160 149 111 77 24 2 90 137 148 166 160 66 61 38 196 112 40 74 24 71 26 152 158 24 156 37 78 112 172 79 13 68 182 126 55 60 97 189 152 38 62 38 149 126 71 16 114 112 103 195 76 117 133 28 169 136 155 100 57 156 136 
74 184 198 148 164 123 138 170 20 112 14 40 166 199 91 22 167 164 166 173 169 113 172 118 83 99 198 54 1 12 189 123 139 107 138 99 56 66 21 48 73 92 129 126 10 132 53 131 7 40 127 30 167 127 72 46 137 85 162 177 55 131 144 70 139 153 58 4 36 116 107 14 86 42 44 175 35 127 49 6 163 42 89 163 172 190 108 121 91 162 1 93 52 146 139 153 166 45 64 172 
12 192 90 121 16 141 5 192 90 51 79 7 194 75 14 179 125 17 118 64 197 144 139 147 81 80 131 151 66 116 79 98 138 131 52 140 128 194 124 175 85 11 34 112 17 170 172 179 56 73 195 166 197 79 99 98 83 34 149 162 31 153 20 12 170 168 194 131 27 174 179 92 158 124 191 53 21 193 116 148 32 117 29 43 178 88 42 26 78 72 90 63 146 169 184 63 163 65 26 11 
114 17 168 44 105 19 53 138 30 35 91 20 58 90 193 135 188 39 52 122 49 26 108 39 83 87 192 38 13 171 137 164 56 172 20 192 124 128 82 190 67 126 192 62 56 108 2 114 115 167 169 93 171 65 32 2 156 36 35 200 144 28 97 64 179 174 61 20 125 192 139 191 100 39 186 162 154 150 5 165 84 171 133 194 59 62 58 5 136 161 108 5 185 179 49 64 10 178 74 97 
183 7 154 11 190 29 88 124 27 174 183 17 79 183 20 54 158 73 148 169 70 186 12 138 159 38 167 136 18 116 118 24 83 16 173 51 179 84 50 20 83 90 184 190 56 4 49 51 97 157 40 14 141 155 196 194 117 200 35 174 48 1 149 51 168 75 133 200 93 139 92 110 65 148 28 155 59 18 149 26 39 90 109 51 199 90 67 7 119 38 178 102 76 87 141 95 109 27 91 169 
56 165 62 166 138 188 190 56 41 73 13 195 98 50 53 171 30 108 160 174 182 16 185 200 155 30 192 32 68 160 18 109 77 160 86 86 24 162 126 161 192 197 101 4 30 106 151 134 174 120 139 42 131 46 188 87 152 173 150 49 136 182 28 47 30 84 176 36 87 190 159 77 146 98 30 97 97 181 56 66 99 110 7 146 175 121 198 189 86 12 48 8 76 66 121 185 125 48 134 12 
188 162 193 136 154 144 131 45 200 176 16 94 143 110 29 2 66 164 84 156 80 146 17 151 197 55 121 54 38 28 160 11 83 6 74 94 184 24 101 54 80 190 197 128 178 124 21 67 90 50 28 43 191 75 95 181 190 51 139 62 21 184 79 19 119 25 22 98 92 191 42 132 102 153 195 78 69 44 142 42 144 177 18 19 169 170 13 35 150 113 184 85 45 141 61 173 168 104 146 31 
64 180 114 48 100 90 135 181 4 110 69 154 89 45 184 57 6 107 133 194 19 80 38 173 44 180 31 3 178 139 158 107 173 111 48 55 93 156 170 11 35 30 158 106 41 151 98 109 60 45 43 154 82 38 142 59 152 191 33 158 182 7 73 128 17 134 30 138 56 105 146 103 116 100 92 150 182 89 161 80 153 183 111 200 121 125 156 134 49 6 45 173 133 176 112 157 26 155 127 100 
78 148 115 140 37 24 125 62 3 40 56 25 63 84 25 57 131 109 196 39 200 53 62 92 160 157 91 188 23 148 129 121 57 54 125 160 51 113 21 107 109 4 196 69 133 111 171 75 95 87 88 32 152 14 70 134 141 56 114 86 102 13 47 159 61 174 135 47 8 113 129 64 72 65 88 150 113 10 7 64 153 58 63 30 85 14 16 6 131 124 37 66 169 104 120 39 9 145 61 140 
185 189 75 124 178 188 40 93 195 141 3 11 52 84 120 71 94 147 152 165 169 26 163 113 161 105 74 15 104 141 103 101 123 162 180 101 117 34 171 102 171 62 40 192 65 28 53 72 15 144 190 67 109 21 54 127 55 149 182 40 182 72 99 168 77 84 65 33 18 145 64 112 79 87 85 116 3 193 97 7 200 40 151 136 180 138 58 44 83 113 59 11 11 54 43 194 42 86 161 188 
174 49 102 38 43 175 52 187 7 95 132 162 178 171 77 62 150 164 56 100 13 7 186 94 139 181 87 127 90 118 101 103 2 140 169 4 154 50 146 169 100 47 199 172 67 51 28 91 140 198 145 95 86 188 13 4 179 174 153 125 122 5 5 116 89 160 4 51 54 71 70 77 119 114 70 181 108 98 91 81 133 170 183 108 75 154 198 91 130 51 148 149 139 76 24 39 200 125 91 102 
124 178 81 30 77 82 38 172 81 132 61 88 53 153 148 125 38 129 158 79 16 54 133 130 181 191 121 83 9 75 17 20 101 79 43 89 130 69 79 82 124 121 68 16 146 108 8 199 22 179 155 186 127 157 197 108 69 29 57 170 125 52 117 115 9 117 22 86 194 21 59 172 26 79 57 60 11 76 96 163 43 198 43 84 10 164 25 54 72 20 72 186 76 188 66 171 22 47 25 166 
41 119 184 126 108 188 155 161 18 28 113 51 163 36 45 56 53 150 62 174 76 83 88 136 91 69 81 171 119 91 167 142 192 200 54 113 49 10 91 16 146 82 186 158 168 177 101 5 183 154 137 83 191 194 137 165 111 67 162 135 62 200 40 176 27 183 21 158 144 69 42 184 160 65 3 21 72 60 171 121 35 93 62 40 95 54 95 126 136 42 123 200 23 180 89 26 11 19 135 176 
32 119 41 95 22 90 85 103 86 30 199 161 41 36 168 58 139 61 65 38 113 174 84 119 199 168 114 87 5 112 176 180 109 126 168 91 173 119 27 121 170 161 134 28 44 136 110 127 15 115 99 162 57 148 56 64 159 38 137 10 173 160 49 181 178 194 56 176 62 131 145 127 198 4 109 161 98 32 62 121 9 102 25 151 113 56 196 83 169 198 63 88 74 164 18 84 198 47 139 167 
141 148 82 21 168 185 108 41 79 14 81 176 72 12 11 100 187 102 112 61 194 169 134 148 46 64 130 162 82 134 194 25 4 54 68 96 41 198 192 198 162 14 21 99 3 140 133 114 85 147 163 138 127 99 76 133 11 200 115 115 162 176 127 27 164 166 86 131 38 195 47 30 133 20 56 177 180 76 181 120 72 178 39 183 68 33 125 153 15 79 165 141 166 58 119 143 186 154 51 137 
139 151 30 190 181 119 51 138 128 24 3 24 151 157 66 137 42 114 120 134 115 102 183 107 34 15 102 87 127 71 116 128 187 150 30 78 125 8 188 161 173 193 181 52 113 64 22 34 82 188 129 175 182 137 99 71 129 123 176 132 183 87 44 30 48 119 188 193 191 60 85 27 29 104 9 62 52 177 92 51 115 158 200 186 10 123 19 114 98 17 2 38 122 149 197 151 97 60 46 83 
14 198 70 49 1 65 162 25 101 62 31 173 104 18 126 141 183 20 77 40 114 58 182 162 17 120 109 113 71 26 151 184 31 42 194 21 195 40 40 94 157 162 186 77 180 155 164 32 82 6 131 64 170 68 141 144 69 10 147 177 60 43 34 2 53 5 54 29 50 36 178 152 53 36 195 30 76 117 159 27 184 97 18 94 175 11 121 198 8 13 120 139 190 131 200 197 8 68 36 66 
169 54 146 35 192 156 16 187 129 109 40 100 157 50 170 64 117 134 3 2 35 143 192 197 12 4 23 31 44 88 4 191 100 192 177 123 119 115 40 121 90 159 141 7 106 118 32 63 109 106 181 146 165 128 77 190 178 96 136 80 63 164 146 56 89 157 50 41 65 51 185 185 160 71 123 18 2 131 60 131 10 193 124 148 64 111 131 15 107 28 193 129 35 166 59 148 133 43 177 69 
83 93 189 147 179 38 181 130 81 138 18 76 45 138 132 120 183 24 62 99 155 53 69 100 107 108 144 75 24 3 149 155 19 196 141 188 63 95 6 25 188 154 140 166 25 194 126 93 154 129 91 20 96 144 147 156 170 58 135 57 27 171 104 50 44 144 73 122 94 37 107 88 30 51 111 182 93 59 47 122 80 139 143 129 83 48 127 19 71 191 125 53 111 3 84 182 31 86 134 152 
42 130 42 179 37 170 76 131 172 197 60 67 89 10 24 106 1 20 102 91 186 127 94 24 70 34 89 93 199 163 155 152 184 16 94 140 92 42 119 84 13 35 177 143 6 149 94 31 113 185 138 116 169 104 163 169 76 125 4 169 39 109 7 64 13 145 128 162 126 178 87 22 76 100 180 6 43 50 177 189 45 59 11 191 35 75 152 157 199 127 172 186 85 52 64 172 192 51 34 155 
142 28 127 140 189 181 34 153 2 60 189 188 199 33 151 80 2 84 108 52 98 104 2 31 76 64 120 55 114 116 144 179 63 173 109 49 85 105 99 30 115 45 121 65 2 62 15 163 6 53 18 9 27 98 46 28 163 73 35 26 187 165 58 64 97 7 26 195 108 175 159 173 152 51 131 6 85 20 154 15 67 152 131 163 35 121 196 2 110 142 3 166 187 80 22 147 22 83 138 116 
165 36 138 57 70 5 36 20 149 63 100 150 126 181 43 145 43 29 129 141 116 34 67 94 96 181 26 180 109 70 28 135 135 75 26 103 167 171 130 97 71 107 128 10 32 38 18 189 42 36 86 57 190 99 121 172 70 194 85 156 21 103 71 63 3 183 95 183 187 154 50 177 187 180 194 152 136 145 34 190 46 64 173 128 55 170 28 173 82 135 97 122 131 188 106 39 63 119 40 35 
11 86 187 69 102 41 134 186 55 166 92 29 118 13 25 153 145 98 125 138 31 200 111 44 32 4 151 60 153 134 50 51 172 195 93 88 116 116 149 105 141 21 101 152 9 17 32 28 72 80 179 102 73 157 133 76 85 4 165 19 30 96 52 39 102 199 146 139 181 23 197 97 123 127 89 21 11 44 56 181 163 39 192 182 90 136 183 4 189 52 53 7 26 7 68 190 98 15 125 174 
86 9 108 11 183 131 41 134 60 65 170 50 76 131 54 114 33 38 120 42 21 140 5 153 11 17 144 4 108 75 145 155 153 191 200 40 97 159 48 151 82 196 29 96 127 107 86 57 59 44 7 81 157 20 170 65 117 72 175 114 138 117 154 193 153 177 43 167 40 34 23 127 103 36 148 188 121 129 15 68 191 51 102 44 44 153 200 186 178 58 44 75 104 29 99 49 172 19 128 90 
18 22 71 15 165 182 179 194 127 166 155 93 88 56 49 174 68 200 173 119 72 134 177 26 78 167 3 22 132 123 118 7 104 36 109 131 5 56 124 136 167 168 121 141 119 160 118 45 190 143 179 68 34 91 102 5 148 80 58 150 5 146 158 195 167 8 54 26 51 175 49 147 71 189 5 117 73 176 26 173 18 105 175 134 35 29 4 198 95 107 198 61 56 175 38 124 23 153 152 6 
13 187 49 127 35 64 36 157 94 157 173 200 41 3 141 157 86 102 64 119 17 55 42 66 89 51 176 29 18 162 10 14 53 128 178 84 61 63 36 178 4 76 61 10 2 5 12 45 110 103 134 164 54 140 141 156 124 166 152 184 70 63 70 47 151 36 102 177 195 66 78 99 99 148 177 109 131 164 38 7 89 34 94 190 176 92 87 44 137 33 103 55 121 170 180 159 107 123 42 31 
129 59 188 187 56 3 143 52 126 191 184 128 88 164 45 194 10 180 17 26 125 180 6 146 37 147 123 41 38 162 3 137 131 183 22 191 92 98 143 4 132 140 159 20 57 69 138 151 186 89 91 10 32 200 125 157 12 196 92 100 114 157 163 133 91 177 173 109 96 77 82 103 29 62 125 45 55 129 123 180 81 15 95 162 127 40 71 128 80 81 1 37 144 70 73 161 5 23 52 105 
164 51 20 75 96 81 199 100 5 25 25 137 162 101 169 186 135 59 152 54 115 189 90 125 13 51 84 34 185 72 30 195 14 97 12 66 178 48 162 90 179 163 133 170 46 194 122 130 70 126 154 93 50 95 37 190 137 141 101 110 122 194 101 70 77 97 116 3 62 9 39 105 118 157 45 19 188 146 134 69 45 166 190 27 155 67 199 194 59 3 165 47 91 91 129 197 142 153 57 27 
5 200 69 35 90 155 22 106 29 27 184 102 105 60 124 68 103 16 121 117 200 162 139 145 90 123 143 94 5 192 121 65 12 161 197 92 93 118 92 127 104 4 104 17 177 38 175 39 61 78 71 78 163 58 82 145 192 195 181 8 20 102 91 139 122 178 192 165 12 198 162 88 55 13 110 76 42 11 47 134 123 12 117 151 7 199 73 194 133 85 47 9 200 192 67 147 168 31 143 12 
79 71 149 23 10 108 105 73 116 149 17 98 88 27 156 55 121 125 47 11 128 45 118 134 58 6 189 68 42 104 66 99 169 162 170 79 52 92 171 168 74 48 113 136 200 113 32 41 25 19 194 190 176 67 114 62 6 5 29 197 52 119 64 55 118 168 194 111 194 171 170 34 150 51 171 29 146 90 37 127 116 164 65 185 146 49 75 115 16 63 4 173 69 180 140 180 194 58 169 17 
141 167 6 37 6 59 111 170 148 54 165 105 139 159 38 127 140 49 172 1 157 159 193 81 181 194 51 174 72 165 158 128 199 143 45 144 65 89 93 111 126 77 5 114 55 47 165 6 121 187 156 117 1 77 9 18 53 9 50 120 14 24 156 148 188 109 164 60 146 74 48 137 76 155 17 106 183 20 161 127 125 108 57 81 39 86 189 43 22 96 107 9 110 87 84 151 147 87 57 20 
199 169 157 64 95 69 87 100 22 105 195 65 186 139 116 9 31 43 48 84 121 55 82 178 39 96 2 98 38 45 12 177 73 153 134 137 83 3 42 147 148 56 54 98 69 199 191 75 84 138 192 78 134 30 159 30 12 80 67 158 44 99 26 55 152 8 79 166 54 3 167 8 20 28 9 132 91 1 166 123 42 110 124 169 195 23 112 104 192 25 112 33 142 21 199 1 102 112 149 137 
47 71 157 105 97 41 136 143 59 100 41 21 115 199 32 165 198 115 103 90 128 152 84 175 181 188 3 2 131 182 44 130 118 53 45 139 186 133 59 110 64 186 119 181 134 23 150 35 158 107 30 39 21 179 45 135 121 59 191 70 72 22 172 58 101 15 65 44 81 53 132 15 102 107 195 72 136 108 75 130 3 107 185 111 26 86 85 19 137 165 110 13 37 74 113 93 93 17 124 125 
1 8 169 149 165 42 17 40 30 23 141 102 193 42 129 30 158 165 197 83 136 17 1 78 12 117 177 24 172 5 161 192 193 167 69 39 153 77 175 165 143 157 15 165 80 142 26 88 10 187 76 114 32 21 129 184 111 199 58 90 130 142 164 171 145 198 163 131 86 124 178 195 107 87 59 200 1 67 60 189 132 80 28 73 66 149 99 41 129 34 42 4 175 10 68 2 56 191 110 193 
107 179 55 42 16 66 40 125 166 198 171 12 65 111 37 109 198 128 91 181 65 23 61 162 38 131 45 65 61 135 98 80 69 86 110 53 56 123 197 196 69 102 84 167 199 191 36 19 20 182 172 130 7 39 150 30 11 39 13 170 125 4 37 47 142 133 134 114 141 19 65 97 190 34 92 100 187 105 86 180 160 158 123 150 87 17 123 14 171 14 98 140 179 64 133 23 5 20 153 158 
19 143 105 155 27 58 190 8 47 86 108 56 18 86 184 134 189 121 70 29 94 65 29 61 6 44 66 12 36 2 79 168 175 32 81 54 134 164 23 28 77 146 148 38 34 121 98 56 70 137 190 3 65 194 62 96 167 50 104 160 99 65 152 189 56 52 158 49 165 19 5 10 3 102 186 37 107 12 176 157 131 139 149 70 36 7 121 91 18 56 109 85 5 111 196 97 179 79 171 93 
27 65 162 179 159 86 173 2 129 145 21 69 199 54 90 3 86 33 3 175 21 87 21 5 104 97 96 152 200 124 179 78 54 160 199 40 81 149 164 78 23 134 142 92 140 29 195 171 139 18 71 192 28 74 80 30 193 141 160 126 12 122 20 141 21 135 18 153 24 157 187 35 130 69 193 118 52 104 137 184 192 133 136 88 54 146 50 153 17 137 61 84 191 181 66 37 170 159 163 186 
23 162 152 200 2 128 108 116 14 84 159 185 41 19 82 99 31 57 38 60 109 130 73 8 40 11 162 78 127 3 129 12 51 162 19 132 186 84 1 103 10 138 113 143 179 165 138 87 195 79 130 187 153 169 114 127 74 3 25 63 178 87 35 65 27 83 167 65 80 191 25 114 100 150 199 158 143 63 36 101 8 77 157 60 25 146 13 78 153 94 41 114 184 60 91 141 194 17 103 47 
37 170 182 116 144 69 79 44 186 192 57 120 94 179 127 26 47 114 6 139 124 89 34 21 126 200 59 78 8 119 194 177 44 107 131 110 198 79 143 81 109 76 110 34 130 9 112 120 42 98 168 186 200 130 180 10 182 79 28 189 66 83 24 48 191 102 48 6 81 156 97 47 101 133 106 142 174 55 160 48 45 133 133 72 175 185 50 141 17 21 133 192 125 50 50 192 168 194 66 46 
149 123 176 144 2 109 162 142 142 103 137 34 16 133 190 42 73 113 158 55 79 183 67 50 106 60 114 65 195 136 91 70 47 163 1 68 94 22 70 66 157 35 165 116 174 8 80 49 164 169 161 149 172 150 72 115 102 173 151 26 102 164 183 12 37 46 9 168 161 162 59 152 40 169 120 109 48 150 44 118 135 182 2 197 152 111 156 36 16 116 59 170 122 22 37 88 108 39 17 47 
114 56 44 112 21 27 83 125 161 68 136 84 149 38 139 112 111 106 47 131 182 92 67 66 15 177 106 198 146 126 86 182 50 92 112 29 162 53 82 143 130 104 98 199 13 200 10 109 99 82 181 165 5 6 152 106 124 56 161 18 140 8 17 157 43 163 104 112 75 184 52 25 72 170 82 176 99 128 93 99 108 69 13 124 166 145 17 4 87 185 53 53 156 112 166 100 88 52 130 49 
191 124 145 23 141 168 132 195 128 92 73 19 151 73 182 111 164 193 87 73 122 149 47 59 60 111 4 134 170 174 66 11 76 187 16 47 163 164 162 161 118 51 109 140 21 131 114 91 154 187 41 21 89 77 144 77 197 76 139 179 53 22 31 114 15 147 78 52 130 24 191 66 86 139 160 82 171 58 110 11 99 160 32 103 53 111 56 157 107 12 144 182 152 31 67 105 157 23 121 90 
173 22 93 23 106 173 59 51 82 146 177 188 93 182 95 40 140 125 130 27 74 110 31 185 9 49 152 186 134 60 5 59 46 52 148 199 193 6 167 80 105 127 129 67 129 103 182 112 156 106 2 27 154 28 92 193 167 194 92 72 145 93 23 167 68 48 113 75 197 39 32 46 45 55 132 134 16 187 12 14 146 101 146 25 107 160 197 136 72 162 52 61 86 72 58 48 136 83 152 149 
122 14 142 103 187 156 2 156 13 13 79 188 136 182 20 188 162 38 84 160 168 10 103 194 35 1 161 138 162 161 84 38 147 73 140 28 177 38 127 18 150 120 134 79 130 191 66 19 51 56 42 149 32 92 67 171 116 52 88 18 134 21 148 185 163 89 85 83 101 16 166 4 188 124 31 71 188 72 28 118 165 28 14 96 33 114 144 52 162 193 133 17 7 124 56 148 32 42 168 118 
53 56 42 173 14 172 168 133 168 174 7 95 81 151 148 66 106 156 146 124 52 26 39 180 44 22 16 29 117 6 122 143 120 173 53 3 21 118 196 139 121 126 88 191 100 176 188 191 93 94 134 80 146 155 173 153 132 101 20 5 17 159 92 182 8 126 92 188 13 72 99 40 10 147 97 101 158 117 200 30 197 52 134 52 42 55 84 139 151 182 46 105 170 152 142 98 188 198 23 35 
163 171 129 180 8 151 156 181 152 7 141 49 152 104 99 199 175 151 145 105 119 2 179 20 189 105 66 19 39 195 59 47 104 85 86 172 192 176 81 115 44 156 71 139 90 71 1 109 7 172 107 51 176 29 154 162 170 150 172 164 151 49 132 155 197 104 11 197 62 50 195 188 146 36 128 175 48 94 155 41 191 53 12 186 61 76 52 124 77 199 45 167 109 89 129 156 196 158 124 102 
162 169 196 66 10 97 75 168 195 197 90 41 43 56 114 43 32 199 115 131 168 8 155 47 177 108 135 133 52 63 138 7 136 113 3 189 199 142 176 99 50 92 33 82 83 41 191 144 37 40 131 126 127 59 80 107 114 159 36 187 67 59 107 113 147 136 7 26 187 75 185 28 101 142 49 84 197 29 138 164 9 151 121 117 105 139 83 137 16 50 63 122 167 164 66 43 80 52 160 151 
127 197 87 21 30 160 123 77 158 124 179 63 121 49 172 36 130 82 175 31 128 90 27 154 61 150 109 95 26 1 60 40 112 73 65 182 62 130 76 56 146 176 39 194 178 187 69 73 159 34 162 79 93 133 172 107 171 16 36 103 184 99 91 83 169 58 173 39 75 66 66 152 180 88 52 104 108 145 95 121 148 134 121 92 105 10 97 97 111 75 191 109 159 136 59 191 105 91 184 54 
119 75 22 80 138 196 190 126 95 35 99 105 140 93 149 25 70 27 53 65 10 119 47 1 180 113 88 4 36 172 132 160 96 144 165 129 36 195 104 3 78 51 155 15 190 31 173 94 137 195 48 24 172 143 101 12 138 6 100 108 153 176 177 51 72 187 138 75 94 141 111 165 68 187 137 143 88 83 189 167 99 65 185 112 199 196 108 127 30 85 189 89 51 121 88 3 28 35 87 170 
189 38 112 101 6 28 128 71 5 103 141 158 144 176 118 105 79 10 56 86 110 130 130 29 170 24 84 134 6 187 165 3 200 147 114 157 100 169 136 132 23 36 99 113 128 148 127 77 133 121 61 65 68 87 138 44 32 187 93 72 160 124 70 196 68 61 57 106 97 138 38 169 57 16 83 94 106 47 105 85 91 137 135 69 22 84 137 122 34 173 144 195 41 168 86 126 156 107 120 66 
72 153 140 113 10 106 125 197 147 194 124 34 186 50 100 172 179 70 17 60 161 39 57 39 104 146 96 68 53 98 137 107 38 145 77 78 139 80 43 167 109 41 25 133 96 99 193 18 46 93 37 112 27 198 74 23 106 91 34 100 19 81 55 128 6 58 192 125 36 196 5 159 37 129 105 124 77 152 11 95 28 79 111 102 155 3 194 35 47 117 184 62 42 193 31 52 177 130 15 73 
16 53 98 123 49 91 148 62 194 176 103 134 39 45 182 145 63 188 150 14 151 142 169 151 38 125 27 72 183 66 1 95 126 116 186 25 23 22 163 50 187 162 99 177 28 13 108 96 171 178 89 81 3 85 93 43 90 148 191 120 51 71 182 129 69 27 31 130 63 82 89 64 22 33 177 13 140 185 79 72 134 18 173 135 61 110 136 182 167 177 71 99 159 130 155 197 60 54 166 111 
32 70 161 123 125 6 112 187 169 20 80 161 137 49 107 137 108 52 16 169 58 95 32 165 109 64 188 22 25 95 68 61 41 69 40 68 99 110 120 1 1 40 17 98 114 129 13 111 178 65 51 164 84 9 29 52 183 166 40 5 83 62 40 154 152 186 199 47 57 24 200 109 40 118 52 9 38 155 25 12 161 200 190 85 9 19 161 153 102 148 180 86 73 111 3 150 111 165 185 177 
78 179 16 114 166 129 116 126 2 143 55 191 22 153 106 32 172 151 39 42 44 143 168 148 25 177 90 72 139 176 101 170 106 70 131 52 49 137 83 66 142 41 175 20 21 196 129 40 182 104 183 183 173 131 46 39 59 173 144 68 129 169 11 74 52 189 48 11 200 103 43 184 164 198 196 92 121 82 9 169 171 139 71 49 90 29 121 124 13 137 133 24 114 21 147 114 95 5 87 121 
62 37 88 49 157 69 76 89 39 34 110 168 113 124 50 176 51 139 44 87 148 1 70 35 74 123 136 123 6 58 54 98 37 75 17 11 56 22 175 152 172 143 121 108 76 37 31 189 115 86 161 47 37 100 175 62 180 13 199 156 187 174 42 105 154 10 134 125 129 97 104 53 72 168 95 165 88 40 33 86 104 178 48 69 150 170 175 37 55 45 32 165 79 25 168 111 152 184 180 33 
197 78 138 147 29 196 52 1 170 42 6 107 97 160 77 53 41 26 4 156 159 65 146 166 52 170 104 32 99 43 122 159 29 80 108 122 103 9 165 8 151 119 170 200 199 146 150 94 173 187 152 68 18 76 155 64 92 140 83 161 85 26 173 92 108 16 32 179 1 145 68 179 166 118 3 40 162 90 129 59 14 163 96 126 147 86 151 5 92 17 156 42 13 125 96 62 184 175 92 4 
194 131 13 45 172 143 117 79 148 156 144 55 173 103 15 30 188 151 65 140 139 173 108 168 109 47 47 16 118 142 166 160 147 159 119 103 44 49 102 127 117 127 24 79 58 149 87 175 172 195 31 40 120 175 80 157 78 177 33 119 112 4 160 26 96 170 48 68 84 132 195 130 162 181 122 13 147 37 192 6 20 47 123 91 53 19 3 59 35 40 142 76 56 152 125 73 171 95 192 143 
11 193 73 6 159 48 155 134 19 78 127 69 15 89 27 121 149 25 64 164 174 73 23 30 38 178 91 139 27 2 152 68 80 32 128 98 195 177 9 58 72 29 77 83 152 66 61 74 36 183 54 38 199 129 74 162 121 54 180 153 186 95 135 2 186 96 16 170 19 21 196 92 76 156 109 107 145 93 67 101 175 87 28 2 76 159 167 110 76 118 124 130 143 91 82 196 9 87 34 46 
128 109 126 5 118 140 90 12 25 87 75 164 50 130 71 197 124 38 149 34 94 63 10 153 170 98 39 77 20 13 154 43 27 73 134 137 20 178 132 75 141 193 189 21 98 103 88 72 11 25 131 43 156 21 167 81 95 192 30 197 34 108 126 63 127 40 17 47 104 30 32 136 122 158 81 155 66 7 98 162 165 183 148 36 74 20 91 146 37 154 30 77 157 151 64 115 10 25 109 6 
110 39 156 99 150 15 22 178 85 90 150 144 60 60 127 164 113 4 97 92 182 30 152 28 43 59 174 163 10 136 63 97 192 51 65 130 51 138 19 150 44 151 78 192 50 29 143 18 175 196 71 10 144 2 120 57 26 117 86 178 95 172 8 38 12 28 15 21 146 79 161 3 31 15 174 164 130 29 55 84 85 112 89 78 38 139 82 55 24 105 21 53 40 169 63 134 102 31 136 71 
185 83 6 192 73 122 89 30 61 91 169 117 100 5 7 38 40 42 194 187 162 12 70 132 142 184 181 73 36 18 198 147 51 79 78 15 149 30 82 30 63 144 109 62 87 107 108 159 56 25 88 143 56 111 182 127 128 7 197 158 193 8 154 174 129 137 54 66 86 130 130 143 126 44 109 116 127 49 145 160 110 9 73 44 147 7 106 67 100 56 16 64 76 122 65 89 48 196 113 190 
76 187 76 176 50 144 150 70 131 118 133 172 31 53 66 105 100 118 147 10 61 113 21 181 19 194 123 184 98 189 28 32 53 4 4 44 135 119 164 126 46 126 97 194 34 121 169 149 4 105 119 69 192 140 75 170 189 4 1 54 9 101 23 148 195 15 125 67 41 18 158 154 27 16 23 58 1 71 163 25 119 150 118 135 124 46 65 114 3 14 3 47 154 165 183 92 76 28 87 147 
40 142 77 136 83 72 179 20 126 19 7 160 49 150 1 191 38 90 175 58 29 159 129 190 23 10 76 7 20 82 128 7 173 47 137 185 81 70 7 142 88 118 132 191 95 65 153 173 44 83 45 180 199 91 80 142 54 174 185 175 137 7 156 58 49 124 118 26 172 71 18 188 39 69 154 31 132 162 77 55 123 165 193 105 10 55 54 72 198 51 129 138 86 159 3 166 111 9 76 132 
126 66 196 37 10 5 139 136 142 134 117 124 185 115 17 180 91 185 78 2 75 69 100 34 156 120 103 53 90 105 156 137 100 112 28 55 26 120 143 41 18 11 26 79 137 40 71 31 155 147 143 41 14 153 132 123 35 18 24 44 6 124 23 14 48 103 30 70 19 76 39 7 67 125 19 18 154 169 59 124 75 96 139 150 31 27 102 13 119 43 40 92 35 187 191 170 157 43 86 164 
134 190 108 19 86 98 116 183 17 80 196 50 37 96 109 120 12 8 41 178 182 66 83 13 173 131 116 160 38 86 1 174 88 141 79 179 17 188 69 197 123 101 122 139 122 16 24 156 189 32 21 103 40 160 65 190 80 150 72 43 4 27 171 158 82 162 57 128 110 41 14 138 56 61 183 85 114 66 115 163 102 22 59 59 40 10 101 114 164 116 129 113 161 42 97 99 152 57 144 35 
150 198 83 2 26 35 36 59 127 109 142 33 115 11 59 184 36 86 107 169 2 194 70 31 190 189 27 66 123 106 199 27 41 105 150 57 63 154 90 161 1 160 113 66 195 28 44 14 199 115 25 163 50 138 69 47 108 143 94 57 164 18 49 29 51 130 147 61 10 142 158 116 107 159 168 17 129 2 155 26 135 69 141 2 187 122 144 131 182 93 23 77 168 98 96 77 30 195 165 38 
59 165 168 181 191 183 24 28 12 60 86 114 193 109 121 188 42 109 133 5 177 199 143 97 112 38 71 180 58 107 69 71 121 59 167 141 58 117 4 98 199 77 141 186 130 156 109 19 128 46 150 175 114 200 11 35 121 169 181 55 123 92 3 101 49 85 111 51 128 29 163 35 145 12 195 79 67 89 191 155 154 20 85 136 96 97 90 19 171 34 72 162 64 178 21 99 198 59 188 106 
97 119 76 88 23 31 59 118 170 61 177 45 184 10 48 19 6 140 104 58 180 87 7 38 55 177 149 17 161 11 123 197 131 136 29 90 58 89 44 119 135 44 166 76 71 170 27 144 77 66 96 148 177 166 119 1 5 184 5 174 15 34 179 22 68 93 168 162 68 39 165 36 121 141 172 172 24 164 61 60 83 134 159 52 168 98 67 92 19 200 190 71 101 188 50 170 17 197 124 86 
