75 2
0
2
1 172 95 932
2 207 88 207
3 425 150 1625
4 886 126 1894
5 1142 100 1142
6 1340 183 2438
7 1400 62 1524
8 1587 54 2019
9 1660 103 2278
10 1722 195 2892
11 1840 37 2136
12 2078 83 1912
13 2258 112 2034
14 2581 144 2869
15 2654 37 2950
16 3104 3 3116
17 3247 191 3629
18 3262 21 3388
19 3603 60 3843
20 3606 182 3970
21 3639 155 3329
22 3671 65 4191
23 4054 184 3686
24 4407 187 5155
25 4440 127 5202
26 4488 117 4254
27 4548 20 4508
28 4966 1 4974
29 5017 102 5833
30 5119 91 5483
31 5315 146 6483
32 5821 194 7373
33 5850 47 5850
34 5900 67 5766
35 5964 131 7012
36 6010 127 6772
37 6026 56 6474
38 6195 179 6911
39 6206 47 6112
40 6440 191 7586
41 6490 5 6530
42 6688 111 6910
43 7016 15 7136
44 7090 183 8554
45 7378 95 7568
46 7644 155 7954
47 7647 176 7295
48 7729 79 7729
49 7757 190 9277
50 7863 108 7647
51 8025 74 8469
52 8632 200 9432
53 8842 151 10050
54 8933 2 8933
55 9042 121 10010
56 9175 24 9127
57 9191 158 9507
58 9445 196 10621
59 9697 135 10777
60 9700 112 9700
61 9756 10 9836
62 10182 93 10740
63 10215 74 10511
64 10217 57 10559
65 10402 173 11440
66 10640 127 10640
67 11256 159 12528
68 11627 146 11335
69 11666 112 11666
70 11951 45 12041
71 12428 129 13202
72 12493 157 12807
73 13257 47 13257
74 13310 134 14114
75 13423 122 13667
156 140 161 194 95 174 125 124 15 31 141 9 138 116 63 64 177 36 151 59 187 62 37 132 130 39 131 7 151 79 196 35 102 118 181 146 144 113 153 48 76 184 193 50 8 57 26 115 83 171 60 58 83 44 66 91 157 179 114 156 108 66 94 94 142 182 164 80 95 166 39 52 190 103 75 
92 158 180 5 96 116 67 152 191 197 89 81 179 183 102 42 153 40 48 143 85 106 64 171 120 199 184 190 86 3 96 45 11 20 28 139 153 186 45 52 97 38 57 123 53 70 196 174 27 30 124 12 44 189 88 7 10 195 135 141 112 166 83 94 66 105 59 48 135 118 193 192 80 182 105 
68 116 10 82 81 44 48 135 49 106 106 177 42 63 13 146 100 34 197 176 55 91 13 98 114 141 51 30 44 118 159 57 164 96 12 46 123 10 162 63 99 21 169 63 105 6 155 130 2 28 69 13 118 179 175 131 123 71 28 145 40 49 101 105 153 19 29 49 88 159 32 146 112 92 128 
169 101 44 6 28 118 158 110 31 196 24 197 112 96 148 19 2 36 40 111 106 10 132 186 117 111 72 8 55 100 103 45 122 53 157 2 131 34 72 128 61 147 170 76 86 70 13 157 41 150 84 171 125 82 21 40 6 200 44 7 37 180 121 29 88 96 36 10 105 68 85 93 138 16 2 
195 113 19 147 145 131 100 199 195 9 43 196 97 130 166 91 29 147 76 88 193 144 161 172 3 68 77 158 188 176 120 101 87 174 74 109 27 95 155 58 196 54 80 86 195 25 124 68 194 107 36 23 179 56 11 9 198 123 107 151 189 18 13 155 145 128 157 51 54 69 105 20 4 182 12 
168 67 26 200 125 83 88 103 20 59 164 87 64 30 187 46 152 174 100 102 6 47 53 97 97 38 17 195 87 21 104 148 74 183 167 189 129 8 36 195 53 130 25 53 166 137 36 84 29 119 166 24 183 14 87 97 173 172 170 98 170 125 58 114 161 193 27 58 88 52 87 175 113 171 165 
185 123 111 195 101 77 192 170 21 32 39 5 102 146 48 131 118 161 50 105 82 190 10 51 112 123 140 86 162 142 59 188 111 173 2 133 45 182 96 198 6 174 188 49 194 136 193 94 110 13 154 90 73 118 131 30 124 52 190 55 197 159 156 110 53 116 17 128 139 197 41 145 151 167 54 
115 191 81 136 115 61 60 8 22 85 109 32 7 48 51 192 8 80 114 12 53 31 111 86 21 179 32 51 165 172 41 150 159 64 156 174 35 140 80 111 125 109 189 191 4 25 44 34 132 150 64 89 66 163 8 170 160 57 19 42 88 163 110 39 38 122 48 173 186 185 143 138 101 75 34 
131 15 144 56 165 160 91 53 122 84 40 124 105 28 89 119 173 146 192 117 48 145 66 130 162 75 1 127 96 83 136 41 142 190 128 158 70 184 141 48 91 149 13 181 70 160 121 96 158 30 155 118 1 175 148 98 56 131 150 147 14 172 122 156 3 3 5 100 152 6 8 170 167 156 94 
199 177 193 115 138 175 26 25 159 116 30 115 17 112 5 99 106 180 36 169 96 54 23 121 107 172 114 66 179 141 6 178 71 59 61 128 84 59 121 161 62 159 83 89 68 64 95 119 151 109 133 5 128 31 182 150 70 55 169 54 179 184 193 128 85 147 22 110 31 125 186 38 96 36 196 
115 89 121 165 117 58 89 125 187 71 87 169 7 145 86 146 43 23 44 134 105 97 29 24 106 53 48 186 170 53 109 43 123 141 155 23 69 199 163 103 1 189 155 47 188 78 105 142 75 73 30 195 70 157 76 170 70 154 179 136 125 86 8 60 189 113 51 158 29 106 49 100 80 51 128 
50 50 20 25 184 175 175 111 30 36 103 179 151 49 181 94 105 147 46 30 173 54 184 1 168 170 24 147 147 34 139 131 181 154 25 19 45 133 93 33 140 198 90 95 59 37 5 117 110 158 51 181 181 10 84 175 124 28 141 59 183 144 89 27 133 22 149 46 91 102 189 4 58 183 162 
15 183 135 21 166 139 28 178 187 157 92 111 15 171 124 3 87 99 41 152 120 43 50 103 15 124 9 66 4 198 169 120 134 168 71 141 190 125 144 194 4 114 134 112 4 135 136 102 103 115 31 61 116 90 119 41 164 79 78 110 48 162 158 154 69 4 172 74 14 16 63 18 156 182 85 
72 6 177 30 137 67 187 21 33 97 29 127 67 37 5 98 9 70 114 59 122 156 135 87 155 77 170 92 99 104 171 125 115 41 51 131 9 80 3 176 172 31 25 121 196 13 81 161 13 2 103 63 113 65 193 4 185 197 44 100 75 88 144 166 33 23 14 150 100 176 19 50 183 1 83 
81 110 93 92 200 62 83 14 114 119 44 35 184 19 50 185 24 132 100 89 112 58 192 69 154 52 137 35 179 197 76 152 161 173 38 21 84 24 154 32 155 54 28 132 175 62 85 149 73 122 83 116 143 2 94 61 19 169 160 53 169 73 112 23 156 160 24 137 187 72 137 47 96 153 4 
28 197 143 43 30 34 150 131 195 17 106 78 36 89 15 134 80 77 47 107 181 47 98 141 163 44 15 5 81 196 57 33 141 53 57 178 18 15 19 63 84 187 196 132 189 169 192 16 15 81 4 164 167 51 6 109 189 120 155 141 55 30 59 66 199 105 159 138 103 174 40 182 175 26 138 
198 168 14 124 62 23 156 5 34 62 84 198 175 89 129 61 164 118 50 4 174 103 97 128 117 27 133 119 126 89 22 8 99 7 131 115 74 20 156 165 82 58 5 125 22 174 146 181 28 27 34 87 19 6 48 34 174 178 60 25 110 168 159 43 184 4 79 13 75 42 53 115 107 80 168 
133 118 110 129 90 77 179 60 20 157 105 145 167 128 137 157 59 72 162 137 93 100 52 179 184 125 100 40 153 134 176 191 39 1 164 171 9 62 24 140 129 130 172 114 158 84 89 47 83 200 140 78 31 88 106 120 121 158 74 27 116 177 137 172 60 198 119 10 190 17 3 140 35 151 11 
45 32 92 17 49 197 112 59 36 113 81 73 176 128 73 143 11 84 181 152 58 147 128 98 8 147 118 42 174 22 41 112 98 106 17 68 96 118 166 117 141 76 37 116 82 80 56 26 25 115 166 70 60 134 139 181 65 130 120 83 168 194 179 127 27 13 88 6 143 21 148 31 131 188 165 
53 51 65 194 151 114 180 81 35 141 4 88 63 4 127 76 40 19 82 38 12 142 13 119 70 86 45 80 109 76 18 193 38 120 104 173 39 39 179 143 64 159 131 132 179 173 92 70 22 183 24 108 196 165 166 191 141 28 136 174 119 19 48 167 119 83 35 139 2 19 113 41 79 197 138 
61 38 14 161 93 190 163 97 132 182 187 148 60 115 126 35 78 64 50 48 197 124 184 193 128 63 98 53 100 151 28 198 92 86 106 71 148 178 35 187 159 135 72 131 62 143 69 20 175 73 53 32 18 121 113 155 4 173 172 120 130 26 11 165 83 52 39 135 22 128 64 89 20 28 164 
165 85 38 126 62 156 146 67 191 183 30 55 68 34 72 51 5 79 63 177 60 65 161 55 155 177 168 98 28 196 1 73 4 175 69 176 130 56 88 4 54 191 78 163 29 136 155 57 152 27 53 125 17 52 192 192 77 57 62 119 10 92 49 163 153 38 161 100 82 90 124 57 178 34 12 
119 98 42 18 175 117 161 23 125 89 164 81 99 65 17 37 148 92 28 43 119 76 67 18 20 60 169 90 138 156 126 29 19 140 158 153 89 126 155 168 160 85 23 162 106 195 192 154 131 53 105 58 54 184 68 158 156 61 76 129 30 107 92 169 109 200 93 82 168 136 160 184 185 47 163 
177 94 77 68 72 82 192 51 100 123 63 43 113 91 164 112 88 157 155 8 37 43 115 116 172 29 6 72 24 119 55 84 108 155 56 91 26 145 163 42 91 75 121 75 58 62 16 9 193 121 61 23 27 48 65 20 122 128 32 138 44 100 13 97 42 127 54 180 141 31 35 82 25 186 152 
163 47 178 138 189 79 168 101 68 163 52 125 31 5 21 125 129 132 186 8 44 164 160 27 127 127 140 44 52 45 46 22 36 199 22 102 200 200 57 16 72 81 178 173 9 180 36 199 138 135 42 88 22 199 79 176 191 31 23 59 71 149 59 142 119 193 6 158 20 1 84 140 190 160 79 
43 159 199 141 78 42 142 94 171 72 34 178 64 128 65 22 106 199 26 53 84 14 51 154 118 88 111 80 161 150 140 192 112 74 3 147 92 197 141 56 186 79 123 105 136 192 143 119 112 168 191 90 48 66 8 39 163 34 160 196 125 118 173 38 110 20 20 32 132 28 134 6 57 75 77 
147 59 101 165 90 96 127 106 93 96 94 12 82 172 176 109 151 106 154 129 195 37 170 30 136 106 112 112 40 167 184 102 118 49 19 68 117 121 89 78 171 98 130 182 143 14 3 101 174 160 7 103 29 169 29 152 49 31 98 133 20 169 70 51 96 184 134 153 141 132 160 117 133 15 105 
58 187 127 4 60 152 43 111 156 146 85 47 44 106 180 188 43 161 84 163 60 168 185 87 165 163 128 19 31 100 167 42 48 167 143 17 197 147 169 72 100 11 29 134 90 45 125 87 142 187 122 34 142 20 130 22 97 153 26 147 193 152 140 169 58 165 176 58 11 138 159 20 71 9 84 
123 194 64 167 69 125 196 37 80 87 194 123 53 94 153 45 121 81 89 172 95 48 39 94 96 122 145 9 27 99 2 99 67 126 188 193 184 137 178 126 143 73 183 8 107 159 110 9 5 108 70 59 2 118 180 112 196 55 196 31 182 84 157 37 178 40 123 73 134 35 166 190 55 107 77 
44 168 18 55 144 56 151 82 130 125 2 68 62 163 174 165 12 48 32 72 182 8 69 54 66 71 182 93 31 81 98 133 152 21 178 75 145 60 108 16 89 93 9 13 26 141 182 168 28 71 113 188 91 102 30 67 101 8 130 114 43 85 40 186 81 181 78 32 151 120 61 57 16 197 105 
23 98 58 134 102 41 12 198 46 27 114 180 127 183 63 32 195 35 128 191 151 110 196 46 199 49 12 10 186 172 81 170 110 88 174 171 17 38 124 155 198 49 140 4 42 32 187 131 39 73 88 1 188 177 123 12 3 185 193 17 102 102 187 87 100 182 35 17 20 199 86 122 144 176 182 
15 61 180 174 177 168 82 84 183 40 25 10 49 57 136 50 63 73 105 106 128 149 126 188 111 97 195 78 26 25 160 55 27 123 41 149 112 74 58 161 12 168 89 114 94 153 103 127 156 184 199 122 107 163 30 88 149 156 135 134 20 66 109 84 68 12 150 169 10 90 175 114 145 29 57 
164 115 126 133 109 171 24 18 38 192 2 60 176 159 100 17 115 154 142 35 63 170 62 50 195 116 193 173 124 78 113 19 82 17 88 91 147 90 115 109 28 106 73 196 38 150 70 199 101 180 171 103 59 166 69 75 131 150 91 128 88 49 83 94 68 115 167 112 149 160 14 12 144 166 89 
81 86 22 193 60 117 168 41 197 20 99 74 145 46 40 62 61 47 73 142 47 93 116 165 67 33 113 97 191 152 61 131 26 105 131 88 128 145 11 145 156 194 165 86 147 36 129 60 148 186 2 146 91 126 78 98 190 15 37 141 172 15 119 159 30 87 30 19 117 182 136 145 90 77 75 
83 61 113 200 160 33 67 101 23 9 109 7 165 128 91 22 5 61 2 77 150 111 21 108 85 37 148 131 187 77 11 26 149 193 35 124 23 75 94 153 198 109 48 192 105 17 124 175 133 78 83 51 151 36 8 39 151 186 101 144 113 169 181 41 116 147 69 200 14 115 182 4 36 111 40 
35 93 137 165 54 106 20 181 69 110 78 3 93 146 85 27 48 80 57 68 117 112 39 150 130 82 148 22 157 149 130 102 39 164 177 168 93 169 55 42 54 160 69 167 175 74 99 46 1 131 121 10 193 127 51 75 123 52 67 113 19 57 119 169 113 191 149 70 155 118 49 149 145 47 27 
16 91 200 123 61 101 85 33 143 41 68 104 140 179 5 50 133 88 46 166 176 144 43 64 98 10 5 99 21 124 2 144 22 9 161 102 124 16 111 2 153 162 168 2 109 185 4 158 199 165 90 69 155 112 131 40 144 104 165 81 162 40 33 142 15 55 42 194 148 94 156 115 94 5 169 
132 31 58 114 54 31 38 148 121 114 20 77 62 143 39 160 64 3 40 5 169 61 47 9 10 123 172 103 3 33 181 81 108 15 54 18 200 77 79 185 109 11 13 73 191 36 105 59 111 200 74 8 7 22 96 181 152 58 166 42 187 164 28 185 84 200 90 78 178 24 56 175 101 133 62 
140 24 160 153 1 176 131 93 151 186 169 108 170 124 139 86 73 9 18 179 118 36 1 123 135 9 181 71 15 85 151 162 162 170 55 102 13 99 116 165 121 85 160 13 103 196 181 112 101 14 170 37 121 19 58 3 99 171 38 134 60 85 30 9 87 24 122 71 23 109 178 18 129 157 82 
117 136 175 176 173 74 146 30 18 131 19 185 82 92 180 51 102 78 92 30 96 102 27 53 87 97 170 7 35 52 130 37 134 167 174 165 20 61 166 173 157 162 186 119 35 89 35 142 77 60 89 25 80 122 111 138 162 54 110 61 197 148 179 186 179 140 44 108 57 30 109 138 42 171 59 
139 133 65 110 6 78 61 75 98 128 191 157 46 168 171 198 64 6 87 7 109 110 67 74 197 195 18 155 44 170 55 46 123 37 175 106 35 77 107 171 132 53 101 188 16 129 108 90 156 181 34 144 49 187 94 65 60 10 35 123 195 186 167 82 70 57 162 161 183 47 20 175 121 186 19 
46 76 71 132 193 97 55 181 134 48 48 70 4 126 130 140 153 176 20 26 183 148 11 193 99 26 138 93 47 120 39 185 160 53 156 103 78 182 77 69 141 51 188 42 77 126 65 127 80 2 108 143 149 114 38 70 92 99 109 138 58 158 90 123 126 183 77 22 114 85 169 50 187 136 25 
37 28 8 17 72 92 40 43 50 135 73 68 38 196 200 149 65 94 130 198 197 65 12 190 137 82 140 73 152 3 160 146 12 176 135 169 166 112 194 76 101 158 22 113 58 52 57 151 191 21 132 97 188 54 15 195 90 148 152 79 118 102 109 171 112 147 70 156 162 29 193 173 129 110 47 
80 123 14 30 57 151 119 120 166 133 185 179 104 137 8 82 56 119 12 104 18 189 128 89 128 184 29 31 128 180 34 89 97 29 64 116 173 193 58 110 45 49 117 54 87 39 68 170 155 147 195 189 117 13 18 19 95 170 84 125 122 138 126 178 87 169 41 169 65 188 66 131 198 198 111 
70 66 135 17 147 190 165 11 127 56 105 4 164 9 141 186 175 86 32 45 132 139 35 9 105 173 167 95 194 86 57 10 134 67 138 105 151 17 167 139 7 24 39 190 130 25 41 53 100 116 124 69 133 171 81 30 37 5 56 53 89 182 136 159 77 148 160 68 115 34 128 178 86 37 2 
190 56 95 68 85 179 184 191 48 11 177 91 1 54 117 177 29 7 153 137 39 128 125 49 5 185 27 44 195 36 9 57 35 170 67 144 88 78 197 149 166 60 151 41 117 34 180 123 47 195 92 132 68 73 17 137 64 70 98 72 120 108 9 4 167 5 45 156 88 61 134 171 134 147 74 
49 38 72 37 2 192 52 60 102 106 7 192 147 133 13 101 111 31 90 200 173 172 81 113 167 116 182 111 33 19 147 8 148 158 86 167 76 119 78 145 165 128 9 16 150 162 40 91 84 147 118 82 83 141 198 36 147 187 21 62 181 161 1 68 57 185 90 50 95 120 35 88 79 107 25 
50 150 165 185 119 182 60 159 28 4 114 183 7 2 76 44 136 17 128 142 93 50 14 95 83 49 111 70 97 149 93 26 98 45 137 161 136 52 186 94 18 189 92 97 193 98 167 149 20 159 75 134 158 131 116 94 5 122 108 55 150 39 87 62 175 26 58 135 54 103 2 122 90 94 57 
98 155 56 21 162 100 72 155 154 49 63 106 129 174 166 39 178 130 172 60 100 8 140 48 136 47 141 28 56 60 78 192 102 66 141 111 161 186 200 196 101 143 166 70 49 118 98 82 142 150 50 160 136 126 13 13 39 44 85 171 104 94 120 39 102 145 117 70 130 147 78 22 108 53 141 
110 39 163 113 191 76 187 145 175 15 66 56 77 28 197 59 130 185 132 192 34 192 96 182 168 180 184 78 160 124 171 179 18 86 183 78 127 143 105 106 192 53 93 150 151 25 8 93 40 84 11 180 11 133 41 121 1 21 45 95 131 142 32 18 70 171 53 179 175 149 189 59 178 59 176 
10 108 125 157 146 1 155 180 99 1 166 118 85 59 62 113 88 124 155 148 49 177 137 60 31 155 103 184 33 141 95 59 79 89 38 184 130 44 101 107 139 22 134 101 114 32 58 199 116 84 59 29 38 77 74 36 166 28 174 99 65 82 200 30 49 57 143 200 108 100 8 179 112 38 113 
193 198 150 47 54 85 48 169 17 121 95 77 52 121 94 167 8 144 52 61 85 111 82 200 28 61 84 164 30 172 12 55 44 192 8 199 85 196 189 111 59 139 75 79 59 185 128 196 120 35 70 187 123 196 21 81 111 25 159 104 25 175 26 157 154 70 138 189 114 6 182 170 126 33 5 
19 167 181 137 18 63 137 132 160 148 191 65 60 142 145 146 19 136 77 89 133 86 16 154 196 38 34 184 15 122 143 154 193 78 93 49 186 32 99 11 8 13 131 53 5 180 178 110 90 4 68 188 146 131 53 45 143 4 118 133 198 196 126 117 50 9 163 38 22 9 199 149 173 109 138 
189 186 8 195 131 11 166 173 127 89 177 143 47 149 74 99 161 176 161 58 160 84 133 85 25 117 192 116 84 77 62 51 183 190 75 78 129 59 47 115 62 141 189 85 64 188 199 20 167 37 32 179 45 98 129 142 195 71 49 134 142 137 121 193 106 191 15 65 184 189 117 132 89 16 170 
164 171 45 81 152 24 116 135 159 123 17 98 116 56 164 171 73 58 61 134 93 15 135 139 65 30 197 158 7 137 173 142 172 163 193 62 113 115 23 46 43 100 142 105 127 82 121 46 42 24 136 103 187 199 139 11 164 63 121 133 156 192 110 106 139 3 43 184 160 189 88 169 53 12 86 
54 23 78 181 152 100 193 71 62 116 27 66 6 141 138 79 85 79 112 193 79 46 98 55 60 122 12 60 65 12 85 33 172 76 162 88 129 53 199 198 39 162 125 178 79 200 46 116 1 67 161 117 126 117 53 64 158 168 126 11 122 49 21 117 138 199 23 23 96 183 59 85 105 42 63 
55 75 150 102 6 56 12 139 74 42 66 169 119 197 95 30 149 181 31 151 94 12 49 195 181 1 25 88 54 64 51 11 129 17 48 24 106 141 196 35 67 143 40 195 134 152 185 27 6 163 139 68 140 53 63 1 75 15 7 98 21 200 89 90 120 28 85 82 200 57 134 109 172 106 89 
11 7 171 150 30 185 161 6 53 20 33 97 56 41 20 67 88 104 41 108 107 98 185 133 15 6 141 55 6 29 36 81 53 199 141 169 74 190 148 106 135 128 61 103 165 113 24 43 174 154 28 153 59 139 138 59 164 160 114 192 19 153 50 2 149 157 170 51 124 64 33 97 111 200 73 
19 78 186 126 16 39 62 96 25 56 77 198 16 197 32 136 35 90 169 103 117 127 145 185 163 136 89 122 175 152 15 158 39 166 162 169 1 24 73 129 9 186 63 168 175 84 190 31 73 158 144 110 68 11 75 32 7 91 169 70 194 119 133 73 131 155 114 16 47 73 134 168 128 189 127 
37 131 127 110 49 139 183 147 165 160 188 78 67 21 112 166 135 27 45 32 44 190 46 41 116 4 191 191 110 196 93 146 168 158 83 39 143 29 71 100 139 74 182 30 29 65 56 193 66 158 176 50 17 161 102 179 49 48 107 31 181 10 73 70 144 96 113 3 39 40 111 133 77 118 13 
83 43 196 169 154 193 163 43 51 77 99 124 181 25 117 178 136 139 90 135 199 127 167 37 184 159 131 91 94 22 59 61 13 126 52 199 56 4 6 152 24 137 155 164 15 166 185 139 117 70 172 56 16 184 104 198 115 105 9 22 138 131 24 131 117 37 133 162 109 90 103 146 20 13 167 
74 171 55 56 157 67 131 157 79 97 96 178 15 13 58 120 54 75 81 198 50 51 49 193 70 23 199 149 73 64 46 183 45 108 106 77 93 188 17 100 181 36 143 200 58 11 95 31 199 179 93 73 146 26 140 171 45 1 158 98 166 93 29 124 24 130 79 196 56 178 111 150 100 41 82 
123 30 173 139 139 192 97 6 105 80 154 133 132 95 2 25 177 58 101 123 159 148 113 94 59 106 164 43 62 185 153 98 31 151 40 76 58 43 92 113 137 166 114 74 19 95 33 79 85 74 199 187 197 127 5 130 97 11 140 187 181 12 151 150 141 97 159 53 39 181 7 167 86 187 73 
81 93 106 113 129 127 142 191 63 164 50 197 161 122 185 143 63 123 30 20 41 169 158 107 73 26 101 48 101 139 80 166 77 180 80 184 28 69 172 11 120 134 80 106 65 119 112 159 11 30 59 88 95 106 189 92 161 186 108 7 68 104 114 25 51 110 107 129 48 169 127 81 74 36 46 
30 37 167 193 32 147 9 88 132 9 170 6 107 118 169 45 195 170 117 134 24 101 58 76 194 102 33 79 118 190 157 67 187 109 84 191 101 98 65 142 172 177 74 170 72 143 96 134 177 175 62 10 68 73 130 22 137 170 72 191 158 126 116 47 185 83 35 44 72 103 154 124 186 186 47 
140 155 160 188 34 162 139 186 128 150 10 195 1 110 160 40 44 113 139 74 179 54 46 191 121 130 8 156 38 10 138 15 132 135 32 176 144 195 194 83 119 161 144 34 43 158 63 111 69 192 45 10 142 137 1 50 55 19 140 173 123 158 3 194 132 170 151 115 112 59 170 113 155 8 94 
74 14 172 194 119 21 124 84 66 116 142 4 189 190 164 175 133 150 99 137 195 15 23 23 150 91 137 84 164 48 146 46 169 62 109 22 73 16 128 1 137 60 10 132 9 99 7 125 13 174 6 162 175 142 99 21 198 167 24 134 93 199 3 114 95 44 50 115 101 70 175 75 122 173 131 
108 28 71 146 19 12 172 87 64 72 85 161 87 148 125 66 159 70 61 155 94 22 7 47 147 198 128 125 98 117 5 183 198 63 4 125 53 131 136 110 188 3 44 168 67 172 187 86 35 79 188 10 86 31 1 149 67 52 82 21 86 16 48 96 119 188 114 186 3 29 138 24 160 164 81 
43 200 53 151 6 57 102 55 192 69 162 49 189 83 77 190 88 165 69 196 112 165 123 51 96 39 133 108 132 73 97 94 82 96 188 70 125 118 11 49 65 118 136 132 164 178 187 16 159 9 109 39 26 177 43 169 185 104 196 192 85 32 23 19 198 116 139 172 135 71 23 184 151 75 105 
192 192 157 66 121 88 30 111 113 61 48 6 104 159 50 20 52 45 138 128 108 72 156 48 197 192 10 73 161 103 121 150 138 19 31 85 57 93 125 194 174 54 9 33 103 11 94 91 37 67 179 121 105 100 104 120 82 162 160 57 169 5 147 185 63 126 35 133 31 111 118 76 108 154 43 
21 152 171 55 133 106 36 29 16 78 191 4 153 191 46 142 87 103 88 159 55 89 197 199 108 35 137 63 142 159 89 53 40 84 57 167 121 19 75 48 49 102 115 93 95 36 23 103 159 122 5 102 6 87 119 137 122 126 63 139 133 79 55 198 31 45 158 2 132 145 103 137 119 55 158 
84 46 35 74 148 30 200 101 134 1 63 76 155 46 50 73 118 173 9 87 157 135 196 178 135 166 77 181 57 23 63 112 107 131 138 136 134 41 125 92 86 82 12 144 191 78 113 80 75 173 84 186 47 94 79 48 127 88 167 46 37 122 83 29 18 15 15 87 104 193 95 187 84 84 29 
6 122 149 22 34 160 12 73 49 85 199 48 144 102 19 139 102 16 167 85 27 10 15 8 171 100 64 4 8 162 134 54 127 123 92 119 94 196 105 2 178 48 130 195 126 71 176 24 38 96 108 152 164 6 71 149 90 45 169 132 139 194 54 98 39 172 76 192 128 46 111 117 1 123 79 
94 66 161 151 141 33 14 94 138 180 5 78 137 4 6 85 176 42 189 74 185 100 138 17 24 145 136 72 105 150 65 3 118 138 196 66 198 117 148 29 110 151 110 28 1 98 103 61 139 183 112 187 131 44 191 176 194 68 128 189 93 178 55 187 31 92 87 143 66 38 152 14 180 118 107 
163 110 73 21 29 26 97 77 164 173 127 127 38 158 120 183 135 163 106 34 127 45 102 160 3 133 8 47 188 117 168 197 54 6 150 149 117 28 151 24 122 108 38 72 24 115 118 175 99 110 25 137 31 13 77 51 51 188 41 84 175 19 171 168 40 191 99 99 199 92 137 139 33 58 38 
125 59 194 30 130 44 45 43 73 161 35 56 139 83 91 167 186 179 17 116 199 179 174 169 197 196 157 8 73 107 56 35 172 73 97 153 193 118 99 160 85 70 72 18 151 6 182 17 137 48 96 38 78 188 32 47 16 169 190 121 20 71 115 46 94 130 149 57 84 16 28 116 138 71 85 
