75 2
0
2
1 206 66 338
2 355 16 483
3 389 149 389
4 440 101 1046
5 882 145 882
6 1364 52 1676
7 1490 160 1170
8 1836 101 2240
9 2142 98 2926
10 2193 139 3027
11 2197 25 2397
12 2761 134 2761
13 2791 131 2791
14 2793 68 2793
15 2937 32 3129
16 3013 125 3263
17 3147 164 4131
18 3216 76 3064
19 3286 1 3286
20 3561 119 4275
21 3609 94 3609
22 3802 152 3802
23 3850 132 3586
24 3877 146 3877
25 3878 58 4110
26 4190 189 3812
27 4200 27 4254
28 4770 121 5012
29 4785 93 4971
30 5409 107 6051
31 5960 9 6032
32 6041 143 6041
33 6167 196 5775
34 6184 82 6676
35 6480 8 6528
36 6733 67 6599
37 6946 49 7338
38 7003 181 7365
39 7162 153 7468
40 7170 163 7822
41 7276 91 7458
42 7425 148 7425
43 7460 62 7584
44 7525 136 7797
45 7617 177 7263
46 7653 175 9053
47 7698 119 8174
48 7795 63 7795
49 8001 143 8859
50 8245 193 8631
51 8897 192 9281
52 8923 129 9439
53 8944 150 10144
54 9107 9 9089
55 9335 107 9549
56 9442 45 9352
57 9636 150 10236
58 9672 171 9330
59 9716 18 9860
60 10072 49 9974
61 10091 5 10091
62 10196 180 10196
63 10753 163 12057
64 10758 67 10892
65 10766 190 10386
66 11163 96 11355
67 11578 199 11976
68 11796 44 11796
69 12025 165 12355
70 12238 84 12238
71 12451 110 12671
72 12475 22 12607
73 12969 125 13719
74 13059 174 13059
75 13112 158 14060
85 20 14 144 187 146 119 42 73 108 136 59 126 36 30 121 186 136 82 30 170 33 86 150 91 161 74 187 98 97 77 56 188 67 48 182 99 161 100 44 122 64 21 40 192 149 103 157 155 46 170 171 125 175 158 161 113 18 72 40 5 92 114 49 31 156 11 165 92 31 128 3 194 154 111 
21 80 161 170 55 49 107 126 39 123 99 95 168 51 46 93 3 181 135 185 3 61 15 192 81 183 14 173 74 106 145 7 60 178 48 174 170 94 180 193 133 113 33 36 175 195 122 31 115 172 62 195 188 28 67 138 74 149 34 14 142 164 95 78 179 75 8 178 123 117 3 7 173 157 24 
195 83 110 38 79 90 62 119 36 95 71 151 29 159 83 187 46 106 23 32 46 183 33 147 32 68 121 82 45 60 104 132 38 154 154 24 44 156 200 44 12 43 118 151 145 170 47 101 175 68 3 121 140 51 118 55 190 114 20 98 14 13 184 29 101 6 160 147 147 139 49 200 2 40 32 
152 52 77 12 177 145 175 133 183 63 86 78 40 81 118 133 76 158 123 110 70 114 29 153 185 175 22 107 127 34 157 50 57 91 41 102 137 27 180 30 164 135 99 92 14 189 101 193 23 15 159 77 15 12 140 71 69 31 93 153 84 154 72 106 80 78 134 35 33 21 33 84 166 49 192 
21 68 194 126 38 192 130 10 25 75 54 161 39 160 120 178 124 27 21 77 132 172 51 192 124 106 14 72 184 125 101 170 8 36 122 36 104 20 105 79 4 187 155 125 127 101 85 98 178 180 5 161 155 30 166 169 155 159 184 177 79 15 7 197 166 86 181 68 31 20 194 149 148 145 12 
164 179 29 46 73 166 75 3 182 61 189 105 74 84 87 83 63 156 106 96 5 40 133 154 29 180 156 26 45 5 62 120 176 97 77 49 116 154 154 110 22 146 9 121 88 173 18 53 124 181 135 25 78 198 58 178 49 198 95 87 83 123 1 99 60 155 189 148 105 87 101 122 64 123 42 
78 36 153 158 166 67 15 113 126 37 6 31 137 197 76 192 9 114 2 48 10 7 131 71 25 58 110 143 2 193 61 78 109 47 12 3 114 20 136 121 41 70 154 164 38 7 62 188 11 128 105 115 91 28 57 100 34 82 41 32 22 165 135 18 116 44 60 28 55 46 110 74 134 58 92 
172 160 41 106 134 19 160 148 9 151 81 135 121 123 28 122 86 129 23 7 199 97 141 133 180 176 13 173 145 122 76 41 164 186 4 163 53 126 181 101 22 143 68 133 70 176 174 116 155 36 167 56 174 194 28 115 175 63 170 163 35 174 77 134 12 113 28 82 46 90 183 80 53 73 116 
103 12 60 188 189 32 1 40 162 90 178 78 54 122 128 160 59 126 106 21 103 28 58 119 124 176 196 196 151 199 200 196 86 154 191 62 11 49 165 23 111 130 77 54 176 148 120 13 134 172 78 34 77 14 29 113 105 182 49 10 167 157 85 4 118 105 79 4 92 163 61 55 81 183 102 
95 136 186 29 45 52 104 107 52 66 12 3 14 195 3 137 133 148 169 178 167 171 160 146 78 93 114 117 37 65 119 10 120 139 147 59 5 126 108 89 199 17 38 80 3 132 190 6 129 171 182 96 52 68 132 49 9 198 29 110 8 83 161 110 8 144 82 12 105 45 186 1 57 73 134 
190 113 101 160 63 59 88 11 76 198 30 113 190 84 31 52 142 102 120 126 94 6 4 85 122 132 191 23 169 56 131 153 9 194 40 150 120 161 190 82 26 11 149 101 156 143 177 57 171 135 195 152 141 94 187 79 10 80 111 94 81 130 112 152 102 10 11 184 91 184 2 100 138 2 165 
122 96 15 170 40 116 185 30 108 51 36 57 160 117 142 84 38 26 43 59 65 186 159 193 185 79 86 96 164 43 129 67 73 87 149 137 191 120 63 129 177 122 41 35 31 12 186 3 101 70 54 86 191 93 123 41 76 30 128 109 124 17 145 145 189 44 55 169 119 52 129 121 44 124 83 
123 150 170 30 128 84 147 189 155 194 190 1 157 104 162 41 66 185 44 69 66 197 128 119 99 105 74 161 149 97 76 12 77 108 2 80 139 141 111 85 106 31 162 77 180 131 186 126 17 8 11 182 107 56 88 105 83 182 175 152 167 68 63 99 183 63 176 180 50 163 47 5 137 96 193 
131 159 140 88 131 112 136 5 81 150 83 11 190 12 164 153 94 109 143 38 49 123 66 18 12 154 167 156 119 197 23 144 85 81 81 11 73 198 176 19 1 200 154 105 110 182 190 103 143 75 157 154 191 45 183 28 175 200 184 170 98 76 93 69 101 169 120 148 108 88 108 22 150 129 150 
188 187 15 6 138 69 87 7 182 1 97 90 80 54 31 106 2 161 186 68 53 135 134 99 174 3 4 56 168 121 196 146 122 163 171 126 75 52 172 86 9 35 146 101 124 122 34 107 29 166 56 41 159 5 24 38 67 55 68 123 88 133 5 76 164 80 57 84 147 129 152 49 1 52 194 
77 72 34 74 110 87 136 145 156 199 33 63 86 123 166 185 134 67 183 123 46 19 131 163 50 199 179 73 188 183 73 106 185 51 149 188 151 59 149 198 135 66 19 48 6 38 126 188 129 10 117 195 135 123 69 100 67 170 178 141 198 110 47 36 108 82 153 135 148 124 107 20 172 46 112 
141 18 45 31 53 57 134 181 24 34 163 197 172 83 85 142 156 31 68 149 175 60 2 151 17 8 152 28 191 83 20 88 161 89 96 117 76 152 11 161 200 146 150 120 23 127 13 98 117 62 87 58 142 187 100 95 145 184 69 120 175 3 102 66 98 11 13 19 58 113 139 183 40 150 168 
99 132 108 109 36 159 183 154 120 101 103 92 187 146 141 168 181 10 5 127 25 30 191 80 143 18 81 26 195 111 187 127 91 107 18 160 37 154 43 177 135 115 74 40 103 44 111 33 129 176 20 9 59 89 69 122 81 194 41 146 53 162 129 158 52 116 109 111 43 37 154 62 38 135 27 
19 3 178 73 50 39 42 9 180 50 4 102 122 165 118 81 181 101 140 104 1 162 133 92 104 183 192 131 138 197 13 158 165 148 189 113 136 105 56 121 145 78 149 94 132 39 126 42 198 127 135 130 83 67 74 13 56 53 21 33 10 147 166 151 7 151 170 74 84 19 89 188 126 101 186 
103 193 146 191 136 22 130 89 178 193 189 181 113 4 13 104 28 96 74 63 38 71 70 99 197 25 54 118 111 27 136 137 181 184 123 76 21 86 40 45 144 124 104 193 117 15 50 111 32 50 196 175 34 52 18 149 37 190 79 102 162 101 181 55 98 58 163 7 85 173 164 132 145 176 57 
200 154 134 106 115 193 168 160 129 19 71 58 14 183 105 185 197 190 59 135 39 158 27 98 47 66 186 80 162 15 22 191 150 199 90 136 77 127 55 26 36 151 134 87 35 156 181 118 129 53 113 54 155 100 14 200 131 198 74 67 57 181 79 10 142 68 123 10 103 130 170 102 38 95 4 
14 81 175 3 143 75 140 110 71 72 142 85 78 95 171 77 28 161 163 63 10 156 16 137 136 86 140 109 155 172 176 197 94 104 98 96 85 186 109 157 169 192 102 39 190 151 140 45 169 79 199 192 176 141 65 146 40 197 178 105 180 97 55 52 77 139 32 86 153 145 66 111 170 77 33 
131 77 63 46 187 69 116 19 7 104 190 120 111 76 120 134 91 81 41 114 94 97 49 169 162 10 58 131 162 123 143 178 179 102 69 149 129 25 54 175 171 135 118 104 186 135 129 28 108 137 39 79 87 105 147 103 195 86 90 45 67 63 63 187 60 7 54 72 20 80 189 171 27 157 190 
86 59 194 110 146 156 45 29 36 52 149 20 175 200 76 138 113 103 172 49 139 36 146 92 74 126 118 59 40 188 127 127 83 186 188 50 12 195 128 12 58 4 142 174 49 86 57 9 133 116 28 74 37 116 61 83 32 107 97 4 47 198 37 13 122 27 184 174 169 158 165 120 183 29 157 
182 28 157 13 198 105 169 200 53 42 79 84 145 97 70 160 149 33 120 110 62 197 120 132 31 138 161 33 75 83 166 34 197 90 144 49 103 155 147 111 121 115 4 145 38 173 54 13 21 97 174 6 102 10 57 146 66 107 150 18 30 72 121 177 180 135 40 35 48 187 118 149 187 9 24 
149 89 39 137 131 135 77 149 122 140 93 24 128 80 71 173 182 82 45 200 153 100 181 39 9 172 42 132 172 142 108 163 84 104 50 16 71 158 104 63 179 193 139 58 11 183 5 188 199 147 35 33 108 24 89 42 190 12 190 87 107 82 11 19 196 147 83 91 69 196 90 60 109 129 172 
15 146 41 21 112 181 73 30 83 3 167 107 117 16 44 157 74 149 104 14 43 24 195 77 138 113 120 148 77 171 139 191 187 42 155 123 112 110 69 195 59 123 39 159 106 109 96 165 186 160 99 2 68 124 85 110 99 74 25 148 2 103 76 157 180 13 190 30 43 56 78 139 47 198 7 
53 25 126 180 91 170 7 93 64 130 51 65 3 191 12 199 187 200 24 155 161 10 199 84 68 114 100 101 61 185 182 8 163 183 124 195 60 72 120 195 47 189 98 119 98 16 91 91 143 32 169 89 105 166 23 176 125 115 48 139 33 83 38 41 118 186 146 1 151 63 178 46 58 136 152 
136 65 190 4 88 24 122 178 196 5 155 110 170 9 184 130 128 150 38 167 29 108 175 63 80 10 123 7 140 27 100 105 149 66 161 19 195 184 90 75 169 64 200 180 18 193 40 8 34 133 13 114 162 28 100 189 178 184 156 140 101 51 145 107 13 139 130 92 166 50 12 121 140 53 18 
13 106 196 113 174 140 124 34 33 48 70 18 59 48 187 41 186 6 45 181 159 154 75 131 18 22 77 94 49 14 140 60 145 8 81 183 155 83 101 165 65 128 5 105 26 98 11 174 161 88 127 1 38 181 138 136 154 1 108 185 195 95 119 173 163 128 170 173 175 14 182 142 132 193 127 
149 103 161 41 72 5 17 154 101 160 194 41 138 56 16 7 69 58 125 168 134 169 122 170 194 155 72 91 109 196 27 100 108 106 195 185 29 105 26 199 163 73 53 66 165 192 21 26 157 154 36 156 75 177 125 117 48 47 156 180 175 99 5 54 132 126 120 21 49 106 90 111 108 156 123 
15 82 83 53 45 38 63 104 26 150 109 37 171 124 91 41 38 88 3 186 104 172 50 114 121 190 70 176 192 114 31 38 80 181 166 150 3 130 158 58 118 99 32 10 158 170 11 74 169 79 5 151 164 75 45 11 65 42 175 42 67 53 149 151 7 145 46 130 181 50 138 105 96 145 129 
55 184 7 92 21 53 125 98 139 40 18 186 174 196 119 121 24 128 83 20 113 89 79 196 55 128 9 66 91 7 30 49 193 156 13 143 111 53 115 131 9 27 48 149 76 36 2 112 85 144 59 120 80 130 32 47 101 44 168 194 87 13 182 153 83 156 191 170 188 170 116 89 174 198 50 
16 1 28 63 193 135 123 157 89 168 123 103 177 103 147 188 78 28 178 1 34 196 4 96 74 180 186 32 38 41 121 105 90 155 138 85 105 145 98 19 3 85 109 149 85 153 117 149 121 14 166 148 122 33 173 118 28 73 194 33 173 80 69 156 64 171 122 59 106 22 76 54 133 55 102 
156 71 130 167 66 180 89 76 43 29 60 174 57 110 99 117 194 144 2 92 184 102 2 119 81 193 63 134 87 88 3 6 160 111 168 142 66 143 143 80 6 74 101 18 123 64 19 12 104 199 144 130 73 185 16 188 142 43 30 185 8 196 8 190 52 80 145 70 53 73 195 90 79 5 42 
127 68 117 38 89 152 72 75 71 26 19 130 192 32 181 31 27 45 12 182 133 99 57 123 29 103 155 97 97 175 138 74 169 42 145 128 18 110 183 55 24 74 13 12 187 5 13 105 19 110 59 95 173 11 39 85 7 109 187 196 195 3 87 40 177 108 183 92 5 61 104 129 70 101 157 
178 164 183 65 52 154 11 151 162 178 55 102 98 60 132 49 121 13 136 105 64 136 43 140 171 161 193 151 12 131 89 37 109 81 56 103 178 154 28 28 73 18 109 188 131 18 6 115 105 83 55 80 26 9 53 82 116 16 182 173 114 138 159 59 187 117 156 185 68 142 185 129 4 93 178 
115 134 119 100 26 125 72 100 44 178 155 110 57 53 132 96 141 3 138 189 170 53 62 55 132 131 184 153 123 18 47 168 132 65 43 122 37 21 199 74 52 174 38 5 180 94 27 66 58 192 77 194 57 82 149 143 101 97 156 56 129 155 183 102 183 44 123 59 69 109 46 101 142 174 2 
103 35 162 178 175 196 46 149 198 106 130 175 42 171 200 181 157 9 25 37 181 106 96 190 59 123 173 105 40 34 176 133 189 198 155 177 74 191 19 42 133 174 12 49 66 130 114 82 35 131 173 155 71 12 91 5 100 65 140 152 196 112 94 46 21 95 123 68 154 86 105 167 8 131 166 
80 169 69 71 1 194 179 154 104 199 56 49 18 195 195 134 35 180 175 38 199 21 150 100 29 145 184 36 177 56 82 104 131 42 197 18 121 81 120 139 72 89 20 14 165 164 182 185 34 135 7 114 96 40 126 24 41 125 7 141 79 196 128 53 4 67 170 92 77 47 58 9 158 152 22 
117 143 130 115 183 166 49 170 154 35 125 29 151 111 173 198 32 120 165 31 152 142 45 120 111 84 55 130 101 67 25 120 111 115 38 189 195 124 106 93 4 14 9 175 135 136 75 172 3 102 87 62 46 60 52 112 23 39 39 86 125 7 87 75 46 140 185 35 185 182 128 49 83 59 18 
25 30 121 101 59 170 154 91 195 13 41 166 65 196 195 18 196 99 103 13 8 65 196 18 37 42 108 128 44 76 11 98 66 71 10 40 76 29 50 76 61 185 94 57 83 49 155 145 146 70 144 91 185 90 16 147 26 129 138 86 132 164 165 110 23 69 60 62 194 46 75 170 20 48 27 
117 6 160 113 130 13 39 144 39 114 183 4 135 74 103 178 125 79 185 129 58 182 8 140 92 32 46 199 20 178 86 121 189 94 63 60 186 170 146 2 148 13 76 165 160 163 65 72 169 123 37 34 137 90 141 163 159 165 193 130 52 140 60 92 159 168 148 97 39 12 129 111 160 59 14 
193 67 193 186 85 163 83 104 48 139 26 144 17 155 10 58 120 42 54 199 115 186 110 64 24 42 174 111 145 42 135 139 50 55 77 126 45 132 160 5 197 17 122 141 156 89 166 21 16 74 121 31 41 61 165 79 74 81 159 137 68 86 127 182 96 181 10 96 183 144 53 15 64 128 86 
125 107 155 34 33 120 187 163 129 5 22 187 70 169 57 172 44 66 105 151 149 119 120 8 105 192 7 108 53 94 87 42 150 131 21 200 7 107 17 143 108 56 97 35 134 160 134 32 28 101 66 78 11 119 13 73 91 54 191 170 9 153 175 29 96 189 39 32 168 69 102 146 106 121 184 
186 79 33 193 72 200 6 199 199 70 68 6 152 92 156 43 3 120 173 105 111 94 137 32 82 160 86 200 4 42 60 99 164 115 51 133 105 183 33 27 123 30 20 181 50 3 41 79 178 24 70 17 48 112 166 68 170 151 2 80 159 41 5 182 186 65 159 75 155 98 154 32 69 66 192 
122 90 174 41 139 108 38 85 200 92 188 89 79 9 123 162 63 197 91 177 179 168 177 112 85 80 151 129 41 169 160 16 144 152 35 101 135 197 148 186 36 17 187 103 8 192 3 80 39 128 129 175 67 165 178 99 16 176 191 130 154 60 106 58 193 101 4 10 151 198 110 88 140 113 166 
98 68 187 85 47 1 47 191 199 33 121 132 116 133 46 145 47 118 44 129 21 160 54 161 176 100 83 192 64 132 130 17 104 55 152 172 163 7 96 74 59 149 20 159 131 24 80 110 7 108 65 125 127 156 40 104 150 27 29 35 28 128 95 46 30 117 101 39 145 194 178 25 168 10 108 
90 21 184 61 57 106 65 162 176 63 149 161 29 109 39 190 29 145 184 112 54 31 197 44 166 196 186 43 149 131 146 18 117 8 183 32 59 136 141 25 45 71 1 44 49 3 31 3 83 164 78 131 196 137 30 38 8 106 56 104 192 25 130 55 88 103 97 10 74 24 134 4 55 148 135 
16 80 124 111 5 183 8 154 188 196 80 154 36 185 72 27 1 52 106 74 144 60 97 92 93 27 50 196 147 41 23 137 101 4 28 116 126 34 24 57 166 179 75 155 72 60 44 93 41 194 169 105 12 11 17 140 15 102 200 134 23 137 51 98 196 197 141 22 18 131 166 30 190 1 188 
31 94 44 87 125 13 162 148 23 137 118 4 192 111 115 89 75 37 108 120 138 35 129 49 38 168 67 48 52 60 131 59 15 175 198 76 160 84 138 148 53 147 130 192 73 146 15 104 77 96 153 26 12 150 13 24 69 30 156 40 4 135 125 67 39 123 19 144 168 121 19 37 111 67 57 
177 188 86 45 12 174 69 99 111 91 127 191 173 3 136 63 27 196 150 54 74 42 4 63 125 155 142 143 188 52 148 9 131 176 49 109 150 81 172 166 47 191 69 132 148 137 141 151 138 125 95 124 156 158 49 91 177 162 97 104 169 175 169 41 193 157 54 12 120 194 16 49 110 199 120 
71 124 92 142 77 9 55 198 176 64 86 142 111 73 56 184 83 39 125 157 187 9 168 121 120 39 112 43 44 170 191 58 195 110 17 78 22 45 54 17 76 169 136 76 83 105 47 170 93 187 76 10 32 27 27 73 124 175 61 47 32 28 165 101 93 116 148 10 8 76 123 159 200 124 182 
16 161 60 150 18 95 113 129 76 144 148 151 87 9 92 176 5 79 148 108 39 63 139 144 47 148 4 9 23 30 78 185 196 90 54 137 63 52 108 21 183 140 141 75 170 126 166 29 20 16 33 151 15 121 117 73 129 186 193 184 79 73 78 16 143 66 47 121 133 66 10 45 58 151 118 
105 192 89 141 51 104 116 127 161 174 142 22 49 48 97 144 158 96 103 144 59 97 156 42 51 134 17 151 39 15 12 151 75 85 189 20 188 196 146 13 174 1 169 36 50 107 28 81 63 66 160 147 55 190 51 107 54 21 128 71 194 72 30 30 136 49 86 190 53 172 180 170 151 151 88 
10 102 31 36 193 199 134 169 3 163 171 71 14 148 68 43 61 73 72 61 156 161 107 9 37 46 30 2 14 134 12 53 1 188 143 200 153 26 172 33 77 74 130 124 104 173 25 110 69 44 158 39 132 180 86 21 180 23 145 176 90 40 190 99 121 83 12 80 117 6 72 102 100 166 167 
16 65 191 40 88 182 160 12 110 27 88 141 64 178 5 94 93 37 95 103 11 180 155 5 48 157 54 93 35 2 81 166 181 109 73 65 54 36 51 72 179 49 185 86 2 63 52 108 89 92 11 19 28 5 137 123 131 49 53 160 126 191 53 176 108 195 92 150 56 132 149 193 30 66 47 
48 100 83 199 134 158 31 12 52 10 20 128 72 19 15 152 74 121 149 146 191 188 198 125 32 46 153 197 178 83 99 78 134 45 195 91 164 132 16 32 99 159 136 39 74 168 83 151 13 148 15 7 133 127 33 170 22 128 161 95 195 119 83 80 49 200 93 72 156 164 144 126 101 13 187 
166 108 4 107 73 11 8 11 189 81 89 46 187 108 11 102 109 110 158 86 58 196 16 169 117 159 108 75 44 79 151 64 84 186 21 167 118 107 25 51 48 38 89 118 1 112 97 108 21 123 128 166 64 110 146 73 152 125 101 53 31 68 27 108 157 194 194 96 150 64 175 78 1 128 173 
126 57 194 59 200 199 165 62 79 191 103 122 199 71 111 46 147 36 133 152 196 94 178 104 107 98 199 93 83 143 64 113 52 161 131 34 147 199 44 68 174 95 63 193 146 48 64 36 101 99 18 25 90 116 23 157 186 116 122 174 193 68 43 31 108 130 134 178 17 191 91 76 62 172 200 
11 71 139 192 88 65 147 34 69 149 87 58 73 101 131 66 76 184 62 51 109 117 126 115 43 9 173 28 37 98 2 74 170 64 44 77 157 13 1 2 9 27 34 174 12 161 36 118 170 39 86 25 29 131 65 77 133 111 198 88 93 150 7 106 40 12 189 152 142 198 60 177 180 22 120 
161 181 192 18 32 3 56 37 100 83 76 83 16 125 140 196 94 124 61 180 200 67 11 29 194 138 63 166 158 35 21 15 170 137 28 195 133 158 79 184 114 79 137 166 143 27 116 75 151 166 21 54 183 37 110 42 54 56 150 155 47 111 100 82 52 175 17 157 61 49 48 96 30 99 133 
86 72 142 142 118 153 180 42 137 86 8 79 78 7 7 122 158 140 114 78 50 161 59 87 2 160 59 185 25 185 42 153 106 88 197 171 83 8 91 179 76 123 73 8 93 26 141 106 20 103 180 197 141 14 200 34 28 156 35 45 105 60 75 63 143 129 90 5 167 140 14 68 105 129 161 
126 30 113 196 102 140 143 180 176 121 21 59 36 52 93 200 92 194 30 80 167 9 81 91 93 86 180 197 144 76 167 151 3 63 113 4 158 71 200 195 128 99 7 3 152 6 156 102 158 138 99 73 98 36 170 126 42 80 93 126 3 146 114 134 137 14 5 78 21 111 75 1 181 81 73 
130 26 30 79 172 8 120 2 65 154 133 126 87 154 114 87 16 114 110 167 47 70 46 138 128 107 118 165 183 164 137 188 42 105 60 115 15 31 112 172 79 171 26 77 40 40 128 114 70 189 6 104 144 43 51 109 156 148 55 50 153 2 188 175 150 14 174 4 57 149 100 151 23 5 59 
71 51 145 83 94 52 105 64 89 6 171 111 9 105 70 136 56 136 188 6 48 144 150 180 34 65 177 172 120 82 8 62 119 96 44 46 173 104 191 12 12 83 11 47 34 169 189 176 168 77 134 200 126 84 107 177 78 48 28 125 164 165 58 37 97 175 158 170 69 142 97 131 110 69 75 
144 164 79 45 113 19 10 170 95 176 53 64 45 185 187 4 55 39 101 107 72 51 195 156 153 27 135 74 117 35 178 200 64 135 87 5 16 61 92 192 181 126 197 145 14 119 42 169 34 137 145 53 40 33 74 86 107 114 36 121 73 108 69 125 93 114 77 118 69 53 197 183 12 186 118 
126 50 183 60 182 159 44 93 113 60 1 43 135 29 198 185 98 154 118 181 72 63 164 126 88 25 171 116 13 40 69 19 170 29 55 165 107 167 164 56 41 44 140 168 75 136 159 128 86 25 188 95 152 134 136 48 127 159 119 161 173 111 63 162 66 59 170 18 41 35 26 2 24 96 63 
119 129 93 14 160 131 36 111 56 47 6 37 75 26 109 117 76 95 186 163 46 180 162 105 31 79 137 39 183 18 165 103 160 169 184 93 152 185 188 144 114 30 73 6 61 139 50 189 136 11 133 176 198 123 51 83 5 6 200 166 171 109 42 93 43 97 200 28 75 81 129 154 22 40 176 
7 29 82 2 112 150 100 196 172 151 85 106 135 197 115 113 79 124 184 178 119 33 40 90 78 2 76 118 134 23 119 124 101 95 149 67 170 44 151 112 88 149 97 13 35 1 88 61 85 49 97 121 63 12 169 182 80 195 185 34 123 11 58 173 131 138 186 80 168 28 12 53 32 25 69 
107 95 190 16 191 195 133 191 184 49 156 40 176 166 172 111 45 172 163 43 128 197 4 137 58 190 167 178 163 36 36 86 136 111 153 191 116 36 173 158 121 192 154 1 5 76 154 150 36 63 24 65 29 63 178 75 168 15 37 71 128 84 195 70 77 152 160 60 129 189 133 67 196 61 2 
177 73 181 171 193 29 24 105 8 125 169 147 195 131 138 24 198 19 54 132 62 22 3 74 58 26 59 154 54 64 83 138 118 197 191 127 86 182 176 121 53 57 1 88 126 74 145 63 50 59 158 181 64 24 180 3 63 157 188 44 83 24 40 121 22 61 88 109 65 126 38 97 53 94 114 
117 159 17 139 68 12 25 165 189 200 44 162 41 50 162 146 186 123 175 180 87 165 139 23 61 69 83 18 48 36 187 152 3 148 83 64 112 88 82 126 14 52 8 155 87 10 74 116 92 49 98 147 27 103 22 189 148 97 159 157 144 44 84 64 19 53 172 80 74 116 178 18 165 60 1 
27 12 93 63 176 176 116 173 190 74 51 140 69 69 174 72 140 156 131 36 107 102 26 186 78 67 29 15 143 192 123 60 115 187 46 30 76 31 187 95 3 186 105 122 135 178 94 157 176 164 122 145 88 117 34 24 195 174 85 195 134 3 131 174 115 146 17 40 161 64 23 134 184 115 108 
136 128 48 102 156 125 199 134 186 198 45 54 99 12 58 130 120 3 16 23 128 94 83 34 76 124 185 111 96 145 12 161 158 38 86 123 7 149 194 111 187 190 101 136 194 2 98 172 163 66 32 31 133 125 189 68 3 107 101 8 62 169 159 57 70 151 42 110 131 53 31 51 108 168 43 
188 128 187 186 118 39 198 26 19 4 12 85 142 23 115 186 135 102 30 24 22 32 87 168 154 112 99 73 153 15 78 25 15 41 197 31 122 90 108 164 181 77 175 196 64 124 109 65 163 178 163 13 65 131 185 191 10 198 41 126 18 24 47 74 140 20 132 79 69 176 21 144 167 143 136 
